0.0 17.60402265625
1.0 13.6893552734375
2.0 13.08446650390625
3.0 12.247576953125
4.0 13.981473828125
5.0 14.155428125
6.0 12.98946103515625
7.0 14.044437890625
8.0 13.0053017578125
9.0 14.62444638671875
10.0 13.59678203125
11.0 9.2543783203125
12.0 16.5192646484375
13.0 13.1417681640625
14.0 12.9550544921875
15.0 9.9939064453125
16.0 12.673299609375
17.0 15.9477556640625
18.0 18.02911806640625
19.0 13.99107529296875
20.0 14.1210419921875
21.0 14.14940546875
22.0 11.20881845703125
23.0 18.4210068359375
24.0 17.2504845703125
25.0 16.93120673828125
26.0 15.01246650390625
27.0 16.74428369140625
28.0 15.86877041015625
29.0 14.43438369140625
30.0 14.30561044921875
31.0 13.5927587890625
32.0 14.04169619140625
33.0 17.5730791015625
34.0 16.222744140625
35.0 15.2214048828125
36.0 18.89877216796875
37.0 18.69691650390625
38.0 17.9825921875
39.0 11.6971208984375
40.0 21.95627109375
41.0 18.50991376953125
42.0 20.64405634765625
43.0 19.7570638671875
44.0 18.9664453125
45.0 22.90895068359375
46.0 19.011948828125
47.0 15.49965927734375
48.0 13.47799169921875
49.0 16.0894265625
50.0 21.48443623046875
51.0 16.85870029296875
52.0 19.7904150390625
53.0 18.159078125
54.0 17.09551494140625
55.0 20.64189560546875
56.0 18.34053759765625
57.0 19.91603359375
58.0 19.4907560546875
59.0 18.53713330078125
60.0 20.52081474609375
61.0 19.53470947265625
62.0 21.626971875
63.0 18.9598203125
64.0 18.36728759765625
65.0 21.07524423828125
66.0 15.25777158203125
67.0 14.1112859375
68.0 20.24705107421875
69.0 18.71737451171875
70.0 15.04466640625
71.0 15.5494765625
72.0 20.105501953125
73.0 18.6922248046875
74.0 23.1659033203125
75.0 16.7101181640625
76.0 13.394828125
77.0 17.970232421875
78.0 19.15114775390625
79.0 11.4944203125
80.0 31.37562275390625
81.0 20.978930859375
82.0 12.41405888671875
83.0 23.74061552734375
84.0 17.19043671875
85.0 15.62169384765625
86.0 16.64881611328125
87.0 14.202217578125
88.0 17.82029453125
89.0 16.96952666015625
90.0 19.53879501953125
91.0 22.155351953125
92.0 11.6901779296875
93.0 29.93170263671875
94.0 20.19024921875
95.0 20.27066015625
96.0 18.69778740234375
97.0 21.61819111328125
98.0 19.66182763671875
99.0 16.82283076171875
100.0 22.3348009765625
101.0 19.86538935546875
102.0 22.18755419921875
103.0 20.083493359375
104.0 14.97660126953125
105.0 14.11121162109375
106.0 17.83668857421875
107.0 18.3827796875
108.0 22.30476015625
109.0 18.35548310546875
110.0 15.89882861328125
111.0 11.041975390625
112.0 25.96884970703125
113.0 22.25072001953125
114.0 18.42094658203125
115.0 20.1508970703125
116.0 19.45438984375
117.0 18.7952361328125
118.0 20.93677421875
119.0 18.13514111328125
120.0 15.78403408203125
121.0 17.17064794921875
122.0 17.17746201171875
123.0 17.80246826171875
124.0 19.9186466796875
125.0 17.25780888671875
126.0 20.72774453125
127.0 16.2829880859375
128.0 20.30386025390625
129.0 18.10359423828125
130.0 17.926190234375
131.0 18.1680181640625
132.0 18.13510517578125
133.0 15.206425390625
134.0 19.80162880859375
135.0 20.778032421875
136.0 18.1060408203125
137.0 20.0613013671875
138.0 20.205480859375
139.0 18.0485703125
140.0 18.96181953125
141.0 18.29314345703125
142.0 21.082721484375
143.0 21.39750869140625
144.0 16.8577125
145.0 16.9306421875
146.0 19.7847630859375
147.0 18.872036328125
148.0 21.55992646484375
149.0 20.85996416015625
150.0 18.55973466796875
151.0 17.2687748046875
152.0 16.6440888671875
153.0 15.45592607421875
154.0 17.31389716796875
155.0 17.0046310546875
156.0 18.657848046875
157.0 17.27916298828125
158.0 15.29480263671875
159.0 17.8642408203125
160.0 16.91364013671875
161.0 15.74264306640625
162.0 14.1302873046875
163.0 18.8769205078125
164.0 16.48867158203125
165.0 18.85436279296875
166.0 19.72416474609375
167.0 17.1720453125
168.0 21.4191376953125
169.0 18.426321484375
170.0 15.22901044921875
171.0 19.73308955078125
172.0 16.6509404296875
173.0 19.19554462890625
174.0 18.978589453125
175.0 13.3304431640625
176.0 15.40814287109375
177.0 13.56105625
178.0 16.30946171875
179.0 17.1209591796875
180.0 21.01226748046875
181.0 19.987451953125
182.0 18.3539728515625
183.0 20.26116298828125
184.0 17.1829787109375
185.0 17.4804505859375
186.0 21.234408203125
187.0 19.4863798828125
188.0 20.3864974609375
189.0 19.04455283203125
190.0 23.625550390625
191.0 21.34355029296875
192.0 18.51059970703125
193.0 21.973146484375
194.0 18.32590849609375
195.0 20.0470443359375
196.0 20.7339853515625
197.0 19.2724837890625
198.0 20.7586923828125
199.0 21.47403193359375
200.0 18.48216279296875
201.0 23.195521875
202.0 19.963980078125
203.0 23.4315193359375
204.0 23.0204708984375
205.0 20.73667216796875
206.0 22.986606640625
207.0 19.971658203125
208.0 22.8852083984375
209.0 20.27273505859375
210.0 20.41037265625
211.0 18.01652490234375
212.0 22.6729296875
213.0 20.3074640625
214.0 22.21855400390625
215.0 21.29230654296875
216.0 20.25645087890625
217.0 21.5113732421875
218.0 20.9365658203125
219.0 21.72915771484375
220.0 22.98659560546875
221.0 20.3655107421875
222.0 20.70698115234375
223.0 18.7615728515625
224.0 21.90863017578125
225.0 22.93093740234375
226.0 17.86621640625
227.0 19.15073515625
228.0 19.12956025390625
229.0 22.1983083984375
230.0 20.32176796875
231.0 13.28854580078125
232.0 18.85286728515625
233.0 19.68808759765625
234.0 20.13685791015625
235.0 17.47722412109375
236.0 19.52709228515625
237.0 19.04012001953125
238.0 22.38234765625
239.0 19.7087173828125
240.0 22.04430595703125
241.0 17.63861796875
242.0 16.86826142578125
243.0 19.04523125
244.0 20.97784853515625
245.0 18.970271484375
246.0 19.1213806640625
247.0 21.18114404296875
248.0 17.6359224609375
249.0 20.69458759765625
250.0 19.37158515625
251.0 20.577933984375
252.0 21.5048396484375
253.0 16.16035390625
254.0 20.14784658203125
255.0 22.04602421875
256.0 16.92657177734375
257.0 16.9679734375
258.0 19.87221494140625
259.0 22.75959736328125
260.0 22.88368154296875
261.0 18.46301611328125
262.0 18.17571552734375
263.0 12.2967921875
264.0 26.82946328125
265.0 22.5723890625
266.0 18.81725048828125
267.0 21.13472041015625
268.0 19.2185408203125
269.0 18.2362576171875
270.0 18.9454005859375
271.0 15.83340830078125
272.0 15.61374677734375
273.0 14.1600009765625
274.0 15.6392482421875
275.0 14.94130478515625
276.0 18.8533880859375
277.0 22.46461865234375
278.0 20.489102734375
279.0 21.641090234375
280.0 21.57886748046875
281.0 19.87434609375
282.0 21.33203505859375
283.0 22.84519560546875
284.0 19.46475830078125
285.0 18.51206806640625
286.0 22.93921376953125
287.0 22.67678935546875
288.0 19.269666796875
289.0 21.34783818359375
290.0 20.30208408203125
291.0 17.77915986328125
292.0 20.803525390625
293.0 20.8641423828125
294.0 18.85916318359375
295.0 17.4746046875
296.0 20.583114453125
297.0 18.060794140625
298.0 20.6327978515625
299.0 20.2377421875
300.0 19.23128359375
301.0 17.743955078125
302.0 16.800615234375
303.0 20.70012880859375
304.0 18.4598619140625
305.0 21.8877904296875
306.0 16.94561953125
307.0 16.29980654296875
308.0 18.73269150390625
309.0 17.67533203125
310.0 15.59986494140625
311.0 21.13365087890625
312.0 21.81667080078125
313.0 21.33000419921875
314.0 21.29675751953125
315.0 16.198126171875
316.0 19.37563466796875
317.0 21.10112490234375
318.0 21.9737830078125
319.0 19.13583095703125
320.0 21.23832001953125
321.0 15.4074537109375
322.0 24.32450107421875
323.0 20.5705419921875
324.0 16.3689380859375
325.0 1.43302587890625
326.0 33.26277412109375
327.0 18.4828072265625
328.0 13.39979921875
329.0 18.8298646484375
330.0 19.11603505859375
331.0 18.89422373046875
332.0 16.7530587890625
333.0 18.07504990234375
334.0 22.5537048828125
335.0 19.28979658203125
336.0 17.28811572265625
337.0 21.898776171875
338.0 15.68296650390625
339.0 14.8899630859375
340.0 22.71360068359375
341.0 20.5779474609375
342.0 21.33635126953125
343.0 22.67876533203125
344.0 16.8395849609375
345.0 18.14227119140625
346.0 18.5677896484375
347.0 17.46163671875
348.0 20.88385341796875
349.0 14.96175986328125
350.0 16.25304453125
351.0 16.98956123046875
352.0 23.075792578125
353.0 21.3225447265625
354.0 15.96176806640625
355.0 17.59363291015625
356.0 19.8884876953125
357.0 20.80758173828125
358.0 21.18928896484375
359.0 22.80988408203125
360.0 14.11691376953125
361.0 15.82757509765625
362.0 21.7453625
363.0 20.7782412109375
364.0 24.03526826171875
365.0 21.10419541015625
366.0 20.26336533203125
367.0 21.20262734375
368.0 24.7222169921875
369.0 18.07611455078125
370.0 20.1246197265625
371.0 17.16638740234375
372.0 19.4512763671875
373.0 21.55540458984375
374.0 17.8800439453125
375.0 22.07996484375
376.0 23.3211416015625
377.0 17.791753125
378.0 25.65213349609375
379.0 19.14512705078125
380.0 22.96082041015625
381.0 21.31064150390625
382.0 19.01252734375
383.0 20.5894322265625
384.0 20.75572998046875
385.0 19.98600234375
386.0 19.25275029296875
387.0 17.41598896484375
388.0 18.13677265625
389.0 15.40554306640625
390.0 16.22690947265625
391.0 17.0642169921875
392.0 14.97113427734375
393.0 19.212136328125
394.0 17.4815857421875
395.0 19.82101572265625
396.0 13.58564775390625
397.0 17.53233828125
398.0 13.68614091796875
399.0 15.50442373046875
400.0 19.8495587890625
401.0 19.9767916015625
402.0 15.83031552734375
403.0 28.9886306640625
404.0 20.993221875
405.0 22.676688671875
406.0 23.65827314453125
407.0 20.96810478515625
408.0 23.7147880859375
409.0 19.5266548828125
410.0 22.76895615234375
411.0 20.99108271484375
412.0 20.24948603515625
413.0 24.0768763671875
414.0 20.19779365234375
415.0 22.48117919921875
416.0 21.688396484375
417.0 16.2565734375
418.0 23.14596650390625
419.0 23.60850908203125
420.0 20.50990009765625
421.0 22.97663974609375
422.0 19.37401123046875
423.0 22.15197099609375
424.0 19.278770703125
425.0 17.22031591796875
426.0 15.20428466796875
427.0 14.97860263671875
428.0 14.36039814453125
429.0 14.93379794921875
430.0 15.64815390625
431.0 15.50429423828125
432.0 13.89840830078125
433.0 14.99282314453125
434.0 15.273106640625
435.0 15.03164365234375
436.0 15.44436083984375
437.0 15.66761767578125
438.0 20.77332509765625
439.0 15.61156943359375
440.0 13.7711974609375
441.0 19.1715478515625
442.0 18.409475390625
443.0 18.655698828125
444.0 22.81058212890625
445.0 16.74663017578125
446.0 19.102387890625
447.0 23.30372451171875
448.0 20.52196767578125
449.0 23.382490625
450.0 22.7323189453125
451.0 20.9508017578125
452.0 19.4179359375
453.0 19.95493017578125
454.0 23.73022255859375
455.0 21.44085166015625
456.0 17.47623896484375
457.0 21.05782236328125
458.0 22.0201572265625
459.0 21.6449529296875
460.0 23.8256740234375
461.0 18.0409607421875
462.0 23.67826923828125
463.0 21.92809033203125
464.0 21.17657138671875
465.0 23.49112119140625
466.0 15.47763095703125
467.0 19.04159072265625
468.0 20.7870896484375
469.0 22.85616552734375
470.0 22.84094609375
471.0 19.6367841796875
472.0 23.7605244140625
473.0 21.72746533203125
474.0 22.966559765625
475.0 23.25060009765625
476.0 19.28280908203125
477.0 20.492475390625
478.0 20.23784033203125
479.0 23.3790958984375
480.0 23.087255078125
481.0 20.96433720703125
482.0 21.1982541015625
483.0 21.801304296875
484.0 25.03601123046875
485.0 23.13622451171875
486.0 23.30505439453125
487.0 18.535608203125
488.0 17.1060447265625
489.0 20.6045609375
490.0 19.74866767578125
491.0 23.47203408203125
492.0 20.0602142578125
493.0 21.89459296875
494.0 20.62736591796875
495.0 20.83982841796875
496.0 21.6382095703125
497.0 20.3825220703125
498.0 20.06885419921875
499.0 17.7922708984375
500.0 20.58496455078125
501.0 22.4000611328125
502.0 23.3506857421875
503.0 19.82857744140625
504.0 23.6014541015625
505.0 18.74996630859375
506.0 21.282271484375
507.0 21.4422697265625
508.0 16.72382880859375
509.0 17.66234033203125
510.0 23.46083525390625
511.0 18.69016474609375
512.0 17.46109169921875
513.0 17.86708525390625
514.0 21.9480357421875
515.0 23.0057294921875
516.0 18.6602498046875
517.0 22.9673443359375
518.0 19.87265791015625
519.0 21.44266376953125
520.0 16.10520068359375
521.0 17.15610703125
522.0 18.64851572265625
523.0 23.6679583984375
524.0 20.3710109375
525.0 24.387880859375
526.0 21.61029208984375
527.0 24.52034951171875
528.0 23.821323046875
529.0 21.99399404296875
530.0 23.0125521484375
531.0 21.08513896484375
532.0 23.12564453125
533.0 22.641925390625
534.0 14.25857900390625
535.0 31.28074501953125
536.0 24.12690263671875
537.0 19.959798828125
538.0 15.95733359375
539.0 19.4590048828125
540.0 23.401925
541.0 20.5204251953125
542.0 17.015955859375
543.0 23.528978125
544.0 21.32171162109375
545.0 21.04823154296875
546.0 19.3895560546875
547.0 22.1746783203125
548.0 24.00439697265625
549.0 22.23495078125
550.0 21.561287109375
551.0 22.42137255859375
552.0 18.1686326171875
553.0 21.6650279296875
554.0 15.998409765625
555.0 17.7305662109375
556.0 16.97011884765625
557.0 17.66733876953125
558.0 13.69026259765625
559.0 18.9853341796875
560.0 19.20169033203125
561.0 19.675246875
562.0 22.34019453125
563.0 17.9942775390625
564.0 15.92083291015625
565.0 23.55010068359375
566.0 14.27757109375
567.0 21.5515125
568.0 16.4839947265625
569.0 19.86263984375
570.0 20.13312705078125
571.0 18.943508984375
572.0 20.59956357421875
573.0 18.38592705078125
574.0 17.681803125
575.0 17.85975556640625
576.0 19.09248115234375
577.0 17.5159404296875
578.0 18.98912548828125
579.0 18.71626025390625
580.0 14.6176673828125
581.0 17.50479794921875
582.0 16.52142177734375
583.0 15.21608232421875
584.0 19.32926767578125
585.0 21.2872751953125
586.0 18.6502078125
587.0 20.39249248046875
588.0 16.67751923828125
589.0 18.306262109375
590.0 17.64843505859375
591.0 16.059314453125
592.0 11.33430576171875
593.0 10.1949455078125
594.0 14.8722587890625
595.0 22.7160669921875
596.0 20.4796875
597.0 20.4015671875
598.0 19.2915443359375
599.0 19.14898466796875
600.0 16.549501171875
601.0 17.580237109375
602.0 21.25632119140625
603.0 19.09902763671875
604.0 20.06564736328125
605.0 22.65612861328125
606.0 15.78174150390625
607.0 18.3775205078125
608.0 19.13046064453125
609.0 18.89575947265625
610.0 20.8655474609375
611.0 20.22600556640625
612.0 23.44966181640625
613.0 18.89574853515625
614.0 20.53306865234375
615.0 22.6668822265625
616.0 19.60124296875
617.0 21.84552158203125
618.0 21.42360888671875
619.0 23.11525625
620.0 19.8262232421875
621.0 18.8753703125
622.0 20.3119138671875
623.0 20.58724306640625
624.0 20.2432994140625
625.0 23.23430810546875
626.0 21.76289560546875
627.0 22.3064154296875
628.0 21.7086955078125
629.0 20.07299091796875
630.0 20.38344970703125
631.0 17.6519388671875
632.0 20.35596923828125
633.0 21.9592857421875
634.0 19.9628728515625
635.0 21.44314619140625
636.0 16.97127412109375
637.0 18.7687048828125
638.0 23.2595263671875
639.0 14.935421484375
640.0 14.9495748046875
641.0 18.910562890625
642.0 26.8635646484375
643.0 16.37336484375
644.0 18.05627568359375
645.0 21.92350556640625
646.0 22.17970244140625
647.0 18.05299775390625
648.0 24.46380361328125
649.0 23.1223255859375
650.0 21.590613671875
651.0 23.93545126953125
652.0 21.52104873046875
653.0 24.90571982421875
654.0 23.0474017578125
655.0 18.04029130859375
656.0 22.25641806640625
657.0 21.46394912109375
658.0 24.10946435546875
659.0 22.54103955078125
660.0 21.81793505859375
661.0 24.726276171875
662.0 20.3839654296875
663.0 24.329309375
664.0 23.42741826171875
665.0 20.4426849609375
666.0 24.0777162109375
667.0 20.71919443359375
668.0 24.01838798828125
669.0 22.22216376953125
670.0 24.26696376953125
671.0 22.85287626953125
672.0 22.36976279296875
673.0 22.33854931640625
674.0 23.29426533203125
675.0 20.94983232421875
676.0 18.04339248046875
677.0 20.44584873046875
678.0 20.783966796875
679.0 24.180619921875
680.0 21.34179130859375
681.0 24.31517412109375
682.0 24.18557060546875
683.0 20.7497091796875
684.0 17.83733095703125
685.0 18.58289287109375
686.0 20.48823857421875
687.0 19.624949609375
688.0 19.29261201171875
689.0 20.240379296875
690.0 23.26748564453125
691.0 20.09639892578125
692.0 18.906716796875
693.0 20.4631328125
694.0 19.54069228515625
695.0 21.9480552734375
696.0 17.46485458984375
697.0 22.259126171875
698.0 22.347158984375
699.0 21.54638955078125
700.0 24.36629365234375
701.0 21.2494865234375
702.0 24.19191328125
703.0 23.73142802734375
704.0 21.26303583984375
705.0 23.64845615234375
706.0 22.13757509765625
707.0 21.02611650390625
708.0 20.39809287109375
709.0 21.02503017578125
710.0 22.2340390625
711.0 23.9024044921875
712.0 21.1602357421875
713.0 24.08591884765625
714.0 24.1313947265625
715.0 21.60343271484375
716.0 22.74385166015625
717.0 16.56799609375
718.0 23.6607041015625
719.0 21.45776181640625
720.0 19.561346484375
721.0 24.65274658203125
722.0 22.13591611328125
723.0 23.1814052734375
724.0 22.874953515625
725.0 21.58452783203125
726.0 24.57485234375
727.0 22.316147265625
728.0 24.1826533203125
729.0 24.73981005859375
730.0 21.4179181640625
731.0 24.88691552734375
732.0 21.767598046875
733.0 23.8658677734375
734.0 20.9489396484375
735.0 21.9628962890625
736.0 22.9672251953125
737.0 19.5425248046875
738.0 24.4670857421875
739.0 22.95776318359375
740.0 24.04458994140625
741.0 21.4807560546875
742.0 24.6628681640625
743.0 24.38713896484375
744.0 19.8597810546875
745.0 23.69766484375
746.0 21.32693046875
747.0 22.57112783203125
748.0 20.16079990234375
749.0 21.39906435546875
750.0 13.07054736328125
751.0 8.32280439453125
752.0 14.9495732421875
753.0 16.12598369140625
754.0 20.7159369140625
755.0 18.95960888671875
756.0 21.3057796875
757.0 19.7630935546875
758.0 20.90816630859375
759.0 23.6173703125
760.0 19.93219033203125
761.0 22.4978259765625
762.0 22.3617359375
763.0 20.639658203125
764.0 23.65312939453125
765.0 20.52146533203125
766.0 21.77462705078125
767.0 23.0790193359375
768.0 21.16761171875
769.0 13.71976396484375
770.0 7.9582521484375
771.0 4.5697341796875
772.0 17.94463388671875
773.0 16.5075509765625
774.0 17.71825546875
775.0 17.72551015625
776.0 16.5757916015625
777.0 14.7907376953125
778.0 16.57870419921875
779.0 16.57942265625
780.0 16.60206787109375
781.0 18.98299423828125
782.0 20.448153125
783.0 22.374353515625
784.0 20.237821875
785.0 21.352621484375
786.0 23.897760546875
787.0 18.30744990234375
788.0 21.08412412109375
789.0 19.62567626953125
790.0 21.1467544921875
791.0 13.03935234375
792.0 28.54580400390625
793.0 19.11065810546875
794.0 22.81402880859375
795.0 20.91638486328125
796.0 20.07527373046875
797.0 21.36135302734375
798.0 24.69236083984375
799.0 21.39123466796875
