0.0 19.42623798828125
1.0 14.6756583984375
2.0 17.89576572265625
3.0 17.84247158203125
4.0 16.97429599609375
5.0 21.00167548828125
6.0 19.88268056640625
7.0 15.03902353515625
8.0 15.3460453125
9.0 15.30743271484375
10.0 14.4025251953125
11.0 14.6511568359375
12.0 12.750971484375
13.0 14.78911015625
14.0 21.3105470703125
15.0 22.4744939453125
16.0 20.178751171875
17.0 21.1204142578125
18.0 20.53289462890625
19.0 21.7353904296875
20.0 22.5878689453125
21.0 17.76223486328125
22.0 21.17780859375
23.0 21.58617236328125
24.0 20.95593974609375
25.0 22.08569580078125
26.0 17.08843623046875
27.0 21.99407177734375
28.0 22.9612076171875
29.0 20.40087470703125
30.0 22.84467490234375
31.0 20.1857625
32.0 22.2833634765625
33.0 21.37063876953125
34.0 21.175724609375
35.0 23.60737236328125
36.0 19.87128662109375
37.0 21.71792734375
38.0 19.1791625
39.0 19.24991435546875
40.0 18.97963232421875
41.0 19.8361369140625
42.0 17.44994169921875
43.0 19.3912146484375
44.0 18.95509140625
45.0 15.896466796875
46.0 16.9377296875
47.0 17.39274599609375
48.0 16.93354013671875
49.0 24.05797509765625
50.0 20.6274513671875
51.0 20.31105732421875
52.0 21.37189267578125
53.0 17.49690068359375
54.0 21.4870267578125
55.0 19.74895224609375
56.0 24.03625830078125
57.0 24.64002724609375
58.0 22.117009375
59.0 24.4161236328125
60.0 18.96403291015625
61.0 23.671360546875
62.0 16.02962177734375
63.0 14.611472265625
64.0 16.96674287109375
65.0 20.6603134765625
66.0 16.27893896484375
67.0 16.117471484375
68.0 18.55380234375
69.0 19.37102763671875
70.0 23.62966923828125
71.0 21.48334609375
72.0 20.0478560546875
73.0 21.27259892578125
74.0 20.42433193359375
75.0 18.13495048828125
76.0 21.5369763671875
77.0 15.57175693359375
78.0 20.54774638671875
79.0 17.80284638671875
80.0 16.9313953125
81.0 19.2610115234375
82.0 14.5918677734375
83.0 12.6772875
84.0 15.8791908203125
85.0 17.85910703125
86.0 17.43983662109375
87.0 15.339289453125
88.0 17.02889736328125
89.0 14.62857412109375
90.0 18.4464283203125
91.0 13.62034091796875
92.0 17.06393447265625
93.0 22.10298408203125
94.0 17.46074619140625
95.0 18.0398234375
96.0 16.05762724609375
97.0 20.45507509765625
98.0 16.25435068359375
99.0 17.1026544921875
100.0 20.4855326171875
101.0 19.73272197265625
102.0 20.42061875
103.0 20.13085517578125
104.0 20.6407255859375
105.0 21.36900625
106.0 18.8898078125
107.0 20.8573259765625
108.0 22.20681640625
109.0 23.18348408203125
110.0 23.93084296875
111.0 21.54538994140625
112.0 23.7219900390625
113.0 19.59865322265625
114.0 23.930228125
115.0 22.45433046875
116.0 18.712400390625
117.0 24.2392494140625
118.0 18.91173857421875
119.0 21.4758103515625
120.0 20.7359705078125
121.0 20.71116884765625
122.0 23.10874814453125
123.0 20.82444736328125
124.0 22.01791796875
125.0 20.0329625
126.0 20.6456857421875
127.0 22.6482712890625
128.0 22.0710484375
129.0 23.89012041015625
130.0 21.0610767578125
131.0 22.879756640625
132.0 16.56561259765625
133.0 22.42982255859375
134.0 24.38798095703125
135.0 19.57894775390625
136.0 22.27414609375
137.0 18.02000791015625
138.0 23.370982421875
139.0 17.911598828125
140.0 18.8971822265625
141.0 13.80085712890625
142.0 13.57372568359375
143.0 11.3674466796875
144.0 4.4871326171875
145.0 0.37333701171875
146.0 5.784958984375
147.0 12.612985546875
148.0 12.03812060546875
149.0 13.3891203125
150.0 13.94490517578125
151.0 9.89400625
152.0 17.7633265625
153.0 13.5592076171875
154.0 11.87889501953125
155.0 14.03046181640625
156.0 13.50179541015625
157.0 14.637377734375
158.0 13.510733203125
159.0 13.93896474609375
160.0 15.6832453125
161.0 12.491612890625
162.0 14.50705634765625
163.0 15.00716953125
164.0 14.180374609375
165.0 14.96551630859375
166.0 16.81197880859375
167.0 17.45229375
168.0 12.61540966796875
169.0 18.67378740234375
170.0 17.690347265625
171.0 14.919494921875
172.0 17.51075771484375
173.0 18.39135576171875
174.0 15.77314521484375
175.0 16.06834814453125
176.0 16.35112607421875
177.0 19.4767884765625
178.0 16.65788466796875
179.0 16.3481974609375
180.0 17.05630966796875
181.0 14.35553623046875
182.0 21.40517509765625
183.0 17.90860390625
184.0 15.51567705078125
185.0 19.086011328125
186.0 19.68047998046875
187.0 18.19876572265625
188.0 17.5114392578125
189.0 21.32455966796875
190.0 16.69777939453125
191.0 14.13560712890625
192.0 18.260860546875
193.0 22.69526513671875
194.0 17.316756640625
195.0 19.68952216796875
196.0 16.15759501953125
197.0 22.104475
198.0 24.32169326171875
199.0 20.74297412109375
200.0 19.87191552734375
201.0 20.3029009765625
202.0 17.418634375
203.0 18.369165625
204.0 20.73298447265625
205.0 20.45767265625
206.0 14.173403515625
207.0 18.6171
208.0 17.8557490234375
209.0 16.6163962890625
210.0 22.64875859375
211.0 22.6266056640625
212.0 19.163505078125
213.0 21.68823212890625
214.0 20.037455078125
215.0 20.70698681640625
216.0 21.088036328125
217.0 18.23621484375
218.0 19.9895220703125
219.0 18.95081474609375
220.0 20.321977734375
221.0 20.06532333984375
222.0 20.60084755859375
223.0 20.9037640625
224.0 23.02135615234375
225.0 8.65720478515625
226.0 34.28788720703125
227.0 18.56141025390625
228.0 20.83933193359375
229.0 22.2501990234375
230.0 16.1731302734375
231.0 21.7066580078125
232.0 18.8474373046875
233.0 18.946116796875
234.0 22.06778173828125
235.0 21.35832490234375
236.0 25.98615927734375
237.0 22.55293984375
238.0 25.32574345703125
239.0 24.712196484375
240.0 22.95471357421875
241.0 24.90414736328125
242.0 22.22741279296875
243.0 25.490315625
244.0 22.01036474609375
245.0 26.0609681640625
246.0 20.679326953125
247.0 25.85130341796875
248.0 20.76922666015625
249.0 24.387742578125
250.0 24.0439173828125
251.0 21.7193677734375
252.0 24.59066513671875
253.0 11.87884638671875
254.0 27.0387611328125
255.0 24.86707822265625
256.0 21.31798828125
257.0 26.87642607421875
258.0 22.78912900390625
259.0 25.57558623046875
260.0 23.10904384765625
261.0 22.72803876953125
262.0 20.65369697265625
263.0 18.60356953125
264.0 25.91655185546875
265.0 24.74466162109375
266.0 25.98400908203125
267.0 22.098353125
268.0 25.08109736328125
269.0 24.54049296875
270.0 27.46887822265625
271.0 22.12367421875
272.0 23.649528125
273.0 22.9416853515625
274.0 23.58288779296875
275.0 26.35314423828125
276.0 21.9762193359375
277.0 21.66433203125
278.0 19.1261345703125
279.0 19.32896708984375
280.0 23.27921796875
281.0 21.07327587890625
282.0 20.86793935546875
283.0 16.49322880859375
284.0 22.46803828125
285.0 24.4077390625
286.0 21.83255146484375
287.0 24.6827775390625
288.0 22.4208376953125
289.0 24.3460169921875
290.0 17.15626669921875
291.0 25.75528681640625
292.0 20.19117490234375
293.0 16.42943681640625
294.0 17.91920859375
295.0 17.3072490234375
296.0 16.49186083984375
297.0 21.11474482421875
298.0 22.6652564453125
299.0 17.10111484375
300.0 22.84788662109375
301.0 18.6870380859375
302.0 17.6345080078125
303.0 16.7137478515625
304.0 18.597068359375
305.0 16.50057607421875
306.0 18.40814326171875
307.0 21.48586435546875
308.0 17.66730546875
309.0 20.4935046875
310.0 13.86827900390625
311.0 21.30352021484375
312.0 19.76897568359375
313.0 20.254853125
314.0 17.5228439453125
315.0 17.11725732421875
316.0 17.58351279296875
317.0 21.58341748046875
318.0 16.67330224609375
319.0 19.70721787109375
320.0 19.18842314453125
321.0 19.361403515625
322.0 17.84841767578125
323.0 18.83190859375
324.0 20.2936041015625
325.0 20.8407765625
326.0 23.284248046875
327.0 15.4749708984375
328.0 18.90344091796875
329.0 20.8084388671875
330.0 21.8615126953125
331.0 18.19700693359375
332.0 20.8199353515625
333.0 25.35627451171875
334.0 24.14649521484375
335.0 21.8050896484375
336.0 20.087682421875
337.0 16.79321240234375
338.0 23.52003701171875
339.0 21.17024814453125
340.0 21.02269794921875
341.0 19.6760216796875
342.0 21.3597375
343.0 25.3615341796875
344.0 22.730935546875
345.0 24.0906859375
346.0 21.3157703125
347.0 21.677150390625
348.0 22.58707900390625
349.0 21.61374375
350.0 24.68907021484375
351.0 22.27582900390625
352.0 22.276735546875
353.0 21.564477734375
354.0 23.8378748046875
355.0 24.085153515625
356.0 20.58894892578125
357.0 24.62907900390625
358.0 21.94063759765625
359.0 24.5276650390625
360.0 20.8245451171875
361.0 23.079153125
362.0 24.32190029296875
363.0 20.6184830078125
364.0 19.5213677734375
365.0 13.81225732421875
366.0 20.62337939453125
367.0 21.98554453125
368.0 19.69553203125
369.0 21.91157275390625
370.0 20.7577748046875
371.0 21.59618037109375
372.0 23.90092265625
373.0 22.2624779296875
374.0 23.18912265625
375.0 22.4699736328125
376.0 23.85142548828125
377.0 21.98419189453125
378.0 23.379562109375
379.0 22.06962998046875
380.0 25.187573828125
381.0 19.91928251953125
382.0 11.04420517578125
383.0 6.963309375
384.0 25.65906455078125
385.0 23.9535236328125
386.0 26.8968708984375
387.0 22.72098623046875
388.0 22.3940951171875
389.0 22.7742880859375
390.0 19.9673123046875
391.0 21.1443748046875
392.0 20.2077392578125
393.0 17.20288984375
394.0 19.8360662109375
395.0 24.24535927734375
396.0 20.2217517578125
397.0 18.2918939453125
398.0 18.50506826171875
399.0 12.2239341796875
400.0 18.4534681640625
401.0 15.0801328125
402.0 15.00755302734375
403.0 15.40348447265625
404.0 12.68212607421875
405.0 15.74356474609375
406.0 14.9246947265625
407.0 17.32673486328125
408.0 14.09886044921875
409.0 16.4054916015625
410.0 17.4110400390625
411.0 15.921801953125
412.0 14.2993677734375
413.0 15.77070263671875
414.0 16.9010884765625
415.0 13.9852900390625
416.0 19.00698681640625
417.0 16.29019912109375
418.0 15.731497265625
419.0 17.3396810546875
420.0 15.1182931640625
421.0 16.0250380859375
422.0 20.385794140625
423.0 20.7482029296875
424.0 17.93587705078125
425.0 23.2845927734375
426.0 21.4089646484375
427.0 23.117528515625
428.0 21.53597607421875
429.0 23.8435095703125
430.0 20.6959890625
431.0 16.4784408203125
432.0 18.49033720703125
433.0 20.1283681640625
434.0 19.21277607421875
435.0 22.5129826171875
436.0 17.72434853515625
437.0 23.14419716796875
438.0 22.2875013671875
439.0 21.5029173828125
440.0 24.0005935546875
441.0 21.16226923828125
442.0 13.66346240234375
443.0 14.197546484375
444.0 14.12230986328125
445.0 17.97195888671875
446.0 19.79315576171875
447.0 21.35375498046875
448.0 20.5083388671875
449.0 17.23256806640625
450.0 25.11112109375
451.0 16.250613671875
452.0 20.3061431640625
453.0 18.04947021484375
454.0 15.47247041015625
455.0 15.12934404296875
456.0 18.87256484375
457.0 14.1740783203125
458.0 15.46863779296875
459.0 18.5949412109375
460.0 20.09641611328125
461.0 24.72995556640625
462.0 26.06201513671875
463.0 22.85124453125
464.0 25.9098375
465.0 22.4869744140625
466.0 25.0097232421875
467.0 20.47591845703125
468.0 21.2806490234375
469.0 20.63331328125
470.0 18.8307693359375
471.0 20.6930458984375
472.0 18.14761416015625
473.0 16.4058505859375
474.0 13.073409765625
475.0 28.38256083984375
476.0 16.63381015625
477.0 21.17104599609375
478.0 19.094245703125
479.0 21.91786484375
480.0 24.073428125
481.0 19.5708287109375
482.0 20.022358203125
483.0 20.74013349609375
484.0 19.91324892578125
485.0 23.032833984375
486.0 21.59314521484375
487.0 20.4321076171875
488.0 19.0015359375
489.0 18.0832783203125
490.0 22.1008693359375
491.0 21.16193828125
492.0 20.620443359375
493.0 20.066427734375
494.0 19.38347158203125
495.0 23.0334294921875
496.0 20.42839521484375
497.0 26.24601064453125
498.0 22.812102734375
499.0 25.67235322265625
500.0 23.2298978515625
501.0 25.0924435546875
502.0 25.4753388671875
503.0 21.9617435546875
504.0 21.24907861328125
505.0 18.69869296875
506.0 19.2779306640625
507.0 22.7491384765625
508.0 19.77571376953125
509.0 23.7429595703125
510.0 21.2574685546875
511.0 20.49351455078125
512.0 22.5790697265625
513.0 21.57264912109375
514.0 24.18129931640625
515.0 21.14987939453125
516.0 20.6155388671875
517.0 22.52959921875
518.0 24.52234169921875
519.0 24.82981845703125
520.0 0.0
521.0 0.0
522.0 40.6660587890625
523.0 18.25515283203125
524.0 21.37233974609375
525.0 20.7479935546875
526.0 18.34107568359375
527.0 22.7835232421875
528.0 21.16188642578125
529.0 18.98646240234375
530.0 23.98665732421875
531.0 20.3424712890625
532.0 25.999120703125
533.0 25.83845927734375
534.0 18.94062255859375
535.0 25.1946984375
536.0 17.55435888671875
537.0 25.11973984375
538.0 22.30100244140625
539.0 24.22685400390625
540.0 24.4137759765625
541.0 23.114486328125
542.0 24.7502083984375
543.0 23.83223037109375
544.0 22.6158564453125
545.0 25.2841578125
546.0 22.0309869140625
547.0 24.857819140625
548.0 22.04764658203125
549.0 17.9541021484375
550.0 24.43819423828125
551.0 16.43300888671875
552.0 16.82250439453125
553.0 18.11767138671875
554.0 20.16592470703125
555.0 21.22634482421875
556.0 24.20226416015625
557.0 22.465313671875
558.0 24.94423115234375
559.0 17.67016298828125
560.0 23.45196953125
561.0 22.03690849609375
562.0 26.0988001953125
563.0 22.83206064453125
564.0 19.579037109375
565.0 24.701583203125
566.0 21.71228095703125
567.0 24.242491015625
568.0 20.68657001953125
569.0 21.9510595703125
570.0 23.0956669921875
571.0 20.976462890625
572.0 24.327581640625
573.0 16.80636025390625
574.0 21.90576279296875
575.0 19.7076984375
576.0 23.41331259765625
577.0 16.084355078125
578.0 24.42703603515625
579.0 21.58227314453125
580.0 22.09419453125
581.0 21.5165291015625
582.0 22.41713359375
583.0 22.714959375
584.0 24.9228087890625
585.0 21.81759248046875
586.0 24.477743359375
587.0 22.87560673828125
588.0 25.65225107421875
589.0 25.29989189453125
590.0 22.017790234375
591.0 24.5656486328125
592.0 23.63046708984375
593.0 25.83783701171875
594.0 24.3832453125
595.0 21.67830869140625
596.0 24.376723046875
597.0 21.19720498046875
598.0 22.92967646484375
599.0 17.59914736328125
600.0 18.7436154296875
601.0 20.07878076171875
602.0 17.1676802734375
603.0 20.3054521484375
604.0 22.5502740234375
605.0 19.4602552734375
606.0 23.7092546875
607.0 21.27301630859375
608.0 25.4693666015625
609.0 22.4145705078125
610.0 16.91211982421875
611.0 14.955320703125
612.0 17.15320048828125
613.0 17.62848583984375
614.0 19.12765400390625
615.0 20.2750109375
616.0 22.657606640625
617.0 20.68471298828125
618.0 22.0790408203125
619.0 21.57320771484375
620.0 24.39569501953125
621.0 20.32701552734375
622.0 19.8486046875
623.0 18.43260126953125
624.0 15.00265419921875
625.0 21.70562109375
626.0 20.990053515625
627.0 22.36406611328125
628.0 16.5554140625
629.0 16.7246798828125
630.0 22.34342216796875
631.0 24.3080740234375
632.0 18.65903408203125
633.0 24.429605859375
634.0 24.9638955078125
635.0 22.4940068359375
636.0 24.0799638671875
637.0 21.511063671875
638.0 21.52950869140625
639.0 23.6291796875
640.0 22.06936005859375
641.0 21.95998994140625
642.0 23.524897265625
643.0 19.93744482421875
644.0 23.039316015625
645.0 21.0743015625
646.0 18.74475390625
647.0 18.5927291015625
648.0 21.9013685546875
649.0 24.006126171875
650.0 20.431844140625
651.0 25.3900232421875
652.0 23.29014990234375
653.0 22.28291591796875
654.0 18.809350390625
655.0 23.092882421875
656.0 20.6334708984375
657.0 18.59924169921875
658.0 21.87289658203125
659.0 21.0646513671875
660.0 20.26214794921875
661.0 18.92818525390625
662.0 19.78150302734375
663.0 16.943466796875
664.0 16.8457728515625
665.0 21.9426791015625
666.0 18.6298392578125
667.0 21.29114228515625
668.0 23.93511181640625
669.0 20.13699111328125
670.0 19.08579111328125
671.0 21.9097197265625
672.0 24.7386849609375
673.0 20.7442787109375
674.0 20.77678330078125
675.0 19.33488603515625
676.0 22.09198447265625
677.0 21.181594140625
678.0 24.4435607421875
679.0 20.042945703125
680.0 23.47090634765625
681.0 24.24782685546875
682.0 20.78612734375
683.0 23.6595771484375
684.0 19.8065546875
685.0 25.83193564453125
686.0 24.9906458984375
687.0 23.99724658203125
688.0 24.7579279296875
689.0 19.32802333984375
690.0 18.06379375
691.0 18.8437076171875
692.0 18.08793134765625
693.0 19.30684365234375
694.0 16.78139990234375
695.0 20.2378662109375
696.0 20.2763587890625
697.0 17.89871103515625
698.0 20.618993359375
699.0 21.4133126953125
700.0 18.15318408203125
701.0 20.822885546875
702.0 19.83058525390625
703.0 25.3687408203125
704.0 22.5706375
705.0 18.08584755859375
706.0 17.8716021484375
707.0 17.54342431640625
708.0 20.71539482421875
709.0 21.39928720703125
710.0 24.2969837890625
711.0 24.71613916015625
712.0 22.468709375
713.0 26.0798421875
714.0 18.2897689453125
715.0 22.5614126953125
716.0 21.06789013671875
717.0 23.82375400390625
718.0 24.0161396484375
719.0 21.7827736328125
720.0 22.42348125
721.0 21.899465625
722.0 23.7755322265625
723.0 23.70075302734375
724.0 23.296846484375
725.0 19.552665234375
726.0 22.2207576171875
727.0 24.77662216796875
728.0 22.71692685546875
729.0 23.83136806640625
730.0 21.9757654296875
731.0 19.70930703125
732.0 24.10258486328125
733.0 18.783572265625
734.0 25.3606662109375
735.0 20.3828689453125
736.0 21.76421103515625
737.0 24.86005537109375
738.0 20.872582421875
739.0 22.562043359375
740.0 22.44773369140625
741.0 23.21113349609375
742.0 21.0940625
743.0 19.89690712890625
744.0 24.01103818359375
745.0 19.95965703125
746.0 25.06395712890625
747.0 23.278536328125
748.0 24.0143326171875
749.0 19.2870791015625
750.0 18.575755859375
751.0 22.62671103515625
752.0 22.13078779296875
753.0 19.8614892578125
754.0 20.449305859375
755.0 21.56789853515625
756.0 17.4530703125
757.0 13.91769453125
758.0 24.5844353515625
759.0 21.943678515625
760.0 15.87294150390625
761.0 17.1969626953125
762.0 19.07006328125
763.0 20.36851005859375
764.0 21.9472078125
765.0 20.29503701171875
766.0 22.72719150390625
767.0 21.51325498046875
768.0 23.8028560546875
769.0 25.1298328125
770.0 22.39358916015625
771.0 21.67487529296875
772.0 26.2902228515625
773.0 21.75293779296875
774.0 24.27405966796875
775.0 22.833755859375
776.0 25.3295048828125
777.0 23.21280693359375
778.0 20.66453681640625
779.0 24.76883525390625
780.0 21.05798798828125
781.0 21.1222986328125
782.0 24.22965341796875
783.0 22.45752197265625
784.0 24.12338525390625
785.0 20.0676380859375
786.0 19.72525537109375
787.0 20.4904921875
788.0 24.456925
789.0 19.91418212890625
790.0 25.31409853515625
791.0 24.44577177734375
792.0 21.6528279296875
793.0 22.7434046875
794.0 23.85835146484375
795.0 25.16158525390625
796.0 20.0023482421875
797.0 23.88893056640625
798.0 19.9656544921875
799.0 22.8284845703125
