0.0 12.39727138671875
1.0 14.5443330078125
2.0 15.2476068359375
3.0 14.95814296875
4.0 13.39372978515625
5.0 12.42811259765625
6.0 13.8585701171875
7.0 10.3265091796875
8.0 14.70347744140625
9.0 19.1044453125
10.0 19.25939287109375
11.0 18.80125224609375
12.0 17.34501494140625
13.0 10.8878162109375
14.0 1.142294921875
15.0 32.34747861328125
16.0 20.58566669921875
17.0 15.899651953125
18.0 16.6311720703125
19.0 18.94707705078125
20.0 23.2491005859375
21.0 18.0222796875
22.0 24.2253849609375
23.0 18.20473876953125
24.0 19.64268720703125
25.0 18.30798876953125
26.0 18.26054736328125
27.0 14.74907412109375
28.0 18.50621728515625
29.0 20.311205078125
30.0 22.9455765625
31.0 21.98249482421875
32.0 19.88939580078125
33.0 22.77538984375
34.0 21.194068359375
35.0 20.91556884765625
36.0 25.9954201171875
37.0 20.06438623046875
38.0 26.58217548828125
39.0 24.78794384765625
40.0 17.7957630859375
41.0 23.3725572265625
42.0 13.85294638671875
43.0 20.57681201171875
44.0 20.76313935546875
45.0 21.743779296875
46.0 24.40953798828125
47.0 16.46567822265625
48.0 19.80316640625
49.0 18.60339951171875
50.0 15.80668525390625
51.0 22.947259765625
52.0 18.8911033203125
53.0 19.3482720703125
54.0 17.0095189453125
55.0 19.99374345703125
56.0 21.28474296875
57.0 25.98385517578125
58.0 15.86785146484375
59.0 23.45069345703125
60.0 15.23047890625
61.0 13.219826171875
62.0 20.8500408203125
63.0 21.02942216796875
64.0 18.5674224609375
65.0 25.14874072265625
66.0 17.51598779296875
67.0 18.50649130859375
68.0 22.3675072265625
69.0 18.51326181640625
70.0 12.64683876953125
71.0 17.15734609375
72.0 15.73906240234375
73.0 22.7611564453125
74.0 22.6683953125
75.0 25.07610615234375
76.0 26.44451435546875
77.0 15.357075
78.0 23.43122958984375
79.0 18.6913177734375
80.0 24.81632783203125
81.0 16.3008787109375
82.0 16.21148427734375
83.0 22.46860234375
84.0 21.458514453125
85.0 16.343781640625
86.0 30.5978072265625
87.0 20.68775322265625
88.0 14.16706630859375
89.0 17.31644775390625
90.0 21.3327943359375
91.0 22.5706861328125
92.0 18.47543095703125
93.0 12.2057599609375
94.0 26.997651953125
95.0 23.5947884765625
96.0 21.68430478515625
97.0 15.85761787109375
98.0 18.89416435546875
99.0 21.6641921875
100.0 19.76605419921875
101.0 17.27617255859375
102.0 15.89005498046875
103.0 19.05570478515625
104.0 14.22341640625
105.0 16.05348486328125
106.0 19.18948642578125
107.0 15.40601044921875
108.0 21.68862978515625
109.0 17.43114111328125
110.0 16.62283037109375
111.0 17.63333828125
112.0 21.93624345703125
113.0 17.93633076171875
114.0 22.97758408203125
115.0 15.84038525390625
116.0 13.07539833984375
117.0 19.08025927734375
118.0 18.2133076171875
119.0 22.24279033203125
120.0 18.6410986328125
121.0 14.25098603515625
122.0 18.70319453125
123.0 13.74671083984375
124.0 18.58617900390625
125.0 14.52965810546875
126.0 13.04715625
127.0 13.26938720703125
128.0 11.61728369140625
129.0 11.73528798828125
130.0 15.03538515625
131.0 15.04634345703125
132.0 13.51354150390625
133.0 13.47246455078125
134.0 12.79984306640625
135.0 15.07591845703125
136.0 14.30798251953125
137.0 10.87743662109375
138.0 17.72597265625
139.0 17.73291728515625
140.0 15.37990380859375
141.0 16.1371208984375
142.0 18.28622333984375
143.0 22.95267646484375
144.0 20.8855712890625
145.0 13.50531591796875
146.0 16.10384453125
147.0 15.67067841796875
148.0 8.59969091796875
149.0 13.38569482421875
150.0 13.5403294921875
151.0 14.12843349609375
152.0 14.179892578125
153.0 10.9188130859375
154.0 15.8587734375
155.0 18.48843291015625
156.0 18.84252724609375
157.0 22.72397021484375
158.0 17.73007744140625
159.0 20.2515451171875
160.0 18.4327546875
161.0 21.10492646484375
162.0 16.52272900390625
163.0 21.62486572265625
164.0 14.705005078125
165.0 19.908423046875
166.0 18.56226826171875
167.0 18.57701435546875
168.0 20.771022265625
169.0 19.5451986328125
170.0 17.8291984375
171.0 19.81094697265625
172.0 19.8492998046875
173.0 21.14248935546875
174.0 19.889859765625
175.0 20.92441142578125
176.0 19.8469265625
177.0 21.249718359375
178.0 24.35370625
179.0 20.049330078125
180.0 18.96597021484375
181.0 17.63908115234375
182.0 15.96658447265625
183.0 20.67748505859375
184.0 20.78942412109375
185.0 15.6852197265625
186.0 23.02827431640625
187.0 21.08446240234375
188.0 23.65399892578125
189.0 19.49317109375
190.0 20.31255947265625
191.0 12.47646201171875
192.0 17.7724306640625
193.0 19.22975078125
194.0 18.47918662109375
195.0 16.31534052734375
196.0 15.65965390625
197.0 22.165146875
198.0 18.53543056640625
199.0 16.8145515625
200.0 20.21537041015625
201.0 15.77713173828125
202.0 18.37074765625
203.0 18.4778791015625
204.0 15.6259978515625
205.0 17.30998994140625
206.0 12.836506640625
207.0 26.33707275390625
208.0 17.959725390625
209.0 16.44973212890625
210.0 16.7908802734375
211.0 16.0459146484375
212.0 11.3617166015625
213.0 10.91026630859375
214.0 10.54047607421875
215.0 14.0125349609375
216.0 12.5784677734375
217.0 12.51948271484375
218.0 14.64419130859375
219.0 13.14651162109375
220.0 12.18267314453125
221.0 13.6975921875
222.0 13.48400654296875
223.0 11.1910005859375
224.0 9.1503515625
225.0 12.04610263671875
226.0 14.26300146484375
227.0 12.30604755859375
228.0 13.3280509765625
229.0 14.2082837890625
230.0 12.08711171875
231.0 15.26816396484375
232.0 17.73211826171875
233.0 14.9115712890625
234.0 14.393607421875
235.0 21.26130205078125
236.0 22.4487986328125
237.0 19.22441474609375
238.0 18.0556939453125
239.0 19.60997265625
240.0 15.81131298828125
241.0 21.8690384765625
242.0 19.6797572265625
243.0 14.4240455078125
244.0 14.69921650390625
245.0 13.76334560546875
246.0 19.36355224609375
247.0 20.35227470703125
248.0 20.76642236328125
249.0 18.88887265625
250.0 14.11618271484375
251.0 23.20601640625
252.0 21.53434267578125
253.0 14.8954125
254.0 17.007818359375
255.0 18.8171888671875
256.0 12.3465775390625
257.0 20.46846630859375
258.0 17.00708447265625
259.0 20.47582314453125
260.0 22.2603689453125
261.0 17.3966400390625
262.0 13.13295537109375
263.0 23.579968359375
264.0 27.32117392578125
265.0 14.8203728515625
266.0 25.63096337890625
267.0 16.4546994140625
268.0 19.47284306640625
269.0 20.606036328125
270.0 21.85655341796875
271.0 24.43798427734375
272.0 21.76036123046875
273.0 23.9345017578125
274.0 21.4534310546875
275.0 24.8621326171875
276.0 21.3867884765625
277.0 18.34392265625
278.0 17.77569052734375
279.0 20.284318359375
280.0 19.85084814453125
281.0 18.95159619140625
282.0 16.6875876953125
283.0 13.20401904296875
284.0 12.2654876953125
285.0 16.66569853515625
286.0 16.4590748046875
287.0 14.71057607421875
288.0 20.71744697265625
289.0 21.62691708984375
290.0 17.16310966796875
291.0 24.2283333984375
292.0 22.53736005859375
293.0 16.9561640625
294.0 23.19979072265625
295.0 19.04548525390625
296.0 23.77973720703125
297.0 18.4612455078125
298.0 22.99441650390625
299.0 15.1455994140625
300.0 11.64822900390625
301.0 15.07383466796875
302.0 20.37997841796875
303.0 21.6117330078125
304.0 12.80603271484375
305.0 23.8592603515625
306.0 20.19433154296875
307.0 18.33665078125
308.0 20.26890654296875
309.0 20.1389447265625
310.0 21.65054462890625
311.0 20.23240576171875
312.0 20.2194275390625
313.0 6.30771162109375
314.0 26.39873701171875
315.0 20.6091603515625
316.0 25.52521533203125
317.0 26.57020576171875
318.0 25.02800146484375
319.0 22.88596552734375
320.0 20.14872646484375
321.0 24.4745251953125
322.0 18.87278896484375
323.0 20.7610494140625
324.0 20.29395947265625
325.0 15.57703193359375
326.0 22.30366396484375
327.0 19.3144462890625
328.0 21.63355146484375
329.0 19.55981767578125
330.0 23.797190234375
331.0 21.2123119140625
332.0 20.37186357421875
333.0 18.62712880859375
334.0 11.13739990234375
335.0 13.8162265625
336.0 24.2878591796875
337.0 22.18103916015625
338.0 12.37465859375
339.0 17.83324677734375
340.0 25.11826005859375
341.0 16.24107900390625
342.0 17.6857591796875
343.0 17.12522890625
344.0 25.187236328125
345.0 15.79574609375
346.0 13.08346533203125
347.0 24.7453671875
348.0 25.22284921875
349.0 29.86554697265625
350.0 23.28419990234375
351.0 28.8539326171875
352.0 27.28993916015625
353.0 32.1423130859375
354.0 24.99483125
355.0 18.78888662109375
356.0 20.1199490234375
357.0 25.2221939453125
358.0 19.36528603515625
359.0 14.776840234375
360.0 15.768933203125
361.0 19.49157294921875
362.0 22.602312890625
363.0 17.1687373046875
364.0 17.96599140625
365.0 16.91537314453125
366.0 26.08780263671875
367.0 27.31377548828125
368.0 20.42385771484375
369.0 18.0120419921875
370.0 20.1246162109375
371.0 20.519475
372.0 20.0458544921875
373.0 23.6957974609375
374.0 22.8487171875
375.0 27.31677744140625
376.0 16.070409765625
377.0 19.2968884765625
378.0 21.705504296875
379.0 21.509184765625
380.0 21.4372271484375
381.0 16.58218916015625
382.0 21.34798046875
383.0 13.50343779296875
384.0 24.30706845703125
385.0 13.738957421875
386.0 12.59966005859375
387.0 10.6936162109375
388.0 19.4918171875
389.0 16.21515947265625
390.0 16.19191650390625
391.0 24.06745439453125
392.0 25.2905322265625
393.0 20.8620046875
394.0 13.3572794921875
395.0 13.6487974609375
396.0 14.95267119140625
397.0 17.5654296875
398.0 13.19900703125
399.0 3.57709658203125
400.0 2.5456619140625
401.0 7.25784052734375
402.0 14.59450615234375
403.0 21.1950033203125
404.0 21.42761103515625
405.0 16.81803251953125
406.0 19.62375546875
407.0 16.22678583984375
408.0 12.37598466796875
409.0 11.4409318359375
410.0 9.69245625
411.0 17.863629296875
412.0 18.37192724609375
413.0 26.18832666015625
414.0 12.75564716796875
415.0 19.34886328125
416.0 19.0786125
417.0 20.67792421875
418.0 19.65203154296875
419.0 15.30980341796875
420.0 18.087762109375
421.0 14.5034060546875
422.0 17.28750400390625
423.0 20.2266625
424.0 19.0607119140625
425.0 15.387607421875
426.0 14.9352751953125
427.0 15.14726552734375
428.0 16.28447119140625
429.0 15.28418466796875
430.0 14.16527705078125
431.0 15.36597666015625
432.0 19.8881671875
433.0 16.00397724609375
434.0 12.332234375
435.0 19.672168359375
436.0 11.80231591796875
437.0 10.29834189453125
438.0 11.90879970703125
439.0 13.7710568359375
440.0 14.31567451171875
441.0 15.02651162109375
442.0 13.2622404296875
443.0 11.188907421875
444.0 11.042837109375
445.0 15.88658193359375
446.0 17.70143720703125
447.0 17.691215625
448.0 19.53249716796875
449.0 19.887269140625
450.0 19.3952859375
451.0 10.51344765625
452.0 22.859785546875
453.0 16.884670703125
454.0 20.51647724609375
455.0 19.47161875
456.0 19.964934375
457.0 22.5204814453125
458.0 22.74591435546875
459.0 20.88514794921875
460.0 21.45680703125
461.0 17.47607841796875
462.0 19.39449521484375
463.0 14.7338427734375
464.0 19.3365990234375
465.0 20.596811328125
466.0 16.07678037109375
467.0 22.311802734375
468.0 23.64701708984375
469.0 20.8437337890625
470.0 24.95782412109375
471.0 14.81921845703125
472.0 23.423328515625
473.0 23.37728271484375
474.0 21.85506552734375
475.0 25.8334236328125
476.0 19.73398447265625
477.0 22.907782421875
478.0 21.73647216796875
479.0 19.1093658203125
480.0 20.268308984375
481.0 22.88156435546875
482.0 20.86696630859375
483.0 12.8318787109375
484.0 23.7944912109375
485.0 21.5268984375
486.0 21.0098158203125
487.0 22.1306697265625
488.0 21.86350595703125
489.0 18.782781640625
490.0 16.305959765625
491.0 17.99784677734375
492.0 13.77646669921875
493.0 22.1628123046875
494.0 16.1929625
495.0 15.38140166015625
496.0 18.1954853515625
497.0 18.02824814453125
498.0 21.491855078125
499.0 22.3807451171875
500.0 28.78621748046875
501.0 20.81407353515625
502.0 18.3406982421875
503.0 14.632249609375
504.0 19.7934744140625
505.0 10.943040625
506.0 14.56242587890625
507.0 15.21476787109375
508.0 16.63466982421875
509.0 11.5783861328125
510.0 18.48256337890625
511.0 24.22596787109375
512.0 21.9326701171875
513.0 16.78678896484375
514.0 14.9692908203125
515.0 22.5283
516.0 16.12602265625
517.0 15.8232607421875
518.0 21.506694140625
519.0 11.9867962890625
520.0 15.62871171875
521.0 22.90901328125
522.0 19.4624666015625
523.0 24.09781337890625
524.0 24.30248291015625
525.0 23.4702185546875
526.0 20.41759599609375
527.0 14.84353427734375
528.0 14.66090166015625
529.0 25.09169287109375
530.0 21.95964619140625
531.0 20.647835546875
532.0 21.29542216796875
533.0 27.2028732421875
534.0 25.114678125
535.0 19.60144248046875
536.0 18.79492255859375
537.0 16.66904912109375
538.0 9.5113166015625
539.0 24.453758203125
540.0 28.1336345703125
541.0 24.61046611328125
542.0 18.3718861328125
543.0 25.59123408203125
544.0 24.73819775390625
545.0 29.415805078125
546.0 23.92435078125
547.0 27.16180537109375
548.0 22.72103017578125
549.0 18.952128125
550.0 21.800523046875
551.0 24.96415927734375
552.0 22.7408677734375
553.0 16.65971962890625
554.0 18.17629267578125
555.0 3.040700390625
556.0 19.16714775390625
557.0 22.12483359375
558.0 12.645497265625
559.0 7.0711521484375
560.0 8.02968515625
561.0 22.893794140625
562.0 26.25807314453125
563.0 25.81755771484375
564.0 15.92775029296875
565.0 12.55572490234375
566.0 18.7704251953125
567.0 18.080708203125
568.0 23.2399982421875
569.0 26.21734443359375
570.0 21.6009572265625
571.0 24.4453677734375
572.0 7.8933701171875
573.0 36.56540087890625
574.0 27.5488265625
575.0 40.21483369140625
576.0 20.6734900390625
577.0 15.81815400390625
578.0 20.8674740234375
579.0 21.58514365234375
580.0 20.66908515625
581.0 15.2019318359375
582.0 10.0695583984375
583.0 2.13629140625
584.0 3.049502734375
585.0 3.2265458984375
586.0 2.65159453125
587.0 6.61822041015625
588.0 18.4284103515625
589.0 23.31763818359375
590.0 17.74744658203125
591.0 20.67003046875
592.0 52.0188740234375
593.0 30.6554421875
594.0 45.99013056640625
595.0 30.05135361328125
596.0 21.7900681640625
597.0 18.01000830078125
598.0 5.73060146484375
599.0 1.33463662109375
600.0 5.9603203125
601.0 11.9212767578125
602.0 13.46647294921875
603.0 23.6409294921875
604.0 22.00182265625
605.0 23.97085068359375
606.0 19.301292578125
607.0 10.36077275390625
608.0 19.1893734375
609.0 8.97545400390625
610.0 4.7947115234375
611.0 1.63500078125
612.0 10.6372109375
613.0 21.61501767578125
614.0 12.59233359375
615.0 9.5967228515625
616.0 11.10405498046875
617.0 9.903869921875
618.0 21.218702734375
619.0 14.837262890625
620.0 2.92610654296875
621.0 3.8388900390625
622.0 3.1602326171875
623.0 5.575737890625
624.0 2.70853154296875
625.0 18.2202455078125
626.0 19.70443828125
627.0 21.67573671875
628.0 10.62569130859375
629.0 20.55531181640625
630.0 12.88402802734375
631.0 18.6924767578125
632.0 20.48974873046875
633.0 6.95368642578125
634.0 13.59864716796875
635.0 19.52445537109375
636.0 9.9126806640625
637.0 15.79737861328125
638.0 12.843555859375
639.0 14.04421337890625
640.0 11.43887138671875
641.0 14.086224609375
642.0 6.07513154296875
643.0 9.16213359375
644.0 8.56053017578125
645.0 0.49971005859375
646.0 2.83379287109375
647.0 12.45061064453125
648.0 4.29652138671875
649.0 1.46885
650.0 4.46647626953125
651.0 1.49214033203125
652.0 0.208443359375
653.0 1.936808203125
654.0 5.42353564453125
655.0 0.913490625
656.0 0.103828515625
657.0 1.42016875
658.0 1.16884111328125
659.0 0.95778427734375
660.0 0.361890625
661.0 0.388747265625
662.0 4.60787109375
663.0 2.58813046875
664.0 4.70137001953125
665.0 9.21046279296875
666.0 7.57959140625
667.0 2.84219189453125
668.0 2.88625634765625
669.0 1.3451458984375
670.0 2.64306748046875
671.0 4.0276119140625
672.0 3.81296220703125
673.0 7.27527685546875
674.0 4.75544833984375
675.0 8.71144443359375
676.0 4.28738896484375
677.0 7.6212619140625
678.0 11.80335029296875
679.0 2.89251328125
680.0 3.90555810546875
681.0 2.18636982421875
682.0 0.07096884765625
683.0 0.32508837890625
684.0 0.5741271484375
685.0 0.32848837890625
686.0 0.504595703125
687.0 0.4065626953125
688.0 0.0206603515625
689.0 0.13534541015625
690.0 0.21816259765625
691.0 0.0206603515625
692.0 0.2706908203125
693.0 0.1456755859375
694.0 0.10400390625
695.0 4.48996259765625
696.0 6.741475
697.0 6.325366796875
698.0 2.22246962890625
699.0 10.012173046875
700.0 26.19012255859375
701.0 13.4161890625
702.0 28.782079296875
703.0 27.19692568359375
704.0 29.92364287109375
705.0 19.20654580078125
706.0 3.072889453125
707.0 5.19609814453125
708.0 3.21367666015625
709.0 6.2018828125
710.0 4.86703251953125
711.0 6.4796134765625
712.0 5.3082662109375
713.0 7.0657568359375
714.0 13.4381384765625
715.0 17.5850794921875
716.0 14.18083916015625
717.0 4.294329296875
718.0 0.6470767578125
719.0 2.59147587890625
720.0 2.945351953125
721.0 1.51279453125
722.0 0.10400390625
723.0 4.4575291015625
724.0 1.80512021484375
725.0 9.2228697265625
726.0 11.67871708984375
727.0 10.56686494140625
728.0 6.52181328125
729.0 3.10752861328125
730.0 4.36546328125
731.0 8.31798388671875
732.0 9.88079453125
733.0 2.87267177734375
734.0 9.26306923828125
735.0 2.686817578125
736.0 1.760919921875
737.0 6.6756828125
738.0 8.050148046875
739.0 2.04127958984375
740.0 5.55863154296875
741.0 9.4556076171875
742.0 10.466555859375
743.0 11.93812958984375
744.0 3.10472109375
745.0 5.27265908203125
746.0 7.15157333984375
747.0 1.636932421875
748.0 4.8004421875
749.0 6.0759318359375
750.0 3.30452783203125
751.0 1.75982314453125
752.0 2.505629296875
753.0 1.8478732421875
754.0 10.07475234375
755.0 7.2945791015625
756.0 12.0252634765625
757.0 15.204120703125
758.0 9.149380078125
759.0 13.8072490234375
760.0 10.07413955078125
761.0 4.62648212890625
762.0 7.98605517578125
763.0 10.21343525390625
764.0 8.53261015625
765.0 6.4104513671875
766.0 8.69745517578125
767.0 9.652737109375
768.0 0.60459130859375
769.0 0.5741271484375
770.0 0.38537607421875
771.0 0.08316806640625
772.0 0.09367373046875
773.0 0.0833435546875
774.0 0.84029111328125
775.0 0.54590869140625
776.0 0.895942578125
777.0 1.6055908203125
778.0 0.1355208984375
779.0 1.5457376953125
780.0 0.90063447265625
781.0 0.09648232421875
782.0 0.1668625
783.0 0.11468505859375
784.0 0.03116611328125
785.0 0.0416716796875
786.0 0.0
787.0 0.0
788.0 0.0
789.0 0.0
790.0 0.0
791.0 0.0
792.0 0.0
793.0 0.0
794.0 0.0
795.0 0.0
796.0 0.0
797.0 0.0
798.0 0.0
799.0 0.0
