0.0 3.94832978515625
1.0 3.81948271484375
2.0 2.7668556640625
3.0 2.90950009765625
4.0 1.16593154296875
5.0 6.42326650390625
6.0 11.46874619140625
7.0 2.43693642578125
8.0 1.408088671875
9.0 2.23417666015625
10.0 1.9085005859375
11.0 6.258855078125
12.0 5.03189736328125
13.0 1.0707970703125
14.0 2.16626884765625
15.0 1.272703515625
16.0 10.287880859375
17.0 7.4759056640625
18.0 2.1328732421875
19.0 2.51484677734375
20.0 1.3339787109375
21.0 1.85711787109375
22.0 0.76253974609375
23.0 0.3333740234375
24.0 0.57981220703125
25.0 0.2748095703125
26.0 0.26053623046875
27.0 1.27688486328125
28.0 0.14135859375
29.0 0.1666869140625
30.0 0.1770171875
31.0 0.198028515625
32.0 0.2185134765625
33.0 0.34370419921875
34.0 0.30203251953125
35.0 0.16686240234375
36.0 0.27086640625
37.0 0.239700390625
38.0 17.673707421875
39.0 26.9148185546875
40.0 24.74393193359375
41.0 28.28746796875
42.0 10.51881435546875
43.0 23.51932529296875
44.0 26.88379169921875
45.0 26.729212109375
46.0 30.962318359375
47.0 39.103174609375
48.0 9.52824208984375
49.0 17.58236904296875
50.0 36.073345703125
51.0 25.29072919921875
52.0 48.32602822265625
53.0 31.50773486328125
54.0 7.04502080078125
55.0 1.01045234375
56.0 0.5298126953125
57.0 0.707613671875
58.0 1.28140302734375
59.0 0.08583056640625
60.0 1.0402953125
61.0 0.41926884765625
62.0 0.3962326171875
63.0 0.90715029296875
64.0 0.5417326171875
65.0 3.07928642578125
66.0 24.19143271484375
67.0 18.0945611328125
68.0 0.4379044921875
69.0 10.4114138671875
70.0 10.852776953125
71.0 27.2788705078125
72.0 33.9936634765625
73.0 27.87778544921875
74.0 26.30647119140625
75.0 8.8598208984375
76.0 0.25138125
77.0 3.1273115234375
78.0 1.6025970703125
79.0 2.03919794921875
80.0 7.16405517578125
81.0 23.20640546875
82.0 16.9273119140625
83.0 26.224281640625
84.0 19.242955859375
85.0 5.90976796875
86.0 0.2946173828125
87.0 0.57100029296875
88.0 0.7356833984375
89.0 2.1586013671875
90.0 3.0882259765625
91.0 3.1494345703125
92.0 3.05771953125
93.0 5.80694599609375
94.0 4.76916083984375
95.0 11.8979533203125
96.0 15.6085990234375
97.0 26.26231796875
98.0 39.57276396484375
99.0 16.83281728515625
100.0 23.92488466796875
101.0 25.89429365234375
102.0 34.65539501953125
103.0 5.430456640625
104.0 3.7803607421875
105.0 4.221385546875
106.0 9.660576953125
107.0 21.16097099609375
108.0 19.68077939453125
109.0 7.455101171875
110.0 3.12490654296875
111.0 8.9187458984375
112.0 31.62971142578125
113.0 34.8956712890625
114.0 34.31111318359375
115.0 20.391123828125
116.0 7.94124384765625
117.0 39.1339509765625
118.0 25.23243837890625
119.0 24.25087568359375
120.0 12.1990958984375
121.0 3.17284404296875
122.0 18.87298330078125
123.0 11.6790759765625
124.0 8.3717076171875
125.0 7.31013232421875
126.0 13.01980751953125
127.0 6.37996962890625
128.0 30.25649267578125
129.0 21.99054794921875
130.0 10.74588291015625
131.0 18.64644443359375
132.0 27.04081123046875
133.0 30.19649228515625
134.0 28.96808828125
135.0 23.3312279296875
136.0 22.38194208984375
137.0 21.20783837890625
138.0 15.0429677734375
139.0 9.2644791015625
140.0 27.46055654296875
141.0 20.3827298828125
142.0 4.943679296875
143.0 4.44366015625
144.0 4.82055908203125
145.0 8.30136552734375
146.0 24.86792216796875
147.0 17.5973208984375
148.0 6.38208359375
149.0 42.688444140625
150.0 24.68974580078125
151.0 21.65524111328125
152.0 26.9492990234375
153.0 23.5689435546875
154.0 35.83561083984375
155.0 28.4040380859375
156.0 42.92590595703125
157.0 32.40288779296875
158.0 28.6838033203125
159.0 42.42500341796875
160.0 30.1685517578125
161.0 47.92846845703125
162.0 40.7088056640625
163.0 39.09720625
164.0 27.79044736328125
165.0 23.26668037109375
166.0 18.80376669921875
167.0 25.27899638671875
168.0 34.1985017578125
169.0 1.938294921875
170.0 32.07368896484375
171.0 28.66897890625
172.0 12.92054248046875
173.0 41.07157822265625
174.0 28.5785060546875
175.0 32.31028740234375
176.0 23.0039216796875
177.0 36.06253544921875
178.0 8.976537109375
179.0 7.0136654296875
180.0 22.02125
181.0 11.41268466796875
182.0 27.6853326171875
183.0 28.67429140625
184.0 17.328508984375
185.0 31.5767630859375
186.0 9.33619296875
187.0 3.020508984375
188.0 16.72505908203125
189.0 24.04313994140625
190.0 44.4746517578125
191.0 4.53393486328125
192.0 22.51354716796875
193.0 29.13596630859375
194.0 19.07899443359375
195.0 23.82586806640625
196.0 8.70527998046875
197.0 3.50942158203125
198.0 27.54162744140625
199.0 27.46153818359375
200.0 36.49217666015625
201.0 10.03776171875
202.0 20.60947861328125
203.0 25.63039140625
204.0 21.5971109375
205.0 40.56281953125
206.0 18.75227197265625
207.0 19.04280556640625
208.0 13.107790234375
209.0 8.0099625
210.0 8.39956669921875
211.0 1.46061171875
212.0 1.23509375
213.0 1.682104296875
214.0 7.43296533203125
215.0 13.6198162109375
216.0 2.835348828125
217.0 0.7091216796875
218.0 2.98962021484375
219.0 26.7444001953125
220.0 13.75524072265625
221.0 30.18709033203125
222.0 29.32533232421875
223.0 30.03128603515625
224.0 23.50771064453125
225.0 4.65479072265625
226.0 0.18882919921875
227.0 0.31253798828125
228.0 0.36489111328125
229.0 0.60441591796875
230.0 1.029091796875
231.0 0.33644775390625
232.0 1.3030810546875
233.0 2.2684669921875
234.0 1.09867900390625
235.0 1.6918412109375
236.0 1.15858466796875
237.0 0.5312271484375
238.0 0.92283271484375
239.0 1.8640060546875
240.0 7.93368134765625
241.0 18.96571357421875
242.0 15.44267275390625
243.0 7.24339208984375
244.0 0.0
245.0 0.0
246.0 0.0
247.0 0.0
248.0 0.0
249.0 0.0
250.0 0.0
251.0 0.0
252.0 0.0
253.0 0.0
254.0 0.0
255.0 0.0
256.0 0.0
257.0 0.0
258.0 0.0
259.0 0.0
260.0 0.0
261.0 0.0
262.0 0.0
263.0 0.0
264.0 0.0
265.0 0.0
266.0 0.0
267.0 0.0
268.0 0.0
269.0 0.0
270.0 0.0
271.0 0.0
272.0 0.0
273.0 0.0
274.0 0.0
275.0 0.0
276.0 0.0
277.0 0.0
278.0 0.0
279.0 0.0
280.0 0.0
281.0 0.0
282.0 0.0
283.0 0.0
284.0 0.0
285.0 0.0
286.0 0.0
287.0 0.0
288.0 0.0
289.0 0.0
290.0 0.0
291.0 0.0
292.0 0.0
293.0 0.0
294.0 0.78652119140625
295.0 0.6451025390625
296.0 0.7405490234375
297.0 0.58322900390625
298.0 0.7284703125
299.0 0.92497314453125
300.0 0.6646826171875
301.0 1.25657177734375
302.0 0.46342607421875
303.0 0.3930376953125
304.0 0.500974609375
305.0 0.64113056640625
306.0 0.52699072265625
307.0 0.72717431640625
308.0 0.85295849609375
309.0 0.16797529296875
310.0 0.39303046875
311.0 1.00926748046875
312.0 1.31572294921875
313.0 0.38196240234375
314.0 0.6548384765625
315.0 1.154899609375
316.0 0.874229296875
317.0 0.66657255859375
318.0 0.3946533203125
319.0 1.90828798828125
320.0 1.32318017578125
321.0 1.4001041015625
322.0 0.64406220703125
323.0 0.68357880859375
324.0 0.99819384765625
325.0 0.9239482421875
326.0 1.2272611328125
327.0 0.85713818359375
328.0 0.93837783203125
329.0 0.806812890625
330.0 1.45276474609375
331.0 1.20898779296875
332.0 0.659376171875
333.0 1.6640625
334.0 2.1635138671875
335.0 1.37665478515625
336.0 1.63394921875
337.0 1.4940763671875
338.0 1.53915419921875
339.0 1.35647724609375
340.0 0.6670271484375
341.0 0.667859375
342.0 1.1860728515625
343.0 1.57897998046875
344.0 1.074348046875
345.0 1.001350390625
346.0 1.43364375
347.0 0.98498447265625
348.0 2.1772599609375
349.0 1.86122431640625
350.0 1.10908212890625
351.0 1.4047986328125
352.0 1.738448828125
353.0 0.79000859375
354.0 2.07083134765625
355.0 1.54428095703125
356.0 1.39424208984375
357.0 1.25218828125
358.0 1.46027236328125
359.0 2.5402927734375
360.0 2.09606162109375
361.0 1.5120390625
362.0 0.87896005859375
363.0 1.25067890625
364.0 1.264133203125
365.0 2.2203486328125
366.0 1.94947060546875
367.0 1.27186591796875
368.0 1.52031708984375
369.0 1.81125966796875
370.0 2.75285009765625
371.0 1.54697939453125
372.0 1.222437109375
373.0 1.63092490234375
374.0 1.19755341796875
375.0 2.0930380859375
376.0 0.89309697265625
377.0 4.49710029296875
378.0 2.9281416015625
379.0 0.56961923828125
380.0 1.38860224609375
381.0 1.5547966796875
382.0 1.51663173828125
383.0 0.91349384765625
384.0 0.93088896484375
385.0 0.6907998046875
386.0 0.73905947265625
387.0 0.74693203125
388.0 1.99059326171875
389.0 4.794322265625
390.0 0.60394814453125
391.0 12.5311890625
392.0 11.1505640625
393.0 8.8558107421875
394.0 4.58497001953125
395.0 6.378408984375
396.0 6.22836123046875
397.0 11.0384876953125
398.0 8.3510974609375
399.0 3.22625732421875
400.0 23.5454201171875
401.0 25.40028310546875
402.0 27.57015927734375
403.0 27.351362890625
404.0 27.783953515625
405.0 9.0198951171875
406.0 6.41353349609375
407.0 16.39252314453125
408.0 21.7050806640625
409.0 15.36233701171875
410.0 2.89059423828125
411.0 11.03730791015625
412.0 18.87441513671875
413.0 3.4138310546875
414.0 1.55393984375
415.0 3.3910064453125
416.0 0.94899755859375
417.0 0.19785302734375
418.0 0.693962109375
419.0 0.2496794921875
420.0 2.0066236328125
421.0 24.96705576171875
422.0 13.53026494140625
423.0 29.99156650390625
424.0 26.7794056640625
425.0 19.82566533203125
426.0 0.7302974609375
427.0 2.5475234375
428.0 0.66977841796875
429.0 0.6321251953125
430.0 0.4381552734375
431.0 10.2736291015625
432.0 20.503440234375
433.0 7.31235302734375
434.0 4.31050107421875
435.0 3.6935439453125
436.0 2.55877392578125
437.0 9.00060126953125
438.0 2.1416447265625
439.0 6.1164431640625
440.0 4.587010546875
441.0 2.79225673828125
442.0 5.0778587890625
443.0 3.44323837890625
444.0 4.43350205078125
445.0 4.1213337890625
446.0 5.61577265625
447.0 0.72760400390625
448.0 23.921681640625
449.0 25.93511982421875
450.0 8.814532421875
451.0 19.20266748046875
452.0 3.14518359375
453.0 1.05668544921875
454.0 1.971534765625
455.0 1.29263916015625
456.0 0.135758984375
457.0 0.98259658203125
458.0 0.75763779296875
459.0 0.8233048828125
460.0 0.5527404296875
461.0 0.606771484375
462.0 0.04911982421875
463.0 0.43790439453125
464.0 0.42739853515625
465.0 1.38166357421875
466.0 4.94983369140625
467.0 3.89983505859375
468.0 3.51591357421875
469.0 3.124894921875
470.0 3.4667875
471.0 7.74983828125
472.0 5.93996572265625
473.0 8.374812109375
474.0 10.53448330078125
475.0 8.65312060546875
476.0 14.0774001953125
477.0 8.55560302734375
478.0 6.873569140625
479.0 7.577183203125
480.0 24.38571044921875
481.0 31.95781650390625
482.0 6.6291193359375
483.0 3.05280380859375
484.0 0.6335845703125
485.0 1.77140048828125
486.0 1.54325859375
487.0 1.5119169921875
488.0 2.71040927734375
489.0 19.7027796875
490.0 10.6177404296875
491.0 7.68060400390625
492.0 5.2328095703125
493.0 7.86590517578125
494.0 6.29881396484375
495.0 0.1145095703125
496.0 7.65908564453125
497.0 0.14599091796875
498.0 0.3752212890625
499.0 5.82483857421875
500.0 10.4128146484375
501.0 10.642101953125
502.0 8.197168359375
503.0 4.53215146484375
504.0 4.951965234375
505.0 3.21912626953125
506.0 0.22703359375
507.0 0.283006640625
508.0 0.44404267578125
509.0 0.22305634765625
510.0 0.30220791015625
511.0 0.48973095703125
512.0 0.23952490234375
513.0 0.47922509765625
514.0 1.18430546875
515.0 5.99628837890625
516.0 2.61701162109375
517.0 0.9913814453125
518.0 1.0500861328125
519.0 5.10095205078125
520.0 3.87968076171875
521.0 2.06916494140625
522.0 4.79968037109375
523.0 1.78843603515625
524.0 2.91057802734375
525.0 0.531578125
526.0 0.1665115234375
527.0 0.57618525390625
528.0 4.51557958984375
529.0 3.25519697265625
530.0 2.02371220703125
531.0 1.92645029296875
532.0 1.40827353515625
533.0 2.47998359375
534.0 8.257716796875
535.0 8.10838388671875
536.0 3.675513671875
537.0 1.45443837890625
538.0 3.2942755859375
539.0 3.2669005859375
540.0 1.34000810546875
541.0 1.708541796875
542.0 11.329884375
543.0 11.95485048828125
544.0 14.68622626953125
545.0 11.4853416015625
546.0 8.38384951171875
547.0 3.47919892578125
548.0 7.4787234375
549.0 7.36213310546875
550.0 10.3583546875
551.0 5.7441498046875
552.0 3.9727484375
553.0 6.21538681640625
554.0 3.61073701171875
555.0 2.2220001953125
556.0 1.08504482421875
557.0 0.59461220703125
558.0 0.802619921875
559.0 3.16683486328125
560.0 8.53263818359375
561.0 10.4024578125
562.0 2.840558984375
563.0 0.52999892578125
564.0 0.82345576171875
565.0 0.97018427734375
566.0 0.52642666015625
567.0 3.19936376953125
568.0 7.3367859375
569.0 4.2025298828125
570.0 10.23430595703125
571.0 15.33178017578125
572.0 20.68934296875
573.0 21.486323046875
574.0 22.9065234375
575.0 20.7511333984375
576.0 24.2850521484375
577.0 25.4122828125
578.0 13.08765859375
579.0 31.3735447265625
580.0 22.18190458984375
581.0 24.0418421875
582.0 18.02970576171875
583.0 13.37549931640625
584.0 15.011704296875
585.0 17.00864140625
586.0 20.8891529296875
587.0 11.76484326171875
588.0 13.105452734375
589.0 16.72640986328125
590.0 16.92960029296875
591.0 15.52213671875
592.0 17.99937080078125
593.0 13.1533048828125
594.0 3.55593876953125
595.0 0.78143310546875
596.0 12.78615
597.0 9.68836787109375
598.0 3.7382900390625
599.0 13.77437021484375
600.0 15.87668984375
601.0 15.233906640625
602.0 20.39002060546875
603.0 28.16620751953125
604.0 9.7732927734375
605.0 16.93767529296875
606.0 20.45695244140625
607.0 24.571634375
608.0 23.69874482421875
609.0 24.017499609375
610.0 21.68429873046875
611.0 21.1252435546875
612.0 20.4608607421875
613.0 22.627559765625
614.0 20.24636962890625
615.0 15.54734443359375
616.0 22.2963875
617.0 15.7755072265625
618.0 21.8505556640625
619.0 21.2570623046875
620.0 25.028178515625
621.0 21.97097197265625
622.0 25.93488427734375
623.0 25.42082763671875
624.0 22.418658984375
625.0 25.38828955078125
626.0 22.28395068359375
627.0 23.68151494140625
628.0 18.85071591796875
629.0 10.68758408203125
630.0 30.2354107421875
631.0 19.56929697265625
632.0 19.03796708984375
633.0 15.43208359375
634.0 22.6858103515625
635.0 18.680069140625
636.0 3.3934359375
637.0 10.89481357421875
638.0 21.0954068359375
639.0 16.559108984375
640.0 7.05446875
641.0 21.3969623046875
642.0 18.31353388671875
643.0 12.18471396484375
644.0 23.02454169921875
645.0 12.73584931640625
646.0 15.71559541015625
647.0 17.4841423828125
648.0 14.4398869140625
649.0 14.57882421875
650.0 18.178036328125
651.0 16.79935107421875
652.0 11.23608466796875
653.0 4.68281748046875
654.0 8.99998486328125
655.0 15.2534841796875
656.0 20.24440390625
657.0 11.68028125
658.0 10.0118560546875
659.0 12.724648046875
660.0 7.01430654296875
661.0 6.2359703125
662.0 14.02779697265625
663.0 22.5045017578125
664.0 15.38868125
665.0 29.307624609375
666.0 21.17582216796875
667.0 2.08362275390625
668.0 1.64478330078125
669.0 41.7990638671875
670.0 22.1792564453125
671.0 4.4079591796875
672.0 2.367840234375
673.0 2.7324830078125
674.0 12.97427607421875
675.0 2.054974609375
676.0 10.72913134765625
677.0 3.8270046875
678.0 5.98165400390625
679.0 4.77781923828125
680.0 3.81549482421875
681.0 20.98220068359375
682.0 6.11136259765625
683.0 4.76053017578125
684.0 3.3883681640625
685.0 3.09124775390625
686.0 9.2055697265625
687.0 12.30515
688.0 4.561330859375
689.0 2.9674009765625
690.0 3.57807890625
691.0 3.05352822265625
692.0 1.65679814453125
693.0 1.22485947265625
694.0 4.8692240234375
695.0 4.36564228515625
696.0 3.11452021484375
697.0 2.506013671875
698.0 0.01094345703125
699.0 1.5637435546875
700.0 3.351237890625
701.0 0.30835390625
702.0 0.5629197265625
703.0 0.6505095703125
704.0 0.0673630859375
705.0 0.0
706.0 0.0
707.0 0.0
708.0 0.0
709.0 0.0
710.0 0.0
711.0 0.0
712.0 0.0
713.0 0.0
714.0 0.0
715.0 0.0
716.0 0.0
717.0 0.0
718.0 0.0
719.0 0.0
720.0 0.0
721.0 0.0
722.0 0.0
723.0 0.0
724.0 0.0
725.0 0.0
726.0 0.0
727.0 0.0
728.0 0.0
729.0 0.0
730.0 0.0
731.0 0.0
732.0 0.0
733.0 0.0
734.0 0.0
735.0 0.0
736.0 0.0
737.0 0.0
738.0 0.0
739.0 0.0
740.0 0.0
741.0 0.0
742.0 0.0
743.0 0.0
744.0 0.0
745.0 0.0
746.0 0.0
747.0 0.0
748.0 0.0
749.0 0.0
750.0 0.0
751.0 0.0
752.0 0.0
753.0 0.0
754.0 0.0
755.0 0.0
756.0 0.0
757.0 0.01033017578125
758.0 0.82477568359375
759.0 0.760597265625
760.0 1.17347265625
761.0 0.56623544921875
762.0 1.15647890625
763.0 0.97946171875
764.0 1.50328486328125
765.0 0.726329296875
766.0 0.70806875
767.0 0.85409541015625
768.0 1.2561138671875
769.0 1.03345556640625
770.0 0.5601873046875
771.0 0.45811943359375
772.0 0.39950595703125
773.0 0.666748046875
774.0 0.88213115234375
775.0 2.32552451171875
776.0 2.154578125
777.0 21.61915859375
778.0 25.34686279296875
779.0 24.14998369140625
780.0 32.91048037109375
781.0 30.22722275390625
782.0 35.145755859375
783.0 32.12655732421875
784.0 39.1637078125
785.0 30.3600880859375
786.0 31.54273359375
787.0 20.72819443359375
788.0 0.77426650390625
789.0 5.4611361328125
790.0 27.26786787109375
791.0 18.15660625
792.0 25.302198046875
793.0 30.163831640625
794.0 30.95662607421875
795.0 18.77298955078125
796.0 48.30106953125
797.0 13.14326044921875
798.0 0.9515509765625
799.0 30.0610302734375
