0.0 21.693044140625
1.0 20.98412099609375
2.0 23.319025
3.0 23.59266962890625
4.0 21.5675189453125
5.0 21.7139302734375
6.0 19.44115029296875
7.0 23.54087568359375
8.0 21.42559521484375
9.0 21.680224609375
10.0 22.105796875
11.0 21.165246875
12.0 21.9831154296875
13.0 18.980401953125
14.0 18.8125689453125
15.0 23.4118560546875
16.0 15.96903828125
17.0 20.336619140625
18.0 19.7636236328125
19.0 18.8423666015625
20.0 20.27618779296875
21.0 19.02408642578125
22.0 22.645769921875
23.0 22.57433330078125
24.0 20.12667529296875
25.0 21.54129345703125
26.0 21.40551611328125
27.0 23.157861328125
28.0 21.63037255859375
29.0 16.59042783203125
30.0 20.684133984375
31.0 17.6108349609375
32.0 16.70075966796875
33.0 19.57828857421875
34.0 20.29997177734375
35.0 23.95621533203125
36.0 20.34623486328125
37.0 18.815724609375
38.0 24.459291796875
39.0 21.50012548828125
40.0 18.99829765625
41.0 23.34280771484375
42.0 22.46165751953125
43.0 22.49254208984375
44.0 20.402164453125
45.0 23.3432416015625
46.0 22.3282408203125
47.0 23.29131962890625
48.0 22.4882279296875
49.0 17.55506611328125
50.0 19.11798935546875
51.0 18.43803671875
52.0 21.9814044921875
53.0 23.62899658203125
54.0 18.54749052734375
55.0 17.20416669921875
56.0 19.396605859375
57.0 17.4261658203125
58.0 20.31350791015625
59.0 21.097533984375
60.0 19.151435546875
61.0 18.35708583984375
62.0 22.48922744140625
63.0 19.58778291015625
64.0 22.06697294921875
65.0 21.40785869140625
66.0 25.36085224609375
67.0 23.0469203125
68.0 23.6905744140625
69.0 23.2639427734375
70.0 20.37725888671875
71.0 20.959396484375
72.0 16.16200830078125
73.0 22.8599953125
74.0 21.7791833984375
75.0 20.9390880859375
76.0 18.16165576171875
77.0 20.75645556640625
78.0 22.1487373046875
79.0 21.7045923828125
80.0 24.36818603515625
81.0 21.35551103515625
82.0 22.325704296875
83.0 23.863728515625
84.0 20.19124892578125
85.0 23.7307986328125
86.0 19.07588154296875
87.0 20.42914296875
88.0 20.35059833984375
89.0 16.84086875
90.0 20.35631337890625
91.0 19.43824482421875
92.0 17.17827626953125
93.0 20.596788671875
94.0 20.82782470703125
95.0 16.51278583984375
96.0 13.5165009765625
97.0 23.85830166015625
98.0 19.1223947265625
99.0 22.69778974609375
100.0 20.7995388671875
101.0 22.9240443359375
102.0 21.693246875
103.0 24.340275
104.0 22.30320966796875
105.0 19.63206875
106.0 18.54351005859375
107.0 13.968066796875
108.0 27.2159546875
109.0 17.969501171875
110.0 17.59810498046875
111.0 22.65013798828125
112.0 23.011014453125
113.0 17.2608876953125
114.0 22.47427275390625
115.0 22.9298166015625
116.0 16.0465369140625
117.0 25.43208369140625
118.0 20.7383244140625
119.0 20.3069
120.0 23.2747671875
121.0 20.31534697265625
122.0 24.62064521484375
123.0 21.8995578125
124.0 22.84147451171875
125.0 20.83981552734375
126.0 19.43222578125
127.0 23.420405078125
128.0 21.09808662109375
129.0 20.844278515625
130.0 21.88050546875
131.0 19.32514951171875
132.0 19.13746123046875
133.0 20.59706630859375
134.0 20.71421142578125
135.0 22.0013046875
136.0 18.10495830078125
137.0 19.728626953125
138.0 19.29631962890625
139.0 17.5451220703125
140.0 20.86564013671875
141.0 19.4598681640625
142.0 20.90476396484375
143.0 15.08582255859375
144.0 28.7556033203125
145.0 23.0053802734375
146.0 25.8854498046875
147.0 20.66157509765625
148.0 25.592525390625
149.0 22.0015998046875
150.0 21.9815205078125
151.0 18.86889736328125
152.0 20.02529287109375
153.0 23.77146884765625
154.0 19.89226162109375
155.0 23.37219892578125
156.0 21.69269931640625
157.0 20.34532119140625
158.0 20.10979560546875
159.0 17.34204140625
160.0 16.49295283203125
161.0 19.4258978515625
162.0 19.38130234375
163.0 23.635377734375
164.0 22.5287060546875
165.0 24.41950966796875
166.0 19.89240498046875
167.0 24.08479375
168.0 24.74889462890625
169.0 20.4833673828125
170.0 21.970665234375
171.0 22.98394267578125
172.0 22.5002658203125
173.0 25.4431197265625
174.0 25.95259912109375
175.0 23.462830078125
176.0 25.64774638671875
177.0 19.1614365234375
178.0 21.0762935546875
179.0 23.222587890625
180.0 22.2723822265625
181.0 21.3597873046875
182.0 17.398030859375
183.0 15.154793359375
184.0 24.06749765625
185.0 15.874616015625
186.0 19.2446326171875
187.0 16.7565283203125
188.0 15.75690849609375
189.0 18.94329375
190.0 19.76700341796875
191.0 21.09205595703125
192.0 15.0824490234375
193.0 23.95839345703125
194.0 23.326758203125
195.0 28.14762919921875
196.0 23.992234375
197.0 25.5066693359375
198.0 25.5195796875
199.0 19.143298046875
200.0 30.815164453125
201.0 22.63823310546875
202.0 26.43517548828125
203.0 24.02460908203125
204.0 23.74569052734375
205.0 26.35331533203125
206.0 21.37210029296875
207.0 26.30642529296875
208.0 17.24567880859375
209.0 26.72518095703125
210.0 25.0363208984375
211.0 24.71982001953125
212.0 20.38918408203125
213.0 17.608608203125
214.0 17.35856484375
215.0 20.453590234375
216.0 19.58709853515625
217.0 28.83053701171875
218.0 25.0032224609375
219.0 28.842391015625
220.0 22.51550546875
221.0 25.08591943359375
222.0 19.6193763671875
223.0 19.73350966796875
224.0 22.88195224609375
225.0 21.63936552734375
226.0 24.67573779296875
227.0 20.00008583984375
228.0 20.80337861328125
229.0 22.69309931640625
230.0 20.2630154296875
231.0 22.16887392578125
232.0 13.15931923828125
233.0 18.0177384765625
234.0 19.707044140625
235.0 15.9246224609375
236.0 20.95665625
237.0 22.9824623046875
238.0 21.94814228515625
239.0 19.22886015625
240.0 15.98290546875
241.0 18.5151080078125
242.0 20.93968154296875
243.0 21.98144111328125
244.0 21.32285126953125
245.0 22.8377109375
246.0 20.414284375
247.0 23.16160751953125
248.0 18.360230859375
249.0 18.81975673828125
250.0 16.17191728515625
251.0 21.1195171875
252.0 18.3159255859375
253.0 16.32483603515625
254.0 18.7157228515625
255.0 19.91682294921875
256.0 21.35209150390625
257.0 23.76438818359375
258.0 21.835838671875
259.0 26.07354912109375
260.0 22.9201970703125
261.0 25.45366875
262.0 21.31300224609375
263.0 19.765158984375
264.0 23.9020716796875
265.0 19.613973828125
266.0 14.038176171875
267.0 26.932513671875
268.0 18.5951810546875
269.0 19.209264453125
270.0 24.5401673828125
271.0 20.3845697265625
272.0 21.951921484375
273.0 19.6132671875
274.0 18.2516990234375
275.0 20.4848701171875
276.0 15.9867166015625
277.0 17.59372724609375
278.0 18.141984375
279.0 21.73493232421875
280.0 24.1777533203125
281.0 24.6694021484375
282.0 22.46399912109375
283.0 26.00614140625
284.0 22.18694365234375
285.0 18.6597671875
286.0 20.74440234375
287.0 23.7501505859375
288.0 22.85216240234375
289.0 16.9863470703125
290.0 24.521725390625
291.0 24.81008388671875
292.0 23.7022275390625
293.0 19.2744921875
294.0 25.0514263671875
295.0 23.5173875
296.0 26.5091552734375
297.0 23.3966810546875
298.0 25.7554529296875
299.0 21.14684697265625
300.0 18.53291474609375
301.0 15.22263251953125
302.0 20.19632802734375
303.0 17.4058103515625
304.0 20.08943623046875
305.0 20.18865595703125
306.0 22.87083427734375
307.0 23.672198828125
308.0 21.06543798828125
309.0 21.262569921875
310.0 19.91803310546875
311.0 23.4210390625
312.0 23.41596103515625
313.0 23.33341396484375
314.0 17.246379296875
315.0 16.59758994140625
316.0 20.08589326171875
317.0 19.51994296875
318.0 21.95900009765625
319.0 21.34015087890625
320.0 15.8772853515625
321.0 16.87324287109375
322.0 19.84623408203125
323.0 19.75538671875
324.0 20.875644921875
325.0 20.05378525390625
326.0 22.8069150390625
327.0 21.8319689453125
328.0 14.16131533203125
329.0 19.6634796875
330.0 21.2318990234375
331.0 24.947137109375
332.0 25.1207283203125
333.0 19.96928408203125
334.0 16.57526171875
335.0 18.56189638671875
336.0 23.26643603515625
337.0 22.02557490234375
338.0 22.84976005859375
339.0 22.056758984375
340.0 17.96640498046875
341.0 17.76220205078125
342.0 19.33001708984375
343.0 22.23660654296875
344.0 17.6644744140625
345.0 23.306840625
346.0 20.4830126953125
347.0 18.22253701171875
348.0 24.565346484375
349.0 16.2935
350.0 19.1296966796875
351.0 21.3431451171875
352.0 21.08851064453125
353.0 24.3306994140625
354.0 16.87758173828125
355.0 28.007459375
356.0 23.95807490234375
357.0 22.32271962890625
358.0 21.32393125
359.0 24.47359384765625
360.0 23.6039259765625
361.0 20.53695693359375
362.0 18.4588771484375
363.0 23.1504375
364.0 18.51817197265625
365.0 21.0124537109375
366.0 24.68240947265625
367.0 21.49249345703125
368.0 20.6873986328125
369.0 22.34070947265625
370.0 16.27928115234375
371.0 20.34651533203125
372.0 18.59947265625
373.0 19.12845810546875
374.0 21.0494056640625
375.0 18.12450703125
376.0 19.848569921875
377.0 20.55678974609375
378.0 21.19411162109375
379.0 16.398986328125
380.0 15.02157529296875
381.0 21.26101123046875
382.0 21.02829267578125
383.0 23.10732841796875
384.0 19.16300166015625
385.0 19.805603125
386.0 20.497638671875
387.0 15.9081267578125
388.0 18.8957462890625
389.0 22.8099775390625
390.0 18.61177021484375
391.0 16.70100185546875
392.0 15.794368359375
393.0 17.3302623046875
394.0 19.07938359375
395.0 20.535009765625
396.0 17.72020849609375
397.0 18.79108388671875
398.0 27.7849525390625
399.0 22.6357263671875
400.0 24.1584005859375
401.0 16.0402775390625
402.0 23.8073505859375
403.0 17.40651904296875
404.0 20.3348986328125
405.0 20.304608984375
406.0 21.7349142578125
407.0 18.0063490234375
408.0 20.19897919921875
409.0 21.65595947265625
410.0 18.688128515625
411.0 16.80432197265625
412.0 19.5421173828125
413.0 20.16450712890625
414.0 20.06134951171875
415.0 20.60732177734375
416.0 20.51206513671875
417.0 18.90130087890625
418.0 20.62138525390625
419.0 14.01353017578125
420.0 20.039238671875
421.0 19.260174609375
422.0 19.34240634765625
423.0 19.769399609375
424.0 16.67314248046875
425.0 17.38202314453125
426.0 22.178976171875
427.0 21.78635625
428.0 19.20578046875
429.0 21.93302734375
430.0 19.56140029296875
431.0 21.81393447265625
432.0 20.23182841796875
433.0 17.7140830078125
434.0 19.21064794921875
435.0 18.578833984375
436.0 24.62448701171875
437.0 23.42178916015625
438.0 18.4556990234375
439.0 19.3692287109375
440.0 17.84739892578125
441.0 16.9815123046875
442.0 19.2095044921875
443.0 19.79065615234375
444.0 18.42514404296875
445.0 16.2277197265625
446.0 19.47777666015625
447.0 21.7881943359375
448.0 18.51511884765625
449.0 19.6371271484375
450.0 21.2223419921875
451.0 22.18908564453125
452.0 21.89505009765625
453.0 17.1436083984375
454.0 17.2311185546875
455.0 17.1981697265625
456.0 20.166223828125
457.0 17.81464140625
458.0 22.675086328125
459.0 18.31143857421875
460.0 14.37768154296875
461.0 16.85949677734375
462.0 15.94338701171875
463.0 16.24696435546875
464.0 21.04986630859375
465.0 21.27626376953125
466.0 23.19990908203125
467.0 19.38156904296875
468.0 22.70147255859375
469.0 19.22347783203125
470.0 22.64094560546875
471.0 21.55394189453125
472.0 24.481403125
473.0 19.949936328125
474.0 17.07788681640625
475.0 19.12540380859375
476.0 15.706143359375
477.0 16.87159140625
478.0 14.2407138671875
479.0 16.95680888671875
480.0 20.94937861328125
481.0 15.22301796875
482.0 27.726994921875
483.0 23.6672154296875
484.0 20.1585484375
485.0 15.8374119140625
486.0 18.36001103515625
487.0 16.7185095703125
488.0 22.19459091796875
489.0 21.52188349609375
490.0 15.07271103515625
491.0 26.52294140625
492.0 26.67488876953125
493.0 28.87779794921875
494.0 19.6231107421875
495.0 22.3377404296875
496.0 19.8032697265625
497.0 22.224532421875
498.0 14.65826259765625
499.0 15.3629484375
500.0 27.466845703125
501.0 23.021758984375
502.0 19.22315732421875
503.0 23.50532490234375
504.0 14.93733798828125
505.0 25.20428291015625
506.0 19.650068359375
507.0 17.644064453125
508.0 19.75847568359375
509.0 19.09596552734375
510.0 21.89440419921875
511.0 19.03197529296875
512.0 17.01909423828125
513.0 22.0936962890625
514.0 23.79499951171875
515.0 24.9769765625
516.0 20.69574345703125
517.0 23.23972451171875
518.0 16.59554541015625
519.0 26.96727568359375
520.0 18.377115234375
521.0 29.44510244140625
522.0 25.41485703125
523.0 22.88188193359375
524.0 25.20494697265625
525.0 21.8850861328125
526.0 22.92993466796875
527.0 24.3886541015625
528.0 24.6559185546875
529.0 21.90438486328125
530.0 23.846951953125
531.0 19.29783427734375
532.0 18.66723974609375
533.0 19.7071630859375
534.0 23.62090615234375
535.0 20.57949365234375
536.0 19.46416240234375
537.0 23.91382158203125
538.0 21.6464662109375
539.0 23.914498046875
540.0 24.125369921875
541.0 21.00501474609375
542.0 23.60778857421875
543.0 21.1510583984375
544.0 22.10836513671875
545.0 16.7201138671875
546.0 15.43436484375
547.0 18.87089248046875
548.0 18.01512041015625
549.0 23.9231873046875
550.0 20.20431787109375
551.0 20.190298828125
552.0 24.81911416015625
553.0 21.46258056640625
554.0 20.12091064453125
555.0 21.68248232421875
556.0 17.00529111328125
557.0 23.2721126953125
558.0 20.71776650390625
559.0 24.07802568359375
560.0 24.37788037109375
561.0 18.85232373046875
562.0 19.75702138671875
563.0 18.23951201171875
564.0 15.86857470703125
565.0 23.0453265625
566.0 20.78080185546875
567.0 21.85603515625
568.0 13.10071630859375
569.0 29.474482421875
570.0 22.38617783203125
571.0 25.48805078125
572.0 23.4163650390625
573.0 26.54332646484375
574.0 17.6234275390625
575.0 26.32309306640625
576.0 24.0676361328125
577.0 26.31688134765625
578.0 24.442375
579.0 25.90273828125
580.0 24.03243232421875
581.0 21.4764498046875
582.0 24.73420517578125
583.0 24.003890234375
584.0 25.74008212890625
585.0 21.27622626953125
586.0 24.90051416015625
587.0 22.85496474609375
588.0 24.0694048828125
589.0 22.35413056640625
590.0 20.2375826171875
591.0 21.190047265625
592.0 19.049889453125
593.0 23.12154140625
594.0 18.25406259765625
595.0 19.07077451171875
596.0 22.4449783203125
597.0 20.11386533203125
598.0 17.2009693359375
599.0 20.207351171875
600.0 16.53873408203125
601.0 15.9034177734375
602.0 16.65108857421875
603.0 11.4329369140625
604.0 18.67244091796875
605.0 16.23779609375
606.0 17.32627041015625
607.0 18.3350318359375
608.0 19.44388818359375
609.0 19.54369931640625
610.0 16.4997939453125
611.0 18.1038521484375
612.0 18.69558876953125
613.0 15.5271775390625
614.0 19.51176171875
615.0 16.88386943359375
616.0 15.14585859375
617.0 14.91054775390625
618.0 14.65891044921875
619.0 12.5875212890625
620.0 17.587425390625
621.0 18.1435703125
622.0 16.52087568359375
623.0 17.34664189453125
624.0 15.05245341796875
625.0 21.90649619140625
626.0 23.4777435546875
627.0 18.628158984375
628.0 19.82927431640625
629.0 18.17817333984375
630.0 17.35251337890625
631.0 15.99282646484375
632.0 16.33663173828125
633.0 16.0249078125
634.0 18.62132353515625
635.0 15.43649755859375
636.0 19.38354892578125
637.0 19.74557880859375
638.0 20.168445703125
639.0 22.13723994140625
640.0 16.87683564453125
641.0 18.1928921875
642.0 21.08986708984375
643.0 22.36356455078125
644.0 17.79041083984375
645.0 21.50130234375
646.0 19.936640625
647.0 22.1756470703125
648.0 21.25089111328125
649.0 19.53421328125
650.0 20.742348046875
651.0 20.22799228515625
652.0 20.21076689453125
653.0 20.73181318359375
654.0 19.3038720703125
655.0 18.3950568359375
656.0 18.19603798828125
657.0 19.33215224609375
658.0 19.13552578125
659.0 21.20938466796875
660.0 20.73712021484375
661.0 23.2757626953125
662.0 16.93723095703125
663.0 16.39509921875
664.0 21.10285380859375
665.0 23.26711171875
666.0 20.8736826171875
667.0 22.274426953125
668.0 19.8354990234375
669.0 19.07174130859375
670.0 22.1120578125
671.0 17.6264376953125
672.0 11.46350263671875
673.0 24.66166142578125
674.0 18.5192572265625
675.0 17.37780888671875
676.0 14.3309875
677.0 23.72357822265625
678.0 22.8550884765625
679.0 22.13392041015625
680.0 18.83418798828125
681.0 21.76003720703125
682.0 17.8262193359375
683.0 20.64588359375
684.0 21.54727861328125
685.0 20.042309375
686.0 20.51509892578125
687.0 19.79263671875
688.0 17.84772001953125
689.0 19.9522494140625
690.0 21.509757421875
691.0 22.39179248046875
692.0 20.6850884765625
693.0 22.42985126953125
694.0 16.20015947265625
695.0 20.128231640625
696.0 17.5167041015625
697.0 19.68926943359375
698.0 19.126009765625
699.0 21.818904296875
700.0 20.38557666015625
701.0 21.91024423828125
702.0 21.13181845703125
703.0 23.044922265625
704.0 21.53733623046875
705.0 18.554377734375
706.0 21.47621376953125
707.0 20.7317439453125
708.0 20.88461904296875
709.0 21.9453373046875
710.0 20.732448046875
711.0 22.7675095703125
712.0 21.95365009765625
713.0 20.54844345703125
714.0 18.09312998046875
715.0 19.50634228515625
716.0 23.1520189453125
717.0 22.07190361328125
718.0 21.33479033203125
719.0 14.99148251953125
720.0 24.90995703125
721.0 20.63505439453125
722.0 18.65695419921875
723.0 20.756037109375
724.0 16.9315072265625
725.0 16.92467060546875
726.0 23.23376552734375
727.0 26.7389623046875
728.0 23.29616943359375
729.0 19.07017763671875
730.0 18.5592283203125
731.0 24.82669794921875
732.0 24.561962890625
733.0 20.840712890625
734.0 22.05214423828125
735.0 21.861075
736.0 16.0294671875
737.0 25.079312890625
738.0 22.568725390625
739.0 18.15236025390625
740.0 19.71994833984375
741.0 19.54475830078125
742.0 14.5913572265625
743.0 16.8876337890625
744.0 21.73288466796875
745.0 24.05699892578125
746.0 17.15720146484375
747.0 28.29540107421875
748.0 15.23829033203125
749.0 30.06405986328125
750.0 23.08735400390625
751.0 19.53767626953125
752.0 18.59924140625
753.0 18.92488505859375
754.0 21.18843837890625
755.0 20.47155810546875
756.0 22.09106396484375
757.0 24.4162720703125
758.0 21.8877375
759.0 25.29207578125
760.0 23.8575345703125
761.0 25.34593095703125
762.0 23.66222958984375
763.0 22.6102818359375
764.0 22.5633888671875
765.0 20.304738671875
766.0 23.7550392578125
767.0 25.0033533203125
768.0 19.05179638671875
769.0 19.62556142578125
770.0 34.34481171875
771.0 26.0126970703125
772.0 22.7665763671875
773.0 24.0213990234375
774.0 20.96052470703125
775.0 21.7465486328125
776.0 20.11272607421875
777.0 21.42595849609375
778.0 21.42364384765625
779.0 16.8417708984375
780.0 20.48889033203125
781.0 20.93992060546875
782.0 19.58483798828125
783.0 17.49883779296875
784.0 26.97838935546875
785.0 24.94273212890625
786.0 27.26434052734375
787.0 23.3309466796875
788.0 27.8175080078125
789.0 26.26985458984375
790.0 23.89216455078125
791.0 19.91627978515625
792.0 23.50227763671875
793.0 18.48556923828125
794.0 31.367137109375
795.0 19.22915908203125
796.0 27.67037744140625
797.0 25.34315
798.0 19.85778173828125
799.0 34.25539921875
