0.0 24.54172734375
1.0 22.6526810546875
2.0 23.8394572265625
3.0 16.53792734375
4.0 23.752530078125
5.0 21.49181630859375
6.0 24.51669169921875
7.0 22.11200244140625
8.0 24.3369189453125
9.0 21.0644357421875
10.0 21.4402212890625
11.0 21.41204462890625
12.0 24.0591455078125
13.0 21.4116435546875
14.0 24.26555927734375
15.0 19.3252099609375
16.0 26.07147294921875
17.0 22.3750458984375
18.0 24.8945509765625
19.0 22.19540947265625
20.0 24.17729189453125
21.0 22.56345068359375
22.0 24.11438095703125
23.0 23.39990556640625
24.0 25.08988828125
25.0 23.12702822265625
26.0 21.75435322265625
27.0 21.4560146484375
28.0 20.20595322265625
29.0 12.0394966796875
30.0 13.00988134765625
31.0 20.42504501953125
32.0 22.7312248046875
33.0 21.4790224609375
34.0 21.89038427734375
35.0 22.33822744140625
36.0 18.78261787109375
37.0 21.27427421875
38.0 20.407794140625
39.0 22.2519638671875
40.0 19.3772271484375
41.0 22.65429658203125
42.0 20.9560119140625
43.0 22.6662947265625
44.0 21.3110494140625
45.0 23.81243662109375
46.0 16.39793232421875
47.0 24.780829296875
48.0 22.6700498046875
49.0 23.72686533203125
50.0 24.51767421875
51.0 21.7903259765625
52.0 23.5515494140625
53.0 20.55250556640625
54.0 25.203459375
55.0 22.60432119140625
56.0 20.75051025390625
57.0 21.1779765625
58.0 24.13403740234375
59.0 19.844701953125
60.0 9.7264333984375
61.0 36.18320849609375
62.0 24.30041064453125
63.0 22.27297099609375
64.0 24.90146865234375
65.0 21.06873544921875
66.0 23.45503505859375
67.0 20.68694580078125
68.0 16.02662265625
69.0 18.41313349609375
70.0 24.1227763671875
71.0 21.5135408203125
72.0 23.47519638671875
73.0 21.878868359375
74.0 21.3705759765625
75.0 21.1750048828125
76.0 22.19297734375
77.0 20.247385546875
78.0 16.5823021484375
79.0 18.2956267578125
80.0 17.50196875
81.0 18.7028822265625
82.0 20.2156080078125
83.0 19.75208974609375
84.0 17.61776953125
85.0 15.90910068359375
86.0 20.3292412109375
87.0 13.975795703125
88.0 12.265780859375
89.0 16.26219248046875
90.0 13.345483984375
91.0 15.8526814453125
92.0 15.60503837890625
93.0 17.36153525390625
94.0 18.3426376953125
95.0 11.3487021484375
96.0 10.41721865234375
97.0 11.0527662109375
98.0 16.5550171875
99.0 19.59587607421875
100.0 18.9879677734375
101.0 16.54234541015625
102.0 20.59101259765625
103.0 22.317926171875
104.0 21.15510244140625
105.0 21.89068935546875
106.0 22.29141005859375
107.0 19.54018427734375
108.0 25.5360630859375
109.0 22.76416396484375
110.0 22.74968876953125
111.0 19.44265400390625
112.0 20.76604697265625
113.0 20.47755830078125
114.0 23.15089189453125
115.0 4.86927841796875
116.0 9.2188140625
117.0 5.38695693359375
118.0 0.42130576171875
119.0 2.37680439453125
120.0 1.13949580078125
121.0 3.1608599609375
122.0 9.42569140625
123.0 25.313164453125
124.0 21.0871068359375
125.0 25.6907966796875
126.0 23.041187109375
127.0 19.476012109375
128.0 11.31811572265625
129.0 13.67846962890625
130.0 21.2499810546875
131.0 22.17290888671875
132.0 19.65349091796875
133.0 15.060316796875
134.0 22.5333783203125
135.0 19.91126044921875
136.0 23.46539150390625
137.0 20.73412353515625
138.0 22.104184375
139.0 17.29638515625
140.0 22.81261787109375
141.0 21.54334609375
142.0 15.8485236328125
143.0 25.926161328125
144.0 18.29104140625
145.0 23.662335546875
146.0 20.177798828125
147.0 22.733268359375
148.0 17.525676953125
149.0 17.2294083984375
150.0 15.6705951171875
151.0 0.0
152.0 0.0
153.0 0.0
154.0 34.22674423828125
155.0 13.00515107421875
156.0 13.91130009765625
157.0 6.53003291015625
158.0 16.19622744140625
159.0 12.10067509765625
160.0 22.0441931640625
161.0 12.3589365234375
162.0 25.8974859375
163.0 16.71495283203125
164.0 25.79420439453125
165.0 18.11937490234375
166.0 23.99109228515625
167.0 23.56463603515625
168.0 20.097549609375
169.0 18.618458203125
170.0 20.17131171875
171.0 8.1536681640625
172.0 15.292858203125
173.0 18.5795330078125
174.0 22.17967685546875
175.0 22.3991373046875
176.0 19.632878125
177.0 19.17088125
178.0 17.08654248046875
179.0 28.96483310546875
180.0 18.68966220703125
181.0 27.81699970703125
182.0 13.3062685546875
183.0 21.50144228515625
184.0 21.563490234375
185.0 21.439362890625
186.0 16.2248763671875
187.0 26.884640625
188.0 26.0674935546875
189.0 22.91635625
190.0 27.37483720703125
191.0 20.37327177734375
192.0 14.3910140625
193.0 27.91734052734375
194.0 25.34114462890625
195.0 23.289131640625
196.0 21.233130078125
197.0 23.42646796875
198.0 14.13180537109375
199.0 26.01115869140625
200.0 22.93191494140625
201.0 21.20194228515625
202.0 22.64883095703125
203.0 23.60368818359375
204.0 14.36762431640625
205.0 25.9329658203125
206.0 15.08373486328125
207.0 24.5265109375
208.0 22.433742578125
209.0 21.77066669921875
210.0 16.59091884765625
211.0 27.28580810546875
212.0 16.20230283203125
213.0 19.21963857421875
214.0 21.3319419921875
215.0 25.48589287109375
216.0 22.19605439453125
217.0 20.7377056640625
218.0 15.03807021484375
219.0 20.8839576171875
220.0 22.37929228515625
221.0 22.068237890625
222.0 23.328945703125
223.0 22.113003125
224.0 24.50206376953125
225.0 21.5980173828125
226.0 22.25357705078125
227.0 22.1121390625
228.0 24.3561267578125
229.0 22.0059009765625
230.0 22.9086865234375
231.0 22.6880517578125
232.0 22.0279505859375
233.0 22.30119609375
234.0 23.933206640625
235.0 22.23966376953125
236.0 22.12336884765625
237.0 24.0372302734375
238.0 13.96461708984375
239.0 28.311786328125
240.0 18.9219701171875
241.0 20.866728125
242.0 18.25360126953125
243.0 24.90781142578125
244.0 9.03885263671875
245.0 20.903184765625
246.0 11.91152666015625
247.0 23.39744912109375
248.0 15.26656015625
249.0 22.588584765625
250.0 9.2136224609375
251.0 24.3658060546875
252.0 19.22846337890625
253.0 25.31940517578125
254.0 19.75975771484375
255.0 27.71719248046875
256.0 15.69020263671875
257.0 11.19529638671875
258.0 18.98173125
259.0 24.2993958984375
260.0 19.68960205078125
261.0 22.63008544921875
262.0 14.15999560546875
263.0 28.10164443359375
264.0 19.99480966796875
265.0 24.4640705078125
266.0 22.72290009765625
267.0 24.78429296875
268.0 13.4501228515625
269.0 11.38527509765625
270.0 8.3459544921875
271.0 8.0258712890625
272.0 13.25576015625
273.0 26.886332421875
274.0 24.302815625
275.0 22.39687177734375
276.0 24.679178125
277.0 23.72460419921875
278.0 23.96664189453125
279.0 22.947262109375
280.0 26.01521875
281.0 24.60652861328125
282.0 24.57851513671875
283.0 23.32612265625
284.0 16.51975546875
285.0 28.78763994140625
286.0 18.608625
287.0 30.52196435546875
288.0 21.41803125
289.0 15.62929033203125
290.0 4.69667060546875
291.0 23.364582421875
292.0 17.08131767578125
293.0 27.86214833984375
294.0 17.76206298828125
295.0 20.09366240234375
296.0 15.80013505859375
297.0 23.10150654296875
298.0 15.6144908203125
299.0 12.2877484375
300.0 22.1058318359375
301.0 11.5284798828125
302.0 19.3382021484375
303.0 20.82244482421875
304.0 22.5917080078125
305.0 8.238322265625
306.0 23.69231728515625
307.0 21.839623046875
308.0 18.8143962890625
309.0 15.49313603515625
310.0 15.1966267578125
311.0 24.4123447265625
312.0 17.51458466796875
313.0 30.033342578125
314.0 23.91191767578125
315.0 23.06088544921875
316.0 25.90042900390625
317.0 23.53414296875
318.0 27.563896484375
319.0 25.4382251953125
320.0 27.06210234375
321.0 23.5040966796875
322.0 24.59952421875
323.0 22.73666474609375
324.0 1.98810771484375
325.0 47.25208076171875
326.0 22.4828904296875
327.0 26.71756552734375
328.0 23.396394140625
329.0 26.27458828125
330.0 23.49889443359375
331.0 25.0965283203125
332.0 21.47707587890625
333.0 8.38370947265625
334.0 22.9044357421875
335.0 25.2387451171875
336.0 24.41240009765625
337.0 23.49482138671875
338.0 24.80820478515625
339.0 22.1522279296875
340.0 25.12467099609375
341.0 21.09588359375
342.0 25.4788521484375
343.0 22.2135623046875
344.0 22.51417392578125
345.0 22.3053869140625
346.0 25.56553271484375
347.0 14.8911603515625
348.0 29.074901171875
349.0 21.78798330078125
350.0 24.03627470703125
351.0 22.06840322265625
352.0 22.479319140625
353.0 21.747533203125
354.0 24.44349384765625
355.0 20.99961650390625
356.0 24.5243537109375
357.0 17.13602431640625
358.0 18.21811201171875
359.0 21.14896943359375
360.0 15.74831552734375
361.0 20.37174140625
362.0 17.02628974609375
363.0 19.085420703125
364.0 26.3441822265625
365.0 24.14117265625
366.0 24.03631376953125
367.0 23.06934462890625
368.0 25.1536779296875
369.0 21.7130166015625
370.0 25.1023416015625
371.0 21.09345078125
372.0 24.78706552734375
373.0 20.37400341796875
374.0 27.2671068359375
375.0 24.52877861328125
376.0 25.2422630859375
377.0 21.95413916015625
378.0 24.54033720703125
379.0 22.521002734375
380.0 25.048592578125
381.0 21.9100927734375
382.0 24.4373259765625
383.0 21.703343359375
384.0 23.14155400390625
385.0 22.084726171875
386.0 23.57434267578125
387.0 20.3827240234375
388.0 23.7356095703125
389.0 19.26703857421875
390.0 16.9207716796875
391.0 4.05986669921875
392.0 14.06877392578125
393.0 16.70748701171875
394.0 10.51642265625
395.0 15.88121923828125
396.0 22.92856279296875
397.0 21.51371455078125
398.0 17.15443193359375
399.0 4.519242578125
400.0 5.8199642578125
401.0 24.71660927734375
402.0 20.1475283203125
403.0 21.170568359375
404.0 10.00842314453125
405.0 6.63855595703125
406.0 2.8397564453125
407.0 8.5566048828125
408.0 18.5483455078125
409.0 18.7096384765625
410.0 20.14574091796875
411.0 21.29359140625
412.0 8.24856767578125
413.0 7.5344255859375
414.0 19.20913876953125
415.0 21.46479931640625
416.0 16.97177685546875
417.0 17.617807421875
418.0 19.72499521484375
419.0 19.003151953125
420.0 23.73078623046875
421.0 21.40592607421875
422.0 23.4924451171875
423.0 21.58613759765625
424.0 23.44713603515625
425.0 17.68691220703125
426.0 14.99972744140625
427.0 22.73668310546875
428.0 19.2514994140625
429.0 23.827373828125
430.0 20.72370283203125
431.0 24.1524857421875
432.0 16.535789453125
433.0 17.47712421875
434.0 19.69179609375
435.0 24.5151470703125
436.0 20.5387037109375
437.0 24.055316796875
438.0 20.67976044921875
439.0 24.215833203125
440.0 16.72378125
441.0 16.4565626953125
442.0 15.35047197265625
443.0 15.3830453125
444.0 13.9994013671875
445.0 14.43792421875
446.0 14.0430380859375
447.0 12.9462748046875
448.0 16.78960546875
449.0 16.409339453125
450.0 18.025823828125
451.0 16.6152498046875
452.0 14.83483505859375
453.0 20.26052802734375
454.0 19.7727671875
455.0 24.334515234375
456.0 16.43032216796875
457.0 21.4527845703125
458.0 20.0760953125
459.0 18.40974306640625
460.0 24.02315439453125
461.0 21.3948484375
462.0 24.3648119140625
463.0 15.0577384765625
464.0 23.5545142578125
465.0 20.49983125
466.0 22.88865556640625
467.0 19.61604775390625
468.0 16.02988603515625
469.0 20.28942548828125
470.0 25.44205341796875
471.0 23.50477626953125
472.0 21.34568330078125
473.0 24.8088623046875
474.0 20.892108984375
475.0 24.82174169921875
476.0 20.67018798828125
477.0 22.28365986328125
478.0 24.1872765625
479.0 21.1775158203125
480.0 9.74122353515625
481.0 33.73572177734375
482.0 23.7031587890625
483.0 21.60268359375
484.0 23.81903837890625
485.0 18.99576689453125
486.0 21.634568359375
487.0 21.5514705078125
488.0 23.86513232421875
489.0 21.41729931640625
490.0 23.206021484375
491.0 24.564906640625
492.0 21.75500673828125
493.0 22.9233833984375
494.0 20.45249150390625
495.0 24.0845673828125
496.0 21.38736435546875
497.0 24.18401328125
498.0 22.217211328125
499.0 21.66376962890625
500.0 21.9505998046875
501.0 23.8741693359375
502.0 21.401672265625
503.0 23.926542578125
504.0 21.637766015625
505.0 24.6927271484375
506.0 21.76270078125
507.0 24.16673408203125
508.0 20.19570400390625
509.0 23.63534111328125
510.0 20.59709375
511.0 23.65854375
512.0 21.8969203125
513.0 20.759872265625
514.0 20.91073515625
515.0 23.54522978515625
516.0 24.4872458984375
517.0 20.98829462890625
518.0 20.57225673828125
519.0 23.12547333984375
520.0 22.49915615234375
521.0 23.77037998046875
522.0 21.83403154296875
523.0 23.55086630859375
524.0 21.59231357421875
525.0 20.99666279296875
526.0 15.177401171875
527.0 16.75568291015625
528.0 15.5328130859375
529.0 16.991218359375
530.0 17.88002763671875
531.0 22.88102802734375
532.0 24.8130259765625
533.0 16.6585150390625
534.0 26.283522265625
535.0 21.542696875
536.0 21.72951943359375
537.0 16.17463720703125
538.0 27.0231140625
539.0 16.22062021484375
540.0 24.40929892578125
541.0 17.3406939453125
542.0 20.308416015625
543.0 19.1884306640625
544.0 21.17922529296875
545.0 21.24408515625
546.0 22.49204248046875
547.0 21.847087109375
548.0 21.200140625
549.0 21.4613791015625
550.0 23.04405859375
551.0 20.8030775390625
552.0 23.3829494140625
553.0 23.18123505859375
554.0 18.4307322265625
555.0 17.15104228515625
556.0 16.2058056640625
557.0 16.2325970703125
558.0 18.3761388671875
559.0 23.42262109375
560.0 22.2112763671875
561.0 25.36831884765625
562.0 19.78549814453125
563.0 19.06891552734375
564.0 17.9316439453125
565.0 20.1068056640625
566.0 19.59295380859375
567.0 23.96517294921875
568.0 20.81937265625
569.0 18.09984931640625
570.0 19.02113515625
571.0 17.4642716796875
572.0 19.59509560546875
573.0 21.915699609375
574.0 22.75660380859375
575.0 23.74979365234375
576.0 15.566233984375
577.0 35.59824873046875
578.0 21.56587099609375
579.0 23.91344931640625
580.0 19.63317626953125
581.0 16.1080615234375
582.0 12.89713671875
583.0 23.50630732421875
584.0 24.9855720703125
585.0 22.86487509765625
586.0 21.67560087890625
587.0 21.908495703125
588.0 22.017993359375
589.0 20.499246875
590.0 18.83574619140625
591.0 19.27724482421875
592.0 17.0251783203125
593.0 17.71967392578125
594.0 18.84056064453125
595.0 21.2660724609375
596.0 20.6938376953125
597.0 21.77842353515625
598.0 20.7702744140625
599.0 22.870471875
600.0 16.7543951171875
601.0 19.19026552734375
602.0 19.67508466796875
603.0 19.718012890625
604.0 17.88515029296875
605.0 17.78217568359375
606.0 18.83767431640625
607.0 14.30066015625
608.0 15.1416447265625
609.0 15.47024296875
610.0 14.068563671875
611.0 19.54255234375
612.0 13.362833984375
613.0 13.87380400390625
614.0 17.17538515625
615.0 20.64031494140625
616.0 16.48240322265625
617.0 14.55669638671875
618.0 19.3680740234375
619.0 14.4829130859375
620.0 16.275
621.0 24.18133974609375
622.0 15.39975615234375
623.0 19.54434931640625
624.0 16.686680078125
625.0 18.36613720703125
626.0 20.80984482421875
627.0 22.0155939453125
628.0 21.47680458984375
629.0 13.0579033203125
630.0 18.37335166015625
631.0 17.99598447265625
632.0 14.9454287109375
633.0 12.19293583984375
634.0 16.57790859375
635.0 16.45484677734375
636.0 19.75983935546875
637.0 20.1476693359375
638.0 18.36395869140625
639.0 14.339841015625
640.0 15.37908916015625
641.0 16.85416298828125
642.0 17.5298505859375
643.0 21.51475732421875
644.0 19.57471708984375
645.0 20.184578515625
646.0 19.58688896484375
647.0 18.33024169921875
648.0 16.76725087890625
649.0 17.0718080078125
650.0 13.06227060546875
651.0 12.557027734375
652.0 17.0779427734375
653.0 15.7068515625
654.0 13.377110546875
655.0 11.35384462890625
656.0 0.52502119140625
657.0 9.07239736328125
658.0 15.1512830078125
659.0 6.07071787109375
660.0 4.0697640625
661.0 9.9701572265625
662.0 11.4537466796875
663.0 16.56073291015625
664.0 19.9099021484375
665.0 25.28523671875
666.0 15.78875
667.0 16.27802646484375
668.0 15.37335029296875
669.0 23.45729130859375
670.0 16.43029287109375
671.0 20.75744306640625
672.0 22.36201552734375
673.0 27.05036923828125
674.0 25.340821484375
675.0 19.26497822265625
676.0 22.21489189453125
677.0 19.0417291015625
678.0 19.79907275390625
679.0 18.67728056640625
680.0 17.41076396484375
681.0 19.37958525390625
682.0 23.008184765625
683.0 20.24116796875
684.0 25.836952734375
685.0 22.99219423828125
686.0 24.8629921875
687.0 20.88130341796875
688.0 20.10671669921875
689.0 18.03256982421875
690.0 19.868723046875
691.0 25.58772587890625
692.0 24.09687978515625
693.0 22.90288369140625
694.0 22.50834599609375
695.0 22.53858994140625
696.0 26.49919248046875
697.0 20.01685263671875
698.0 21.60136630859375
699.0 14.98194697265625
700.0 20.6788259765625
701.0 14.681687109375
702.0 18.72359287109375
703.0 21.758908984375
704.0 21.8674380859375
705.0 22.93028369140625
706.0 20.2024587890625
707.0 22.43001806640625
708.0 19.94419521484375
709.0 16.2668595703125
710.0 18.80277294921875
711.0 20.2613232421875
712.0 23.199515625
713.0 22.248180859375
714.0 27.066552734375
715.0 22.54587236328125
716.0 25.58250595703125
717.0 23.45652685546875
718.0 23.42586044921875
719.0 19.558884765625
720.0 19.75545244140625
721.0 19.79099365234375
722.0 20.80837578125
723.0 16.29785107421875
724.0 2.86773056640625
725.0 12.62688798828125
726.0 16.07674287109375
727.0 23.5635794921875
728.0 21.72196572265625
729.0 24.1620181640625
730.0 17.37541484375
731.0 18.83212490234375
732.0 23.06034013671875
733.0 22.81411357421875
734.0 23.48997666015625
735.0 21.38491552734375
736.0 23.44417607421875
737.0 20.9033189453125
738.0 26.35288408203125
739.0 18.2585119140625
740.0 22.69093798828125
741.0 23.2070888671875
742.0 27.6606453125
743.0 22.7839837890625
744.0 29.1544396484375
745.0 21.90957841796875
746.0 27.39083271484375
747.0 24.822090625
748.0 23.06860576171875
749.0 20.8624171875
750.0 22.42626494140625
751.0 21.4457892578125
752.0 22.73050244140625
753.0 25.16248515625
754.0 23.525843359375
755.0 23.847741015625
756.0 25.35860869140625
757.0 19.2285626953125
758.0 19.39543876953125
759.0 16.207782421875
760.0 20.223109765625
761.0 16.9911765625
762.0 29.28980869140625
763.0 25.36973037109375
764.0 22.768120703125
765.0 11.920236328125
766.0 5.5046427734375
767.0 4.726105078125
768.0 3.58558115234375
769.0 21.1839087890625
770.0 24.22453486328125
771.0 22.46127041015625
772.0 21.82651259765625
773.0 23.5592958984375
774.0 19.6127328125
775.0 20.8188421875
776.0 17.27660771484375
777.0 23.83108916015625
778.0 16.5709126953125
779.0 18.86047333984375
780.0 14.906826953125
781.0 13.2612083984375
782.0 14.00414140625
783.0 21.560915234375
784.0 25.10435830078125
785.0 21.55608125
786.0 18.42306796875
787.0 18.96173515625
788.0 19.56028515625
789.0 18.95803125
790.0 15.6314357421875
791.0 20.7264578125
792.0 22.79496015625
793.0 17.219073046875
794.0 18.94544599609375
795.0 22.35727216796875
796.0 16.4117912109375
797.0 13.30082421875
798.0 14.38117900390625
799.0 10.4596111328125
