0.0 24.12013984375
1.0 24.08220458984375
2.0 21.59481962890625
3.0 24.44699140625
4.0 21.58757275390625
5.0 23.9229484375
6.0 22.49159658203125
7.0 24.20682529296875
8.0 21.89861435546875
9.0 23.68783779296875
10.0 22.713298828125
11.0 22.06920595703125
12.0 24.19482294921875
13.0 24.52057021484375
14.0 22.0884193359375
15.0 22.525779296875
16.0 23.86306171875
17.0 21.85842197265625
18.0 24.24814306640625
19.0 21.97246005859375
20.0 17.9554201171875
21.0 28.506965625
22.0 17.54527265625
23.0 28.3738580078125
24.0 23.98337900390625
25.0 23.7737103515625
26.0 21.614395703125
27.0 22.52037548828125
28.0 20.7528771484375
29.0 23.67499541015625
30.0 21.74658896484375
31.0 24.09469140625
32.0 21.55048349609375
33.0 25.07502744140625
34.0 22.43968193359375
35.0 22.89980087890625
36.0 16.94252568359375
37.0 26.299423046875
38.0 17.56955478515625
39.0 18.6028119140625
40.0 19.188075390625
41.0 20.27598330078125
42.0 22.0423716796875
43.0 20.80652568359375
44.0 22.478178125
45.0 24.616167578125
46.0 22.5388359375
47.0 18.4097103515625
48.0 18.76374013671875
49.0 15.6263427734375
50.0 19.90371982421875
51.0 22.67883701171875
52.0 23.18169375
53.0 21.50484833984375
54.0 24.6921734375
55.0 21.42349091796875
56.0 24.46642861328125
57.0 19.7815623046875
58.0 27.52520556640625
59.0 19.79931220703125
60.0 25.37467900390625
61.0 23.76093759765625
62.0 21.18002939453125
63.0 25.0721828125
64.0 23.04764326171875
65.0 22.44428642578125
66.0 23.9763126953125
67.0 22.5810591796875
68.0 23.69822021484375
69.0 24.4713677734375
70.0 22.4688796875
71.0 20.14637490234375
72.0 27.806800390625
73.0 24.672110546875
74.0 20.9043552734375
75.0 22.6900759765625
76.0 21.50995927734375
77.0 24.43286171875
78.0 21.1036037109375
79.0 23.20295009765625
80.0 23.1399607421875
81.0 24.586330078125
82.0 20.79283076171875
83.0 24.5408712890625
84.0 24.38670947265625
85.0 20.4314642578125
86.0 26.85906787109375
87.0 21.997119921875
88.0 23.788503515625
89.0 24.13291640625
90.0 22.39275380859375
91.0 24.57613916015625
92.0 22.022935546875
93.0 25.0305990234375
94.0 22.06012236328125
95.0 25.3431740234375
96.0 21.86980869140625
97.0 22.41236474609375
98.0 21.3779998046875
99.0 23.56513759765625
100.0 23.59274052734375
101.0 20.6425587890625
102.0 22.79940068359375
103.0 25.05342626953125
104.0 24.0730263671875
105.0 24.59741083984375
106.0 22.45653583984375
107.0 24.67300439453125
108.0 23.6091408203125
109.0 22.15145244140625
110.0 24.15889169921875
111.0 24.25220419921875
112.0 22.30201142578125
113.0 24.55032138671875
114.0 23.0331529296875
115.0 24.1560701171875
116.0 24.66726943359375
117.0 20.63170205078125
118.0 23.684601171875
119.0 23.60232216796875
120.0 23.6455001953125
121.0 23.52974814453125
122.0 17.43780693359375
123.0 23.197998828125
124.0 28.2171744140625
125.0 25.03847197265625
126.0 21.74412041015625
127.0 24.43993583984375
128.0 14.72980419921875
129.0 24.42734521484375
130.0 24.0222091796875
131.0 27.42077041015625
132.0 23.91155849609375
133.0 24.66633486328125
134.0 21.9020107421875
135.0 22.68491533203125
136.0 22.5667111328125
137.0 23.523217578125
138.0 25.10608564453125
139.0 21.04803935546875
140.0 26.1029595703125
141.0 21.166227734375
142.0 23.914674609375
143.0 22.1054775390625
144.0 22.985926171875
145.0 22.6337173828125
146.0 25.10889091796875
147.0 22.544126171875
148.0 24.000219140625
149.0 22.28198388671875
150.0 24.79196630859375
151.0 19.99043056640625
152.0 26.34558447265625
153.0 22.39025673828125
154.0 25.5445447265625
155.0 22.108724609375
156.0 24.74349365234375
157.0 22.51416962890625
158.0 25.153990234375
159.0 22.453441796875
160.0 24.4940697265625
161.0 24.16433330078125
162.0 21.9881650390625
163.0 17.69969990234375
164.0 30.5264455078125
165.0 23.71382626953125
166.0 22.15380615234375
167.0 24.36512802734375
168.0 21.885446484375
169.0 24.883862109375
170.0 22.18515166015625
171.0 24.133081640625
172.0 22.50802744140625
173.0 22.16879267578125
174.0 26.7062251953125
175.0 16.46004169921875
176.0 23.8234408203125
177.0 28.807971484375
178.0 22.59559482421875
179.0 21.76784873046875
180.0 24.15861689453125
181.0 24.27445078125
182.0 22.09818037109375
183.0 24.73532568359375
184.0 22.3604439453125
185.0 24.4787091796875
186.0 21.63172216796875
187.0 24.82878193359375
188.0 22.899961328125
189.0 24.83943291015625
190.0 21.50207294921875
191.0 23.9470173828125
192.0 23.84536103515625
193.0 22.48809765625
194.0 25.40600302734375
195.0 22.21640869140625
196.0 22.8973521484375
197.0 22.0622302734375
198.0 25.1410720703125
199.0 15.593623046875
200.0 30.06773603515625
201.0 24.75573232421875
202.0 22.433143359375
203.0 23.37738525390625
204.0 20.0081462890625
205.0 27.22249716796875
206.0 22.0666416015625
207.0 16.693931640625
208.0 29.18347783203125
209.0 24.754057421875
210.0 17.3316173828125
211.0 30.178323828125
212.0 21.7886734375
213.0 24.673965625
214.0 21.3564140625
215.0 23.7109267578125
216.0 22.32518408203125
217.0 18.94491513671875
218.0 20.57018076171875
219.0 14.53914384765625
220.0 26.826659375
221.0 21.4970462890625
222.0 24.3458076171875
223.0 20.70168857421875
224.0 23.96850830078125
225.0 19.53543603515625
226.0 24.71002451171875
227.0 23.153317578125
228.0 23.20889658203125
229.0 24.12728837890625
230.0 25.542869140625
231.0 22.91168427734375
232.0 24.51074140625
233.0 21.68822158203125
234.0 25.12925634765625
235.0 22.7615279296875
236.0 22.57700029296875
237.0 22.279559375
238.0 24.8510501953125
239.0 20.95922666015625
240.0 24.03723046875
241.0 21.3260146484375
242.0 21.68295009765625
243.0 22.15425751953125
244.0 25.0090298828125
245.0 24.47035771484375
246.0 20.55578828125
247.0 24.39830390625
248.0 16.02321943359375
249.0 29.43339609375
250.0 22.5097416015625
251.0 24.475293359375
252.0 22.2752568359375
253.0 24.85785283203125
254.0 19.981047265625
255.0 20.73539453125
256.0 27.2126015625
257.0 22.937621875
258.0 24.83415703125
259.0 17.19022919921875
260.0 27.00521220703125
261.0 21.92542099609375
262.0 19.3327865234375
263.0 27.3006138671875
264.0 21.75879140625
265.0 24.637
266.0 21.53742197265625
267.0 23.32865478515625
268.0 18.78720126953125
269.0 27.0390244140625
270.0 22.264587890625
271.0 24.5353447265625
272.0 22.36785009765625
273.0 22.46327353515625
274.0 21.01250390625
275.0 23.70936298828125
276.0 23.878804296875
277.0 21.84177158203125
278.0 24.7773591796875
279.0 19.43679013671875
280.0 17.11974560546875
281.0 29.1594154296875
282.0 24.2365359375
283.0 21.98488974609375
284.0 24.3081234375
285.0 24.55733828125
286.0 22.00669765625
287.0 23.69060341796875
288.0 17.810458203125
289.0 27.7623798828125
290.0 21.9893142578125
291.0 23.63202451171875
292.0 21.86774814453125
293.0 21.73671328125
294.0 24.15053662109375
295.0 17.15715556640625
296.0 29.33740458984375
297.0 24.85272451171875
298.0 20.8928423828125
299.0 22.18702685546875
300.0 24.44391572265625
301.0 22.1813921875
302.0 23.4542609375
303.0 18.8352646484375
304.0 25.1230283203125
305.0 25.1000361328125
306.0 20.7334056640625
307.0 25.76272802734375
308.0 24.1319048828125
309.0 18.770783984375
310.0 24.5736423828125
311.0 22.11426005859375
312.0 24.3760390625
313.0 21.44619033203125
314.0 22.2797361328125
315.0 23.2506115234375
316.0 21.30846044921875
317.0 23.3476857421875
318.0 23.018720703125
319.0 19.80288642578125
320.0 24.08789267578125
321.0 23.69919208984375
322.0 21.2080607421875
323.0 23.859223828125
324.0 19.52093525390625
325.0 23.7548453125
326.0 21.04442451171875
327.0 24.31381162109375
328.0 21.24945087890625
329.0 21.7235431640625
330.0 22.8322580078125
331.0 24.264357421875
332.0 21.9983068359375
333.0 24.24057021484375
334.0 23.9722119140625
335.0 19.27633291015625
336.0 24.53732998046875
337.0 21.30672978515625
338.0 23.4337978515625
339.0 21.9718228515625
340.0 21.5706904296875
341.0 23.25235107421875
342.0 20.9413845703125
343.0 23.6363994140625
344.0 24.5027654296875
345.0 19.74048291015625
346.0 24.399390234375
347.0 20.7658505859375
348.0 24.15007998046875
349.0 16.66426923828125
350.0 26.407680859375
351.0 21.0141171875
352.0 22.4253453125
353.0 18.7831763671875
354.0 21.28665419921875
355.0 22.35455068359375
356.0 18.7164966796875
357.0 29.03050908203125
358.0 21.56819248046875
359.0 24.12053388671875
360.0 22.514133984375
361.0 22.30196240234375
362.0 22.253205859375
363.0 13.65402109375
364.0 30.008819140625
365.0 21.94919189453125
366.0 24.18556044921875
367.0 19.964695703125
368.0 19.37510126953125
369.0 30.92452392578125
370.0 21.53525322265625
371.0 23.4262818359375
372.0 22.05235107421875
373.0 24.337030078125
374.0 21.646406640625
375.0 24.234994140625
376.0 21.65550380859375
377.0 20.0534607421875
378.0 23.45953408203125
379.0 26.85159072265625
380.0 24.30562568359375
381.0 21.1869958984375
382.0 22.74913056640625
383.0 22.00997236328125
384.0 24.0563259765625
385.0 21.774882421875
386.0 24.1980837890625
387.0 21.89506005859375
388.0 23.42923701171875
389.0 22.0110890625
390.0 24.14066396484375
391.0 21.863655859375
392.0 24.57472470703125
393.0 24.33534208984375
394.0 20.9060259765625
395.0 24.29898037109375
396.0 16.622810546875
397.0 25.546855859375
398.0 25.25112529296875
399.0 23.87405390625
400.0 21.95317470703125
401.0 21.69228359375
402.0 24.08160234375
403.0 22.00554306640625
404.0 21.806147265625
405.0 21.67014482421875
406.0 24.51453330078125
407.0 24.24656396484375
408.0 21.787043359375
409.0 21.80709248046875
410.0 22.19151953125
411.0 22.368204296875
412.0 24.41962587890625
413.0 21.47929228515625
414.0 17.3131724609375
415.0 29.98837744140625
416.0 21.606978125
417.0 24.148012890625
418.0 17.078418359375
419.0 28.17489287109375
420.0 19.8221658203125
421.0 22.71156748046875
422.0 22.43560751953125
423.0 24.671865234375
424.0 22.14978203125
425.0 24.53490634765625
426.0 24.0804810546875
427.0 21.52384931640625
428.0 24.6126107421875
429.0 21.7838154296875
430.0 24.25204306640625
431.0 22.55812119140625
432.0 23.8194638671875
433.0 21.77439814453125
434.0 24.24191220703125
435.0 23.620496484375
436.0 22.20413583984375
437.0 23.270086328125
438.0 19.696451953125
439.0 22.36172998046875
440.0 21.55044404296875
441.0 24.1539607421875
442.0 21.95594970703125
443.0 19.69993994140625
444.0 27.20654912109375
445.0 23.68341103515625
446.0 22.07845966796875
447.0 22.401168359375
448.0 20.17591826171875
449.0 22.39484052734375
450.0 22.4246669921875
451.0 16.9882513671875
452.0 20.37337470703125
453.0 18.48860498046875
454.0 20.36096298828125
455.0 22.33147314453125
456.0 20.5272923828125
457.0 23.8066189453125
458.0 21.36594072265625
459.0 22.1604693359375
460.0 20.4212404296875
461.0 22.374239453125
462.0 15.5412296875
463.0 31.00716376953125
464.0 24.33961162109375
465.0 21.86300830078125
466.0 24.3520953125
467.0 22.65459453125
468.0 20.61673564453125
469.0 24.0330431640625
470.0 17.13840302734375
471.0 28.5247587890625
472.0 20.66522958984375
473.0 27.34007587890625
474.0 22.7062646484375
475.0 21.13297236328125
476.0 22.701305859375
477.0 20.4211966796875
478.0 21.70885634765625
479.0 24.2803189453125
480.0 21.97215166015625
481.0 24.4274537109375
482.0 21.69348876953125
483.0 23.36129404296875
484.0 23.53088408203125
485.0 21.9385341796875
486.0 24.80463984375
487.0 22.1942015625
488.0 22.2647587890625
489.0 23.97907314453125
490.0 24.75867294921875
491.0 22.451198828125
492.0 19.38084326171875
493.0 26.60859765625
494.0 24.6652087890625
495.0 24.81643994140625
496.0 22.1472
497.0 23.75443583984375
498.0 16.89630380859375
499.0 27.11337841796875
500.0 21.81574521484375
501.0 18.49191611328125
502.0 27.59685546875
503.0 24.39268837890625
504.0 21.45942353515625
505.0 21.8278271484375
506.0 24.6812724609375
507.0 23.6003056640625
508.0 21.13733779296875
509.0 22.7885462890625
510.0 21.68601171875
511.0 23.99610166015625
512.0 22.72671025390625
513.0 21.39662177734375
514.0 24.2620015625
515.0 20.381636328125
516.0 21.89910869140625
517.0 24.2574318359375
518.0 24.13615380859375
519.0 21.7911259765625
520.0 24.34885
521.0 20.94190068359375
522.0 23.58747001953125
523.0 24.424200390625
524.0 21.8634015625
525.0 22.5805017578125
526.0 24.1518408203125
527.0 23.84620146484375
528.0 19.6455091796875
529.0 24.17783681640625
530.0 24.287719140625
531.0 21.67211103515625
532.0 16.8860275390625
533.0 31.1608857421875
534.0 21.97670654296875
535.0 24.21120380859375
536.0 22.2396212890625
537.0 22.1523203125
538.0 26.9159509765625
539.0 22.3136466796875
540.0 22.39850908203125
541.0 22.156546875
542.0 19.8243091796875
543.0 26.81688408203125
544.0 21.4097107421875
545.0 23.85597138671875
546.0 22.18328564453125
547.0 24.36374130859375
548.0 22.1574720703125
549.0 24.3678986328125
550.0 22.2743744140625
551.0 24.2802966796875
552.0 24.6964921875
553.0 21.77569130859375
554.0 24.2189123046875
555.0 22.12910087890625
556.0 24.13429658203125
557.0 21.3198177734375
558.0 21.11889375
559.0 24.2089982421875
560.0 24.285628515625
561.0 20.7781791015625
562.0 23.878009765625
563.0 21.7213447265625
564.0 24.35532294921875
565.0 21.76956123046875
566.0 24.5824845703125
567.0 22.294450390625
568.0 24.04095556640625
569.0 24.75324921875
570.0 21.6097056640625
571.0 19.61136142578125
572.0 24.457846484375
573.0 25.02056865234375
574.0 24.384121484375
575.0 23.91139599609375
576.0 21.76649423828125
577.0 24.1695486328125
578.0 21.22856953125
579.0 24.30352490234375
580.0 21.52539169921875
581.0 24.17762841796875
582.0 21.72896318359375
583.0 24.3244294921875
584.0 19.25273994140625
585.0 26.02786171875
586.0 24.22867509765625
587.0 24.5430708984375
588.0 22.31597099609375
589.0 24.3297783203125
590.0 22.2761333984375
591.0 24.38123681640625
592.0 22.265753125
593.0 23.4388046875
594.0 24.0693353515625
595.0 21.798382421875
596.0 24.5535349609375
597.0 24.26215751953125
598.0 21.18823486328125
599.0 24.71428291015625
600.0 20.8270984375
601.0 24.8090896484375
602.0 21.70657861328125
603.0 22.70093154296875
604.0 24.5359515625
605.0 23.19065185546875
606.0 22.02130751953125
607.0 15.90659921875
608.0 31.02390966796875
609.0 21.93414130859375
610.0 24.48388779296875
611.0 14.93856943359375
612.0 30.91237138671875
613.0 24.5044625
614.0 21.6200759765625
615.0 22.46717841796875
616.0 24.76753818359375
617.0 21.99280439453125
618.0 24.64902890625
619.0 21.10959794921875
620.0 25.05019345703125
621.0 16.9703048828125
622.0 27.82627314453125
623.0 23.70329580078125
624.0 22.57503037109375
625.0 20.41970595703125
626.0 22.91417177734375
627.0 20.05612265625
628.0 23.83960673828125
629.0 21.747727734375
630.0 24.22852724609375
631.0 24.62856572265625
632.0 21.609781640625
633.0 23.42333173828125
634.0 20.59592548828125
635.0 22.47459912109375
636.0 20.13579482421875
637.0 22.43350859375
638.0 22.89872265625
639.0 20.93105341796875
640.0 23.4483212890625
641.0 20.4001630859375
642.0 22.8718958984375
643.0 22.70742998046875
644.0 20.8783173828125
645.0 21.37106201171875
646.0 18.56471552734375
647.0 25.48705947265625
648.0 22.8628966796875
649.0 23.90086923828125
650.0 20.581326171875
651.0 20.70590595703125
652.0 24.68559306640625
653.0 23.876178125
654.0 21.999121484375
655.0 22.87281572265625
656.0 17.631669140625
657.0 21.33125380859375
658.0 19.41043994140625
659.0 18.450911328125
660.0 24.095976171875
661.0 21.7380138671875
662.0 24.300301171875
663.0 19.965213671875
664.0 22.2669083984375
665.0 23.349380078125
666.0 20.85720703125
667.0 23.9477435546875
668.0 22.308663671875
669.0 24.09863369140625
670.0 19.71135283203125
671.0 20.92271962890625
672.0 23.3672216796875
673.0 20.90085869140625
674.0 25.0639759765625
675.0 21.6331916015625
676.0 24.68567294921875
677.0 21.269169140625
678.0 24.33222060546875
679.0 21.7286103515625
680.0 18.7769568359375
681.0 21.650666796875
682.0 20.88945693359375
683.0 24.11699814453125
684.0 22.3973447265625
685.0 21.7746974609375
686.0 23.3911681640625
687.0 14.50555849609375
688.0 12.132683984375
689.0 22.17041318359375
690.0 24.39755966796875
691.0 22.0829369140625
692.0 24.00906865234375
693.0 16.15699990234375
694.0 29.7891951171875
695.0 21.42213046875
696.0 19.09777470703125
697.0 20.5576482421875
698.0 24.37811826171875
699.0 19.9204982421875
700.0 23.349001171875
701.0 23.83757138671875
702.0 17.20581611328125
703.0 26.9806248046875
704.0 21.008193359375
705.0 24.214696484375
706.0 22.118063671875
707.0 22.995841015625
708.0 23.072840234375
709.0 23.6734458984375
710.0 21.91812763671875
711.0 24.1483814453125
712.0 23.84619716796875
713.0 22.83719658203125
714.0 21.86195078125
715.0 24.389412109375
716.0 20.94805703125
717.0 24.52957587890625
718.0 21.8244880859375
719.0 23.790773828125
720.0 21.88416748046875
721.0 19.04066328125
722.0 27.79603623046875
723.0 21.9179806640625
724.0 23.74810302734375
725.0 21.53045556640625
726.0 24.150270703125
727.0 23.02062177734375
728.0 23.12687470703125
729.0 23.98111376953125
730.0 22.0595134765625
731.0 24.30758232421875
732.0 21.703431640625
733.0 23.81175419921875
734.0 23.60435498046875
735.0 22.0404521484375
736.0 21.76777060546875
737.0 23.929549609375
738.0 21.9781345703125
739.0 24.19060791015625
740.0 21.9055373046875
741.0 24.3132349609375
742.0 21.6657416015625
743.0 24.05640107421875
744.0 22.08420859375
745.0 23.89891904296875
746.0 24.4941046875
747.0 20.178875390625
748.0 24.45313564453125
749.0 23.02963466796875
750.0 19.31010546875
751.0 26.1020373046875
752.0 23.26148388671875
753.0 23.63815517578125
754.0 22.01125302734375
755.0 24.24340751953125
756.0 23.23914970703125
757.0 21.94553056640625
758.0 23.24408046875
759.0 22.00067578125
760.0 24.0873443359375
761.0 21.2767818359375
762.0 24.05881123046875
763.0 24.3656736328125
764.0 21.71167470703125
765.0 24.47273916015625
766.0 21.56312451171875
767.0 23.33605625
768.0 23.05197705078125
769.0 24.49166015625
770.0 21.60960595703125
771.0 19.60465791015625
772.0 27.79436044921875
773.0 21.215845703125
774.0 24.61988564453125
775.0 21.792364453125
776.0 20.4249076171875
777.0 16.55025322265625
778.0 18.200680078125
779.0 21.46824814453125
780.0 24.48511279296875
781.0 21.97771796875
782.0 24.2886505859375
783.0 21.70547001953125
784.0 24.32010751953125
785.0 18.69720166015625
786.0 25.752794921875
787.0 21.09754873046875
788.0 24.54764931640625
789.0 22.36685478515625
790.0 16.6750029296875
791.0 28.73325302734375
792.0 24.1299779296875
793.0 23.67651904296875
794.0 21.91562880859375
795.0 24.10473232421875
796.0 21.90801298828125
797.0 23.975646484375
798.0 23.74804814453125
799.0 22.65388583984375
