0.0 23.21554482421875
1.0 23.44074990234375
2.0 21.8588638671875
3.0 24.16738037109375
4.0 21.676059375
5.0 9.962666796875
6.0 37.5994484375
7.0 23.1140244140625
8.0 22.24260302734375
9.0 24.2180783203125
10.0 22.334089453125
11.0 23.93621005859375
12.0 21.95283134765625
13.0 24.9171564453125
14.0 21.8362267578125
15.0 24.373298046875
16.0 23.851426171875
17.0 21.48157099609375
18.0 23.97421484375
19.0 21.806578125
20.0 24.24957568359375
21.0 21.87583505859375
22.0 24.0521654296875
23.0 24.51692412109375
24.0 21.54532177734375
25.0 24.44518427734375
26.0 21.98362958984375
27.0 24.33030263671875
28.0 22.08416416015625
29.0 24.3400142578125
30.0 24.4025642578125
31.0 21.85670380859375
32.0 24.28701494140625
33.0 21.93015185546875
34.0 23.7252291015625
35.0 23.2635435546875
36.0 20.62654501953125
37.0 24.09251064453125
38.0 21.78050390625
39.0 24.175035546875
40.0 21.7834525390625
41.0 24.3072306640625
42.0 22.05886064453125
43.0 24.40334482421875
44.0 24.2462353515625
45.0 22.25478583984375
46.0 17.7126787109375
47.0 27.70257216796875
48.0 24.38652392578125
49.0 24.9294251953125
50.0 22.204694921875
51.0 24.53846552734375
52.0 21.8516943359375
53.0 24.771923828125
54.0 22.1751869140625
55.0 24.660435546875
56.0 24.43802939453125
57.0 22.02123427734375
58.0 24.39660908203125
59.0 21.5452927734375
60.0 24.49860546875
61.0 22.3219822265625
62.0 23.998058203125
63.0 22.2954439453125
64.0 24.32894287109375
65.0 23.804671875
66.0 22.1163689453125
67.0 24.02297607421875
68.0 21.970865625
69.0 24.41925048828125
70.0 21.8970185546875
71.0 24.173660546875
72.0 23.97561708984375
73.0 22.2185671875
74.0 23.85976845703125
75.0 19.722037109375
76.0 25.30284150390625
77.0 24.66012041015625
78.0 22.08943349609375
79.0 24.4281373046875
80.0 24.40679013671875
81.0 19.27765654296875
82.0 23.53835078125
83.0 22.08423544921875
84.0 24.25684609375
85.0 21.71535634765625
86.0 24.3031314453125
87.0 21.67628505859375
88.0 24.7248736328125
89.0 23.44505244140625
90.0 22.5020740234375
91.0 23.75775302734375
92.0 22.0919171875
93.0 24.34838134765625
94.0 21.43877451171875
95.0 24.88820810546875
96.0 21.8616619140625
97.0 19.514148046875
98.0 23.8195890625
99.0 21.86769658203125
100.0 24.69416171875
101.0 23.64905771484375
102.0 22.16689248046875
103.0 24.37575146484375
104.0 22.40381923828125
105.0 24.51194794921875
106.0 21.880219140625
107.0 24.17366337890625
108.0 22.96205654296875
109.0 22.1263603515625
110.0 20.61880673828125
111.0 22.72848603515625
112.0 24.40230185546875
113.0 17.83716591796875
114.0 21.40991474609375
115.0 21.46982802734375
116.0 22.70240771484375
117.0 23.87707841796875
118.0 21.99272587890625
119.0 23.53361923828125
120.0 21.132547265625
121.0 17.580583203125
122.0 20.964215234375
123.0 19.69004169921875
124.0 19.09107578125
125.0 24.4726591796875
126.0 21.96046953125
127.0 24.47921552734375
128.0 22.04290029296875
129.0 24.57942607421875
130.0 12.27046474609375
131.0 30.13901943359375
132.0 26.208201953125
133.0 21.257777734375
134.0 24.31359873046875
135.0 23.05306953125
136.0 20.26911708984375
137.0 23.9591056640625
138.0 21.85734189453125
139.0 23.00733994140625
140.0 20.7223205078125
141.0 24.21376103515625
142.0 21.63422451171875
143.0 23.89444482421875
144.0 19.3252564453125
145.0 27.81932021484375
146.0 16.82944248046875
147.0 22.67030205078125
148.0 21.51990400390625
149.0 24.27035185546875
150.0 24.3794724609375
151.0 21.5443771484375
152.0 24.26062607421875
153.0 15.72679970703125
154.0 29.58067822265625
155.0 22.05032958984375
156.0 26.08798681640625
157.0 18.6463431640625
158.0 23.9910044921875
159.0 22.1847228515625
160.0 24.3512146484375
161.0 23.2746654296875
162.0 21.67735146484375
163.0 24.1489275390625
164.0 20.61303232421875
165.0 24.32145546875
166.0 22.197373828125
167.0 16.1714720703125
168.0 27.7892974609375
169.0 24.3678708984375
170.0 15.492295703125
171.0 23.03151708984375
172.0 29.47302890625
173.0 24.2395857421875
174.0 23.54305
175.0 21.6610884765625
176.0 24.4113830078125
177.0 23.2272400390625
178.0 21.94184228515625
179.0 24.18380595703125
180.0 23.19826953125
181.0 22.24442568359375
182.0 15.08463994140625
183.0 15.75127431640625
184.0 15.32237841796875
185.0 15.96177197265625
186.0 11.2288029296875
187.0 19.3714216796875
188.0 14.22383603515625
189.0 15.07901591796875
190.0 13.8263275390625
191.0 14.3733314453125
192.0 16.1413578125
193.0 15.81778935546875
194.0 16.1170625
195.0 18.7320521484375
196.0 22.3094017578125
197.0 20.65041904296875
198.0 20.53257216796875
199.0 22.74867529296875
200.0 15.0503263671875
201.0 14.6452509765625
202.0 17.3488078125
203.0 22.42704111328125
204.0 21.184434375
205.0 23.94180537109375
206.0 21.41995751953125
207.0 19.1819556640625
208.0 23.8401076171875
209.0 21.51314013671875
210.0 24.71747216796875
211.0 21.95317724609375
212.0 22.361726953125
213.0 24.15598984375
214.0 21.98953427734375
215.0 24.49285986328125
216.0 22.00015458984375
217.0 24.14717109375
218.0 20.0678126953125
219.0 23.1795173828125
220.0 24.09304736328125
221.0 20.9059259765625
222.0 17.82393203125
223.0 30.38607724609375
224.0 21.72088603515625
225.0 24.2418142578125
226.0 21.9789177734375
227.0 23.7380025390625
228.0 21.9016306640625
229.0 22.60359208984375
230.0 24.44602705078125
231.0 17.0691888671875
232.0 21.28910390625
233.0 20.86401328125
234.0 23.11833369140625
235.0 18.44006572265625
236.0 27.0472341796875
237.0 24.27962158203125
238.0 22.11392451171875
239.0 23.83873759765625
240.0 24.111897265625
241.0 23.22437841796875
242.0 21.90230107421875
243.0 23.87970185546875
244.0 21.67854794921875
245.0 24.70207294921875
246.0 22.63559921875
247.0 21.85606083984375
248.0 24.5648642578125
249.0 23.89065869140625
250.0 21.61531015625
251.0 24.16332705078125
252.0 21.998919140625
253.0 23.7245177734375
254.0 24.42242724609375
255.0 21.65699208984375
256.0 24.63650869140625
257.0 22.176233203125
258.0 17.018615234375
259.0 31.27163798828125
260.0 23.434887109375
261.0 21.48764296875
262.0 24.17116767578125
263.0 22.20661162109375
264.0 16.99920439453125
265.0 29.05113994140625
266.0 24.415912890625
267.0 24.14128310546875
268.0 22.3602083984375
269.0 24.3225609375
270.0 23.05537626953125
271.0 21.12303330078125
272.0 24.66385107421875
273.0 22.4823818359375
274.0 24.57327265625
275.0 22.944182421875
276.0 24.257403125
277.0 16.06383125
278.0 28.55398291015625
279.0 23.97126083984375
280.0 21.7855232421875
281.0 24.269004296875
282.0 22.5882712890625
283.0 24.64241064453125
284.0 21.9449630859375
285.0 24.4697169921875
286.0 21.8850740234375
287.0 23.836726171875
288.0 24.21441044921875
289.0 21.88628779296875
290.0 23.2776646484375
291.0 24.0976119140625
292.0 20.74994052734375
293.0 24.22396474609375
294.0 24.2236560546875
295.0 18.9636505859375
296.0 24.35118681640625
297.0 24.21694453125
298.0 21.7895134765625
299.0 24.0402177734375
300.0 22.14674853515625
301.0 24.23563837890625
302.0 21.97015234375
303.0 24.64290419921875
304.0 24.53547275390625
305.0 21.71097587890625
306.0 22.73229853515625
307.0 21.97103212890625
308.0 23.68660537109375
309.0 23.36701591796875
310.0 22.07220009765625
311.0 22.539163671875
312.0 21.7826537109375
313.0 23.91374990234375
314.0 21.90574013671875
315.0 22.6329029296875
316.0 20.326103515625
317.0 24.2393048828125
318.0 21.84758994140625
319.0 24.14046953125
320.0 23.8604337890625
321.0 21.7569548828125
322.0 24.61797919921875
323.0 21.81773642578125
324.0 23.8607447265625
325.0 22.07361455078125
326.0 23.57097626953125
327.0 23.71578701171875
328.0 15.81218056640625
329.0 28.76004287109375
330.0 21.9287486328125
331.0 23.16922451171875
332.0 19.3427736328125
333.0 21.807575
334.0 22.3729619140625
335.0 22.70462607421875
336.0 21.770516796875
337.0 23.277637890625
338.0 23.75784052734375
339.0 22.35674208984375
340.0 19.82384755859375
341.0 24.96794501953125
342.0 21.582133984375
343.0 24.2860525390625
344.0 24.79210810546875
345.0 20.48908974609375
346.0 23.9873765625
347.0 22.20551220703125
348.0 24.878592578125
349.0 21.9083728515625
350.0 22.687767578125
351.0 23.65051005859375
352.0 23.1200779296875
353.0 24.0979525390625
354.0 24.32233994140625
355.0 21.9147583984375
356.0 24.7541890625
357.0 18.3763896484375
358.0 27.78544658203125
359.0 21.8104462890625
360.0 24.61722509765625
361.0 19.3033279296875
362.0 26.83231484375
363.0 22.06804091796875
364.0 24.32240927734375
365.0 22.20872705078125
366.0 24.28611162109375
367.0 24.23248603515625
368.0 22.28515927734375
369.0 23.2535505859375
370.0 21.45009140625
371.0 24.451608984375
372.0 21.90337119140625
373.0 24.46515302734375
374.0 21.87116591796875
375.0 22.58986357421875
376.0 17.086562890625
377.0 19.479506640625
378.0 26.5282029296875
379.0 21.96772177734375
380.0 24.8125404296875
381.0 21.655395703125
382.0 24.39967060546875
383.0 20.32593837890625
384.0 23.2275390625
385.0 24.15641142578125
386.0 22.07520029296875
387.0 24.4567638671875
388.0 22.11425234375
389.0 25.06499921875
390.0 20.59051298828125
391.0 17.16591953125
392.0 30.1127423828125
393.0 24.32245625
394.0 22.134759765625
395.0 16.54828251953125
396.0 29.33721044921875
397.0 24.301335546875
398.0 19.65849287109375
399.0 27.01881357421875
400.0 21.61434638671875
401.0 23.984341015625
402.0 22.1612974609375
403.0 24.55986572265625
404.0 22.16209990234375
405.0 24.42677822265625
406.0 24.17525380859375
407.0 21.84762529296875
408.0 24.17467578125
409.0 16.55808759765625
410.0 28.4579626953125
411.0 24.48133564453125
412.0 21.8280146484375
413.0 24.17890537109375
414.0 21.91727744140625
415.0 24.5679365234375
416.0 24.47831064453125
417.0 21.97981064453125
418.0 24.619960546875
419.0 21.6546634765625
420.0 24.34469072265625
421.0 21.73754521484375
422.0 24.45822939453125
423.0 22.39515263671875
424.0 24.5025939453125
425.0 21.80526171875
426.0 24.2612328125
427.0 19.377334765625
428.0 27.46396357421875
429.0 24.21700615234375
430.0 21.70169130859375
431.0 24.35180615234375
432.0 22.1859955078125
433.0 24.13744248046875
434.0 21.48910517578125
435.0 24.06373046875
436.0 23.82630859375
437.0 22.47175244140625
438.0 23.7932453125
439.0 22.9388537109375
440.0 23.58614755859375
441.0 20.39668271484375
442.0 24.117268359375
443.0 24.3519169921875
444.0 20.9826375
445.0 24.1056443359375
446.0 21.75413564453125
447.0 24.08523837890625
448.0 21.99333115234375
449.0 24.2830802734375
450.0 24.452308203125
451.0 22.0082986328125
452.0 24.47898671875
453.0 22.08024755859375
454.0 24.331795703125
455.0 22.08160380859375
456.0 24.52670869140625
457.0 16.92515615234375
458.0 27.5837837890625
459.0 24.261683984375
460.0 24.3543685546875
461.0 20.8211869140625
462.0 24.17447744140625
463.0 24.62336513671875
464.0 21.415669921875
465.0 24.12874072265625
466.0 21.097755859375
467.0 24.11293115234375
468.0 20.85996044921875
469.0 24.49301904296875
470.0 12.13360634765625
471.0 27.53484228515625
472.0 17.3959103515625
473.0 24.85417109375
474.0 22.8942908203125
475.0 22.1474345703125
476.0 22.998283203125
477.0 20.0094720703125
478.0 23.59332587890625
479.0 24.53458681640625
480.0 21.92927021484375
481.0 23.52334921875
482.0 24.05223974609375
483.0 21.0656166015625
484.0 21.0037810546875
485.0 23.32709638671875
486.0 23.63137138671875
487.0 18.7722125
488.0 22.247079296875
489.0 20.96340419921875
490.0 22.87711669921875
491.0 21.898162890625
492.0 21.50970654296875
493.0 24.96897998046875
494.0 20.78621494140625
495.0 22.4184736328125
496.0 22.19060283203125
497.0 23.46794375
498.0 19.53256025390625
499.0 21.72444921875
500.0 23.3120638671875
501.0 24.34549541015625
502.0 21.80621865234375
503.0 24.9743708984375
504.0 22.12455732421875
505.0 23.92278154296875
506.0 21.88659453125
507.0 24.1493603515625
508.0 23.8650306640625
509.0 20.59100634765625
510.0 22.72145439453125
511.0 21.58994482421875
512.0 24.52381240234375
513.0 24.6041322265625
514.0 21.3486357421875
515.0 24.433347265625
516.0 21.50884404296875
517.0 24.42407216796875
518.0 21.79434736328125
519.0 24.4942728515625
520.0 23.7804484375
521.0 20.97892265625
522.0 23.7548501953125
523.0 22.01411943359375
524.0 23.85910888671875
525.0 21.702566796875
526.0 26.00358818359375
527.0 22.55527685546875
528.0 23.67240751953125
529.0 22.30721884765625
530.0 24.48962099609375
531.0 21.79193857421875
532.0 22.55880673828125
533.0 24.1404458984375
534.0 22.96765390625
535.0 24.53510166015625
536.0 21.92425078125
537.0 24.0581833984375
538.0 20.90752587890625
539.0 24.54365458984375
540.0 22.182817578125
541.0 24.56282060546875
542.0 23.93742021484375
543.0 21.77974365234375
544.0 24.519112890625
545.0 21.96274365234375
546.0 21.46973310546875
547.0 25.818920703125
548.0 21.98021533203125
549.0 24.73779091796875
550.0 21.8986970703125
551.0 24.6087044921875
552.0 22.04050048828125
553.0 24.823277734375
554.0 21.7864201171875
555.0 24.53286240234375
556.0 21.931505078125
557.0 24.43431708984375
558.0 22.2123189453125
559.0 23.6468638671875
560.0 21.739781640625
561.0 24.051785546875
562.0 24.38578359375
563.0 21.68247294921875
564.0 24.5229978515625
565.0 21.65193203125
566.0 24.63764716796875
567.0 17.50108642578125
568.0 28.7243431640625
569.0 24.6109208984375
570.0 21.716296875
571.0 24.39949072265625
572.0 22.0376376953125
573.0 24.51552353515625
574.0 21.92587529296875
575.0 22.21703974609375
576.0 24.4225119140625
577.0 21.9327556640625
578.0 24.33001025390625
579.0 24.410463671875
580.0 21.84012236328125
581.0 24.1234130859375
582.0 24.43868388671875
583.0 21.73177099609375
584.0 24.474291796875
585.0 22.7400958984375
586.0 24.304215234375
587.0 22.11475537109375
588.0 24.46821220703125
589.0 22.09071640625
590.0 24.32534189453125
591.0 21.40943876953125
592.0 16.7382171875
593.0 31.20902734375
594.0 21.92009208984375
595.0 24.45278056640625
596.0 21.416959375
597.0 16.83703232421875
598.0 25.997268359375
599.0 27.3232314453125
600.0 23.71487138671875
601.0 19.08019248046875
602.0 25.45173994140625
603.0 18.14588466796875
604.0 28.92526220703125
605.0 21.88322255859375
606.0 24.98773564453125
607.0 19.73554560546875
608.0 27.50426376953125
609.0 22.30754853515625
610.0 24.29751611328125
611.0 22.2583478515625
612.0 23.956998046875
613.0 21.6474232421875
614.0 23.1646826171875
615.0 21.53415732421875
616.0 24.48284609375
617.0 22.01352353515625
618.0 23.1595203125
619.0 16.06576669921875
620.0 29.9958583984375
621.0 21.8828169921875
622.0 24.92813173828125
623.0 21.59786005859375
624.0 23.5583724609375
625.0 24.24363330078125
626.0 24.18835966796875
627.0 22.1132763671875
628.0 24.14573662109375
629.0 21.20342958984375
630.0 19.435608203125
631.0 26.4922666015625
632.0 24.7030333984375
633.0 20.36885087890625
634.0 24.44529619140625
635.0 15.42752763671875
636.0 32.1330396484375
637.0 22.4823447265625
638.0 24.041490234375
639.0 22.04322197265625
640.0 22.78513876953125
641.0 24.6156724609375
642.0 23.64905
643.0 22.0133044921875
644.0 22.8177486328125
645.0 22.29304033203125
646.0 23.50429501953125
647.0 24.2507529296875
648.0 21.99932392578125
649.0 25.5074265625
650.0 22.29428759765625
651.0 24.55476142578125
652.0 21.34696865234375
653.0 24.13548525390625
654.0 21.578962890625
655.0 24.14404306640625
656.0 24.70352890625
657.0 21.9380990234375
658.0 25.0559990234375
659.0 23.083530078125
660.0 21.903972265625
661.0 23.70380029296875
662.0 24.16450986328125
663.0 22.333565234375
664.0 22.678093359375
665.0 24.2133841796875
666.0 24.09401162109375
667.0 22.23335
668.0 19.727026171875
669.0 27.80069462890625
670.0 21.72781064453125
671.0 24.5354548828125
672.0 21.610976953125
673.0 22.71066298828125
674.0 19.84560029296875
675.0 26.8407291015625
676.0 24.4657478515625
677.0 22.83605830078125
678.0 19.28638779296875
679.0 27.33435595703125
680.0 23.13281806640625
681.0 20.268481640625
682.0 24.2038302734375
683.0 25.4128115234375
684.0 21.96876220703125
685.0 24.68779033203125
686.0 22.37545009765625
687.0 23.67214296875
688.0 24.0451162109375
689.0 22.023826171875
690.0 24.05407265625
691.0 22.2281830078125
692.0 24.14598759765625
693.0 22.8940021484375
694.0 20.7372484375
695.0 17.61607431640625
696.0 27.677551953125
697.0 21.7862970703125
698.0 24.60231435546875
699.0 19.5063556640625
700.0 26.90050693359375
701.0 22.1433890625
702.0 24.42863369140625
703.0 24.3579869140625
704.0 21.771862109375
705.0 24.23121796875
706.0 21.2916646484375
707.0 24.41765048828125
708.0 21.857015234375
709.0 24.42587216796875
710.0 24.11977509765625
711.0 21.404697265625
712.0 24.82172958984375
713.0 21.920741796875
714.0 23.95594013671875
715.0 20.82387177734375
716.0 24.28629462890625
717.0 16.97364521484375
718.0 29.42410234375
719.0 23.6994177734375
720.0 16.66205302734375
721.0 26.58151328125
722.0 25.66514609375
723.0 21.92692724609375
724.0 24.45774638671875
725.0 21.68423076171875
726.0 24.4803634765625
727.0 24.43102841796875
728.0 19.307425
729.0 26.4490046875
730.0 21.52889404296875
731.0 24.65472587890625
732.0 24.3100431640625
733.0 22.34118212890625
734.0 24.61867587890625
735.0 21.77805966796875
736.0 23.0172568359375
737.0 24.938657421875
738.0 15.104402734375
739.0 31.1802240234375
740.0 22.19586923828125
741.0 25.26980087890625
742.0 22.08810673828125
743.0 24.23035458984375
744.0 22.849519140625
745.0 21.92370322265625
746.0 24.707555078125
747.0 22.513778515625
748.0 24.11504521484375
749.0 22.02780517578125
750.0 23.94299375
751.0 21.78232919921875
752.0 25.33305185546875
753.0 16.7528423828125
754.0 28.4144408203125
755.0 24.6653080078125
756.0 21.90687734375
757.0 24.284302734375
758.0 22.08219892578125
759.0 24.349248046875
760.0 22.4342734375
761.0 23.82642939453125
762.0 21.75060634765625
763.0 24.09911181640625
764.0 16.3131009765625
765.0 24.19442138671875
766.0 21.47714814453125
767.0 24.31526474609375
768.0 19.28763134765625
769.0 27.07423857421875
770.0 22.5111892578125
771.0 24.363966796875
772.0 21.74550908203125
773.0 22.48845166015625
774.0 21.943604296875
775.0 22.08762421875
776.0 24.37812919921875
777.0 24.1924294921875
778.0 21.9645638671875
779.0 24.52961982421875
780.0 22.07033310546875
781.0 24.38261328125
782.0 22.167462109375
783.0 24.7715248046875
784.0 22.057219921875
785.0 24.67381396484375
786.0 21.82480087890625
787.0 24.5061939453125
788.0 21.7287962890625
789.0 24.0917955078125
790.0 24.7563978515625
791.0 21.9772294921875
792.0 24.52388271484375
793.0 21.42430146484375
794.0 23.76534462890625
795.0 24.1430037109375
796.0 21.891366796875
797.0 24.61892880859375
798.0 21.821608984375
799.0 24.25185625
