0.0 9.668792578125
1.0 7.38811845703125
2.0 7.279622265625
3.0 8.7299236328125
4.0 9.49042890625
5.0 10.59646630859375
6.0 1.672919921875
7.0 0.67374814453125
8.0 0.9666998046875
9.0 3.46081650390625
10.0 5.11560126953125
11.0 5.02991962890625
12.0 3.9615330078125
13.0 3.87581435546875
14.0 1.04536796875
15.0 4.11265390625
16.0 2.2412357421875
17.0 4.3786501953125
18.0 4.53567587890625
19.0 5.249851171875
20.0 2.0183712890625
21.0 3.66844384765625
22.0 4.20440146484375
23.0 4.32281044921875
24.0 7.98070380859375
25.0 3.5322548828125
26.0 1.27215927734375
27.0 4.57112744140625
28.0 1.4117412109375
29.0 6.6996400390625
30.0 3.19574150390625
31.0 6.2910537109375
32.0 3.75744521484375
33.0 4.45162265625
34.0 4.05785361328125
35.0 5.97892119140625
36.0 2.626349609375
37.0 4.98661689453125
38.0 1.54639541015625
39.0 1.086478515625
40.0 1.32706640625
41.0 0.76597451171875
42.0 3.1528365234375
43.0 0.76045576171875
44.0 0.5378951171875
45.0 2.695987890625
46.0 0.41608017578125
47.0 1.47794326171875
48.0 3.78302763671875
49.0 7.57957568359375
50.0 3.5729697265625
51.0 1.19605703125
52.0 1.548841796875
53.0 1.08739248046875
54.0 1.97204521484375
55.0 2.567125
56.0 6.3246708984375
57.0 1.8375498046875
58.0 6.30990537109375
59.0 4.79025478515625
60.0 3.01037392578125
61.0 2.68386328125
62.0 2.1887671875
63.0 8.01389853515625
64.0 4.19534599609375
65.0 9.14940791015625
66.0 5.97743486328125
67.0 5.72281826171875
68.0 8.77063515625
69.0 7.7340642578125
70.0 7.9550439453125
71.0 6.1064173828125
72.0 4.4875025390625
73.0 3.5887283203125
74.0 2.879173828125
75.0 3.45407919921875
76.0 4.49821533203125
77.0 5.69055419921875
78.0 4.08329775390625
79.0 5.2738880859375
80.0 6.04150625
81.0 5.02437421875
82.0 2.61897958984375
83.0 4.62428408203125
84.0 1.18365859375
85.0 1.83933173828125
86.0 1.73588837890625
87.0 1.686444140625
88.0 1.2061615234375
89.0 4.35878720703125
90.0 9.36958271484375
91.0 7.51084765625
92.0 6.45196962890625
93.0 9.01574169921875
94.0 9.7120318359375
95.0 6.26879951171875
96.0 6.732909375
97.0 8.78348857421875
98.0 7.2201140625
99.0 5.7772904296875
100.0 4.48813193359375
101.0 5.4451638671875
102.0 5.87687978515625
103.0 6.13638642578125
104.0 7.15139150390625
105.0 7.207133984375
106.0 5.01432724609375
107.0 6.18837822265625
108.0 2.551694140625
109.0 1.56937529296875
110.0 2.773409375
111.0 0.65512275390625
112.0 1.51016240234375
113.0 0.948036328125
114.0 1.447709375
115.0 1.55410908203125
116.0 2.52274052734375
117.0 2.53699658203125
118.0 2.19036201171875
119.0 2.9025890625
120.0 1.110625
121.0 4.406485546875
122.0 8.09812451171875
123.0 5.11267001953125
124.0 1.64214140625
125.0 6.20643564453125
126.0 2.9884251953125
127.0 6.33966767578125
128.0 8.04512783203125
129.0 7.928008203125
130.0 8.92378271484375
131.0 8.72529638671875
132.0 7.488835546875
133.0 5.1885025390625
134.0 4.01335126953125
135.0 4.98342509765625
136.0 3.51386650390625
137.0 6.05179033203125
138.0 5.8705474609375
139.0 7.0544892578125
140.0 8.51160048828125
141.0 8.96610517578125
142.0 10.55535390625
143.0 6.950894140625
144.0 8.24252451171875
145.0 7.75290859375
146.0 6.20799853515625
147.0 8.50801826171875
148.0 10.1684822265625
149.0 8.7915822265625
150.0 10.81958681640625
151.0 5.3000541015625
152.0 5.9878578125
153.0 2.620730078125
154.0 7.3431064453125
155.0 2.812294921875
156.0 4.4171748046875
157.0 5.31829052734375
158.0 1.47444716796875
159.0 5.61447900390625
160.0 6.96109287109375
161.0 6.7024931640625
162.0 4.83720732421875
163.0 8.02511171875
164.0 8.04431181640625
165.0 4.94379169921875
166.0 6.985548828125
167.0 9.16506279296875
168.0 9.10554560546875
169.0 5.841475
170.0 4.98817265625
171.0 4.7858982421875
172.0 6.932944140625
173.0 4.9719654296875
174.0 4.79974169921875
175.0 2.531009375
176.0 5.22301748046875
177.0 8.21757431640625
178.0 4.2803896484375
179.0 4.00792978515625
180.0 4.253119140625
181.0 4.39345234375
182.0 9.2973328125
183.0 4.7511859375
184.0 4.9278787109375
185.0 6.6420740234375
186.0 3.45724462890625
187.0 7.35837294921875
188.0 3.88545400390625
189.0 6.02573271484375
190.0 7.5100599609375
191.0 4.8354640625
192.0 4.69446357421875
193.0 5.57087626953125
194.0 2.12378720703125
195.0 4.61874072265625
196.0 4.8110482421875
197.0 3.25923671875
198.0 5.55542783203125
199.0 6.43818291015625
200.0 4.07138505859375
201.0 7.30575009765625
202.0 6.2781697265625
203.0 2.20326572265625
204.0 5.80504990234375
205.0 4.288326171875
206.0 8.7255318359375
207.0 7.09096982421875
208.0 9.7417658203125
209.0 3.919866796875
210.0 8.5600240234375
211.0 8.0462701171875
212.0 7.03145966796875
213.0 7.14265810546875
214.0 8.51150908203125
215.0 8.70234921875
216.0 9.14143212890625
217.0 5.745643359375
218.0 7.7918134765625
219.0 7.90657626953125
220.0 7.4340669921875
221.0 6.1258021484375
222.0 7.24324169921875
223.0 7.794934765625
224.0 8.672433984375
225.0 6.27606826171875
226.0 5.8730830078125
227.0 5.68275517578125
228.0 6.654110546875
229.0 7.118815234375
230.0 4.76656318359375
231.0 8.546342578125
232.0 6.5223275390625
233.0 6.36889765625
234.0 6.6150091796875
235.0 7.48414228515625
236.0 7.15512529296875
237.0 4.2972220703125
238.0 6.2455435546875
239.0 9.114801171875
240.0 7.111164453125
241.0 4.82254345703125
242.0 8.74975859375
243.0 2.91007734375
244.0 7.1377072265625
245.0 4.28287587890625
246.0 3.56797275390625
247.0 6.51131123046875
248.0 9.03152958984375
249.0 8.07722802734375
250.0 5.84069296875
251.0 4.96516123046875
252.0 5.6551142578125
253.0 5.5831552734375
254.0 6.61604287109375
255.0 6.5396625
256.0 6.45872958984375
257.0 8.75665498046875
258.0 8.1014060546875
259.0 9.06356376953125
260.0 8.57440166015625
261.0 7.37157109375
262.0 5.18256123046875
263.0 6.6152380859375
264.0 6.0906541015625
265.0 6.54396142578125
266.0 7.10785576171875
267.0 6.5971658203125
268.0 8.04250634765625
269.0 9.14741904296875
270.0 8.05454482421875
271.0 7.732273828125
272.0 9.07033505859375
273.0 8.4638203125
274.0 7.5315708984375
275.0 5.407690234375
276.0 7.5367759765625
277.0 7.71182763671875
278.0 7.1622791015625
279.0 5.8595380859375
280.0 3.5311794921875
281.0 3.6244685546875
282.0 5.66727431640625
283.0 4.74323896484375
284.0 0.20835771484375
285.0 6.5626998046875
286.0 9.60780625
287.0 9.24424560546875
288.0 8.870274609375
289.0 9.23059931640625
290.0 9.71902041015625
291.0 9.69400751953125
292.0 9.109977734375
293.0 6.03425126953125
294.0 6.4005388671875
295.0 0.0
296.0 0.0
297.0 25.54943369140625
298.0 7.53806416015625
299.0 4.175536328125
300.0 3.67563984375
301.0 6.52043994140625
302.0 8.47902265625
303.0 2.61896201171875
304.0 10.527810546875
305.0 7.355635546875
306.0 4.86391416015625
307.0 8.6368033203125
308.0 8.98294638671875
309.0 7.41895478515625
310.0 2.43298291015625
311.0 3.25205615234375
312.0 5.300761328125
313.0 5.567941015625
314.0 4.27311767578125
315.0 2.990315625
316.0 4.11866435546875
317.0 5.22564853515625
318.0 6.96955478515625
319.0 6.1192951171875
320.0 8.2586595703125
321.0 8.90382958984375
322.0 7.66669052734375
323.0 9.12282021484375
324.0 8.95336337890625
325.0 9.6818615234375
326.0 7.292645703125
327.0 7.662482421875
328.0 6.94130390625
329.0 7.18505595703125
330.0 7.7737751953125
331.0 6.1734220703125
332.0 5.53326865234375
333.0 5.7874919921875
334.0 5.51578564453125
335.0 6.69897431640625
336.0 4.15323251953125
337.0 0.157309765625
338.0 2.78040224609375
339.0 7.04215166015625
340.0 6.09778701171875
341.0 6.9212453125
342.0 5.01362275390625
343.0 6.645223828125
344.0 5.32393515625
345.0 6.577066015625
346.0 6.13038193359375
347.0 5.14700205078125
348.0 4.1443294921875
349.0 7.81737216796875
350.0 6.8654677734375
351.0 7.9185822265625
352.0 5.3721982421875
353.0 8.05654931640625
354.0 4.10750166015625
355.0 1.78136025390625
356.0 0.91609404296875
357.0 0.25159248046875
358.0 10.16353173828125
359.0 8.02001728515625
360.0 8.68321767578125
361.0 8.6536037109375
362.0 7.581875
363.0 9.004578515625
364.0 9.33044423828125
365.0 9.04816708984375
366.0 5.13207998046875
367.0 6.4443689453125
368.0 7.44742568359375
369.0 5.6586048828125
370.0 8.4489875
371.0 7.5670361328125
372.0 9.44814345703125
373.0 7.826165234375
374.0 7.81627900390625
375.0 8.57411923828125
376.0 8.77361826171875
377.0 7.10397861328125
378.0 8.17421630859375
379.0 7.990533984375
380.0 8.5665017578125
381.0 7.5355888671875
382.0 8.95964677734375
383.0 8.3579099609375
384.0 7.7309822265625
385.0 6.76381455078125
386.0 8.65971904296875
387.0 5.6705521484375
388.0 8.07059345703125
389.0 5.28706083984375
390.0 8.96484501953125
391.0 6.55354775390625
392.0 7.2642498046875
393.0 6.248403515625
394.0 3.69428359375
395.0 6.7246701171875
396.0 6.983148828125
397.0 6.6722591796875
398.0 7.74813564453125
399.0 5.9135341796875
400.0 6.50801298828125
401.0 8.0912318359375
402.0 7.03706875
403.0 8.43206669921875
404.0 6.3316740234375
405.0 5.9747517578125
406.0 6.3886044921875
407.0 7.23863251953125
408.0 6.90987060546875
409.0 5.23214921875
410.0 2.93302529296875
411.0 5.68176953125
412.0 4.7785017578125
413.0 6.9843111328125
414.0 6.98721982421875
415.0 6.63569814453125
416.0 7.31116689453125
417.0 3.67851953125
418.0 3.12302509765625
419.0 4.754421484375
420.0 4.80668876953125
421.0 8.99088681640625
422.0 5.59944345703125
423.0 6.80047109375
424.0 6.7738326171875
425.0 7.9377505859375
426.0 5.90202724609375
427.0 7.585344140625
428.0 4.71114208984375
429.0 7.32256708984375
430.0 7.87747822265625
431.0 4.25924208984375
432.0 6.39982861328125
433.0 7.31032041015625
434.0 5.0143388671875
435.0 3.99714169921875
436.0 0.64001142578125
437.0 0.04766826171875
438.0 0.066139453125
439.0 0.61334228515625
440.0 1.38619990234375
441.0 1.21933740234375
442.0 4.93093115234375
443.0 7.1352744140625
444.0 1.93392421875
445.0 3.61034462890625
446.0 3.37662060546875
447.0 3.14617392578125
448.0 2.245454296875
449.0 1.5181708984375
450.0 4.3863259765625
451.0 2.83922431640625
452.0 7.52865966796875
453.0 5.734759765625
454.0 5.25560068359375
455.0 6.51017080078125
456.0 8.41788515625
457.0 7.557638671875
458.0 6.44107060546875
459.0 7.76303212890625
460.0 8.2299587890625
461.0 8.86257236328125
462.0 8.643712890625
463.0 9.477448828125
464.0 8.82601328125
465.0 4.81700390625
466.0 9.1558890625
467.0 6.9734755859375
468.0 8.7313494140625
469.0 9.771241015625
470.0 8.68160009765625
471.0 10.365541796875
472.0 9.47946875
473.0 9.272584765625
474.0 8.858203515625
475.0 9.9081712890625
476.0 10.06262705078125
477.0 7.85141826171875
478.0 8.81852890625
479.0 7.18461904296875
480.0 9.7203962890625
481.0 7.37129052734375
482.0 7.691393359375
483.0 8.7693369140625
484.0 8.47785693359375
485.0 9.2238771484375
486.0 8.7368669921875
487.0 7.84291611328125
488.0 8.0749583984375
489.0 7.34579052734375
490.0 6.8900259765625
491.0 4.5227037109375
492.0 9.23367197265625
493.0 8.12645234375
494.0 9.71443037109375
495.0 10.28147763671875
496.0 7.04233134765625
497.0 9.07452548828125
498.0 7.7160830078125
499.0 8.9486919921875
500.0 10.1933865234375
501.0 8.91432333984375
502.0 7.55800751953125
503.0 10.0455986328125
504.0 9.99827216796875
505.0 7.98328095703125
506.0 2.44149755859375
507.0 4.42283427734375
508.0 8.20808583984375
509.0 6.971616796875
510.0 8.926741015625
511.0 4.4381513671875
512.0 6.98926640625
513.0 6.54348525390625
514.0 6.850571875
515.0 6.5896986328125
516.0 6.57370078125
517.0 7.1173330078125
518.0 7.06986884765625
519.0 6.2305759765625
520.0 5.8542044921875
521.0 4.1213671875
522.0 8.332315625
523.0 6.21891083984375
524.0 6.363537890625
525.0 4.60849912109375
526.0 7.90086689453125
527.0 10.1494837890625
528.0 8.6664505859375
529.0 10.16222041015625
530.0 11.958381640625
531.0 11.257088671875
532.0 9.23128916015625
533.0 8.998876953125
534.0 9.1149416015625
535.0 11.3862392578125
536.0 11.37181484375
537.0 4.07137294921875
538.0 6.9863625
539.0 4.69586103515625
540.0 4.38406640625
541.0 10.69787490234375
542.0 7.932844921875
543.0 9.2436041015625
544.0 9.063297265625
545.0 3.43669423828125
546.0 8.52611748046875
547.0 8.798524609375
548.0 3.92638720703125
549.0 5.02995986328125
550.0 8.58449208984375
551.0 4.43115888671875
552.0 5.3280685546875
553.0 8.2504125
554.0 3.829033984375
555.0 6.47152294921875
556.0 9.964984765625
557.0 9.454148828125
558.0 7.2845568359375
559.0 0.0
560.0 0.0
561.0 0.0
562.0 0.0
563.0 0.0
564.0 0.0
565.0 0.0
566.0 0.03116611328125
567.0 0.76974599609375
568.0 0.40617412109375
569.0 1.0927390625
570.0 0.07476259765625
571.0 1.2577373046875
572.0 2.12112490234375
573.0 0.70268837890625
574.0 0.95780078125
575.0 0.5422068359375
576.0 0.555544140625
577.0 0.0
578.0 0.0
579.0 0.0
580.0 0.0
581.0 0.03807529296875
582.0 1.3230828125
583.0 4.70742314453125
584.0 5.471044140625
585.0 2.8488373046875
586.0 7.95052236328125
587.0 10.45213291015625
588.0 12.6086341796875
589.0 3.64338134765625
590.0 7.87009384765625
591.0 6.24591962890625
592.0 3.15727900390625
593.0 1.64234638671875
594.0 5.43730224609375
595.0 7.38860625
596.0 1.86880458984375
597.0 6.96300888671875
598.0 7.8729166015625
599.0 7.4222619140625
600.0 4.19129072265625
601.0 2.99493505859375
602.0 2.8230123046875
603.0 0.3016814453125
604.0 0.457862890625
605.0 1.15876005859375
606.0 0.9791107421875
607.0 0.84534453125
608.0 1.8026494140625
609.0 2.168152734375
610.0 2.9155111328125
611.0 3.99706142578125
612.0 0.19203427734375
613.0 0.14567568359375
614.0 0.29117578125
615.0 0.09349833984375
616.0 0.2186890625
617.0 0.1353455078125
618.0 0.27069091796875
619.0 0.26071162109375
620.0 0.3147142578125
621.0 2.46390732421875
622.0 0.6472130859375
623.0 0.71804814453125
624.0 0.01033017578125
625.0 0.2393494140625
626.0 0.10077900390625
627.0 0.137517578125
628.0 0.13499453125
629.0 1.4463255859375
630.0 0.250833203125
631.0 0.5378607421875
632.0 3.6166791015625
633.0 4.05329873046875
634.0 1.34777353515625
635.0 0.89715439453125
636.0 1.00064853515625
637.0 1.3137130859375
638.0 11.61815283203125
639.0 7.07330712890625
640.0 6.022859765625
641.0 7.42752001953125
642.0 9.2204384765625
643.0 14.8367509765625
644.0 12.9145888671875
645.0 11.24258994140625
646.0 5.0345615234375
647.0 1.6225599609375
648.0 0.618705078125
649.0 2.591841796875
650.0 5.21197607421875
651.0 4.13578603515625
652.0 2.44860234375
653.0 0.0
654.0 0.0
655.0 0.506627734375
656.0 4.251187109375
657.0 1.50643681640625
658.0 0.03116611328125
659.0 0.07283779296875
660.0 0.11468505859375
661.0 0.0
662.0 0.0
663.0 0.0
664.0 0.0
665.0 0.0
666.0 0.0
667.0 0.0
668.0 0.0
669.0 0.0
670.0 0.0
671.0 0.0
672.0 0.0
673.0 0.0
674.0 0.0
675.0 0.0
676.0 0.0
677.0 0.0
678.0 0.0
679.0 0.0
680.0 0.0
681.0 0.0
682.0 0.0
683.0 0.0
684.0 0.0
685.0 0.58625419921875
686.0 1.92315263671875
687.0 0.66490927734375
688.0 1.13546748046875
689.0 0.54993916015625
690.0 0.12731455078125
691.0 0.0
692.0 0.0
693.0 0.0
694.0 0.0
695.0 0.0
696.0 0.0
697.0 0.0
698.0 0.0
699.0 0.0
700.0 0.0
701.0 0.0
702.0 0.0
703.0 0.0
704.0 0.0
705.0 0.0
706.0 0.0
707.0 0.0
708.0 0.0
709.0 0.0
710.0 0.0
711.0 0.0
712.0 0.0
713.0 0.65676875
714.0 0.0
715.0 0.0
716.0 0.0
717.0 0.0
718.0 0.0
719.0 0.0
720.0 0.0
721.0 0.0
722.0 0.0
723.0 0.0
724.0 0.0
725.0 0.0
726.0 0.0
727.0 0.0
728.0 0.0
729.0 0.0
730.0 0.0
731.0 0.0
732.0 0.0
733.0 0.0
734.0 0.0
735.0 0.0
736.0 0.0
737.0 0.0
738.0 0.0
739.0 0.0
740.0 0.0
741.0 0.0
742.0 0.0
743.0 0.0
744.0 0.0
745.0 0.0
746.0 0.0
747.0 0.0
748.0 0.0
749.0 0.0
750.0 0.0
751.0 0.0
752.0 0.0
753.0 0.0
754.0 0.0
755.0 0.0
756.0 0.0
757.0 0.0
758.0 0.0
759.0 0.0
760.0 0.0
761.0 0.0
762.0 0.0
763.0 0.0
764.0 0.082936328125
765.0 25.7676060546875
766.0 1.13109033203125
767.0 3.88389677734375
768.0 7.85630244140625
769.0 8.7160744140625
770.0 13.1064251953125
771.0 10.9379498046875
772.0 11.67738076171875
773.0 16.9958873046875
774.0 10.802003125
775.0 9.14878955078125
776.0 7.5110345703125
777.0 8.17229716796875
778.0 7.31338125
779.0 12.76245361328125
780.0 7.04067275390625
781.0 0.45969345703125
782.0 1.136344921875
783.0 0.9164275390625
784.0 0.1983794921875
785.0 0.0625076171875
786.0 0.07283779296875
787.0 0.0936736328125
788.0 0.5408927734375
789.0 0.10501943359375
790.0 0.18717197265625
791.0 0.2986619140625
792.0 0.32465966796875
793.0 0.21886435546875
794.0 0.846394140625
795.0 2.6869091796875
796.0 0.03279052734375
797.0 0.17701728515625
798.0 0.27104189453125
799.0 0.093673828125
