0.0 21.6063220703125
1.0 26.07177314453125
2.0 24.6736494140625
3.0 12.302626953125
4.0 8.30263798828125
5.0 22.00723759765625
6.0 24.05323408203125
7.0 24.03884482421875
8.0 23.29574423828125
9.0 26.16673515625
10.0 23.6152671875
11.0 26.1302455078125
12.0 22.04850830078125
13.0 26.82943544921875
14.0 26.76639501953125
15.0 23.35035234375
16.0 26.7766021484375
17.0 24.47364970703125
18.0 26.058438671875
19.0 24.00014619140625
20.0 26.75558984375
21.0 23.4543876953125
22.0 25.7187419921875
23.0 23.37016787109375
24.0 26.0458365234375
25.0 23.2246171875
26.0 21.41394296875
27.0 25.99848837890625
28.0 23.2685390625
29.0 24.83366064453125
30.0 23.8488740234375
31.0 24.77802939453125
32.0 9.99262998046875
33.0 10.05100693359375
34.0 8.20039111328125
35.0 15.3428287109375
36.0 22.77865703125
37.0 19.02843056640625
38.0 24.2081732421875
39.0 22.906847265625
40.0 25.49425400390625
41.0 11.4935794921875
42.0 14.937871484375
43.0 18.00246953125
44.0 20.9063416015625
45.0 24.44398857421875
46.0 22.43691279296875
47.0 24.34817177734375
48.0 12.29952490234375
49.0 28.7330556640625
50.0 20.8631125
51.0 18.28809580078125
52.0 12.32437900390625
53.0 20.32087490234375
54.0 28.97620087890625
55.0 17.89329130859375
56.0 29.87543212890625
57.0 25.3008359375
58.0 22.2435568359375
59.0 25.6415525390625
60.0 22.97223994140625
61.0 20.838092578125
62.0 27.845122265625
63.0 22.09007529296875
64.0 26.08457724609375
65.0 25.61274853515625
66.0 23.3633814453125
67.0 25.852377734375
68.0 22.0238396484375
69.0 25.69288271484375
70.0 25.4601455078125
71.0 22.19938994140625
72.0 25.21688984375
73.0 23.54010185546875
74.0 23.9301677734375
75.0 23.48422998046875
76.0 24.83855048828125
77.0 24.78296552734375
78.0 21.86699501953125
79.0 22.90871865234375
80.0 21.73679697265625
81.0 25.305508203125
82.0 19.280372265625
83.0 22.949368359375
84.0 18.516193359375
85.0 24.9346884765625
86.0 22.8275345703125
87.0 24.17503662109375
88.0 22.40231123046875
89.0 22.75992763671875
90.0 25.8952326171875
91.0 22.90537998046875
92.0 24.37994814453125
93.0 5.04301953125
94.0 23.5614978515625
95.0 20.6857638671875
96.0 25.1134361328125
97.0 21.6339869140625
98.0 20.24343515625
99.0 25.738320703125
100.0 23.91913134765625
101.0 20.9401771484375
102.0 24.05722080078125
103.0 20.57147041015625
104.0 17.5054298828125
105.0 20.59183681640625
106.0 23.6541966796875
107.0 21.51576357421875
108.0 13.430705859375
109.0 23.9222083984375
110.0 20.59941142578125
111.0 22.4250546875
112.0 23.38548203125
113.0 18.423425
114.0 20.6701908203125
115.0 12.94202822265625
116.0 18.96396484375
117.0 16.499425390625
118.0 8.09410419921875
119.0 17.4253423828125
120.0 12.5381583984375
121.0 7.771308203125
122.0 0.0
123.0 0.0
124.0 0.1246642578125
125.0 0.0833435546875
126.0 0.1145095703125
127.0 0.11468505859375
128.0 0.0625076171875
129.0 0.13552099609375
130.0 0.05217744140625
131.0 0.15635673828125
132.0 0.0623322265625
133.0 0.14567568359375
134.0 0.19750205078125
135.0 3.9623259765625
136.0 4.7168044921875
137.0 8.1112353515625
138.0 11.86823154296875
139.0 11.891208984375
140.0 16.06400595703125
141.0 18.3588802734375
142.0 22.40137890625
143.0 22.03356298828125
144.0 25.47654794921875
145.0 23.61027392578125
146.0 25.4880962890625
147.0 23.350545703125
148.0 25.455309765625
149.0 23.377979296875
150.0 26.2586669921875
151.0 23.8376875
152.0 26.30087548828125
153.0 23.89681767578125
154.0 23.1099072265625
155.0 24.2623763671875
156.0 23.2149337890625
157.0 25.8443974609375
158.0 22.7462900390625
159.0 24.7433171875
160.0 23.3739869140625
161.0 26.455384765625
162.0 22.89376826171875
163.0 25.2138544921875
164.0 23.71931162109375
165.0 23.33253291015625
166.0 25.731069140625
167.0 18.4558650390625
168.0 20.1358666015625
169.0 26.01290166015625
170.0 23.86681943359375
171.0 26.43221904296875
172.0 25.2755978515625
173.0 21.8740205078125
174.0 19.5070251953125
175.0 29.2212740234375
176.0 25.43807353515625
177.0 23.53442431640625
178.0 26.02156796875
179.0 21.324191796875
180.0 22.09317666015625
181.0 24.91687158203125
182.0 25.309315625
183.0 24.09916513671875
184.0 26.7861419921875
185.0 24.09783662109375
186.0 27.50229736328125
187.0 24.14737451171875
188.0 24.590807421875
189.0 24.033572265625
190.0 26.6898552734375
191.0 23.72077822265625
192.0 26.78232900390625
193.0 23.79573671875
194.0 26.93692939453125
195.0 24.759737109375
196.0 27.637083203125
197.0 27.88415205078125
198.0 25.2265306640625
199.0 27.392498828125
200.0 22.9461130859375
201.0 27.261227734375
202.0 25.79962470703125
203.0 27.556171484375
204.0 19.22879052734375
205.0 19.0455447265625
206.0 19.46754833984375
207.0 25.77958037109375
208.0 14.59846279296875
209.0 15.52356435546875
210.0 16.655198046875
211.0 15.69360439453125
212.0 19.58647998046875
213.0 23.397282421875
214.0 24.27128408203125
215.0 26.5182130859375
216.0 24.11662041015625
217.0 26.3995150390625
218.0 23.07974248046875
219.0 25.83510703125
220.0 26.434015234375
221.0 23.62203740234375
222.0 26.82468251953125
223.0 22.4580998046875
224.0 26.91896953125
225.0 22.3971978515625
226.0 23.83744501953125
227.0 22.42641669921875
228.0 25.61141943359375
229.0 18.84802314453125
230.0 30.05429873046875
231.0 25.7835185546875
232.0 23.261176171875
233.0 26.7103767578125
234.0 27.13964326171875
235.0 24.25490888671875
236.0 27.14899521484375
237.0 23.36132490234375
238.0 26.5425060546875
239.0 24.29558154296875
240.0 24.803214453125
241.0 23.8742640625
242.0 26.74226259765625
243.0 24.180312890625
244.0 26.56991923828125
245.0 22.66321484375
246.0 26.776665625
247.0 25.53580009765625
248.0 23.99260830078125
249.0 25.66920302734375
250.0 24.41350322265625
251.0 24.881324609375
252.0 24.7267775390625
253.0 24.78250283203125
254.0 22.7139765625
255.0 26.14463935546875
256.0 26.24992109375
257.0 23.39173427734375
258.0 24.61625810546875
259.0 24.53468935546875
260.0 26.492980078125
261.0 24.32582001953125
262.0 27.554086328125
263.0 19.12593408203125
264.0 29.06464228515625
265.0 26.4231923828125
266.0 24.41283994140625
267.0 27.4349755859375
268.0 22.3623111328125
269.0 27.1744341796875
270.0 24.68672802734375
271.0 27.8522935546875
272.0 26.56224208984375
273.0 24.4230431640625
274.0 27.15204052734375
275.0 24.83815810546875
276.0 26.96114501953125
277.0 23.69067109375
278.0 26.2206828125
279.0 22.5293064453125
280.0 25.72654697265625
281.0 23.72552001953125
282.0 26.61782685546875
283.0 23.07591923828125
284.0 24.443278125
285.0 22.09133759765625
286.0 25.96920556640625
287.0 22.84060693359375
288.0 25.60823740234375
289.0 25.41673232421875
290.0 24.1264142578125
291.0 26.53249013671875
292.0 24.209858203125
293.0 26.32831865234375
294.0 23.4811015625
295.0 23.17991123046875
296.0 23.6789044921875
297.0 26.621561328125
298.0 23.421066015625
299.0 26.555391015625
300.0 20.837344921875
301.0 27.9408779296875
302.0 23.61632880859375
303.0 26.6739443359375
304.0 24.04504267578125
305.0 26.15694599609375
306.0 24.3028986328125
307.0 24.2313115234375
308.0 26.820679296875
309.0 24.035513671875
310.0 26.568476953125
311.0 20.950023046875
312.0 26.71837783203125
313.0 23.77352255859375
314.0 26.7848048828125
315.0 23.95759111328125
316.0 22.70912197265625
317.0 25.23954326171875
318.0 17.9494365234375
319.0 29.159930078125
320.0 27.09363505859375
321.0 23.386422265625
322.0 24.19245908203125
323.0 24.45586376953125
324.0 23.49808759765625
325.0 23.40470712890625
326.0 25.12232666015625
327.0 21.2949681640625
328.0 25.54090693359375
329.0 23.648871484375
330.0 26.5962392578125
331.0 18.75935400390625
332.0 24.42737822265625
333.0 26.33684560546875
334.0 21.47419638671875
335.0 27.60359423828125
336.0 23.87522080078125
337.0 20.82638671875
338.0 25.9747212890625
339.0 24.41480849609375
340.0 12.4751248046875
341.0 17.3948958984375
342.0 25.10333115234375
343.0 21.17171962890625
344.0 24.4325466796875
345.0 23.60756318359375
346.0 26.805726171875
347.0 25.39486611328125
348.0 23.23090576171875
349.0 26.4883740234375
350.0 23.21942763671875
351.0 19.81432978515625
352.0 23.0588234375
353.0 20.87101142578125
354.0 21.2946162109375
355.0 28.55308056640625
356.0 25.88226494140625
357.0 23.228023828125
358.0 25.86918427734375
359.0 22.7381529296875
360.0 25.92919755859375
361.0 23.64761982421875
362.0 26.43994521484375
363.0 25.148801953125
364.0 22.807236328125
365.0 26.6037880859375
366.0 23.34668740234375
367.0 26.3210560546875
368.0 23.62958603515625
369.0 25.8884189453125
370.0 24.06763046875
371.0 24.868857421875
372.0 22.37855859375
373.0 20.4863107421875
374.0 23.8874560546875
375.0 26.38915234375
376.0 21.90995537109375
377.0 25.54227353515625
378.0 23.47381982421875
379.0 26.64914609375
380.0 23.11997919921875
381.0 18.6279296875
382.0 31.897266015625
383.0 23.23460498046875
384.0 25.9713896484375
385.0 23.37847587890625
386.0 19.28044609375
387.0 23.14588369140625
388.0 26.62585693359375
389.0 23.44847861328125
390.0 24.1907095703125
391.0 22.00959482421875
392.0 25.3315482421875
393.0 25.60932763671875
394.0 19.71277763671875
395.0 24.82973486328125
396.0 17.8205130859375
397.0 17.58419208984375
398.0 20.4071150390625
399.0 20.90622119140625
400.0 26.02288095703125
401.0 18.6500708984375
402.0 19.9133171875
403.0 25.45911416015625
404.0 22.40146669921875
405.0 21.78942119140625
406.0 14.91020361328125
407.0 21.87301279296875
408.0 22.7487212890625
409.0 24.37501025390625
410.0 23.4290919921875
411.0 19.55489423828125
412.0 22.4180822265625
413.0 21.6819107421875
414.0 19.77768583984375
415.0 21.23335634765625
416.0 24.65532998046875
417.0 12.36986923828125
418.0 25.0851609375
419.0 26.25098916015625
420.0 21.722380859375
421.0 25.7794275390625
422.0 24.05720849609375
423.0 23.83016240234375
424.0 25.54175712890625
425.0 25.80183134765625
426.0 23.84842724609375
427.0 23.37885341796875
428.0 25.34879228515625
429.0 26.4526462890625
430.0 17.1379359375
431.0 31.91756279296875
432.0 23.2641291015625
433.0 25.64340322265625
434.0 23.48315888671875
435.0 25.72320986328125
436.0 23.8982255859375
437.0 26.7065625
438.0 24.268833984375
439.0 26.62409208984375
440.0 23.83160986328125
441.0 16.5386705078125
442.0 20.03086337890625
443.0 25.7995900390625
444.0 26.485207421875
445.0 24.481928515625
446.0 26.2843291015625
447.0 23.9829869140625
448.0 26.62369306640625
449.0 23.22201220703125
450.0 26.48055361328125
451.0 23.676328125
452.0 25.0214515625
453.0 23.038287890625
454.0 25.74288818359375
455.0 21.55982236328125
456.0 20.87773056640625
457.0 26.63829423828125
458.0 22.160704296875
459.0 24.1348015625
460.0 19.795057421875
461.0 25.7359505859375
462.0 20.994788671875
463.0 23.2614466796875
464.0 26.5205509765625
465.0 16.8652279296875
466.0 15.5304287109375
467.0 25.24063515625
468.0 24.613288671875
469.0 25.91080791015625
470.0 22.81578232421875
471.0 26.3226607421875
472.0 17.88155927734375
473.0 24.43553046875
474.0 21.46970400390625
475.0 25.09427626953125
476.0 23.54283857421875
477.0 26.873155078125
478.0 22.4773318359375
479.0 23.0684154296875
480.0 21.54234384765625
481.0 25.89075419921875
482.0 21.95871640625
483.0 26.5515345703125
484.0 26.01592919921875
485.0 23.667153125
486.0 26.649892578125
487.0 24.2187044921875
488.0 24.50619619140625
489.0 26.2547640625
490.0 24.67247080078125
491.0 23.78556064453125
492.0 19.60758349609375
493.0 28.0966521484375
494.0 26.0649853515625
495.0 24.069799609375
496.0 26.5502498046875
497.0 22.65765029296875
498.0 25.6826697265625
499.0 26.549017578125
500.0 23.95632373046875
501.0 25.89092392578125
502.0 20.77149287109375
503.0 25.40459462890625
504.0 23.2306841796875
505.0 24.07932255859375
506.0 20.65758916015625
507.0 23.896257421875
508.0 26.280190625
509.0 25.40961259765625
510.0 19.7690486328125
511.0 24.06577373046875
512.0 23.29818779296875
513.0 25.984162109375
514.0 23.9232912109375
515.0 23.9767546875
516.0 15.15496728515625
517.0 23.391481640625
518.0 22.1732267578125
519.0 25.6021232421875
520.0 19.470428125
521.0 16.86795390625
522.0 29.46934169921875
523.0 5.82465693359375
524.0 8.01220712890625
525.0 4.2781984375
526.0 6.07578271484375
527.0 13.8910140625
528.0 11.78106689453125
529.0 5.25955205078125
530.0 24.58832734375
531.0 18.23536416015625
532.0 26.3847556640625
533.0 16.61142822265625
534.0 8.58193447265625
535.0 4.32320390625
536.0 1.1436505859375
537.0 0.67992734375
538.0 11.937130859375
539.0 8.15083935546875
540.0 19.415896875
541.0 23.6895900390625
542.0 26.62591572265625
543.0 22.732546484375
544.0 20.541896875
545.0 11.33543544921875
546.0 17.361603125
547.0 16.41357470703125
548.0 21.466141796875
549.0 21.092948828125
550.0 20.46524736328125
551.0 26.27645263671875
552.0 15.8365564453125
553.0 25.555478125
554.0 23.92898359375
555.0 21.09983251953125
556.0 22.6733287109375
557.0 22.0743595703125
558.0 20.10404375
559.0 23.64795009765625
560.0 26.88734169921875
561.0 14.1423041015625
562.0 22.0228341796875
563.0 26.1469603515625
564.0 22.5083580078125
565.0 15.178819140625
566.0 31.86613505859375
567.0 18.11860625
568.0 29.560837109375
569.0 26.03617529296875
570.0 23.02763603515625
571.0 25.4578650390625
572.0 24.35662548828125
573.0 26.95411171875
574.0 26.91685869140625
575.0 24.86991484375
576.0 25.59919990234375
577.0 24.36979921875
578.0 25.83203994140625
579.0 23.6955650390625
580.0 26.656754296875
581.0 23.36406591796875
582.0 26.809587890625
583.0 15.2332857421875
584.0 21.9239322265625
585.0 20.5385626953125
586.0 28.045809765625
587.0 23.91175263671875
588.0 26.6411283203125
589.0 23.1391173828125
590.0 25.9661880859375
591.0 23.61599814453125
592.0 26.85206533203125
593.0 8.0930908203125
594.0 38.10145087890625
595.0 24.5604296875
596.0 24.41630712890625
597.0 21.38899765625
598.0 22.19524248046875
599.0 19.48699365234375
600.0 25.49104423828125
601.0 21.80452919921875
602.0 16.02912275390625
603.0 27.081923046875
604.0 24.79211806640625
605.0 22.38758955078125
606.0 24.63192978515625
607.0 23.0038880859375
608.0 24.17340986328125
609.0 22.3949591796875
610.0 23.3286314453125
611.0 24.51424296875
612.0 20.4527818359375
613.0 23.18814150390625
614.0 24.1986349609375
615.0 20.78608525390625
616.0 19.30499423828125
617.0 21.135851953125
618.0 26.10342685546875
619.0 23.69300859375
620.0 24.80424658203125
621.0 23.246587890625
622.0 25.71182216796875
623.0 20.2386689453125
624.0 22.607064453125
625.0 26.88067177734375
626.0 4.72043212890625
627.0 18.500914453125
628.0 24.999116015625
629.0 22.8723583984375
630.0 24.1716822265625
631.0 22.04797294921875
632.0 25.15206025390625
633.0 22.6578189453125
634.0 24.5653140625
635.0 23.462629296875
636.0 20.42271552734375
637.0 13.26042998046875
638.0 21.72247724609375
639.0 22.37714306640625
640.0 24.40130888671875
641.0 18.82199921875
642.0 23.11642158203125
643.0 25.5289744140625
644.0 19.320121484375
645.0 24.17312880859375
646.0 21.93486708984375
647.0 25.521273046875
648.0 26.08318173828125
649.0 22.89484716796875
650.0 25.75630380859375
651.0 23.98099501953125
652.0 6.62541982421875
653.0 22.449562890625
654.0 23.6957404296875
655.0 25.5165486328125
656.0 23.452835546875
657.0 26.2984392578125
658.0 22.785400390625
659.0 26.3065869140625
660.0 24.7205681640625
661.0 22.84198154296875
662.0 26.594674609375
663.0 23.811352734375
664.0 26.5391900390625
665.0 23.868425
666.0 26.300871875
667.0 24.01943486328125
668.0 26.10221953125
669.0 22.05592685546875
670.0 17.8962927734375
671.0 17.77868486328125
672.0 19.92643984375
673.0 26.2846052734375
674.0 21.47560029296875
675.0 25.80250654296875
676.0 23.89602373046875
677.0 26.20653330078125
678.0 22.6744333984375
679.0 26.51257822265625
680.0 23.609339453125
681.0 26.5536162109375
682.0 24.18376279296875
683.0 25.17183134765625
684.0 23.63663408203125
685.0 25.900198046875
686.0 26.63255576171875
687.0 23.6324646484375
688.0 24.3278818359375
689.0 26.71535166015625
690.0 26.86525205078125
691.0 24.26307568359375
692.0 26.1773796875
693.0 23.429874609375
694.0 26.71165859375
695.0 23.75370712890625
696.0 27.028101171875
697.0 24.10629755859375
698.0 26.62945732421875
699.0 23.89521533203125
700.0 27.08968984375
701.0 23.8570009765625
702.0 26.6254759765625
703.0 23.575583203125
704.0 27.46368349609375
705.0 26.7646896484375
706.0 20.741518359375
707.0 25.970423828125
708.0 22.80312646484375
709.0 25.1197986328125
710.0 28.264751953125
711.0 24.29151640625
712.0 27.67680625
713.0 24.30885263671875
714.0 26.5209328125
715.0 23.7379396484375
716.0 24.6982234375
717.0 27.3225568359375
718.0 24.0029451171875
719.0 27.392981640625
720.0 24.72356162109375
721.0 27.18907685546875
722.0 24.349808984375
723.0 26.5712189453125
724.0 23.81996142578125
725.0 25.29916416015625
726.0 26.693916015625
727.0 24.1764505859375
728.0 26.427033203125
729.0 24.36359423828125
730.0 27.10819853515625
731.0 24.184137890625
732.0 23.61849375
733.0 23.65803798828125
734.0 23.263169140625
735.0 25.999187890625
736.0 24.0158611328125
737.0 26.5820287109375
738.0 23.74370087890625
739.0 26.29619541015625
740.0 24.0049732421875
741.0 26.56374638671875
742.0 22.4963333984375
743.0 26.17997021484375
744.0 23.78319345703125
745.0 26.61668515625
746.0 26.9065548828125
747.0 24.07611787109375
748.0 23.9196875
749.0 19.802458203125
750.0 25.63594267578125
751.0 23.735128515625
752.0 27.500574609375
753.0 23.0220673828125
754.0 24.04493916015625
755.0 26.50685205078125
756.0 23.32819345703125
757.0 26.43595322265625
758.0 24.21359794921875
759.0 16.72616650390625
760.0 14.12632412109375
761.0 12.83482666015625
762.0 11.81349423828125
763.0 22.39414580078125
764.0 27.1770890625
765.0 23.63157255859375
766.0 27.71675146484375
767.0 24.45569892578125
768.0 27.549409765625
769.0 16.48328896484375
770.0 34.40695830078125
771.0 23.84243779296875
772.0 26.7400037109375
773.0 24.39421162109375
774.0 27.21368271484375
775.0 25.18092607421875
776.0 23.90405634765625
777.0 27.09799853515625
778.0 24.04197724609375
779.0 26.87622646484375
780.0 24.036951171875
781.0 27.405387890625
782.0 24.37757158203125
783.0 27.37713544921875
784.0 13.47274072265625
785.0 26.9824109375
786.0 23.9437181640625
787.0 27.1447638671875
788.0 24.3709328125
789.0 27.1190265625
790.0 24.217126953125
791.0 25.823887890625
792.0 23.9843234375
793.0 26.7702279296875
794.0 26.76436279296875
795.0 24.37558330078125
796.0 26.4625640625
797.0 24.3108033203125
798.0 24.0510439453125
799.0 25.38892021484375
