0.0 35.1855955078125
1.0 29.6244951171875
2.0 34.48442216796875
3.0 31.8907755859375
4.0 31.55686572265625
5.0 25.074392578125
6.0 38.98787998046875
7.0 35.90522060546875
8.0 24.84489208984375
9.0 29.25055966796875
10.0 46.05093525390625
11.0 31.8216755859375
12.0 32.1249900390625
13.0 31.82999140625
14.0 31.53751484375
15.0 35.69839384765625
16.0 31.70864892578125
17.0 30.72154580078125
18.0 32.73744208984375
19.0 27.8402525390625
20.0 29.46538876953125
21.0 34.60622724609375
22.0 33.29305029296875
23.0 32.17514619140625
24.0 32.43695927734375
25.0 32.767271875
26.0 30.442083203125
27.0 31.6305068359375
28.0 31.7250708984375
29.0 28.9709986328125
30.0 34.73638330078125
31.0 35.1311994140625
32.0 31.50887802734375
33.0 33.1569140625
34.0 30.17752900390625
35.0 28.276362890625
36.0 35.352105859375
37.0 31.56803759765625
38.0 34.1910068359375
39.0 29.7250439453125
40.0 30.38867470703125
41.0 35.5784544921875
42.0 31.49782197265625
43.0 30.28909521484375
44.0 34.74789326171875
45.0 30.15856923828125
46.0 35.297724609375
47.0 31.2091740234375
48.0 30.70032705078125
49.0 33.69089013671875
50.0 30.85093291015625
51.0 34.66861328125
52.0 31.2897859375
53.0 29.6082353515625
54.0 28.23468623046875
55.0 31.99206142578125
56.0 34.4775791015625
57.0 29.89732109375
58.0 33.34895537109375
59.0 31.73430302734375
60.0 27.999113671875
61.0 35.1230212890625
62.0 26.84668828125
63.0 32.82975712890625
64.0 35.3448802734375
65.0 33.15162001953125
66.0 32.1397494140625
67.0 29.37138916015625
68.0 30.9502921875
69.0 36.1848759765625
70.0 30.51513662109375
71.0 28.91237021484375
72.0 33.007636328125
73.0 32.8709330078125
74.0 32.02864921875
75.0 33.561509375
76.0 29.8697478515625
77.0 34.74079931640625
78.0 31.4341552734375
79.0 30.70876025390625
80.0 30.63032431640625
81.0 33.64529599609375
82.0 30.480835546875
83.0 32.86756181640625
84.0 31.1314236328125
85.0 31.3619720703125
86.0 34.83349619140625
87.0 28.913208203125
88.0 35.184689453125
89.0 32.09457900390625
90.0 30.41245537109375
91.0 30.00649091796875
92.0 33.1094771484375
93.0 27.44881455078125
94.0 34.0152744140625
95.0 29.24342724609375
96.0 33.77289453125
97.0 30.2451962890625
98.0 31.498051953125
99.0 37.01591953125
100.0 32.126048828125
101.0 30.73242724609375
102.0 36.16169306640625
103.0 30.82007294921875
104.0 33.798942578125
105.0 30.2225103515625
106.0 27.508378125
107.0 37.66818251953125
108.0 31.1139400390625
109.0 28.1217490234375
110.0 34.02538671875
111.0 32.552864453125
112.0 31.20365830078125
113.0 20.9688001953125
114.0 41.33743349609375
115.0 33.25885458984375
116.0 32.42139375
117.0 30.48606474609375
118.0 31.58219482421875
119.0 34.337988671875
120.0 36.49495712890625
121.0 32.2624603515625
122.0 32.41361552734375
123.0 34.828941015625
124.0 32.44382607421875
125.0 31.53640791015625
126.0 31.82352412109375
127.0 22.87336806640625
128.0 42.14249091796875
129.0 35.7012693359375
130.0 19.6299546875
131.0 45.0819396484375
132.0 26.33310400390625
133.0 30.92204658203125
134.0 38.54204287109375
135.0 28.89923837890625
136.0 29.57843798828125
137.0 29.97600029296875
138.0 33.543702734375
139.0 32.298912109375
140.0 30.46075546875
141.0 18.777097265625
142.0 26.62679951171875
143.0 29.18922080078125
144.0 26.431157421875
145.0 32.3532380859375
146.0 30.07634921875
147.0 34.10392587890625
148.0 28.39938193359375
149.0 31.32696572265625
150.0 20.6155802734375
151.0 45.16056240234375
152.0 22.7623578125
153.0 40.4786939453125
154.0 35.30926015625
155.0 31.8006919921875
156.0 31.2158236328125
157.0 34.8074244140625
158.0 31.80548115234375
159.0 29.8525755859375
160.0 38.1425072265625
161.0 32.8429384765625
162.0 31.5389990234375
163.0 28.32157119140625
164.0 36.29972373046875
165.0 32.8313181640625
166.0 28.35490830078125
167.0 33.18000927734375
168.0 27.52143408203125
169.0 43.9336287109375
170.0 31.60843125
171.0 35.218702734375
172.0 29.34613076171875
173.0 33.667847265625
174.0 31.32703408203125
175.0 33.153476171875
176.0 35.6840142578125
177.0 30.71607890625
178.0 10.09264912109375
179.0 55.7717501953125
180.0 31.9975134765625
181.0 32.02591376953125
182.0 30.82123486328125
183.0 33.9251328125
184.0 33.24583515625
185.0 35.006710546875
186.0 26.20290703125
187.0 33.9582068359375
188.0 24.5144150390625
189.0 41.36440908203125
190.0 31.33185537109375
191.0 33.1700302734375
192.0 31.25226201171875
193.0 32.67703974609375
194.0 23.60522890625
195.0 44.6024451171875
196.0 32.8412521484375
197.0 21.2364630859375
198.0 41.4380017578125
199.0 36.33765263671875
200.0 21.96135263671875
201.0 44.69607119140625
202.0 32.73345625
203.0 30.080083203125
204.0 30.2459126953125
205.0 29.84640205078125
206.0 28.770391015625
207.0 29.799179296875
208.0 27.23189111328125
209.0 33.55367041015625
210.0 26.1435388671875
211.0 35.3198115234375
212.0 30.0213263671875
213.0 29.02274345703125
214.0 32.00866787109375
215.0 30.545073046875
216.0 33.1095103515625
217.0 28.5860232421875
218.0 30.82880478515625
219.0 24.53100615234375
220.0 39.8100341796875
221.0 36.90657939453125
222.0 26.27484638671875
223.0 40.9235505859375
224.0 36.33293037109375
225.0 30.99036640625
226.0 36.3911861328125
227.0 30.69649189453125
228.0 30.55596572265625
229.0 37.59628193359375
230.0 32.8353716796875
231.0 36.4027134765625
232.0 31.9709560546875
233.0 31.418133984375
234.0 29.18406044921875
235.0 32.126848046875
236.0 37.57414755859375
237.0 33.30590849609375
238.0 36.25366357421875
239.0 34.2265572265625
240.0 36.7148283203125
241.0 24.0152900390625
242.0 41.54619931640625
243.0 32.40702138671875
244.0 39.12240927734375
245.0 24.7259349609375
246.0 48.568878125
247.0 34.09834755859375
248.0 33.41370966796875
249.0 39.0027814453125
250.0 33.66885380859375
251.0 33.17397734375
252.0 36.1424625
253.0 31.40365517578125
254.0 32.46896943359375
255.0 36.34970810546875
256.0 31.64654423828125
257.0 34.9806892578125
258.0 30.5320126953125
259.0 32.29078671875
260.0 34.65195439453125
261.0 31.45399482421875
262.0 27.240836328125
263.0 38.88745771484375
264.0 31.689309375
265.0 32.2560099609375
266.0 35.73705673828125
267.0 30.16109453125
268.0 34.39087353515625
269.0 30.724842578125
270.0 32.59890654296875
271.0 37.51399052734375
272.0 19.48316962890625
273.0 42.0243626953125
274.0 35.59500107421875
275.0 32.02174609375
276.0 32.164145703125
277.0 29.3567423828125
278.0 33.72748876953125
279.0 29.88912119140625
280.0 30.31644443359375
281.0 33.886363671875
282.0 31.5467896484375
283.0 27.035862890625
284.0 31.5846427734375
285.0 32.48565693359375
286.0 32.0935623046875
287.0 28.677994140625
288.0 24.8989328125
289.0 35.65522197265625
290.0 23.5586046875
291.0 40.13729443359375
292.0 33.02563271484375
293.0 30.67920517578125
294.0 32.34363759765625
295.0 33.8333712890625
296.0 29.17391982421875
297.0 30.3851251953125
298.0 33.46064599609375
299.0 35.28401533203125
300.0 32.07063662109375
301.0 35.51865283203125
302.0 33.60567490234375
303.0 32.56084306640625
304.0 34.02465224609375
305.0 32.95072998046875
306.0 35.95913701171875
307.0 30.4156318359375
308.0 26.1951154296875
309.0 25.3319662109375
310.0 39.4814017578125
311.0 32.21621572265625
312.0 33.926237890625
313.0 32.7866970703125
314.0 32.28691328125
315.0 34.6956322265625
316.0 33.1597984375
317.0 28.68438544921875
318.0 31.74463828125
319.0 35.630751171875
320.0 24.05474599609375
321.0 41.56753466796875
322.0 33.62439873046875
323.0 34.9863994140625
324.0 30.052669921875
325.0 34.1018861328125
326.0 34.3837986328125
327.0 32.239891015625
328.0 39.5415517578125
329.0 27.3937556640625
330.0 25.63923505859375
331.0 39.6597240234375
332.0 37.2579912109375
333.0 32.07744169921875
334.0 30.404374609375
335.0 17.055866796875
336.0 46.15397919921875
337.0 27.038879296875
338.0 36.65745576171875
339.0 30.01512861328125
340.0 39.52140341796875
341.0 26.322065625
342.0 35.07644375
343.0 21.3313818359375
344.0 39.72336298828125
345.0 37.28992314453125
346.0 30.40406533203125
347.0 36.002119921875
348.0 30.4005080078125
349.0 28.1620046875
350.0 29.83979443359375
351.0 35.14492509765625
352.0 32.45098583984375
353.0 24.5770658203125
354.0 33.7157599609375
355.0 29.45639267578125
356.0 35.96728935546875
357.0 39.81199091796875
358.0 35.65793056640625
359.0 34.748146875
360.0 35.669911328125
361.0 31.1172693359375
362.0 34.57914658203125
363.0 37.5717193359375
364.0 32.5610458984375
365.0 30.1434322265625
366.0 40.8815703125
367.0 30.99625927734375
368.0 35.45688212890625
369.0 31.86386708984375
370.0 32.0126556640625
371.0 33.73748408203125
372.0 32.14565185546875
373.0 35.4893474609375
374.0 28.75755966796875
375.0 36.04089287109375
376.0 30.5474818359375
377.0 28.63273642578125
378.0 33.968473046875
379.0 34.47005673828125
380.0 31.17761767578125
381.0 30.56103095703125
382.0 36.0456845703125
383.0 33.04156025390625
384.0 32.677343359375
385.0 34.5692314453125
386.0 32.552522265625
387.0 34.220852734375
388.0 34.86728447265625
389.0 35.0128123046875
390.0 37.03685
391.0 32.597956640625
392.0 33.7260080078125
393.0 24.99035986328125
394.0 42.52022822265625
395.0 35.45607333984375
396.0 39.430740234375
397.0 35.53701708984375
398.0 36.99188134765625
399.0 41.126173046875
400.0 24.347567578125
401.0 44.66843662109375
402.0 16.175696875
403.0 45.729765234375
404.0 44.7645619140625
405.0 35.6369802734375
406.0 34.46883603515625
407.0 27.038687109375
408.0 40.10254150390625
409.0 38.08153232421875
410.0 31.44053466796875
411.0 21.786609765625
412.0 47.14099716796875
413.0 31.91433818359375
414.0 38.1987591796875
415.0 34.83469169921875
416.0 37.3826666015625
417.0 33.47847431640625
418.0 35.22946416015625
419.0 37.9057056640625
420.0 34.21498173828125
421.0 35.38832880859375
422.0 35.6945400390625
423.0 35.3161595703125
424.0 30.5820013671875
425.0 38.21101826171875
426.0 32.97258662109375
427.0 35.65103740234375
428.0 25.33751279296875
429.0 42.3835396484375
430.0 23.9989220703125
431.0 41.04432255859375
432.0 38.42458681640625
433.0 20.2622216796875
434.0 48.03800380859375
435.0 36.65025654296875
436.0 25.89960322265625
437.0 47.69777890625
438.0 33.1196296875
439.0 34.78273154296875
440.0 36.96074345703125
441.0 34.17239580078125
442.0 27.93135712890625
443.0 34.270278125
444.0 26.65661181640625
445.0 27.3238423828125
446.0 23.91758603515625
447.0 23.1715591796875
448.0 29.0298240234375
449.0 33.06477978515625
450.0 33.664644921875
451.0 19.2263693359375
452.0 47.3698033203125
453.0 38.7727912109375
454.0 33.14409267578125
455.0 27.9812033203125
456.0 38.3803958984375
457.0 35.491600390625
458.0 34.30442978515625
459.0 23.48590478515625
460.0 46.0981263671875
461.0 35.2467451171875
462.0 36.12131953125
463.0 40.34995361328125
464.0 36.25956884765625
465.0 33.47290830078125
466.0 36.02408310546875
467.0 31.84149521484375
468.0 35.30601083984375
469.0 37.78268447265625
470.0 28.8784806640625
471.0 39.7746291015625
472.0 32.3536337890625
473.0 32.7738892578125
474.0 37.00570576171875
475.0 31.4191244140625
476.0 34.55308076171875
477.0 31.50524765625
478.0 33.3077724609375
479.0 21.849970703125
480.0 44.54623203125
481.0 33.96536494140625
482.0 29.8380322265625
483.0 38.29909501953125
484.0 32.05383046875
485.0 31.8192744140625
486.0 36.346878125
487.0 33.87199775390625
488.0 32.83532783203125
489.0 32.52417890625
490.0 36.41035166015625
491.0 29.94194638671875
492.0 36.4651734375
493.0 31.9898162109375
494.0 22.70291318359375
495.0 41.63177890625
496.0 33.27305234375
497.0 33.9707556640625
498.0 33.39339892578125
499.0 38.1880162109375
500.0 34.31235263671875
501.0 33.670168359375
502.0 32.8942796875
503.0 22.9656833984375
504.0 44.65876962890625
505.0 35.91482470703125
506.0 37.1927544921875
507.0 35.44242607421875
508.0 32.27579775390625
509.0 38.342740625
510.0 33.861191796875
511.0 38.03482783203125
512.0 28.5921232421875
513.0 40.33215732421875
514.0 23.337415234375
515.0 47.1566205078125
516.0 36.505269140625
517.0 39.34217919921875
518.0 31.83155
519.0 26.51554677734375
520.0 46.62276015625
521.0 34.95552529296875
522.0 26.420821875
523.0 49.7244248046875
524.0 31.353162890625
525.0 34.11130546875
526.0 39.17458056640625
527.0 34.41941650390625
528.0 25.6788025390625
529.0 43.7553140625
530.0 33.22464375
531.0 31.446093359375
532.0 36.29745234375
533.0 36.39207294921875
534.0 32.5445158203125
535.0 33.1388017578125
536.0 33.8196310546875
537.0 15.03628310546875
538.0 54.2349328125
539.0 35.471333203125
540.0 31.9966306640625
541.0 35.0867974609375
542.0 34.2456607421875
543.0 34.1418935546875
544.0 33.97837109375
545.0 27.6791876953125
546.0 32.9204998046875
547.0 30.254183984375
548.0 31.1023708984375
549.0 35.6624822265625
550.0 29.6030794921875
551.0 32.99042041015625
552.0 33.23562724609375
553.0 31.426833984375
554.0 36.98219873046875
555.0 27.544946484375
556.0 29.53306044921875
557.0 31.34247626953125
558.0 33.15650078125
559.0 34.33442177734375
560.0 33.5744431640625
561.0 35.740788671875
562.0 30.3712171875
563.0 26.0343650390625
564.0 44.93626328125
565.0 32.47589404296875
566.0 31.8629396484375
567.0 34.96055126953125
568.0 34.45028193359375
569.0 34.8810607421875
570.0 36.7780853515625
571.0 29.14690400390625
572.0 39.31822431640625
573.0 36.175591796875
574.0 33.01365263671875
575.0 33.50728798828125
576.0 32.6191908203125
577.0 36.90274755859375
578.0 23.3272640625
579.0 34.5414322265625
580.0 43.67557490234375
581.0 21.15784794921875
582.0 44.2952001953125
583.0 35.45192451171875
584.0 32.8859107421875
585.0 31.82409775390625
586.0 33.55180078125
587.0 23.01355185546875
588.0 40.6825759765625
589.0 37.823870703125
590.0 33.51913359375
591.0 33.19716982421875
592.0 25.32433681640625
593.0 33.784782421875
594.0 42.853803515625
595.0 28.76669970703125
596.0 35.17663623046875
597.0 33.86276767578125
598.0 33.104378125
599.0 35.88431396484375
600.0 33.95012431640625
601.0 36.5917841796875
602.0 34.721946875
603.0 24.42095322265625
604.0 36.0144697265625
605.0 41.0546111328125
606.0 31.66932861328125
607.0 32.29423955078125
608.0 36.70638740234375
609.0 31.47052548828125
610.0 30.0923205078125
611.0 32.12989990234375
612.0 31.18610302734375
613.0 35.939960546875
614.0 32.100556640625
615.0 33.43508505859375
616.0 31.25025
617.0 30.812943359375
618.0 36.3704560546875
619.0 33.1468216796875
620.0 29.973979296875
621.0 39.82980888671875
622.0 32.96337041015625
623.0 32.51918134765625
624.0 36.65356552734375
625.0 32.1197525390625
626.0 36.015463671875
627.0 32.48759560546875
628.0 32.8961845703125
629.0 32.17627333984375
630.0 32.8460044921875
631.0 33.16011416015625
632.0 32.07918173828125
633.0 20.58433681640625
634.0 45.8823849609375
635.0 25.56381923828125
636.0 39.6359748046875
637.0 25.658666015625
638.0 39.412305859375
639.0 32.9739431640625
640.0 32.91730185546875
641.0 34.85364775390625
642.0 32.10660703125
643.0 26.916490625
644.0 38.26801123046875
645.0 33.47104599609375
646.0 32.0235802734375
647.0 32.01816181640625
648.0 30.9235810546875
649.0 30.19622255859375
650.0 29.98637197265625
651.0 27.87443896484375
652.0 32.40983134765625
653.0 30.89024462890625
654.0 35.991742578125
655.0 29.3377677734375
656.0 29.3962880859375
657.0 27.6964244140625
658.0 35.73113505859375
659.0 28.87623759765625
660.0 34.93502578125
661.0 21.18641220703125
662.0 33.75552666015625
663.0 32.12149365234375
664.0 25.99852802734375
665.0 25.3646931640625
666.0 30.134076171875
667.0 32.2349962890625
668.0 30.3723271484375
669.0 33.326144140625
670.0 32.38359287109375
671.0 34.86814130859375
672.0 29.5215251953125
673.0 27.85536748046875
674.0 34.41294208984375
675.0 30.4347173828125
676.0 32.2361296875
677.0 23.0395712890625
678.0 42.51244755859375
679.0 15.66370732421875
680.0 42.61589833984375
681.0 36.5061380859375
682.0 35.47893369140625
683.0 30.8324314453125
684.0 35.41648623046875
685.0 28.50659599609375
686.0 34.7958986328125
687.0 35.5487109375
688.0 32.20389716796875
689.0 36.400662890625
690.0 32.6529169921875
691.0 34.4407591796875
692.0 30.13265810546875
693.0 30.10284228515625
694.0 33.251350390625
695.0 31.26032236328125
696.0 20.53770859375
697.0 45.04862607421875
698.0 32.20888359375
699.0 32.41779873046875
700.0 37.35800146484375
701.0 32.6896884765625
702.0 33.4040421875
703.0 35.559626953125
704.0 33.11133466796875
705.0 35.17257861328125
706.0 33.026451171875
707.0 25.96774814453125
708.0 39.72760927734375
709.0 34.5298912109375
710.0 30.3682513671875
711.0 36.50366298828125
712.0 23.6004607421875
713.0 42.25372177734375
714.0 29.0305111328125
715.0 39.6372263671875
716.0 32.00256845703125
717.0 36.31579697265625
718.0 33.7440970703125
719.0 32.4095076171875
720.0 37.24210234375
721.0 33.6992330078125
722.0 32.91920908203125
723.0 38.4052466796875
724.0 31.67766416015625
725.0 37.0107109375
726.0 32.8756375
727.0 33.86664189453125
728.0 37.5121427734375
729.0 31.8687498046875
730.0 37.12038212890625
731.0 30.54149169921875
732.0 33.51520263671875
733.0 38.1844263671875
734.0 33.1621640625
735.0 31.8489287109375
736.0 34.539112890625
737.0 29.38235
738.0 34.36440556640625
739.0 31.70197099609375
740.0 32.0116837890625
741.0 32.16501943359375
742.0 28.43732021484375
743.0 33.4712978515625
744.0 32.3275537109375
745.0 28.99177626953125
746.0 35.40931513671875
747.0 28.5673146484375
748.0 32.9803013671875
749.0 31.23739921875
750.0 29.99348798828125
751.0 36.2202052734375
752.0 32.07886123046875
753.0 32.965539453125
754.0 36.00964755859375
755.0 32.08143310546875
756.0 28.49617685546875
757.0 28.5954072265625
758.0 32.61312109375
759.0 33.2428263671875
760.0 28.010596875
761.0 36.32460283203125
762.0 21.44503486328125
763.0 45.37658955078125
764.0 22.557912109375
765.0 40.78964853515625
766.0 28.59700751953125
767.0 32.29236357421875
768.0 28.501559375
769.0 28.4796765625
770.0 30.67208818359375
771.0 32.77688427734375
772.0 29.4624935546875
773.0 28.04712783203125
774.0 34.45056376953125
775.0 26.3432876953125
776.0 30.47497861328125
777.0 31.13530537109375
778.0 34.42435537109375
779.0 32.4493830078125
780.0 31.64543408203125
781.0 33.40416884765625
782.0 18.7589658203125
783.0 39.67291044921875
784.0 37.98440263671875
785.0 32.9277060546875
786.0 38.1757544921875
787.0 35.78304169921875
788.0 35.15589296875
789.0 33.40059130859375
790.0 37.76986220703125
791.0 33.68931279296875
792.0 32.453508203125
793.0 37.7289828125
794.0 33.848974609375
795.0 34.77725927734375
796.0 35.8198525390625
797.0 35.43294140625
798.0 33.89712548828125
799.0 36.97147900390625
