0.0 31.32393642578125
1.0 30.16360712890625
2.0 26.5894732421875
3.0 25.25513818359375
4.0 21.52359423828125
5.0 43.9318748046875
6.0 28.14671953125
7.0 54.54094736328125
8.0 57.48097900390625
9.0 27.73463388671875
10.0 29.90470869140625
11.0 23.75974150390625
12.0 28.17182568359375
13.0 24.93533232421875
14.0 23.9680650390625
15.0 20.10982236328125
16.0 15.7523169921875
17.0 8.782899609375
18.0 2.34292890625
19.0 12.386850390625
20.0 12.00594248046875
21.0 4.67996328125
22.0 7.40661953125
23.0 9.25608896484375
24.0 6.8278111328125
25.0 9.71893642578125
26.0 7.90734208984375
27.0 3.24247890625
28.0 19.04828603515625
29.0 13.29567373046875
30.0 10.80757177734375
31.0 2.93485859375
32.0 3.6167203125
33.0 5.0208423828125
34.0 3.48750263671875
35.0 2.0440181640625
36.0 9.47965693359375
37.0 13.212473046875
38.0 4.14010625
39.0 20.51607080078125
40.0 17.79000009765625
41.0 22.36181640625
42.0 13.17347548828125
43.0 19.2085
44.0 26.0396630859375
45.0 21.860548828125
46.0 25.13784931640625
47.0 16.49450947265625
48.0 2.90223125
49.0 4.83098994140625
50.0 22.667041796875
51.0 24.43019365234375
52.0 8.403066015625
53.0 19.084687890625
54.0 20.235810546875
55.0 13.54341435546875
56.0 15.284628515625
57.0 7.61407734375
58.0 16.0726947265625
59.0 12.00259150390625
60.0 12.30966396484375
61.0 9.16441083984375
62.0 5.41028515625
63.0 4.72506416015625
64.0 0.4066287109375
65.0 1.48999130859375
66.0 0.83819189453125
67.0 4.41516708984375
68.0 1.9010818359375
69.0 0.0103302734375
70.0 0.31424912109375
71.0 0.3890119140625
72.0 0.0
73.0 0.0
74.0 0.0
75.0 0.0
76.0 0.0
77.0 0.0
78.0 0.0
79.0 0.0
80.0 0.0
81.0 0.0
82.0 0.0
83.0 0.0
84.0 0.0
85.0 0.0518263671875
86.0 0.51039130859375
87.0 0.86495205078125
88.0 0.30220791015625
89.0 0.57272333984375
90.0 0.9546759765625
91.0 0.07591025390625
92.0 0.698616015625
93.0 0.97722763671875
94.0 0.69034443359375
95.0 0.4792251953125
96.0 1.31861337890625
97.0 1.0255103515625
98.0 1.68240546875
99.0 0.82729638671875
100.0 0.61497744140625
101.0 0.5000087890625
102.0 0.59378701171875
103.0 0.2591322265625
104.0 0.2685615234375
105.0 0.37602431640625
106.0 0.56108740234375
107.0 1.39442431640625
108.0 1.92758173828125
109.0 0.4683685546875
110.0 0.39588173828125
111.0 1.15560146484375
112.0 0.886314453125
113.0 1.185044921875
114.0 1.54354912109375
115.0 1.09055751953125
116.0 1.44961064453125
117.0 8.0037455078125
118.0 14.21319482421875
119.0 3.69338984375
120.0 16.9593208984375
121.0 11.01164599609375
122.0 6.41747705078125
123.0 3.9219673828125
124.0 3.01246435546875
125.0 6.25181279296875
126.0 4.35990849609375
127.0 5.66295478515625
128.0 6.9022330078125
129.0 10.61142861328125
130.0 9.56213447265625
131.0 4.951609375
132.0 10.832128125
133.0 5.2600166015625
134.0 6.98503876953125
135.0 3.70092587890625
136.0 0.61774814453125
137.0 2.799165234375
138.0 1.6865505859375
139.0 1.121400390625
140.0 2.833239453125
141.0 5.52457392578125
142.0 5.15918671875
143.0 5.1206453125
144.0 0.13555390625
145.0 2.31284248046875
146.0 4.98412646484375
147.0 4.476880859375
148.0 6.8524255859375
149.0 0.49075205078125
150.0 2.66822060546875
151.0 2.08639521484375
152.0 1.8126029296875
153.0 1.9127361328125
154.0 5.132540625
155.0 3.2461134765625
156.0 1.84676669921875
157.0 3.707429296875
158.0 2.07406630859375
159.0 4.4375234375
160.0 3.089643359375
161.0 9.6935138671875
162.0 9.53512490234375
163.0 5.91142392578125
164.0 2.0239583984375
165.0 1.32765537109375
166.0 8.66951962890625
167.0 13.73201796875
168.0 0.8510796875
169.0 1.4096025390625
170.0 11.3570029296875
171.0 2.54893115234375
172.0 7.298811328125
173.0 8.0548763671875
174.0 5.74559638671875
175.0 3.0439501953125
176.0 8.19728115234375
177.0 6.24993095703125
178.0 2.97130595703125
179.0 0.0
180.0 0.0
181.0 1.46025751953125
182.0 4.276219140625
183.0 4.26954052734375
184.0 2.5457693359375
185.0 0.57487666015625
186.0 1.5182115234375
187.0 1.2543638671875
188.0 1.07595576171875
189.0 0.0
190.0 0.0
191.0 0.0
192.0 0.0
193.0 0.0
194.0 0.0
195.0 0.0
196.0 0.0
197.0 0.0
198.0 0.0
199.0 0.0
200.0 0.0
201.0 0.0
202.0 0.0
203.0 0.0
204.0 0.0
205.0 0.0
206.0 0.0
207.0 0.0
208.0 0.0
209.0 0.0
210.0 0.0
211.0 0.0
212.0 0.0
213.0 0.0
214.0 0.0
215.0 0.0
216.0 0.75416845703125
217.0 1.66615625
218.0 2.9086951171875
219.0 0.30255087890625
220.0 0.55306044921875
221.0 0.2291947265625
222.0 0.1771927734375
223.0 0.0623322265625
224.0 0.30675751953125
225.0 0.09998076171875
226.0 0.28119658203125
227.0 0.684891796875
228.0 0.5118677734375
229.0 0.18926474609375
230.0 0.16668701171875
231.0 0.528442578125
232.0 0.0339505859375
233.0 0.052001953125
234.0 0.01033017578125
235.0 0.10417939453125
236.0 0.4063873046875
237.0 0.09384921875
238.0 0.052001953125
239.0 0.31201171875
240.0 1.8437119140625
241.0 0.0208359375
242.0 0.511444140625
243.0 0.0625076171875
244.0 0.0
245.0 0.0
246.0 0.0
247.0 0.0
248.0 0.0
249.0 0.0
250.0 0.0
251.0 0.0
252.0 0.0
253.0 0.0
254.0 0.0
255.0 0.0
256.0 0.0
257.0 0.0
258.0 0.0
259.0 0.0
260.0 0.0
261.0 0.0
262.0 0.0
263.0 0.0
264.0 0.0
265.0 0.0
266.0 0.0
267.0 0.0
268.0 0.0
269.0 0.0
270.0 0.0
271.0 0.0
272.0 0.0
273.0 0.0
274.0 0.0
275.0 0.0
276.0 0.73840029296875
277.0 2.13558310546875
278.0 3.25527373046875
279.0 4.431286328125
280.0 2.21817255859375
281.0 12.67625625
282.0 15.58155966796875
283.0 3.7589392578125
284.0 15.28063935546875
285.0 13.6311208984375
286.0 17.0708818359375
287.0 12.5569876953125
288.0 18.47041376953125
289.0 13.98806884765625
290.0 18.99450908203125
291.0 14.33115380859375
292.0 12.20913427734375
293.0 13.81865771484375
294.0 18.2896591796875
295.0 9.49617451171875
296.0 5.71724560546875
297.0 16.8407849609375
298.0 13.3387861328125
299.0 20.5988068359375
300.0 17.92990908203125
301.0 17.3000623046875
302.0 5.22243642578125
303.0 6.86691591796875
304.0 7.95806962890625
305.0 9.8955029296875
306.0 6.83940791015625
307.0 3.93771865234375
308.0 7.9705109375
309.0 2.4344328125
310.0 4.65791865234375
311.0 6.8716439453125
312.0 2.69074375
313.0 2.67964541015625
314.0 2.3579216796875
315.0 0.54261015625
316.0 0.65676884765625
317.0 0.750793359375
318.0 0.3945689453125
319.0 0.510996875
320.0 3.34468203125
321.0 15.9701958984375
322.0 25.9259720703125
323.0 17.1721072265625
324.0 2.5066318359375
325.0 0.92686884765625
326.0 1.299890625
327.0 0.8373220703125
328.0 0.6991423828125
329.0 0.197853125
330.0 7.39711181640625
331.0 5.84346640625
332.0 8.4441845703125
333.0 9.231180859375
334.0 2.2727662109375
335.0 5.97310126953125
336.0 5.8863240234375
337.0 7.247760546875
338.0 0.0
339.0 0.0
340.0 0.0
341.0 0.04167177734375
342.0 2.75402060546875
343.0 3.90573369140625
344.0 1.0452474609375
345.0 5.6481810546875
346.0 8.6210291015625
347.0 4.71428759765625
348.0 3.93851416015625
349.0 5.77941064453125
350.0 2.50837060546875
351.0 4.791725
352.0 7.7553138671875
353.0 5.937037890625
354.0 6.2039322265625
355.0 4.81222412109375
356.0 1.85676025390625
357.0 1.81995556640625
358.0 3.72253662109375
359.0 3.35053486328125
360.0 2.92838837890625
361.0 0.2134671875
362.0 2.57297548828125
363.0 10.614023046875
364.0 11.13656220703125
365.0 9.3105443359375
366.0 7.25246640625
367.0 4.34772041015625
368.0 10.16838203125
369.0 11.12441494140625
370.0 7.6376677734375
371.0 2.3478087890625
372.0 0.4366759765625
373.0 12.126917578125
374.0 10.2845
375.0 7.8073953125
376.0 9.38718525390625
377.0 4.49171328125
378.0 5.91250810546875
379.0 12.6438595703125
380.0 5.49944140625
381.0 9.134240234375
382.0 9.93689521484375
383.0 12.65500078125
384.0 2.7217326171875
385.0 2.35693134765625
386.0 7.71346748046875
387.0 9.9507341796875
388.0 2.9736078125
389.0 0.35286455078125
390.0 0.39617412109375
391.0 0.4076767578125
392.0 0.19732666015625
393.0 0.30185712890625
394.0 0.196733203125
395.0 0.06327646484375
396.0 6.03435517578125
397.0 1.30373388671875
398.0 0.57289892578125
399.0 0.4895552734375
400.0 0.59373466796875
401.0 0.38555146484375
402.0 0.16633603515625
403.0 1.94525908203125
404.0 3.0252703125
405.0 3.6526833984375
406.0 14.69476767578125
407.0 4.5950060546875
408.0 0.0
409.0 0.0
410.0 0.0
411.0 0.0
412.0 0.0
413.0 0.0
414.0 0.0
415.0 0.0
416.0 0.0
417.0 0.0
418.0 0.0
419.0 0.0
420.0 0.0
421.0 0.0
422.0 0.0
423.0 0.36541748046875
424.0 0.0
425.0 0.0
426.0 0.0
427.0 0.0
428.0 0.0
429.0 0.0
430.0 0.0
431.0 0.0
432.0 0.0
433.0 0.0
434.0 0.0
435.0 0.0
436.0 0.0
437.0 0.0
438.0 0.0
439.0 0.0
440.0 0.0
441.0 0.0
442.0 0.0
443.0 0.0
444.0 0.0
445.0 0.0
446.0 0.0
447.0 0.0
448.0 0.0
449.0 0.0
450.0 0.0
451.0 0.0
452.0 0.0
453.0 0.0
454.0 0.0
455.0 0.0
456.0 0.0
457.0 0.0
458.0 0.0
459.0 0.0
460.0 0.0
461.0 0.0
462.0 0.0
463.0 0.0
464.0 0.0
465.0 0.0
466.0 0.105982421875
467.0 1.4268841796875
468.0 1.86596181640625
469.0 0.887809765625
470.0 1.31757490234375
471.0 5.52166455078125
472.0 1.7530744140625
473.0 0.99060986328125
474.0 0.94829560546875
475.0 0.85801591796875
476.0 8.14182353515625
477.0 9.45047890625
478.0 20.06574169921875
479.0 17.2590900390625
480.0 16.99223232421875
481.0 15.0722298828125
482.0 16.9605876953125
483.0 27.878049609375
484.0 24.30470947265625
485.0 26.53112080078125
486.0 24.7232697265625
487.0 28.9818619140625
488.0 28.7868462890625
489.0 10.4719802734375
490.0 24.0328234375
491.0 21.17299326171875
492.0 28.82287294921875
493.0 28.412292578125
494.0 27.6103935546875
495.0 25.4782322265625
496.0 22.56857431640625
497.0 30.70905986328125
498.0 33.95545224609375
499.0 24.8535337890625
500.0 24.198542578125
501.0 26.08601650390625
502.0 40.25385849609375
503.0 18.6786564453125
504.0 8.30601494140625
505.0 24.32667587890625
506.0 27.66520693359375
507.0 41.1865236328125
508.0 41.26672255859375
509.0 41.09606591796875
510.0 37.416217578125
511.0 33.83040537109375
512.0 30.5935966796875
513.0 36.0984396484375
514.0 36.58162890625
515.0 40.62241640625
516.0 39.167491796875
517.0 38.5275740234375
518.0 39.51506240234375
519.0 34.18073076171875
520.0 37.3426884765625
521.0 28.93965205078125
522.0 40.55968662109375
523.0 43.53348115234375
524.0 42.34312568359375
525.0 50.444252734375
526.0 41.5691501953125
527.0 24.3240333984375
528.0 49.3400740234375
529.0 44.3745345703125
530.0 25.76433720703125
531.0 23.2249775390625
532.0 29.23697880859375
533.0 30.92878759765625
534.0 30.33273017578125
535.0 29.04310751953125
536.0 21.783433984375
537.0 46.1858904296875
538.0 27.68768671875
539.0 33.93768828125
540.0 31.8901828125
541.0 43.46301064453125
542.0 54.350905078125
543.0 39.78556904296875
544.0 32.23081474609375
545.0 7.83052490234375
546.0 33.25815673828125
547.0 38.6365638671875
548.0 23.308008984375
549.0 58.46205849609375
550.0 29.093444921875
551.0 25.3270763671875
552.0 32.39222021484375
553.0 30.87518095703125
554.0 40.3340474609375
555.0 25.9620373046875
556.0 25.912744921875
557.0 52.42306865234375
558.0 29.80095224609375
559.0 51.29834853515625
560.0 37.3352494140625
561.0 22.31820517578125
562.0 36.49810751953125
563.0 35.133902734375
564.0 37.4518791015625
565.0 38.78512685546875
566.0 26.52023876953125
567.0 36.8989400390625
568.0 28.85710244140625
569.0 35.34100419921875
570.0 24.88528779296875
571.0 35.3676236328125
572.0 33.00238720703125
573.0 24.0551599609375
574.0 15.5075423828125
575.0 26.0526263671875
576.0 30.61964697265625
577.0 31.81753994140625
578.0 31.0642431640625
579.0 29.889923046875
580.0 24.68139296875
581.0 11.7504583984375
582.0 16.96494306640625
583.0 29.25000908203125
584.0 29.1713146484375
585.0 4.75510810546875
586.0 5.94161904296875
587.0 15.44924912109375
588.0 23.1856470703125
589.0 21.15454306640625
590.0 12.51250458984375
591.0 22.00553935546875
592.0 22.6388998046875
593.0 31.34548876953125
594.0 34.62399443359375
595.0 24.23812626953125
596.0 28.8735255859375
597.0 23.63596328125
598.0 31.473457421875
599.0 34.45625390625
600.0 36.970973046875
601.0 40.80104013671875
602.0 38.00105185546875
603.0 33.50224921875
604.0 22.17204091796875
605.0 27.19502021484375
606.0 36.458779296875
607.0 25.07840185546875
608.0 33.8226623046875
609.0 0.0
610.0 0.0
611.0 45.331464453125
612.0 33.57325673828125
613.0 28.82880634765625
614.0 16.23117919921875
615.0 34.40886787109375
616.0 21.9650615234375
617.0 30.9295677734375
618.0 22.442530078125
619.0 27.50092158203125
620.0 17.72930458984375
621.0 0.584499609375
622.0 8.69864970703125
623.0 22.90254677734375
624.0 40.06654462890625
625.0 27.2230595703125
626.0 28.34840576171875
627.0 27.7648892578125
628.0 21.23106181640625
629.0 12.793631640625
630.0 30.39885302734375
631.0 26.5688205078125
632.0 33.29995107421875
633.0 19.93216337890625
634.0 35.49451435546875
635.0 25.5538896484375
636.0 27.7445486328125
637.0 23.18910595703125
638.0 19.78853037109375
639.0 27.5255126953125
640.0 29.47490224609375
641.0 19.06978388671875
642.0 11.183740625
643.0 14.65561806640625
644.0 18.68401962890625
645.0 16.3237228515625
646.0 1.6866529296875
647.0 13.0480423828125
648.0 31.19645703125
649.0 26.7737904296875
650.0 24.69616455078125
651.0 30.78202197265625
652.0 29.9722521484375
653.0 31.063809765625
654.0 23.5778072265625
655.0 23.224362109375
656.0 27.50603818359375
657.0 10.29631630859375
658.0 17.744166015625
659.0 27.5571658203125
660.0 25.5406376953125
661.0 22.82725947265625
662.0 23.51249482421875
663.0 26.3552921875
664.0 24.17263447265625
665.0 24.58659892578125
666.0 15.87097861328125
667.0 18.45930185546875
668.0 30.48856640625
669.0 29.0032921875
670.0 32.94935498046875
671.0 28.78009638671875
672.0 28.8646576171875
673.0 28.1332552734375
674.0 19.07152001953125
675.0 28.543501953125
676.0 28.04921337890625
677.0 24.7817310546875
678.0 31.67669501953125
679.0 21.85260859375
680.0 22.21672607421875
681.0 20.23285927734375
682.0 23.52761455078125
683.0 25.0871755859375
684.0 24.64097109375
685.0 25.89279814453125
686.0 12.9722103515625
687.0 12.5681337890625
688.0 26.901289453125
689.0 31.28168583984375
690.0 32.17595234375
691.0 28.0610388671875
692.0 31.18004169921875
693.0 20.44612841796875
694.0 13.8532392578125
695.0 20.56334609375
696.0 30.5677517578125
697.0 21.89111552734375
698.0 20.56426845703125
699.0 3.306355859375
700.0 47.4395302734375
701.0 13.25026611328125
702.0 8.04877705078125
703.0 17.37107177734375
704.0 12.74722744140625
705.0 1.522433203125
706.0 0.55257919921875
707.0 0.69848271484375
708.0 0.37517900390625
709.0 0.281196484375
710.0 0.49008173828125
711.0 0.48814658203125
712.0 0.27245068359375
713.0 0.45712255859375
714.0 1.887338671875
715.0 8.768421484375
716.0 0.73125625
717.0 0.42669677734375
718.0 14.4922892578125
719.0 10.897205078125
720.0 13.0486677734375
721.0 17.682692578125
722.0 23.7163669921875
723.0 23.70813837890625
724.0 30.699994140625
725.0 24.60228583984375
726.0 23.5113958984375
727.0 30.584960546875
728.0 10.94809296875
729.0 43.85162705078125
730.0 33.36221787109375
731.0 28.17945693359375
732.0 35.06463232421875
733.0 36.34651728515625
734.0 37.328884375
735.0 25.731031640625
736.0 24.77840185546875
737.0 29.20164794921875
738.0 35.53952626953125
739.0 15.24629208984375
740.0 16.99304052734375
741.0 15.27465791015625
742.0 38.93864873046875
743.0 35.962171484375
744.0 26.749848046875
745.0 22.74000771484375
746.0 14.085144140625
747.0 26.44880654296875
748.0 31.08515859375
749.0 33.9424716796875
750.0 26.27123955078125
751.0 35.1612361328125
752.0 35.6945353515625
753.0 36.2036119140625
754.0 33.7010005859375
755.0 30.4104552734375
756.0 25.95163798828125
757.0 27.30100859375
758.0 43.9714064453125
759.0 31.334104296875
760.0 36.52139052734375
761.0 38.91552744140625
762.0 39.51985927734375
763.0 38.63984677734375
764.0 26.16536650390625
765.0 14.4801986328125
766.0 41.44623564453125
767.0 33.26906533203125
768.0 30.0185333984375
769.0 35.08872958984375
770.0 31.38133955078125
771.0 29.64981181640625
772.0 36.63818671875
773.0 27.5088673828125
774.0 38.25300556640625
775.0 25.544621484375
776.0 33.7823357421875
777.0 21.84087900390625
778.0 28.59391953125
779.0 23.69173076171875
780.0 8.45558154296875
781.0 26.85192646484375
782.0 3.6013970703125
783.0 22.45521767578125
784.0 10.8984845703125
785.0 13.73139716796875
786.0 4.81703076171875
787.0 2.81986806640625
788.0 1.17370341796875
789.0 3.05844755859375
790.0 8.15168662109375
791.0 4.2182638671875
792.0 3.95673369140625
793.0 1.261184765625
794.0 2.09116640625
795.0 4.5610734375
796.0 3.94291396484375
797.0 6.2912708984375
798.0 7.76790283203125
799.0 6.77004345703125
