0.0 24.48125517578125
1.0 21.3251908203125
2.0 22.6884517578125
3.0 20.28628310546875
4.0 21.439366796875
5.0 22.28473984375
6.0 22.3154017578125
7.0 23.94392666015625
8.0 22.5363025390625
9.0 24.136727734375
10.0 23.523405859375
11.0 21.2462259765625
12.0 21.2562234375
13.0 21.67602265625
14.0 24.7136021484375
15.0 21.49002451171875
16.0 23.34772919921875
17.0 22.06093486328125
18.0 16.73952958984375
19.0 22.98669453125
20.0 22.898553125
21.0 24.55808115234375
22.0 14.88614072265625
23.0 19.8295646484375
24.0 14.85198603515625
25.0 23.25292890625
26.0 22.7978802734375
27.0 17.56152470703125
28.0 16.90917333984375
29.0 17.95883583984375
30.0 23.43551962890625
31.0 19.12474345703125
32.0 13.0747931640625
33.0 15.6524162109375
34.0 11.659478515625
35.0 15.40659306640625
36.0 20.10275830078125
37.0 12.99581875
38.0 16.690037890625
39.0 14.1124578125
40.0 10.0411205078125
41.0 12.1965533203125
42.0 17.60843564453125
43.0 9.5791337890625
44.0 13.5326546875
45.0 11.50620322265625
46.0 19.32660498046875
47.0 14.91835185546875
48.0 22.82198974609375
49.0 18.110630859375
50.0 20.15276416015625
51.0 18.0377955078125
52.0 14.953294140625
53.0 16.3049517578125
54.0 14.80985107421875
55.0 20.491983984375
56.0 14.80542119140625
57.0 18.0945923828125
58.0 17.99043115234375
59.0 19.27260458984375
60.0 19.5438396484375
61.0 18.7323052734375
62.0 17.91489365234375
63.0 17.01955
64.0 20.6716203125
65.0 18.74998076171875
66.0 16.6011388671875
67.0 13.12928154296875
68.0 24.29121494140625
69.0 16.26644638671875
70.0 14.40331689453125
71.0 14.2101623046875
72.0 17.0410447265625
73.0 15.097563671875
74.0 15.75185302734375
75.0 14.4536359375
76.0 20.75417705078125
77.0 15.96173974609375
78.0 16.31235556640625
79.0 20.05665625
80.0 4.09032822265625
81.0 1.45138154296875
82.0 7.42160791015625
83.0 9.7499416015625
84.0 12.59794296875
85.0 19.05989873046875
86.0 16.01808671875
87.0 16.694669140625
88.0 14.24258212890625
89.0 9.59082255859375
90.0 12.9149396484375
91.0 16.15815498046875
92.0 8.4759546875
93.0 14.68242255859375
94.0 11.12784111328125
95.0 9.8076705078125
96.0 1.4913849609375
97.0 3.4195498046875
98.0 2.28155947265625
99.0 2.91734140625
100.0 9.48171572265625
101.0 24.09916689453125
102.0 11.45412685546875
103.0 13.8347001953125
104.0 8.24242021484375
105.0 12.6014533203125
106.0 17.23004091796875
107.0 14.79691181640625
108.0 17.3582427734375
109.0 22.70149609375
110.0 20.443959765625
111.0 20.5763494140625
112.0 16.622171484375
113.0 7.0095662109375
114.0 11.28391953125
115.0 18.9271505859375
116.0 12.87695537109375
117.0 0.22849267578125
118.0 1.45507734375
119.0 6.05492421875
120.0 18.4846552734375
121.0 12.36158994140625
122.0 23.27879775390625
123.0 17.685694921875
124.0 15.435839453125
125.0 11.751401171875
126.0 12.67113359375
127.0 11.647805078125
128.0 1.379051171875
129.0 1.48550732421875
130.0 1.635734375
131.0 1.12948466796875
132.0 1.59910498046875
133.0 20.65139169921875
134.0 19.599899609375
135.0 15.77427060546875
136.0 13.081573046875
137.0 14.48464296875
138.0 8.855305859375
139.0 9.2584759765625
140.0 11.38487041015625
141.0 8.09745947265625
142.0 9.05767763671875
143.0 14.2671162109375
144.0 11.0195005859375
145.0 14.12675419921875
146.0 13.47090009765625
147.0 3.39863017578125
148.0 2.548777734375
149.0 0.468698046875
150.0 0.53175361328125
151.0 0.74284931640625
152.0 0.14328955078125
153.0 0.13517001953125
154.0 0.197853125
155.0 0.07283779296875
156.0 0.13517001953125
157.0 0.10222421875
158.0 0.053781640625
159.0 0.06233212890625
160.0 0.0510265625
161.0 0.07363779296875
162.0 0.13552099609375
163.0 0.0
164.0 0.0
165.0 0.0
166.0 0.0
167.0 0.0
168.0 0.0
169.0 0.0
170.0 0.0
171.0 0.0
172.0 0.0
173.0 0.0
174.0 0.0
175.0 0.0
176.0 0.0
177.0 0.0
178.0 0.0
179.0 0.0
180.0 0.0
181.0 0.0
182.0 0.0
183.0 0.0
184.0 0.0
185.0 0.0
186.0 0.0
187.0 0.0
188.0 0.0
189.0 0.0
190.0 0.0
191.0 0.0
192.0 0.0
193.0 0.0
194.0 0.0
195.0 0.0
196.0 0.0
197.0 0.0
198.0 0.0
199.0 0.0
200.0 0.0
201.0 0.0
202.0 0.0
203.0 0.0
204.0 0.0
205.0 0.0
206.0 0.0
207.0 0.0
208.0 0.0
209.0 0.0
210.0 0.46666708984375
211.0 0.5744248046875
212.0 0.93689248046875
213.0 0.322712890625
214.0 0.718808984375
215.0 0.76517353515625
216.0 0.817416796875
217.0 0.5103912109375
218.0 1.2663310546875
219.0 0.440982421875
220.0 0.759608984375
221.0 0.51992109375
222.0 0.70904248046875
223.0 0.3857634765625
224.0 0.42729990234375
225.0 0.53122705078125
226.0 0.66604609375
227.0 0.5372970703125
228.0 0.7003287109375
229.0 0.78178974609375
230.0 0.488905859375
231.0 0.3862861328125
232.0 0.44788369140625
233.0 0.49943095703125
234.0 0.58315185546875
235.0 0.43398759765625
236.0 0.4413
237.0 0.71909921875
238.0 0.70833857421875
239.0 0.61151298828125
240.0 0.59176396484375
241.0 0.4102705078125
242.0 0.864061328125
243.0 1.6726609375
244.0 5.44455859375
245.0 11.89677255859375
246.0 30.1038330078125
247.0 6.9984759765625
248.0 15.51863447265625
249.0 24.207665625
250.0 32.33810166015625
251.0 36.5699287109375
252.0 39.8449404296875
253.0 29.69840048828125
254.0 34.54261494140625
255.0 38.380822265625
256.0 24.18778681640625
257.0 29.51823193359375
258.0 35.602956640625
259.0 43.4636080078125
260.0 27.15533798828125
261.0 30.44676962890625
262.0 34.6035767578125
263.0 38.7878427734375
264.0 33.78499580078125
265.0 38.086378515625
266.0 25.54044453125
267.0 37.54204423828125
268.0 28.93869150390625
269.0 24.7937564453125
270.0 26.76131474609375
271.0 31.4535740234375
272.0 37.13914345703125
273.0 23.7480068359375
274.0 17.4830869140625
275.0 42.81967841796875
276.0 43.25535927734375
277.0 23.54795859375
278.0 21.17752333984375
279.0 14.3819787109375
280.0 10.02708095703125
281.0 7.19728056640625
282.0 2.8948751953125
283.0 11.9950158203125
284.0 1.88131171875
285.0 13.93428203125
286.0 9.47120400390625
287.0 7.7296779296875
288.0 4.65518798828125
289.0 5.138067578125
290.0 5.69714814453125
291.0 18.40893779296875
292.0 7.597444921875
293.0 14.10360927734375
294.0 9.02251640625
295.0 23.72864990234375
296.0 16.11761064453125
297.0 11.92352578125
298.0 1.9998451171875
299.0 3.59083779296875
300.0 1.3809095703125
301.0 0.38996435546875
302.0 0.39605712890625
303.0 0.14585107421875
304.0 0.26325224609375
305.0 0.4475328125
306.0 0.37487021484375
307.0 0.21851357421875
308.0 0.28137216796875
309.0 0.375045703125
310.0 0.10417939453125
311.0 0.21735703125
312.0 0.08485107421875
313.0 0.30025185546875
314.0 0.227798046875
315.0 0.03364150390625
316.0 0.17719267578125
317.0 0.07301328125
318.0 0.17719267578125
319.0 0.0
320.0 0.0
321.0 0.0
322.0 0.0
323.0 0.0
324.0 0.0
325.0 0.0
326.0 0.0
327.0 0.0
328.0 0.0
329.0 0.0
330.0 0.0
331.0 0.0
332.0 0.0
333.0 0.0
334.0 0.0
335.0 0.0
336.0 0.0
337.0 0.0
338.0 0.0
339.0 0.0
340.0 0.0
341.0 0.0
342.0 0.0
343.0 0.0
344.0 0.0
345.0 0.0
346.0 0.0
347.0 0.0
348.0 0.0
349.0 0.0
350.0 0.0
351.0 0.0
352.0 0.0
353.0 0.0
354.0 0.0
355.0 0.0
356.0 0.0
357.0 0.0
358.0 0.333023046875
359.0 2.75379541015625
360.0 1.8860935546875
361.0 3.47291494140625
362.0 1.5821091796875
363.0 1.992997265625
364.0 2.815851171875
365.0 4.77290771484375
366.0 12.132578125
367.0 19.06928330078125
368.0 15.50465517578125
369.0 14.59208359375
370.0 19.16199833984375
371.0 18.5345255859375
372.0 22.878216796875
373.0 18.74996669921875
374.0 18.75561171875
375.0 20.004469921875
376.0 24.0159681640625
377.0 14.751008984375
378.0 20.4079115234375
379.0 16.9753912109375
380.0 9.04238388671875
381.0 26.66377314453125
382.0 21.7100859375
383.0 16.4181466796875
384.0 18.13111806640625
385.0 19.820448828125
386.0 21.6303095703125
387.0 21.89932666015625
388.0 19.94642861328125
389.0 23.65870869140625
390.0 18.4584236328125
391.0 16.03716728515625
392.0 14.80423046875
393.0 15.53588212890625
394.0 15.781851953125
395.0 16.98270302734375
396.0 15.6552517578125
397.0 11.29895712890625
398.0 11.59822998046875
399.0 14.9524607421875
400.0 13.46488349609375
401.0 6.8282919921875
402.0 26.0188990234375
403.0 22.8895330078125
404.0 18.17729228515625
405.0 16.175573046875
406.0 22.3378634765625
407.0 20.1288404296875
408.0 21.78503310546875
409.0 18.6789740234375
410.0 20.662064453125
411.0 20.43146357421875
412.0 15.49958193359375
413.0 17.22713857421875
414.0 14.8444681640625
415.0 17.43767880859375
416.0 18.6413556640625
417.0 20.7435412109375
418.0 23.038674609375
419.0 18.690108203125
420.0 20.442077734375
421.0 17.4608384765625
422.0 11.83073876953125
423.0 15.35544580078125
424.0 25.75368095703125
425.0 18.49081923828125
426.0 20.20276396484375
427.0 23.3108306640625
428.0 20.12698720703125
429.0 19.76169755859375
430.0 14.7641705078125
431.0 26.285733984375
432.0 21.1781228515625
433.0 21.38679052734375
434.0 17.06963291015625
435.0 11.03576416015625
436.0 23.9956734375
437.0 19.4973224609375
438.0 20.93124326171875
439.0 15.54198203125
440.0 10.7340337890625
441.0 20.12788203125
442.0 20.45307373046875
443.0 22.73129072265625
444.0 18.4217533203125
445.0 18.88136181640625
446.0 22.8856556640625
447.0 19.9718771484375
448.0 19.97736611328125
449.0 13.33538271484375
450.0 17.87778828125
451.0 17.32841845703125
452.0 19.3339181640625
453.0 23.91489912109375
454.0 10.68462529296875
455.0 16.98365478515625
456.0 18.92747490234375
457.0 17.40355732421875
458.0 21.62122119140625
459.0 11.82225703125
460.0 17.91775146484375
461.0 20.7093150390625
462.0 14.90770771484375
463.0 10.7857328125
464.0 20.7523072265625
465.0 11.82611435546875
466.0 16.0850296875
467.0 20.59197333984375
468.0 18.90523232421875
469.0 17.80487373046875
470.0 20.92748740234375
471.0 19.178566015625
472.0 12.4116607421875
473.0 21.6128294921875
474.0 15.1061494140625
475.0 16.313119921875
476.0 20.43621884765625
477.0 20.67346123046875
478.0 21.72049013671875
479.0 17.8142748046875
480.0 16.55548076171875
481.0 4.32721708984375
482.0 17.10620888671875
483.0 6.45500888671875
484.0 10.03045380859375
485.0 7.16036083984375
486.0 7.5764818359375
487.0 16.03962158203125
488.0 14.6032025390625
489.0 15.3821453125
490.0 5.9618291015625
491.0 16.1879412109375
492.0 8.34374306640625
493.0 13.70751572265625
494.0 15.53776748046875
495.0 7.5512994140625
496.0 9.63570859375
497.0 8.87310302734375
498.0 16.86324697265625
499.0 17.21820712890625
500.0 17.17390849609375
501.0 19.9476966796875
502.0 19.70244052734375
503.0 20.80988974609375
504.0 5.38442392578125
505.0 8.61557001953125
506.0 12.6188763671875
507.0 11.1421392578125
508.0 21.51375693359375
509.0 18.7401501953125
510.0 20.46074228515625
511.0 24.86490478515625
512.0 22.33925302734375
513.0 23.91439306640625
514.0 21.552543359375
515.0 24.56548759765625
516.0 21.5605734375
517.0 24.88361533203125
518.0 23.19986337890625
519.0 17.7002048828125
520.0 18.29414345703125
521.0 20.09082958984375
522.0 22.7468716796875
523.0 23.0694162109375
524.0 22.50655634765625
525.0 24.43547490234375
526.0 20.3372359375
527.0 22.2852384765625
528.0 18.6067986328125
529.0 13.385683984375
530.0 9.74459169921875
531.0 14.1587986328125
532.0 24.62765927734375
533.0 20.77271015625
534.0 18.093357421875
535.0 21.9944564453125
536.0 24.04562451171875
537.0 20.0445220703125
538.0 21.103734765625
539.0 21.5110931640625
540.0 16.76102900390625
541.0 19.99751494140625
542.0 18.37622568359375
543.0 20.38509765625
544.0 18.20187861328125
545.0 17.47893359375
546.0 20.14824794921875
547.0 19.5425197265625
548.0 20.57770478515625
549.0 19.9865392578125
550.0 17.75683046875
551.0 19.94088720703125
552.0 19.5239841796875
553.0 18.1185080078125
554.0 16.3684556640625
555.0 22.00789189453125
556.0 23.35668701171875
557.0 18.586137109375
558.0 22.358474609375
559.0 20.14432939453125
560.0 17.79757646484375
561.0 17.15198642578125
562.0 22.9046302734375
563.0 19.71303857421875
564.0 20.3524671875
565.0 21.3016998046875
566.0 14.91322880859375
567.0 17.89000224609375
568.0 18.09854541015625
569.0 20.16229970703125
570.0 14.68170546875
571.0 17.89553125
572.0 14.61988505859375
573.0 13.42930576171875
574.0 15.1864615234375
575.0 18.5621095703125
576.0 17.621560546875
577.0 20.20328134765625
578.0 18.80836142578125
579.0 19.36806689453125
580.0 19.64695
581.0 18.163724609375
582.0 16.023391796875
583.0 10.93794033203125
584.0 20.70477119140625
585.0 17.338947265625
586.0 20.038655859375
587.0 18.23106669921875
588.0 19.71223505859375
589.0 15.55417392578125
590.0 19.90475791015625
591.0 17.99318251953125
592.0 18.38573408203125
593.0 19.4183771484375
594.0 3.861378515625
595.0 6.1514283203125
596.0 17.7437888671875
597.0 15.54378603515625
598.0 15.27150390625
599.0 19.4447630859375
600.0 19.85866435546875
601.0 24.13343955078125
602.0 21.393841015625
603.0 18.07660634765625
604.0 15.8085333984375
605.0 14.091554296875
606.0 25.57553779296875
607.0 21.03106162109375
608.0 22.3822171875
609.0 3.80342490234375
610.0 22.67338388671875
611.0 14.30770185546875
612.0 23.5834392578125
613.0 23.21034140625
614.0 20.92781591796875
615.0 18.7251712890625
616.0 19.34510693359375
617.0 19.579727734375
618.0 15.86566982421875
619.0 15.87016005859375
620.0 18.40428310546875
621.0 17.2925341796875
622.0 17.15916484375
623.0 22.58358720703125
624.0 21.680426171875
625.0 17.40567626953125
626.0 19.35727998046875
627.0 18.5048046875
628.0 20.03644111328125
629.0 19.9776265625
630.0 19.330470703125
631.0 21.1662697265625
632.0 19.159789453125
633.0 23.532093359375
634.0 16.99411513671875
635.0 19.09999658203125
636.0 18.6240287109375
637.0 17.637547265625
638.0 20.2734515625
639.0 20.7467005859375
640.0 16.31367412109375
641.0 13.991046875
642.0 19.7259234375
643.0 21.4939080078125
644.0 18.72199814453125
645.0 18.6022341796875
646.0 22.6379943359375
647.0 20.922725
648.0 20.770178515625
649.0 16.59999970703125
650.0 16.35473779296875
651.0 14.05797333984375
652.0 17.34887705078125
653.0 20.04032314453125
654.0 18.10071005859375
655.0 23.67370615234375
656.0 17.49008798828125
657.0 22.39280234375
658.0 18.56946474609375
659.0 15.8005859375
660.0 18.02524794921875
661.0 17.58996025390625
662.0 19.91678544921875
663.0 23.694103125
664.0 20.05259521484375
665.0 23.03194814453125
666.0 17.4879822265625
667.0 20.56887998046875
668.0 23.8417677734375
669.0 20.0775857421875
670.0 20.87580419921875
671.0 18.25542998046875
672.0 20.30552958984375
673.0 19.03750576171875
674.0 19.9329755859375
675.0 18.9854755859375
676.0 18.3574470703125
677.0 21.84435615234375
678.0 19.7459119140625
679.0 16.30059267578125
680.0 18.545537109375
681.0 20.01601904296875
682.0 17.61878115234375
683.0 18.33295546875
684.0 13.8861462890625
685.0 22.4173
686.0 6.59195322265625
687.0 18.730587109375
688.0 13.7985666015625
689.0 15.3229337890625
690.0 19.706549609375
691.0 17.69675107421875
692.0 12.9090205078125
693.0 22.06556142578125
694.0 22.73337919921875
695.0 18.05087490234375
696.0 18.71418623046875
697.0 18.675343359375
698.0 15.948655859375
699.0 14.584105078125
700.0 18.9167638671875
701.0 20.547791015625
702.0 20.42233017578125
703.0 22.86478818359375
704.0 17.09499140625
705.0 22.131014453125
706.0 21.098031640625
707.0 18.42796484375
708.0 20.3751451171875
709.0 18.3715544921875
710.0 20.0913931640625
711.0 16.9889154296875
712.0 17.8688154296875
713.0 22.14314599609375
714.0 21.54461240234375
715.0 22.32356494140625
716.0 19.075437890625
717.0 16.310537890625
718.0 20.2160705078125
719.0 17.76286513671875
720.0 23.0776400390625
721.0 22.3166181640625
722.0 18.17489189453125
723.0 17.568183203125
724.0 18.84831201171875
725.0 19.19700986328125
726.0 16.05852568359375
727.0 18.6570431640625
728.0 18.4725283203125
729.0 13.08264521484375
730.0 20.684087890625
731.0 22.7198556640625
732.0 19.5161251953125
733.0 22.3316224609375
734.0 14.3342125
735.0 16.28199677734375
736.0 24.415529296875
737.0 15.27104609375
738.0 23.53677080078125
739.0 21.278901953125
740.0 20.37373623046875
741.0 18.52643359375
742.0 19.61751455078125
743.0 23.7118880859375
744.0 20.12258271484375
745.0 13.2705341796875
746.0 10.3920505859375
747.0 16.57945205078125
748.0 14.24520703125
749.0 24.4689857421875
750.0 17.8812646484375
751.0 16.49807607421875
752.0 18.530459765625
753.0 20.06338974609375
754.0 20.6013384765625
755.0 19.14809365234375
756.0 15.401906640625
757.0 10.9629849609375
758.0 18.51331083984375
759.0 16.88753359375
760.0 20.022983203125
761.0 21.5044916015625
762.0 15.17236787109375
763.0 21.433346875
764.0 23.1965232421875
765.0 11.75085478515625
766.0 24.5887623046875
767.0 16.90569326171875
768.0 19.58105439453125
769.0 18.90659921875
770.0 15.89364677734375
771.0 23.23376943359375
772.0 13.319669921875
773.0 22.33037626953125
774.0 21.04852373046875
775.0 22.18937763671875
776.0 21.226260546875
777.0 19.30163564453125
778.0 15.83807392578125
779.0 17.3316166015625
780.0 13.53409052734375
781.0 16.9456396484375
782.0 17.0460634765625
783.0 16.8629751953125
784.0 17.42381884765625
785.0 18.39937734375
786.0 21.46696591796875
787.0 18.514046484375
788.0 17.40778173828125
789.0 17.74577412109375
790.0 19.29661533203125
791.0 17.57155615234375
792.0 13.30479072265625
793.0 20.04451123046875
794.0 19.26819453125
795.0 20.15871650390625
796.0 20.59477197265625
797.0 18.59412998046875
798.0 12.79805791015625
799.0 18.71171640625
