0.0 12.910528125
1.0 5.00580517578125
2.0 1.01759130859375
3.0 0.58694677734375
4.0 8.69000966796875
5.0 10.19079697265625
6.0 12.74676796875
7.0 11.10105185546875
8.0 12.2133033203125
9.0 12.96295048828125
10.0 12.71123671875
11.0 12.1703271484375
12.0 14.137772265625
13.0 11.99709599609375
14.0 10.18439384765625
15.0 11.67361923828125
16.0 13.6807142578125
17.0 13.86150341796875
18.0 13.36468095703125
19.0 12.15967099609375
20.0 13.44633232421875
21.0 12.56505576171875
22.0 12.29977841796875
23.0 6.65010654296875
24.0 7.80186025390625
25.0 10.35525556640625
26.0 8.98558701171875
27.0 11.43772138671875
28.0 11.17528525390625
29.0 11.33061611328125
30.0 11.9698966796875
31.0 11.258217578125
32.0 9.94054560546875
33.0 9.89548662109375
34.0 10.722726171875
35.0 9.117973046875
36.0 11.5204017578125
37.0 6.72604580078125
38.0 13.31886064453125
39.0 11.17729013671875
40.0 9.161107421875
41.0 11.534699609375
42.0 11.90800546875
43.0 10.37358701171875
44.0 10.14424248046875
45.0 13.20954794921875
46.0 12.81835986328125
47.0 8.7069326171875
48.0 10.17583642578125
49.0 8.6835548828125
50.0 13.4637384765625
51.0 10.9950064453125
52.0 11.660303125
53.0 14.20762568359375
54.0 13.706231640625
55.0 14.1708984375
56.0 12.1853091796875
57.0 13.7416162109375
58.0 9.1094185546875
59.0 7.21923759765625
60.0 10.0789099609375
61.0 12.56970849609375
62.0 8.47381708984375
63.0 9.523916015625
64.0 15.95883857421875
65.0 12.92015693359375
66.0 10.6242140625
67.0 13.49789296875
68.0 13.07471005859375
69.0 11.7656390625
70.0 13.03025068359375
71.0 11.37247880859375
72.0 11.14333466796875
73.0 11.02188818359375
74.0 9.82921005859375
75.0 10.29601005859375
76.0 9.246864453125
77.0 10.37860322265625
78.0 8.903429296875
79.0 12.444319140625
80.0 8.58398193359375
81.0 10.82289853515625
82.0 8.67501806640625
83.0 8.63802861328125
84.0 9.03487734375
85.0 8.68404921875
86.0 8.97944072265625
87.0 9.4314822265625
88.0 9.84980400390625
89.0 11.31209580078125
90.0 9.5650509765625
91.0 11.1328162109375
92.0 7.75840380859375
93.0 10.79500390625
94.0 10.2392326171875
95.0 11.8560236328125
96.0 9.132316796875
97.0 8.89092353515625
98.0 12.54021962890625
99.0 12.20397568359375
100.0 11.89640576171875
101.0 10.7773974609375
102.0 12.8237712890625
103.0 11.7367537109375
104.0 12.95882314453125
105.0 10.21471357421875
106.0 11.6289255859375
107.0 12.352486328125
108.0 10.8680748046875
109.0 9.60543486328125
110.0 11.76991142578125
111.0 14.20869560546875
112.0 14.34527275390625
113.0 12.17343388671875
114.0 11.15215888671875
115.0 11.83697294921875
116.0 13.51901337890625
117.0 12.1043078125
118.0 12.3565146484375
119.0 12.31426953125
120.0 14.113885546875
121.0 11.61239189453125
122.0 13.2945685546875
123.0 12.58511376953125
124.0 10.9274888671875
125.0 13.44706904296875
126.0 14.18967509765625
127.0 12.7050390625
128.0 12.2300146484375
129.0 12.3824388671875
130.0 11.56560830078125
131.0 10.88993837890625
132.0 13.60239560546875
133.0 13.26324765625
134.0 13.34893291015625
135.0 12.25703466796875
136.0 13.90478369140625
137.0 13.06970556640625
138.0 12.1236015625
139.0 14.6886380859375
140.0 14.31874619140625
141.0 12.403291015625
142.0 11.14025185546875
143.0 12.75164482421875
144.0 10.2431396484375
145.0 16.23273056640625
146.0 12.48159091796875
147.0 10.72651474609375
148.0 12.550733984375
149.0 13.80347373046875
150.0 11.7000259765625
151.0 12.334887890625
152.0 13.25908515625
153.0 12.71262177734375
154.0 10.435903125
155.0 13.772369921875
156.0 13.0695626953125
157.0 9.545151171875
158.0 7.6861384765625
159.0 8.73412314453125
160.0 9.9578884765625
161.0 11.37763896484375
162.0 12.7306779296875
163.0 11.98201455078125
164.0 11.97437314453125
165.0 11.244564453125
166.0 8.1298390625
167.0 11.36383017578125
168.0 11.71601787109375
169.0 11.9914197265625
170.0 10.85672265625
171.0 11.97806494140625
172.0 13.49622724609375
173.0 13.504996484375
174.0 11.98097080078125
175.0 13.6736853515625
176.0 13.41667578125
177.0 13.59379833984375
178.0 12.5602216796875
179.0 9.9199580078125
180.0 10.8195685546875
181.0 7.9412013671875
182.0 10.06165126953125
183.0 9.34452265625
184.0 6.70307880859375
185.0 7.38269150390625
186.0 7.4471177734375
187.0 7.32516494140625
188.0 6.8151087890625
189.0 8.2927791015625
190.0 12.25014970703125
191.0 11.42367919921875
192.0 8.21826494140625
193.0 13.68405185546875
194.0 11.024341015625
195.0 10.7386935546875
196.0 9.64856005859375
197.0 12.273708203125
198.0 11.79483154296875
199.0 10.37786845703125
200.0 12.9074283203125
201.0 13.12346982421875
202.0 11.78806015625
203.0 9.9755697265625
204.0 8.86994384765625
205.0 7.492287109375
206.0 8.153444921875
207.0 8.23569404296875
208.0 8.04344873046875
209.0 12.34610927734375
210.0 9.19926533203125
211.0 7.2961517578125
212.0 7.52426865234375
213.0 7.172400390625
214.0 7.11026005859375
215.0 11.65630224609375
216.0 11.79981142578125
217.0 11.37923349609375
218.0 11.76666875
219.0 12.17241904296875
220.0 11.42334912109375
221.0 11.6484435546875
222.0 12.98723330078125
223.0 13.6616701171875
224.0 13.98122236328125
225.0 12.29813681640625
226.0 13.57617197265625
227.0 0.0
228.0 0.0
229.0 34.90979560546875
230.0 13.67470361328125
231.0 12.91194130859375
232.0 10.23723095703125
233.0 11.93163603515625
234.0 12.14577724609375
235.0 12.81862060546875
236.0 9.56955908203125
237.0 8.73098935546875
238.0 10.33364970703125
239.0 11.7150919921875
240.0 12.21103876953125
241.0 11.3781646484375
242.0 10.7970986328125
243.0 12.5825173828125
244.0 8.23399189453125
245.0 10.57500224609375
246.0 13.191099609375
247.0 11.9864810546875
248.0 10.53073134765625
249.0 13.49000302734375
250.0 12.1398177734375
251.0 13.87995439453125
252.0 8.556591796875
253.0 5.5812857421875
254.0 8.58776689453125
255.0 13.8686966796875
256.0 14.11736376953125
257.0 12.6270171875
258.0 12.1437396484375
259.0 12.37606162109375
260.0 10.75091259765625
261.0 9.73403974609375
262.0 10.9350103515625
263.0 9.68154951171875
264.0 11.9806658203125
265.0 11.15637626953125
266.0 12.94050322265625
267.0 11.02740888671875
268.0 8.976108203125
269.0 11.21942421875
270.0 10.69216279296875
271.0 9.05762236328125
272.0 8.810765234375
273.0 9.256499609375
274.0 12.32333330078125
275.0 11.1672478515625
276.0 9.52902275390625
277.0 11.51719814453125
278.0 11.81247763671875
279.0 9.5573001953125
280.0 10.68509794921875
281.0 11.56286748046875
282.0 9.8093978515625
283.0 12.37040595703125
284.0 13.88360517578125
285.0 12.08114677734375
286.0 14.1301724609375
287.0 13.19886162109375
288.0 11.996382421875
289.0 11.2323283203125
290.0 14.04033642578125
291.0 12.27544814453125
292.0 10.17732529296875
293.0 12.58580927734375
294.0 13.492041015625
295.0 8.8717712890625
296.0 10.397249609375
297.0 10.67284833984375
298.0 9.58813154296875
299.0 10.88362138671875
300.0 12.129942578125
301.0 11.24844111328125
302.0 11.5621435546875
303.0 12.92297216796875
304.0 13.22882509765625
305.0 14.658137109375
306.0 13.04391904296875
307.0 12.65201904296875
308.0 12.7269326171875
309.0 13.7950044921875
310.0 11.315521875
311.0 11.16190517578125
312.0 10.78941337890625
313.0 5.2321345703125
314.0 1.86853466796875
315.0 6.34454951171875
316.0 5.660219140625
317.0 5.90506767578125
318.0 7.12314072265625
319.0 6.1714626953125
320.0 6.42646435546875
321.0 7.40736240234375
322.0 7.6911603515625
323.0 6.5618431640625
324.0 3.46665009765625
325.0 8.62475869140625
326.0 4.52103681640625
327.0 3.43743525390625
328.0 6.57745361328125
329.0 6.0729482421875
330.0 6.60376240234375
331.0 4.77350478515625
332.0 7.06267861328125
333.0 5.47620546875
334.0 8.45339765625
335.0 3.5044244140625
336.0 0.8601671875
337.0 5.9484634765625
338.0 3.11507216796875
339.0 2.653370703125
340.0 5.25050537109375
341.0 4.08328544921875
342.0 6.02943564453125
343.0 9.79280048828125
344.0 7.17433828125
345.0 10.8271181640625
346.0 8.09871865234375
347.0 10.2638529296875
348.0 7.97898896484375
349.0 8.183506640625
350.0 11.66784560546875
351.0 8.454236328125
352.0 10.078369921875
353.0 8.08995625
354.0 7.57362841796875
355.0 7.6766796875
356.0 9.2450359375
357.0 9.57540126953125
358.0 11.36741103515625
359.0 11.425640625
360.0 12.09306416015625
361.0 13.17138466796875
362.0 13.51999697265625
363.0 11.884947265625
364.0 8.2332185546875
365.0 11.7816203125
366.0 12.67259833984375
367.0 12.66524814453125
368.0 11.4399568359375
369.0 11.66163828125
370.0 11.4970267578125
371.0 12.3475888671875
372.0 14.602227734375
373.0 12.27000625
374.0 13.3304859375
375.0 14.12670908203125
376.0 12.72521416015625
377.0 14.5375771484375
378.0 12.28691181640625
379.0 12.7230205078125
380.0 9.4849216796875
381.0 9.60938486328125
382.0 13.79069443359375
383.0 11.09653642578125
384.0 12.02866962890625
385.0 7.5842123046875
386.0 14.65449990234375
387.0 12.3674703125
388.0 12.5307900390625
389.0 8.35100009765625
390.0 14.19128046875
391.0 12.53434072265625
392.0 9.2224517578125
393.0 11.250132421875
394.0 10.1379443359375
395.0 11.5450923828125
396.0 12.0747783203125
397.0 13.77236259765625
398.0 13.19139794921875
399.0 10.35692353515625
400.0 14.00118662109375
401.0 14.51209970703125
402.0 12.978922265625
403.0 11.2340583984375
404.0 13.12947685546875
405.0 7.169478515625
406.0 14.3200580078125
407.0 9.16210361328125
408.0 12.20890732421875
409.0 8.2985251953125
410.0 8.0197720703125
411.0 7.71492919921875
412.0 8.10247529296875
413.0 10.8945658203125
414.0 8.05939462890625
415.0 9.15668212890625
416.0 12.38996396484375
417.0 12.77499453125
418.0 11.43870537109375
419.0 9.327898828125
420.0 10.3627146484375
421.0 10.4430498046875
422.0 10.93668359375
423.0 8.45583203125
424.0 5.10471025390625
425.0 10.1015134765625
426.0 11.90840693359375
427.0 11.690744140625
428.0 11.64596513671875
429.0 10.6208609375
430.0 12.7665435546875
431.0 11.95343310546875
432.0 11.61118232421875
433.0 7.5803951171875
434.0 8.3284083984375
435.0 7.34053583984375
436.0 5.7287205078125
437.0 5.09863173828125
438.0 9.6867974609375
439.0 9.6846501953125
440.0 0.0
441.0 0.0
442.0 23.6617478515625
443.0 11.32098544921875
444.0 9.52363486328125
445.0 8.58340048828125
446.0 11.08038291015625
447.0 10.7470244140625
448.0 7.9932271484375
449.0 11.3482771484375
450.0 8.03681396484375
451.0 10.92358837890625
452.0 12.407705859375
453.0 10.64339033203125
454.0 12.19145927734375
455.0 13.062348828125
456.0 13.55399775390625
457.0 11.08375625
458.0 11.322017578125
459.0 10.22693916015625
460.0 10.99439755859375
461.0 10.6350849609375
462.0 11.5614916015625
463.0 11.8172154296875
464.0 10.6760859375
465.0 8.0548326171875
466.0 11.8740884765625
467.0 12.54733115234375
468.0 12.42302041015625
469.0 12.1354205078125
470.0 10.28215615234375
471.0 13.8095892578125
472.0 12.86213251953125
473.0 13.13581630859375
474.0 13.44753876953125
475.0 12.84885205078125
476.0 13.53382919921875
477.0 12.64070791015625
478.0 12.3642615234375
479.0 13.94785712890625
480.0 11.26639609375
481.0 11.8333919921875
482.0 13.94517255859375
483.0 14.07154794921875
484.0 11.6777626953125
485.0 11.9606623046875
486.0 11.9931595703125
487.0 13.75330361328125
488.0 13.45367861328125
489.0 10.4670068359375
490.0 12.5555111328125
491.0 13.101177734375
492.0 14.07143466796875
493.0 13.3278685546875
494.0 13.7499697265625
495.0 9.02704580078125
496.0 17.885063671875
497.0 12.9258806640625
498.0 13.51445751953125
499.0 11.3876033203125
500.0 14.56499736328125
501.0 13.56370185546875
502.0 13.2018376953125
503.0 14.103302734375
504.0 10.6793474609375
505.0 13.16081572265625
506.0 12.381849609375
507.0 12.9418919921875
508.0 13.48855009765625
509.0 13.10597314453125
510.0 10.95272451171875
511.0 12.204715625
512.0 8.67384609375
513.0 9.37580673828125
514.0 8.2138291015625
515.0 8.26385009765625
516.0 8.80657861328125
517.0 9.70728505859375
518.0 9.4798044921875
519.0 8.11316708984375
520.0 7.3266171875
521.0 10.44073388671875
522.0 9.13581953125
523.0 10.81781337890625
524.0 11.3971244140625
525.0 8.63068603515625
526.0 7.17854990234375
527.0 7.1998703125
528.0 6.90269326171875
529.0 6.05227265625
530.0 9.8033888671875
531.0 4.33625810546875
532.0 0.06215673828125
533.0 7.51491865234375
534.0 6.62950224609375
535.0 6.99891552734375
536.0 7.41317587890625
537.0 5.79699892578125
538.0 6.85533779296875
539.0 5.355
540.0 8.05390908203125
541.0 7.91205263671875
542.0 6.5669306640625
543.0 7.6467634765625
544.0 9.179609375
545.0 9.49002021484375
546.0 9.11693291015625
547.0 7.97675478515625
548.0 6.3921927734375
549.0 0.0
550.0 0.0
551.0 0.0
552.0 26.17610009765625
553.0 10.34942177734375
554.0 10.1753849609375
555.0 7.671294921875
556.0 5.9362919921875
557.0 8.06998017578125
558.0 11.7355658203125
559.0 10.05304853515625
560.0 11.97825400390625
561.0 9.92952529296875
562.0 10.1704416015625
563.0 11.37454423828125
564.0 11.945389453125
565.0 11.14169287109375
566.0 10.7060662109375
567.0 8.64366005859375
568.0 10.404580859375
569.0 9.7331646484375
570.0 9.2870025390625
571.0 7.99864560546875
572.0 12.42138984375
573.0 11.4588119140625
574.0 9.55776796875
575.0 6.89420654296875
576.0 12.6789685546875
577.0 13.25754560546875
578.0 8.3618119140625
579.0 11.27902294921875
580.0 11.57590732421875
581.0 13.15985283203125
582.0 11.6079990234375
583.0 13.45199794921875
584.0 7.96646103515625
585.0 8.05031337890625
586.0 9.179246484375
587.0 13.08318447265625
588.0 13.1549890625
589.0 13.31722236328125
590.0 7.9479234375
591.0 11.55984326171875
592.0 12.89739423828125
593.0 13.07844599609375
594.0 11.60536962890625
595.0 12.4178423828125
596.0 12.84387998046875
597.0 13.286270703125
598.0 11.84493076171875
599.0 13.32500625
600.0 13.17677314453125
601.0 10.91195205078125
602.0 7.3796501953125
603.0 12.2429326171875
604.0 12.0697521484375
605.0 11.669684765625
606.0 12.217242578125
607.0 12.79506279296875
608.0 13.07007861328125
609.0 12.11786337890625
610.0 6.851473046875
611.0 12.030802734375
612.0 9.82182939453125
613.0 11.70476767578125
614.0 13.47450791015625
615.0 11.70110419921875
616.0 13.1489556640625
617.0 11.10018115234375
618.0 8.04039482421875
619.0 11.7166205078125
620.0 12.3805326171875
621.0 12.985936328125
622.0 9.89858623046875
623.0 8.17551884765625
624.0 12.6119236328125
625.0 10.1009361328125
626.0 9.10744912109375
627.0 10.5537224609375
628.0 10.8239822265625
629.0 11.48370556640625
630.0 11.2914482421875
631.0 11.2116392578125
632.0 12.02257998046875
633.0 11.88547802734375
634.0 13.36036015625
635.0 11.06019306640625
636.0 12.476080859375
637.0 11.369518359375
638.0 13.414084765625
639.0 11.4703978515625
640.0 13.75445947265625
641.0 12.023893359375
642.0 12.759433984375
643.0 9.640335546875
644.0 13.518153515625
645.0 8.9638255859375
646.0 8.09458759765625
647.0 8.9309171875
648.0 12.73861005859375
649.0 13.46214814453125
650.0 12.393046875
651.0 12.81354951171875
652.0 12.63838125
653.0 11.16251572265625
654.0 9.46281748046875
655.0 9.46732783203125
656.0 11.38456923828125
657.0 10.05411162109375
658.0 10.51719375
659.0 8.645725
660.0 13.88676787109375
661.0 13.0755904296875
662.0 12.03789404296875
663.0 10.1375029296875
664.0 12.0784234375
665.0 13.531198828125
666.0 12.63233984375
667.0 11.55134404296875
668.0 9.65666396484375
669.0 4.18941484375
670.0 13.8179130859375
671.0 11.75949638671875
672.0 10.77138251953125
673.0 10.33818828125
674.0 10.24616865234375
675.0 6.4539927734375
676.0 9.9977576171875
677.0 10.4178849609375
678.0 12.38467568359375
679.0 12.89522216796875
680.0 11.44257255859375
681.0 12.76733583984375
682.0 11.26936787109375
683.0 11.49316083984375
684.0 12.6577126953125
685.0 11.43482939453125
686.0 11.97978974609375
687.0 8.64823642578125
688.0 8.2724673828125
689.0 10.0934091796875
690.0 12.69393359375
691.0 12.82099580078125
692.0 9.52498583984375
693.0 9.29416689453125
694.0 12.7980146484375
695.0 10.17411826171875
696.0 10.647223046875
697.0 8.60403583984375
698.0 11.72890546875
699.0 12.178030078125
700.0 11.7458009765625
701.0 13.642239453125
702.0 12.82696533203125
703.0 9.77847939453125
704.0 10.6439943359375
705.0 11.60446689453125
706.0 11.3441771484375
707.0 9.31894462890625
708.0 12.3823583984375
709.0 8.53635556640625
710.0 9.63060791015625
711.0 13.81283681640625
712.0 12.433773828125
713.0 11.6329470703125
714.0 8.092253125
715.0 8.3042384765625
716.0 12.25106923828125
717.0 11.4941291015625
718.0 12.18393583984375
719.0 11.30629501953125
720.0 12.796497265625
721.0 10.43350009765625
722.0 8.16894091796875
723.0 7.72404931640625
724.0 6.35669111328125
725.0 0.09484853515625
726.0 0.19767763671875
727.0 3.00269658203125
728.0 5.0498572265625
729.0 3.98835703125
730.0 7.029941015625
731.0 3.01746220703125
732.0 2.86775869140625
733.0 7.33476064453125
734.0 8.31028466796875
735.0 7.86911640625
736.0 7.545912109375
737.0 8.35482978515625
738.0 7.566531640625
739.0 7.35271318359375
740.0 10.10771875
741.0 10.33451513671875
742.0 6.42435185546875
743.0 11.19541318359375
744.0 12.54936015625
745.0 11.77887158203125
746.0 12.44052607421875
747.0 10.25232939453125
748.0 13.28553701171875
749.0 11.77281708984375
750.0 9.26626435546875
751.0 10.8683873046875
752.0 12.6411595703125
753.0 11.81971494140625
754.0 11.361842578125
755.0 12.8621123046875
756.0 9.3768619140625
757.0 9.903277734375
758.0 9.52462666015625
759.0 12.6045814453125
760.0 8.37973427734375
761.0 9.2481759765625
762.0 10.34648095703125
763.0 11.2055796875
764.0 12.57156728515625
765.0 14.0616796875
766.0 12.39589287109375
767.0 13.44631142578125
768.0 14.2535111328125
769.0 14.0436455078125
770.0 12.51789873046875
771.0 10.4660548828125
772.0 7.6535890625
773.0 12.714926953125
774.0 14.2070919921875
775.0 13.3310689453125
776.0 14.0175166015625
777.0 11.93712236328125
778.0 10.9773755859375
779.0 12.6798650390625
780.0 7.75786123046875
781.0 11.5583294921875
782.0 12.78024794921875
783.0 13.8156564453125
784.0 14.04027041015625
785.0 11.97456279296875
786.0 12.66843232421875
787.0 11.2182716796875
788.0 14.1486466796875
789.0 10.1270216796875
790.0 17.689403515625
791.0 13.53724658203125
792.0 14.32688046875
793.0 11.07845810546875
794.0 9.36659765625
795.0 10.47154140625
796.0 9.31743984375
797.0 10.444544140625
798.0 11.94074267578125
799.0 8.86172939453125
