0.0 20.9887662109375
1.0 13.6239146484375
2.0 11.309330078125
3.0 27.54599609375
4.0 21.4972826171875
5.0 21.263044140625
6.0 1.65940595703125
7.0 36.90032548828125
8.0 18.46331181640625
9.0 14.5041130859375
10.0 18.854346484375
11.0 17.83201279296875
12.0 13.9678787109375
13.0 19.68349697265625
14.0 13.11840537109375
15.0 15.9255283203125
16.0 21.896460546875
17.0 20.3476826171875
18.0 16.131236328125
19.0 11.53571220703125
20.0 10.66107138671875
21.0 15.59566435546875
22.0 16.6993650390625
23.0 21.70891005859375
24.0 20.5348205078125
25.0 23.260576953125
26.0 20.6998517578125
27.0 23.53517255859375
28.0 17.54512998046875
29.0 21.1442044921875
30.0 18.507428125
31.0 19.1082828125
32.0 21.1037244140625
33.0 19.51837939453125
34.0 13.89086171875
35.0 15.93651943359375
36.0 24.4988669921875
37.0 22.0163130859375
38.0 22.63356005859375
39.0 19.6959458984375
40.0 19.9749587890625
41.0 19.60759775390625
42.0 24.25328720703125
43.0 21.57040703125
44.0 24.0253880859375
45.0 20.90138017578125
46.0 24.67753671875
47.0 21.369615234375
48.0 23.92655126953125
49.0 22.196094921875
50.0 20.659040234375
51.0 23.29856318359375
52.0 21.784056640625
53.0 25.4958755859375
54.0 21.176194921875
55.0 22.915800390625
56.0 16.6801521484375
57.0 29.15414013671875
58.0 21.03193671875
59.0 18.723001953125
60.0 1.41149326171875
61.0 48.53505712890625
62.0 16.7460859375
63.0 13.63192353515625
64.0 25.24359443359375
65.0 19.27196669921875
66.0 22.9216666015625
67.0 21.88658291015625
68.0 19.8808169921875
69.0 13.1246302734375
70.0 26.1793390625
71.0 22.58475615234375
72.0 25.186542578125
73.0 25.51229306640625
74.0 21.233690625
75.0 16.9885734375
76.0 14.0790978515625
77.0 19.63368837890625
78.0 18.57412001953125
79.0 22.8643654296875
80.0 22.6000677734375
81.0 18.32854658203125
82.0 18.6625
83.0 20.39577197265625
84.0 24.0682486328125
85.0 11.448162109375
86.0 21.82559169921875
87.0 24.028005078125
88.0 21.4598005859375
89.0 23.59758876953125
90.0 19.36481787109375
91.0 24.00803798828125
92.0 21.39098408203125
93.0 24.58718876953125
94.0 20.8190775390625
95.0 20.1282853515625
96.0 23.66850126953125
97.0 23.0794880859375
98.0 22.3060216796875
99.0 7.381345703125
100.0 17.71033642578125
101.0 17.337947265625
102.0 13.5101826171875
103.0 23.61562861328125
104.0 21.01936083984375
105.0 17.552878515625
106.0 20.91342919921875
107.0 21.53648056640625
108.0 22.23960302734375
109.0 17.28117431640625
110.0 17.51203896484375
111.0 15.08980556640625
112.0 18.2835666015625
113.0 18.37653427734375
114.0 10.4861623046875
115.0 12.98502021484375
116.0 18.162389453125
117.0 11.34590380859375
118.0 18.350780078125
119.0 17.85861669921875
120.0 7.3229892578125
121.0 23.976624609375
122.0 21.61672451171875
123.0 22.7608005859375
124.0 24.18671015625
125.0 21.454614453125
126.0 23.970848046875
127.0 21.46968740234375
128.0 24.03200986328125
129.0 22.47681533203125
130.0 20.90886875
131.0 22.93377529296875
132.0 21.92042626953125
133.0 22.30295234375
134.0 22.0082724609375
135.0 23.36627763671875
136.0 21.3675033203125
137.0 19.02047099609375
138.0 20.17289833984375
139.0 18.44951806640625
140.0 12.95711357421875
141.0 19.2509220703125
142.0 21.539833203125
143.0 15.911234765625
144.0 18.3486109375
145.0 20.4356404296875
146.0 22.53405771484375
147.0 17.2763623046875
148.0 20.93526689453125
149.0 18.4757203125
150.0 18.31183583984375
151.0 13.0088802734375
152.0 5.928339453125
153.0 17.81457802734375
154.0 23.0568607421875
155.0 22.43702822265625
156.0 24.3425814453125
157.0 20.1038228515625
158.0 23.244683984375
159.0 23.60881357421875
160.0 21.06307119140625
161.0 14.57801064453125
162.0 17.734696875
163.0 21.868058203125
164.0 16.6008181640625
165.0 15.3218373046875
166.0 22.1017048828125
167.0 20.340066015625
168.0 24.5065083984375
169.0 19.91838701171875
170.0 22.44052255859375
171.0 18.4138537109375
172.0 20.7304638671875
173.0 13.95905849609375
174.0 20.20805986328125
175.0 22.4625279296875
176.0 20.88389287109375
177.0 22.4995392578125
178.0 20.1896125
179.0 22.5033849609375
180.0 21.2232615234375
181.0 21.38302744140625
182.0 20.73085478515625
183.0 8.8526861328125
184.0 21.14429443359375
185.0 24.3750755859375
186.0 22.034159765625
187.0 18.9902978515625
188.0 20.69813828125
189.0 24.46276328125
190.0 20.89730634765625
191.0 22.9853380859375
192.0 23.28480283203125
193.0 17.38916748046875
194.0 22.7639126953125
195.0 16.03442841796875
196.0 21.99499326171875
197.0 21.66351240234375
198.0 21.09909306640625
199.0 23.9265349609375
200.0 21.522230078125
201.0 23.7899908203125
202.0 21.42714072265625
203.0 22.98209873046875
204.0 22.0791638671875
205.0 20.76811865234375
206.0 22.74613115234375
207.0 16.1715623046875
208.0 19.6815357421875
209.0 12.586798828125
210.0 14.7807333984375
211.0 13.716816796875
212.0 12.14422138671875
213.0 3.0557322265625
214.0 0.54807685546875
215.0 2.23358515625
216.0 10.64150927734375
217.0 8.7272044921875
218.0 1.2829208984375
219.0 4.26628876953125
220.0 3.806495703125
221.0 15.9202439453125
222.0 9.03392861328125
223.0 6.52340400390625
224.0 1.85360029296875
225.0 0.60476689453125
226.0 6.96094287109375
227.0 16.3181953125
228.0 19.84855302734375
229.0 18.99534208984375
230.0 3.08882470703125
231.0 11.41944990234375
232.0 10.23478828125
233.0 18.4458138671875
234.0 17.573216015625
235.0 9.32560830078125
236.0 15.0896587890625
237.0 18.231808203125
238.0 11.15451435546875
239.0 10.9408453125
240.0 9.1394943359375
241.0 7.2137640625
242.0 7.7445205078125
243.0 5.8271119140625
244.0 15.32171591796875
245.0 17.8443544921875
246.0 17.6456408203125
247.0 17.0076498046875
248.0 18.19874091796875
249.0 15.0743607421875
250.0 10.58523212890625
251.0 9.09389609375
252.0 18.150603125
253.0 15.917626953125
254.0 2.1182626953125
255.0 15.468048046875
256.0 18.9438318359375
257.0 14.57785263671875
258.0 18.2012658203125
259.0 20.67192216796875
260.0 17.39662431640625
261.0 8.29324716796875
262.0 20.81298212890625
263.0 20.2867767578125
264.0 17.27555791015625
265.0 20.54784150390625
266.0 13.89326640625
267.0 7.882502734375
268.0 10.09850146484375
269.0 16.23002666015625
270.0 10.0437017578125
271.0 20.2275033203125
272.0 16.09901220703125
273.0 16.04662060546875
274.0 25.03133447265625
275.0 19.91102158203125
276.0 23.27378828125
277.0 21.0652607421875
278.0 17.2038693359375
279.0 18.53967763671875
280.0 20.058655859375
281.0 19.2387359375
282.0 22.5339439453125
283.0 13.33947529296875
284.0 12.2038353515625
285.0 20.32821279296875
286.0 21.53918427734375
287.0 20.86308369140625
288.0 17.3394658203125
289.0 22.69370205078125
290.0 20.21069775390625
291.0 21.5184232421875
292.0 20.62193798828125
293.0 21.01654736328125
294.0 23.2592294921875
295.0 23.781994921875
296.0 21.60558193359375
297.0 23.421008203125
298.0 20.5586275390625
299.0 22.65105927734375
300.0 20.68793408203125
301.0 23.19711982421875
302.0 23.56091259765625
303.0 21.00318046875
304.0 24.17823525390625
305.0 19.227755078125
306.0 24.0054490234375
307.0 23.97721669921875
308.0 21.4037412109375
309.0 21.32353037109375
310.0 20.27909892578125
311.0 23.2268251953125
312.0 20.88456328125
313.0 19.64254990234375
314.0 18.316633203125
315.0 18.70473056640625
316.0 22.5271353515625
317.0 20.982256640625
318.0 23.59474091796875
319.0 23.72065546875
320.0 21.740690625
321.0 22.16662314453125
322.0 21.510030078125
323.0 24.37579755859375
324.0 19.86743974609375
325.0 23.4661974609375
326.0 24.5459994140625
327.0 21.4414482421875
328.0 24.0188603515625
329.0 22.97186865234375
330.0 21.71516513671875
331.0 23.71963095703125
332.0 23.38753466796875
333.0 21.73929873046875
334.0 22.032265625
335.0 21.906216015625
336.0 24.04989482421875
337.0 23.67304306640625
338.0 20.45117421875
339.0 23.715822265625
340.0 19.91368154296875
341.0 22.679736328125
342.0 19.96677275390625
343.0 24.110366796875
344.0 21.71326416015625
345.0 24.05340556640625
346.0 21.83374130859375
347.0 23.31635224609375
348.0 22.55049423828125
349.0 18.579733203125
350.0 18.60055078125
351.0 24.72120380859375
352.0 23.1769763671875
353.0 19.6557576171875
354.0 21.3204888671875
355.0 22.6289091796875
356.0 20.94534609375
357.0 20.0071291015625
358.0 23.0172197265625
359.0 21.94744267578125
360.0 22.24501298828125
361.0 21.24572958984375
362.0 20.86534248046875
363.0 23.72497978515625
364.0 23.64397373046875
365.0 21.655594140625
366.0 23.81524912109375
367.0 17.370738671875
368.0 7.31384443359375
369.0 14.79796357421875
370.0 21.3317064453125
371.0 16.0399439453125
372.0 24.8129427734375
373.0 19.43718759765625
374.0 23.79953515625
375.0 21.4604607421875
376.0 22.965891796875
377.0 21.79910693359375
378.0 24.26041044921875
379.0 24.18679150390625
380.0 21.1820619140625
381.0 24.5873830078125
382.0 22.2354544921875
383.0 24.81146923828125
384.0 23.50375966796875
385.0 23.251803515625
386.0 22.7580759765625
387.0 25.210754296875
388.0 24.97820048828125
389.0 22.54253369140625
390.0 25.52117919921875
391.0 22.3284830078125
392.0 24.15137978515625
393.0 22.08611767578125
394.0 23.5827462890625
395.0 20.8469095703125
396.0 18.6947171875
397.0 23.28028203125
398.0 18.77696572265625
399.0 18.79790458984375
400.0 25.24449814453125
401.0 23.31467001953125
402.0 25.2177955078125
403.0 22.28595859375
404.0 23.2547703125
405.0 20.92767314453125
406.0 24.8626109375
407.0 22.396040625
408.0 25.58590302734375
409.0 22.822809765625
410.0 23.00122861328125
411.0 22.63936640625
412.0 16.20316845703125
413.0 16.5376712890625
414.0 19.44210537109375
415.0 12.66484462890625
416.0 20.9350751953125
417.0 14.55600146484375
418.0 15.82484873046875
419.0 24.845878515625
420.0 20.1042509765625
421.0 20.5477314453125
422.0 9.88220478515625
423.0 13.83929765625
424.0 5.50729814453125
425.0 0.39623251953125
426.0 0.25020595703125
427.0 7.001084375
428.0 9.56875947265625
429.0 18.1113986328125
430.0 16.4409423828125
431.0 21.01082724609375
432.0 15.54701474609375
433.0 21.11795634765625
434.0 16.6707740234375
435.0 21.41134794921875
436.0 22.54794306640625
437.0 20.0158939453125
438.0 23.51807353515625
439.0 18.5199685546875
440.0 16.9233720703125
441.0 18.60523681640625
442.0 22.8255634765625
443.0 23.62762236328125
444.0 21.29575908203125
445.0 24.2019798828125
446.0 18.10829619140625
447.0 19.99532255859375
448.0 21.3276365234375
449.0 20.28396826171875
450.0 23.0282712890625
451.0 20.04714130859375
452.0 21.7398220703125
453.0 17.38175947265625
454.0 22.5817759765625
455.0 23.29240673828125
456.0 22.00607275390625
457.0 16.68014453125
458.0 32.17204765625
459.0 15.52274638671875
460.0 5.4830244140625
461.0 5.8228607421875
462.0 5.07022841796875
463.0 10.3033408203125
464.0 13.97131171875
465.0 11.7377375
466.0 15.30249326171875
467.0 1.9256716796875
468.0 12.6786630859375
469.0 11.76220078125
470.0 12.034373828125
471.0 9.91371708984375
472.0 10.1356880859375
473.0 18.2524166015625
474.0 22.57259619140625
475.0 16.22266591796875
476.0 20.9139728515625
477.0 18.16063798828125
478.0 17.48209140625
479.0 20.7403365234375
480.0 22.59699111328125
481.0 20.64000166015625
482.0 21.97794619140625
483.0 17.77236923828125
484.0 23.2830650390625
485.0 17.5645205078125
486.0 20.09479658203125
487.0 14.7961107421875
488.0 5.01483486328125
489.0 37.7967126953125
490.0 17.1778607421875
491.0 17.418759375
492.0 21.3980462890625
493.0 22.9105765625
494.0 22.37135185546875
495.0 24.712823828125
496.0 17.36686982421875
497.0 27.121792578125
498.0 18.4140681640625
499.0 19.16671806640625
500.0 23.17139033203125
501.0 22.9040451171875
502.0 20.27343681640625
503.0 22.5456876953125
504.0 20.39361044921875
505.0 20.05976318359375
506.0 14.10896005859375
507.0 28.38820615234375
508.0 20.737909375
509.0 23.31570478515625
510.0 19.49872431640625
511.0 23.084878515625
512.0 21.6624705078125
513.0 6.00600009765625
514.0 8.8046384765625
515.0 8.1048916015625
516.0 13.06644306640625
517.0 4.1624013671875
518.0 1.8104375
519.0 5.81968310546875
520.0 11.76906328125
521.0 14.5203935546875
522.0 13.62102763671875
523.0 20.9200392578125
524.0 20.0302611328125
525.0 3.2238416015625
526.0 0.90685654296875
527.0 2.336862109375
528.0 15.6271650390625
529.0 20.24338017578125
530.0 9.9396763671875
531.0 17.094026171875
532.0 17.118323828125
533.0 23.66545859375
534.0 22.5859369140625
535.0 17.34568916015625
536.0 21.84920712890625
537.0 18.81132998046875
538.0 22.771973828125
539.0 22.35080283203125
540.0 24.82321083984375
541.0 21.72873583984375
542.0 24.4325814453125
543.0 24.55071875
544.0 22.792946484375
545.0 23.161787109375
546.0 17.58479560546875
547.0 25.20766865234375
548.0 7.68067705078125
549.0 37.40906435546875
550.0 24.86220185546875
551.0 20.0530107421875
552.0 24.373058984375
553.0 25.0005259765625
554.0 22.53183486328125
555.0 24.6993908203125
556.0 21.61346533203125
557.0 24.24039775390625
558.0 22.174428125
559.0 24.45375439453125
560.0 25.1826015625
561.0 21.86328662109375
562.0 22.25157880859375
563.0 23.1365166015625
564.0 24.167776953125
565.0 22.2319986328125
566.0 24.80846015625
567.0 20.0996701171875
568.0 20.26979423828125
569.0 21.09472060546875
570.0 20.473183203125
571.0 23.69548173828125
572.0 23.29755283203125
573.0 21.26589794921875
574.0 24.92059638671875
575.0 22.55816533203125
576.0 24.9549568359375
577.0 21.49953408203125
578.0 24.16814013671875
579.0 21.89472451171875
580.0 24.36657353515625
581.0 24.40443681640625
582.0 21.49121513671875
583.0 20.31032470703125
584.0 21.25903623046875
585.0 24.86629140625
586.0 21.6019111328125
587.0 23.9985443359375
588.0 24.34585595703125
589.0 20.55839375
590.0 16.5574291015625
591.0 22.1585611328125
592.0 21.46588671875
593.0 23.89112529296875
594.0 23.46385029296875
595.0 21.10835244140625
596.0 22.3339064453125
597.0 24.95121630859375
598.0 22.19877509765625
599.0 17.5834455078125
600.0 22.3213169921875
601.0 20.568606640625
602.0 24.0245642578125
603.0 16.772118359375
604.0 21.80009609375
605.0 29.99274677734375
606.0 22.08075400390625
607.0 24.22080751953125
608.0 24.25430556640625
609.0 21.23170263671875
610.0 24.22266376953125
611.0 20.57095771484375
612.0 21.71599033203125
613.0 22.55250859375
614.0 23.40241435546875
615.0 25.13566708984375
616.0 21.98271220703125
617.0 24.55003037109375
618.0 21.37774013671875
619.0 21.59333671875
620.0 24.7900896484375
621.0 23.698733203125
622.0 22.1292865234375
623.0 24.7962330078125
624.0 21.413644140625
625.0 23.86490927734375
626.0 25.1900685546875
627.0 15.9875427734375
628.0 24.6207244140625
629.0 22.80641015625
630.0 23.69725791015625
631.0 22.46211572265625
632.0 23.9726994140625
633.0 25.2443794921875
634.0 20.57792900390625
635.0 18.85866171875
636.0 24.1140751953125
637.0 23.8946833984375
638.0 21.16179267578125
639.0 23.70065986328125
640.0 20.32855732421875
641.0 23.35473876953125
642.0 21.8790373046875
643.0 22.60230791015625
644.0 20.69212001953125
645.0 21.3552173828125
646.0 23.78864892578125
647.0 24.321925
648.0 19.685675
649.0 20.11582041015625
650.0 19.02117265625
651.0 25.2482236328125
652.0 23.5537798828125
653.0 21.55647900390625
654.0 22.7992439453125
655.0 22.781668359375
656.0 21.5038837890625
657.0 24.54208720703125
658.0 21.6157935546875
659.0 22.5118322265625
660.0 13.67497412109375
661.0 11.86247431640625
662.0 24.63670986328125
663.0 23.84018046875
664.0 23.81174765625
665.0 21.6664484375
666.0 23.027428125
667.0 24.9222693359375
668.0 24.7543505859375
669.0 20.9810201171875
670.0 20.5972525390625
671.0 22.722130859375
672.0 22.0790755859375
673.0 14.3091267578125
674.0 30.36512236328125
675.0 15.79669150390625
676.0 13.5048865234375
677.0 18.41004580078125
678.0 18.40422109375
679.0 17.07736171875
680.0 14.288781640625
681.0 21.41693408203125
682.0 20.54942958984375
683.0 18.238108984375
684.0 17.19330068359375
685.0 9.54449912109375
686.0 15.2549744140625
687.0 19.2599361328125
688.0 11.0993169921875
689.0 24.04179833984375
690.0 18.27014599609375
691.0 16.0928328125
692.0 17.5104890625
693.0 20.51989482421875
694.0 23.03427783203125
695.0 23.09098671875
696.0 21.71684033203125
697.0 16.6769265625
698.0 20.28341201171875
699.0 22.02400205078125
700.0 14.07032666015625
701.0 21.137425390625
702.0 21.47533203125
703.0 23.31303271484375
704.0 21.429441796875
705.0 23.34617802734375
706.0 2.15943759765625
707.0 36.69922734375
708.0 24.39930302734375
709.0 21.8515673828125
710.0 22.27291162109375
711.0 20.78103466796875
712.0 23.43246982421875
713.0 22.7541212890625
714.0 21.35271875
715.0 19.66289658203125
716.0 23.45678681640625
717.0 20.1520998046875
718.0 22.60706513671875
719.0 21.12766904296875
720.0 19.2932837890625
721.0 20.8744470703125
722.0 21.93555361328125
723.0 22.71480771484375
724.0 20.75483837890625
725.0 22.37259853515625
726.0 22.11890439453125
727.0 21.20135732421875
728.0 18.8033130859375
729.0 15.923109375
730.0 16.907500390625
731.0 15.629998828125
732.0 19.86811455078125
733.0 20.76107294921875
734.0 22.56724892578125
735.0 21.19413857421875
736.0 21.322935546875
737.0 22.11821376953125
738.0 20.92005498046875
739.0 24.092626953125
740.0 21.28663330078125
741.0 22.07884228515625
742.0 17.638944921875
743.0 20.96094365234375
744.0 22.50977158203125
745.0 21.7036853515625
746.0 21.1316728515625
747.0 22.5118875
748.0 20.16340849609375
749.0 23.2248822265625
750.0 23.45444521484375
751.0 21.74282822265625
752.0 23.61461318359375
753.0 21.2898998046875
754.0 24.0458935546875
755.0 21.6900052734375
756.0 22.74621923828125
757.0 19.894734765625
758.0 17.06972587890625
759.0 24.7246015625
760.0 20.4109443359375
761.0 23.7919578125
762.0 20.2538154296875
763.0 19.12563095703125
764.0 20.57661455078125
765.0 21.1233869140625
766.0 21.59073583984375
767.0 14.1847451171875
768.0 24.268737890625
769.0 17.71701640625
770.0 20.48523671875
771.0 3.169886328125
772.0 20.202067578125
773.0 20.8210216796875
774.0 21.601303515625
775.0 21.4352548828125
776.0 20.20510498046875
777.0 20.96734619140625
778.0 24.10061640625
779.0 21.46231201171875
780.0 22.35452919921875
781.0 23.60913359375
782.0 18.3563015625
783.0 23.14615634765625
784.0 21.94250546875
785.0 24.77471474609375
786.0 22.01332607421875
787.0 24.70962412109375
788.0 22.79904609375
789.0 18.015773828125
790.0 24.26638447265625
791.0 21.44236787109375
792.0 23.47717314453125
793.0 23.58420107421875
794.0 21.64052568359375
795.0 24.35435546875
796.0 21.7850716796875
797.0 22.1604216796875
798.0 21.4997103515625
799.0 22.02208740234375
