0.0 22.16910712890625
1.0 24.2367689453125
2.0 20.55032255859375
3.0 20.82532197265625
4.0 14.74953369140625
5.0 28.3393330078125
6.0 24.70417861328125
7.0 20.89537568359375
8.0 22.491865625
9.0 21.651061328125
10.0 24.7336986328125
11.0 22.3040169921875
12.0 23.14746611328125
13.0 24.3862603515625
14.0 22.42199111328125
15.0 22.89376689453125
16.0 20.52700361328125
17.0 22.259197265625
18.0 23.94810263671875
19.0 22.45653017578125
20.0 22.62163720703125
21.0 23.71036416015625
22.0 24.6229740234375
23.0 15.7802482421875
24.0 10.78750517578125
25.0 16.1133123046875
26.0 23.81618193359375
27.0 24.0154052734375
28.0 21.186718359375
29.0 24.79317275390625
30.0 21.95134658203125
31.0 24.4151814453125
32.0 21.0674943359375
33.0 17.394649609375
34.0 17.21286865234375
35.0 14.197608203125
36.0 18.3577568359375
37.0 24.6202830078125
38.0 22.04882158203125
39.0 24.07295498046875
40.0 22.52953447265625
41.0 16.0060947265625
42.0 20.643171484375
43.0 20.9584720703125
44.0 24.1898490234375
45.0 14.70463544921875
46.0 29.24156904296875
47.0 20.75660078125
48.0 24.39014892578125
49.0 22.07432236328125
50.0 24.3525384765625
51.0 17.4736224609375
52.0 18.5103994140625
53.0 23.01915341796875
54.0 20.0316623046875
55.0 23.67073251953125
56.0 21.86081162109375
57.0 24.5708486328125
58.0 22.12319541015625
59.0 24.50339814453125
60.0 24.69098623046875
61.0 21.81017861328125
62.0 24.1366912109375
63.0 22.2129462890625
64.0 12.30053408203125
65.0 9.16658916015625
66.0 40.02214833984375
67.0 16.22796796875
68.0 25.20136513671875
69.0 24.20097001953125
70.0 21.9551453125
71.0 25.19046552734375
72.0 11.656186328125
73.0 30.9555521484375
74.0 24.66910439453125
75.0 21.82508916015625
76.0 19.54314736328125
77.0 18.9397564453125
78.0 23.8295626953125
79.0 20.7549861328125
80.0 19.0739935546875
81.0 12.519876171875
82.0 14.4578822265625
83.0 12.3951501953125
84.0 22.83784384765625
85.0 24.30906708984375
86.0 21.9244330078125
87.0 24.61562421875
88.0 16.37094931640625
89.0 28.92734111328125
90.0 24.6315701171875
91.0 22.34563212890625
92.0 24.47472275390625
93.0 21.45508134765625
94.0 24.6429806640625
95.0 22.05180419921875
96.0 24.92228857421875
97.0 23.95191162109375
98.0 22.2941255859375
99.0 24.49588486328125
100.0 22.1182673828125
101.0 24.71092490234375
102.0 21.88628828125
103.0 24.5156892578125
104.0 24.2700580078125
105.0 22.25928427734375
106.0 23.2861953125
107.0 21.69460087890625
108.0 24.5612076171875
109.0 21.740080078125
110.0 24.57084638671875
111.0 21.66847294921875
112.0 24.07818408203125
113.0 22.21213359375
114.0 24.76115498046875
115.0 21.35433037109375
116.0 24.07705283203125
117.0 23.82645703125
118.0 21.8887546875
119.0 24.277915234375
120.0 22.32254013671875
121.0 24.0424013671875
122.0 22.02899482421875
123.0 24.23034609375
124.0 21.18602900390625
125.0 23.5571802734375
126.0 24.16071064453125
127.0 17.812978125
128.0 19.90623828125
129.0 21.0896021484375
130.0 24.028987109375
131.0 21.9304646484375
132.0 24.1973759765625
133.0 21.97344755859375
134.0 23.9025326171875
135.0 24.968807421875
136.0 15.28312734375
137.0 28.86279609375
138.0 16.06540361328125
139.0 28.843498828125
140.0 25.3164060546875
141.0 22.27845556640625
142.0 25.3062412109375
143.0 21.93996630859375
144.0 24.90769814453125
145.0 23.09945322265625
146.0 19.76159189453125
147.0 24.49586455078125
148.0 21.38556904296875
149.0 17.067047265625
150.0 21.8286544921875
151.0 31.85125244140625
152.0 22.3233748046875
153.0 22.07175458984375
154.0 24.82059287109375
155.0 24.469087109375
156.0 18.51202275390625
157.0 20.89422431640625
158.0 14.321772265625
159.0 18.72361484375
160.0 22.55320703125
161.0 18.46585546875
162.0 24.46165029296875
163.0 22.039181640625
164.0 20.89486455078125
165.0 24.85984638671875
166.0 24.9414322265625
167.0 19.03878486328125
168.0 23.8429736328125
169.0 21.916939453125
170.0 23.37498720703125
171.0 16.316695703125
172.0 28.28192939453125
173.0 24.3281306640625
174.0 22.08123486328125
175.0 17.7210966796875
176.0 28.5971345703125
177.0 15.62821474609375
178.0 31.47814072265625
179.0 20.70759482421875
180.0 21.14031572265625
181.0 24.9276669921875
182.0 16.58249130859375
183.0 20.6518625
184.0 23.5866529296875
185.0 21.0403537109375
186.0 24.18055595703125
187.0 20.2379408203125
188.0 22.72291318359375
189.0 20.63643505859375
190.0 24.003484765625
191.0 22.69892568359375
192.0 24.89552373046875
193.0 24.09231396484375
194.0 21.8325060546875
195.0 22.41764287109375
196.0 22.091538671875
197.0 23.48239560546875
198.0 20.26746259765625
199.0 19.0057828125
200.0 25.328651953125
201.0 21.77351640625
202.0 25.12425654296875
203.0 24.17281123046875
204.0 21.82843603515625
205.0 24.74921640625
206.0 22.45598828125
207.0 22.62123125
208.0 22.2722484375
209.0 25.1100544921875
210.0 21.469601953125
211.0 23.91361953125
212.0 23.85841943359375
213.0 22.71827216796875
214.0 24.6912978515625
215.0 21.45731875
216.0 24.734913671875
217.0 22.424450390625
218.0 24.58216787109375
219.0 21.80627158203125
220.0 24.1507482421875
221.0 24.559597265625
222.0 21.651527734375
223.0 17.10253037109375
224.0 29.474934765625
225.0 24.616403125
226.0 22.67211181640625
227.0 22.5083146484375
228.0 24.0848568359375
229.0 24.469390234375
230.0 20.33657734375
231.0 24.9092755859375
232.0 18.178025390625
233.0 23.47143486328125
234.0 22.18433798828125
235.0 23.77117919921875
236.0 25.0639609375
237.0 22.51911689453125
238.0 24.27253603515625
239.0 21.34817158203125
240.0 24.04406298828125
241.0 16.31975205078125
242.0 29.393684765625
243.0 19.6851779296875
244.0 25.33955009765625
245.0 20.26354208984375
246.0 23.52003544921875
247.0 24.37348603515625
248.0 22.08757802734375
249.0 22.20427021484375
250.0 23.59975380859375
251.0 21.0166056640625
252.0 21.411916796875
253.0 21.7028841796875
254.0 15.6887494140625
255.0 28.74830537109375
256.0 24.15217265625
257.0 21.8081478515625
258.0 23.944798046875
259.0 18.57041162109375
260.0 20.0258041015625
261.0 24.537576953125
262.0 19.135325390625
263.0 18.7049146484375
264.0 20.5173748046875
265.0 21.71268955078125
266.0 22.24391552734375
267.0 17.7038458984375
268.0 29.87821630859375
269.0 19.6340916015625
270.0 22.49377919921875
271.0 20.65317177734375
272.0 23.39898583984375
273.0 20.4510759765625
274.0 23.09341826171875
275.0 19.76048525390625
276.0 12.30091376953125
277.0 15.65418837890625
278.0 15.05640517578125
279.0 14.01491689453125
280.0 14.117967578125
281.0 15.6000875
282.0 18.30393896484375
283.0 20.69891748046875
284.0 17.23649208984375
285.0 17.65339267578125
286.0 19.3388078125
287.0 20.1244626953125
288.0 17.198530078125
289.0 23.44412392578125
290.0 16.36288037109375
291.0 21.766971875
292.0 21.6913818359375
293.0 20.97181396484375
294.0 21.4111798828125
295.0 18.09720859375
296.0 21.73868896484375
297.0 22.943631640625
298.0 18.96722421875
299.0 20.13472626953125
300.0 18.84657998046875
301.0 22.376960546875
302.0 17.13778505859375
303.0 20.804891796875
304.0 22.076751953125
305.0 17.47177109375
306.0 20.8095736328125
307.0 15.34369814453125
308.0 19.016735546875
309.0 18.6220556640625
310.0 17.04913740234375
311.0 15.42007978515625
312.0 24.4333095703125
313.0 15.07875419921875
314.0 21.76339599609375
315.0 18.20458251953125
316.0 16.50472041015625
317.0 19.187975390625
318.0 16.69386650390625
319.0 20.18351005859375
320.0 20.78582548828125
321.0 20.69791865234375
322.0 16.7609517578125
323.0 22.9578876953125
324.0 15.94240166015625
325.0 12.138823828125
326.0 26.06155654296875
327.0 18.7863845703125
328.0 19.93005146484375
329.0 22.47940927734375
330.0 20.90996943359375
331.0 17.830229296875
332.0 18.854005078125
333.0 20.11812646484375
334.0 24.242278515625
335.0 20.63883388671875
336.0 14.86049658203125
337.0 24.04974755859375
338.0 19.3965888671875
339.0 20.3550783203125
340.0 22.08272314453125
341.0 22.80535693359375
342.0 19.4313373046875
343.0 21.98803896484375
344.0 21.76822763671875
345.0 22.66285498046875
346.0 18.92478984375
347.0 23.85375732421875
348.0 19.887503515625
349.0 22.69922626953125
350.0 21.7678056640625
351.0 23.81423154296875
352.0 22.88871806640625
353.0 15.82146826171875
354.0 23.8166494140625
355.0 20.6039091796875
356.0 24.10823349609375
357.0 21.68442255859375
358.0 22.52810966796875
359.0 18.70309912109375
360.0 20.5598666015625
361.0 28.5225765625
362.0 22.76620185546875
363.0 15.07309150390625
364.0 24.63679462890625
365.0 16.95097373046875
366.0 30.48485361328125
367.0 22.43649755859375
368.0 23.8095583984375
369.0 22.02390966796875
370.0 24.8373646484375
371.0 22.1655962890625
372.0 19.082958984375
373.0 25.15455673828125
374.0 22.0630001953125
375.0 23.1027525390625
376.0 20.58854326171875
377.0 23.20726123046875
378.0 21.352697265625
379.0 22.73926669921875
380.0 23.88366611328125
381.0 22.25629375
382.0 21.18013349609375
383.0 23.41316484375
384.0 21.0249947265625
385.0 21.0131630859375
386.0 23.46461728515625
387.0 24.06930458984375
388.0 20.49380205078125
389.0 23.5814451171875
390.0 23.2572384765625
391.0 18.5895732421875
392.0 23.10656572265625
393.0 23.205770703125
394.0 18.574773828125
395.0 23.87697626953125
396.0 23.22952001953125
397.0 21.14851845703125
398.0 23.3079453125
399.0 21.61066943359375
400.0 23.19249521484375
401.0 20.21509306640625
402.0 23.62531201171875
403.0 21.368667578125
404.0 23.2421533203125
405.0 19.45798603515625
406.0 24.116284375
407.0 21.5783953125
408.0 24.427628515625
409.0 23.56158681640625
410.0 21.286822265625
411.0 23.51935751953125
412.0 20.8800259765625
413.0 23.778661328125
414.0 21.3244138671875
415.0 23.734415234375
416.0 19.3123173828125
417.0 23.16628818359375
418.0 21.681458984375
419.0 24.245071484375
420.0 22.26378720703125
421.0 22.483746875
422.0 21.077562890625
423.0 22.65701435546875
424.0 24.04263193359375
425.0 21.879519921875
426.0 24.70094970703125
427.0 22.10688369140625
428.0 23.6488849609375
429.0 21.837159765625
430.0 24.34866005859375
431.0 14.72379404296875
432.0 30.33717529296875
433.0 18.3427591796875
434.0 23.94125888671875
435.0 21.34599453125
436.0 24.34550771484375
437.0 20.32322626953125
438.0 17.29156923828125
439.0 22.95337919921875
440.0 21.9865240234375
441.0 24.612939453125
442.0 20.756041015625
443.0 20.32753212890625
444.0 24.7166255859375
445.0 20.13746240234375
446.0 24.2361771484375
447.0 22.6551140625
448.0 24.53126806640625
449.0 21.36839267578125
450.0 24.5429974609375
451.0 22.1797873046875
452.0 23.12265166015625
453.0 18.62399072265625
454.0 21.892275
455.0 24.54819873046875
456.0 22.00584892578125
457.0 22.23423115234375
458.0 18.923567578125
459.0 20.35357998046875
460.0 15.8037951171875
461.0 25.96855751953125
462.0 21.14223603515625
463.0 20.95454326171875
464.0 20.6636845703125
465.0 22.537351953125
466.0 18.21141982421875
467.0 18.31658046875
468.0 21.79816171875
469.0 24.08901357421875
470.0 13.53617646484375
471.0 25.5587486328125
472.0 20.55895888671875
473.0 24.0604912109375
474.0 22.1865904296875
475.0 19.6283318359375
476.0 26.3794875
477.0 21.70147900390625
478.0 21.53740927734375
479.0 24.3102626953125
480.0 21.63904697265625
481.0 24.5442701171875
482.0 14.6005431640625
483.0 21.8063400390625
484.0 20.84320771484375
485.0 18.05652177734375
486.0 22.8344037109375
487.0 16.05049931640625
488.0 20.9406587890625
489.0 23.32640966796875
490.0 22.38424716796875
491.0 19.397127734375
492.0 20.26026826171875
493.0 25.18832783203125
494.0 24.5699337890625
495.0 21.45449453125
496.0 23.840330078125
497.0 21.3859326171875
498.0 21.80397626953125
499.0 22.48754345703125
500.0 23.538835546875
501.0 20.13417734375
502.0 20.8363572265625
503.0 22.24519384765625
504.0 16.0206748046875
505.0 25.4786884765625
506.0 21.834166015625
507.0 24.6366130859375
508.0 21.76466875
509.0 23.62344248046875
510.0 21.50637548828125
511.0 24.90565771484375
512.0 22.58852080078125
513.0 18.95646044921875
514.0 24.82128642578125
515.0 22.3781435546875
516.0 24.3944798828125
517.0 21.92634873046875
518.0 22.12326162109375
519.0 19.363571484375
520.0 23.770738671875
521.0 24.146890234375
522.0 22.16484453125
523.0 20.58227119140625
524.0 15.5864517578125
525.0 22.5384578125
526.0 19.50611943359375
527.0 23.9699330078125
528.0 23.52397294921875
529.0 17.3173251953125
530.0 19.98891806640625
531.0 19.323844921875
532.0 22.04162822265625
533.0 18.60359375
534.0 20.9811447265625
535.0 21.79267177734375
536.0 20.51219580078125
537.0 16.69809697265625
538.0 17.01358408203125
539.0 26.94988408203125
540.0 19.181713671875
541.0 20.05246640625
542.0 23.29260791015625
543.0 20.56944921875
544.0 22.8342794921875
545.0 20.33160478515625
546.0 17.831322265625
547.0 21.26505947265625
548.0 24.40810791015625
549.0 22.7914259765625
550.0 19.28616171875
551.0 20.9319548828125
552.0 19.49914248046875
553.0 20.6197064453125
554.0 20.982789453125
555.0 22.08429375
556.0 23.87550673828125
557.0 19.88061552734375
558.0 23.94508828125
559.0 23.18177978515625
560.0 15.55086748046875
561.0 14.54890537109375
562.0 17.45707900390625
563.0 19.28145771484375
564.0 14.80539609375
565.0 15.304508203125
566.0 22.7294341796875
567.0 19.39730693359375
568.0 21.858292578125
569.0 18.5610341796875
570.0 16.67297900390625
571.0 19.53008125
572.0 17.52481708984375
573.0 17.191066015625
574.0 20.126099609375
575.0 13.35273095703125
576.0 25.6446986328125
577.0 22.205253125
578.0 14.9404916015625
579.0 27.6430171875
580.0 24.9904427734375
581.0 21.31734599609375
582.0 23.53783232421875
583.0 21.40108662109375
584.0 22.80972001953125
585.0 20.09787275390625
586.0 19.49900283203125
587.0 20.93612275390625
588.0 13.69932353515625
589.0 25.5241671875
590.0 17.16625576171875
591.0 13.5715322265625
592.0 24.74330908203125
593.0 20.28862900390625
594.0 18.23671943359375
595.0 20.63885712890625
596.0 18.442219140625
597.0 20.3052564453125
598.0 19.00021044921875
599.0 21.086766015625
600.0 21.247690625
601.0 19.03607646484375
602.0 21.500328125
603.0 18.877947265625
604.0 21.46197939453125
605.0 19.15604150390625
606.0 21.12224169921875
607.0 20.836151171875
608.0 17.74647890625
609.0 14.63478857421875
610.0 23.9623087890625
611.0 22.09746337890625
612.0 22.06837373046875
613.0 23.90437197265625
614.0 21.873171875
615.0 24.96859375
616.0 22.5945533203125
617.0 23.47193037109375
618.0 21.383596875
619.0 23.9794021484375
620.0 21.22635869140625
621.0 20.6115333984375
622.0 25.06683046875
623.0 22.9573240234375
624.0 22.47123583984375
625.0 24.60738115234375
626.0 19.97430966796875
627.0 25.2582130859375
628.0 24.163786328125
629.0 19.46683173828125
630.0 24.735146875
631.0 23.9119732421875
632.0 21.5336658203125
633.0 24.2777779296875
634.0 21.6724359375
635.0 24.543759375
636.0 22.62456826171875
637.0 24.69214404296875
638.0 21.6689884765625
639.0 23.91788955078125
640.0 24.4272328125
641.0 21.51037744140625
642.0 16.24765478515625
643.0 25.06929287109375
644.0 21.87309541015625
645.0 23.84504453125
646.0 20.35165126953125
647.0 21.363509375
648.0 20.71708759765625
649.0 24.3434306640625
650.0 21.4417103515625
651.0 24.632290234375
652.0 19.9340470703125
653.0 21.60994375
654.0 23.4553236328125
655.0 22.17801025390625
656.0 24.42295654296875
657.0 18.7598451171875
658.0 19.86626337890625
659.0 25.4399447265625
660.0 22.4602142578125
661.0 21.907409375
662.0 23.9099130859375
663.0 20.78869072265625
664.0 22.6055822265625
665.0 22.2750017578125
666.0 21.22500283203125
667.0 20.28260068359375
668.0 24.73788603515625
669.0 21.9638990234375
670.0 23.84199560546875
671.0 24.786422265625
672.0 22.164777734375
673.0 21.517398046875
674.0 17.722093359375
675.0 20.35949169921875
676.0 20.93400498046875
677.0 20.985070703125
678.0 22.2114810546875
679.0 19.7047431640625
680.0 18.18617568359375
681.0 21.48399228515625
682.0 21.9424107421875
683.0 19.9378130859375
684.0 23.10819326171875
685.0 21.2844734375
686.0 16.93040078125
687.0 27.21489404296875
688.0 20.71433720703125
689.0 23.25775341796875
690.0 22.251597265625
691.0 20.34474736328125
692.0 23.663523046875
693.0 20.87017763671875
694.0 23.18081611328125
695.0 24.20099267578125
696.0 21.2819037109375
697.0 24.24400458984375
698.0 21.0040826171875
699.0 22.35547255859375
700.0 21.8669208984375
701.0 24.60347666015625
702.0 24.35555927734375
703.0 22.00391923828125
704.0 23.3343037109375
705.0 21.63234453125
706.0 24.36980185546875
707.0 19.44638759765625
708.0 27.07768525390625
709.0 17.5786755859375
710.0 18.018251171875
711.0 28.51010966796875
712.0 24.07831337890625
713.0 21.58725263671875
714.0 22.72942216796875
715.0 22.093326171875
716.0 18.86651513671875
717.0 26.13872783203125
718.0 24.9323248046875
719.0 22.857878515625
720.0 21.72767421875
721.0 24.3391955078125
722.0 21.8637291015625
723.0 24.7490939453125
724.0 21.1318509765625
725.0 20.8688955078125
726.0 24.84024248046875
727.0 21.5631759765625
728.0 24.56839384765625
729.0 22.103722265625
730.0 21.72482158203125
731.0 20.8718267578125
732.0 22.74320517578125
733.0 25.7794271484375
734.0 21.51033134765625
735.0 21.8499923828125
736.0 21.47905703125
737.0 16.27785615234375
738.0 29.84518349609375
739.0 21.8708263671875
740.0 23.45875478515625
741.0 21.23681494140625
742.0 23.99803115234375
743.0 21.2885658203125
744.0 22.086226953125
745.0 13.0434390625
746.0 27.1057697265625
747.0 24.44597451171875
748.0 21.155252734375
749.0 24.11529033203125
750.0 21.40413896484375
751.0 22.20260244140625
752.0 24.7675310546875
753.0 21.55855419921875
754.0 24.3347134765625
755.0 18.5024220703125
756.0 20.28795693359375
757.0 21.8697427734375
758.0 24.8440435546875
759.0 21.79096875
760.0 24.54769794921875
761.0 21.50965615234375
762.0 24.60195048828125
763.0 20.77602900390625
764.0 22.8044283203125
765.0 13.58132412109375
766.0 27.830928125
767.0 24.2527671875
768.0 22.3670619140625
769.0 24.78030341796875
770.0 22.13961064453125
771.0 18.636787890625
772.0 22.24729013671875
773.0 22.3293224609375
774.0 23.34017060546875
775.0 24.1958876953125
776.0 21.4283099609375
777.0 23.1830751953125
778.0 22.010716796875
779.0 23.4810724609375
780.0 23.93129658203125
781.0 18.8701654296875
782.0 15.42460380859375
783.0 14.32298291015625
784.0 23.2502189453125
785.0 21.73137099609375
786.0 22.85422744140625
787.0 21.96613076171875
788.0 20.64244375
789.0 21.63048916015625
790.0 21.53502265625
791.0 24.15745830078125
792.0 23.71114833984375
793.0 21.23772119140625
794.0 23.38751552734375
795.0 20.9691798828125
796.0 24.47170361328125
797.0 21.05917373046875
798.0 24.2170615234375
799.0 22.05021005859375
