0.0 15.6981384765625
1.0 18.66024130859375
2.0 18.8259279296875
3.0 13.3691478515625
4.0 17.25648359375
5.0 12.55537822265625
6.0 16.9621984375
7.0 21.60922734375
8.0 17.4556462890625
9.0 14.71254169921875
10.0 15.51685947265625
11.0 16.0287189453125
12.0 12.9987478515625
13.0 15.81038994140625
14.0 15.4015716796875
15.0 16.3378796875
16.0 15.87811953125
17.0 15.1226650390625
18.0 11.563483203125
19.0 15.53384921875
20.0 14.97602197265625
21.0 14.36592861328125
22.0 11.50324306640625
23.0 19.96924580078125
24.0 13.40970576171875
25.0 14.68597392578125
26.0 18.41002763671875
27.0 11.599806640625
28.0 11.8102240234375
29.0 14.6656759765625
30.0 15.47864697265625
31.0 10.0726484375
32.0 13.90407666015625
33.0 11.1302271484375
34.0 10.70849716796875
35.0 13.09026259765625
36.0 11.6837390625
37.0 12.88854833984375
38.0 12.43464794921875
39.0 5.750550390625
40.0 10.05902255859375
41.0 16.33915947265625
42.0 15.62308564453125
43.0 16.317481640625
44.0 8.92109111328125
45.0 12.17791044921875
46.0 15.4511513671875
47.0 14.36073486328125
48.0 13.47441513671875
49.0 14.188432421875
50.0 14.0443658203125
51.0 15.62216572265625
52.0 19.0380515625
53.0 14.86291259765625
54.0 20.81165810546875
55.0 14.79855791015625
56.0 13.3117646484375
57.0 15.6074685546875
58.0 16.58885166015625
59.0 14.93647353515625
60.0 13.65572265625
61.0 13.85824208984375
62.0 8.6480611328125
63.0 7.5256666015625
64.0 13.02250341796875
65.0 13.0885892578125
66.0 11.4777859375
67.0 9.42634130859375
68.0 11.11066533203125
69.0 13.40671865234375
70.0 12.59958447265625
71.0 11.2191908203125
72.0 12.5358912109375
73.0 12.5495130859375
74.0 12.86367333984375
75.0 14.82938916015625
76.0 17.41412880859375
77.0 15.36551455078125
78.0 15.0665259765625
79.0 17.4282615234375
80.0 15.993832421875
81.0 15.68637373046875
82.0 13.68268583984375
83.0 15.70136865234375
84.0 15.55654423828125
85.0 14.90604072265625
86.0 16.1873462890625
87.0 15.27170654296875
88.0 13.71882509765625
89.0 14.7927380859375
90.0 15.5880142578125
91.0 7.13370537109375
92.0 28.00255205078125
93.0 16.2358986328125
94.0 12.9584501953125
95.0 9.33567099609375
96.0 12.3033451171875
97.0 11.27917509765625
98.0 9.9511685546875
99.0 11.46058291015625
100.0 11.58636279296875
101.0 11.30685478515625
102.0 11.11547822265625
103.0 11.5619337890625
104.0 10.63411484375
105.0 10.45725048828125
106.0 11.71637294921875
107.0 12.06647333984375
108.0 11.72990029296875
109.0 10.11187919921875
110.0 12.31363154296875
111.0 11.88806474609375
112.0 12.21277412109375
113.0 10.74812177734375
114.0 13.14043076171875
115.0 8.45586572265625
116.0 13.89617509765625
117.0 16.4212630859375
118.0 16.18174326171875
119.0 10.88254052734375
120.0 16.752893359375
121.0 14.7640154296875
122.0 11.5142322265625
123.0 16.82564970703125
124.0 16.76572705078125
125.0 14.63978056640625
126.0 12.8222177734375
127.0 13.26463974609375
128.0 13.89798779296875
129.0 15.1366662109375
130.0 13.39686611328125
131.0 11.26687060546875
132.0 5.91110625
133.0 8.91577783203125
134.0 14.285898828125
135.0 13.63983486328125
136.0 11.62228134765625
137.0 15.8277232421875
138.0 12.1742318359375
139.0 13.17604853515625
140.0 10.5228939453125
141.0 11.390369921875
142.0 11.38894931640625
143.0 10.5699658203125
144.0 11.95221640625
145.0 12.51777841796875
146.0 12.22886376953125
147.0 9.4587892578125
148.0 12.557261328125
149.0 15.682287109375
150.0 11.9107427734375
151.0 14.8907052734375
152.0 12.936058984375
153.0 17.879772265625
154.0 11.65956484375
155.0 18.17552998046875
156.0 17.4728384765625
157.0 11.75062060546875
158.0 13.23292021484375
159.0 15.63490986328125
160.0 11.481504296875
161.0 11.84059072265625
162.0 15.953441796875
163.0 14.0419009765625
164.0 8.6708142578125
165.0 17.1937193359375
166.0 13.50277109375
167.0 13.76256953125
168.0 14.8907373046875
169.0 10.1165169921875
170.0 15.1982125
171.0 18.4223248046875
172.0 12.6123736328125
173.0 16.4433435546875
174.0 6.804871484375
175.0 0.87154541015625
176.0 29.128563671875
177.0 8.6647140625
178.0 12.45049345703125
179.0 10.66994501953125
180.0 11.465471875
181.0 6.654167578125
182.0 14.05222197265625
183.0 12.469069140625
184.0 10.58115341796875
185.0 10.05953974609375
186.0 13.13876748046875
187.0 14.2951939453125
188.0 15.5416234375
189.0 15.314333203125
190.0 11.65456435546875
191.0 12.82115947265625
192.0 14.84540830078125
193.0 14.508920703125
194.0 12.48576005859375
195.0 10.97279345703125
196.0 12.1392232421875
197.0 11.88168701171875
198.0 13.7635052734375
199.0 9.15767626953125
200.0 11.7630390625
201.0 13.20189091796875
202.0 12.778466796875
203.0 15.7592349609375
204.0 13.09503603515625
205.0 14.51926181640625
206.0 15.13285595703125
207.0 14.1340140625
208.0 12.6359986328125
209.0 13.2259345703125
210.0 12.5610068359375
211.0 13.67974501953125
212.0 11.71492587890625
213.0 13.52106201171875
214.0 11.76092099609375
215.0 13.77673271484375
216.0 12.34613388671875
217.0 13.11684072265625
218.0 14.20635
219.0 11.84948173828125
220.0 11.66081806640625
221.0 15.93108681640625
222.0 11.945202734375
223.0 14.034435546875
224.0 11.6122830078125
225.0 7.447435546875
226.0 6.130823046875
227.0 13.98305810546875
228.0 13.20991337890625
229.0 10.441827734375
230.0 12.89823310546875
231.0 10.93696884765625
232.0 12.253909765625
233.0 11.90024072265625
234.0 9.711020703125
235.0 17.190332421875
236.0 13.91752607421875
237.0 12.17783349609375
238.0 12.71673388671875
239.0 11.23375537109375
240.0 15.6894828125
241.0 12.95234794921875
242.0 10.70608173828125
243.0 12.345322265625
244.0 11.2179548828125
245.0 11.5437720703125
246.0 10.88292138671875
247.0 12.9484794921875
248.0 10.77324755859375
249.0 12.65388681640625
250.0 10.96770537109375
251.0 9.7885939453125
252.0 10.77677568359375
253.0 9.84288427734375
254.0 11.42763076171875
255.0 11.4402482421875
256.0 12.55924755859375
257.0 9.8807068359375
258.0 11.5884587890625
259.0 11.30604072265625
260.0 12.30365830078125
261.0 10.216451171875
262.0 9.371566796875
263.0 10.314809375
264.0 10.27708046875
265.0 11.18512978515625
266.0 9.66180888671875
267.0 11.31795478515625
268.0 12.195063671875
269.0 11.25309248046875
270.0 9.5692767578125
271.0 11.00612900390625
272.0 10.88028798828125
273.0 10.7400748046875
274.0 9.00030576171875
275.0 11.75274404296875
276.0 10.504037109375
277.0 10.419600390625
278.0 11.3207599609375
279.0 10.05443662109375
280.0 11.08088935546875
281.0 11.10175
282.0 11.54958349609375
283.0 10.03899150390625
284.0 10.75066767578125
285.0 10.4849509765625
286.0 9.89996640625
287.0 7.4880443359375
288.0 13.48163828125
289.0 8.99237666015625
290.0 10.51872607421875
291.0 10.62126162109375
292.0 11.21089638671875
293.0 11.8069103515625
294.0 8.829715625
295.0 12.15880234375
296.0 11.30702138671875
297.0 10.77616513671875
298.0 10.3178966796875
299.0 10.7097103515625
300.0 9.59431796875
301.0 10.3120095703125
302.0 12.166254296875
303.0 13.88756259765625
304.0 13.77863525390625
305.0 13.1351658203125
306.0 11.37813212890625
307.0 12.29187646484375
308.0 16.62303701171875
309.0 11.988898828125
310.0 13.35735283203125
311.0 8.6838072265625
312.0 10.95151708984375
313.0 15.24259189453125
314.0 11.8512287109375
315.0 12.627979296875
316.0 12.8258908203125
317.0 14.51072060546875
318.0 17.64156923828125
319.0 14.53793525390625
320.0 15.4188220703125
321.0 13.80565341796875
322.0 16.269471875
323.0 16.17518154296875
324.0 12.6173515625
325.0 12.7167123046875
326.0 13.81092509765625
327.0 16.37663583984375
328.0 14.20145068359375
329.0 10.90138662109375
330.0 17.87092119140625
331.0 11.7953251953125
332.0 12.83949189453125
333.0 12.222309375
334.0 14.8916203125
335.0 12.34258447265625
336.0 12.09906015625
337.0 11.417029296875
338.0 10.5741552734375
339.0 17.1210091796875
340.0 20.18125400390625
341.0 19.6892591796875
342.0 15.19081845703125
343.0 18.2064490234375
344.0 12.31753935546875
345.0 11.85709833984375
346.0 17.20831376953125
347.0 15.00518935546875
348.0 22.08419970703125
349.0 16.69256669921875
350.0 18.05450078125
351.0 21.8700046875
352.0 20.1006791015625
353.0 14.99922119140625
354.0 17.5344666015625
355.0 17.86186435546875
356.0 17.30816025390625
357.0 20.5020734375
358.0 14.96413427734375
359.0 17.13913525390625
360.0 17.0622095703125
361.0 14.12273359375
362.0 16.58203857421875
363.0 20.7558708984375
364.0 19.04056494140625
365.0 19.7533671875
366.0 22.0202962890625
367.0 14.9114927734375
368.0 14.8378576171875
369.0 16.27718916015625
370.0 16.27437939453125
371.0 16.4293341796875
372.0 18.91941640625
373.0 14.925122265625
374.0 11.492853125
375.0 19.33385400390625
376.0 17.05608955078125
377.0 16.206165625
378.0 18.0113486328125
379.0 19.2869009765625
380.0 16.41249033203125
381.0 14.16996123046875
382.0 19.19629111328125
383.0 17.93651826171875
384.0 15.65394013671875
385.0 15.314640625
386.0 15.311765234375
387.0 17.31466611328125
388.0 17.07098291015625
389.0 20.19118740234375
390.0 15.55367021484375
391.0 15.654379296875
392.0 12.8710396484375
393.0 11.32704755859375
394.0 13.90056591796875
395.0 16.32385458984375
396.0 14.64325048828125
397.0 17.3056029296875
398.0 22.35836611328125
399.0 19.7913068359375
400.0 19.35271484375
401.0 12.78732216796875
402.0 18.64348310546875
403.0 19.2232103515625
404.0 16.091664453125
405.0 9.80096279296875
406.0 15.76471982421875
407.0 17.311441796875
408.0 14.55599375
409.0 19.07036279296875
410.0 16.0078802734375
411.0 18.1683857421875
412.0 12.57152265625
413.0 16.46924072265625
414.0 15.05440498046875
415.0 13.59499267578125
416.0 16.1948294921875
417.0 16.07918505859375
418.0 16.74489150390625
419.0 16.5679119140625
420.0 18.60732119140625
421.0 19.5923525390625
422.0 17.11405576171875
423.0 19.68403671875
424.0 17.695560546875
425.0 13.788655859375
426.0 14.7988263671875
427.0 21.57057255859375
428.0 16.20297626953125
429.0 23.50246962890625
430.0 15.69410322265625
431.0 17.10868017578125
432.0 17.159655078125
433.0 17.70091005859375
434.0 15.73406708984375
435.0 16.0316974609375
436.0 16.72471103515625
437.0 15.69329794921875
438.0 19.52779892578125
439.0 18.89627138671875
440.0 13.83057412109375
441.0 8.4147708984375
442.0 19.48031728515625
443.0 4.4818095703125
444.0 29.99511767578125
445.0 18.862083203125
446.0 10.98093447265625
447.0 14.88400380859375
448.0 14.9530615234375
449.0 13.9243166015625
450.0 14.32809326171875
451.0 9.90932216796875
452.0 16.24799189453125
453.0 13.73939541015625
454.0 13.109418359375
455.0 15.1524703125
456.0 15.8452212890625
457.0 17.2307736328125
458.0 14.64489970703125
459.0 14.885430078125
460.0 13.43802255859375
461.0 11.9007970703125
462.0 14.90909462890625
463.0 16.065833984375
464.0 14.35823408203125
465.0 13.83467021484375
466.0 14.4661203125
467.0 13.4987306640625
468.0 17.04453759765625
469.0 14.75804296875
470.0 14.4418994140625
471.0 15.57051884765625
472.0 17.08397138671875
473.0 14.476505078125
474.0 12.8166552734375
475.0 15.8261171875
476.0 16.0017529296875
477.0 13.4189107421875
478.0 11.51255634765625
479.0 12.29798203125
480.0 14.31056416015625
481.0 17.29945390625
482.0 16.24092744140625
483.0 16.1240462890625
484.0 16.40947685546875
485.0 18.4296
486.0 14.8189779296875
487.0 18.0180056640625
488.0 17.99232998046875
489.0 12.662166015625
490.0 11.035859765625
491.0 13.02584599609375
492.0 11.0633140625
493.0 11.40088828125
494.0 12.32830068359375
495.0 9.0608123046875
496.0 15.6260537109375
497.0 10.9517375
498.0 12.23432783203125
499.0 14.59503857421875
500.0 10.49820458984375
501.0 6.0009677734375
502.0 10.0981423828125
503.0 12.01176943359375
504.0 10.19500244140625
505.0 12.60441533203125
506.0 12.04128125
507.0 10.76611865234375
508.0 11.6514873046875
509.0 10.66911474609375
510.0 12.759465234375
511.0 12.05357939453125
512.0 14.1053984375
513.0 10.94705263671875
514.0 13.81494150390625
515.0 13.1344373046875
516.0 15.6396158203125
517.0 17.48530673828125
518.0 13.90629423828125
519.0 14.49609189453125
520.0 16.866853125
521.0 18.66178984375
522.0 16.75191328125
523.0 13.87857841796875
524.0 0.0
525.0 0.0
526.0 32.498433984375
527.0 18.6412599609375
528.0 13.49427060546875
529.0 10.1907236328125
530.0 16.1876720703125
531.0 15.79690185546875
532.0 12.63075234375
533.0 14.966504296875
534.0 15.2480662109375
535.0 11.91873916015625
536.0 13.5112845703125
537.0 16.7483828125
538.0 19.0274982421875
539.0 14.354815234375
540.0 13.30400869140625
541.0 9.6280232421875
542.0 15.54303193359375
543.0 16.2105119140625
544.0 17.31121787109375
545.0 12.15095830078125
546.0 13.146475390625
547.0 18.5818900390625
548.0 12.349301953125
549.0 15.74875703125
550.0 12.8501818359375
551.0 10.85627744140625
552.0 17.172899609375
553.0 13.17620810546875
554.0 4.54404755859375
555.0 0.33503466796875
556.0 30.48522119140625
557.0 15.78469765625
558.0 15.58569638671875
559.0 7.84253544921875
560.0 13.7358650390625
561.0 12.4297416015625
562.0 11.3463154296875
563.0 9.27690283203125
564.0 8.508603515625
565.0 18.03822216796875
566.0 16.434374609375
567.0 16.61187333984375
568.0 13.7730244140625
569.0 20.2112517578125
570.0 16.57101962890625
571.0 14.7871703125
572.0 16.80134580078125
573.0 14.1887462890625
574.0 16.35784423828125
575.0 17.551091796875
576.0 14.09010419921875
577.0 15.4971361328125
578.0 16.3757201171875
579.0 14.153176953125
580.0 17.38337041015625
581.0 12.14687333984375
582.0 16.134040234375
583.0 16.3081091796875
584.0 15.77424326171875
585.0 13.5178255859375
586.0 15.65670400390625
587.0 11.94590478515625
588.0 8.432163671875
589.0 15.02490625
590.0 16.56395361328125
591.0 15.58160078125
592.0 15.5864685546875
593.0 15.7681474609375
594.0 14.6326484375
595.0 17.539771875
596.0 17.3399673828125
597.0 13.90805498046875
598.0 15.1901669921875
599.0 16.574444140625
600.0 14.85934052734375
601.0 14.42345380859375
602.0 11.912110546875
603.0 12.63559453125
604.0 11.70133876953125
605.0 12.0634037109375
606.0 10.23886181640625
607.0 11.4089296875
608.0 18.6293955078125
609.0 12.640775
610.0 16.3533232421875
611.0 16.3870263671875
612.0 11.42303837890625
613.0 14.5951818359375
614.0 20.99330693359375
615.0 15.4131865234375
616.0 14.45097529296875
617.0 10.8025279296875
618.0 10.6685193359375
619.0 10.332078125
620.0 10.4303267578125
621.0 11.06785703125
622.0 9.0077384765625
623.0 10.73659140625
624.0 9.7148919921875
625.0 8.81597548828125
626.0 10.2136994140625
627.0 10.48904853515625
628.0 7.73341533203125
629.0 11.6628583984375
630.0 8.61105537109375
631.0 10.35372373046875
632.0 4.79954306640625
633.0 10.795208984375
634.0 10.27907236328125
635.0 9.1014943359375
636.0 9.57236640625
637.0 9.6456982421875
638.0 10.5645486328125
639.0 7.66854580078125
640.0 11.67320673828125
641.0 10.04442177734375
642.0 9.9597892578125
643.0 10.329683203125
644.0 10.41154609375
645.0 10.28404404296875
646.0 11.731959765625
647.0 10.73051728515625
648.0 11.87159365234375
649.0 11.98612548828125
650.0 10.71277626953125
651.0 9.02254296875
652.0 11.13515439453125
653.0 10.5315294921875
654.0 9.2414578125
655.0 10.88017158203125
656.0 9.666240625
657.0 10.22571884765625
658.0 11.6396802734375
659.0 12.95753369140625
660.0 10.5798185546875
661.0 10.5994162109375
662.0 9.656632421875
663.0 5.1343982421875
664.0 12.42475419921875
665.0 11.64734345703125
666.0 13.5066287109375
667.0 10.8918087890625
668.0 9.9526587890625
669.0 10.35826787109375
670.0 11.26197958984375
671.0 10.4701529296875
672.0 12.0773818359375
673.0 12.51641962890625
674.0 11.59542646484375
675.0 11.22752236328125
676.0 14.299249609375
677.0 12.37803359375
678.0 18.05024306640625
679.0 11.20857333984375
680.0 13.28113544921875
681.0 17.4411125
682.0 14.25397890625
683.0 12.15672373046875
684.0 12.4027412109375
685.0 11.0919431640625
686.0 9.4086359375
687.0 10.41165908203125
688.0 13.5053021484375
689.0 11.60997138671875
690.0 12.75272578125
691.0 11.88138896484375
692.0 12.97717197265625
693.0 14.45994716796875
694.0 12.98630615234375
695.0 14.3302943359375
696.0 16.6109939453125
697.0 16.76284755859375
698.0 17.8082724609375
699.0 10.6112423828125
700.0 11.52589248046875
701.0 12.8674265625
702.0 12.4515865234375
703.0 15.19082041015625
704.0 12.68466728515625
705.0 16.92253701171875
706.0 13.1023189453125
707.0 15.09813515625
708.0 13.2348712890625
709.0 22.43678837890625
710.0 15.8734341796875
711.0 16.4698576171875
712.0 17.57606220703125
713.0 20.43094853515625
714.0 19.8525931640625
715.0 16.55058310546875
716.0 17.217393359375
717.0 18.4987486328125
718.0 17.3786150390625
719.0 18.35064267578125
720.0 18.7090396484375
721.0 17.21442646484375
722.0 15.52233212890625
723.0 17.868428125
724.0 12.6914763671875
725.0 20.97028369140625
726.0 17.04386845703125
727.0 16.1521169921875
728.0 19.23569755859375
729.0 15.06675693359375
730.0 12.68069716796875
731.0 13.46416630859375
732.0 16.1944431640625
733.0 17.139141015625
734.0 16.9965017578125
735.0 18.74006181640625
736.0 19.5539259765625
737.0 15.09663232421875
738.0 15.80265517578125
739.0 16.4243916015625
740.0 12.81456826171875
741.0 11.69977275390625
742.0 12.94436806640625
743.0 14.79427353515625
744.0 13.65266787109375
745.0 14.46325615234375
746.0 16.2140337890625
747.0 9.6265283203125
748.0 12.25022578125
749.0 11.35447880859375
750.0 10.77820546875
751.0 10.5639337890625
752.0 12.89244990234375
753.0 10.32028701171875
754.0 12.17260537109375
755.0 9.6449849609375
756.0 8.5626767578125
757.0 10.83340927734375
758.0 14.37979384765625
759.0 1.3674853515625
760.0 24.82475048828125
761.0 14.2396123046875
762.0 14.0790052734375
763.0 12.07513388671875
764.0 14.152771875
765.0 17.72416416015625
766.0 19.1058818359375
767.0 19.8590560546875
768.0 16.57333486328125
769.0 15.43268798828125
770.0 16.2076798828125
771.0 16.43405595703125
772.0 15.6010875
773.0 16.6613421875
774.0 13.92779482421875
775.0 13.13195341796875
776.0 14.913328515625
777.0 16.65183359375
778.0 15.12857412109375
779.0 15.14127685546875
780.0 15.17027626953125
781.0 14.72433125
782.0 18.05492666015625
783.0 19.88282578125
784.0 18.214566796875
785.0 12.4271126953125
786.0 15.5398421875
787.0 11.35265361328125
788.0 12.46934111328125
789.0 3.367972265625
790.0 22.326203125
791.0 11.52438212890625
792.0 11.02919755859375
793.0 9.995217578125
794.0 15.71366416015625
795.0 17.1334412109375
796.0 15.5112517578125
797.0 10.6625673828125
798.0 14.30964599609375
799.0 14.32212646484375
