0.0 25.02288994140625
1.0 23.68876669921875
2.0 19.22836943359375
3.0 24.1828873046875
4.0 28.11317548828125
5.0 24.3013412109375
6.0 26.16699482421875
7.0 26.0721845703125
8.0 18.273761328125
9.0 27.5159533203125
10.0 24.768922265625
11.0 24.77717763671875
12.0 23.77074697265625
13.0 19.8798224609375
14.0 20.1585447265625
15.0 23.91289853515625
16.0 27.4629189453125
17.0 22.6829939453125
18.0 23.0704490234375
19.0 23.1045484375
20.0 27.72292421875
21.0 24.14889462890625
22.0 23.47379052734375
23.0 26.5695408203125
24.0 21.30075263671875
25.0 18.4862041015625
26.0 16.25983544921875
27.0 26.672752734375
28.0 23.535440234375
29.0 23.2550880859375
30.0 24.76338125
31.0 21.88302529296875
32.0 20.9755763671875
33.0 22.092824609375
34.0 19.71582294921875
35.0 23.6263140625
36.0 22.34588642578125
37.0 23.4156357421875
38.0 21.357782421875
39.0 22.37713056640625
40.0 22.17197158203125
41.0 22.2745599609375
42.0 24.37957978515625
43.0 7.44950234375
44.0 38.53832080078125
45.0 18.0261943359375
46.0 25.66330107421875
47.0 18.88470810546875
48.0 19.93293203125
49.0 18.719393359375
50.0 11.69991904296875
51.0 18.34587421875
52.0 20.69210693359375
53.0 22.6462658203125
54.0 22.65219248046875
55.0 24.8438068359375
56.0 26.41209541015625
57.0 26.97722490234375
58.0 22.9036025390625
59.0 21.6752076171875
60.0 19.917956640625
61.0 19.782685546875
62.0 21.32555849609375
63.0 18.57765849609375
64.0 18.62818701171875
65.0 19.3106001953125
66.0 26.76548291015625
67.0 21.800306640625
68.0 14.939409765625
69.0 20.83263271484375
70.0 20.82145537109375
71.0 21.29094443359375
72.0 19.11283818359375
73.0 22.2089349609375
74.0 15.69406650390625
75.0 23.81302138671875
76.0 17.61601728515625
77.0 23.06659384765625
78.0 20.5766541015625
79.0 17.76020009765625
80.0 22.648575
81.0 21.69064462890625
82.0 23.4215994140625
83.0 21.72622939453125
84.0 27.022755859375
85.0 21.5941697265625
86.0 23.21832138671875
87.0 24.3147099609375
88.0 27.24777041015625
89.0 20.8292369140625
90.0 22.6979150390625
91.0 27.5034947265625
92.0 22.22246767578125
93.0 20.47445361328125
94.0 24.57311826171875
95.0 21.88102529296875
96.0 18.80400849609375
97.0 20.1560845703125
98.0 21.34666435546875
99.0 20.43682490234375
100.0 23.60691240234375
101.0 19.50550673828125
102.0 24.7427513671875
103.0 20.94881337890625
104.0 22.47306748046875
105.0 20.421959375
106.0 16.86320302734375
107.0 25.27432021484375
108.0 19.954982421875
109.0 25.2277130859375
110.0 20.9575244140625
111.0 21.92687421875
112.0 26.3624931640625
113.0 22.85471689453125
114.0 17.72191796875
115.0 23.504698828125
116.0 25.22438369140625
117.0 18.34690693359375
118.0 24.65333798828125
119.0 20.8107548828125
120.0 16.85692958984375
121.0 25.5985640625
122.0 18.82597080078125
123.0 23.800394921875
124.0 21.8548365234375
125.0 18.7903873046875
126.0 24.97236669921875
127.0 20.815916796875
128.0 23.52019609375
129.0 18.18250927734375
130.0 25.8331537109375
131.0 25.1991630859375
132.0 22.815774609375
133.0 25.7235521484375
134.0 23.49602119140625
135.0 25.4286236328125
136.0 23.63150634765625
137.0 23.09682744140625
138.0 23.4990318359375
139.0 25.12183818359375
140.0 26.4755677734375
141.0 18.392928125
142.0 24.98026171875
143.0 23.10121943359375
144.0 30.20053994140625
145.0 22.62471455078125
146.0 29.5049359375
147.0 24.02642880859375
148.0 25.943379296875
149.0 25.3069791015625
150.0 24.715835546875
151.0 25.14122587890625
152.0 27.22802412109375
153.0 20.54147802734375
154.0 21.4044505859375
155.0 26.525322265625
156.0 22.88865458984375
157.0 25.67077041015625
158.0 23.31945703125
159.0 26.13677998046875
160.0 22.70509794921875
161.0 19.52189404296875
162.0 25.83201650390625
163.0 22.47081875
164.0 24.9371125
165.0 22.3825708984375
166.0 23.7341953125
167.0 24.18225390625
168.0 24.036425390625
169.0 26.39875576171875
170.0 24.2366326171875
171.0 26.9359349609375
172.0 23.13743310546875
173.0 23.7228865234375
174.0 24.6420150390625
175.0 26.069187890625
176.0 22.94564638671875
177.0 28.32645166015625
178.0 26.16671826171875
179.0 21.53481298828125
180.0 24.7703822265625
181.0 21.80449580078125
182.0 19.47005810546875
183.0 21.22787548828125
184.0 26.32634267578125
185.0 26.24365009765625
186.0 22.8157029296875
187.0 19.36123359375
188.0 19.1471990234375
189.0 20.3955025390625
190.0 20.42328037109375
191.0 16.38204111328125
192.0 15.9741396484375
193.0 15.0709275390625
194.0 15.7951318359375
195.0 15.189885546875
196.0 23.21191455078125
197.0 20.9349025390625
198.0 19.9018501953125
199.0 15.89083935546875
200.0 17.65808447265625
201.0 21.28106728515625
202.0 18.9457017578125
203.0 20.76371884765625
204.0 19.56313974609375
205.0 18.542374609375
206.0 21.0147369140625
207.0 17.7905943359375
208.0 18.87043505859375
209.0 23.80140302734375
210.0 14.2942158203125
211.0 19.5102130859375
212.0 24.829266015625
213.0 21.85647900390625
214.0 24.08891142578125
215.0 20.560694140625
216.0 21.5165193359375
217.0 25.3841810546875
218.0 11.032286328125
219.0 11.6630599609375
220.0 12.4119927734375
221.0 17.96761171875
222.0 17.8208541015625
223.0 20.72267861328125
224.0 21.28861171875
225.0 26.0569859375
226.0 20.86609560546875
227.0 23.2642080078125
228.0 21.39993603515625
229.0 21.390807421875
230.0 23.7544681640625
231.0 21.752099609375
232.0 25.9095701171875
233.0 24.84905654296875
234.0 25.49336142578125
235.0 23.56048896484375
236.0 19.63059736328125
237.0 19.51629208984375
238.0 20.450325390625
239.0 21.40671103515625
240.0 23.3016771484375
241.0 22.51271455078125
242.0 20.23010068359375
243.0 21.96375966796875
244.0 24.29119951171875
245.0 19.435457421875
246.0 23.7968107421875
247.0 21.9588603515625
248.0 21.88885498046875
249.0 17.45085966796875
250.0 18.09399091796875
251.0 19.52584248046875
252.0 24.03622490234375
253.0 25.1520490234375
254.0 21.57771015625
255.0 23.843364453125
256.0 18.75736748046875
257.0 21.99491865234375
258.0 22.763154296875
259.0 19.28176748046875
260.0 20.606370703125
261.0 20.94590615234375
262.0 14.01108271484375
263.0 22.39323896484375
264.0 25.27478388671875
265.0 21.89324013671875
266.0 24.43553017578125
267.0 21.852737890625
268.0 18.62891005859375
269.0 22.9358087890625
270.0 19.58581669921875
271.0 23.36434658203125
272.0 21.451751953125
273.0 18.86709404296875
274.0 23.554385546875
275.0 17.10081689453125
276.0 15.7878921875
277.0 22.16910263671875
278.0 22.68326171875
279.0 18.9497439453125
280.0 20.15842783203125
281.0 19.3198708984375
282.0 20.44502568359375
283.0 15.80511767578125
284.0 24.105001953125
285.0 20.142778515625
286.0 20.298026953125
287.0 21.5265373046875
288.0 21.37594267578125
289.0 17.42996787109375
290.0 22.87266865234375
291.0 21.8461974609375
292.0 24.40858369140625
293.0 23.9297865234375
294.0 21.5596146484375
295.0 17.28981044921875
296.0 26.058994921875
297.0 23.6151900390625
298.0 23.67179013671875
299.0 19.70403740234375
300.0 22.31924609375
301.0 24.0115404296875
302.0 19.2057732421875
303.0 15.03193154296875
304.0 18.7501181640625
305.0 18.053228515625
306.0 16.396812109375
307.0 18.24694912109375
308.0 18.26785
309.0 15.18035205078125
310.0 23.1699802734375
311.0 14.89058896484375
312.0 16.70470048828125
313.0 18.7064671875
314.0 21.22424130859375
315.0 21.87410966796875
316.0 16.30823916015625
317.0 22.34132646484375
318.0 21.5524615234375
319.0 24.2856197265625
320.0 21.79288623046875
321.0 19.800787109375
322.0 22.520337109375
323.0 23.0292458984375
324.0 21.6128595703125
325.0 23.7378904296875
326.0 17.7172580078125
327.0 24.28741259765625
328.0 24.51131611328125
329.0 22.8818765625
330.0 21.72234873046875
331.0 21.49256611328125
332.0 20.02832060546875
333.0 22.94769208984375
334.0 22.7676064453125
335.0 24.43190712890625
336.0 20.66265615234375
337.0 27.43002529296875
338.0 23.455392578125
339.0 21.75365673828125
340.0 21.27353359375
341.0 21.5389728515625
342.0 24.4957353515625
343.0 24.0734724609375
344.0 18.52871640625
345.0 25.01477353515625
346.0 23.77165751953125
347.0 20.28495888671875
348.0 24.43710751953125
349.0 22.0742009765625
350.0 23.03945908203125
351.0 22.537557421875
352.0 24.4456451171875
353.0 22.7156412109375
354.0 22.4753673828125
355.0 22.77074912109375
356.0 21.884188671875
357.0 20.49167109375
358.0 27.69131435546875
359.0 25.58761376953125
360.0 22.5070625
361.0 23.20879404296875
362.0 20.63614609375
363.0 25.0865099609375
364.0 23.55542919921875
365.0 25.2824072265625
366.0 23.4316048828125
367.0 16.87332841796875
368.0 27.78205986328125
369.0 24.1466859375
370.0 23.774382421875
371.0 25.1767013671875
372.0 20.3457837890625
373.0 25.38804130859375
374.0 19.87409169921875
375.0 22.1877873046875
376.0 22.3976296875
377.0 19.35571806640625
378.0 23.13586171875
379.0 22.7017369140625
380.0 26.93277275390625
381.0 24.8452041015625
382.0 24.56326640625
383.0 20.9691189453125
384.0 25.4109078125
385.0 16.96051044921875
386.0 24.70429453125
387.0 22.7773466796875
388.0 21.25351240234375
389.0 22.44876328125
390.0 21.84840048828125
391.0 19.970164453125
392.0 20.4811580078125
393.0 16.811033984375
394.0 25.96279736328125
395.0 25.2207826171875
396.0 20.71592900390625
397.0 18.6748232421875
398.0 22.8779748046875
399.0 25.522900390625
400.0 26.11057587890625
401.0 25.88579541015625
402.0 21.12103720703125
403.0 26.53055947265625
404.0 24.838097265625
405.0 26.0026421875
406.0 18.63694541015625
407.0 21.1741603515625
408.0 25.65883447265625
409.0 22.393085546875
410.0 26.77376328125
411.0 25.08199384765625
412.0 26.3584373046875
413.0 23.01264521484375
414.0 18.98626181640625
415.0 24.8030619140625
416.0 19.6786423828125
417.0 23.12199775390625
418.0 17.650202734375
419.0 19.70103623046875
420.0 17.80496337890625
421.0 22.01290546875
422.0 17.96883466796875
423.0 19.01539619140625
424.0 23.65699189453125
425.0 22.46897646484375
426.0 22.84139873046875
427.0 22.95429912109375
428.0 23.82620791015625
429.0 23.26666513671875
430.0 26.3524306640625
431.0 23.8786080078125
432.0 19.636075
433.0 25.531341015625
434.0 24.4863306640625
435.0 25.4657576171875
436.0 18.1758337890625
437.0 21.7300783203125
438.0 18.079408984375
439.0 22.842961328125
440.0 27.13924345703125
441.0 26.9094767578125
442.0 23.06791748046875
443.0 23.48100673828125
444.0 20.58668505859375
445.0 20.8371662109375
446.0 14.6276392578125
447.0 27.25530322265625
448.0 19.43495263671875
449.0 22.23979052734375
450.0 21.914909765625
451.0 16.387964453125
452.0 17.3085064453125
453.0 24.79463427734375
454.0 20.428917578125
455.0 22.83303095703125
456.0 17.32892099609375
457.0 22.2630169921875
458.0 24.05880419921875
459.0 20.08339140625
460.0 21.87037607421875
461.0 24.18169287109375
462.0 17.90470595703125
463.0 14.5522
464.0 14.1365123046875
465.0 12.7059974609375
466.0 14.30635888671875
467.0 19.46084326171875
468.0 20.702797265625
469.0 20.8043826171875
470.0 16.827251953125
471.0 17.9395166015625
472.0 25.304969921875
473.0 22.68523349609375
474.0 14.76632841796875
475.0 28.382437109375
476.0 23.31280078125
477.0 25.9182068359375
478.0 27.28448662109375
479.0 21.0884853515625
480.0 21.0661271484375
481.0 19.4322234375
482.0 21.42911806640625
483.0 21.041714453125
484.0 19.23001689453125
485.0 22.188773828125
486.0 21.5569890625
487.0 14.5816935546875
488.0 0.8624046875
489.0 34.7996845703125
490.0 18.65393408203125
491.0 21.58150078125
492.0 24.38609599609375
493.0 22.04012958984375
494.0 20.00164814453125
495.0 23.12730283203125
496.0 22.0098220703125
497.0 23.794413671875
498.0 18.69760361328125
499.0 14.252065625
500.0 16.4621546875
501.0 13.10873779296875
502.0 16.54109443359375
503.0 16.15787255859375
504.0 16.38006171875
505.0 19.122640625
506.0 21.53843837890625
507.0 19.55259501953125
508.0 20.3500734375
509.0 14.83000849609375
510.0 18.66538486328125
511.0 20.54331435546875
512.0 21.29066318359375
513.0 22.036759765625
514.0 18.46451025390625
515.0 24.03812919921875
516.0 25.36594443359375
517.0 19.7305765625
518.0 18.50858837890625
519.0 21.64883974609375
520.0 25.11609755859375
521.0 25.3907931640625
522.0 22.670637890625
523.0 25.430127734375
524.0 22.761433203125
525.0 25.868026171875
526.0 20.70789365234375
527.0 24.44718759765625
528.0 25.2292275390625
529.0 19.49704208984375
530.0 27.4200720703125
531.0 22.69460380859375
532.0 27.149005078125
533.0 18.936632421875
534.0 14.72049072265625
535.0 22.77475380859375
536.0 19.34169453125
537.0 18.37781455078125
538.0 19.28520615234375
539.0 25.545260546875
540.0 22.21554462890625
541.0 26.72764189453125
542.0 22.80707626953125
543.0 23.5066244140625
544.0 21.57314609375
545.0 22.88101787109375
546.0 25.22437177734375
547.0 22.5563380859375
548.0 12.36070849609375
549.0 17.0856671875
550.0 22.89880234375
551.0 19.2659166015625
552.0 20.86269990234375
553.0 21.08243720703125
554.0 20.39321298828125
555.0 22.88053076171875
556.0 18.86335458984375
557.0 22.41753125
558.0 19.7046890625
559.0 20.79945107421875
560.0 19.80689443359375
561.0 18.6234142578125
562.0 23.55110107421875
563.0 21.357329296875
564.0 20.42588046875
565.0 20.7913201171875
566.0 16.77075439453125
567.0 17.29713896484375
568.0 17.37739111328125
569.0 17.90985126953125
570.0 15.7617005859375
571.0 17.0169115234375
572.0 20.21377685546875
573.0 19.3484728515625
574.0 22.832680859375
575.0 22.25765234375
576.0 22.252129296875
577.0 18.218094921875
578.0 21.1011099609375
579.0 17.239425
580.0 18.3346455078125
581.0 21.73492607421875
582.0 21.46068994140625
583.0 13.4943484375
584.0 16.84323037109375
585.0 22.5180544921875
586.0 17.27202841796875
587.0 23.45643662109375
588.0 23.5137328125
589.0 23.0866865234375
590.0 17.5228947265625
591.0 17.9517439453125
592.0 25.80112099609375
593.0 19.36179951171875
594.0 20.6011826171875
595.0 22.7415140625
596.0 21.65410810546875
597.0 21.023476171875
598.0 17.166597265625
599.0 17.5847037109375
600.0 14.4136384765625
601.0 16.24811337890625
602.0 17.67010732421875
603.0 20.6590998046875
604.0 22.48182255859375
605.0 24.771876171875
606.0 22.751668359375
607.0 24.9007935546875
608.0 26.772845703125
609.0 5.30555537109375
610.0 37.29197216796875
611.0 22.2992595703125
612.0 24.4386357421875
613.0 21.0999087890625
614.0 21.04376591796875
615.0 23.1149169921875
616.0 15.5139025390625
617.0 34.27222646484375
618.0 18.91199296875
619.0 23.525249609375
620.0 21.0788740234375
621.0 22.53226396484375
622.0 23.5521169921875
623.0 18.338871484375
624.0 24.5498001953125
625.0 17.89329765625
626.0 29.3539365234375
627.0 22.65276259765625
628.0 25.5575587890625
629.0 21.76717353515625
630.0 20.80802353515625
631.0 25.6707779296875
632.0 19.26595546875
633.0 24.5167712890625
634.0 21.20890888671875
635.0 23.548734375
636.0 27.64101796875
637.0 24.72657861328125
638.0 25.864222265625
639.0 21.2417279296875
640.0 23.50461416015625
641.0 17.69328642578125
642.0 20.9633498046875
643.0 25.84274619140625
644.0 19.9182447265625
645.0 24.82127216796875
646.0 23.50286943359375
647.0 23.83956455078125
648.0 21.274115234375
649.0 25.86117490234375
650.0 21.81945
651.0 21.08022158203125
652.0 23.963740234375
653.0 23.12244951171875
654.0 24.440371484375
655.0 25.61798916015625
656.0 18.33542529296875
657.0 23.7008234375
658.0 23.1663251953125
659.0 5.6771123046875
660.0 35.07980634765625
661.0 19.477128515625
662.0 26.18348798828125
663.0 20.732444921875
664.0 24.93430859375
665.0 22.72245478515625
666.0 25.07569580078125
667.0 25.01579814453125
668.0 22.29757275390625
669.0 24.8721958984375
670.0 23.3393630859375
671.0 23.9533603515625
672.0 21.824484375
673.0 22.22998544921875
674.0 22.22706484375
675.0 19.93473466796875
676.0 26.2215931640625
677.0 25.5807521484375
678.0 25.56535361328125
679.0 21.89506201171875
680.0 23.80281630859375
681.0 20.5858984375
682.0 23.7770470703125
683.0 23.95291220703125
684.0 23.2090103515625
685.0 28.3110232421875
686.0 15.05399814453125
687.0 23.35253037109375
688.0 24.500405078125
689.0 22.9742912109375
690.0 25.7013599609375
691.0 20.947405078125
692.0 23.896729296875
693.0 22.4846599609375
694.0 24.500462890625
695.0 24.6534955078125
696.0 17.7542095703125
697.0 22.60455478515625
698.0 24.180491796875
699.0 24.490074609375
700.0 18.5744533203125
701.0 20.7596078125
702.0 23.26155126953125
703.0 21.6009041015625
704.0 23.74916005859375
705.0 22.88593671875
706.0 19.5322125
707.0 23.84791259765625
708.0 20.9611234375
709.0 23.0900216796875
710.0 21.12869580078125
711.0 23.005624609375
712.0 20.627126171875
713.0 19.28111083984375
714.0 18.69108818359375
715.0 23.067896484375
716.0 23.30175390625
717.0 24.91901865234375
718.0 22.189290625
719.0 23.06009169921875
720.0 19.62119404296875
721.0 21.0588701171875
722.0 22.003796484375
723.0 22.77719765625
724.0 18.42863232421875
725.0 21.9774810546875
726.0 20.7384443359375
727.0 23.63371025390625
728.0 22.227604296875
729.0 25.041085546875
730.0 23.0447482421875
731.0 23.78897919921875
732.0 17.316794921875
733.0 24.6040373046875
734.0 25.697521875
735.0 19.73004365234375
736.0 25.664233984375
737.0 20.82812724609375
738.0 24.943616015625
739.0 21.6484236328125
740.0 24.649389453125
741.0 24.9767341796875
742.0 21.18007197265625
743.0 23.4323986328125
744.0 22.0800541015625
745.0 24.34654462890625
746.0 20.3070794921875
747.0 20.804831640625
748.0 26.05424775390625
749.0 23.29350107421875
750.0 22.63465625
751.0 25.40408095703125
752.0 19.050188671875
753.0 23.5526083984375
754.0 21.518905859375
755.0 22.41394892578125
756.0 25.5717
757.0 25.37522939453125
758.0 25.16918203125
759.0 23.73604638671875
760.0 23.09108779296875
761.0 20.2089322265625
762.0 25.83377841796875
763.0 25.35700107421875
764.0 21.9911501953125
765.0 21.4155990234375
766.0 18.198604296875
767.0 17.337726171875
768.0 22.1088302734375
769.0 22.477727734375
770.0 25.7002431640625
771.0 23.0137146484375
772.0 20.87675078125
773.0 21.67992392578125
774.0 12.57495263671875
775.0 15.49733095703125
776.0 18.7906505859375
777.0 16.54565361328125
778.0 24.769019140625
779.0 20.347437890625
780.0 22.17271494140625
781.0 17.57356533203125
782.0 11.03234814453125
783.0 13.78482509765625
784.0 29.0182841796875
785.0 20.44536533203125
786.0 22.32149345703125
787.0 20.053608984375
788.0 19.26558798828125
789.0 14.37474482421875
790.0 21.0806578125
791.0 24.16977138671875
792.0 25.40368740234375
793.0 23.9800873046875
794.0 24.030769921875
795.0 15.277795703125
796.0 24.55509228515625
797.0 25.44762431640625
798.0 19.47084541015625
799.0 21.196298828125
