0.0 21.973075
1.0 20.461525
2.0 20.5039623046875
3.0 19.075541015625
4.0 22.3559958984375
5.0 19.83951220703125
6.0 20.5153107421875
7.0 21.76564326171875
8.0 20.16458212890625
9.0 12.7611400390625
10.0 29.33186787109375
11.0 21.92679716796875
12.0 21.1019423828125
13.0 21.8228998046875
14.0 19.93268779296875
15.0 20.3879275390625
16.0 22.51479208984375
17.0 20.7937396484375
18.0 22.386716015625
19.0 22.9482119140625
20.0 18.2334771484375
21.0 22.9942455078125
22.0 21.7683943359375
23.0 18.9782013671875
24.0 20.41482392578125
25.0 17.5705068359375
26.0 23.19208447265625
27.0 20.2074486328125
28.0 22.56218251953125
29.0 23.257067578125
30.0 21.34429814453125
31.0 23.53395048828125
32.0 20.02812412109375
33.0 25.2463263671875
34.0 23.81066279296875
35.0 19.76270322265625
36.0 24.20873408203125
37.0 21.28729716796875
38.0 21.9894970703125
39.0 22.88400732421875
40.0 22.4642240234375
41.0 22.05729443359375
42.0 21.23422607421875
43.0 24.07347900390625
44.0 18.902416796875
45.0 20.81346376953125
46.0 23.88088896484375
47.0 19.4771177734375
48.0 22.60117509765625
49.0 20.43619208984375
50.0 21.0482283203125
51.0 23.57522578125
52.0 21.607603125
53.0 21.64220654296875
54.0 17.08181025390625
55.0 20.97515078125
56.0 18.68867578125
57.0 21.500129296875
58.0 20.93284501953125
59.0 20.81714677734375
60.0 18.44646416015625
61.0 19.37656650390625
62.0 21.4620548828125
63.0 16.78484306640625
64.0 15.97079765625
65.0 21.86483447265625
66.0 16.36993740234375
67.0 17.657177734375
68.0 18.70573056640625
69.0 19.6286234375
70.0 19.5176958984375
71.0 23.298647265625
72.0 20.175384765625
73.0 17.4372052734375
74.0 18.57878642578125
75.0 21.08680595703125
76.0 19.8097041015625
77.0 12.9074234375
78.0 22.80584228515625
79.0 24.49716328125
80.0 28.24293349609375
81.0 25.29321298828125
82.0 27.72425244140625
83.0 26.0774984375
84.0 21.3938875
85.0 12.5368841796875
86.0 22.69397568359375
87.0 21.1144263671875
88.0 21.45151259765625
89.0 20.77408818359375
90.0 22.80025771484375
91.0 19.516233984375
92.0 20.57119052734375
93.0 21.882803125
94.0 19.94854853515625
95.0 23.0006447265625
96.0 17.57041318359375
97.0 20.16887978515625
98.0 20.42772841796875
99.0 19.4744224609375
100.0 21.1326259765625
101.0 20.0684115234375
102.0 16.95202373046875
103.0 13.96892265625
104.0 12.47920693359375
105.0 20.05769970703125
106.0 17.27471669921875
107.0 19.34868134765625
108.0 18.06439541015625
109.0 15.3858298828125
110.0 15.4090935546875
111.0 17.872101953125
112.0 15.3235603515625
113.0 17.26843037109375
114.0 15.5969994140625
115.0 14.979180078125
116.0 17.84343310546875
117.0 16.71640859375
118.0 15.48061943359375
119.0 18.07505263671875
120.0 16.876418359375
121.0 21.492183203125
122.0 18.948139453125
123.0 20.5909431640625
124.0 20.76104091796875
125.0 20.73602451171875
126.0 19.82076171875
127.0 19.5777892578125
128.0 14.81446728515625
129.0 26.7889716796875
130.0 17.78708330078125
131.0 19.84055185546875
132.0 21.6047771484375
133.0 18.81344140625
134.0 22.28675244140625
135.0 18.5237357421875
136.0 15.62486494140625
137.0 19.6839373046875
138.0 19.3476072265625
139.0 16.5794154296875
140.0 21.538610546875
141.0 20.95289599609375
142.0 20.8529205078125
143.0 18.6100900390625
144.0 20.39611484375
145.0 17.76508759765625
146.0 16.0811859375
147.0 19.04046220703125
148.0 15.08673662109375
149.0 23.61258857421875
150.0 20.4261384765625
151.0 21.8164603515625
152.0 21.00977353515625
153.0 6.9915162109375
154.0 20.9442666015625
155.0 16.0003462890625
156.0 15.61748017578125
157.0 22.64963935546875
158.0 18.60005283203125
159.0 22.11391337890625
160.0 19.82847236328125
161.0 6.36275703125
162.0 26.40676396484375
163.0 16.5146080078125
164.0 21.405612890625
165.0 23.49086435546875
166.0 19.67749111328125
167.0 22.4894662109375
168.0 19.8120125
169.0 18.656125390625
170.0 22.81106455078125
171.0 19.6955962890625
172.0 22.1999259765625
173.0 22.16709345703125
174.0 18.83693291015625
175.0 20.34570966796875
176.0 20.98287421875
177.0 19.18291025390625
178.0 17.95244677734375
179.0 22.54181572265625
180.0 13.49879091796875
181.0 16.6201478515625
182.0 18.11905830078125
183.0 20.2678263671875
184.0 19.717728515625
185.0 14.85785927734375
186.0 4.47558056640625
187.0 35.71865869140625
188.0 21.97147099609375
189.0 15.67660546875
190.0 25.527737890625
191.0 23.190944921875
192.0 16.01756328125
193.0 18.505516015625
194.0 20.31915517578125
195.0 21.265059375
196.0 19.48743662109375
197.0 17.65999033203125
198.0 22.76240009765625
199.0 19.01636845703125
200.0 21.12717841796875
201.0 19.9888607421875
202.0 19.348101171875
203.0 16.27800029296875
204.0 15.5787615234375
205.0 17.72859716796875
206.0 20.283053125
207.0 19.20990234375
208.0 17.84159912109375
209.0 22.50005087890625
210.0 20.39826884765625
211.0 19.10631669921875
212.0 19.69836416015625
213.0 20.3574640625
214.0 22.650868359375
215.0 22.75917841796875
216.0 20.32356611328125
217.0 22.2293794921875
218.0 23.34388955078125
219.0 20.28751455078125
220.0 19.249269140625
221.0 21.95262587890625
222.0 19.56070751953125
223.0 18.0538107421875
224.0 25.5924037109375
225.0 21.47731123046875
226.0 20.844770703125
227.0 16.53521279296875
228.0 22.5010125
229.0 23.18978759765625
230.0 19.2442845703125
231.0 16.03895888671875
232.0 18.12276337890625
233.0 20.6957048828125
234.0 18.38587529296875
235.0 19.85912490234375
236.0 23.6505111328125
237.0 19.30490810546875
238.0 22.48373291015625
239.0 20.34375234375
240.0 24.08690146484375
241.0 21.75946962890625
242.0 19.69850224609375
243.0 21.84316171875
244.0 19.0158619140625
245.0 23.059646875
246.0 22.46960517578125
247.0 20.67287099609375
248.0 22.96141328125
249.0 20.8196126953125
250.0 21.9477248046875
251.0 23.2953603515625
252.0 21.52836298828125
253.0 23.27668330078125
254.0 22.2967970703125
255.0 23.44049091796875
256.0 16.8199701171875
257.0 25.6364970703125
258.0 23.02753115234375
259.0 22.1754396484375
260.0 23.65861845703125
261.0 19.21947138671875
262.0 25.433618359375
263.0 24.1004724609375
264.0 20.136636328125
265.0 12.9040291015625
266.0 14.194494921875
267.0 19.49367265625
268.0 17.3775111328125
269.0 31.17656337890625
270.0 21.0805330078125
271.0 24.1117837890625
272.0 21.54905849609375
273.0 23.45376357421875
274.0 20.94254140625
275.0 18.3390892578125
276.0 20.32241630859375
277.0 15.733459375
278.0 13.58093505859375
279.0 15.55673408203125
280.0 17.707747265625
281.0 16.2874318359375
282.0 19.84545986328125
283.0 16.6553626953125
284.0 21.976101171875
285.0 22.00189951171875
286.0 18.752833984375
287.0 19.299768359375
288.0 20.9149361328125
289.0 23.8252875
290.0 24.4987708984375
291.0 21.87549072265625
292.0 22.30539716796875
293.0 21.4752396484375
294.0 22.4846814453125
295.0 21.92703193359375
296.0 23.79549765625
297.0 21.37269638671875
298.0 23.96779404296875
299.0 21.63505595703125
300.0 21.1248431640625
301.0 19.44699462890625
302.0 24.91360048828125
303.0 24.26404462890625
304.0 21.037869140625
305.0 20.24959716796875
306.0 20.26800302734375
307.0 19.4777228515625
308.0 22.1139794921875
309.0 21.62556025390625
310.0 21.23089287109375
311.0 19.7899115234375
312.0 23.042198046875
313.0 19.73101005859375
314.0 23.90477646484375
315.0 18.30232861328125
316.0 19.79399970703125
317.0 18.7039146484375
318.0 19.05230390625
319.0 19.599968359375
320.0 19.3787544921875
321.0 15.71422265625
322.0 21.11829453125
323.0 15.99485625
324.0 18.5434990234375
325.0 15.73483828125
326.0 0.0
327.0 0.0
328.0 35.586990625
329.0 16.65866357421875
330.0 20.5812501953125
331.0 19.055363671875
332.0 14.3639427734375
333.0 16.042888671875
334.0 15.55791064453125
335.0 14.5852966796875
336.0 16.39867548828125
337.0 16.58456396484375
338.0 12.59089345703125
339.0 16.81636455078125
340.0 10.547806640625
341.0 17.307009375
342.0 15.3514205078125
343.0 12.77895205078125
344.0 14.21214384765625
345.0 8.23080361328125
346.0 12.77118251953125
347.0 10.71212705078125
348.0 1.04336650390625
349.0 18.3523119140625
350.0 18.45090419921875
351.0 15.6238162109375
352.0 15.88566240234375
353.0 15.7500990234375
354.0 15.75558388671875
355.0 15.85384111328125
356.0 17.066976953125
357.0 17.01198623046875
358.0 12.9716080078125
359.0 17.20028759765625
360.0 17.16457333984375
361.0 15.63632216796875
362.0 17.75649033203125
363.0 18.0497095703125
364.0 16.0038033203125
365.0 17.3536962890625
366.0 12.314201171875
367.0 20.390744921875
368.0 15.45805927734375
369.0 17.8161451171875
370.0 17.030764453125
371.0 15.60279208984375
372.0 15.9172228515625
373.0 16.0069521484375
374.0 20.62792138671875
375.0 22.62135224609375
376.0 20.73666328125
377.0 21.724541796875
378.0 22.381358203125
379.0 21.3398576171875
380.0 23.06271728515625
381.0 18.48500615234375
382.0 23.0352349609375
383.0 21.88143857421875
384.0 16.891272265625
385.0 23.4355474609375
386.0 20.64561494140625
387.0 23.1567375
388.0 22.3665974609375
389.0 21.1058611328125
390.0 21.8377974609375
391.0 19.7168408203125
392.0 23.00190634765625
393.0 18.1524376953125
394.0 13.3284564453125
395.0 20.45551689453125
396.0 16.92484990234375
397.0 19.8747578125
398.0 20.37640556640625
399.0 19.0952876953125
400.0 21.1664853515625
401.0 23.28102255859375
402.0 20.6943283203125
403.0 22.19149130859375
404.0 20.358915234375
405.0 18.18451455078125
406.0 20.83061298828125
407.0 20.9002875
408.0 23.08802978515625
409.0 22.91441279296875
410.0 21.46658779296875
411.0 22.54746923828125
412.0 19.820387109375
413.0 23.84035615234375
414.0 20.90295947265625
415.0 16.1849544921875
416.0 22.4929080078125
417.0 18.2942267578125
418.0 16.6320158203125
419.0 21.8296486328125
420.0 18.49615732421875
421.0 19.3728521484375
422.0 17.027826953125
423.0 15.54576865234375
424.0 20.64382646484375
425.0 10.04347919921875
426.0 33.66548916015625
427.0 16.79799111328125
428.0 21.96782587890625
429.0 17.393666796875
430.0 19.01048271484375
431.0 18.739159375
432.0 18.4330146484375
433.0 20.96614306640625
434.0 20.91184248046875
435.0 20.6618525390625
436.0 20.781310546875
437.0 21.2763751953125
438.0 21.96899912109375
439.0 24.225955859375
440.0 20.57730205078125
441.0 21.92051201171875
442.0 20.81007744140625
443.0 22.54723564453125
444.0 20.5894244140625
445.0 19.42733173828125
446.0 21.4232482421875
447.0 18.86413251953125
448.0 20.76842138671875
449.0 19.8135533203125
450.0 20.4333794921875
451.0 23.536886328125
452.0 20.2339044921875
453.0 22.1830455078125
454.0 19.068610546875
455.0 15.7112521484375
456.0 15.23511728515625
457.0 18.79907880859375
458.0 20.80682529296875
459.0 19.81641640625
460.0 23.60095302734375
461.0 18.30773876953125
462.0 20.84180625
463.0 19.780312890625
464.0 20.57662353515625
465.0 23.1699234375
466.0 22.4607580078125
467.0 18.35264375
468.0 16.97510625
469.0 16.68708154296875
470.0 15.455865234375
471.0 19.37544072265625
472.0 10.1601982421875
473.0 14.06369697265625
474.0 9.5008640625
475.0 20.8161052734375
476.0 22.68504755859375
477.0 21.1774806640625
478.0 18.18315283203125
479.0 21.6737005859375
480.0 14.00581826171875
481.0 15.9903869140625
482.0 16.36318115234375
483.0 15.99543125
484.0 14.94517255859375
485.0 19.40822998046875
486.0 15.66666904296875
487.0 14.69892958984375
488.0 17.89100498046875
489.0 14.57466064453125
490.0 17.319626171875
491.0 19.4871509765625
492.0 16.14893798828125
493.0 19.701977734375
494.0 22.90315478515625
495.0 16.8781595703125
496.0 23.5661767578125
497.0 20.50792099609375
498.0 21.779387109375
499.0 20.4303775390625
500.0 20.20218203125
501.0 17.6589119140625
502.0 22.66402900390625
503.0 19.98173974609375
504.0 22.5814765625
505.0 20.30779716796875
506.0 21.38536806640625
507.0 19.0309013671875
508.0 20.2183345703125
509.0 21.170794921875
510.0 20.52715361328125
511.0 22.69627431640625
512.0 20.6317615234375
513.0 23.09245146484375
514.0 22.0906736328125
515.0 19.13217431640625
516.0 19.6811953125
517.0 21.34330888671875
518.0 19.18561904296875
519.0 17.09415576171875
520.0 19.19771435546875
521.0 18.6413859375
522.0 21.20656650390625
523.0 19.4672146484375
524.0 22.6090546875
525.0 22.55005498046875
526.0 20.70407744140625
527.0 20.7304529296875
528.0 21.0822810546875
529.0 22.73919833984375
530.0 21.6388509765625
531.0 16.17923203125
532.0 19.384866796875
533.0 20.5025087890625
534.0 23.9646625
535.0 20.6908521484375
536.0 20.09420556640625
537.0 22.4535337890625
538.0 19.48148046875
539.0 21.0888890625
540.0 23.92966513671875
541.0 18.7846802734375
542.0 16.5309681640625
543.0 14.4580130859375
544.0 15.5241625
545.0 17.24910205078125
546.0 14.58487431640625
547.0 21.26285888671875
548.0 21.3294416015625
549.0 22.40169921875
550.0 20.50576875
551.0 22.6160447265625
552.0 19.8109880859375
553.0 17.41074365234375
554.0 23.05249765625
555.0 19.93904794921875
556.0 17.22029609375
557.0 22.792606640625
558.0 21.5348927734375
559.0 17.07601689453125
560.0 20.90843046875
561.0 21.7010900390625
562.0 16.022321484375
563.0 21.4269802734375
564.0 17.8840833984375
565.0 17.69852529296875
566.0 22.3543287109375
567.0 20.9488220703125
568.0 22.39314169921875
569.0 21.83807509765625
570.0 17.6453626953125
571.0 17.610934765625
572.0 22.4055388671875
573.0 19.5942013671875
574.0 18.82642841796875
575.0 20.87009892578125
576.0 17.82287294921875
577.0 15.04629443359375
578.0 14.801783203125
579.0 15.1640009765625
580.0 17.8582580078125
581.0 17.9959130859375
582.0 19.26102626953125
583.0 18.72413125
584.0 17.19055400390625
585.0 13.94097421875
586.0 16.87129052734375
587.0 18.2667408203125
588.0 16.3460650390625
589.0 18.0296494140625
590.0 16.09124248046875
591.0 16.940575390625
592.0 16.56426513671875
593.0 17.24610234375
594.0 15.3001458984375
595.0 16.5749154296875
596.0 18.1425078125
597.0 15.53938134765625
598.0 18.745659375
599.0 18.063438671875
600.0 15.8870486328125
601.0 19.199909765625
602.0 21.13235927734375
603.0 20.2915107421875
604.0 21.2576796875
605.0 20.680028515625
606.0 22.53826640625
607.0 22.2391716796875
608.0 20.53149609375
609.0 19.8497986328125
610.0 21.8105107421875
611.0 18.70497265625
612.0 22.49178544921875
613.0 18.87497880859375
614.0 17.43628505859375
615.0 21.63946533203125
616.0 20.34677021484375
617.0 19.1329677734375
618.0 20.6122306640625
619.0 19.29052216796875
620.0 19.4465298828125
621.0 23.63076630859375
622.0 20.45044306640625
623.0 23.75447626953125
624.0 24.3370833984375
625.0 20.06257138671875
626.0 22.11414130859375
627.0 20.06864423828125
628.0 21.38042412109375
629.0 21.55042060546875
630.0 21.0757482421875
631.0 23.58173681640625
632.0 19.91684755859375
633.0 19.8734970703125
634.0 22.6482466796875
635.0 22.36821640625
636.0 23.0991607421875
637.0 21.14430029296875
638.0 22.7985982421875
639.0 20.011117578125
640.0 19.870578515625
641.0 22.7031056640625
642.0 23.5332388671875
643.0 22.56546044921875
644.0 18.74579755859375
645.0 18.51018681640625
646.0 23.5068505859375
647.0 20.21828671875
648.0 21.19244462890625
649.0 19.72581298828125
650.0 22.4415283203125
651.0 21.32502900390625
652.0 19.94324453125
653.0 21.16967109375
654.0 20.75288310546875
655.0 22.2599974609375
656.0 21.64075634765625
657.0 20.9521892578125
658.0 21.33670498046875
659.0 20.34469453125
660.0 17.40404287109375
661.0 22.0981533203125
662.0 20.57244296875
663.0 22.284462890625
664.0 21.3544712890625
665.0 20.3219955078125
666.0 23.4212841796875
667.0 20.7137431640625
668.0 21.1113029296875
669.0 20.82649501953125
670.0 23.1876671875
671.0 18.545680859375
672.0 13.119096875
673.0 23.31586904296875
674.0 20.274999609375
675.0 20.07592548828125
676.0 20.18834833984375
677.0 22.20440234375
678.0 16.8923810546875
679.0 19.512858984375
680.0 20.15743447265625
681.0 16.5622224609375
682.0 21.59552373046875
683.0 18.31196474609375
684.0 21.12303271484375
685.0 22.59594228515625
686.0 20.06109296875
687.0 22.104851953125
688.0 19.6313814453125
689.0 19.56791552734375
690.0 21.19357431640625
691.0 19.77230673828125
692.0 19.9870640625
693.0 22.89188056640625
694.0 18.0925875
695.0 18.006825
696.0 15.38380703125
697.0 12.02705224609375
698.0 16.33883984375
699.0 17.593476171875
700.0 17.2038634765625
701.0 19.976896875
702.0 14.28099443359375
703.0 15.80213115234375
704.0 25.67270419921875
705.0 22.13017978515625
706.0 16.8133279296875
707.0 18.81996591796875
708.0 17.9062619140625
709.0 16.1017294921875
710.0 17.97796474609375
711.0 1.48254853515625
712.0 26.99001005859375
713.0 12.84179560546875
714.0 17.61873076171875
715.0 20.90178984375
716.0 18.53645283203125
717.0 20.1683263671875
718.0 21.75341826171875
719.0 20.237841796875
720.0 20.52906748046875
721.0 15.7172484375
722.0 16.6226513671875
723.0 22.8033083984375
724.0 20.94620625
725.0 18.11180595703125
726.0 14.79463818359375
727.0 26.259259765625
728.0 22.80804990234375
729.0 17.04134716796875
730.0 20.7471857421875
731.0 20.20170009765625
732.0 17.83478994140625
733.0 20.76938349609375
734.0 21.45653525390625
735.0 20.170669140625
736.0 22.06729716796875
737.0 20.25142431640625
738.0 22.9705958984375
739.0 21.61648505859375
740.0 20.53106904296875
741.0 18.384601171875
742.0 20.39601162109375
743.0 23.00672802734375
744.0 22.52926884765625
745.0 20.51148017578125
746.0 22.4182439453125
747.0 19.98241962890625
748.0 22.6532208984375
749.0 15.13593916015625
750.0 18.17805400390625
751.0 11.11839365234375
752.0 16.8624021484375
753.0 7.57085439453125
754.0 18.215992578125
755.0 17.90161103515625
756.0 16.28884384765625
757.0 17.0120412109375
758.0 16.15147314453125
759.0 15.996908203125
760.0 14.76920654296875
761.0 28.3881998046875
762.0 21.41187490234375
763.0 20.1027900390625
764.0 22.56916123046875
765.0 18.0523248046875
766.0 21.57486533203125
767.0 19.85919150390625
768.0 14.8600783203125
769.0 19.1106916015625
770.0 22.51641689453125
771.0 19.4949896484375
772.0 22.98281220703125
773.0 20.2621203125
774.0 21.0807697265625
775.0 17.3535908203125
776.0 18.1948681640625
777.0 20.40172822265625
778.0 22.07045380859375
779.0 20.22163505859375
780.0 23.14145673828125
781.0 22.324587109375
782.0 19.44479072265625
783.0 22.5023556640625
784.0 18.3516044921875
785.0 16.7027794921875
786.0 19.2516888671875
787.0 20.7274359375
788.0 22.4310552734375
789.0 19.8568265625
790.0 19.56671904296875
791.0 22.7295486328125
792.0 20.25170732421875
793.0 21.66141640625
794.0 15.4140580078125
795.0 15.15644150390625
796.0 19.28556552734375
797.0 16.99755439453125
798.0 14.67494287109375
799.0 21.0502216796875
