0.0 51.24736904296875
1.0 50.23193271484375
2.0 51.88391357421875
3.0 50.8086361328125
4.0 52.5520025390625
5.0 49.4502314453125
6.0 50.81775185546875
7.0 27.624947265625
8.0 72.37576806640625
9.0 49.61888779296875
10.0 53.41707978515625
11.0 52.6927720703125
12.0 49.68758955078125
13.0 51.73653876953125
14.0 51.70226279296875
15.0 50.80029775390625
16.0 52.16459609375
17.0 52.6065884765625
18.0 57.12214873046875
19.0 44.03471904296875
20.0 45.92421494140625
21.0 45.31765498046875
22.0 50.260151953125
23.0 46.59281630859375
24.0 60.66665751953125
25.0 53.40366708984375
26.0 47.26127861328125
27.0 59.2166873046875
28.0 34.9540990234375
29.0 64.47252080078125
30.0 50.8570501953125
31.0 51.62306455078125
32.0 50.81083525390625
33.0 49.75734873046875
34.0 40.5518375
35.0 61.1426900390625
36.0 53.255680859375
37.0 53.825500390625
38.0 52.42438994140625
39.0 37.053255078125
40.0 66.785747265625
41.0 49.530904296875
42.0 50.681170703125
43.0 54.53908583984375
44.0 55.295555859375
45.0 57.8373388671875
46.0 53.51440869140625
47.0 52.08493916015625
48.0 54.36350224609375
49.0 55.60823701171875
50.0 53.948625390625
51.0 53.9059095703125
52.0 53.1248806640625
53.0 47.58082177734375
54.0 59.87752802734375
55.0 50.03652509765625
56.0 58.56980537109375
57.0 47.6922529296875
58.0 58.84999345703125
59.0 46.85359287109375
60.0 54.5667728515625
61.0 55.5347
62.0 52.3329796875
63.0 50.63409501953125
64.0 51.2788998046875
65.0 50.6563025390625
66.0 50.55859091796875
67.0 52.8046572265625
68.0 52.65866396484375
69.0 44.5597498046875
70.0 53.14421875
71.0 49.522249609375
72.0 35.55819296875
73.0 70.55472080078125
74.0 47.17259697265625
75.0 48.29070400390625
76.0 52.59518671875
77.0 58.4019513671875
78.0 47.39923037109375
79.0 52.09923916015625
80.0 52.5567505859375
81.0 52.226603125
82.0 51.882054296875
83.0 53.04125888671875
84.0 53.84528974609375
85.0 50.80167939453125
86.0 54.39682421875
87.0 49.0210625
88.0 58.30354306640625
89.0 23.908016796875
90.0 13.85118955078125
91.0 39.14268291015625
92.0 28.20725380859375
93.0 81.9957037109375
94.0 54.0649373046875
95.0 37.38925009765625
96.0 71.94003505859375
97.0 57.3417626953125
98.0 55.183306640625
99.0 52.89660908203125
100.0 52.53473701171875
101.0 51.51340322265625
102.0 50.221146484375
103.0 54.1510013671875
104.0 54.33082587890625
105.0 53.054487890625
106.0 51.26746787109375
107.0 60.21435234375
108.0 52.70346943359375
109.0 54.1802658203125
110.0 35.61662578125
111.0 69.260142578125
112.0 40.26091357421875
113.0 64.9580216796875
114.0 54.93282783203125
115.0 53.68001220703125
116.0 52.08795302734375
117.0 53.87013330078125
118.0 52.13113564453125
119.0 47.0469763671875
120.0 51.29531005859375
121.0 52.34348701171875
122.0 51.941568359375
123.0 51.6690291015625
124.0 53.43536591796875
125.0 40.58149248046875
126.0 70.992725390625
127.0 40.83062451171875
128.0 69.482591796875
129.0 54.9701599609375
130.0 55.086214453125
131.0 53.63847119140625
132.0 51.68183681640625
133.0 52.61506025390625
134.0 50.045622265625
135.0 54.5129970703125
136.0 54.385267578125
137.0 54.39605556640625
138.0 36.30354765625
139.0 71.94374375
140.0 48.48897890625
141.0 48.831880078125
142.0 56.817921875
143.0 52.3987078125
144.0 50.78330517578125
145.0 50.7994783203125
146.0 43.13072392578125
147.0 55.992240234375
148.0 52.41745322265625
149.0 56.2002892578125
150.0 49.35575322265625
151.0 52.5041228515625
152.0 50.608423046875
153.0 52.79940234375
154.0 39.8329966796875
155.0 46.68863037109375
156.0 55.000165625
157.0 47.7170298828125
158.0 50.278627734375
159.0 37.9529033203125
160.0 64.05928544921875
161.0 51.7758142578125
162.0 50.8338318359375
163.0 53.77339599609375
164.0 52.48425966796875
165.0 52.9495431640625
166.0 54.28929736328125
167.0 53.96690556640625
168.0 50.928175
169.0 51.7781814453125
170.0 48.5136095703125
171.0 61.961224609375
172.0 53.6837580078125
173.0 52.96963759765625
174.0 49.83679697265625
175.0 53.942786328125
176.0 52.22366240234375
177.0 46.01505244140625
178.0 48.93654140625
179.0 36.49682060546875
180.0 52.16199951171875
181.0 51.36546669921875
182.0 55.5760609375
183.0 51.648233984375
184.0 53.5553890625
185.0 49.84705380859375
186.0 51.9362578125
187.0 54.3397921875
188.0 51.85781748046875
189.0 50.27438857421875
190.0 50.53523056640625
191.0 52.13288193359375
192.0 52.6925734375
193.0 52.29892333984375
194.0 53.70745595703125
195.0 57.828612109375
196.0 51.60993984375
197.0 46.36708662109375
198.0 48.15867763671875
199.0 54.63696572265625
200.0 49.26171005859375
201.0 50.09490263671875
202.0 50.86869912109375
203.0 56.50032998046875
204.0 50.9702318359375
205.0 50.3405029296875
206.0 52.2044474609375
207.0 54.00220419921875
208.0 49.80894951171875
209.0 35.146183984375
210.0 60.76506328125
211.0 54.9686125
212.0 15.98795751953125
213.0 67.8716822265625
214.0 48.60084599609375
215.0 52.526374609375
216.0 52.8627150390625
217.0 52.56229677734375
218.0 51.60372978515625
219.0 54.1828529296875
220.0 31.00465048828125
221.0 51.79828291015625
222.0 52.82073681640625
223.0 45.52094052734375
224.0 48.52006611328125
225.0 52.28803193359375
226.0 51.113862890625
227.0 51.16495107421875
228.0 43.1803505859375
229.0 55.4672708984375
230.0 36.59109052734375
231.0 48.45686025390625
232.0 54.577383984375
233.0 40.582315234375
234.0 63.4576373046875
235.0 36.44228427734375
236.0 68.756873046875
237.0 34.43336416015625
238.0 63.32593720703125
239.0 53.64015185546875
240.0 50.984203515625
241.0 51.4527001953125
242.0 50.21541865234375
243.0 52.969023046875
244.0 50.35418564453125
245.0 52.60618974609375
246.0 37.4568376953125
247.0 52.92032783203125
248.0 44.28826630859375
249.0 43.71974384765625
250.0 47.68221474609375
251.0 42.96280791015625
252.0 47.64306025390625
253.0 49.19378681640625
254.0 47.404326171875
255.0 13.739520703125
256.0 72.8428689453125
257.0 50.0007203125
258.0 47.51634423828125
259.0 48.6721732421875
260.0 48.20763681640625
261.0 47.97855927734375
262.0 50.779886328125
263.0 49.5683919921875
264.0 41.82055810546875
265.0 39.19187861328125
266.0 56.7474412109375
267.0 53.77460712890625
268.0 53.37676162109375
269.0 53.3122552734375
270.0 52.888256640625
271.0 37.486523828125
272.0 36.345649609375
273.0 60.93415439453125
274.0 53.9960380859375
275.0 53.15658056640625
276.0 13.330547265625
277.0 11.69002548828125
278.0 69.066234375
279.0 51.471762109375
280.0 50.31438095703125
281.0 35.2499240234375
282.0 66.5375109375
283.0 49.42734638671875
284.0 53.25455234375
285.0 60.499705859375
286.0 54.8255099609375
287.0 29.69809228515625
288.0 50.970035546875
289.0 51.72721220703125
290.0 56.805715234375
291.0 54.43330400390625
292.0 41.53263876953125
293.0 40.09242216796875
294.0 38.03519130859375
295.0 42.53263857421875
296.0 50.40906171875
297.0 33.3637341796875
298.0 6.7508833984375
299.0 53.86195810546875
300.0 51.6947513671875
301.0 49.5086580078125
302.0 38.96171357421875
303.0 49.17216748046875
304.0 54.9012814453125
305.0 52.83747080078125
306.0 46.631078515625
307.0 56.726193359375
308.0 40.5171443359375
309.0 65.2196568359375
310.0 35.408425390625
311.0 66.2519193359375
312.0 53.8108904296875
313.0 53.00346806640625
314.0 53.06646083984375
315.0 54.68544462890625
316.0 49.6022859375
317.0 49.635526171875
318.0 50.22059814453125
319.0 50.991875390625
320.0 52.70822705078125
321.0 53.00985546875
322.0 48.30707470703125
323.0 50.68905478515625
324.0 53.86921220703125
325.0 3.02472841796875
326.0 27.41318017578125
327.0 52.88903291015625
328.0 49.899756640625
329.0 52.78652509765625
330.0 55.16637578125
331.0 52.46633125
332.0 53.25258935546875
333.0 52.779927734375
334.0 53.63014833984375
335.0 46.8394455078125
336.0 56.566446875
337.0 41.33706396484375
338.0 63.76348525390625
339.0 53.94062412109375
340.0 52.8373486328125
341.0 49.8052998046875
342.0 48.27349501953125
343.0 45.865149609375
344.0 57.60698203125
345.0 54.21475068359375
346.0 54.1756533203125
347.0 50.620102734375
348.0 57.88449501953125
349.0 53.03800029296875
350.0 50.26519970703125
351.0 48.72448603515625
352.0 33.411620703125
353.0 66.678673046875
354.0 49.2100458984375
355.0 57.16565498046875
356.0 46.02053388671875
357.0 48.4935365234375
358.0 51.23382666015625
359.0 52.1496083984375
360.0 52.34462216796875
361.0 53.8149580078125
362.0 51.90933701171875
363.0 50.92096806640625
364.0 47.408766796875
365.0 53.34717255859375
366.0 49.77236484375
367.0 21.0105986328125
368.0 12.81830224609375
369.0 57.2967447265625
370.0 51.79273515625
371.0 52.21845615234375
372.0 51.2222267578125
373.0 49.5875130859375
374.0 52.73018984375
375.0 47.4871697265625
376.0 51.2254470703125
377.0 42.9763912109375
378.0 52.37286064453125
379.0 47.472663671875
380.0 51.7280056640625
381.0 52.30785283203125
382.0 51.55249677734375
383.0 53.6685359375
384.0 56.4872146484375
385.0 47.0091779296875
386.0 44.02041533203125
387.0 49.0108017578125
388.0 50.86308994140625
389.0 51.6289353515625
390.0 57.5559943359375
391.0 51.68861748046875
392.0 50.15514970703125
393.0 51.9037568359375
394.0 53.22431171875
395.0 48.29168115234375
396.0 53.73686640625
397.0 52.08206416015625
398.0 53.50513427734375
399.0 38.42949130859375
400.0 68.8082931640625
401.0 52.186673828125
402.0 52.408408984375
403.0 50.07497890625
404.0 52.2194322265625
405.0 49.4804265625
406.0 32.32968779296875
407.0 51.36429873046875
408.0 50.91063466796875
409.0 51.45713515625
410.0 58.55922578125
411.0 31.51242705078125
412.0 65.92879072265625
413.0 53.07580078125
414.0 47.81984658203125
415.0 49.7614232421875
416.0 48.74949267578125
417.0 50.32905078125
418.0 50.24995625
419.0 51.982980078125
420.0 46.12045908203125
421.0 6.3321908203125
422.0 49.1239072265625
423.0 51.3812736328125
424.0 51.84406728515625
425.0 48.669618359375
426.0 36.02539931640625
427.0 55.9636638671875
428.0 54.2732232421875
429.0 56.0430990234375
430.0 49.11880771484375
431.0 47.648821875
432.0 52.666189453125
433.0 52.870034765625
434.0 53.0090251953125
435.0 54.61729755859375
436.0 50.17799716796875
437.0 45.42131845703125
438.0 40.25379716796875
439.0 49.77129951171875
440.0 52.744951171875
441.0 41.47429150390625
442.0 61.00786962890625
443.0 47.05469609375
444.0 50.46816669921875
445.0 54.061053125
446.0 51.12666220703125
447.0 51.53893623046875
448.0 53.474221484375
449.0 50.623433203125
450.0 30.97815390625
451.0 54.15968818359375
452.0 50.3698185546875
453.0 54.255853515625
454.0 51.31960009765625
455.0 53.07830107421875
456.0 51.46221689453125
457.0 44.30887333984375
458.0 59.854232421875
459.0 50.88118955078125
460.0 54.59325380859375
461.0 51.78631259765625
462.0 53.6960609375
463.0 51.616526953125
464.0 48.891441796875
465.0 52.1782095703125
466.0 60.25554599609375
467.0 52.02883408203125
468.0 51.97055478515625
469.0 51.6253015625
470.0 51.4251865234375
471.0 52.879751171875
472.0 50.93303203125
473.0 53.218080078125
474.0 53.6978564453125
475.0 41.8314365234375
476.0 68.80336064453125
477.0 50.34205244140625
478.0 55.0441271484375
479.0 54.0813548828125
480.0 53.21898740234375
481.0 54.53128310546875
482.0 56.73267138671875
483.0 57.20319755859375
484.0 55.95985302734375
485.0 56.158815625
486.0 55.15404326171875
487.0 53.52490263671875
488.0 53.5919572265625
489.0 52.9887197265625
490.0 55.47861435546875
491.0 49.24250390625
492.0 44.8502421875
493.0 66.63126494140624
494.0 51.54601376953125
495.0 52.07013427734375
496.0 55.8963
497.0 54.63196953125
498.0 55.5768326171875
499.0 57.29025341796875
500.0 49.96948896484375
501.0 53.77921640625
502.0 55.358637890625
503.0 48.8862837890625
504.0 52.21922392578125
505.0 51.3127984375
506.0 51.98321845703125
507.0 48.5748314453125
508.0 53.76715615234375
509.0 53.99570654296875
510.0 52.3654654296875
511.0 54.57417353515625
512.0 54.26538701171875
513.0 52.70404970703125
514.0 55.89355966796875
515.0 52.26900849609375
516.0 54.2558478515625
517.0 51.841773046875
518.0 54.1544830078125
519.0 52.48737919921875
520.0 50.4273994140625
521.0 53.29213408203125
522.0 52.81717998046875
523.0 52.348890234375
524.0 50.644781640625
525.0 51.4956232421875
526.0 52.19626826171875
527.0 51.5577279296875
528.0 56.8978890625
529.0 54.20705361328125
530.0 54.032644140625
531.0 33.6704240234375
532.0 72.86546494140624
533.0 55.8795044921875
534.0 52.90118271484375
535.0 53.49968134765625
536.0 52.1895060546875
537.0 53.08999423828125
538.0 52.02970595703125
539.0 37.53521015625
540.0 71.15255625
541.0 51.196176171875
542.0 57.13514833984375
543.0 44.05778662109375
544.0 70.75172998046875
545.0 30.02167373046875
546.0 76.3656845703125
547.0 54.6215818359375
548.0 54.8655703125
549.0 54.8204771484375
550.0 54.8379806640625
551.0 53.5847037109375
552.0 55.767476171875
553.0 59.6697171875
554.0 48.90392255859375
555.0 51.08098837890625
556.0 49.0017587890625
557.0 51.554337109375
558.0 52.4666486328125
559.0 52.41876044921875
560.0 53.7825435546875
561.0 54.29791708984375
562.0 51.575152734375
563.0 46.72120556640625
564.0 33.09948876953125
565.0 53.3338638671875
566.0 53.98698564453125
567.0 55.2340052734375
568.0 52.9879041015625
569.0 53.80413720703125
570.0 52.12678603515625
571.0 55.228162109375
572.0 56.36110283203125
573.0 54.15247978515625
574.0 48.17709833984375
575.0 51.95686220703125
576.0 53.93209501953125
577.0 54.3273765625
578.0 53.7653716796875
579.0 51.7574677734375
580.0 51.6502216796875
581.0 49.92233037109375
582.0 50.5597595703125
583.0 52.91592119140625
584.0 51.8156046875
585.0 55.07598173828125
586.0 56.03364736328125
587.0 55.52003095703125
588.0 51.2766615234375
589.0 55.90424521484375
590.0 53.10353564453125
591.0 51.83755390625
592.0 53.84968505859375
593.0 47.021278515625
594.0 48.60622451171875
595.0 54.8577388671875
596.0 45.21518876953125
597.0 38.473976171875
598.0 67.2854568359375
599.0 52.26321962890625
600.0 51.13116083984375
601.0 51.28755205078125
602.0 43.22352568359375
603.0 57.55169765625
604.0 44.4446263671875
605.0 49.89393515625
606.0 51.7835541015625
607.0 33.06387529296875
608.0 65.14505009765625
609.0 53.930764453125
610.0 40.66112392578125
611.0 49.6388666015625
612.0 53.85006494140625
613.0 51.9786359375
614.0 53.42704833984375
615.0 52.742498828125
616.0 53.7991482421875
617.0 32.90155126953125
618.0 60.28181748046875
619.0 53.55835712890625
620.0 53.287827734375
621.0 35.67671484375
622.0 50.3773693359375
623.0 41.36366494140625
624.0 52.98473798828125
625.0 49.942702734375
626.0 51.55349306640625
627.0 48.38760703125
628.0 43.858762890625
629.0 48.89888876953125
630.0 51.04490302734375
631.0 50.1003017578125
632.0 50.87924443359375
633.0 48.58678583984375
634.0 44.711074609375
635.0 49.31933681640625
636.0 48.85315078125
637.0 47.76407109375
638.0 42.39896396484375
639.0 53.79635712890625
640.0 50.02285625
641.0 54.093073046875
642.0 55.192255078125
643.0 47.00443623046875
644.0 48.310988671875
645.0 22.57854462890625
646.0 52.43169794921875
647.0 54.29655068359375
648.0 56.0896134765625
649.0 55.21768671875
650.0 48.485160546875
651.0 53.6038404296875
652.0 36.12959833984375
653.0 72.7245705078125
654.0 52.37700390625
655.0 54.9094619140625
656.0 29.7429259765625
657.0 57.2588296875
658.0 60.51088681640625
659.0 48.8615478515625
660.0 49.59379345703125
661.0 51.100771875
662.0 55.1399794921875
663.0 54.4001126953125
664.0 55.5194556640625
665.0 54.42627255859375
666.0 59.2892228515625
667.0 51.89961591796875
668.0 48.70778974609375
669.0 61.2102552734375
670.0 54.289414453125
671.0 44.10282666015625
672.0 53.22660390625
673.0 55.14789248046875
674.0 53.9420392578125
675.0 55.11346103515625
676.0 37.03167138671875
677.0 67.782708203125
678.0 56.57929404296875
679.0 48.19488779296875
680.0 55.6084873046875
681.0 54.4264912109375
682.0 55.19075185546875
683.0 38.1344939453125
684.0 63.92930966796875
685.0 49.42512431640625
686.0 54.15216328125
687.0 54.623825
688.0 55.4713400390625
689.0 57.61052138671875
690.0 48.32358154296875
691.0 55.70716240234375
692.0 58.711728125
693.0 54.49281064453125
694.0 54.9882537109375
695.0 42.08908984375
696.0 59.0791498046875
697.0 64.4997484375
698.0 54.8147986328125
699.0 54.93432373046875
700.0 56.18542744140625
701.0 55.9399556640625
702.0 44.14556240234375
703.0 64.2215984375
704.0 53.7918326171875
705.0 46.28069306640625
706.0 52.2018259765625
707.0 53.77676025390625
708.0 59.0029517578125
709.0 55.7827443359375
710.0 38.8837798828125
711.0 62.48759765625
712.0 54.99711396484375
713.0 55.10025458984375
714.0 33.2193552734375
715.0 69.13097109375
716.0 54.54391435546875
717.0 55.61165009765625
718.0 54.34139990234375
719.0 40.1338208984375
720.0 63.6825412109375
721.0 54.4728029296875
722.0 49.50354501953125
723.0 45.92085576171875
724.0 55.92668828125
725.0 56.4824171875
726.0 48.19316279296875
727.0 33.7578982421875
728.0 61.09351591796875
729.0 53.4041583984375
730.0 54.0738125
731.0 54.0923416015625
732.0 39.56971865234375
733.0 52.96347509765625
734.0 47.7790056640625
735.0 43.2017669921875
736.0 61.93933486328125
737.0 42.26424658203125
738.0 51.475976171875
739.0 50.9194916015625
740.0 54.5126978515625
741.0 55.5972234375
742.0 43.4699212890625
743.0 55.18732373046875
744.0 50.295491796875
745.0 44.23196767578125
746.0 52.97113427734375
747.0 56.43360556640625
748.0 49.25023046875
749.0 60.6733572265625
750.0 50.67546435546875
751.0 52.5044916015625
752.0 55.30829306640625
753.0 56.2712232421875
754.0 54.936390625
755.0 54.28742353515625
756.0 60.58775107421875
757.0 53.00228349609375
758.0 54.8579228515625
759.0 54.95664169921875
760.0 48.86263212890625
761.0 34.31972880859375
762.0 72.64454931640626
763.0 52.91154267578125
764.0 50.8682259765625
765.0 53.79091611328125
766.0 42.15881884765625
767.0 68.091041015625
768.0 54.51058876953125
769.0 47.562283203125
770.0 51.36505732421875
771.0 36.43799091796875
772.0 68.94876220703125
773.0 51.026381640625
774.0 54.39987880859375
775.0 55.058877734375
776.0 57.29069130859375
777.0 54.38904521484375
778.0 56.54179892578125
779.0 54.3562232421875
780.0 53.15594111328125
781.0 54.63752119140625
782.0 50.9702115234375
783.0 53.24320107421875
784.0 50.59694306640625
785.0 52.01924267578125
786.0 47.342519140625
787.0 53.33369443359375
788.0 54.89372021484375
789.0 48.36974287109375
790.0 58.08361591796875
791.0 53.95724931640625
792.0 55.29669013671875
793.0 48.50677138671875
794.0 44.574280859375
795.0 72.3658822265625
796.0 54.1684556640625
797.0 56.28566943359375
798.0 53.11447236328125
799.0 48.4612771484375
