0.0 15.92659609375
1.0 17.01392109375
2.0 18.3329015625
3.0 12.92035615234375
4.0 17.33057060546875
5.0 19.30246181640625
6.0 15.604436328125
7.0 14.60074111328125
8.0 17.47613818359375
9.0 19.48040380859375
10.0 19.84089853515625
11.0 17.07300390625
12.0 17.28219208984375
13.0 14.68177744140625
14.0 15.91115234375
15.0 15.95726513671875
16.0 17.424855859375
17.0 13.179780859375
18.0 14.623636328125
19.0 14.57712529296875
20.0 15.01762890625
21.0 16.39024609375
22.0 19.01006923828125
23.0 13.89499228515625
24.0 20.3438798828125
25.0 21.47504501953125
26.0 14.5496541015625
27.0 23.420870703125
28.0 18.25601591796875
29.0 15.0305634765625
30.0 19.22829365234375
31.0 19.3392658203125
32.0 0.0
33.0 0.0
34.0 32.89932265625
35.0 19.42881982421875
36.0 15.27745654296875
37.0 20.2722287109375
38.0 15.944337109375
39.0 17.93899384765625
40.0 18.70791396484375
41.0 17.03058427734375
42.0 18.31985712890625
43.0 17.96935732421875
44.0 13.6830705078125
45.0 16.44016044921875
46.0 12.383482421875
47.0 11.747807421875
48.0 10.22486298828125
49.0 17.66775205078125
50.0 15.739802734375
51.0 19.18661044921875
52.0 15.337001953125
53.0 16.23365302734375
54.0 16.546344140625
55.0 13.9719251953125
56.0 13.50265576171875
57.0 16.70127294921875
58.0 15.08099814453125
59.0 11.33835380859375
60.0 14.6563548828125
61.0 15.52694873046875
62.0 14.13060029296875
63.0 13.09241337890625
64.0 12.82366171875
65.0 15.036367578125
66.0 16.65646357421875
67.0 16.02669677734375
68.0 13.44337294921875
69.0 12.699178515625
70.0 7.0336791015625
71.0 9.8830697265625
72.0 5.2730365234375
73.0 9.5783427734375
74.0 3.91123955078125
75.0 10.02319267578125
76.0 16.28856142578125
77.0 12.7756634765625
78.0 16.64805947265625
79.0 14.29619091796875
80.0 14.58965048828125
81.0 16.674775390625
82.0 12.91561044921875
83.0 15.6012654296875
84.0 14.9580013671875
85.0 17.50394970703125
86.0 17.5592896484375
87.0 16.080206640625
88.0 16.5629841796875
89.0 15.36872578125
90.0 15.47707294921875
91.0 18.20606640625
92.0 17.2221748046875
93.0 11.93579462890625
94.0 16.60887138671875
95.0 16.13945517578125
96.0 16.1054177734375
97.0 4.7632634765625
98.0 25.5767201171875
99.0 16.52590224609375
100.0 13.806001953125
101.0 17.1503599609375
102.0 14.6481662109375
103.0 13.28352734375
104.0 16.34590263671875
105.0 14.749580859375
106.0 11.38614599609375
107.0 17.394784375
108.0 17.96771826171875
109.0 14.95409990234375
110.0 15.35027451171875
111.0 14.94304365234375
112.0 14.47616591796875
113.0 15.51220859375
114.0 15.05176435546875
115.0 16.16647119140625
116.0 13.7864775390625
117.0 16.64314755859375
118.0 13.75400048828125
119.0 14.601546484375
120.0 15.80855029296875
121.0 17.44850556640625
122.0 17.30539052734375
123.0 16.26243779296875
124.0 17.5788904296875
125.0 18.56749658203125
126.0 18.13853837890625
127.0 14.93878671875
128.0 14.48276953125
129.0 17.19373935546875
130.0 15.9648818359375
131.0 14.90976474609375
132.0 11.27111728515625
133.0 16.37824013671875
134.0 15.40219130859375
135.0 15.6764419921875
136.0 12.30651787109375
137.0 12.28733203125
138.0 10.9051419921875
139.0 11.8739076171875
140.0 13.09008193359375
141.0 12.4383806640625
142.0 13.0936626953125
143.0 11.65651142578125
144.0 13.24062578125
145.0 12.76150576171875
146.0 16.83802197265625
147.0 15.187621484375
148.0 17.97991630859375
149.0 10.62983994140625
150.0 20.90348916015625
151.0 15.5660669921875
152.0 14.09629345703125
153.0 13.06107763671875
154.0 12.25220654296875
155.0 14.60205810546875
156.0 13.194213671875
157.0 12.44530419921875
158.0 12.5012724609375
159.0 16.751878125
160.0 16.1540244140625
161.0 15.0308072265625
162.0 14.1232578125
163.0 12.832391015625
164.0 10.876264453125
165.0 8.139351171875
166.0 12.80740341796875
167.0 19.0145697265625
168.0 16.27868955078125
169.0 19.34990576171875
170.0 15.69059228515625
171.0 20.711691015625
172.0 14.8931263671875
173.0 15.04731044921875
174.0 14.08106435546875
175.0 12.43225166015625
176.0 13.5800271484375
177.0 23.94704658203125
178.0 21.3923470703125
179.0 19.7889955078125
180.0 18.16393720703125
181.0 15.06138740234375
182.0 27.46831796875
183.0 11.69975751953125
184.0 25.1553359375
185.0 12.87055673828125
186.0 20.1495328125
187.0 15.85288935546875
188.0 18.53106435546875
189.0 18.7242150390625
190.0 15.7315234375
191.0 18.21565615234375
192.0 16.5206064453125
193.0 13.72514658203125
194.0 16.58653388671875
195.0 18.5148248046875
196.0 19.269759375
197.0 19.43229873046875
198.0 17.1341478515625
199.0 20.56160439453125
200.0 21.6958666015625
201.0 18.53595546875
202.0 21.94951337890625
203.0 18.48470791015625
204.0 19.48534501953125
205.0 19.82502939453125
206.0 16.2761181640625
207.0 20.367566796875
208.0 18.6115119140625
209.0 20.2296818359375
210.0 16.69950439453125
211.0 25.14112236328125
212.0 20.01621923828125
213.0 22.00423359375
214.0 18.83771552734375
215.0 19.37449580078125
216.0 20.4559919921875
217.0 16.32364609375
218.0 15.76350888671875
219.0 17.6251087890625
220.0 18.56627470703125
221.0 20.37540888671875
222.0 19.79744306640625
223.0 18.98387705078125
224.0 22.32855234375
225.0 18.23584228515625
226.0 18.1208361328125
227.0 21.42553984375
228.0 18.7654689453125
229.0 20.807507421875
230.0 23.1747666015625
231.0 17.44564658203125
232.0 24.4919634765625
233.0 19.011547265625
234.0 21.86728154296875
235.0 19.86291748046875
236.0 20.0589578125
237.0 18.58618115234375
238.0 21.571557421875
239.0 17.446505859375
240.0 20.265590625
241.0 18.7120572265625
242.0 21.947332421875
243.0 22.12423759765625
244.0 19.54372734375
245.0 20.345530078125
246.0 20.92484130859375
247.0 18.9369826171875
248.0 21.79425048828125
249.0 19.93495107421875
250.0 21.46722646484375
251.0 19.85300859375
252.0 17.8095892578125
253.0 20.28214150390625
254.0 17.90843623046875
255.0 19.06869130859375
256.0 13.64870478515625
257.0 25.75052587890625
258.0 17.62157216796875
259.0 18.36809091796875
260.0 17.7960322265625
261.0 16.76503955078125
262.0 15.879719921875
263.0 15.851399609375
264.0 14.77413798828125
265.0 12.0667150390625
266.0 12.9155548828125
267.0 16.8187771484375
268.0 15.10405322265625
269.0 19.29641650390625
270.0 16.568073046875
271.0 18.00310556640625
272.0 17.8455375
273.0 18.03903896484375
274.0 18.705798828125
275.0 18.43608681640625
276.0 16.8362470703125
277.0 17.91962666015625
278.0 19.47681376953125
279.0 19.260619921875
280.0 17.66495029296875
281.0 18.24965673828125
282.0 20.671103515625
283.0 19.31359951171875
284.0 15.9749212890625
285.0 19.21475205078125
286.0 15.29182626953125
287.0 14.1462900390625
288.0 18.73517255859375
289.0 20.11359228515625
290.0 20.297890625
291.0 15.8484921875
292.0 17.57632060546875
293.0 13.8818833984375
294.0 19.959997265625
295.0 19.06522177734375
296.0 13.7079916015625
297.0 18.22525478515625
298.0 19.32470771484375
299.0 17.784244921875
300.0 17.67571015625
301.0 15.79527333984375
302.0 12.71302294921875
303.0 15.64543388671875
304.0 12.3922751953125
305.0 15.01186181640625
306.0 15.1061212890625
307.0 11.98226171875
308.0 16.02676845703125
309.0 0.0
310.0 0.0
311.0 28.5533048828125
312.0 11.08308779296875
313.0 12.63766845703125
314.0 13.1286494140625
315.0 13.5529728515625
316.0 11.3478505859375
317.0 12.6097130859375
318.0 12.52137587890625
319.0 12.4710123046875
320.0 10.60243857421875
321.0 15.11984091796875
322.0 15.558008984375
323.0 11.45742431640625
324.0 12.38951826171875
325.0 12.15345478515625
326.0 12.38258056640625
327.0 12.8832365234375
328.0 16.9019525390625
329.0 15.829328515625
330.0 11.79126328125
331.0 11.19495029296875
332.0 18.11112001953125
333.0 16.35986142578125
334.0 15.66008525390625
335.0 17.9096353515625
336.0 15.31836552734375
337.0 12.5400384765625
338.0 10.65302763671875
339.0 21.43330791015625
340.0 18.24503095703125
341.0 16.756278515625
342.0 20.55298115234375
343.0 18.7232662109375
344.0 16.1832658203125
345.0 20.5891583984375
346.0 18.43670087890625
347.0 17.68743359375
348.0 14.59921591796875
349.0 17.68728935546875
350.0 18.20399833984375
351.0 16.84556083984375
352.0 15.9067701171875
353.0 20.879287109375
354.0 18.27740830078125
355.0 19.9786263671875
356.0 15.77075341796875
357.0 16.77096650390625
358.0 16.72792880859375
359.0 17.65845693359375
360.0 19.20215966796875
361.0 20.14823896484375
362.0 20.65844765625
363.0 15.8804365234375
364.0 18.3675130859375
365.0 19.26047568359375
366.0 17.6184626953125
367.0 21.11518564453125
368.0 18.28935009765625
369.0 16.32800751953125
370.0 11.87080087890625
371.0 24.5303345703125
372.0 19.80044609375
373.0 17.8645216796875
374.0 18.39493623046875
375.0 15.37894677734375
376.0 14.08262119140625
377.0 15.30691103515625
378.0 20.225380078125
379.0 17.52118671875
380.0 17.37942646484375
381.0 16.1846685546875
382.0 13.80447314453125
383.0 13.8202900390625
384.0 10.6716998046875
385.0 17.34085986328125
386.0 7.3118814453125
387.0 19.50475146484375
388.0 19.45075439453125
389.0 19.0147271484375
390.0 20.0750328125
391.0 18.01337607421875
392.0 18.8294978515625
393.0 17.02798984375
394.0 19.4191041015625
395.0 18.620395703125
396.0 18.34421875
397.0 18.504409375
398.0 18.20607109375
399.0 16.326171875
400.0 17.02030146484375
401.0 21.18623740234375
402.0 15.97827373046875
403.0 18.01776494140625
404.0 17.2825201171875
405.0 16.8928908203125
406.0 18.08129365234375
407.0 18.0660251953125
408.0 18.5288810546875
409.0 18.50711845703125
410.0 20.3891767578125
411.0 17.19439248046875
412.0 15.83726875
413.0 13.0517056640625
414.0 19.0066458984375
415.0 14.50882099609375
416.0 19.22078466796875
417.0 18.3168638671875
418.0 19.97050849609375
419.0 14.35990634765625
420.0 13.7401369140625
421.0 22.87060244140625
422.0 15.36272138671875
423.0 18.43753427734375
424.0 18.89727666015625
425.0 17.3879857421875
426.0 18.74866650390625
427.0 17.86436962890625
428.0 17.00435302734375
429.0 18.68873125
430.0 20.09919384765625
431.0 17.48810283203125
432.0 18.13969365234375
433.0 17.4749685546875
434.0 15.87903818359375
435.0 18.2575224609375
436.0 17.47808359375
437.0 16.27926904296875
438.0 15.8972720703125
439.0 19.0992212890625
440.0 17.21246162109375
441.0 18.6230537109375
442.0 17.385801171875
443.0 15.95999755859375
444.0 16.96013798828125
445.0 18.9685546875
446.0 14.3958875
447.0 18.76522685546875
448.0 17.86894208984375
449.0 16.99600673828125
450.0 19.72408720703125
451.0 18.7042013671875
452.0 11.1633943359375
453.0 24.247830859375
454.0 15.45604873046875
455.0 17.14318271484375
456.0 17.160037109375
457.0 11.4152599609375
458.0 20.21224248046875
459.0 18.81167216796875
460.0 16.1687888671875
461.0 14.523207421875
462.0 9.5924017578125
463.0 19.87041787109375
464.0 18.23578125
465.0 19.41186806640625
466.0 16.81372470703125
467.0 18.65333427734375
468.0 17.01880185546875
469.0 3.97174453125
470.0 32.95306484375
471.0 17.81114814453125
472.0 18.36208193359375
473.0 18.21416337890625
474.0 15.13795888671875
475.0 16.5246271484375
476.0 16.3338955078125
477.0 15.7562171875
478.0 16.1975099609375
479.0 16.668928515625
480.0 17.0135392578125
481.0 14.99359482421875
482.0 16.47828701171875
483.0 15.45692529296875
484.0 16.76324091796875
485.0 17.1754658203125
486.0 16.73855888671875
487.0 15.32798984375
488.0 16.46039306640625
489.0 17.02749755859375
490.0 14.40118671875
491.0 14.03055361328125
492.0 15.2964646484375
493.0 12.2959486328125
494.0 13.57956044921875
495.0 15.47826162109375
496.0 12.88646953125
497.0 10.74289404296875
498.0 13.27013427734375
499.0 12.89754443359375
500.0 12.4931353515625
501.0 11.18581318359375
502.0 14.7330408203125
503.0 14.204861328125
504.0 14.158944140625
505.0 11.00419267578125
506.0 11.63713525390625
507.0 11.85849140625
508.0 10.7359232421875
509.0 11.43936357421875
510.0 12.52287158203125
511.0 13.76026064453125
512.0 13.0828791015625
513.0 13.77132490234375
514.0 15.66398408203125
515.0 14.94840048828125
516.0 10.882121875
517.0 18.83634580078125
518.0 16.05163271484375
519.0 13.31377705078125
520.0 15.0790720703125
521.0 11.78690634765625
522.0 13.52896884765625
523.0 16.73666796875
524.0 19.03048828125
525.0 17.7003044921875
526.0 18.83924013671875
527.0 18.44601435546875
528.0 14.96638251953125
529.0 17.73638515625
530.0 15.5971662109375
531.0 18.553399609375
532.0 15.939403515625
533.0 14.9027474609375
534.0 20.24493310546875
535.0 18.88653017578125
536.0 11.38875390625
537.0 15.6356439453125
538.0 21.93197939453125
539.0 17.88613115234375
540.0 18.739969921875
541.0 18.6761873046875
542.0 17.46271357421875
543.0 19.22101220703125
544.0 19.06064853515625
545.0 13.68959990234375
546.0 14.2955923828125
547.0 13.71695966796875
548.0 13.4502494140625
549.0 14.85696513671875
550.0 16.9525095703125
551.0 15.29595400390625
552.0 18.0483681640625
553.0 18.5980916015625
554.0 15.131683984375
555.0 15.78927509765625
556.0 15.997720703125
557.0 13.22311220703125
558.0 16.54125126953125
559.0 17.44483076171875
560.0 15.7790275390625
561.0 18.077024609375
562.0 13.16571923828125
563.0 16.0310203125
564.0 16.34489453125
565.0 18.10561669921875
566.0 17.76500830078125
567.0 14.1800458984375
568.0 10.29461064453125
569.0 13.92644013671875
570.0 16.17019736328125
571.0 12.85783076171875
572.0 16.03696181640625
573.0 17.004784375
574.0 16.9191494140625
575.0 21.3151400390625
576.0 19.84369072265625
577.0 17.33010439453125
578.0 19.0617251953125
579.0 14.44298251953125
580.0 14.97154765625
581.0 16.38800712890625
582.0 19.0843595703125
583.0 13.56514560546875
584.0 16.15250087890625
585.0 16.981537109375
586.0 17.07350986328125
587.0 19.77714677734375
588.0 16.95060947265625
589.0 13.54021298828125
590.0 23.95417392578125
591.0 16.579270703125
592.0 12.18796494140625
593.0 14.79623525390625
594.0 15.43745244140625
595.0 14.79232861328125
596.0 10.3105419921875
597.0 9.89864072265625
598.0 2.718355859375
599.0 2.71714501953125
600.0 3.17135888671875
601.0 3.8731958984375
602.0 14.14257841796875
603.0 16.68751845703125
604.0 12.213039453125
605.0 14.599812890625
606.0 7.02431962890625
607.0 11.5311302734375
608.0 11.4347615234375
609.0 13.5331376953125
610.0 10.5929388671875
611.0 12.4036103515625
612.0 7.38374111328125
613.0 5.77406005859375
614.0 13.36717099609375
615.0 11.7825984375
616.0 11.664804296875
617.0 13.92169404296875
618.0 17.59430576171875
619.0 17.867549609375
620.0 18.8001263671875
621.0 17.02488369140625
622.0 11.280090625
623.0 13.8650572265625
624.0 20.0201189453125
625.0 20.6558224609375
626.0 16.2256732421875
627.0 16.27348056640625
628.0 18.7651591796875
629.0 19.25000927734375
630.0 15.97125634765625
631.0 19.2193322265625
632.0 12.481639453125
633.0 16.4434740234375
634.0 15.75337841796875
635.0 17.88728466796875
636.0 16.90559619140625
637.0 17.98015400390625
638.0 13.8317484375
639.0 11.900787109375
640.0 16.05421650390625
641.0 18.69887216796875
642.0 16.86058984375
643.0 15.23409921875
644.0 19.03192216796875
645.0 15.5157755859375
646.0 14.28037568359375
647.0 13.13131455078125
648.0 17.54509990234375
649.0 17.428191015625
650.0 17.42865595703125
651.0 18.11803525390625
652.0 13.60130615234375
653.0 14.49825908203125
654.0 16.48057119140625
655.0 16.6032541015625
656.0 17.6464048828125
657.0 17.84855390625
658.0 15.187796875
659.0 16.090025
660.0 18.10970751953125
661.0 15.76624541015625
662.0 18.27507919921875
663.0 15.8198865234375
664.0 15.5529056640625
665.0 12.32220712890625
666.0 11.19683310546875
667.0 10.69445927734375
668.0 12.9503576171875
669.0 18.79665390625
670.0 12.509174609375
671.0 13.15959716796875
672.0 13.03056044921875
673.0 11.18338984375
674.0 10.44160048828125
675.0 11.1701662109375
676.0 12.015323046875
677.0 12.20288857421875
678.0 9.5623052734375
679.0 14.11973125
680.0 12.24704169921875
681.0 13.04749501953125
682.0 12.43087265625
683.0 13.811705859375
684.0 13.36081640625
685.0 12.01788662109375
686.0 13.12029375
687.0 13.3831884765625
688.0 13.92332080078125
689.0 10.71320478515625
690.0 11.533723046875
691.0 16.27610341796875
692.0 16.08788212890625
693.0 17.01879345703125
694.0 18.8424072265625
695.0 17.82496572265625
696.0 16.72017763671875
697.0 18.71670224609375
698.0 16.8916708984375
699.0 12.9538462890625
700.0 0.05882763671875
701.0 39.5460912109375
702.0 19.6077005859375
703.0 14.143441796875
704.0 19.42794091796875
705.0 11.82406669921875
706.0 14.306019140625
707.0 14.2741556640625
708.0 14.18695068359375
709.0 12.11556875
710.0 19.19798525390625
711.0 19.95029404296875
712.0 16.0418216796875
713.0 19.8337044921875
714.0 20.62036044921875
715.0 11.90434921875
716.0 25.9043345703125
717.0 16.00186494140625
718.0 20.77758994140625
719.0 17.62414189453125
720.0 12.842528515625
721.0 15.634178125
722.0 16.85561015625
723.0 18.38261787109375
724.0 17.90361943359375
725.0 15.46653232421875
726.0 14.8203169921875
727.0 14.8540326171875
728.0 15.551869921875
729.0 16.63939609375
730.0 13.02489306640625
731.0 12.4242310546875
732.0 13.66770146484375
733.0 15.3131740234375
734.0 17.9703044921875
735.0 13.861336328125
736.0 13.27998935546875
737.0 13.78318046875
738.0 13.4948021484375
739.0 10.96549560546875
740.0 12.635757421875
741.0 14.200158984375
742.0 13.23810947265625
743.0 10.724091015625
744.0 11.2109904296875
745.0 11.9432953125
746.0 11.849209375
747.0 13.0155875
748.0 13.306132421875
749.0 10.95299677734375
750.0 11.84559990234375
751.0 14.11273759765625
752.0 14.31617431640625
753.0 15.17842685546875
754.0 17.1447240234375
755.0 17.71222216796875
756.0 15.66652998046875
757.0 17.3934048828125
758.0 18.61667275390625
759.0 16.445325390625
760.0 16.93297314453125
761.0 18.49202607421875
762.0 15.8465609375
763.0 19.0375177734375
764.0 18.3693587890625
765.0 16.40381591796875
766.0 19.30994970703125
767.0 18.004367578125
768.0 20.324832421875
769.0 19.23679052734375
770.0 16.69640078125
771.0 19.06884755859375
772.0 17.875906640625
773.0 20.9977515625
774.0 19.36613017578125
775.0 16.74216435546875
776.0 18.94372470703125
777.0 18.18175576171875
778.0 16.7949490234375
779.0 19.42880166015625
780.0 17.17947041015625
781.0 18.5244419921875
782.0 17.6761615234375
783.0 11.25217958984375
784.0 11.70350458984375
785.0 12.93521962890625
786.0 12.62423984375
787.0 10.9693396484375
788.0 12.34803623046875
789.0 18.4486591796875
790.0 16.839977734375
791.0 16.23492978515625
792.0 18.162715234375
793.0 12.9878435546875
794.0 17.8739484375
795.0 19.3072490234375
796.0 18.73619248046875
797.0 16.4318609375
798.0 15.36288251953125
799.0 13.1682552734375
