0.0 11.32127822265625
1.0 11.670692578125
2.0 8.77902216796875
3.0 15.73243017578125
4.0 11.5581490234375
5.0 12.3731419921875
6.0 8.54473115234375
7.0 11.8266736328125
8.0 13.06079501953125
9.0 11.29011875
10.0 12.78403505859375
11.0 12.67455302734375
12.0 13.3657939453125
13.0 12.93339033203125
14.0 11.63372470703125
15.0 13.0327990234375
16.0 13.0627958984375
17.0 12.98292333984375
18.0 11.78750712890625
19.0 12.292757421875
20.0 11.2761740234375
21.0 12.91980068359375
22.0 8.2757486328125
23.0 13.94272470703125
24.0 11.23306181640625
25.0 12.1532326171875
26.0 12.253292578125
27.0 10.04041181640625
28.0 11.49244208984375
29.0 13.43023779296875
30.0 11.254444921875
31.0 11.82269375
32.0 8.67116669921875
33.0 15.27597509765625
34.0 13.12768486328125
35.0 11.5994521484375
36.0 10.54396865234375
37.0 15.0614697265625
38.0 11.116215625
39.0 13.3117466796875
40.0 13.20205224609375
41.0 11.8784244140625
42.0 12.950716015625
43.0 9.110181640625
44.0 14.89586357421875
45.0 12.0054103515625
46.0 9.856169921875
47.0 10.45902138671875
48.0 11.75903759765625
49.0 12.9950529296875
50.0 12.4812984375
51.0 13.431862109375
52.0 11.71674267578125
53.0 12.96295400390625
54.0 13.07693837890625
55.0 7.05645498046875
56.0 15.1797970703125
57.0 12.76807529296875
58.0 12.86847978515625
59.0 8.513982421875
60.0 9.96364248046875
61.0 16.28165400390625
62.0 9.980583984375
63.0 8.28783662109375
64.0 13.13711884765625
65.0 13.13883740234375
66.0 13.1112087890625
67.0 11.87020595703125
68.0 13.4976150390625
69.0 11.82408310546875
70.0 13.2290908203125
71.0 11.3141435546875
72.0 13.15451240234375
73.0 12.3814634765625
74.0 13.04634208984375
75.0 11.56343388671875
76.0 12.734315625
77.0 13.13779111328125
78.0 11.52571708984375
79.0 12.82132841796875
80.0 13.41240576171875
81.0 13.14983955078125
82.0 11.71934921875
83.0 13.13029228515625
84.0 12.4001265625
85.0 11.93604384765625
86.0 13.58338974609375
87.0 11.8962078125
88.0 13.16973603515625
89.0 10.9229796875
90.0 13.4583568359375
91.0 0.0
92.0 0.0
93.0 30.16218173828125
94.0 11.2522107421875
95.0 8.70797236328125
96.0 12.645909765625
97.0 9.65307568359375
98.0 14.61384755859375
99.0 13.15679951171875
100.0 11.536733203125
101.0 12.58281171875
102.0 12.85652705078125
103.0 12.9137775390625
104.0 11.48443525390625
105.0 13.0642357421875
106.0 12.0010658203125
107.0 12.89420390625
108.0 12.42260029296875
109.0 12.97549599609375
110.0 10.8946962890625
111.0 12.40253984375
112.0 11.45735791015625
113.0 13.0180591796875
114.0 12.79907998046875
115.0 10.83197919921875
116.0 12.84260458984375
117.0 12.69217939453125
118.0 11.0123060546875
119.0 12.61729267578125
120.0 12.66864111328125
121.0 12.41674658203125
122.0 12.1710685546875
123.0 10.86394150390625
124.0 12.5150763671875
125.0 12.8031375
126.0 11.59459296875
127.0 11.258775390625
128.0 13.240428125
129.0 11.09653408203125
130.0 7.5839123046875
131.0 12.72889833984375
132.0 12.65111455078125
133.0 10.17510986328125
134.0 11.86564521484375
135.0 13.1055603515625
136.0 9.5150177734375
137.0 16.0734173828125
138.0 10.83425166015625
139.0 11.3661947265625
140.0 12.2267654296875
141.0 11.50478466796875
142.0 10.757901171875
143.0 12.6433634765625
144.0 11.9736181640625
145.0 13.02504462890625
146.0 12.08370810546875
147.0 13.1140048828125
148.0 11.84580732421875
149.0 13.294702734375
150.0 13.016426953125
151.0 11.00908125
152.0 10.97771943359375
153.0 11.27333330078125
154.0 12.1437662109375
155.0 11.8922673828125
156.0 11.6636203125
157.0 12.30649306640625
158.0 12.7558982421875
159.0 9.6136892578125
160.0 12.18861708984375
161.0 6.3638486328125
162.0 9.88751064453125
163.0 8.79508232421875
164.0 11.39025693359375
165.0 8.65697421875
166.0 8.6592755859375
167.0 8.7039568359375
168.0 7.63089658203125
169.0 10.37639736328125
170.0 11.72151650390625
171.0 8.69666181640625
172.0 8.6691234375
173.0 8.88303671875
174.0 8.68356953125
175.0 8.59142294921875
176.0 8.4209759765625
177.0 11.4845361328125
178.0 10.4861123046875
179.0 9.899597265625
180.0 8.44860517578125
181.0 10.5343349609375
182.0 9.48625224609375
183.0 10.1721322265625
184.0 11.29092119140625
185.0 9.83226787109375
186.0 11.50293935546875
187.0 10.97325478515625
188.0 11.2000095703125
189.0 12.207558984375
190.0 9.47652529296875
191.0 8.90781064453125
192.0 9.59161201171875
193.0 10.0653458984375
194.0 11.77187666015625
195.0 11.96858720703125
196.0 10.4041333984375
197.0 10.78530048828125
198.0 11.39098046875
199.0 7.67592705078125
200.0 10.88430986328125
201.0 9.76111279296875
202.0 8.528958984375
203.0 10.66152666015625
204.0 8.40600048828125
205.0 9.60580673828125
206.0 12.50006181640625
207.0 9.88093193359375
208.0 9.127266796875
209.0 9.24372841796875
210.0 9.79223935546875
211.0 13.21322119140625
212.0 8.46547626953125
213.0 13.69197294921875
214.0 8.4486193359375
215.0 6.3291724609375
216.0 13.73699853515625
217.0 10.8128861328125
218.0 11.77405185546875
219.0 10.120228515625
220.0 10.93602216796875
221.0 10.696174609375
222.0 12.97669619140625
223.0 10.258758203125
224.0 9.24365458984375
225.0 11.108858984375
226.0 11.4972490234375
227.0 11.1150619140625
228.0 11.704956640625
229.0 7.85358916015625
230.0 10.41314013671875
231.0 11.45213828125
232.0 11.80565458984375
233.0 11.70323134765625
234.0 7.9429283203125
235.0 11.23608173828125
236.0 10.95256318359375
237.0 10.2904248046875
238.0 11.0935609375
239.0 9.6420986328125
240.0 10.07343525390625
241.0 11.57993896484375
242.0 13.5133826171875
243.0 9.9117765625
244.0 11.87869482421875
245.0 12.16774189453125
246.0 10.34669677734375
247.0 11.864116015625
248.0 11.9136921875
249.0 12.91998671875
250.0 11.81602294921875
251.0 12.31799873046875
252.0 7.29820888671875
253.0 14.90638896484375
254.0 12.4297017578125
255.0 9.63171689453125
256.0 13.02972294921875
257.0 12.77715634765625
258.0 11.4644876953125
259.0 12.25380908203125
260.0 11.65543564453125
261.0 11.67512236328125
262.0 11.39786142578125
263.0 10.988305859375
264.0 11.756808984375
265.0 11.79357255859375
266.0 11.24625498046875
267.0 11.86979560546875
268.0 8.88990029296875
269.0 6.64385517578125
270.0 9.6802349609375
271.0 11.41847236328125
272.0 7.66790390625
273.0 10.5433501953125
274.0 10.4601166015625
275.0 7.64139658203125
276.0 5.87912783203125
277.0 8.750241015625
278.0 8.00810107421875
279.0 12.084105078125
280.0 11.35508310546875
281.0 12.7569947265625
282.0 9.18493076171875
283.0 7.17429365234375
284.0 6.742096484375
285.0 7.9138341796875
286.0 7.75022138671875
287.0 6.64073486328125
288.0 8.018630078125
289.0 11.41163642578125
290.0 10.65936123046875
291.0 10.79399169921875
292.0 10.0536125
293.0 11.94412265625
294.0 10.60052705078125
295.0 12.8401775390625
296.0 11.26510029296875
297.0 11.125106640625
298.0 12.17883173828125
299.0 12.87175185546875
300.0 11.326303125
301.0 10.167717578125
302.0 11.67437822265625
303.0 13.05474287109375
304.0 11.4956716796875
305.0 11.87585380859375
306.0 12.5713453125
307.0 13.08841376953125
308.0 12.76862275390625
309.0 12.73846337890625
310.0 10.61500908203125
311.0 12.92881201171875
312.0 13.14473173828125
313.0 9.08724990234375
314.0 14.75433388671875
315.0 11.9762642578125
316.0 13.1619283203125
317.0 11.7191125
318.0 12.21854814453125
319.0 13.1008677734375
320.0 11.27965634765625
321.0 12.50689794921875
322.0 11.52427802734375
323.0 12.2220177734375
324.0 12.49121650390625
325.0 11.6910234375
326.0 12.40245751953125
327.0 11.471246484375
328.0 12.85794619140625
329.0 11.77291591796875
330.0 12.241290625
331.0 12.89241943359375
332.0 12.27053779296875
333.0 10.0821490234375
334.0 12.46495185546875
335.0 12.7255619140625
336.0 10.195669140625
337.0 14.12203515625
338.0 12.438687109375
339.0 11.9237427734375
340.0 12.44964990234375
341.0 12.5494998046875
342.0 12.64409267578125
343.0 11.25424521484375
344.0 12.79234833984375
345.0 12.99371689453125
346.0 13.01633603515625
347.0 12.1532419921875
348.0 12.0159044921875
349.0 13.4910953125
350.0 11.30984326171875
351.0 12.3940130859375
352.0 12.24287158203125
353.0 12.1986125
354.0 12.23807109375
355.0 7.66538017578125
356.0 13.0487205078125
357.0 13.24395029296875
358.0 13.69777099609375
359.0 13.02606552734375
360.0 12.5445634765625
361.0 13.06938662109375
362.0 13.667759375
363.0 11.6341619140625
364.0 12.97101806640625
365.0 13.03590419921875
366.0 11.30322265625
367.0 10.41497197265625
368.0 11.75095419921875
369.0 11.60636357421875
370.0 13.09317119140625
371.0 11.2383951171875
372.0 10.04023896484375
373.0 7.85078974609375
374.0 8.73954716796875
375.0 9.08231748046875
376.0 12.98249365234375
377.0 12.31331416015625
378.0 5.84472470703125
379.0 9.20072724609375
380.0 11.741673046875
381.0 8.57641962890625
382.0 8.084179296875
383.0 5.93767216796875
384.0 13.46776015625
385.0 9.96427099609375
386.0 9.26253935546875
387.0 12.86244013671875
388.0 11.37160693359375
389.0 10.31098095703125
390.0 7.1120125
391.0 9.012927734375
392.0 9.50994931640625
393.0 8.970675390625
394.0 9.5108015625
395.0 12.92021083984375
396.0 12.14904921875
397.0 11.5587638671875
398.0 13.17043759765625
399.0 11.904022265625
400.0 13.45624638671875
401.0 12.57803193359375
402.0 13.17977451171875
403.0 11.740281640625
404.0 13.2468994140625
405.0 12.65467783203125
406.0 12.00047724609375
407.0 12.62960673828125
408.0 12.97866455078125
409.0 11.67549423828125
410.0 13.10225947265625
411.0 12.6862607421875
412.0 9.13491396484375
413.0 15.09487958984375
414.0 11.6707408203125
415.0 12.6733955078125
416.0 12.749919921875
417.0 11.9770748046875
418.0 13.6637765625
419.0 12.93086826171875
420.0 12.6138412109375
421.0 11.2577146484375
422.0 12.543746875
423.0 11.4001318359375
424.0 12.24185078125
425.0 12.45175546875
426.0 11.2756423828125
427.0 12.6612322265625
428.0 10.31306796875
429.0 11.8321990234375
430.0 10.17733994140625
431.0 12.41091669921875
432.0 10.8366173828125
433.0 12.24582783203125
434.0 12.06078271484375
435.0 9.44127021484375
436.0 14.67555595703125
437.0 12.00438212890625
438.0 12.93161884765625
439.0 10.3127662109375
440.0 12.03602421875
441.0 12.37715478515625
442.0 10.72653544921875
443.0 9.86706328125
444.0 10.26738095703125
445.0 8.95036884765625
446.0 10.70454326171875
447.0 12.90770556640625
448.0 11.24181044921875
449.0 12.82322431640625
450.0 12.659883203125
451.0 12.62642109375
452.0 11.7378880859375
453.0 9.49709189453125
454.0 15.484940625
455.0 9.16809423828125
456.0 14.49391337890625
457.0 10.28301162109375
458.0 12.901699609375
459.0 11.820100390625
460.0 8.81926611328125
461.0 13.43569169921875
462.0 12.33281416015625
463.0 13.011993359375
464.0 11.729636328125
465.0 12.383259375
466.0 12.55791181640625
467.0 12.879623828125
468.0 12.4521044921875
469.0 11.6557353515625
470.0 12.97422412109375
471.0 12.5868546875
472.0 9.2697576171875
473.0 15.53182392578125
474.0 11.54510087890625
475.0 10.5987435546875
476.0 14.77256474609375
477.0 11.5727091796875
478.0 11.6220865234375
479.0 12.68963876953125
480.0 13.87105283203125
481.0 13.6249697265625
482.0 12.4612267578125
483.0 13.11836689453125
484.0 9.00884453125
485.0 12.8814009765625
486.0 14.1510525390625
487.0 10.9900314453125
488.0 12.4597390625
489.0 9.3860314453125
490.0 16.24287314453125
491.0 10.80624677734375
492.0 10.28875078125
493.0 12.15381279296875
494.0 12.2771078125
495.0 10.89822314453125
496.0 12.36801240234375
497.0 11.967878125
498.0 11.06206044921875
499.0 11.63070361328125
500.0 12.476958984375
501.0 12.5403087890625
502.0 9.96442109375
503.0 12.7768318359375
504.0 11.5153208984375
505.0 11.586273046875
506.0 10.1492794921875
507.0 14.15584140625
508.0 11.519165625
509.0 12.6961958984375
510.0 12.1516728515625
511.0 9.69814765625
512.0 10.453956640625
513.0 15.660009765625
514.0 9.9684935546875
515.0 12.1607708984375
516.0 10.94528427734375
517.0 13.1388115234375
518.0 9.75856162109375
519.0 9.97465576171875
520.0 13.60896748046875
521.0 11.9952716796875
522.0 11.24925771484375
523.0 11.9463716796875
524.0 12.8330591796875
525.0 10.5180154296875
526.0 13.0028666015625
527.0 11.14279658203125
528.0 12.5240107421875
529.0 12.70733408203125
530.0 12.8365478515625
531.0 11.2723287109375
532.0 10.87810234375
533.0 13.650692578125
534.0 8.5017544921875
535.0 14.54935712890625
536.0 10.7743283203125
537.0 13.005023828125
538.0 10.10194716796875
539.0 14.04628173828125
540.0 12.0022068359375
541.0 12.85965380859375
542.0 12.45550390625
543.0 11.08447353515625
544.0 11.6306359375
545.0 10.38880341796875
546.0 13.33578388671875
547.0 10.45199404296875
548.0 13.3562955078125
549.0 9.767019140625
550.0 13.12274287109375
551.0 10.76297744140625
552.0 10.80392470703125
553.0 9.72796455078125
554.0 10.3180423828125
555.0 10.37661240234375
556.0 10.8635662109375
557.0 8.1915541015625
558.0 12.52300234375
559.0 10.62301298828125
560.0 8.770928125
561.0 12.1317990234375
562.0 10.58320419921875
563.0 10.670748046875
564.0 10.19151279296875
565.0 11.612208984375
566.0 10.66795576171875
567.0 11.36520126953125
568.0 10.58687509765625
569.0 11.19235556640625
570.0 10.5469208984375
571.0 11.0485876953125
572.0 15.69387197265625
573.0 12.62525009765625
574.0 10.96297099609375
575.0 12.42659345703125
576.0 12.2036109375
577.0 12.0140501953125
578.0 11.90634248046875
579.0 12.845370703125
580.0 12.7459650390625
581.0 10.68049365234375
582.0 14.80274462890625
583.0 12.71200625
584.0 11.26827060546875
585.0 12.8556923828125
586.0 13.2749048828125
587.0 12.8717208984375
588.0 12.01126943359375
589.0 12.68447265625
590.0 12.6250884765625
591.0 11.8231083984375
592.0 12.82044091796875
593.0 13.24050869140625
594.0 12.06628095703125
595.0 12.9853697265625
596.0 12.52678935546875
597.0 13.20310322265625
598.0 11.918870703125
599.0 12.96809912109375
600.0 12.7953892578125
601.0 11.18872158203125
602.0 13.05121298828125
603.0 13.393789453125
604.0 13.4942791015625
605.0 11.6179830078125
606.0 13.15411015625
607.0 13.447820703125
608.0 11.876207421875
609.0 13.35328955078125
610.0 11.68083916015625
611.0 11.90481884765625
612.0 13.1853203125
613.0 11.431592578125
614.0 12.632701953125
615.0 12.3027650390625
616.0 12.44028857421875
617.0 11.8933826171875
618.0 12.9037224609375
619.0 12.94178447265625
620.0 12.53028837890625
621.0 12.0893150390625
622.0 10.28848330078125
623.0 12.51680146484375
624.0 12.67963984375
625.0 12.56615341796875
626.0 11.69223115234375
627.0 11.58193115234375
628.0 12.95299482421875
629.0 12.10987861328125
630.0 8.3987052734375
631.0 14.08204384765625
632.0 12.40904267578125
633.0 12.59754990234375
634.0 13.26428330078125
635.0 10.29968916015625
636.0 12.39099873046875
637.0 11.00634794921875
638.0 11.3988474609375
639.0 12.1069671875
640.0 12.6223234375
641.0 10.66154384765625
642.0 13.299969140625
643.0 12.30765380859375
644.0 12.30577119140625
645.0 12.89296435546875
646.0 12.29008935546875
647.0 11.64772841796875
648.0 13.092600390625
649.0 13.3825833984375
650.0 9.548523046875
651.0 13.4571248046875
652.0 12.04421025390625
653.0 12.920397265625
654.0 13.390007421875
655.0 11.92074013671875
656.0 13.13535302734375
657.0 11.62059716796875
658.0 13.07446953125
659.0 11.93046494140625
660.0 12.96664189453125
661.0 13.3861783203125
662.0 11.56389951171875
663.0 13.035019921875
664.0 13.56987685546875
665.0 11.5568775390625
666.0 12.5185978515625
667.0 12.76036572265625
668.0 13.140586328125
669.0 11.57175439453125
670.0 12.07541416015625
671.0 12.90340517578125
672.0 11.2610974609375
673.0 12.16594990234375
674.0 12.3399818359375
675.0 10.63895498046875
676.0 9.992483203125
677.0 13.37353984375
678.0 11.9873140625
679.0 10.7713423828125
680.0 12.32960869140625
681.0 12.98190986328125
682.0 12.14963427734375
683.0 12.877287109375
684.0 13.1934076171875
685.0 12.0906763671875
686.0 12.9986552734375
687.0 12.18044755859375
688.0 13.27454482421875
689.0 11.612258984375
690.0 13.3572404296875
691.0 12.3785466796875
692.0 11.13253544921875
693.0 14.25570625
694.0 14.407482421875
695.0 12.50680703125
696.0 15.216472265625
697.0 13.08512900390625
698.0 14.6052744140625
699.0 13.979235546875
700.0 11.8645396484375
701.0 14.1775220703125
702.0 13.8578646484375
703.0 13.53788466796875
704.0 12.3100130859375
705.0 14.10204775390625
706.0 12.6102291015625
707.0 12.33058505859375
708.0 14.1088705078125
709.0 13.25895166015625
710.0 14.5240455078125
711.0 13.9773951171875
712.0 14.56780224609375
713.0 13.70054267578125
714.0 14.6350892578125
715.0 14.3694451171875
716.0 13.2762130859375
717.0 14.85911533203125
718.0 14.89738828125
719.0 12.90124736328125
720.0 13.79401845703125
721.0 13.51357587890625
722.0 12.2206435546875
723.0 13.580674609375
724.0 14.73184375
725.0 12.50725693359375
726.0 15.47852783203125
727.0 15.3624423828125
728.0 13.87250048828125
729.0 14.2534390625
730.0 14.34244052734375
731.0 12.7343087890625
732.0 14.63010712890625
733.0 13.95841962890625
734.0 13.2024578125
735.0 14.7444083984375
736.0 12.46033037109375
737.0 14.39276337890625
738.0 13.5474025390625
739.0 14.4215529296875
740.0 14.5746490234375
741.0 12.7610294921875
742.0 14.17945849609375
743.0 13.17706513671875
744.0 10.75130498046875
745.0 12.93675712890625
746.0 14.300041796875
747.0 13.59124619140625
748.0 15.1021416015625
749.0 14.9893462890625
750.0 13.5053625
751.0 15.21981064453125
752.0 15.25497578125
753.0 13.73466005859375
754.0 15.26852119140625
755.0 14.9165673828125
756.0 13.7669166015625
757.0 15.31467080078125
758.0 15.30408291015625
759.0 14.88088974609375
760.0 13.89239228515625
761.0 14.66983359375
762.0 14.9295294921875
763.0 13.7109443359375
764.0 12.967883203125
765.0 14.75477626953125
766.0 11.50532216796875
767.0 15.26895234375
768.0 15.19450927734375
769.0 12.8774890625
770.0 14.86265625
771.0 15.2012791015625
772.0 13.49690712890625
773.0 15.01366220703125
774.0 14.52734052734375
775.0 13.6160775390625
776.0 14.9405578125
777.0 14.30937939453125
778.0 12.57934990234375
779.0 0.0
780.0 0.0
781.0 30.07158681640625
782.0 11.9443873046875
783.0 14.9563091796875
784.0 13.87811474609375
785.0 15.09181064453125
786.0 15.30445712890625
787.0 13.83815732421875
788.0 15.18083193359375
789.0 15.21116181640625
790.0 13.9492400390625
791.0 15.4363716796875
792.0 14.75399765625
793.0 13.62983369140625
794.0 15.2898890625
795.0 15.03535517578125
796.0 15.21815595703125
797.0 13.42955244140625
798.0 14.78713203125
799.0 14.35701513671875
