0.0 6.1831607421875
1.0 3.2517419921875
2.0 5.4510421875
3.0 3.4303603515625
4.0 5.3073005859375
5.0 3.899538671875
6.0 1.0877025390625
7.0 4.48567177734375
8.0 0.700894921875
9.0 2.43788916015625
10.0 1.2200181640625
11.0 1.8667970703125
12.0 1.8609267578125
13.0 4.02447431640625
14.0 4.53582509765625
15.0 1.71946025390625
16.0 0.57845234375
17.0 0.156005859375
18.0 3.72332763671875
19.0 2.94924169921875
20.0 5.76747431640625
21.0 7.98802822265625
22.0 6.4677943359375
23.0 2.503173828125
24.0 3.56526142578125
25.0 0.0
26.0 0.0
27.0 0.0
28.0 0.0
29.0 0.0
30.0 0.0
31.0 0.0
32.0 0.0
33.0 0.0
34.0 0.0
35.0 0.0
36.0 0.0
37.0 0.0
38.0 0.0
39.0 0.0
40.0 0.0
41.0 0.0
42.0 0.0
43.0 0.0
44.0 0.0
45.0 0.0
46.0 0.0
47.0 0.0
48.0 0.0
49.0 0.0
50.0 0.0
51.0 0.0
52.0 0.0
53.0 0.0
54.0 0.0
55.0 0.0
56.0 0.0
57.0 0.0
58.0 0.0
59.0 0.0
60.0 0.0
61.0 0.0
62.0 0.0
63.0 0.0
64.0 0.0
65.0 0.0
66.0 0.0
67.0 0.0
68.0 0.0
69.0 0.0
70.0 0.0
71.0 0.0
72.0 0.0
73.0 0.0
74.0 0.0
75.0 0.0
76.0 0.0
77.0 0.12214658203125
78.0 0.0726623046875
79.0 0.0625076171875
80.0 0.09358115234375
81.0 0.05191904296875
82.0 0.0833435546875
83.0 0.0833435546875
84.0 0.03116611328125
85.0 0.0
86.0 0.0
87.0 0.0
88.0 0.0
89.0 0.0
90.0 0.0
91.0 0.0
92.0 0.0
93.0 0.0
94.0 0.0
95.0 0.0
96.0 0.0
97.0 0.0
98.0 0.0
99.0 0.0
100.0 0.0
101.0 0.10174775390625
102.0 0.07544482421875
103.0 0.0518265625
104.0 0.0625076171875
105.0 0.05217744140625
106.0 0.10417939453125
107.0 0.052001953125
108.0 0.0416716796875
109.0 0.10417939453125
110.0 0.06233212890625
111.0 0.104179296875
112.0 0.0
113.0 0.0
114.0 0.03116611328125
115.0 0.0
116.0 0.0
117.0 0.0
118.0 0.0
119.0 0.0
120.0 0.0
121.0 0.0
122.0 0.0
123.0 0.0
124.0 0.3616634765625
125.0 0.4785923828125
126.0 0.1663361328125
127.0 0.09312001953125
128.0 0.0728650390625
129.0 0.01033017578125
130.0 0.0625076171875
131.0 0.07266240234375
132.0 0.03116611328125
133.0 0.09384912109375
134.0 0.0934982421875
135.0 0.03116611328125
136.0 0.031166015625
137.0 0.07301328125
138.0 0.07283779296875
139.0 0.175728125
140.0 0.22952353515625
141.0 0.0
142.0 0.0
143.0 0.0
144.0 0.0
145.0 0.0
146.0 0.0
147.0 0.0
148.0 0.0
149.0 0.0
150.0 0.0
151.0 0.0
152.0 0.0
153.0 0.0
154.0 0.0
155.0 0.0
156.0 0.0
157.0 0.031166015625
158.0 0.031166015625
159.0 0.09384921875
160.0 0.0835189453125
161.0 0.0623322265625
162.0 0.04167177734375
163.0 0.75686787109375
164.0 2.44222890625
165.0 0.364715625
166.0 2.15181689453125
167.0 1.70605361328125
168.0 0.111626953125
169.0 0.239700390625
170.0 3.605584375
171.0 3.13837939453125
172.0 0.367562890625
173.0 0.84394072265625
174.0 13.930005859375
175.0 9.74646201171875
176.0 0.0
177.0 0.0
178.0 2.7125244140625
179.0 0.21921533203125
180.0 0.07301328125
181.0 0.09384921875
182.0 0.187873828125
183.0 1.08768681640625
184.0 0.01240322265625
185.0 0.1481966796875
186.0 0.21564169921875
187.0 0.6024001953125
188.0 0.7093826171875
189.0 0.12483984375
190.0 0.04149619140625
191.0 0.57412724609375
192.0 0.09367373046875
193.0 0.125015234375
194.0 2.2312955078125
195.0 10.7561423828125
196.0 6.8939390625
197.0 0.76103701171875
198.0 0.3033029296875
199.0 12.76041552734375
200.0 12.26613388671875
201.0 6.46290390625
202.0 4.3521296875
203.0 6.67260244140625
204.0 12.08751513671875
205.0 4.54847314453125
206.0 11.69390556640625
207.0 3.56789755859375
208.0 2.9460705078125
209.0 5.8753890625
210.0 12.97230693359375
211.0 22.2497478515625
212.0 19.6893982421875
213.0 18.952293359375
214.0 9.9118197265625
215.0 0.5212478515625
216.0 0.2395248046875
217.0 12.6536724609375
218.0 0.0
219.0 0.0
220.0 0.0
221.0 0.0
222.0 0.0
223.0 0.0
224.0 0.0
225.0 0.0
226.0 0.0
227.0 0.0
228.0 0.0
229.0 0.0
230.0 0.0
231.0 0.0
232.0 0.0
233.0 0.0
234.0 0.0
235.0 0.0
236.0 0.0
237.0 0.0
238.0 0.0
239.0 0.0
240.0 0.0
241.0 13.46102451171875
242.0 0.0
243.0 0.0
244.0 0.0103302734375
245.0 0.0
246.0 0.0
247.0 0.0
248.0 0.0
249.0 0.0
250.0 0.0
251.0 0.0
252.0 0.0
253.0 0.0
254.0 0.0
255.0 0.0
256.0 0.0
257.0 0.0
258.0 0.0
259.0 0.0
260.0 0.0
261.0 0.0
262.0 0.0
263.0 0.0
264.0 0.0
265.0 0.0
266.0 0.0
267.0 0.0
268.0 0.0
269.0 0.0
270.0 0.0
271.0 0.0
272.0 0.0
273.0 0.0
274.0 0.0
275.0 0.0
276.0 0.0
277.0 0.0
278.0 0.0835189453125
279.0 0.01033017578125
280.0 0.05873193359375
281.0 0.01410595703125
282.0 0.0
283.0 0.0
284.0 0.458915625
285.0 0.052001953125
286.0 0.031166015625
287.0 0.02083583984375
288.0 0.04167177734375
289.0 0.052001953125
290.0 0.02083583984375
291.0 0.07283779296875
292.0 0.0103302734375
293.0 0.05217744140625
294.0 0.0625076171875
295.0 0.031166015625
296.0 0.0
297.0 0.0
298.0 0.0
299.0 0.0
300.0 0.0
301.0 0.0
302.0 0.0
303.0 0.0
304.0 0.0
305.0 0.0
306.0 0.0
307.0 0.0
308.0 0.0
309.0 0.0
310.0 0.0
311.0 0.0
312.0 0.0
313.0 0.0
314.0 0.0
315.0 0.0
316.0 0.0
317.0 0.0
318.0 0.0
319.0 0.0
320.0 0.0
321.0 0.0
322.0 0.0
323.0 0.0
324.0 0.0
325.0 0.0
326.0 0.0
327.0 0.18717177734375
328.0 0.25003056640625
329.0 0.0
330.0 0.0
331.0 0.09532421875
332.0 0.39453564453125
333.0 0.0220064453125
334.0 0.6889876953125
335.0 1.2709884765625
336.0 0.041671875
337.0 0.08351904296875
338.0 0.2503814453125
339.0 0.13552099609375
340.0 5.5983947265625
341.0 0.0
342.0 0.0
343.0 0.0
344.0 0.031166015625
345.0 0.01033017578125
346.0 0.01033017578125
347.0 0.02066044921875
348.0 0.0206603515625
349.0 0.02083583984375
350.0 0.041671875
351.0 0.0103302734375
352.0 1.79422744140625
353.0 0.0317841796875
354.0 0.1456755859375
355.0 0.1869962890625
356.0 0.0
357.0 0.0
358.0 0.22627412109375
359.0 0.04167177734375
360.0 0.02083583984375
361.0 0.11468515625
362.0 0.05217744140625
363.0 0.08316796875
364.0 0.13534541015625
365.0 0.12501513671875
366.0 0.0625076171875
367.0 0.0835189453125
368.0 0.0625076171875
369.0 0.0625076171875
370.0 0.05217744140625
371.0 0.05217744140625
372.0 0.03116611328125
373.0 0.05217744140625
374.0 0.02083583984375
375.0 1.1636578125
376.0 0.69975107421875
377.0 0.0527669921875
378.0 0.07301328125
379.0 0.11468505859375
380.0 0.0311662109375
381.0 0.052001953125
382.0 0.0
383.0 0.0
384.0 0.0
385.0 0.0
386.0 0.0
387.0 0.0
388.0 0.0
389.0 0.0
390.0 0.0
391.0 0.0
392.0 0.0
393.0 0.0
394.0 0.0
395.0 0.0
396.0 0.0
397.0 0.0
398.0 0.0
399.0 0.0
400.0 0.0
401.0 0.0
402.0 0.0
403.0 0.0
404.0 0.0
405.0 0.618550390625
406.0 1.76356015625
407.0 0.072837890625
408.0 0.031166015625
409.0 0.0936736328125
410.0 0.06233203125
411.0 0.0625076171875
412.0 0.14567568359375
413.0 0.32998291015625
414.0 1.52616484375
415.0 0.59443671875
416.0 0.1773681640625
417.0 0.0728376953125
418.0 0.06233203125
419.0 0.43807978515625
420.0 0.0
421.0 0.0
422.0 0.03801005859375
423.0 0.05200185546875
424.0 0.73283896484375
425.0 3.57178759765625
426.0 0.0
427.0 0.0
428.0 0.0
429.0 0.0
430.0 2.5579681640625
431.0 0.0
432.0 0.0
433.0 0.0511671875
434.0 3.22287294921875
435.0 2.7039490234375
436.0 0.6361083984375
437.0 0.34440615234375
438.0 2.3494271484375
439.0 9.917391015625
440.0 11.11871220703125
441.0 0.0
442.0 0.0
443.0 0.0
444.0 1.252784765625
445.0 0.64573671875
446.0 0.1773681640625
447.0 0.0
448.0 0.0
449.0 1.0145365234375
450.0 7.42472001953125
451.0 0.0
452.0 0.0
453.0 0.0
454.0 0.0
455.0 0.0
456.0 0.0
457.0 0.0
458.0 0.0
459.0 0.0
460.0 0.054958203125
461.0 0.08281708984375
462.0 0.05217744140625
463.0 0.354736328125
464.0 0.3023833984375
465.0 0.80244443359375
466.0 3.48942119140625
467.0 1.254864453125
468.0 0.1773681640625
469.0 0.2101892578125
470.0 2.65851640625
471.0 0.21921533203125
472.0 0.1353455078125
473.0 1.93385478515625
474.0 2.64286640625
475.0 2.962028515625
476.0 0.7199783203125
477.0 0.0416716796875
478.0 0.11450966796875
479.0 0.1873474609375
480.0 3.36964404296875
481.0 0.23917392578125
482.0 8.46323427734375
483.0 1.289031640625
484.0 1.36553955078125
485.0 0.82275390625
486.0 0.0934982421875
487.0 4.183120703125
488.0 0.58445732421875
489.0 0.02083583984375
490.0 0.031166015625
491.0 0.08351904296875
492.0 0.0416716796875
493.0 0.1460265625
494.0 0.04167177734375
495.0 0.1770171875
496.0 0.12953515625
497.0 0.0
498.0 0.0
499.0 0.0
500.0 0.0
501.0 0.07301337890625
502.0 0.42423994140625
503.0 0.76077275390625
504.0 0.02083583984375
505.0 0.07283779296875
506.0 0.052001953125
507.0 0.0
508.0 0.0
509.0 0.2712173828125
510.0 0.07283779296875
511.0 0.05217744140625
512.0 0.0833435546875
513.0 0.03116611328125
514.0 0.11450966796875
515.0 0.0
516.0 0.0
517.0 0.0
518.0 0.0
519.0 0.0
520.0 0.0
521.0 0.0
522.0 0.0
523.0 0.0
524.0 0.0
525.0 0.0
526.0 0.0
527.0 0.0
528.0 0.0
529.0 0.0
530.0 0.0
531.0 0.0
532.0 0.0
533.0 0.0
534.0 0.0
535.0 0.0
536.0 0.0
537.0 0.0
538.0 0.0
539.0 0.0
540.0 0.0
541.0 0.0
542.0 0.0
543.0 0.0
544.0 0.0
545.0 0.0
546.0 0.0
547.0 0.0
548.0 0.0
549.0 0.0
550.0 0.0
551.0 0.0
552.0 0.0
553.0 0.0
554.0 0.0
555.0 0.0
556.0 0.0
557.0 0.0
558.0 0.0
559.0 0.080123828125
560.0 0.031166015625
561.0 0.218864453125
562.0 0.1455001953125
563.0 0.2293701171875
564.0 0.26036064453125
565.0 0.20835869140625
566.0 0.1563568359375
567.0 0.25003056640625
568.0 0.43790439453125
569.0 0.15653232421875
570.0 0.15635673828125
571.0 0.26053623046875
572.0 0.61474609375
573.0 0.6257783203125
574.0 0.3543853515625
575.0 0.302558984375
576.0 0.1355208984375
577.0 0.03116611328125
578.0 0.19820400390625
579.0 0.0416716796875
580.0 1.2228240234375
581.0 0.052001953125
582.0 0.0414962890625
583.0 0.08316796875
584.0 0.0623322265625
585.0 0.1558302734375
586.0 0.0833435546875
587.0 0.1563568359375
588.0 0.0833435546875
589.0 0.8484966796875
590.0 0.945669921875
591.0 1.66880029296875
592.0 0.57395166015625
593.0 0.260887109375
594.0 0.08334345703125
595.0 0.10417939453125
596.0 0.0
597.0 0.0
598.0 0.26998896484375
599.0 0.23970048828125
600.0 0.0625076171875
601.0 0.68392578125
602.0 3.1546134765625
603.0 3.3381271484375
604.0 8.76746201171875
605.0 2.24581298828125
606.0 3.42699443359375
607.0 3.43485263671875
608.0 2.210366796875
609.0 1.97887255859375
610.0 3.40956103515625
611.0 2.14785009765625
612.0 14.00292431640625
613.0 0.74435966796875
614.0 2.983215234375
615.0 10.189362890625
616.0 1.465262109375
617.0 9.88221396484375
618.0 2.143969921875
619.0 2.5363478515625
620.0 0.0105423828125
621.0 0.09384921875
622.0 0.02083583984375
623.0 0.03116611328125
624.0 0.031166015625
625.0 0.07301328125
626.0 1.36372412109375
627.0 1.82807255859375
628.0 8.71931337890625
629.0 5.00894072265625
630.0 10.79091328125
631.0 6.6373099609375
632.0 4.36987646484375
633.0 4.646355078125
634.0 13.75577197265625
635.0 3.20323125
636.0 14.217397265625
637.0 12.673378515625
638.0 17.865992578125
639.0 11.781823828125
640.0 0.92132294921875
641.0 0.497618359375
642.0 1.5020994140625
643.0 0.26071171875
644.0 0.0835189453125
645.0 0.973819140625
646.0 0.0
647.0 0.0
648.0 1.896865625
649.0 1.6980865234375
650.0 0.60496845703125
651.0 2.16552490234375
652.0 0.0
653.0 0.0
654.0 0.60476689453125
655.0 2.59731279296875
656.0 0.0625076171875
657.0 1.157180859375
658.0 9.06696318359375
659.0 8.618179296875
660.0 7.940593359375
661.0 1.5444912109375
662.0 13.14614775390625
663.0 6.5200080078125
664.0 0.0
665.0 0.0
666.0 0.59274990234375
667.0 7.19819921875
668.0 5.9145369140625
669.0 5.76217158203125
670.0 10.39523330078125
671.0 3.296893359375
672.0 0.05349873046875
673.0 0.01033017578125
674.0 0.12478212890625
675.0 0.15641455078125
676.0 1.6458400390625
677.0 0.64856298828125
678.0 0.0
679.0 0.0
680.0 0.0
681.0 0.0
682.0 0.0
683.0 0.0
684.0 0.0
685.0 0.0
686.0 0.0
687.0 0.0
688.0 0.0
689.0 0.0
690.0 0.0
691.0 0.0
692.0 0.0
693.0 0.0
694.0 0.0
695.0 0.0
696.0 0.0
697.0 0.0
698.0 0.0
699.0 0.0
700.0 1.81306181640625
701.0 0.656779296875
702.0 0.74279462890625
703.0 1.80485869140625
704.0 0.82222744140625
705.0 0.197853125
706.0 0.07266240234375
707.0 0.781783984375
708.0 0.208709765625
709.0 0.60406494140625
710.0 0.13528515625
711.0 0.3653021484375
712.0 1.39097685546875
713.0 0.45431416015625
714.0 1.59231396484375
715.0 0.2111298828125
716.0 1.27844765625
717.0 0.806368359375
718.0 0.665870703125
719.0 0.53157802734375
720.0 0.69773857421875
721.0 0.69773857421875
722.0 0.218864453125
723.0 0.77092734375
724.0 0.56563603515625
725.0 0.36077080078125
726.0 0.338208203125
727.0 0.23381318359375
728.0 0.0
729.0 0.0
730.0 0.0
731.0 0.35385849609375
732.0 0.1661609375
733.0 0.04167177734375
734.0 0.07283779296875
735.0 0.10417939453125
736.0 0.79132236328125
737.0 0.390851953125
738.0 0.0
739.0 0.0
740.0 0.0
741.0 0.0
742.0 0.0
743.0 0.0
744.0 0.0
745.0 0.0
746.0 0.0
747.0 0.0
748.0 0.0
749.0 0.0
750.0 0.0
751.0 0.0
752.0 0.0
753.0 0.0
754.0 0.0
755.0 0.0
756.0 0.0
757.0 0.0
758.0 12.633255078125
759.0 0.10435478515625
760.0 1.3929931640625
761.0 6.1769681640625
762.0 2.12854775390625
763.0 3.27702333984375
764.0 0.04149619140625
765.0 0.604766796875
766.0 3.5378203125
767.0 4.69532685546875
768.0 0.38799345703125
769.0 0.15708037109375
770.0 1.47129814453125
771.0 9.31278232421875
772.0 2.9929013671875
773.0 2.15812255859375
774.0 1.02190537109375
775.0 0.260290625
776.0 2.0554046875
777.0 0.031166015625
778.0 0.2291947265625
779.0 5.00534150390625
780.0 5.49420859375
781.0 9.904667578125
782.0 3.563166015625
783.0 6.8841484375
784.0 1.04179384765625
785.0 0.0928533203125
786.0 0.073658203125
787.0 0.27104189453125
788.0 0.2293701171875
789.0 0.719451953125
790.0 0.0
791.0 0.0
792.0 0.0
793.0 0.0
794.0 0.0
795.0 0.0
796.0 0.0
797.0 0.0
798.0 0.0
799.0 0.0
