0.0 1.27154462890625
1.0 0.74509560546875
2.0 1.2788619140625
3.0 1.58345966796875
4.0 5.401895703125
5.0 2.37942529296875
6.0 4.6630638671875
7.0 3.6649580078125
8.0 5.73800478515625
9.0 2.38833076171875
10.0 1.40344091796875
11.0 3.84205380859375
12.0 2.2146037109375
13.0 0.781959375
14.0 1.58159658203125
15.0 1.9690099609375
16.0 1.55320625
17.0 2.44098603515625
18.0 4.89080234375
19.0 4.8024216796875
20.0 5.48119404296875
21.0 3.77557998046875
22.0 2.287003125
23.0 4.8791337890625
24.0 3.95005947265625
25.0 0.0
26.0 0.0
27.0 0.0
28.0 0.0
29.0 0.0
30.0 0.0
31.0 0.0
32.0 0.0
33.0 0.0
34.0 0.0
35.0 0.0
36.0 0.0
37.0 0.0
38.0 0.0
39.0 0.0
40.0 0.0
41.0 0.0
42.0 0.0
43.0 0.0
44.0 0.0
45.0 0.0
46.0 0.0
47.0 0.0
48.0 0.0
49.0 0.0
50.0 0.0
51.0 0.0
52.0 0.0
53.0 0.79697744140625
54.0 1.1426953125
55.0 0.959588671875
56.0 2.66052080078125
57.0 1.271007421875
58.0 0.87376845703125
59.0 1.2940251953125
60.0 0.90583974609375
61.0 0.714419921875
62.0 1.0135806640625
63.0 0.73101875
64.0 0.6589470703125
65.0 0.537203515625
66.0 0.5362091796875
67.0 0.6627173828125
68.0 0.42057275390625
69.0 0.02066044921875
70.0 1.12548828125
71.0 0.13534541015625
72.0 0.27961083984375
73.0 3.20855595703125
74.0 1.20530126953125
75.0 1.14599423828125
76.0 1.71626044921875
77.0 1.67357998046875
78.0 1.2027265625
79.0 1.23989921875
80.0 0.24005126953125
81.0 0.45838935546875
82.0 0.198028515625
83.0 0.34317783203125
84.0 2.229416015625
85.0 2.15853447265625
86.0 0.68038623046875
87.0 0.23987578125
88.0 0.40673828125
89.0 0.0
90.0 0.0
91.0 0.031931640625
92.0 0.0103302734375
93.0 0.0
94.0 0.0
95.0 0.0208359375
96.0 0.2369068359375
97.0 0.0
98.0 0.0
99.0 0.01033017578125
100.0 0.0208359375
101.0 0.01033017578125
102.0 0.09332275390625
103.0 0.1665115234375
104.0 0.02066044921875
105.0 0.3141654296875
106.0 0.35744345703125
107.0 0.17092783203125
108.0 0.0
109.0 0.0
110.0 0.27051533203125
111.0 0.37434404296875
112.0 0.0206603515625
113.0 0.5204255859375
114.0 5.202738671875
115.0 2.527451953125
116.0 0.54635751953125
117.0 0.57945322265625
118.0 1.9514982421875
119.0 2.6395193359375
120.0 4.696733984375
121.0 4.1102259765625
122.0 3.5367541015625
123.0 1.47889619140625
124.0 2.32782744140625
125.0 0.0
126.0 0.0
127.0 0.0
128.0 0.0
129.0 0.0
130.0 0.0
131.0 0.0
132.0 0.0
133.0 0.0
134.0 0.0
135.0 0.0
136.0 0.0
137.0 0.0
138.0 0.0
139.0 0.0
140.0 0.0
141.0 0.0
142.0 0.0
143.0 0.0
144.0 0.0
145.0 0.0
146.0 0.0
147.0 0.0
148.0 0.0
149.0 0.0
150.0 0.0
151.0 0.0
152.0 0.0
153.0 0.0
154.0 0.0
155.0 0.0
156.0 0.0
157.0 0.0
158.0 0.0
159.0 0.0
160.0 0.0
161.0 0.0
162.0 2.50120224609375
163.0 1.91052109375
164.0 1.26028603515625
165.0 1.039884765625
166.0 3.59791669921875
167.0 2.0599900390625
168.0 0.47904833984375
169.0 0.426872265625
170.0 4.0299712890625
171.0 1.575116015625
172.0 0.0625076171875
173.0 1.66676708984375
174.0 1.5141509765625
175.0 1.4006478515625
176.0 9.031151953125
177.0 2.42934677734375
178.0 7.03597294921875
179.0 3.79800849609375
180.0 1.94072822265625
181.0 1.81436748046875
182.0 1.86872080078125
183.0 1.51496083984375
184.0 1.3530201171875
185.0 0.21798701171875
186.0 1.90254580078125
187.0 6.06633994140625
188.0 4.31763427734375
189.0 5.8742767578125
190.0 0.8802111328125
191.0 0.135169921875
192.0 7.092667578125
193.0 0.0
194.0 0.0
195.0 0.07283779296875
196.0 0.01752490234375
197.0 3.56762548828125
198.0 2.64460654296875
199.0 1.65271337890625
200.0 3.1407578125
201.0 3.93935166015625
202.0 0.0
203.0 0.0
204.0 0.0
205.0 2.1277443359375
206.0 0.53665576171875
207.0 0.3546037109375
208.0 0.5137439453125
209.0 0.2192666015625
210.0 0.02903212890625
211.0 2.3752953125
212.0 1.6539078125
213.0 2.40487666015625
214.0 1.9786224609375
215.0 0.3645400390625
216.0 0.44700625
217.0 2.08097509765625
218.0 4.2272380859375
219.0 3.98883154296875
220.0 1.248373046875
221.0 0.11442568359375
222.0 1.5285416015625
223.0 4.14242861328125
224.0 0.0
225.0 0.0
226.0 0.23302255859375
227.0 1.42852900390625
228.0 2.35887646484375
229.0 1.742281640625
230.0 2.61788935546875
231.0 0.3648912109375
232.0 3.39368515625
233.0 2.9143806640625
234.0 0.6903318359375
235.0 1.0305861328125
236.0 1.62010966796875
237.0 4.1986552734375
238.0 4.12683896484375
239.0 3.64574111328125
240.0 3.60627177734375
241.0 1.32133447265625
242.0 1.60190576171875
243.0 1.18711865234375
244.0 3.40182216796875
245.0 0.0
246.0 0.0
247.0 0.01033017578125
248.0 0.4997099609375
249.0 0.2395248046875
250.0 0.062156640625
251.0 0.07301337890625
252.0 0.7006044921875
253.0 0.64287080078125
254.0 1.2695845703125
255.0 0.73763037109375
256.0 0.0527291015625
257.0 0.0
258.0 0.0
259.0 0.0
260.0 0.0
261.0 0.0
262.0 0.0
263.0 0.0
264.0 0.0
265.0 0.0
266.0 0.0
267.0 0.0
268.0 0.0
269.0 0.0
270.0 0.0
271.0 2.11669345703125
272.0 2.12729111328125
273.0 1.56490947265625
274.0 1.6099916015625
275.0 2.4054248046875
276.0 0.0
277.0 0.0
278.0 0.0
279.0 0.1703818359375
280.0 1.59289560546875
281.0 1.24874677734375
282.0 1.19815263671875
283.0 2.03408671875
284.0 1.55576337890625
285.0 0.99685419921875
286.0 6.7448109375
287.0 1.40926083984375
288.0 1.478496875
289.0 1.2475810546875
290.0 1.499396484375
291.0 1.56709150390625
292.0 1.63152822265625
293.0 0.28584365234375
294.0 1.471085546875
295.0 0.6574009765625
296.0 2.2927853515625
297.0 1.655295703125
298.0 1.59675712890625
299.0 2.10113505859375
300.0 0.900720703125
301.0 0.46672626953125
302.0 0.64588369140625
303.0 0.08796513671875
304.0 1.51173984375
305.0 2.329419921875
306.0 1.95078857421875
307.0 2.05066181640625
308.0 2.03302294921875
309.0 1.967087890625
310.0 1.8888025390625
311.0 1.6628267578125
312.0 2.01384365234375
313.0 0.73574765625
314.0 1.759680859375
315.0 1.39052470703125
316.0 0.8562125
317.0 1.54963779296875
318.0 1.182333203125
319.0 1.32082861328125
320.0 1.67481044921875
321.0 1.63005146484375
322.0 1.9186775390625
323.0 1.3707138671875
324.0 1.94031787109375
325.0 1.550901171875
326.0 1.44626162109375
327.0 2.11240595703125
328.0 2.05518671875
329.0 2.0580802734375
330.0 2.1772685546875
331.0 1.8792029296875
332.0 2.2419744140625
333.0 2.72991357421875
334.0 2.19570849609375
335.0 1.890201953125
336.0 0.0
337.0 0.0
338.0 0.14711240234375
339.0 0.529472265625
340.0 0.7356638671875
341.0 0.4387568359375
342.0 0.56099140625
343.0 0.14540908203125
344.0 1.23853349609375
345.0 1.860448828125
346.0 1.85880791015625
347.0 1.59205966796875
348.0 1.254588671875
349.0 1.82833818359375
350.0 1.0672609375
351.0 2.20631962890625
352.0 1.87579140625
353.0 1.9018923828125
354.0 2.014770703125
355.0 2.12942431640625
356.0 1.7548568359375
357.0 2.0780361328125
358.0 2.35144306640625
359.0 2.30681796875
360.0 7.41906318359375
361.0 1.784534375
362.0 5.069857421875
363.0 2.3160677734375
364.0 1.879329296875
365.0 3.0606404296875
366.0 4.1916296875
367.0 5.46494580078125
368.0 4.2090197265625
369.0 2.33543857421875
370.0 4.48055849609375
371.0 3.54326064453125
372.0 3.11423720703125
373.0 4.61817314453125
374.0 3.1331048828125
375.0 2.14524453125
376.0 2.68554951171875
377.0 1.493803125
378.0 1.10266279296875
379.0 2.19119951171875
380.0 3.7011470703125
381.0 7.70245361328125
382.0 3.1400822265625
383.0 2.20357109375
384.0 0.8178
385.0 2.899109765625
386.0 2.45949638671875
387.0 0.55069482421875
388.0 0.0
389.0 0.0
390.0 0.06233212890625
391.0 5.1969908203125
392.0 0.90610810546875
393.0 0.98188525390625
394.0 0.40836298828125
395.0 0.0
396.0 0.0
397.0 0.71635380859375
398.0 3.57440859375
399.0 3.22414404296875
400.0 3.62485751953125
401.0 3.191273828125
402.0 2.44704560546875
403.0 0.45781806640625
404.0 0.63382666015625
405.0 0.817446875
406.0 1.4460056640625
407.0 0.61211396484375
408.0 0.46266669921875
409.0 0.01339990234375
410.0 0.0
411.0 0.0
412.0 0.03116611328125
413.0 0.04508603515625
414.0 0.04264462890625
415.0 0.01574677734375
416.0 0.06198115234375
417.0 0.18405810546875
418.0 1.193194921875
419.0 1.826605859375
420.0 0.2783169921875
421.0 0.65156064453125
422.0 0.96302265625
423.0 1.56390859375
424.0 0.1896130859375
425.0 0.15116181640625
426.0 0.98841103515625
427.0 0.3003607421875
428.0 0.18292451171875
429.0 0.44586689453125
430.0 2.3047998046875
431.0 2.1238416015625
432.0 1.05656982421875
433.0 1.22770439453125
434.0 1.66941083984375
435.0 2.02062109375
436.0 1.72343056640625
437.0 1.72144814453125
438.0 3.056702734375
439.0 4.21975263671875
440.0 3.01851650390625
441.0 4.04612626953125
442.0 0.6856025390625
443.0 4.675617578125
444.0 5.69169697265625
445.0 5.03643427734375
446.0 3.74182734375
447.0 0.0516509765625
448.0 0.55118564453125
449.0 0.85401826171875
450.0 1.4024609375
451.0 0.78309619140625
452.0 0.31958203125
453.0 2.45221611328125
454.0 2.238345703125
455.0 1.39280966796875
456.0 0.66785498046875
457.0 0.3601896484375
458.0 1.868538671875
459.0 5.00890986328125
460.0 2.95558701171875
461.0 2.62954892578125
462.0 2.9095248046875
463.0 1.03710146484375
464.0 1.568265234375
465.0 2.46692783203125
466.0 2.09769755859375
467.0 1.93818876953125
468.0 1.93865576171875
469.0 0.02066044921875
470.0 0.08807158203125
471.0 1.42390771484375
472.0 0.33178662109375
473.0 1.25583115234375
474.0 2.20099677734375
475.0 2.82151328125
476.0 4.49962568359375
477.0 0.43553369140625
478.0 0.7294255859375
479.0 1.20312294921875
480.0 0.4696384765625
481.0 0.3439236328125
482.0 0.33655595703125
483.0 0.5218123046875
484.0 0.35446728515625
485.0 0.0
486.0 0.0
487.0 0.02066044921875
488.0 0.0686923828125
489.0 0.0866115234375
490.0 0.14442197265625
491.0 0.2667880859375
492.0 0.0135564453125
493.0 0.249153125
494.0 0.0
495.0 0.0
496.0 0.251423828125
497.0 0.48973828125
498.0 0.68870224609375
499.0 0.0529453125
500.0 0.0
501.0 0.0
502.0 0.0
503.0 0.0
504.0 0.01033017578125
505.0 0.052001953125
506.0 0.062156640625
507.0 0.0208359375
508.0 0.0208359375
509.0 0.144973828125
510.0 0.04132080078125
511.0 0.327781640625
512.0 2.342687890625
513.0 0.85568408203125
514.0 0.1512546875
515.0 1.7021251953125
516.0 2.61147333984375
517.0 1.017944921875
518.0 1.07163486328125
519.0 2.02456591796875
520.0 3.00333349609375
521.0 1.4831990234375
522.0 1.12955283203125
523.0 3.03247626953125
524.0 3.5218634765625
525.0 3.95564775390625
526.0 4.17741845703125
527.0 2.944226171875
528.0 2.38989609375
529.0 0.927978515625
530.0 3.5951423828125
531.0 4.79237568359375
532.0 3.707462109375
533.0 1.48851201171875
534.0 0.62975810546875
535.0 0.28084560546875
536.0 0.5843048828125
537.0 0.576296875
538.0 0.2696435546875
539.0 0.042784765625
540.0 0.05329130859375
541.0 0.27979287109375
542.0 0.3767833984375
543.0 0.1707861328125
544.0 0.6239544921875
545.0 0.4119681640625
546.0 0.28330283203125
547.0 0.12795576171875
548.0 1.4252697265625
549.0 4.82110625
550.0 0.56133671875
551.0 1.41367119140625
552.0 1.7699140625
553.0 1.40240546875
554.0 0.04153857421875
555.0 0.210486328125
556.0 0.51149560546875
557.0 0.29792314453125
558.0 0.128887109375
559.0 0.01661318359375
560.0 0.031166015625
561.0 0.031166015625
562.0 0.08913701171875
563.0 0.02484619140625
564.0 0.62296142578125
565.0 0.506035546875
566.0 1.50144072265625
567.0 0.855310546875
568.0 3.97081298828125
569.0 0.50120263671875
570.0 3.978994140625
571.0 1.0102177734375
572.0 0.21762890625
573.0 0.0
574.0 0.0
575.0 0.0217333984375
576.0 0.2045283203125
577.0 0.3228669921875
578.0 0.042078125
579.0 0.10532373046875
580.0 0.775435546875
581.0 3.277779296875
582.0 0.84751162109375
583.0 0.2730970703125
584.0 0.86057001953125
585.0 0.031166015625
586.0 1.5582658203125
587.0 1.02265791015625
588.0 0.098481640625
589.0 0.02066044921875
590.0 0.12292138671875
591.0 0.04014462890625
592.0 0.7432728515625
593.0 1.7805810546875
594.0 4.1093291015625
595.0 3.5650396484375
596.0 3.700951953125
597.0 2.48497998046875
598.0 1.723074609375
599.0 0.83631064453125
600.0 1.89989853515625
601.0 1.27356640625
602.0 0.5951603515625
603.0 0.18036435546875
604.0 0.2292619140625
605.0 0.124688671875
606.0 0.708864453125
607.0 4.826919921875
608.0 6.605474609375
609.0 2.64346416015625
610.0 9.0423193359375
611.0 6.15247548828125
612.0 1.66083486328125
613.0 3.62611015625
614.0 5.81278408203125
615.0 0.0
616.0 0.0
617.0 0.0
618.0 0.0
619.0 0.0
620.0 0.0
621.0 0.0
622.0 0.0
623.0 0.0
624.0 0.0
625.0 0.0
626.0 0.0
627.0 0.0
628.0 0.0
629.0 0.0
630.0 0.0
631.0 0.0
632.0 0.0
633.0 0.0
634.0 0.0
635.0 0.0
636.0 0.0
637.0 0.0
638.0 0.0
639.0 0.0
640.0 0.0
641.0 0.0
642.0 0.0
643.0 0.0
644.0 0.0
645.0 0.0
646.0 0.0
647.0 0.0
648.0 0.0
649.0 0.0
650.0 0.0
651.0 0.0
652.0 0.0
653.0 0.0
654.0 0.0
655.0 0.0
656.0 0.0
657.0 0.0
658.0 0.0
659.0 0.0
660.0 0.0
661.0 0.0
662.0 0.0
663.0 0.0
664.0 0.0
665.0 0.0
666.0 0.0
667.0 0.0
668.0 0.03170869140625
669.0 0.2101328125
670.0 0.25236767578125
671.0 1.02376513671875
672.0 2.0995994140625
673.0 0.9663876953125
674.0 0.569901953125
675.0 0.7488150390625
676.0 0.177956640625
677.0 0.08316806640625
678.0 0.0208359375
679.0 0.0518265625
680.0 0.0206603515625
681.0 0.10400380859375
682.0 0.15239921875
683.0 0.63480166015625
684.0 0.89594833984375
685.0 1.04540263671875
686.0 0.1571068359375
687.0 0.0
688.0 0.0
689.0 0.0
690.0 0.0
691.0 0.0
692.0 0.0
693.0 0.0
694.0 0.0
695.0 0.0
696.0 0.0
697.0 0.0
698.0 0.0
699.0 0.0
700.0 0.0
701.0 0.03116611328125
702.0 0.0
703.0 0.0
704.0 0.0
705.0 0.082992578125
706.0 0.01033017578125
707.0 0.0
708.0 0.0
709.0 0.0
710.0 0.0
711.0 0.0
712.0 0.0
713.0 0.0
714.0 0.0
715.0 0.0
716.0 0.0
717.0 0.0
718.0 0.0
719.0 0.0
720.0 0.0
721.0 0.0
722.0 0.0
723.0 0.0
724.0 0.0
725.0 0.0
726.0 0.0
727.0 0.0
728.0 0.0
729.0 0.0
730.0 0.0
731.0 0.0
732.0 0.0
733.0 0.0
734.0 0.0
735.0 0.0
736.0 0.0
737.0 0.0
738.0 0.0
739.0 0.0
740.0 0.0
741.0 0.0
742.0 0.0
743.0 0.0
744.0 0.0518265625
745.0 3.4373931640625
746.0 6.3703470703125
747.0 14.62368603515625
748.0 15.14685673828125
749.0 10.25442724609375
750.0 9.35796357421875
751.0 10.5779876953125
752.0 3.128555078125
753.0 1.75003818359375
754.0 4.14703154296875
755.0 15.44037177734375
756.0 3.31460478515625
757.0 7.94618984375
758.0 12.2946845703125
759.0 7.48297197265625
760.0 18.69483974609375
761.0 9.3919904296875
762.0 12.207133203125
763.0 11.3308935546875
764.0 12.23550849609375
765.0 2.59408759765625
766.0 13.15432939453125
767.0 7.6848173828125
768.0 4.5595638671875
769.0 11.1270330078125
770.0 4.8310154296875
771.0 3.06871533203125
772.0 1.6965810546875
773.0 15.8482095703125
774.0 11.930958203125
775.0 9.1186517578125
776.0 4.8573173828125
777.0 6.09906953125
778.0 6.58054443359375
779.0 2.4830494140625
780.0 7.01142724609375
781.0 4.85699638671875
782.0 0.983051171875
783.0 10.315239453125
784.0 11.59204169921875
785.0 5.17288720703125
786.0 11.8475625
787.0 7.179392578125
788.0 3.9443560546875
789.0 11.6904923828125
790.0 1.9016021484375
791.0 2.9417400390625
792.0 3.464937109375
793.0 17.58981005859375
794.0 12.2122888671875
795.0 5.05287412109375
796.0 4.379274609375
797.0 6.16236943359375
798.0 5.35719794921875
799.0 7.71652939453125
