0.0 24.78006357421875
1.0 21.7932310546875
2.0 20.65366943359375
3.0 20.30671640625
4.0 23.6786146484375
5.0 23.2755298828125
6.0 21.9358947265625
7.0 24.52959580078125
8.0 20.66931201171875
9.0 24.73613359375
10.0 22.0184267578125
11.0 23.68421640625
12.0 15.7240533203125
13.0 22.4206439453125
14.0 20.6572466796875
15.0 24.69660703125
16.0 18.74636962890625
17.0 23.37193427734375
18.0 17.07123193359375
19.0 21.883599609375
20.0 23.8157341796875
21.0 20.8749943359375
22.0 24.90298115234375
23.0 22.00643466796875
24.0 20.15042822265625
25.0 22.139978515625
26.0 21.9435203125
27.0 22.3732466796875
28.0 20.859173046875
29.0 21.9001095703125
30.0 17.86390361328125
31.0 22.43406962890625
32.0 20.56885703125
33.0 25.30489951171875
34.0 25.1475712890625
35.0 22.20296025390625
36.0 23.73427734375
37.0 21.426587109375
38.0 23.85703798828125
39.0 18.65026474609375
40.0 24.22878369140625
41.0 23.44280830078125
42.0 22.45138583984375
43.0 24.67478212890625
44.0 7.18034580078125
45.0 35.4616916015625
46.0 24.11604736328125
47.0 21.8049912109375
48.0 24.461830078125
49.0 21.2418021484375
50.0 24.52405400390625
51.0 24.7112779296875
52.0 17.673736328125
53.0 26.56028935546875
54.0 24.72345048828125
55.0 23.87514921875
56.0 21.82898037109375
57.0 24.454548828125
58.0 21.525576953125
59.0 23.38290576171875
60.0 20.8252466796875
61.0 23.39846630859375
62.0 22.46473798828125
63.0 23.85047109375
64.0 24.29671416015625
65.0 22.438967578125
66.0 24.923666796875
67.0 19.9293689453125
68.0 26.27433544921875
69.0 25.4452666015625
70.0 15.52300849609375
71.0 31.7988982421875
72.0 18.74041357421875
73.0 23.93191689453125
74.0 24.75208828125
75.0 23.0128390625
76.0 22.36197861328125
77.0 24.56996455078125
78.0 19.98528525390625
79.0 21.678726171875
80.0 19.14396572265625
81.0 24.18663427734375
82.0 23.43249521484375
83.0 21.7385568359375
84.0 19.9379814453125
85.0 28.02078447265625
86.0 22.05373251953125
87.0 23.4150306640625
88.0 22.1906396484375
89.0 22.7963638671875
90.0 23.0197408203125
91.0 21.247858203125
92.0 20.987052734375
93.0 20.3138029296875
94.0 24.20269501953125
95.0 23.4679775390625
96.0 22.31615810546875
97.0 21.82394150390625
98.0 21.43847177734375
99.0 24.0043794921875
100.0 22.1684447265625
101.0 22.65330576171875
102.0 25.291601171875
103.0 19.9145802734375
104.0 23.9553037109375
105.0 16.50656376953125
106.0 25.819495703125
107.0 20.921425390625
108.0 22.32267685546875
109.0 24.9292673828125
110.0 16.3091517578125
111.0 30.1355572265625
112.0 21.96466142578125
113.0 24.8563640625
114.0 22.04562890625
115.0 24.0132095703125
116.0 24.58869130859375
117.0 22.05210966796875
118.0 24.2821505859375
119.0 21.28921064453125
120.0 25.071240625
121.0 21.15600576171875
122.0 14.851574609375
123.0 16.13457744140625
124.0 22.04271328125
125.0 20.2042791015625
126.0 24.6420275390625
127.0 22.06391240234375
128.0 23.17345634765625
129.0 16.9484609375
130.0 23.30655244140625
131.0 22.57222099609375
132.0 23.69074599609375
133.0 21.82610458984375
134.0 21.99174794921875
135.0 20.91205673828125
136.0 18.0146916015625
137.0 18.50204482421875
138.0 17.1746607421875
139.0 22.68895400390625
140.0 15.77445927734375
141.0 18.9357798828125
142.0 26.78997099609375
143.0 21.55453095703125
144.0 18.76157568359375
145.0 15.91046103515625
146.0 16.25938369140625
147.0 16.37009140625
148.0 16.58631826171875
149.0 12.41430390625
150.0 6.90834453125
151.0 8.37216689453125
152.0 14.4745509765625
153.0 21.1537974609375
154.0 16.91446376953125
155.0 23.28185283203125
156.0 21.68522724609375
157.0 23.87862666015625
158.0 19.80430107421875
159.0 23.93149033203125
160.0 23.51221953125
161.0 21.065416796875
162.0 24.29274951171875
163.0 22.4574818359375
164.0 20.64577783203125
165.0 20.97535859375
166.0 24.34902802734375
167.0 19.4254693359375
168.0 18.54145009765625
169.0 23.93357353515625
170.0 21.202472265625
171.0 23.97689619140625
172.0 24.2959126953125
173.0 21.77702080078125
174.0 23.4363931640625
175.0 20.766891796875
176.0 23.73734658203125
177.0 21.24122255859375
178.0 19.1238068359375
179.0 22.69560751953125
180.0 21.33225849609375
181.0 23.8115716796875
182.0 18.260043359375
183.0 23.0711220703125
184.0 24.1153537109375
185.0 20.91129931640625
186.0 23.197131640625
187.0 15.30098154296875
188.0 25.5881556640625
189.0 20.02502724609375
190.0 24.85443544921875
191.0 19.08817216796875
192.0 21.0400455078125
193.0 24.17040419921875
194.0 19.8556548828125
195.0 23.80526728515625
196.0 22.039093359375
197.0 20.86768369140625
198.0 24.42281728515625
199.0 20.341507421875
200.0 22.90560625
201.0 18.20398662109375
202.0 16.37566103515625
203.0 24.563546484375
204.0 22.0171365234375
205.0 18.89999990234375
206.0 27.56546201171875
207.0 19.97432109375
208.0 23.61971455078125
209.0 23.85521953125
210.0 21.6816291015625
211.0 23.8199349609375
212.0 23.62873701171875
213.0 20.6551474609375
214.0 22.67314033203125
215.0 20.54865791015625
216.0 20.0687873046875
217.0 21.7807134765625
218.0 19.947248046875
219.0 17.48481376953125
220.0 22.19629580078125
221.0 24.07603525390625
222.0 23.6934271484375
223.0 20.60026123046875
224.0 17.47243232421875
225.0 15.73605517578125
226.0 14.1685611328125
227.0 14.81579853515625
228.0 14.04611982421875
229.0 12.998725
230.0 14.5011703125
231.0 14.0281640625
232.0 14.88034716796875
233.0 13.458894140625
234.0 13.30362431640625
235.0 15.73886845703125
236.0 13.63386611328125
237.0 16.3427021484375
238.0 16.6314138671875
239.0 12.5250625
240.0 13.6578177734375
241.0 15.1955494140625
242.0 15.47058564453125
243.0 13.7411833984375
244.0 13.69771064453125
245.0 21.92771884765625
246.0 17.7340732421875
247.0 23.85040146484375
248.0 16.98515869140625
249.0 0.22305478515625
250.0 44.2053267578125
251.0 21.9914357421875
252.0 21.60559404296875
253.0 23.7709763671875
254.0 19.59222626953125
255.0 21.07210986328125
256.0 22.04154091796875
257.0 14.511658203125
258.0 20.852071484375
259.0 17.6295568359375
260.0 14.34026611328125
261.0 26.0042513671875
262.0 24.2645666015625
263.0 20.81703876953125
264.0 22.98435263671875
265.0 20.83865048828125
266.0 20.4516341796875
267.0 24.62802880859375
268.0 21.442630078125
269.0 22.0554017578125
270.0 14.449495703125
271.0 18.80430439453125
272.0 15.98137470703125
273.0 22.12052666015625
274.0 21.247239453125
275.0 17.96744267578125
276.0 20.52894267578125
277.0 19.39440234375
278.0 22.6487853515625
279.0 19.64250107421875
280.0 21.04160849609375
281.0 22.63479306640625
282.0 14.3213919921875
283.0 18.38578427734375
284.0 21.365295703125
285.0 21.9282072265625
286.0 19.324291796875
287.0 24.34722353515625
288.0 13.87053388671875
289.0 30.19770380859375
290.0 25.25036171875
291.0 24.5654884765625
292.0 19.0799052734375
293.0 27.22640380859375
294.0 23.1040919921875
295.0 23.58484775390625
296.0 21.89418486328125
297.0 22.55494931640625
298.0 24.9946958984375
299.0 19.8815375
300.0 26.87815283203125
301.0 23.0518443359375
302.0 16.2307359375
303.0 27.35815302734375
304.0 25.08638779296875
305.0 23.2036734375
306.0 20.17356689453125
307.0 28.55661982421875
308.0 21.37206689453125
309.0 25.30723408203125
310.0 20.10548759765625
311.0 23.85374765625
312.0 19.9593107421875
313.0 18.99068818359375
314.0 17.27994892578125
315.0 24.1090193359375
316.0 24.05218623046875
317.0 0.0
318.0 0.0
319.0 40.97859609375
320.0 22.09586708984375
321.0 20.0227318359375
322.0 21.9018998046875
323.0 18.14115283203125
324.0 20.370000390625
325.0 24.67713974609375
326.0 23.86195810546875
327.0 22.84117255859375
328.0 23.96127236328125
329.0 20.0001572265625
330.0 23.8190939453125
331.0 23.53180849609375
332.0 21.9191234375
333.0 24.397965234375
334.0 21.371044921875
335.0 19.79419326171875
336.0 23.52264365234375
337.0 24.88138427734375
338.0 26.09231123046875
339.0 24.393494921875
340.0 27.608326171875
341.0 26.3519513671875
342.0 24.39175400390625
343.0 17.9069673828125
344.0 26.39155087890625
345.0 24.44215732421875
346.0 20.236562109375
347.0 26.08751650390625
348.0 22.0744947265625
349.0 25.49804833984375
350.0 23.12002958984375
351.0 25.69029169921875
352.0 21.85401162109375
353.0 24.8456384765625
354.0 22.3684279296875
355.0 22.01643154296875
356.0 21.4769744140625
357.0 20.62518193359375
358.0 19.866532421875
359.0 22.59291904296875
360.0 23.58122880859375
361.0 18.68958515625
362.0 21.913994921875
363.0 21.86605341796875
364.0 21.48559150390625
365.0 25.89550732421875
366.0 23.63574580078125
367.0 23.447394921875
368.0 25.6648646484375
369.0 24.7254212890625
370.0 19.916517578125
371.0 24.927903125
372.0 22.56341181640625
373.0 25.2699966796875
374.0 22.8306720703125
375.0 22.94000888671875
376.0 22.7572880859375
377.0 21.70804033203125
378.0 24.13935693359375
379.0 22.08190849609375
380.0 24.7815669921875
381.0 20.30034345703125
382.0 24.611587109375
383.0 21.36950166015625
384.0 24.685469140625
385.0 21.586583984375
386.0 20.545467578125
387.0 23.848675390625
388.0 21.698255859375
389.0 24.30471767578125
390.0 22.33356171875
391.0 24.6214115234375
392.0 21.20137734375
393.0 22.74472158203125
394.0 19.615723828125
395.0 21.88004130859375
396.0 24.32020126953125
397.0 20.40425205078125
398.0 25.087559765625
399.0 22.31641103515625
400.0 24.64385166015625
401.0 24.253334375
402.0 21.9162517578125
403.0 23.405445703125
404.0 18.4006345703125
405.0 14.7284494140625
406.0 15.52128564453125
407.0 16.74252998046875
408.0 14.9243416015625
409.0 16.4822119140625
410.0 21.73028671875
411.0 17.12412021484375
412.0 17.62057802734375
413.0 3.121046875
414.0 26.084179296875
415.0 13.081903515625
416.0 15.716005859375
417.0 18.6259892578125
418.0 21.5995474609375
419.0 21.5278359375
420.0 23.89188232421875
421.0 21.4156806640625
422.0 24.10104453125
423.0 22.50602197265625
424.0 22.6071556640625
425.0 22.29763427734375
426.0 17.27599169921875
427.0 24.25359599609375
428.0 22.3420919921875
429.0 24.67201806640625
430.0 24.84921865234375
431.0 20.7229189453125
432.0 24.6626373046875
433.0 21.48835771484375
434.0 22.6505271484375
435.0 20.49828515625
436.0 22.407244140625
437.0 20.70718525390625
438.0 22.859659375
439.0 17.58296865234375
440.0 15.2408904296875
441.0 16.83440078125
442.0 15.677615625
443.0 14.69645986328125
444.0 17.1659109375
445.0 16.4161384765625
446.0 14.6560814453125
447.0 22.47916572265625
448.0 19.1210806640625
449.0 23.06073125
450.0 25.2425314453125
451.0 22.40429716796875
452.0 24.3047703125
453.0 21.7945720703125
454.0 22.0154791015625
455.0 24.313839453125
456.0 22.4545677734375
457.0 22.76352509765625
458.0 20.589834765625
459.0 23.32648828125
460.0 19.50683388671875
461.0 22.62801328125
462.0 23.11570859375
463.0 18.34116494140625
464.0 18.78638837890625
465.0 16.83349033203125
466.0 22.84070322265625
467.0 24.72787763671875
468.0 18.0855375
469.0 21.404613671875
470.0 20.96888701171875
471.0 15.113780859375
472.0 15.51237822265625
473.0 15.8006037109375
474.0 15.22945693359375
475.0 17.99887109375
476.0 20.1239150390625
477.0 18.82481708984375
478.0 17.53029150390625
479.0 5.1151109375
480.0 33.58264677734375
481.0 18.4909697265625
482.0 17.26154150390625
483.0 18.8945951171875
484.0 19.34459853515625
485.0 18.43594853515625
486.0 17.0538234375
487.0 16.10609794921875
488.0 16.56683046875
489.0 20.99982802734375
490.0 20.8364576171875
491.0 20.35834580078125
492.0 20.7729228515625
493.0 20.783551171875
494.0 23.92200732421875
495.0 21.53285712890625
496.0 20.91709228515625
497.0 14.59743681640625
498.0 25.793923046875
499.0 23.82037509765625
500.0 21.01952802734375
501.0 21.86612783203125
502.0 19.0108306640625
503.0 17.810101171875
504.0 22.818255078125
505.0 14.975072265625
506.0 18.92511162109375
507.0 14.4895705078125
508.0 16.81419072265625
509.0 15.6690306640625
510.0 14.53536865234375
511.0 15.9144287109375
512.0 16.445985546875
513.0 14.4618263671875
514.0 11.8959130859375
515.0 30.83369267578125
516.0 24.92215380859375
517.0 21.1373431640625
518.0 23.32508486328125
519.0 22.28014921875
520.0 23.9672626953125
521.0 21.80292958984375
522.0 20.80842314453125
523.0 21.3505400390625
524.0 24.24408291015625
525.0 20.8424599609375
526.0 22.0046853515625
527.0 24.84965478515625
528.0 21.90736982421875
529.0 24.92350185546875
530.0 23.76704345703125
531.0 21.90402353515625
532.0 24.50738203125
533.0 22.533563671875
534.0 23.567887890625
535.0 24.84004638671875
536.0 21.803108984375
537.0 22.4824525390625
538.0 21.4867677734375
539.0 24.44865556640625
540.0 21.49307890625
541.0 24.1290623046875
542.0 24.128668359375
543.0 22.09915205078125
544.0 25.1853033203125
545.0 21.54716064453125
546.0 24.1526673828125
547.0 22.6091025390625
548.0 19.390595703125
549.0 22.11774453125
550.0 22.0268646484375
551.0 19.95046455078125
552.0 23.92804892578125
553.0 21.9219248046875
554.0 23.6905380859375
555.0 15.52346328125
556.0 18.69696796875
557.0 18.5711869140625
558.0 23.1315390625
559.0 22.5292998046875
560.0 18.59226787109375
561.0 24.910278515625
562.0 21.024812109375
563.0 20.0855248046875
564.0 24.47202705078125
565.0 19.2603458984375
566.0 24.90022568359375
567.0 22.32032197265625
568.0 24.79339208984375
569.0 22.09327314453125
570.0 20.8005779296875
571.0 23.065946484375
572.0 21.06080263671875
573.0 24.832885546875
574.0 21.95986748046875
575.0 23.77317138671875
576.0 20.42384501953125
577.0 24.0878720703125
578.0 20.6044724609375
579.0 17.0027865234375
580.0 19.43908974609375
581.0 21.8410259765625
582.0 20.09742001953125
583.0 28.4234681640625
584.0 21.5061939453125
585.0 23.07673212890625
586.0 19.81388115234375
587.0 24.18012705078125
588.0 20.890634375
589.0 14.82345751953125
590.0 16.76551337890625
591.0 16.55588212890625
592.0 25.54018740234375
593.0 23.96914775390625
594.0 21.8282123046875
595.0 22.17693291015625
596.0 20.8014677734375
597.0 24.4612892578125
598.0 18.6379802734375
599.0 24.92604423828125
600.0 18.80684931640625
601.0 19.95948310546875
602.0 21.66012890625
603.0 19.0317294921875
604.0 23.15844326171875
605.0 20.82212080078125
606.0 15.15246181640625
607.0 27.50419296875
608.0 23.695153515625
609.0 22.759885546875
610.0 19.90631923828125
611.0 19.9666560546875
612.0 21.22019384765625
613.0 24.5497306640625
614.0 21.36504111328125
615.0 24.47860986328125
616.0 22.23316044921875
617.0 24.24487880859375
618.0 20.36939892578125
619.0 24.60792802734375
620.0 19.29166767578125
621.0 24.9440578125
622.0 22.556346484375
623.0 24.9503126953125
624.0 22.15967001953125
625.0 25.75954169921875
626.0 16.18442255859375
627.0 15.2448669921875
628.0 14.0714685546875
629.0 17.31323642578125
630.0 21.8658490234375
631.0 24.075563671875
632.0 18.78201259765625
633.0 19.98159423828125
634.0 16.63889306640625
635.0 28.57084794921875
636.0 24.00448046875
637.0 18.0848884765625
638.0 24.9446947265625
639.0 17.5981166015625
640.0 21.14736669921875
641.0 12.54803515625
642.0 25.32361689453125
643.0 20.38341220703125
644.0 22.067270703125
645.0 21.10486484375
646.0 23.80037470703125
647.0 17.9940189453125
648.0 15.10798701171875
649.0 19.33508095703125
650.0 18.5109798828125
651.0 20.3894986328125
652.0 22.8267123046875
653.0 20.72727529296875
654.0 20.705271484375
655.0 23.60710439453125
656.0 21.08604775390625
657.0 21.45465947265625
658.0 21.18114404296875
659.0 23.34728408203125
660.0 21.248991015625
661.0 21.8525431640625
662.0 16.0564919921875
663.0 20.782825390625
664.0 24.4837630859375
665.0 20.7882501953125
666.0 17.598790625
667.0 19.34261015625
668.0 10.895068359375
669.0 19.599829296875
670.0 15.23661689453125
671.0 11.82647822265625
672.0 15.48164130859375
673.0 15.25611396484375
674.0 14.95513876953125
675.0 13.7414875
676.0 14.65326533203125
677.0 15.464775
678.0 12.9063498046875
679.0 14.286655078125
680.0 13.53328486328125
681.0 15.0708048828125
682.0 11.4334419921875
683.0 17.75663564453125
684.0 13.23079453125
685.0 15.24741044921875
686.0 13.75497216796875
687.0 15.01817705078125
688.0 3.00492978515625
689.0 11.14491435546875
690.0 19.3442376953125
691.0 21.78435419921875
692.0 23.05176044921875
693.0 17.82915224609375
694.0 20.03087431640625
695.0 21.04017939453125
696.0 17.893203515625
697.0 23.7716619140625
698.0 19.40655341796875
699.0 19.700445703125
700.0 22.15387578125
701.0 21.8330712890625
702.0 21.02475869140625
703.0 21.7928943359375
704.0 22.7362146484375
705.0 22.1555416015625
706.0 22.37759775390625
707.0 22.035689453125
708.0 23.4724310546875
709.0 19.21449580078125
710.0 22.996690234375
711.0 19.50374833984375
712.0 24.64510849609375
713.0 21.995453515625
714.0 23.5746154296875
715.0 17.85641982421875
716.0 21.05480595703125
717.0 20.153037890625
718.0 19.8822041015625
719.0 23.74208974609375
720.0 20.833554296875
721.0 19.86929560546875
722.0 19.62518603515625
723.0 21.25204697265625
724.0 23.31546005859375
725.0 18.818606640625
726.0 11.52976494140625
727.0 16.06746181640625
728.0 20.39616630859375
729.0 24.85316923828125
730.0 11.596925390625
731.0 15.54587939453125
732.0 21.02573115234375
733.0 19.457489453125
734.0 19.746571875
735.0 22.95213291015625
736.0 18.8090185546875
737.0 20.160700390625
738.0 13.990453515625
739.0 23.54477939453125
740.0 23.45716162109375
741.0 19.13247626953125
742.0 22.30234287109375
743.0 19.882655859375
744.0 24.39080390625
745.0 19.3220970703125
746.0 24.018230859375
747.0 19.30528642578125
748.0 21.3780810546875
749.0 20.72741962890625
750.0 19.02813212890625
751.0 23.5172953125
752.0 23.2318294921875
753.0 21.35643671875
754.0 19.841218359375
755.0 20.52616376953125
756.0 20.7221314453125
757.0 21.57799658203125
758.0 19.4109697265625
759.0 12.87346025390625
760.0 18.13671806640625
761.0 16.6818322265625
762.0 13.96504560546875
763.0 9.11694912109375
764.0 6.3061150390625
765.0 15.70599384765625
766.0 15.8200935546875
767.0 14.32238623046875
768.0 20.341583203125
769.0 18.95513173828125
770.0 21.6468517578125
771.0 16.80693603515625
772.0 14.04141767578125
773.0 15.23263720703125
774.0 18.4176001953125
775.0 12.98309052734375
776.0 9.084562890625
777.0 12.9430095703125
778.0 18.30383818359375
779.0 14.5943078125
780.0 19.21417705078125
781.0 19.833458984375
782.0 20.63329033203125
783.0 15.16697919921875
784.0 17.54294091796875
785.0 20.83040498046875
786.0 18.36054091796875
787.0 18.1118953125
788.0 19.651086328125
789.0 18.4935982421875
790.0 22.4267345703125
791.0 22.76769169921875
792.0 17.37008203125
793.0 19.9656658203125
794.0 18.238628125
795.0 18.568491015625
796.0 24.37169443359375
797.0 18.5186646484375
798.0 22.412430859375
799.0 21.2574349609375
