0.0 5.75932109375
1.0 7.05426455078125
2.0 6.84723271484375
3.0 7.43954970703125
4.0 6.2283748046875
5.0 6.18963125
6.0 6.61777529296875
7.0 7.3379763671875
8.0 6.8580037109375
9.0 7.45956328125
10.0 7.733452734375
11.0 6.72119638671875
12.0 7.42147001953125
13.0 6.990403515625
14.0 6.83985712890625
15.0 7.2286818359375
16.0 5.730762890625
17.0 6.54253154296875
18.0 6.8818876953125
19.0 6.916034375
20.0 7.327190625
21.0 5.0613611328125
22.0 9.2300251953125
23.0 6.2167775390625
24.0 4.95838583984375
25.0 7.23533447265625
26.0 7.89447109375
27.0 7.621862109375
28.0 6.78793095703125
29.0 5.6946134765625
30.0 5.21501484375
31.0 5.79615146484375
32.0 6.0906775390625
33.0 6.18709453125
34.0 6.12441123046875
35.0 6.16812216796875
36.0 5.73962763671875
37.0 0.0
38.0 0.0
39.0 0.215251171875
40.0 22.1854009765625
41.0 5.31250400390625
42.0 5.75768671875
43.0 6.098894921875
44.0 5.80786005859375
45.0 6.61402958984375
46.0 6.5936826171875
47.0 6.03198095703125
48.0 6.94843916015625
49.0 7.01650087890625
50.0 6.97652294921875
51.0 5.7713548828125
52.0 5.60331435546875
53.0 5.23612880859375
54.0 5.7715595703125
55.0 6.483047265625
56.0 7.01866630859375
57.0 7.232366796875
58.0 6.78936875
59.0 6.3833974609375
60.0 6.7953087890625
61.0 6.873667578125
62.0 6.7385822265625
63.0 6.95083232421875
64.0 5.15999267578125
65.0 6.40670263671875
66.0 6.01087080078125
67.0 6.63873037109375
68.0 6.553685546875
69.0 6.42023046875
70.0 6.5998361328125
71.0 6.35591982421875
72.0 6.8957939453125
73.0 6.307850390625
74.0 6.32827236328125
75.0 7.35116015625
76.0 7.2665470703125
77.0 6.629851171875
78.0 6.6105447265625
79.0 5.72098388671875
80.0 5.9510341796875
81.0 6.624921484375
82.0 5.33288681640625
83.0 5.43567900390625
84.0 7.218345703125
85.0 6.94405693359375
86.0 6.5354826171875
87.0 6.39403408203125
88.0 6.417444921875
89.0 5.6857771484375
90.0 6.9656298828125
91.0 6.46267607421875
92.0 7.27532978515625
93.0 6.24939638671875
94.0 5.87476806640625
95.0 5.5249640625
96.0 6.69923359375
97.0 6.9615935546875
98.0 6.969458203125
99.0 6.74086953125
100.0 4.63668291015625
101.0 8.04741455078125
102.0 7.38253466796875
103.0 6.9772673828125
104.0 7.0823484375
105.0 6.73868193359375
106.0 6.05039765625
107.0 6.025635546875
108.0 6.416005859375
109.0 5.892569921875
110.0 7.4891716796875
111.0 6.53611298828125
112.0 6.28957705078125
113.0 6.2182453125
114.0 6.69194013671875
115.0 5.8989498046875
116.0 5.73121083984375
117.0 6.7399359375
118.0 5.9173728515625
119.0 6.85035498046875
120.0 6.1041474609375
121.0 6.82933134765625
122.0 9.1583759765625
123.0 8.56359638671875
124.0 7.20332978515625
125.0 7.81368720703125
126.0 8.5460453125
127.0 7.2633373046875
128.0 8.49948955078125
129.0 8.16333935546875
130.0 6.711229296875
131.0 7.0539228515625
132.0 7.52266357421875
133.0 7.696476171875
134.0 9.2625849609375
135.0 9.00106005859375
136.0 8.70496201171875
137.0 8.93957265625
138.0 7.09680478515625
139.0 8.6627609375
140.0 7.69364462890625
141.0 8.19042001953125
142.0 7.53458056640625
143.0 8.0923791015625
144.0 7.743848046875
145.0 7.63312099609375
146.0 7.85211962890625
147.0 7.42204267578125
148.0 7.51381103515625
149.0 6.6957921875
150.0 6.50267958984375
151.0 7.3454892578125
152.0 7.11017958984375
153.0 5.758807421875
154.0 5.5530099609375
155.0 5.87628125
156.0 7.015247265625
157.0 5.95615283203125
158.0 6.99146845703125
159.0 8.34528828125
160.0 7.63082705078125
161.0 8.23635
162.0 7.8247552734375
163.0 7.97990595703125
164.0 7.51213193359375
165.0 6.45706953125
166.0 7.00053984375
167.0 6.73048427734375
168.0 6.38102255859375
169.0 6.53914375
170.0 6.682537109375
171.0 6.2514501953125
172.0 7.08581220703125
173.0 7.03325224609375
174.0 7.81081962890625
175.0 8.39927734375
176.0 7.830775
177.0 6.67939267578125
178.0 7.54734765625
179.0 8.89835419921875
180.0 8.68473759765625
181.0 8.4892109375
182.0 7.81196162109375
183.0 8.4952796875
184.0 8.82973779296875
185.0 9.08957890625
186.0 8.91584091796875
187.0 8.4113080078125
188.0 9.343262109375
189.0 8.94736455078125
190.0 6.19292158203125
191.0 6.9022453125
192.0 6.51848798828125
193.0 6.64571826171875
194.0 7.2260318359375
195.0 7.33864931640625
196.0 7.04473994140625
197.0 7.546196875
198.0 6.6348373046875
199.0 7.45030771484375
200.0 7.1155349609375
201.0 7.3062626953125
202.0 7.6830841796875
203.0 8.297087890625
204.0 9.088987109375
205.0 9.83103251953125
206.0 9.937823046875
207.0 9.25745361328125
208.0 7.30709111328125
209.0 8.614271484375
210.0 9.32225556640625
211.0 9.58150439453125
212.0 9.59882685546875
213.0 8.175462890625
214.0 6.21849814453125
215.0 6.82497880859375
216.0 7.95702998046875
217.0 8.2704134765625
218.0 8.3693490234375
219.0 7.66424970703125
220.0 8.416844921875
221.0 8.4659796875
222.0 8.22478427734375
223.0 8.3737353515625
224.0 7.91154580078125
225.0 6.341655859375
226.0 6.02736123046875
227.0 6.25556142578125
228.0 5.72853662109375
229.0 7.60029189453125
230.0 7.8505177734375
231.0 8.3597537109375
232.0 8.31747861328125
233.0 8.1845986328125
234.0 9.35958388671875
235.0 9.24832998046875
236.0 9.20031826171875
237.0 6.7262484375
238.0 7.91913828125
239.0 7.73297958984375
240.0 8.21820185546875
241.0 6.397104296875
242.0 6.85024345703125
243.0 6.81111640625
244.0 7.592963671875
245.0 7.1704490234375
246.0 6.7867873046875
247.0 6.70456435546875
248.0 6.26631650390625
249.0 6.2691384765625
250.0 7.01655361328125
251.0 5.68238017578125
252.0 6.93223486328125
253.0 7.971610546875
254.0 7.79815400390625
255.0 7.855274609375
256.0 6.14780732421875
257.0 6.765143359375
258.0 7.22800107421875
259.0 6.81327861328125
260.0 6.47095302734375
261.0 5.823769921875
262.0 5.7448623046875
263.0 5.35486884765625
264.0 6.64417998046875
265.0 7.311375
266.0 7.23723388671875
267.0 7.72872314453125
268.0 5.90397333984375
269.0 5.987722265625
270.0 6.24788505859375
271.0 6.36890869140625
272.0 6.8632671875
273.0 6.577984765625
274.0 5.92758857421875
275.0 5.60654951171875
276.0 5.7061798828125
277.0 6.3774796875
278.0 7.4630119140625
279.0 6.77772529296875
280.0 6.4210359375
281.0 7.56598642578125
282.0 7.242969140625
283.0 7.03936884765625
284.0 7.41377255859375
285.0 7.2610681640625
286.0 5.49329580078125
287.0 6.07699755859375
288.0 6.33288818359375
289.0 6.34705615234375
290.0 6.9793798828125
291.0 7.185929296875
292.0 6.72946015625
293.0 7.17955537109375
294.0 6.67732509765625
295.0 7.03077470703125
296.0 7.38373525390625
297.0 6.689944140625
298.0 8.17218984375
299.0 7.2604123046875
300.0 7.3806197265625
301.0 8.05088564453125
302.0 8.56093271484375
303.0 8.38547333984375
304.0 8.8997537109375
305.0 9.06185673828125
306.0 8.91929384765625
307.0 8.234535546875
308.0 7.6403328125
309.0 9.01990947265625
310.0 8.73445927734375
311.0 8.36105458984375
312.0 8.44131669921875
313.0 7.6377818359375
314.0 9.019328515625
315.0 8.2087853515625
316.0 8.18119375
317.0 8.3794068359375
318.0 7.946860546875
319.0 8.92283505859375
320.0 8.7516732421875
321.0 6.58449697265625
322.0 6.8246935546875
323.0 6.644512890625
324.0 6.66672587890625
325.0 8.342404296875
326.0 7.46894599609375
327.0 7.1977287109375
328.0 6.55574638671875
329.0 8.39167919921875
330.0 6.32195224609375
331.0 9.00683603515625
332.0 7.63813544921875
333.0 5.72433720703125
334.0 6.85456904296875
335.0 7.33966220703125
336.0 8.21385654296875
337.0 7.94564609375
338.0 8.68467802734375
339.0 9.1536056640625
340.0 7.085871484375
341.0 9.06601376953125
342.0 8.80293115234375
343.0 8.618503515625
344.0 6.50197158203125
345.0 5.58189990234375
346.0 7.77629423828125
347.0 6.17247353515625
348.0 7.5237328125
349.0 6.80789091796875
350.0 0.0
351.0 0.0
352.0 0.0
353.0 2.960161328125
354.0 27.32937958984375
355.0 6.8404330078125
356.0 5.6821822265625
357.0 6.60359970703125
358.0 7.36274833984375
359.0 7.0595162109375
360.0 6.86564931640625
361.0 6.2640267578125
362.0 6.52247998046875
363.0 6.90025537109375
364.0 6.48051767578125
365.0 7.9882103515625
366.0 9.14985166015625
367.0 7.23606328125
368.0 7.7043201171875
369.0 7.711860546875
370.0 8.7063212890625
371.0 8.41488779296875
372.0 8.50730849609375
373.0 7.80838125
374.0 7.93567001953125
375.0 7.91591982421875
376.0 7.38906845703125
377.0 7.42796923828125
378.0 0.0
379.0 0.0
380.0 0.0
381.0 23.913532421875
382.0 6.9598951171875
383.0 6.36099873046875
384.0 7.460847265625
385.0 7.05636982421875
386.0 7.2461044921875
387.0 6.83730517578125
388.0 6.6507330078125
389.0 5.8559494140625
390.0 6.13486455078125
391.0 6.31860654296875
392.0 6.762630078125
393.0 6.61822939453125
394.0 8.41077177734375
395.0 7.4232275390625
396.0 6.9530931640625
397.0 5.973859375
398.0 7.08330458984375
399.0 7.5318158203125
400.0 6.1554056640625
401.0 5.45435419921875
402.0 8.41278837890625
403.0 8.93497607421875
404.0 9.0785923828125
405.0 6.615840625
406.0 8.3211529296875
407.0 7.54348349609375
408.0 6.9911189453125
409.0 6.56735849609375
410.0 6.94219326171875
411.0 7.41069638671875
412.0 7.162576171875
413.0 6.3429671875
414.0 6.88002021484375
415.0 8.04787490234375
416.0 8.32523984375
417.0 7.65280302734375
418.0 7.52032392578125
419.0 7.963980859375
420.0 8.1909193359375
421.0 8.4950416015625
422.0 7.822389453125
423.0 7.6525892578125
424.0 6.37437353515625
425.0 6.9770419921875
426.0 7.0068177734375
427.0 7.094603125
428.0 5.65798779296875
429.0 6.47171962890625
430.0 8.24823564453125
431.0 8.40486845703125
432.0 6.9842078125
433.0 6.115098046875
434.0 7.36743115234375
435.0 7.13951708984375
436.0 7.1670603515625
437.0 8.04349248046875
438.0 7.83543515625
439.0 8.18834208984375
440.0 8.062840625
441.0 7.9197384765625
442.0 8.43664169921875
443.0 7.42656865234375
444.0 7.9186060546875
445.0 9.0159083984375
446.0 7.4798427734375
447.0 6.50744140625
448.0 6.32378056640625
449.0 5.9421431640625
450.0 5.92520634765625
451.0 7.728605078125
452.0 7.821834375
453.0 7.33856240234375
454.0 6.92753701171875
455.0 6.32889052734375
456.0 6.34313642578125
457.0 8.1424537109375
458.0 8.1849314453125
459.0 8.44969482421875
460.0 6.58115107421875
461.0 6.2604982421875
462.0 6.4783171875
463.0 7.5467125
464.0 6.0561552734375
465.0 6.79026767578125
466.0 8.10419306640625
467.0 7.49152724609375
468.0 7.1374837890625
469.0 8.06806142578125
470.0 8.99077744140625
471.0 7.6526818359375
472.0 7.43110908203125
473.0 6.416294921875
474.0 5.7981953125
475.0 6.97182470703125
476.0 7.13253486328125
477.0 6.8413681640625
478.0 6.96393251953125
479.0 6.46013544921875
480.0 8.19736171875
481.0 8.49260205078125
482.0 6.492104296875
483.0 6.71170654296875
484.0 7.86995888671875
485.0 6.78106884765625
486.0 6.03996552734375
487.0 7.65974580078125
488.0 7.72141083984375
489.0 7.27432353515625
490.0 7.90311318359375
491.0 6.684556640625
492.0 7.40197802734375
493.0 7.54596689453125
494.0 6.306641796875
495.0 6.707053515625
496.0 7.91323955078125
497.0 7.9205794921875
498.0 8.4641779296875
499.0 9.93421689453125
500.0 8.407403515625
501.0 9.5158431640625
502.0 9.0550208984375
503.0 8.8506767578125
504.0 9.19824716796875
505.0 8.1647595703125
506.0 8.3399494140625
507.0 8.90633740234375
508.0 6.19589892578125
509.0 6.10071943359375
510.0 8.1074046875
511.0 9.19353037109375
512.0 8.5736111328125
513.0 8.6098607421875
514.0 8.4434076171875
515.0 8.0624912109375
516.0 9.324117578125
517.0 7.134168359375
518.0 7.36962724609375
519.0 7.45251640625
520.0 8.66967392578125
521.0 8.95705537109375
522.0 9.3574791015625
523.0 7.77686171875
524.0 8.99532578125
525.0 8.70599921875
526.0 9.00720498046875
527.0 8.8232681640625
528.0 8.64640849609375
529.0 8.95866181640625
530.0 9.34178505859375
531.0 8.6015505859375
532.0 7.5979189453125
533.0 8.28044013671875
534.0 8.87154384765625
535.0 8.77013896484375
536.0 7.31614384765625
537.0 7.10002421875
538.0 5.7860958984375
539.0 7.1311556640625
540.0 7.96314248046875
541.0 8.3966763671875
542.0 8.55836728515625
543.0 7.4334796875
544.0 8.34109736328125
545.0 8.49536015625
546.0 7.45579228515625
547.0 6.6882087890625
548.0 6.1808037109375
549.0 5.578655078125
550.0 6.2242330078125
551.0 7.46626005859375
552.0 7.13651767578125
553.0 6.83239501953125
554.0 6.64209716796875
555.0 5.61565068359375
556.0 6.74945693359375
557.0 6.90753330078125
558.0 6.92750859375
559.0 6.36081240234375
560.0 6.5926546875
561.0 6.20174462890625
562.0 6.136681640625
563.0 6.8233419921875
564.0 6.56406533203125
565.0 7.67146083984375
566.0 6.78193818359375
567.0 6.19168232421875
568.0 6.7207310546875
569.0 6.9654267578125
570.0 7.0547140625
571.0 6.587473828125
572.0 6.9763140625
573.0 5.660273046875
574.0 8.04934638671875
575.0 7.8282109375
576.0 6.3429572265625
577.0 7.17128125
578.0 6.90219833984375
579.0 6.28509951171875
580.0 8.309200390625
581.0 8.46531142578125
582.0 7.68217998046875
583.0 8.873893359375
584.0 7.5864044921875
585.0 5.89311318359375
586.0 6.93548037109375
587.0 7.47214482421875
588.0 8.086964453125
589.0 7.8538298828125
590.0 7.13823173828125
591.0 7.456996875
592.0 7.6475107421875
593.0 7.84556787109375
594.0 8.35382158203125
595.0 8.39824765625
596.0 6.75382724609375
597.0 7.5634912109375
598.0 7.60659345703125
599.0 8.61372822265625
600.0 7.7964501953125
601.0 7.15800361328125
602.0 7.31854228515625
603.0 7.88264638671875
604.0 8.0587046875
605.0 7.74377275390625
606.0 7.118345703125
607.0 7.81644130859375
608.0 0.0
609.0 0.0
610.0 21.1313888671875
611.0 7.96842158203125
612.0 5.86102451171875
613.0 8.10105322265625
614.0 8.28745283203125
615.0 6.87192216796875
616.0 7.62796787109375
617.0 7.677108984375
618.0 7.53062578125
619.0 8.54636279296875
620.0 7.77953623046875
621.0 6.67748857421875
622.0 7.96454697265625
623.0 8.63595791015625
624.0 7.84679345703125
625.0 6.82428037109375
626.0 8.1362337890625
627.0 6.68523203125
628.0 7.7373982421875
629.0 8.01808671875
630.0 7.94189677734375
631.0 8.1810857421875
632.0 7.06315751953125
633.0 8.29826845703125
634.0 8.09316591796875
635.0 7.91123203125
636.0 7.9542333984375
637.0 7.6180302734375
638.0 7.16485400390625
639.0 6.624504296875
640.0 6.41030703125
641.0 6.78889248046875
642.0 7.00436650390625
643.0 6.06875458984375
644.0 6.339560546875
645.0 6.73435869140625
646.0 6.7660177734375
647.0 7.2106884765625
648.0 6.6744142578125
649.0 5.94642734375
650.0 6.744130859375
651.0 6.99081767578125
652.0 8.00608837890625
653.0 7.7511634765625
654.0 6.2966775390625
655.0 7.1293349609375
656.0 7.184385546875
657.0 6.88969228515625
658.0 7.4917728515625
659.0 7.91127783203125
660.0 6.71889189453125
661.0 7.76968740234375
662.0 7.9776470703125
663.0 7.90519228515625
664.0 7.94865546875
665.0 6.83657333984375
666.0 7.93641943359375
667.0 7.984664453125
668.0 7.51469833984375
669.0 7.738267578125
670.0 7.93339296875
671.0 7.5740396484375
672.0 7.8675349609375
673.0 8.004478125
674.0 7.959213671875
675.0 8.05078515625
676.0 6.58802734375
677.0 8.7425365234375
678.0 7.060013671875
679.0 6.49421171875
680.0 6.4086888671875
681.0 5.8211169921875
682.0 7.92855595703125
683.0 7.674385546875
684.0 8.3939076171875
685.0 7.3713998046875
686.0 8.3723384765625
687.0 6.3299544921875
688.0 7.53225302734375
689.0 7.5363587890625
690.0 7.0200587890625
691.0 7.06977880859375
692.0 6.45066171875
693.0 7.0873513671875
694.0 6.50422724609375
695.0 6.03306220703125
696.0 8.989708203125
697.0 7.09466416015625
698.0 7.44395791015625
699.0 6.86644638671875
700.0 6.726376953125
701.0 7.70752255859375
702.0 7.72099453125
703.0 6.90276923828125
704.0 6.72919287109375
705.0 6.61681767578125
706.0 6.103891015625
707.0 7.9883412109375
708.0 7.34802041015625
709.0 6.82848310546875
710.0 7.6177326171875
711.0 8.21815361328125
712.0 9.1408935546875
713.0 10.14447685546875
714.0 9.822491796875
715.0 9.947153125
716.0 9.03520498046875
717.0 10.71578505859375
718.0 10.47108544921875
719.0 6.7685705078125
720.0 7.71200244140625
721.0 7.1952150390625
722.0 7.97464130859375
723.0 7.92422607421875
724.0 8.74443154296875
725.0 8.56000146484375
726.0 7.9673427734375
727.0 8.67140703125
728.0 9.02975458984375
729.0 8.3718494140625
730.0 8.36117978515625
731.0 7.008067578125
732.0 8.59447763671875
733.0 8.24340927734375
734.0 6.71394482421875
735.0 6.3609939453125
736.0 7.0976904296875
737.0 7.712712890625
738.0 7.75184912109375
739.0 8.605123046875
740.0 8.54472890625
741.0 9.0307984375
742.0 7.10074052734375
743.0 8.15686943359375
744.0 6.47412919921875
745.0 8.1430078125
746.0 8.5087287109375
747.0 7.19964521484375
748.0 7.990847265625
749.0 8.021242578125
750.0 7.43241142578125
751.0 8.11655126953125
752.0 6.82698759765625
753.0 5.81380126953125
754.0 6.932262890625
755.0 8.2558779296875
756.0 8.53737080078125
757.0 7.17877626953125
758.0 8.0746283203125
759.0 7.28618798828125
760.0 7.1670986328125
761.0 7.2828599609375
762.0 8.18811650390625
763.0 7.514412890625
764.0 8.1444658203125
765.0 7.9124529296875
766.0 7.97358388671875
767.0 8.2864345703125
768.0 7.2827603515625
769.0 7.482876953125
770.0 7.0780796875
771.0 7.16898310546875
772.0 7.09537041015625
773.0 7.2680158203125
774.0 6.05623564453125
775.0 6.85422333984375
776.0 6.71776220703125
777.0 6.34790576171875
778.0 6.48864052734375
779.0 7.22059697265625
780.0 7.2778490234375
781.0 6.80598076171875
782.0 6.50551181640625
783.0 6.71017490234375
784.0 6.90763388671875
785.0 7.40470791015625
786.0 7.26376171875
787.0 6.7303552734375
788.0 6.3371025390625
789.0 7.57453125
790.0 8.11660693359375
791.0 7.9681380859375
792.0 7.7110185546875
793.0 7.62822177734375
794.0 6.554068359375
795.0 8.12769140625
796.0 8.30012177734375
797.0 6.4182623046875
798.0 8.958241796875
799.0 7.88615048828125
