0.0 9.93235810546875
1.0 10.34897900390625
2.0 16.01358046875
3.0 12.0944810546875
4.0 16.4844341796875
5.0 17.59860439453125
6.0 10.31008408203125
7.0 14.93726142578125
8.0 14.9681904296875
9.0 16.17412451171875
10.0 9.79903984375
11.0 4.7401150390625
12.0 7.66525595703125
13.0 10.54645
14.0 13.12058662109375
15.0 8.64863583984375
16.0 3.41414169921875
17.0 7.61286083984375
18.0 10.33315341796875
19.0 9.93531015625
20.0 1.4515154296875
21.0 4.6113029296875
22.0 7.24363271484375
23.0 0.51681640625
24.0 4.4142890625
25.0 6.09746845703125
26.0 3.94115205078125
27.0 11.8651751953125
28.0 9.60988359375
29.0 0.80025361328125
30.0 3.6847240234375
31.0 5.31345859375
32.0 7.5279412109375
33.0 3.3948017578125
34.0 8.55930478515625
35.0 5.5575494140625
36.0 3.99671435546875
37.0 10.16839384765625
38.0 7.34145517578125
39.0 11.0759294921875
40.0 7.19023974609375
41.0 9.5717134765625
42.0 8.76821943359375
43.0 3.83255810546875
44.0 13.34400029296875
45.0 17.13159755859375
46.0 14.80459501953125
47.0 13.9949140625
48.0 12.469159375
49.0 8.609508984375
50.0 2.75261689453125
51.0 4.242401171875
52.0 6.55016240234375
53.0 8.1570345703125
54.0 8.8652599609375
55.0 6.28860771484375
56.0 7.55978046875
57.0 6.79893603515625
58.0 5.40856669921875
59.0 6.8288859375
60.0 2.59286865234375
61.0 4.6825169921875
62.0 6.75906396484375
63.0 8.38824326171875
64.0 7.1424353515625
65.0 10.58122373046875
66.0 8.42107861328125
67.0 14.19399658203125
68.0 12.3771396484375
69.0 1.54426787109375
70.0 0.0
71.0 0.0
72.0 0.0
73.0 27.10978642578125
74.0 7.815605859375
75.0 4.306556640625
76.0 9.411198828125
77.0 1.9402748046875
78.0 0.3484244140625
79.0 4.30862529296875
80.0 6.42313046875
81.0 5.5744611328125
82.0 0.75691474609375
83.0 6.87283056640625
84.0 8.217609765625
85.0 2.9738982421875
86.0 5.18141767578125
87.0 9.83368115234375
88.0 4.0978052734375
89.0 6.175934765625
90.0 5.5300216796875
91.0 0.0
92.0 0.0
93.0 0.0
94.0 0.42881123046875
95.0 33.1858634765625
96.0 13.89386474609375
97.0 14.886125390625
98.0 14.87596826171875
99.0 12.1706771484375
100.0 4.1102357421875
101.0 0.15660791015625
102.0 7.76870634765625
103.0 8.101647265625
104.0 10.75077421875
105.0 14.14546103515625
106.0 9.9971474609375
107.0 10.46698525390625
108.0 10.62760908203125
109.0 14.74484267578125
110.0 14.6049185546875
111.0 13.6773875
112.0 7.22313447265625
113.0 7.03543291015625
114.0 5.8160283203125
115.0 11.37789599609375
116.0 9.85291572265625
117.0 13.3815580078125
118.0 9.52515341796875
119.0 8.44034443359375
120.0 17.6359439453125
121.0 16.5757318359375
122.0 11.959848828125
123.0 13.2574087890625
124.0 14.23909130859375
125.0 13.8916298828125
126.0 12.23322451171875
127.0 12.2594330078125
128.0 12.32658671875
129.0 10.44751591796875
130.0 16.7994068359375
131.0 16.695896875
132.0 15.83980234375
133.0 18.48577431640625
134.0 16.61151103515625
135.0 16.11823818359375
136.0 14.40269775390625
137.0 18.1731400390625
138.0 19.35305400390625
139.0 18.05294443359375
140.0 18.2570416015625
141.0 20.7906701171875
142.0 14.65191298828125
143.0 8.09100673828125
144.0 6.193562109375
145.0 5.7469880859375
146.0 1.860230859375
147.0 6.2358470703125
148.0 4.53834794921875
149.0 1.65570478515625
150.0 11.44594931640625
151.0 16.48857998046875
152.0 16.82701591796875
153.0 16.0143943359375
154.0 17.90245263671875
155.0 16.49211171875
156.0 16.82354921875
157.0 14.462410546875
158.0 24.34167470703125
159.0 22.4184458984375
160.0 25.41866044921875
161.0 13.02501025390625
162.0 9.0670025390625
163.0 3.94713310546875
164.0 3.943016015625
165.0 1.7013119140625
166.0 0.21851328125
167.0 0.36418916015625
168.0 14.32494892578125
169.0 18.80593603515625
170.0 17.193251953125
171.0 16.88380947265625
172.0 18.9117380859375
173.0 18.3328021484375
174.0 17.4279708984375
175.0 13.03235439453125
176.0 7.49519365234375
177.0 1.67585625
178.0 2.5237732421875
179.0 0.73881435546875
180.0 3.82171728515625
181.0 0.18752275390625
182.0 4.7911181640625
183.0 12.863764453125
184.0 13.77771318359375
185.0 4.3117849609375
186.0 11.11969638671875
187.0 11.3769130859375
188.0 1.234901171875
189.0 5.19075986328125
190.0 11.9518333984375
191.0 5.89660166015625
192.0 11.99958828125
193.0 6.8900712890625
194.0 6.77222001953125
195.0 6.9350732421875
196.0 8.78497685546875
197.0 15.86428525390625
198.0 17.65752607421875
199.0 16.22136513671875
200.0 10.78411669921875
201.0 18.71278203125
202.0 19.50109892578125
203.0 19.64361015625
204.0 22.24088037109375
205.0 19.167594140625
206.0 17.165688671875
207.0 13.7906783203125
208.0 22.19575263671875
209.0 15.6492595703125
210.0 14.53821025390625
211.0 14.98902509765625
212.0 14.53618134765625
213.0 13.06332783203125
214.0 0.0
215.0 0.0
216.0 38.867101953125
217.0 13.4332451171875
218.0 19.7025595703125
219.0 16.545269921875
220.0 13.47170498046875
221.0 11.68678486328125
222.0 7.20593095703125
223.0 7.14795224609375
224.0 4.76662880859375
225.0 3.32582392578125
226.0 0.5630326171875
227.0 1.15335361328125
228.0 0.47539853515625
229.0 1.03842861328125
230.0 6.55211787109375
231.0 4.424873828125
232.0 4.41583154296875
233.0 6.213198828125
234.0 16.466535546875
235.0 16.44923251953125
236.0 12.42907724609375
237.0 14.9934287109375
238.0 19.19285009765625
239.0 16.53913642578125
240.0 19.42389873046875
241.0 18.94961708984375
242.0 11.67915341796875
243.0 13.4113923828125
244.0 14.292234375
245.0 9.03275185546875
246.0 9.657523046875
247.0 6.1302376953125
248.0 4.576781640625
249.0 6.761190625
250.0 19.13570654296875
251.0 2.7324892578125
252.0 10.95918076171875
253.0 13.540060546875
254.0 13.5463203125
255.0 19.93276982421875
256.0 17.95907080078125
257.0 22.6183091796875
258.0 16.08736943359375
259.0 14.2405642578125
260.0 12.9614349609375
261.0 20.81388828125
262.0 17.68487578125
263.0 13.29905888671875
264.0 6.6645373046875
265.0 6.3637962890625
266.0 6.08958017578125
267.0 9.368576171875
268.0 6.12710771484375
269.0 8.617561328125
270.0 17.2623892578125
271.0 17.1686501953125
272.0 12.258737890625
273.0 20.44687939453125
274.0 9.335674609375
275.0 15.10315751953125
276.0 12.7175326171875
277.0 11.57393916015625
278.0 20.20313095703125
279.0 17.8414560546875
280.0 11.99937177734375
281.0 17.4325892578125
282.0 14.7807287109375
283.0 11.54304697265625
284.0 13.320891796875
285.0 9.84204716796875
286.0 9.24353466796875
287.0 20.5758638671875
288.0 15.3176544921875
289.0 18.71107626953125
290.0 17.8783791015625
291.0 16.15251455078125
292.0 14.50220478515625
293.0 15.10194814453125
294.0 20.07384794921875
295.0 25.28383876953125
296.0 21.8489318359375
297.0 17.0738103515625
298.0 15.9388359375
299.0 18.1536689453125
300.0 20.442723046875
301.0 21.39912255859375
302.0 22.05705283203125
303.0 28.47970166015625
304.0 17.40540126953125
305.0 16.61898154296875
306.0 20.18434521484375
307.0 27.0124138671875
308.0 22.7644296875
309.0 19.6767880859375
310.0 32.1764751953125
311.0 25.25754140625
312.0 23.9728595703125
313.0 20.8839412109375
314.0 20.3410044921875
315.0 26.543250390625
316.0 17.8881626953125
317.0 34.52420361328125
318.0 19.7675361328125
319.0 34.43140693359375
320.0 27.5329642578125
321.0 37.48794208984375
322.0 30.7940171875
323.0 22.9368974609375
324.0 22.0304939453125
325.0 36.6942025390625
326.0 28.96156337890625
327.0 27.7035880859375
328.0 24.69649208984375
329.0 39.55479853515625
330.0 32.9184572265625
331.0 19.989766796875
332.0 19.4311755859375
333.0 27.7644103515625
334.0 28.84753408203125
335.0 30.06585947265625
336.0 26.9466298828125
337.0 26.8141806640625
338.0 17.3519052734375
339.0 26.34176259765625
340.0 19.63286337890625
341.0 30.97343876953125
342.0 30.81004306640625
343.0 28.4098779296875
344.0 22.43423720703125
345.0 22.84267509765625
346.0 25.5787517578125
347.0 17.23629111328125
348.0 23.9314888671875
349.0 9.054571484375
350.0 17.04431318359375
351.0 24.47517666015625
352.0 23.69615703125
353.0 19.4622263671875
354.0 28.36618095703125
355.0 21.983284765625
356.0 29.321237890625
357.0 20.30746728515625
358.0 29.01265029296875
359.0 31.9250306640625
360.0 24.57466181640625
361.0 28.17098642578125
362.0 23.023135546875
363.0 22.58314921875
364.0 8.1017388671875
365.0 4.91302626953125
366.0 15.11301572265625
367.0 14.66458779296875
368.0 20.8370583984375
369.0 14.22464853515625
370.0 14.96182255859375
371.0 16.831273046875
372.0 18.7831451171875
373.0 18.91648701171875
374.0 10.625801953125
375.0 16.6307287109375
376.0 11.31252646484375
377.0 16.87202607421875
378.0 11.45743505859375
379.0 14.5614232421875
380.0 15.5158263671875
381.0 9.4941802734375
382.0 15.0124443359375
383.0 15.65989453125
384.0 11.4274802734375
385.0 10.2651171875
386.0 12.79562548828125
387.0 22.40890263671875
388.0 26.3283146484375
389.0 25.2217837890625
390.0 26.92799921875
391.0 28.68953681640625
392.0 13.32304677734375
393.0 30.49143583984375
394.0 27.24224365234375
395.0 20.76362734375
396.0 12.27872978515625
397.0 27.4439986328125
398.0 23.7389908203125
399.0 11.416065625
400.0 6.36567080078125
401.0 29.01544833984375
402.0 19.5524427734375
403.0 21.96652197265625
404.0 3.73590244140625
405.0 7.88222744140625
406.0 20.5720677734375
407.0 23.699609765625
408.0 24.26407958984375
409.0 23.82854501953125
410.0 23.76582734375
411.0 21.088934375
412.0 23.2289044921875
413.0 24.618369140625
414.0 21.5310505859375
415.0 29.48169541015625
416.0 16.83466259765625
417.0 23.18081494140625
418.0 19.6342779296875
419.0 17.73870029296875
420.0 17.0772134765625
421.0 15.87013046875
422.0 16.9034716796875
423.0 24.9246279296875
424.0 28.64285556640625
425.0 15.98543642578125
426.0 23.2053080078125
427.0 21.33972392578125
428.0 20.14206865234375
429.0 18.4524900390625
430.0 17.33818251953125
431.0 20.615003125
432.0 14.81077353515625
433.0 17.94611240234375
434.0 17.6842125
435.0 21.835379296875
436.0 31.70423291015625
437.0 22.33592802734375
438.0 4.011488671875
439.0 40.4880572265625
440.0 23.41193271484375
441.0 11.2537658203125
442.0 10.43544072265625
443.0 24.1118240234375
444.0 16.63061279296875
445.0 19.15852646484375
446.0 18.30156591796875
447.0 16.9353345703125
448.0 14.7414853515625
449.0 15.11152939453125
450.0 13.3529720703125
451.0 13.4700755859375
452.0 9.63822587890625
453.0 15.879462109375
454.0 16.7821609375
455.0 11.97855380859375
456.0 13.0695568359375
457.0 9.77379599609375
458.0 9.82316328125
459.0 10.54729677734375
460.0 12.05199619140625
461.0 11.9914541015625
462.0 12.47847548828125
463.0 12.2096720703125
464.0 11.71518125
465.0 9.083045703125
466.0 9.45933408203125
467.0 12.6518244140625
468.0 11.339627734375
469.0 12.31436826171875
470.0 7.45144970703125
471.0 13.33223271484375
472.0 11.2775599609375
473.0 11.5090626953125
474.0 12.7890623046875
475.0 14.74709091796875
476.0 14.82454833984375
477.0 11.53933359375
478.0 19.49867919921875
479.0 15.12415419921875
480.0 13.2100626953125
481.0 15.25348740234375
482.0 18.40285
483.0 16.91680634765625
484.0 17.74855703125
485.0 10.8675123046875
486.0 13.22480908203125
487.0 18.17583349609375
488.0 16.05190048828125
489.0 8.83826982421875
490.0 7.24976357421875
491.0 4.63272099609375
492.0 1.304084765625
493.0 4.49812109375
494.0 17.5580064453125
495.0 13.3796109375
496.0 7.9182033203125
497.0 13.31300439453125
498.0 6.5068728515625
499.0 1.597348046875
500.0 12.089702734375
501.0 12.3165244140625
502.0 13.27213759765625
503.0 13.0160916015625
504.0 5.552664453125
505.0 9.633158984375
506.0 22.51249208984375
507.0 25.08185830078125
508.0 20.766479296875
509.0 15.06921005859375
510.0 20.01499912109375
511.0 15.29390302734375
512.0 20.29690380859375
513.0 18.96503408203125
514.0 19.57882060546875
515.0 21.6140861328125
516.0 16.8443720703125
517.0 19.625232421875
518.0 14.4270822265625
519.0 14.609822265625
520.0 12.95319228515625
521.0 10.1690009765625
522.0 19.291101171875
523.0 14.37309296875
524.0 17.53538408203125
525.0 21.50610087890625
526.0 19.7279447265625
527.0 20.22112333984375
528.0 24.66531318359375
529.0 19.2971146484375
530.0 18.310737890625
531.0 28.0288337890625
532.0 25.29064521484375
533.0 28.10036708984375
534.0 18.541380078125
535.0 19.2828251953125
536.0 25.278057421875
537.0 18.712975
538.0 24.48639697265625
539.0 21.0839578125
540.0 21.77440361328125
541.0 31.93611005859375
542.0 26.4992634765625
543.0 20.80033193359375
544.0 22.5451484375
545.0 29.26818212890625
546.0 17.235759375
547.0 24.7450474609375
548.0 19.23731357421875
549.0 19.54299501953125
550.0 18.62562802734375
551.0 18.89359384765625
552.0 19.8898416015625
553.0 14.9634583984375
554.0 16.92194462890625
555.0 14.8276896484375
556.0 14.65704228515625
557.0 13.758408984375
558.0 12.06773203125
559.0 7.73404306640625
560.0 7.218694140625
561.0 13.650590625
562.0 25.18965185546875
563.0 31.73465380859375
564.0 35.2814837890625
565.0 18.26519580078125
566.0 16.74336533203125
567.0 25.16468740234375
568.0 22.70230009765625
569.0 26.90233330078125
570.0 23.69512333984375
571.0 26.152165234375
572.0 35.332096875
573.0 18.52635283203125
574.0 24.92913369140625
575.0 18.4324494140625
576.0 23.42045166015625
577.0 24.6881181640625
578.0 28.90570302734375
579.0 28.24516650390625
580.0 27.58390390625
581.0 7.43734970703125
582.0 26.97385546875
583.0 21.1472056640625
584.0 23.951583203125
585.0 15.76939814453125
586.0 8.783585546875
587.0 8.15989208984375
588.0 9.6725171875
589.0 5.6046779296875
590.0 14.1202861328125
591.0 25.86771845703125
592.0 11.84136826171875
593.0 11.781593359375
594.0 25.84597783203125
595.0 16.30914619140625
596.0 18.5351740234375
597.0 17.02751875
598.0 19.59275791015625
599.0 18.43625361328125
600.0 19.49783125
601.0 27.4001595703125
602.0 29.62688056640625
603.0 21.42618662109375
604.0 24.6723794921875
605.0 40.74674716796875
606.0 20.7605248046875
607.0 22.967903515625
608.0 21.84096328125
609.0 29.5930103515625
610.0 20.248769921875
611.0 23.95317109375
612.0 17.741298046875
613.0 28.01453017578125
614.0 27.0030119140625
615.0 26.11316826171875
616.0 30.4495564453125
617.0 36.47855263671875
618.0 22.58134296875
619.0 30.829213671875
620.0 27.4850783203125
621.0 23.05411396484375
622.0 29.6069455078125
623.0 27.2891017578125
624.0 20.0254427734375
625.0 30.785212890625
626.0 25.619390625
627.0 32.7339
628.0 24.07574091796875
629.0 11.8133314453125
630.0 12.3056439453125
631.0 10.2051072265625
632.0 12.815508203125
633.0 20.1997484375
634.0 17.31420419921875
635.0 18.52146904296875
636.0 17.81507333984375
637.0 13.12206318359375
638.0 25.5959888671875
639.0 13.5139294921875
640.0 10.9941576171875
641.0 20.38377880859375
642.0 16.79886669921875
643.0 15.41085712890625
644.0 20.4625568359375
645.0 16.833802734375
646.0 16.45053984375
647.0 15.7428689453125
648.0 18.39076796875
649.0 17.11104912109375
650.0 14.5398787109375
651.0 18.38007578125
652.0 19.4354505859375
653.0 15.99221494140625
654.0 23.04093388671875
655.0 20.30141064453125
656.0 25.80985009765625
657.0 21.96145546875
658.0 12.80329443359375
659.0 14.64030888671875
660.0 9.825091015625
661.0 14.41449365234375
662.0 17.95588251953125
663.0 11.60676318359375
664.0 16.6037658203125
665.0 27.32706337890625
666.0 16.4147482421875
667.0 15.5628255859375
668.0 8.8766142578125
669.0 20.5626017578125
670.0 8.638639453125
671.0 17.76161162109375
672.0 18.262287890625
673.0 13.6130794921875
674.0 26.205721484375
675.0 25.82733671875
676.0 18.1302916015625
677.0 18.07031767578125
678.0 11.29799609375
679.0 20.5326505859375
680.0 24.6213349609375
681.0 19.7423060546875
682.0 17.98015693359375
683.0 19.49176748046875
684.0 19.63366162109375
685.0 14.43670576171875
686.0 24.65562587890625
687.0 34.543179296875
688.0 38.18262373046875
689.0 30.0560431640625
690.0 19.38343125
691.0 16.90718203125
692.0 43.22041064453125
693.0 40.0906826171875
694.0 18.1816435546875
695.0 24.8784404296875
696.0 33.36480048828125
697.0 35.25695419921875
698.0 31.676965234375
699.0 32.0217162109375
700.0 30.3579458984375
701.0 22.59068349609375
702.0 5.6176458984375
703.0 0.9361171875
704.0 25.76011171875
705.0 37.37724228515625
706.0 31.29315546875
707.0 29.12604345703125
708.0 25.8568173828125
709.0 26.16615126953125
710.0 24.40813515625
711.0 30.21591884765625
712.0 24.6836916015625
713.0 15.33401875
714.0 19.76402275390625
715.0 27.97803896484375
716.0 27.14781484375
717.0 35.4219806640625
718.0 7.08986787109375
719.0 48.50090205078125
720.0 31.11681611328125
721.0 22.56230322265625
722.0 24.03219873046875
723.0 40.223933984375
724.0 17.97280048828125
725.0 30.9781916015625
726.0 19.00992001953125
727.0 32.378915234375
728.0 28.78353212890625
729.0 34.276422265625
730.0 32.5972080078125
731.0 27.33663798828125
732.0 35.57224814453125
733.0 31.81869033203125
734.0 12.6892365234375
735.0 35.61142822265625
736.0 36.95736083984375
737.0 29.213570703125
738.0 46.22232880859375
739.0 37.90335869140625
740.0 50.304226953125
741.0 58.5010951171875
742.0 54.70490419921875
743.0 56.7221927734375
744.0 48.57555908203125
745.0 18.53028017578125
746.0 56.256662890625
747.0 28.28164150390625
748.0 54.44533818359375
749.0 40.08380869140625
750.0 42.98313994140625
751.0 67.14264140625
752.0 54.29373671875
753.0 66.81076748046875
754.0 65.03085908203126
755.0 70.22298134765624
756.0 73.67289052734375
757.0 107.3668876953125
758.0 83.19582705078125
759.0 87.00874970703126
760.0 71.74584365234375
761.0 101.76161591796875
762.0 48.84509677734375
763.0 86.21705927734375
764.0 48.29686474609375
765.0 53.85877265625
766.0 78.2706904296875
767.0 77.22322177734375
768.0 74.90269873046876
769.0 48.66478505859375
770.0 91.370308203125
771.0 79.1315923828125
772.0 68.735375390625
773.0 76.48382802734375
774.0 73.3784357421875
775.0 81.92374423828124
776.0 74.016641015625
777.0 81.0713638671875
778.0 49.726201171875
779.0 97.32180537109375
780.0 81.1099724609375
781.0 74.90574208984376
782.0 83.9599611328125
783.0 83.6362677734375
784.0 75.87007705078125
785.0 76.5544533203125
786.0 74.46774453125
787.0 70.2773359375
788.0 76.129266796875
789.0 78.93857705078125
790.0 56.22137734375
791.0 61.1300791015625
792.0 57.9979716796875
793.0 62.45140166015625
794.0 31.8123751953125
795.0 49.4778994140625
796.0 82.52793876953125
797.0 95.49677802734375
798.0 79.95781318359376
799.0 87.2691677734375
