0.0 55.27832412109375
1.0 60.3062845703125
2.0 51.51677529296875
3.0 30.348933203125
4.0 71.72958779296874
5.0 53.00117783203125
6.0 51.84929560546875
7.0 52.27585390625
8.0 59.23357958984375
9.0 47.86217509765625
10.0 57.64765771484375
11.0 50.20832294921875
12.0 48.1669337890625
13.0 43.49899384765625
14.0 40.24880185546875
15.0 38.327819140625
16.0 57.26681337890625
17.0 51.31478408203125
18.0 49.06629248046875
19.0 56.71721787109375
20.0 42.7907630859375
21.0 45.38242626953125
22.0 42.3891587890625
23.0 63.53088505859375
24.0 36.81288662109375
25.0 52.670653125
26.0 24.0266197265625
27.0 40.33754775390625
28.0 55.5497076171875
29.0 51.6323046875
30.0 42.89098134765625
31.0 31.75549951171875
32.0 53.85870361328125
33.0 54.378858203125
34.0 46.722222265625
35.0 53.5373365234375
36.0 37.52945361328125
37.0 52.315234375
38.0 43.66935859375
39.0 39.35413212890625
40.0 43.73886650390625
41.0 54.05903759765625
42.0 49.77513193359375
43.0 54.1533544921875
44.0 49.48654609375
45.0 55.2216083984375
46.0 55.05155751953125
47.0 54.86029853515625
48.0 46.30575400390625
49.0 52.83581650390625
50.0 54.25664990234375
51.0 53.8276978515625
52.0 54.57201484375
53.0 54.655030859375
54.0 53.0473443359375
55.0 54.008510546875
56.0 48.453714453125
57.0 35.1618455078125
58.0 50.2435283203125
59.0 42.4995685546875
60.0 63.85836982421875
61.0 36.8034755859375
62.0 54.9485291015625
63.0 54.880869921875
64.0 54.29847333984375
65.0 59.1175564453125
66.0 37.161972265625
67.0 39.1721845703125
68.0 67.44604189453125
69.0 52.99009365234375
70.0 21.90410634765625
71.0 9.80302275390625
72.0 56.99310859375
73.0 36.103255859375
74.0 54.58055556640625
75.0 52.46881044921875
76.0 55.42535712890625
77.0 20.97272998046875
78.0 48.228099609375
79.0 54.63722275390625
80.0 53.62562080078125
81.0 51.5996732421875
82.0 53.99841005859375
83.0 20.06145048828125
84.0 51.83670576171875
85.0 40.07794033203125
86.0 69.40739501953125
87.0 45.01084013671875
88.0 51.57103369140625
89.0 49.970584765625
90.0 48.356529296875
91.0 46.58368935546875
92.0 50.25768076171875
93.0 46.822612890625
94.0 53.94012314453125
95.0 53.2362908203125
96.0 54.20219892578125
97.0 52.650074609375
98.0 54.7811525390625
99.0 54.12186767578125
100.0 47.0851326171875
101.0 49.91444697265625
102.0 51.990996484375
103.0 55.1943416015625
104.0 54.7200765625
105.0 42.0497931640625
106.0 70.58892998046875
107.0 51.41589765625
108.0 36.053457421875
109.0 53.297365234375
110.0 41.29369150390625
111.0 51.72655517578125
112.0 47.34562724609375
113.0 39.92007880859375
114.0 38.176597265625
115.0 38.929104296875
116.0 44.338546875
117.0 17.01340732421875
118.0 52.742837890625
119.0 53.0229890625
120.0 48.5845923828125
121.0 54.26485634765625
122.0 54.20640146484375
123.0 54.12188876953125
124.0 52.08152109375
125.0 50.27508173828125
126.0 54.87649208984375
127.0 25.96193232421875
128.0 16.61702958984375
129.0 13.88748701171875
130.0 30.53521728515625
131.0 46.0095443359375
132.0 61.43004892578125
133.0 27.9606712890625
134.0 62.1573716796875
135.0 57.56284140625
136.0 53.317173828125
137.0 52.06799296875
138.0 51.466666796875
139.0 51.979579296875
140.0 34.677444140625
141.0 45.46321376953125
142.0 57.379681640625
143.0 47.01771611328125
144.0 55.8555466796875
145.0 50.05100341796875
146.0 44.00216826171875
147.0 41.62674091796875
148.0 47.3616
149.0 56.98345439453125
150.0 51.01406591796875
151.0 55.132859765625
152.0 47.15178798828125
153.0 36.65927900390625
154.0 59.2005482421875
155.0 36.56047998046875
156.0 52.1113005859375
157.0 39.52694345703125
158.0 46.68002275390625
159.0 28.40569052734375
160.0 67.47888076171876
161.0 42.28457880859375
162.0 17.8618861328125
163.0 37.83726259765625
164.0 60.44356826171875
165.0 26.2592900390625
166.0 62.55827685546875
167.0 34.72980029296875
168.0 39.8089921875
169.0 49.82682939453125
170.0 40.39857978515625
171.0 33.81698671875
172.0 52.33813974609375
173.0 43.952033203125
174.0 23.02955947265625
175.0 52.05433779296875
176.0 52.79917822265625
177.0 55.56748876953125
178.0 55.01351337890625
179.0 54.1943685546875
180.0 53.8735578125
181.0 37.36397255859375
182.0 72.72561220703125
183.0 52.889400390625
184.0 52.46121640625
185.0 54.46974599609375
186.0 54.45262197265625
187.0 50.937205078125
188.0 55.74462314453125
189.0 53.8908189453125
190.0 55.07244306640625
191.0 48.43297578125
192.0 54.52637978515625
193.0 54.41139501953125
194.0 51.4967513671875
195.0 53.88243583984375
196.0 55.55261435546875
197.0 58.56772080078125
198.0 49.04746015625
199.0 52.05758935546875
200.0 47.5185
201.0 52.21424462890625
202.0 50.564266796875
203.0 38.65450556640625
204.0 53.99850068359375
205.0 49.08562041015625
206.0 57.1257490234375
207.0 52.2871509765625
208.0 49.57358154296875
209.0 50.030905859375
210.0 48.6534255859375
211.0 47.4722111328125
212.0 52.83178232421875
213.0 45.1805666015625
214.0 47.82897451171875
215.0 45.60574404296875
216.0 46.6418794921875
217.0 45.80998125
218.0 53.2932486328125
219.0 46.52666318359375
220.0 41.5587955078125
221.0 50.3972248046875
222.0 44.59759912109375
223.0 45.6916015625
224.0 45.57788662109375
225.0 32.07640458984375
226.0 58.8460240234375
227.0 46.04038212890625
228.0 50.80963759765625
229.0 29.702660546875
230.0 58.9146125
231.0 47.0273685546875
232.0 53.52117138671875
233.0 39.89179287109375
234.0 50.96254677734375
235.0 32.01946796875
236.0 65.9043025390625
237.0 46.579662890625
238.0 46.1112501953125
239.0 46.0717296875
240.0 48.22895966796875
241.0 54.1050888671875
242.0 54.04033154296875
243.0 52.2033740234375
244.0 59.67190634765625
245.0 54.91253056640625
246.0 54.32240771484375
247.0 52.40836533203125
248.0 40.53055224609375
249.0 57.41390712890625
250.0 40.0147501953125
251.0 65.51530048828126
252.0 50.87946044921875
253.0 54.88635146484375
254.0 53.0523958984375
255.0 52.5317302734375
256.0 55.58276591796875
257.0 54.78029873046875
258.0 54.92043427734375
259.0 53.75466728515625
260.0 52.60078984375
261.0 37.50872216796875
262.0 73.3878578125
263.0 56.2194962890625
264.0 55.80455146484375
265.0 53.17922197265625
266.0 53.58505322265625
267.0 55.53431650390625
268.0 56.25464013671875
269.0 55.4428927734375
270.0 52.693892578125
271.0 56.19236669921875
272.0 56.75537421875
273.0 56.1680712890625
274.0 54.0348279296875
275.0 55.6013455078125
276.0 55.6161826171875
277.0 60.3458228515625
278.0 53.83686552734375
279.0 40.8757474609375
280.0 69.6730345703125
281.0 54.48522880859375
282.0 53.9525041015625
283.0 55.14395458984375
284.0 50.9619544921875
285.0 52.3178517578125
286.0 55.2396240234375
287.0 53.08859619140625
288.0 55.274184375
289.0 42.4381693359375
290.0 72.5594236328125
291.0 55.41193642578125
292.0 51.8440728515625
293.0 48.54191904296875
294.0 54.7241380859375
295.0 55.43236015625
296.0 54.558561328125
297.0 54.76615419921875
298.0 54.11730166015625
299.0 40.3720822265625
300.0 72.274693359375
301.0 54.50681845703125
302.0 42.77305068359375
303.0 61.99293505859375
304.0 54.4027318359375
305.0 54.71205390625
306.0 55.10296083984375
307.0 58.50640322265625
308.0 54.38899736328125
309.0 54.02116201171875
310.0 54.326794140625
311.0 52.959808203125
312.0 54.0347185546875
313.0 53.89392685546875
314.0 54.524510546875
315.0 51.92143369140625
316.0 54.23190556640625
317.0 55.312447265625
318.0 42.03686943359375
319.0 63.64381796875
320.0 53.582012890625
321.0 51.6821908203125
322.0 52.47173447265625
323.0 47.636891796875
324.0 46.178822265625
325.0 61.7480072265625
326.0 53.9358939453125
327.0 54.30440986328125
328.0 53.46800947265625
329.0 21.3891302734375
330.0 60.58378359375
331.0 66.59152490234375
332.0 53.32964501953125
333.0 43.2149798828125
334.0 63.22645361328125
335.0 46.45413173828125
336.0 49.64582119140625
337.0 52.29803251953125
338.0 47.2446462890625
339.0 45.84257236328125
340.0 47.86373427734375
341.0 45.67375751953125
342.0 54.323288671875
343.0 45.73353896484375
344.0 43.61464345703125
345.0 43.94050634765625
346.0 47.31426220703125
347.0 44.95801298828125
348.0 47.03505361328125
349.0 49.4061578125
350.0 48.91023291015625
351.0 48.32033173828125
352.0 49.47959755859375
353.0 47.9313619140625
354.0 47.67837509765625
355.0 55.258007421875
356.0 47.28302373046875
357.0 46.9024732421875
358.0 49.71629775390625
359.0 41.750838671875
360.0 48.196455078125
361.0 26.3560759765625
362.0 46.6813134765625
363.0 49.56894013671875
364.0 53.8466083984375
365.0 38.19149892578125
366.0 28.7634322265625
367.0 46.91960029296875
368.0 54.42168837890625
369.0 41.3265115234375
370.0 44.2374755859375
371.0 42.66914404296875
372.0 56.7668380859375
373.0 43.65541474609375
374.0 46.3437490234375
375.0 46.80843564453125
376.0 49.5302982421875
377.0 46.40886083984375
378.0 47.6523884765625
379.0 53.01596064453125
380.0 48.33377880859375
381.0 24.34421826171875
382.0 55.42626962890625
383.0 56.5450234375
384.0 49.35963369140625
385.0 47.4691341796875
386.0 52.79894287109375
387.0 55.271176171875
388.0 53.32871904296875
389.0 55.06431552734375
390.0 48.05389716796875
391.0 48.38553427734375
392.0 64.0060279296875
393.0 54.82002705078125
394.0 55.28734013671875
395.0 53.47725830078125
396.0 55.3823705078125
397.0 49.16695859375
398.0 47.46644619140625
399.0 54.39610791015625
400.0 48.92102041015625
401.0 47.92535673828125
402.0 68.06896845703125
403.0 54.05456787109375
404.0 54.7099205078125
405.0 54.38203212890625
406.0 59.97218662109375
407.0 53.8839771484375
408.0 51.6961615234375
409.0 53.58533955078125
410.0 54.536457421875
411.0 54.436173046875
412.0 54.2911365234375
413.0 48.83699033203125
414.0 60.3799607421875
415.0 42.630565234375
416.0 42.75704716796875
417.0 48.6845080078125
418.0 36.781809765625
419.0 42.15987080078125
420.0 46.0795013671875
421.0 31.0646583984375
422.0 42.3311802734375
423.0 41.024249609375
424.0 35.70231259765625
425.0 25.35359228515625
426.0 49.52863896484375
427.0 46.161355859375
428.0 55.28949453125
429.0 54.320953125
430.0 55.16476376953125
431.0 52.29420810546875
432.0 52.41680791015625
433.0 57.4204951171875
434.0 53.18834482421875
435.0 50.75578583984375
436.0 50.0890517578125
437.0 54.447803125
438.0 51.64876396484375
439.0 43.14510146484375
440.0 58.0919041015625
441.0 52.98380263671875
442.0 53.5730673828125
443.0 34.2928822265625
444.0 70.98590712890625
445.0 52.44861845703125
446.0 51.77164755859375
447.0 39.6466109375
448.0 38.59315693359375
449.0 52.37388271484375
450.0 50.49566591796875
451.0 52.7343677734375
452.0 53.69797958984375
453.0 59.12100576171875
454.0 46.98693837890625
455.0 35.7597970703125
456.0 66.7453427734375
457.0 50.7093908203125
458.0 54.65442158203125
459.0 41.15063173828125
460.0 50.59862705078125
461.0 51.99878896484375
462.0 60.68428466796875
463.0 55.55605537109375
464.0 52.72898603515625
465.0 39.2522830078125
466.0 60.0567064453125
467.0 52.7002318359375
468.0 54.752823046875
469.0 53.1176302734375
470.0 42.5442943359375
471.0 43.24697861328125
472.0 54.91083828125
473.0 55.11559541015625
474.0 40.0053673828125
475.0 68.535848046875
476.0 51.71507373046875
477.0 55.15741103515625
478.0 53.4927404296875
479.0 54.9202796875
480.0 53.6632748046875
481.0 51.76065224609375
482.0 54.38102255859375
483.0 53.072878125
484.0 55.99068017578125
485.0 35.06238681640625
486.0 70.449658984375
487.0 50.81404912109375
488.0 49.1417345703125
489.0 51.1876615234375
490.0 49.55379052734375
491.0 50.0475439453125
492.0 45.42656328125
493.0 54.84203779296875
494.0 49.64557412109375
495.0 50.61964267578125
496.0 49.1249099609375
497.0 49.3796296875
498.0 50.31943115234375
499.0 45.16396083984375
500.0 45.44888994140625
501.0 40.1928755859375
502.0 44.3557251953125
503.0 51.20216005859375
504.0 49.12390859375
505.0 43.45463818359375
506.0 45.28728125
507.0 42.79166181640625
508.0 51.75906357421875
509.0 43.71319755859375
510.0 41.86883349609375
511.0 40.280934375
512.0 52.49607744140625
513.0 52.73119990234375
514.0 36.53390869140625
515.0 63.24650732421875
516.0 47.75633271484375
517.0 45.64309111328125
518.0 36.3496333984375
519.0 41.59407314453125
520.0 39.646031640625
521.0 39.57346943359375
522.0 30.695687109375
523.0 46.21523349609375
524.0 47.49239560546875
525.0 42.44122236328125
526.0 45.38841162109375
527.0 30.33607685546875
528.0 63.8414400390625
529.0 43.5879732421875
530.0 28.4829859375
531.0 45.7548904296875
532.0 57.30168251953125
533.0 35.96478291015625
534.0 47.7333296875
535.0 38.624926171875
536.0 59.088990625
537.0 50.59356328125
538.0 36.00936953125
539.0 38.96614482421875
540.0 47.8311896484375
541.0 48.31578330078125
542.0 45.86199833984375
543.0 49.845716796875
544.0 47.25290478515625
545.0 36.97130556640625
546.0 45.1505513671875
547.0 52.184126953125
548.0 48.0533052734375
549.0 34.992935546875
550.0 55.2996123046875
551.0 43.9695666015625
552.0 32.951534765625
553.0 40.6440751953125
554.0 45.45201083984375
555.0 26.87091328125
556.0 38.68727529296875
557.0 45.76701015625
558.0 49.36807939453125
559.0 49.2846916015625
560.0 48.46097529296875
561.0 51.41884609375
562.0 49.99170673828125
563.0 39.13311806640625
564.0 57.00186748046875
565.0 45.781601171875
566.0 47.923596484375
567.0 49.433538671875
568.0 42.8455580078125
569.0 30.35073916015625
570.0 47.5889
571.0 48.37556005859375
572.0 44.72649169921875
573.0 47.36188564453125
574.0 47.18593818359375
575.0 53.137903125
576.0 47.46012890625
577.0 50.2073982421875
578.0 44.25944775390625
579.0 54.07841923828125
580.0 49.11201357421875
581.0 49.45417177734375
582.0 51.92981865234375
583.0 47.1658396484375
584.0 49.445533984375
585.0 38.9225580078125
586.0 55.056105078125
587.0 47.129747265625
588.0 45.948887109375
589.0 47.45198291015625
590.0 47.413387109375
591.0 46.70606279296875
592.0 46.7288474609375
593.0 46.31896494140625
594.0 49.1100427734375
595.0 55.57814697265625
596.0 48.755985546875
597.0 47.07512529296875
598.0 27.110495703125
599.0 49.40293330078125
600.0 26.5759677734375
601.0 59.72710986328125
602.0 29.3179236328125
603.0 55.63889375
604.0 33.7004724609375
605.0 50.00689404296875
606.0 54.94479228515625
607.0 55.312378515625
608.0 54.47686494140625
609.0 54.47929921875
610.0 56.41583203125
611.0 54.5534125
612.0 49.03210791015625
613.0 47.4200533203125
614.0 48.74861123046875
615.0 52.54868388671875
616.0 47.67240361328125
617.0 45.58073642578125
618.0 52.12467607421875
619.0 53.431878125
620.0 55.03068818359375
621.0 53.480109375
622.0 56.73794560546875
623.0 52.71495986328125
624.0 48.4380767578125
625.0 54.69746474609375
626.0 54.9476966796875
627.0 34.5943826171875
628.0 72.542181640625
629.0 48.2522421875
630.0 53.54828759765625
631.0 56.2557015625
632.0 55.7113943359375
633.0 53.8056541015625
634.0 44.97167216796875
635.0 54.77440078125
636.0 49.4353220703125
637.0 39.0047580078125
638.0 54.39094658203125
639.0 53.489719921875
640.0 36.35554765625
641.0 47.66875634765625
642.0 55.1834443359375
643.0 54.8523994140625
644.0 55.03435009765625
645.0 54.3786181640625
646.0 48.60260068359375
647.0 51.47857294921875
648.0 52.88702958984375
649.0 56.00955146484375
650.0 55.60471328125
651.0 54.84036484375
652.0 56.15545546875
653.0 55.14446875
654.0 44.13312216796875
655.0 44.82229228515625
656.0 50.82933779296875
657.0 35.092551171875
658.0 34.22704775390625
659.0 49.26785947265625
660.0 55.1717201171875
661.0 48.9440619140625
662.0 54.43898486328125
663.0 53.25512490234375
664.0 57.77142626953125
665.0 53.80206640625
666.0 48.052388671875
667.0 47.79889697265625
668.0 53.62575107421875
669.0 53.94213857421875
670.0 52.07795693359375
671.0 49.2051740234375
672.0 45.72251015625
673.0 47.8857412109375
674.0 44.7570482421875
675.0 49.9196609375
676.0 39.92548173828125
677.0 50.18736337890625
678.0 51.83209267578125
679.0 49.1024095703125
680.0 55.0448537109375
681.0 55.07049072265625
682.0 54.2675296875
683.0 42.25018466796875
684.0 42.381728125
685.0 53.26206123046875
686.0 53.53793583984375
687.0 41.9759033203125
688.0 68.42373837890625
689.0 53.9796693359375
690.0 53.7151017578125
691.0 56.4101990234375
692.0 54.0173888671875
693.0 56.6430234375
694.0 56.793000390625
695.0 56.47572060546875
696.0 55.61114853515625
697.0 54.90405439453125
698.0 54.584952734375
699.0 55.933334375
700.0 38.0482533203125
701.0 71.49444091796875
702.0 43.801443359375
703.0 35.96168359375
704.0 40.01202529296875
705.0 41.087103125
706.0 36.783748046875
707.0 36.73062763671875
708.0 34.21597275390625
709.0 49.79730908203125
710.0 66.6046337890625
711.0 41.4155318359375
712.0 56.79184638671875
713.0 62.8108453125
714.0 57.28803515625
715.0 54.89008984375
716.0 54.83402939453125
717.0 55.09211845703125
718.0 36.52563173828125
719.0 75.31525537109376
720.0 54.9759458984375
721.0 51.4350130859375
722.0 43.05636826171875
723.0 36.6572259765625
724.0 59.55655888671875
725.0 45.2562728515625
726.0 51.38766337890625
727.0 46.46024599609375
728.0 45.2244015625
729.0 44.98838017578125
730.0 37.45718125
731.0 45.5249880859375
732.0 34.200417578125
733.0 63.45346640625
734.0 14.84329404296875
735.0 49.5545322265625
736.0 36.19684111328125
737.0 57.26780712890625
738.0 29.310005078125
739.0 31.30162763671875
740.0 60.32180185546875
741.0 53.892956640625
742.0 53.87033671875
743.0 53.82965185546875
744.0 49.53426357421875
745.0 53.40101328125
746.0 53.22248310546875
747.0 54.0478291015625
748.0 53.4547107421875
749.0 57.55263564453125
750.0 37.00564248046875
751.0 35.868883203125
752.0 43.64853125
753.0 54.0224681640625
754.0 5.48356767578125
755.0 56.4272642578125
756.0 54.0333583984375
757.0 41.010695703125
758.0 63.6839576171875
759.0 13.0925966796875
760.0 13.6084595703125
761.0 49.02080732421875
762.0 46.98046591796875
763.0 51.98577373046875
764.0 50.6004431640625
765.0 53.1165212890625
766.0 52.421800390625
767.0 51.1628220703125
768.0 47.47137900390625
769.0 12.43140888671875
770.0 20.03312685546875
771.0 48.66831787109375
772.0 54.039634375
773.0 53.8470828125
774.0 48.092930078125
775.0 48.3218546875
776.0 62.0235390625
777.0 54.5203388671875
778.0 51.1509826171875
779.0 48.8544658203125
780.0 56.54093818359375
781.0 54.98311640625
782.0 56.315632421875
783.0 52.57898994140625
784.0 46.577023046875
785.0 53.13293779296875
786.0 59.42254091796875
787.0 45.82247177734375
788.0 44.40850146484375
789.0 51.20600595703125
790.0 53.56846259765625
791.0 53.30608427734375
792.0 55.4152630859375
793.0 55.21700732421875
794.0 54.49945263671875
795.0 53.82656943359375
796.0 55.16867919921875
797.0 55.614303125
798.0 29.56797548828125
799.0 80.10506806640625
