0.0 24.58637890625
1.0 21.156496875
2.0 24.6679208984375
3.0 21.4998798828125
4.0 24.3745359375
5.0 24.32733447265625
6.0 21.37181396484375
7.0 23.34540361328125
8.0 21.746695703125
9.0 23.037998046875
10.0 20.54760458984375
11.0 20.945498046875
12.0 23.30270908203125
13.0 21.9143072265625
14.0 24.3758927734375
15.0 24.72677197265625
16.0 28.08031845703125
17.0 25.58181875
18.0 28.561833984375
19.0 26.024796484375
20.0 20.33288681640625
21.0 33.07384970703125
22.0 25.25969228515625
23.0 29.00100166015625
24.0 25.345808984375
25.0 28.614521875
26.0 26.27710458984375
27.0 25.695350390625
28.0 26.55568857421875
29.0 28.80151669921875
30.0 21.6618283203125
31.0 28.710973828125
32.0 26.253912109375
33.0 27.92576025390625
34.0 25.41792587890625
35.0 29.94797822265625
36.0 26.26340146484375
37.0 29.663795703125
38.0 26.084183984375
39.0 29.13582666015625
40.0 30.07455
41.0 26.54632939453125
42.0 27.4285005859375
43.0 30.74097568359375
44.0 27.26139833984375
45.0 30.070841015625
46.0 26.9764466796875
47.0 30.1187248046875
48.0 26.8568005859375
49.0 29.6142345703125
50.0 27.055609765625
51.0 26.514616015625
52.0 29.238584765625
53.0 26.02441376953125
54.0 29.095655859375
55.0 27.2877119140625
56.0 24.50912275390625
57.0 29.9591060546875
58.0 27.06460908203125
59.0 24.37556220703125
60.0 28.20620498046875
61.0 25.2288203125
62.0 28.6446380859375
63.0 26.352594921875
64.0 26.57825341796875
65.0 28.87331328125
66.0 26.34861435546875
67.0 27.05269609375
68.0 25.729776953125
69.0 28.95145859375
70.0 26.455596875
71.0 28.89743125
72.0 26.04607939453125
73.0 29.55102373046875
74.0 27.0940556640625
75.0 23.75749462890625
76.0 32.17460595703125
77.0 28.770794140625
78.0 25.861763671875
79.0 26.12713017578125
80.0 28.78699892578125
81.0 20.1276505859375
82.0 35.55516318359375
83.0 25.9990423828125
84.0 28.46294111328125
85.0 26.36150302734375
86.0 26.1753123046875
87.0 28.12862138671875
88.0 25.5744689453125
89.0 29.16882998046875
90.0 25.82645380859375
91.0 28.13858388671875
92.0 24.9026412109375
93.0 27.827438671875
94.0 23.35816552734375
95.0 27.48176123046875
96.0 25.48055380859375
97.0 28.81760927734375
98.0 25.62391962890625
99.0 28.936534375
100.0 23.74974072265625
101.0 28.2777951171875
102.0 26.4880392578125
103.0 29.2400259765625
104.0 25.18266396484375
105.0 29.91115927734375
106.0 27.0047607421875
107.0 26.36586953125
108.0 26.50951171875
109.0 26.20676083984375
110.0 28.89728515625
111.0 16.707330859375
112.0 27.58804326171875
113.0 30.444834765625
114.0 28.09851298828125
115.0 30.19298115234375
116.0 25.00343876953125
117.0 26.62161181640625
118.0 29.14831708984375
119.0 26.81897978515625
120.0 27.24216337890625
121.0 21.699515625
122.0 30.1294001953125
123.0 29.07580791015625
124.0 26.4329505859375
125.0 27.49186982421875
126.0 28.51434853515625
127.0 25.488444140625
128.0 29.2631720703125
129.0 25.06662470703125
130.0 27.74782939453125
131.0 24.95282802734375
132.0 25.577500390625
133.0 27.56013203125
134.0 29.14933779296875
135.0 24.9786423828125
136.0 28.132511328125
137.0 25.44310859375
138.0 28.733446484375
139.0 23.62553603515625
140.0 27.07830107421875
141.0 25.97342265625
142.0 26.10604130859375
143.0 21.645823828125
144.0 27.82541240234375
145.0 28.21531240234375
146.0 25.638470703125
147.0 26.14829111328125
148.0 23.80895986328125
149.0 23.6846767578125
150.0 25.539843359375
151.0 28.65666640625
152.0 26.369323828125
153.0 28.877590625
154.0 25.18044287109375
155.0 27.46272568359375
156.0 29.7814103515625
157.0 26.7487490234375
158.0 30.21146044921875
159.0 26.75314052734375
160.0 25.90865625
161.0 25.97480419921875
162.0 29.12552626953125
163.0 25.43079794921875
164.0 28.35682705078125
165.0 20.3518103515625
166.0 31.78380205078125
167.0 28.0390814453125
168.0 26.03151298828125
169.0 26.3778349609375
170.0 26.9204720703125
171.0 22.58162138671875
172.0 26.13715185546875
173.0 29.843314453125
174.0 27.339180859375
175.0 30.36327822265625
176.0 26.92969208984375
177.0 29.00043203125
178.0 26.5711771484375
179.0 29.787929296875
180.0 25.9570365234375
181.0 25.659828125
182.0 26.735381640625
183.0 29.2055830078125
184.0 25.72277568359375
185.0 29.53699375
186.0 28.106817578125
187.0 30.75323564453125
188.0 27.591105078125
189.0 30.06469150390625
190.0 24.36064296875
191.0 27.8114431640625
192.0 27.5005265625
193.0 30.69050107421875
194.0 26.68216904296875
195.0 30.85006435546875
196.0 26.3284033203125
197.0 29.34676103515625
198.0 26.389875
199.0 29.213872265625
200.0 26.2142904296875
201.0 26.5214986328125
202.0 26.06741796875
203.0 26.1486919921875
204.0 23.6717806640625
205.0 28.87569248046875
206.0 28.88868056640625
207.0 25.92368408203125
208.0 28.74144482421875
209.0 26.4458
210.0 20.9062841796875
211.0 21.81318173828125
212.0 28.60755009765625
213.0 24.6731125
214.0 29.18229189453125
215.0 26.2570171875
216.0 28.532282421875
217.0 26.13146162109375
218.0 29.53222470703125
219.0 26.35664814453125
220.0 26.61653486328125
221.0 28.65640556640625
222.0 26.12273720703125
223.0 28.8979509765625
224.0 29.052581640625
225.0 27.0554537109375
226.0 27.31025576171875
227.0 29.27910712890625
228.0 26.34417451171875
229.0 29.6658841796875
230.0 28.43100478515625
231.0 27.51992373046875
232.0 30.49376865234375
233.0 26.48663642578125
234.0 29.73642021484375
235.0 26.99706123046875
236.0 27.50141171875
237.0 30.12946220703125
238.0 27.745165234375
239.0 30.86383115234375
240.0 25.556777734375
241.0 30.12354833984375
242.0 27.1407302734375
243.0 30.6100458984375
244.0 26.06834287109375
245.0 29.51285400390625
246.0 27.78655244140625
247.0 21.7478763671875
248.0 34.4495994140625
249.0 26.66909931640625
250.0 30.32706376953125
251.0 19.45448310546875
252.0 37.538778515625
253.0 27.30966826171875
254.0 26.70483515625
255.0 29.39924638671875
256.0 30.52328115234375
257.0 28.17385205078125
258.0 30.79107451171875
259.0 27.66604609375
260.0 29.7817228515625
261.0 27.9978900390625
262.0 29.945313671875
263.0 26.06288505859375
264.0 29.2830158203125
265.0 26.36512431640625
266.0 26.6373767578125
267.0 29.86334609375
268.0 29.72229501953125
269.0 27.219922265625
270.0 26.78402822265625
271.0 18.05515673828125
272.0 26.20082470703125
273.0 29.747553125
274.0 25.57432265625
275.0 28.2073341796875
276.0 26.03155166015625
277.0 29.23188330078125
278.0 26.4086359375
279.0 28.875158203125
280.0 26.51484580078125
281.0 29.12081015625
282.0 25.029796875
283.0 28.88493408203125
284.0 26.51907490234375
285.0 26.21393916015625
286.0 29.5992208984375
287.0 25.68302822265625
288.0 29.53500986328125
289.0 25.97146689453125
290.0 29.40969638671875
291.0 25.79766953125
292.0 29.52970390625
293.0 27.1855875
294.0 26.21776328125
295.0 28.95257626953125
296.0 26.2548580078125
297.0 29.055925390625
298.0 26.428218359375
299.0 29.35854638671875
300.0 24.66370234375
301.0 17.677528125
302.0 26.8720380859375
303.0 24.85334443359375
304.0 29.621448828125
305.0 26.2706625
306.0 29.300412890625
307.0 26.24415068359375
308.0 28.91993828125
309.0 26.660476171875
310.0 29.121439453125
311.0 26.53303291015625
312.0 27.89446630859375
313.0 25.74151787109375
314.0 24.76021982421875
315.0 31.86717197265625
316.0 28.37904716796875
317.0 29.80201904296875
318.0 27.5587861328125
319.0 23.31566484375
320.0 27.41234697265625
321.0 30.35018310546875
322.0 27.0351919921875
323.0 30.0050189453125
324.0 27.44763447265625
325.0 29.68063193359375
326.0 27.6898728515625
327.0 32.162544140625
328.0 28.92817451171875
329.0 27.7358556640625
330.0 30.00828310546875
331.0 27.1975650390625
332.0 30.714775390625
333.0 27.08746318359375
334.0 30.5055904296875
335.0 24.72691552734375
336.0 28.9497587890625
337.0 29.542106640625
338.0 27.584103515625
339.0 30.86458056640625
340.0 27.76989755859375
341.0 30.47888486328125
342.0 26.08928515625
343.0 28.89394755859375
344.0 27.19209501953125
345.0 25.1340048828125
346.0 29.04345966796875
347.0 26.77184150390625
348.0 29.84429609375
349.0 23.232297265625
350.0 31.7236697265625
351.0 29.58711279296875
352.0 25.6227533203125
353.0 28.94033916015625
354.0 26.191819140625
355.0 28.6258556640625
356.0 25.84761904296875
357.0 30.0780546875
358.0 26.90412568359375
359.0 27.1706365234375
360.0 29.831509375
361.0 27.5296998046875
362.0 28.613828125
363.0 26.78101845703125
364.0 30.2485662109375
365.0 25.7880169921875
366.0 27.60300185546875
367.0 27.64463623046875
368.0 29.762329296875
369.0 27.31057880859375
370.0 28.4953904296875
371.0 27.53669814453125
372.0 31.06014453125
373.0 28.14563583984375
374.0 30.95106708984375
375.0 27.5048908203125
376.0 29.98085537109375
377.0 26.8660359375
378.0 29.46195302734375
379.0 26.87103330078125
380.0 28.942719140625
381.0 25.9608404296875
382.0 26.04128212890625
383.0 29.11083193359375
384.0 26.27851318359375
385.0 29.10763466796875
386.0 25.43902138671875
387.0 28.703771484375
388.0 26.475753515625
389.0 28.8638927734375
390.0 26.0075478515625
391.0 29.7597953125
392.0 26.94509248046875
393.0 29.23902548828125
394.0 26.53000556640625
395.0 29.1594126953125
396.0 19.8807751953125
397.0 34.22697685546875
398.0 30.50384189453125
399.0 28.4041349609375
400.0 31.39546396484375
401.0 28.1701984375
402.0 33.18885966796875
403.0 28.91229501953125
404.0 28.4578357421875
405.0 31.9780888671875
406.0 21.79760927734375
407.0 36.5895451171875
408.0 29.01221318359375
409.0 31.48115576171875
410.0 20.09258818359375
411.0 41.7289958984375
412.0 30.51714794921875
413.0 31.09454951171875
414.0 29.76530595703125
415.0 29.68263984375
416.0 32.884608984375
417.0 29.861654296875
418.0 32.92269599609375
419.0 11.48752353515625
420.0 35.143719921875
421.0 29.60447763671875
422.0 28.48047685546875
423.0 30.896026953125
424.0 28.069004296875
425.0 30.847893359375
426.0 27.8986306640625
427.0 31.2966572265625
428.0 29.259148046875
429.0 25.9469681640625
430.0 31.1514998046875
431.0 28.5003671875
432.0 30.3342154296875
433.0 28.84177958984375
434.0 32.5245984375
435.0 28.32965908203125
436.0 30.1370134765625
437.0 28.05130068359375
438.0 31.60606025390625
439.0 29.16579609375
440.0 28.19126064453125
441.0 29.746493359375
442.0 27.1626720703125
443.0 26.8047115234375
444.0 27.18644384765625
445.0 16.78636748046875
446.0 25.7655587890625
447.0 28.75112431640625
448.0 25.87210244140625
449.0 28.76991181640625
450.0 23.99276201171875
451.0 27.27223447265625
452.0 25.38829775390625
453.0 27.682684765625
454.0 25.44217158203125
455.0 28.1494458984375
456.0 25.75932001953125
457.0 27.24514169921875
458.0 22.335197265625
459.0 22.481084765625
460.0 24.8419818359375
461.0 26.12776787109375
462.0 28.15682919921875
463.0 28.59084443359375
464.0 25.80665166015625
465.0 26.3349015625
466.0 28.137578515625
467.0 25.6337013671875
468.0 25.4717478515625
469.0 25.9019451171875
470.0 28.26016640625
471.0 28.66340732421875
472.0 27.10620966796875
473.0 24.96356630859375
474.0 28.749030078125
475.0 26.1840345703125
476.0 28.5344212890625
477.0 25.96767314453125
478.0 21.4433193359375
479.0 29.68729609375
480.0 28.93095859375
481.0 26.33261044921875
482.0 28.85698828125
483.0 26.37991669921875
484.0 28.590789453125
485.0 21.13696962890625
486.0 22.89489208984375
487.0 24.04176865234375
488.0 25.20411015625
489.0 26.05614833984375
490.0 27.86877109375
491.0 24.9034302734375
492.0 18.37623623046875
493.0 31.371578125
494.0 25.20378583984375
495.0 23.94779931640625
496.0 24.7763982421875
497.0 20.09443642578125
498.0 12.0936267578125
499.0 13.15106494140625
500.0 24.40364287109375
501.0 22.06331748046875
502.0 24.79272080078125
503.0 22.30344638671875
504.0 26.101166015625
505.0 21.9936681640625
506.0 26.61280390625
507.0 27.8318720703125
508.0 31.1842849609375
509.0 23.13246923828125
510.0 29.28916064453125
511.0 28.35704052734375
512.0 31.78638017578125
513.0 28.624911328125
514.0 30.58411806640625
515.0 28.1316357421875
516.0 31.58279453125
517.0 27.90646796875
518.0 30.239750390625
519.0 26.73078779296875
520.0 28.88652822265625
521.0 27.0488265625
522.0 30.0437828125
523.0 24.2095193359375
524.0 30.41132802734375
525.0 25.00284716796875
526.0 25.76326962890625
527.0 30.1635994140625
528.0 24.40484892578125
529.0 28.39981533203125
530.0 28.9838388671875
531.0 26.4787791015625
532.0 29.7363384765625
533.0 26.98999462890625
534.0 24.2033525390625
535.0 31.2484626953125
536.0 29.9669138671875
537.0 29.605691796875
538.0 14.4765775390625
539.0 39.250711328125
540.0 31.285526953125
541.0 27.7863439453125
542.0 31.71640341796875
543.0 27.29678994140625
544.0 33.3416501953125
545.0 29.6838720703125
546.0 33.76271025390625
547.0 27.965240625
548.0 29.4207458984375
549.0 32.906107421875
550.0 29.55410654296875
551.0 32.0970814453125
552.0 28.1739125
553.0 30.766805078125
554.0 28.06675224609375
555.0 31.49530341796875
556.0 28.56616630859375
557.0 31.56584931640625
558.0 29.06415166015625
559.0 30.90959384765625
560.0 28.8348955078125
561.0 28.373203515625
562.0 31.327736328125
563.0 28.82467568359375
564.0 32.31171357421875
565.0 27.7131373046875
566.0 29.313540625
567.0 27.399715234375
568.0 32.50135498046875
569.0 27.17148076171875
570.0 28.984864453125
571.0 31.5019130859375
572.0 28.04029296875
573.0 25.97100380859375
574.0 34.1187529296875
575.0 32.49616494140625
576.0 29.61815859375
577.0 31.7025349609375
578.0 27.794462109375
579.0 28.65690244140625
580.0 32.80328154296875
581.0 29.56695048828125
582.0 32.4881931640625
583.0 28.39788583984375
584.0 31.690109765625
585.0 28.19323125
586.0 28.83002138671875
587.0 29.56982451171875
588.0 26.7069552734375
589.0 28.5303779296875
590.0 27.2226318359375
591.0 29.16265673828125
592.0 26.383571484375
593.0 30.3114544921875
594.0 27.9447701171875
595.0 28.94779580078125
596.0 27.27351552734375
597.0 30.5000056640625
598.0 27.07239091796875
599.0 27.4960185546875
600.0 27.64282119140625
601.0 29.64946435546875
602.0 27.56496484375
603.0 30.33062236328125
604.0 26.5605166015625
605.0 29.03755986328125
606.0 26.032135546875
607.0 30.25343046875
608.0 27.72861630859375
609.0 32.30504990234375
610.0 25.283642578125
611.0 25.20466669921875
612.0 22.46063876953125
613.0 29.09541845703125
614.0 30.29816826171875
615.0 25.1967640625
616.0 28.92795244140625
617.0 22.1870396484375
618.0 38.68256611328125
619.0 26.92108251953125
620.0 31.42513271484375
621.0 28.11888955078125
622.0 30.9792921875
623.0 27.43671005859375
624.0 30.492249609375
625.0 28.2019416015625
626.0 26.79584169921875
627.0 30.98467490234375
628.0 27.69163798828125
629.0 31.75896865234375
630.0 27.00868720703125
631.0 31.33028359375
632.0 27.54687998046875
633.0 30.5773365234375
634.0 27.448615625
635.0 31.22412529296875
636.0 27.701557421875
637.0 30.19435888671875
638.0 27.0673458984375
639.0 30.17060576171875
640.0 27.41721435546875
641.0 29.9082541015625
642.0 28.1143927734375
643.0 28.9231841796875
644.0 27.92921875
645.0 26.61373896484375
646.0 30.203376953125
647.0 27.23901171875
648.0 30.11678681640625
649.0 26.32145791015625
650.0 29.64637421875
651.0 27.4103912109375
652.0 28.9281498046875
653.0 25.89683779296875
654.0 28.58683427734375
655.0 26.158833984375
656.0 26.5180126953125
657.0 26.3475509765625
658.0 29.38108046875
659.0 26.71094326171875
660.0 26.5144587890625
661.0 26.51232373046875
662.0 29.37345263671875
663.0 26.9400435546875
664.0 30.67421201171875
665.0 26.23345498046875
666.0 30.0303505859375
667.0 28.2423365234375
668.0 31.268413671875
669.0 26.4959423828125
670.0 30.42395732421875
671.0 26.4724611328125
672.0 30.3495041015625
673.0 26.91894560546875
674.0 29.3630044921875
675.0 26.86578486328125
676.0 26.28752705078125
677.0 27.88064755859375
678.0 23.03542099609375
679.0 28.06852880859375
680.0 29.65331416015625
681.0 26.5805703125
682.0 28.77042548828125
683.0 25.9971392578125
684.0 28.8444859375
685.0 25.8617341796875
686.0 25.64942333984375
687.0 27.4001583984375
688.0 23.31693134765625
689.0 24.1429203125
690.0 25.94322333984375
691.0 26.6045580078125
692.0 26.78370556640625
693.0 29.22201708984375
694.0 26.39180302734375
695.0 29.14802080078125
696.0 26.3273361328125
697.0 29.42347607421875
698.0 26.32405
699.0 29.721115625
700.0 27.27905322265625
701.0 29.7216166015625
702.0 26.07615380859375
703.0 28.98059013671875
704.0 27.27031337890625
705.0 30.27525859375
706.0 27.30073154296875
707.0 30.52298515625
708.0 28.1183111328125
709.0 27.86685634765625
710.0 28.7792255859375
711.0 27.0146892578125
712.0 30.4081224609375
713.0 27.62053388671875
714.0 31.3614083984375
715.0 19.77517880859375
716.0 36.01093095703125
717.0 27.9772236328125
718.0 31.4809193359375
719.0 29.255166015625
720.0 25.27249755859375
721.0 31.46405888671875
722.0 30.29475654296875
723.0 28.348085546875
724.0 28.03130556640625
725.0 31.344690234375
726.0 28.605039453125
727.0 31.29691689453125
728.0 21.4396791015625
729.0 34.411210546875
730.0 31.13614716796875
731.0 28.23377802734375
732.0 29.0263982421875
733.0 30.314909765625
734.0 27.4496400390625
735.0 30.24612568359375
736.0 27.12374248046875
737.0 31.64664677734375
738.0 27.1186671875
739.0 29.641019921875
740.0 27.4587009765625
741.0 30.99973876953125
742.0 28.39412138671875
743.0 30.3395353515625
744.0 27.63440810546875
745.0 30.395741015625
746.0 27.8027099609375
747.0 29.2609705078125
748.0 31.7507294921875
749.0 27.4022560546875
750.0 30.940845703125
751.0 26.4891125
752.0 31.0843916015625
753.0 27.33287919921875
754.0 30.56824462890625
755.0 30.0968482421875
756.0 26.73780927734375
757.0 31.580973828125
758.0 28.81009970703125
759.0 31.08344267578125
760.0 28.303080859375
761.0 30.270198828125
762.0 27.8503056640625
763.0 29.72702138671875
764.0 28.06198662109375
765.0 31.04924296875
766.0 27.5592734375
767.0 29.25645595703125
768.0 27.4111251953125
769.0 29.8214966796875
770.0 27.09669853515625
771.0 30.65619345703125
772.0 28.39040146484375
773.0 28.108890625
774.0 30.560933203125
775.0 28.66294453125
776.0 28.2371806640625
777.0 30.4371890625
778.0 31.6542771484375
779.0 28.4043529296875
780.0 32.00195869140625
781.0 28.55392783203125
782.0 22.62446572265625
783.0 34.33407294921875
784.0 31.868723828125
785.0 28.80050986328125
786.0 31.2988626953125
787.0 28.34062783203125
788.0 30.6241048828125
789.0 27.69214072265625
790.0 27.93818017578125
791.0 30.9306376953125
792.0 26.66763271484375
793.0 26.1430771484375
794.0 22.69461318359375
795.0 25.32570849609375
796.0 27.26966259765625
797.0 26.56039462890625
798.0 26.67201513671875
799.0 29.592155859375
