0.0 4.287117578125
1.0 10.16529501953125
2.0 2.609748828125
3.0 15.54463173828125
4.0 27.8757349609375
5.0 20.74686806640625
6.0 17.8457017578125
7.0 6.693705859375
8.0 21.15779599609375
9.0 19.86552109375
10.0 17.37053173828125
11.0 17.81689765625
12.0 38.826479296875
13.0 18.5478966796875
14.0 15.5876861328125
15.0 4.9908123046875
16.0 4.371240625
17.0 14.090593359375
18.0 13.0134455078125
19.0 4.55764013671875
20.0 17.2270916015625
21.0 17.78954482421875
22.0 15.88998759765625
23.0 9.7351609375
24.0 27.4778548828125
25.0 18.010101953125
26.0 29.4170353515625
27.0 21.66753896484375
28.0 29.56020390625
29.0 4.9432763671875
30.0 2.85729169921875
31.0 1.65156005859375
32.0 7.49467294921875
33.0 4.333950390625
34.0 4.284871484375
35.0 1.85219384765625
36.0 2.1892455078125
37.0 15.44532109375
38.0 15.345245703125
39.0 25.3652591796875
40.0 12.461705859375
41.0 11.96340849609375
42.0 18.39724814453125
43.0 12.6708232421875
44.0 6.3031384765625
45.0 0.84446708984375
46.0 9.6081775390625
47.0 7.148383984375
48.0 0.70806875
49.0 6.4757689453125
50.0 3.8420486328125
51.0 0.23970029296875
52.0 6.83368046875
53.0 14.1859005859375
54.0 22.701991796875
55.0 12.1033935546875
56.0 21.40732431640625
57.0 13.6667341796875
58.0 10.92745947265625
59.0 4.94277001953125
60.0 18.57251875
61.0 14.26143720703125
62.0 4.79533271484375
63.0 5.47116044921875
64.0 4.37426376953125
65.0 1.16031435546875
66.0 10.62472919921875
67.0 22.855772265625
68.0 20.696476953125
69.0 25.281108984375
70.0 24.34864404296875
71.0 21.4691369140625
72.0 18.69060849609375
73.0 21.4814533203125
74.0 17.48288564453125
75.0 13.2151087890625
76.0 10.13547783203125
77.0 13.6016845703125
78.0 3.01778564453125
79.0 1.88539912109375
80.0 0.50198974609375
81.0 0.720832421875
82.0 0.5925525390625
83.0 0.59945126953125
84.0 2.843349609375
85.0 10.60709521484375
86.0 7.98739638671875
87.0 2.48578955078125
88.0 6.33919228515625
89.0 1.3655982421875
90.0 5.653103125
91.0 0.0
92.0 0.0
93.0 0.0
94.0 0.0
95.0 0.0
96.0 0.0
97.0 0.0
98.0 0.0
99.0 3.340745703125
100.0 4.46395703125
101.0 12.4438025390625
102.0 18.17364189453125
103.0 11.872549609375
104.0 23.334109765625
105.0 19.06065361328125
106.0 7.70350029296875
107.0 13.5912337890625
108.0 19.45543916015625
109.0 11.24097451171875
110.0 18.18202255859375
111.0 15.91667568359375
112.0 16.9648421875
113.0 16.8361865234375
114.0 18.33025166015625
115.0 21.741103515625
116.0 25.15292451171875
117.0 14.67813876953125
118.0 13.00835732421875
119.0 20.06889091796875
120.0 22.86553125
121.0 14.843744921875
122.0 16.6587904296875
123.0 9.44912197265625
124.0 7.3064193359375
125.0 9.107013671875
126.0 16.88934453125
127.0 19.2574427734375
128.0 21.23932900390625
129.0 1.730823828125
130.0 0.6553783203125
131.0 9.7526884765625
132.0 17.12386826171875
133.0 2.26610673828125
134.0 12.56155576171875
135.0 2.9420455078125
136.0 2.094319140625
137.0 2.2208818359375
138.0 1.57550654296875
139.0 4.4723583984375
140.0 5.39788984375
141.0 8.90912578125
142.0 11.89875625
143.0 16.65976484375
144.0 15.1269421875
145.0 14.97972890625
146.0 17.26391689453125
147.0 18.05719658203125
148.0 9.51244716796875
149.0 17.515211328125
150.0 20.24409130859375
151.0 20.49298603515625
152.0 15.61934267578125
153.0 20.503751171875
154.0 16.92800673828125
155.0 4.44392763671875
156.0 4.0897357421875
157.0 5.1933404296875
158.0 9.69580634765625
159.0 19.85810166015625
160.0 22.4746958984375
161.0 24.32296181640625
162.0 25.96152998046875
163.0 20.515855859375
164.0 16.49746640625
165.0 6.7704892578125
166.0 5.2055890625
167.0 12.08620869140625
168.0 17.23938583984375
169.0 8.24276767578125
170.0 18.65946337890625
171.0 24.59285537109375
172.0 9.683912109375
173.0 0.3286310546875
174.0 11.81405263671875
175.0 5.28900283203125
176.0 0.37133154296875
177.0 0.5128771484375
178.0 2.58206220703125
179.0 7.47248046875
180.0 7.769641796875
181.0 1.9916568359375
182.0 5.91958505859375
183.0 9.89509169921875
184.0 31.71720244140625
185.0 19.90996806640625
186.0 21.1377
187.0 22.22984052734375
188.0 11.998168359375
189.0 15.68084921875
190.0 20.20803427734375
191.0 22.43512021484375
192.0 20.793661328125
193.0 16.56708798828125
194.0 34.10161943359375
195.0 34.983134375
196.0 21.77495693359375
197.0 43.7321302734375
198.0 36.8335275390625
199.0 30.35481552734375
200.0 29.583131640625
201.0 27.214624609375
202.0 26.7503123046875
203.0 38.1945134765625
204.0 35.02232919921875
205.0 37.65724912109375
206.0 6.63633603515625
207.0 7.80872734375
208.0 13.64925419921875
209.0 31.12171318359375
210.0 37.25856787109375
211.0 28.41621884765625
212.0 35.07955791015625
213.0 29.114208203125
214.0 30.8460423828125
215.0 32.985552734375
216.0 30.5148142578125
217.0 31.528737890625
218.0 29.3458625
219.0 25.44850625
220.0 38.8492087890625
221.0 22.5341505859375
222.0 31.7869939453125
223.0 30.95526484375
224.0 36.0799998046875
225.0 34.65537568359375
226.0 34.85155556640625
227.0 31.115978125
228.0 41.78282138671875
229.0 28.2070953125
230.0 36.1179845703125
231.0 31.0561150390625
232.0 27.54466083984375
233.0 28.5333517578125
234.0 15.76169931640625
235.0 25.639756640625
236.0 24.37788154296875
237.0 19.3660779296875
238.0 18.955203125
239.0 23.78051201171875
240.0 26.29445654296875
241.0 21.89115078125
242.0 20.94326826171875
243.0 12.31548720703125
244.0 28.802551953125
245.0 16.17943466796875
246.0 8.01551240234375
247.0 10.0752853515625
248.0 30.0547951171875
249.0 29.817759765625
250.0 18.87900234375
251.0 30.24096630859375
252.0 13.7399533203125
253.0 20.269125
254.0 20.08133125
255.0 22.88559892578125
256.0 27.94357109375
257.0 34.9620443359375
258.0 25.96467490234375
259.0 30.529386328125
260.0 25.68397890625
261.0 31.921809375
262.0 35.37517509765625
263.0 34.57992978515625
264.0 34.687198828125
265.0 39.2866775390625
266.0 36.31549375
267.0 29.73231533203125
268.0 32.0803271484375
269.0 13.32410380859375
270.0 21.570842578125
271.0 16.17485009765625
272.0 12.34377626953125
273.0 21.28022763671875
274.0 36.92381455078125
275.0 27.14841171875
276.0 21.297128125
277.0 36.4369837890625
278.0 21.71144375
279.0 32.6602880859375
280.0 26.89796484375
281.0 25.90369599609375
282.0 26.1058337890625
283.0 15.19448720703125
284.0 28.48803583984375
285.0 18.862513671875
286.0 34.77261123046875
287.0 8.405511328125
288.0 21.56504755859375
289.0 19.627481640625
290.0 11.9181654296875
291.0 24.82760458984375
292.0 17.69170615234375
293.0 13.63960078125
294.0 10.1630640625
295.0 2.56592255859375
296.0 2.4152787109375
297.0 5.4096421875
298.0 11.57480498046875
299.0 3.92022275390625
300.0 3.71264208984375
301.0 6.80223193359375
302.0 15.319285546875
303.0 12.33872841796875
304.0 16.76065048828125
305.0 11.098986328125
306.0 1.54326640625
307.0 3.8298951171875
308.0 3.24400576171875
309.0 15.46166376953125
310.0 18.52400546875
311.0 18.441482421875
312.0 2.15835576171875
313.0 5.36014462890625
314.0 18.9682607421875
315.0 26.26896943359375
316.0 25.98600185546875
317.0 30.04071865234375
318.0 23.65106796875
319.0 21.46504150390625
320.0 12.744173046875
321.0 0.0938234375
322.0 5.7653314453125
323.0 23.4805712890625
324.0 12.84120966796875
325.0 7.41753388671875
326.0 3.31676474609375
327.0 20.946742578125
328.0 29.9345724609375
329.0 26.77253095703125
330.0 19.637248046875
331.0 23.3143541015625
332.0 32.4918173828125
333.0 16.12413193359375
334.0 37.31671025390625
335.0 12.04611318359375
336.0 21.35457880859375
337.0 20.10492978515625
338.0 18.06709580078125
339.0 19.048712890625
340.0 21.10309345703125
341.0 19.02803857421875
342.0 32.93901875
343.0 14.5697798828125
344.0 3.22537236328125
345.0 10.4046478515625
346.0 7.79409501953125
347.0 14.0504240234375
348.0 3.31882421875
349.0 11.772302734375
350.0 7.9135357421875
351.0 18.509512109375
352.0 20.2388712890625
353.0 15.72378955078125
354.0 16.84775458984375
355.0 6.5518
356.0 5.751930078125
357.0 1.66564189453125
358.0 1.001350390625
359.0 0.54190830078125
360.0 13.84003896484375
361.0 18.7922005859375
362.0 24.7429181640625
363.0 33.62867353515625
364.0 28.9011025390625
365.0 25.492578125
366.0 27.698660546875
367.0 15.29250703125
368.0 29.5945158203125
369.0 24.75050947265625
370.0 37.89758515625
371.0 30.53619970703125
372.0 20.2454552734375
373.0 24.7079775390625
374.0 16.76635439453125
375.0 23.85185927734375
376.0 18.6998248046875
377.0 14.9815154296875
378.0 14.576566015625
379.0 26.00369912109375
380.0 20.95803525390625
381.0 11.47955322265625
382.0 9.39574150390625
383.0 6.1035810546875
384.0 12.415770703125
385.0 3.97872998046875
386.0 3.97449501953125
387.0 5.52975458984375
388.0 9.87476767578125
389.0 8.4984271484375
390.0 1.47056259765625
391.0 2.47405244140625
392.0 3.4305724609375
393.0 3.90541484375
394.0 24.5725212890625
395.0 14.3589125
396.0 19.48231455078125
397.0 22.30221044921875
398.0 23.07908251953125
399.0 28.3795048828125
400.0 28.5738158203125
401.0 27.74660732421875
402.0 20.18390322265625
403.0 20.75775029296875
404.0 27.86093818359375
405.0 26.06191171875
406.0 27.1714375
407.0 14.963780078125
408.0 16.6431982421875
409.0 9.82038046875
410.0 1.838693359375
411.0 6.710226171875
412.0 1.248132421875
413.0 5.9852392578125
414.0 0.57597900390625
415.0 0.56291953125
416.0 0.698616015625
417.0 0.94917294921875
418.0 3.5522376953125
419.0 24.3636015625
420.0 15.166380078125
421.0 26.876075390625
422.0 23.88514970703125
423.0 27.65653212890625
424.0 33.185573046875
425.0 19.8263587890625
426.0 27.677879296875
427.0 32.71546044921875
428.0 18.50461015625
429.0 12.85033203125
430.0 17.59643017578125
431.0 0.0625076171875
432.0 1.4161939453125
433.0 0.9200564453125
434.0 15.35486591796875
435.0 16.77167900390625
436.0 15.1020384765625
437.0 20.42034755859375
438.0 33.53505732421875
439.0 15.73553681640625
440.0 14.98770908203125
441.0 24.1071806640625
442.0 21.8934357421875
443.0 25.43304326171875
444.0 23.79092470703125
445.0 19.36529228515625
446.0 25.064353125
447.0 23.3925134765625
448.0 27.05654462890625
449.0 21.84574833984375
450.0 30.74867607421875
451.0 15.1320833984375
452.0 15.796821875
453.0 7.67320830078125
454.0 27.2071474609375
455.0 25.77527490234375
456.0 30.0725091796875
457.0 32.39954482421875
458.0 28.52629501953125
459.0 23.67383408203125
460.0 21.36197861328125
461.0 18.71077939453125
462.0 20.99911884765625
463.0 32.04206796875
464.0 31.0442494140625
465.0 6.251801171875
466.0 26.09518056640625
467.0 26.0381220703125
468.0 33.11624033203125
469.0 29.86092470703125
470.0 30.53675615234375
471.0 30.7590369140625
472.0 30.906546875
473.0 34.746108984375
474.0 36.11749072265625
475.0 22.713338671875
476.0 35.1744982421875
477.0 32.24255615234375
478.0 33.7579314453125
479.0 30.04346552734375
480.0 36.73815712890625
481.0 36.58805703125
482.0 36.206090234375
483.0 33.2686138671875
484.0 25.77058388671875
485.0 26.98554970703125
486.0 32.3162720703125
487.0 26.38610341796875
488.0 25.841740625
489.0 22.40640390625
490.0 28.99852177734375
491.0 25.158158203125
492.0 35.53739404296875
493.0 28.524322265625
494.0 19.41715478515625
495.0 20.67802119140625
496.0 19.9013765625
497.0 17.6737666015625
498.0 10.752296484375
499.0 13.42404931640625
500.0 27.51900263671875
501.0 4.88958203125
502.0 15.8335552734375
503.0 10.02164775390625
504.0 19.745005078125
505.0 18.80986630859375
506.0 22.5639529296875
507.0 23.40029658203125
508.0 24.3493609375
509.0 13.8971859375
510.0 17.54098525390625
511.0 6.39484462890625
512.0 17.47102734375
513.0 17.74392646484375
514.0 5.3481345703125
515.0 14.86455458984375
516.0 10.67317255859375
517.0 14.25437314453125
518.0 18.17963671875
519.0 17.77513837890625
520.0 18.89245263671875
521.0 22.1627400390625
522.0 4.24637919921875
523.0 5.40423515625
524.0 12.366969921875
525.0 28.30660185546875
526.0 31.6683037109375
527.0 27.5867556640625
528.0 31.61258076171875
529.0 22.4246880859375
530.0 25.69542314453125
531.0 22.47195869140625
532.0 26.20129814453125
533.0 5.74034873046875
534.0 30.253096875
535.0 25.8199744140625
536.0 25.719233984375
537.0 20.65370712890625
538.0 19.0158576171875
539.0 17.7542923828125
540.0 22.1991283203125
541.0 24.4947203125
542.0 11.9738552734375
543.0 7.03960751953125
544.0 19.70396865234375
545.0 23.7869169921875
546.0 18.72329267578125
547.0 23.11986728515625
548.0 26.80593408203125
549.0 20.0055318359375
550.0 40.4367603515625
551.0 16.155386328125
552.0 12.87872158203125
553.0 14.9505091796875
554.0 15.3295630859375
555.0 11.51998701171875
556.0 24.2195619140625
557.0 10.44048369140625
558.0 5.25835263671875
559.0 8.41507373046875
560.0 16.79701806640625
561.0 17.0731083984375
562.0 22.6024203125
563.0 20.04039453125
564.0 17.25537060546875
565.0 22.719456640625
566.0 17.8626890625
567.0 22.33558310546875
568.0 23.76300341796875
569.0 24.21965986328125
570.0 21.31394794921875
571.0 26.59854814453125
572.0 12.0152365234375
573.0 10.5158470703125
574.0 4.26680859375
575.0 4.72387158203125
576.0 15.83732001953125
577.0 18.48253232421875
578.0 25.9972494140625
579.0 21.876001171875
580.0 14.6822025390625
581.0 18.63027421875
582.0 1.7258919921875
583.0 4.9713427734375
584.0 3.0822689453125
585.0 10.2407126953125
586.0 15.40291142578125
587.0 23.4679701171875
588.0 17.71930986328125
589.0 9.495265234375
590.0 16.999361328125
591.0 13.04878251953125
592.0 21.7383103515625
593.0 22.75449326171875
594.0 24.1601107421875
595.0 22.11460546875
596.0 19.37459892578125
597.0 17.99381298828125
598.0 10.78722490234375
599.0 24.6227712890625
600.0 24.18932900390625
601.0 13.9315748046875
602.0 25.00309423828125
603.0 18.9034923828125
604.0 18.98235634765625
605.0 11.8444470703125
606.0 7.36406796875
607.0 23.04267333984375
608.0 10.7175193359375
609.0 7.37567255859375
610.0 11.52488994140625
611.0 1.36043916015625
612.0 0.2713927734375
613.0 0.59367568359375
614.0 3.82429853515625
615.0 3.6262728515625
616.0 2.91431767578125
617.0 0.28679638671875
618.0 3.57432783203125
619.0 14.26412490234375
620.0 21.61159072265625
621.0 12.33266435546875
622.0 7.90482265625
623.0 7.9488904296875
624.0 7.71744951171875
625.0 16.91469345703125
626.0 10.16984921875
627.0 9.64901298828125
628.0 19.15599150390625
629.0 27.80147099609375
630.0 30.517530078125
631.0 18.36051748046875
632.0 31.86674599609375
633.0 24.27866328125
634.0 19.67026982421875
635.0 24.1828271484375
636.0 17.0152177734375
637.0 18.54931005859375
638.0 30.15115537109375
639.0 27.49744482421875
640.0 38.80661005859375
641.0 26.5169138671875
642.0 6.723987890625
643.0 16.662652734375
644.0 36.81748818359375
645.0 38.3941029296875
646.0 28.16688203125
647.0 20.4745171875
648.0 21.03510537109375
649.0 31.66718369140625
650.0 7.9692091796875
651.0 10.26471953125
652.0 21.3771009765625
653.0 24.50944287109375
654.0 19.425346875
655.0 10.198001953125
656.0 26.940091015625
657.0 7.96675400390625
658.0 16.91970107421875
659.0 13.6944548828125
660.0 18.79179208984375
661.0 11.57740732421875
662.0 25.35431796875
663.0 14.25951025390625
664.0 17.39755947265625
665.0 19.3531951171875
666.0 20.3684142578125
667.0 27.04520849609375
668.0 13.50202880859375
669.0 16.31710556640625
670.0 25.08907890625
671.0 17.20248623046875
672.0 26.1307236328125
673.0 18.435459375
674.0 23.38176923828125
675.0 19.5075705078125
676.0 19.53637255859375
677.0 21.02369345703125
678.0 25.6703232421875
679.0 26.19090166015625
680.0 24.64933740234375
681.0 17.6973458984375
682.0 21.43553720703125
683.0 26.80612841796875
684.0 28.54489609375
685.0 23.24243203125
686.0 15.24779365234375
687.0 16.5844095703125
688.0 22.99209931640625
689.0 8.39596240234375
690.0 4.974533203125
691.0 14.88593564453125
692.0 16.7305740234375
693.0 8.94645244140625
694.0 22.1822771484375
695.0 19.71111455078125
696.0 15.8269841796875
697.0 21.59316884765625
698.0 19.56955361328125
699.0 25.6220796875
700.0 15.71615595703125
701.0 14.229215234375
702.0 10.56202138671875
703.0 12.328626953125
704.0 12.04033994140625
705.0 8.2515875
706.0 29.53758330078125
707.0 15.81451669921875
708.0 30.09094375
709.0 22.2624083984375
710.0 19.06387021484375
711.0 17.21977890625
712.0 20.049003515625
713.0 25.85775322265625
714.0 14.622101953125
715.0 22.9990873046875
716.0 29.34580458984375
717.0 20.290995703125
718.0 37.84524404296875
719.0 20.6638640625
720.0 30.9441771484375
721.0 18.20270478515625
722.0 8.885614453125
723.0 5.61413671875
724.0 3.5836490234375
725.0 1.5422322265625
726.0 0.2620890625
727.0 0.36312958984375
728.0 2.5120859375
729.0 2.18047470703125
730.0 8.1511447265625
731.0 5.1891154296875
732.0 3.77761083984375
733.0 2.46319580078125
734.0 5.01464384765625
735.0 9.91773662109375
736.0 5.96751103515625
737.0 10.7618244140625
738.0 5.42458115234375
739.0 4.871819921875
740.0 2.30111484375
741.0 1.125948046875
742.0 0.344297265625
743.0 1.9863345703125
744.0 3.6150294921875
745.0 0.2186888671875
746.0 0.2915267578125
747.0 0.40568544921875
748.0 0.52142333984375
749.0 1.12277880859375
750.0 0.33397763671875
751.0 0.37469482421875
752.0 0.36383828125
753.0 0.59443662109375
754.0 8.32370947265625
755.0 12.5558822265625
756.0 4.994837890625
757.0 6.1539099609375
758.0 1.76803935546875
759.0 6.11918671875
760.0 11.82770908203125
761.0 6.08014091796875
762.0 4.2605958984375
763.0 1.83536748046875
764.0 3.8283943359375
765.0 7.7791060546875
766.0 9.3331056640625
767.0 21.54646357421875
768.0 9.06140078125
769.0 0.1353455078125
770.0 0.7754927734375
771.0 0.45987431640625
772.0 1.71875693359375
773.0 2.75093251953125
774.0 2.49427138671875
775.0 4.160988671875
776.0 18.93133212890625
777.0 22.639608203125
778.0 13.3506853515625
779.0 17.7526310546875
780.0 20.30819111328125
781.0 23.2944115234375
782.0 25.2283798828125
783.0 18.48173857421875
784.0 12.4376642578125
785.0 2.25950546875
786.0 1.91900634765625
787.0 8.16348955078125
788.0 6.83714833984375
789.0 16.86143515625
790.0 12.8254314453125
791.0 10.29550224609375
792.0 18.75365458984375
793.0 5.9725115234375
794.0 4.145750390625
795.0 12.6999248046875
796.0 5.93394775390625
797.0 15.0862416015625
798.0 26.40146064453125
799.0 20.4906330078125
