0.0 24.31814482421875
1.0 24.3918763671875
2.0 21.15732939453125
3.0 22.98652822265625
4.0 20.05684560546875
5.0 19.453484765625
6.0 27.79390576171875
7.0 26.76365849609375
8.0 23.62142529296875
9.0 26.83628056640625
10.0 24.4628708984375
11.0 25.0863509765625
12.0 19.9421376953125
13.0 22.45124599609375
14.0 22.95108134765625
15.0 21.91952041015625
16.0 21.3945728515625
17.0 25.9106474609375
18.0 24.70992705078125
19.0 22.7877216796875
20.0 25.08472353515625
21.0 23.28929560546875
22.0 26.026040625
23.0 21.6960140625
24.0 25.6582103515625
25.0 23.7416201171875
26.0 23.108245703125
27.0 22.88629521484375
28.0 25.507948828125
29.0 23.3477927734375
30.0 24.6343267578125
31.0 21.4865556640625
32.0 22.67667685546875
33.0 23.2185458984375
34.0 21.8579623046875
35.0 24.48619765625
36.0 23.0922359375
37.0 23.38039306640625
38.0 25.40631630859375
39.0 25.1567740234375
40.0 22.11928427734375
41.0 22.391137890625
42.0 18.6596435546875
43.0 23.023378515625
44.0 20.86110234375
45.0 18.890385546875
46.0 20.6439140625
47.0 25.92756044921875
48.0 20.57104775390625
49.0 23.87363642578125
50.0 20.822952734375
51.0 24.131619921875
52.0 21.4279171875
53.0 23.9088318359375
54.0 23.260663671875
55.0 20.87647763671875
56.0 23.2965765625
57.0 17.80374306640625
58.0 22.8435193359375
59.0 22.32798447265625
60.0 24.82604482421875
61.0 23.1980150390625
62.0 15.0755
63.0 28.12996611328125
64.0 28.5589642578125
65.0 17.109092578125
66.0 27.900808203125
67.0 20.45251611328125
68.0 23.4128775390625
69.0 23.82688369140625
70.0 20.14506025390625
71.0 21.73840615234375
72.0 22.2158515625
73.0 23.15727392578125
74.0 20.2073884765625
75.0 23.4422494140625
76.0 20.7497705078125
77.0 24.26631259765625
78.0 21.87897314453125
79.0 25.6350390625
80.0 23.19173291015625
81.0 20.66124248046875
82.0 21.25958935546875
83.0 20.6902736328125
84.0 18.2446171875
85.0 22.2487787109375
86.0 20.32979970703125
87.0 14.4990291015625
88.0 14.55318017578125
89.0 15.83504814453125
90.0 17.94441474609375
91.0 22.21585498046875
92.0 18.84590400390625
93.0 22.83984443359375
94.0 23.43893427734375
95.0 21.9259712890625
96.0 23.94432890625
97.0 21.44164287109375
98.0 22.15622607421875
99.0 22.63919580078125
100.0 21.03848671875
101.0 22.1503224609375
102.0 21.24390517578125
103.0 22.7180828125
104.0 21.3311388671875
105.0 24.87434765625
106.0 23.55751728515625
107.0 21.69629375
108.0 22.56879375
109.0 15.03297998046875
110.0 22.24594140625
111.0 21.1202439453125
112.0 17.23076533203125
113.0 21.36311572265625
114.0 22.376539453125
115.0 21.41934638671875
116.0 23.63053349609375
117.0 18.93990576171875
118.0 20.24274853515625
119.0 21.0544921875
120.0 17.67841826171875
121.0 21.33798271484375
122.0 20.277032421875
123.0 17.23137734375
124.0 17.8123724609375
125.0 18.3921607421875
126.0 20.1184998046875
127.0 17.9134380859375
128.0 22.8330880859375
129.0 18.40239716796875
130.0 16.48774287109375
131.0 22.1660341796875
132.0 19.30247353515625
133.0 22.360421484375
134.0 23.934074609375
135.0 19.906405078125
136.0 22.40413935546875
137.0 18.885124609375
138.0 19.68189501953125
139.0 21.8587861328125
140.0 16.87447158203125
141.0 20.27878779296875
142.0 19.90337236328125
143.0 17.61692080078125
144.0 20.29571240234375
145.0 17.07624326171875
146.0 14.7408240234375
147.0 19.183345703125
148.0 15.6049943359375
149.0 16.35926611328125
150.0 18.5102505859375
151.0 18.67236962890625
152.0 19.37544970703125
153.0 20.08249931640625
154.0 19.47789296875
155.0 19.7835333984375
156.0 17.75428583984375
157.0 23.77780234375
158.0 21.4205341796875
159.0 20.41388359375
160.0 21.94336826171875
161.0 21.06526484375
162.0 17.53181552734375
163.0 24.9119533203125
164.0 20.5141966796875
165.0 27.68567861328125
166.0 20.77589775390625
167.0 25.57546904296875
168.0 24.1846287109375
169.0 21.357681640625
170.0 24.19142294921875
171.0 22.41407607421875
172.0 19.425818359375
173.0 28.99736337890625
174.0 19.55090009765625
175.0 22.47296171875
176.0 25.48658330078125
177.0 22.70411083984375
178.0 25.0029744140625
179.0 22.54252607421875
180.0 24.919559765625
181.0 21.93715009765625
182.0 24.80325869140625
183.0 23.79821103515625
184.0 24.166928515625
185.0 19.10864404296875
186.0 28.7691900390625
187.0 22.38322353515625
188.0 23.894033203125
189.0 24.63840673828125
190.0 22.3292119140625
191.0 24.7955408203125
192.0 22.84777822265625
193.0 25.424686328125
194.0 21.02843271484375
195.0 22.2599974609375
196.0 25.72429755859375
197.0 20.7663974609375
198.0 25.26921650390625
199.0 20.667862890625
200.0 20.45642685546875
201.0 22.1832630859375
202.0 21.9114900390625
203.0 25.6484326171875
204.0 22.53629755859375
205.0 22.0436869140625
206.0 23.463757421875
207.0 22.73131279296875
208.0 24.12029130859375
209.0 21.90354580078125
210.0 24.3157341796875
211.0 23.3175533203125
212.0 22.84602529296875
213.0 24.65315849609375
214.0 11.35264697265625
215.0 26.6769828125
216.0 22.1397869140625
217.0 20.1235775390625
218.0 26.28612744140625
219.0 23.7306298828125
220.0 21.5311888671875
221.0 20.15208056640625
222.0 12.64789501953125
223.0 23.15814306640625
224.0 23.74529404296875
225.0 20.07198076171875
226.0 13.21449296875
227.0 13.30550390625
228.0 16.9599505859375
229.0 18.8456638671875
230.0 18.70730849609375
231.0 18.454983984375
232.0 20.761739453125
233.0 17.58770439453125
234.0 18.856137109375
235.0 18.45146669921875
236.0 16.3534125
237.0 16.7280228515625
238.0 21.8040248046875
239.0 19.743103515625
240.0 20.77627607421875
241.0 22.1261869140625
242.0 21.49158671875
243.0 20.349165234375
244.0 18.8561865234375
245.0 20.069809765625
246.0 12.13317275390625
247.0 15.73438173828125
248.0 16.186234765625
249.0 15.08217587890625
250.0 16.60338779296875
251.0 15.2593982421875
252.0 13.7219353515625
253.0 15.74111044921875
254.0 12.1553181640625
255.0 20.8868634765625
256.0 16.6370384765625
257.0 15.53940703125
258.0 16.75994384765625
259.0 14.07422998046875
260.0 16.18051328125
261.0 17.15652880859375
262.0 15.932842578125
263.0 15.87404150390625
264.0 13.39258447265625
265.0 15.03244443359375
266.0 14.75136982421875
267.0 17.599489453125
268.0 18.16546171875
269.0 18.88607333984375
270.0 19.0966890625
271.0 21.448478125
272.0 18.30710400390625
273.0 19.14274296875
274.0 19.39854306640625
275.0 18.91571923828125
276.0 19.9978888671875
277.0 17.39329404296875
278.0 16.07034296875
279.0 17.99017412109375
280.0 19.7189353515625
281.0 17.79517822265625
282.0 19.20418291015625
283.0 15.8124958984375
284.0 13.252466015625
285.0 11.08508681640625
286.0 14.27335185546875
287.0 13.3628154296875
288.0 16.66572412109375
289.0 19.23713916015625
290.0 22.87305390625
291.0 18.05641123046875
292.0 20.32082158203125
293.0 21.85912294921875
294.0 24.1974931640625
295.0 11.61142568359375
296.0 9.842412890625
297.0 21.0945548828125
298.0 24.7127513671875
299.0 22.35677548828125
300.0 23.79750830078125
301.0 15.7367658203125
302.0 17.8008203125
303.0 19.2870365234375
304.0 19.34889052734375
305.0 17.98128671875
306.0 14.9926818359375
307.0 21.2102560546875
308.0 20.03813681640625
309.0 22.07187138671875
310.0 16.51293095703125
311.0 22.58826162109375
312.0 24.72731005859375
313.0 18.67004111328125
314.0 23.48280830078125
315.0 19.97886728515625
316.0 17.0029455078125
317.0 22.898041015625
318.0 21.31544052734375
319.0 25.09478359375
320.0 22.04866337890625
321.0 17.62923115234375
322.0 30.887986328125
323.0 21.2108728515625
324.0 24.6807029296875
325.0 23.93146943359375
326.0 24.471465234375
327.0 22.0101578125
328.0 23.46734365234375
329.0 20.64993125
330.0 19.40111376953125
331.0 24.3761837890625
332.0 22.5296189453125
333.0 23.4568919921875
334.0 24.1297861328125
335.0 22.15612724609375
336.0 21.70337265625
337.0 19.66046416015625
338.0 17.9604853515625
339.0 21.1807521484375
340.0 23.6078755859375
341.0 20.05440400390625
342.0 14.80076513671875
343.0 20.70608916015625
344.0 19.856401171875
345.0 22.403573046875
346.0 22.914489453125
347.0 24.07609775390625
348.0 19.2769724609375
349.0 21.8376009765625
350.0 24.6664564453125
351.0 20.3938923828125
352.0 21.81688388671875
353.0 23.0810751953125
354.0 21.10099404296875
355.0 23.4305576171875
356.0 21.9404814453125
357.0 24.37186240234375
358.0 25.18862919921875
359.0 18.06932646484375
360.0 19.03016064453125
361.0 22.2075923828125
362.0 18.52543935546875
363.0 18.06213564453125
364.0 19.32043984375
365.0 18.03308828125
366.0 15.03020009765625
367.0 24.30185849609375
368.0 15.59642255859375
369.0 19.52214599609375
370.0 17.1047376953125
371.0 17.4258951171875
372.0 18.55237548828125
373.0 15.3551994140625
374.0 13.4080470703125
375.0 19.8573822265625
376.0 19.5503474609375
377.0 21.72390751953125
378.0 19.73151455078125
379.0 18.91282412109375
380.0 19.68557890625
381.0 19.59765048828125
382.0 17.11309208984375
383.0 20.52071708984375
384.0 15.59093369140625
385.0 20.47913076171875
386.0 17.58775009765625
387.0 20.4637849609375
388.0 19.52615751953125
389.0 20.99047734375
390.0 16.0678494140625
391.0 16.68921630859375
392.0 18.52636953125
393.0 11.18567529296875
394.0 21.9335767578125
395.0 15.52119091796875
396.0 14.2957349609375
397.0 16.97689609375
398.0 20.91018994140625
399.0 17.52446484375
400.0 21.26582314453125
401.0 19.75765166015625
402.0 17.0273056640625
403.0 20.03836630859375
404.0 17.131206640625
405.0 14.93281474609375
406.0 21.63150029296875
407.0 20.20532529296875
408.0 19.983467578125
409.0 21.7844623046875
410.0 21.20000556640625
411.0 17.95713125
412.0 15.5768400390625
413.0 13.75942998046875
414.0 34.13872353515625
415.0 22.7293169921875
416.0 19.96716171875
417.0 29.710140234375
418.0 22.46858505859375
419.0 18.45397060546875
420.0 22.175987109375
421.0 25.7202880859375
422.0 25.3130859375
423.0 23.70339482421875
424.0 23.63269873046875
425.0 22.97773232421875
426.0 26.008025390625
427.0 19.571506640625
428.0 24.86460634765625
429.0 23.43772890625
430.0 16.32202822265625
431.0 22.6238931640625
432.0 20.5905072265625
433.0 25.27504072265625
434.0 22.44031806640625
435.0 20.79507939453125
436.0 24.18052119140625
437.0 21.10440693359375
438.0 23.25326162109375
439.0 21.38962021484375
440.0 19.869143359375
441.0 21.1271912109375
442.0 19.248040625
443.0 21.3903435546875
444.0 22.017485546875
445.0 22.64022099609375
446.0 23.74680400390625
447.0 23.11860634765625
448.0 23.141895703125
449.0 19.4776259765625
450.0 17.77547275390625
451.0 24.3492212890625
452.0 25.5771005859375
453.0 23.64578203125
454.0 25.6493765625
455.0 22.79965341796875
456.0 25.59257802734375
457.0 21.89971279296875
458.0 23.81044638671875
459.0 25.16255888671875
460.0 22.54450185546875
461.0 23.18722880859375
462.0 20.8310546875
463.0 24.618934765625
464.0 23.14317783203125
465.0 26.2872041015625
466.0 19.77466953125
467.0 25.04521953125
468.0 23.82855771484375
469.0 19.4705283203125
470.0 24.20790830078125
471.0 18.79066552734375
472.0 19.25219560546875
473.0 20.0703728515625
474.0 20.9557232421875
475.0 18.2111087890625
476.0 20.74939541015625
477.0 20.740619921875
478.0 20.11606767578125
479.0 19.84726220703125
480.0 20.1096818359375
481.0 22.198354296875
482.0 22.429924609375
483.0 19.07703203125
484.0 20.4251841796875
485.0 16.56115703125
486.0 20.0971
487.0 17.07130693359375
488.0 21.71791728515625
489.0 21.44334716796875
490.0 16.363398046875
491.0 19.10932236328125
492.0 14.4654748046875
493.0 25.95922763671875
494.0 21.15975927734375
495.0 23.15742646484375
496.0 22.2955904296875
497.0 19.0877109375
498.0 20.7911984375
499.0 18.4922208984375
500.0 20.3243611328125
501.0 20.0659171875
502.0 20.738350390625
503.0 23.51372392578125
504.0 20.86129384765625
505.0 21.41535751953125
506.0 22.20267939453125
507.0 18.91905009765625
508.0 20.5462435546875
509.0 18.35025400390625
510.0 24.28905927734375
511.0 21.80173798828125
512.0 22.93981533203125
513.0 24.03844921875
514.0 19.53552060546875
515.0 21.8354205078125
516.0 19.74630791015625
517.0 22.30809921875
518.0 18.6455634765625
519.0 19.27071767578125
520.0 23.30264453125
521.0 19.516534765625
522.0 22.291998046875
523.0 23.08085732421875
524.0 18.91657939453125
525.0 24.35668076171875
526.0 21.5815486328125
527.0 22.95479892578125
528.0 20.91336435546875
529.0 21.5948396484375
530.0 22.0643439453125
531.0 18.96749912109375
532.0 23.671346875
533.0 22.52939833984375
534.0 22.82406767578125
535.0 18.86551552734375
536.0 20.9787380859375
537.0 22.52497314453125
538.0 19.85282021484375
539.0 22.47446796875
540.0 14.5969498046875
541.0 24.62814013671875
542.0 22.117317578125
543.0 19.903015234375
544.0 23.37048408203125
545.0 19.4431701171875
546.0 23.671602734375
547.0 23.0508197265625
548.0 17.92069521484375
549.0 20.37023623046875
550.0 21.03843203125
551.0 20.6923484375
552.0 20.05351953125
553.0 19.29607607421875
554.0 17.91163115234375
555.0 15.1451849609375
556.0 17.04203076171875
557.0 17.69449765625
558.0 15.79505341796875
559.0 22.7343279296875
560.0 20.87975302734375
561.0 16.641869921875
562.0 18.46859404296875
563.0 17.36399462890625
564.0 19.79084775390625
565.0 15.64767119140625
566.0 16.6650154296875
567.0 25.09425234375
568.0 22.7371642578125
569.0 25.86440732421875
570.0 22.41621376953125
571.0 24.060194140625
572.0 24.375859765625
573.0 19.6765431640625
574.0 23.40826376953125
575.0 22.352202734375
576.0 25.573077734375
577.0 24.9939103515625
578.0 20.27616298828125
579.0 22.91813876953125
580.0 22.97357734375
581.0 23.87346064453125
582.0 20.51457431640625
583.0 22.83908916015625
584.0 24.88954755859375
585.0 21.04152998046875
586.0 24.59624482421875
587.0 22.86345048828125
588.0 23.5861189453125
589.0 21.53007763671875
590.0 23.1619126953125
591.0 25.4510279296875
592.0 21.92765810546875
593.0 25.193764453125
594.0 22.26537509765625
595.0 26.50881484375
596.0 23.84711572265625
597.0 25.84378125
598.0 22.03358271484375
599.0 24.19737353515625
600.0 26.0390119140625
601.0 23.7076021484375
602.0 25.9411759765625
603.0 23.22527431640625
604.0 25.78907041015625
605.0 23.4368146484375
606.0 25.505048046875
607.0 22.45093359375
608.0 26.51400771484375
609.0 23.373643359375
610.0 25.5319279296875
611.0 23.07626142578125
612.0 25.79084375
613.0 25.3901044921875
614.0 21.92959306640625
615.0 21.101385546875
616.0 22.26679501953125
617.0 25.77114130859375
618.0 19.8860087890625
619.0 27.7092625
620.0 22.52667578125
621.0 24.63155078125
622.0 21.43263798828125
623.0 24.6632984375
624.0 22.7659955078125
625.0 22.6892986328125
626.0 23.1209763671875
627.0 21.23994169921875
628.0 23.9077275390625
629.0 22.51164951171875
630.0 21.75430439453125
631.0 19.57337880859375
632.0 25.85717421875
633.0 24.6861279296875
634.0 19.8534689453125
635.0 25.43245400390625
636.0 17.58387490234375
637.0 30.4261109375
638.0 23.03239111328125
639.0 24.0213486328125
640.0 22.17679462890625
641.0 19.39385478515625
642.0 19.59427021484375
643.0 20.89629345703125
644.0 16.89331689453125
645.0 15.60039013671875
646.0 21.90246201171875
647.0 22.518505078125
648.0 21.0931994140625
649.0 24.13561806640625
650.0 21.70753603515625
651.0 22.46396416015625
652.0 22.84623046875
653.0 20.99189326171875
654.0 24.4263248046875
655.0 23.25358369140625
656.0 25.399490625
657.0 22.644243359375
658.0 25.23640244140625
659.0 20.76696259765625
660.0 17.17956591796875
661.0 30.36141171875
662.0 20.35792001953125
663.0 24.092007421875
664.0 22.3879205078125
665.0 21.25932919921875
666.0 23.78723037109375
667.0 21.69381357421875
668.0 24.38801982421875
669.0 23.14017578125
670.0 24.00087919921875
671.0 20.432478515625
672.0 23.42437802734375
673.0 24.01285263671875
674.0 15.50539443359375
675.0 27.67411611328125
676.0 23.906467578125
677.0 23.133973828125
678.0 25.14566162109375
679.0 22.8596734375
680.0 23.22588515625
681.0 22.16948154296875
682.0 21.09598095703125
683.0 21.09295771484375
684.0 18.2769193359375
685.0 19.036803515625
686.0 21.83180595703125
687.0 17.81094375
688.0 21.23109189453125
689.0 20.21724658203125
690.0 17.72172109375
691.0 20.40885556640625
692.0 21.56612294921875
693.0 18.46118154296875
694.0 19.9612873046875
695.0 17.90522705078125
696.0 21.00988076171875
697.0 23.66798701171875
698.0 18.87038935546875
699.0 21.7784345703125
700.0 18.8763798828125
701.0 20.7987802734375
702.0 21.69835869140625
703.0 21.68637060546875
704.0 24.889280859375
705.0 23.05622333984375
706.0 19.6668904296875
707.0 22.4935513671875
708.0 19.26860234375
709.0 23.89650810546875
710.0 23.2168236328125
711.0 20.53038955078125
712.0 23.84097373046875
713.0 21.50920361328125
714.0 25.50806513671875
715.0 22.2777947265625
716.0 24.4944548828125
717.0 20.47550546875
718.0 22.46250048828125
719.0 19.9831521484375
720.0 17.77119599609375
721.0 18.78306474609375
722.0 21.50141044921875
723.0 18.1123953125
724.0 16.62762421875
725.0 13.09609765625
726.0 11.3716025390625
727.0 18.47926494140625
728.0 17.9932630859375
729.0 13.31337119140625
730.0 27.47183896484375
731.0 18.2837998046875
732.0 18.53915595703125
733.0 24.16323486328125
734.0 22.50822119140625
735.0 19.26678056640625
736.0 23.42646240234375
737.0 20.2001513671875
738.0 22.383743359375
739.0 21.96410927734375
740.0 15.42172099609375
741.0 24.4778080078125
742.0 19.2453189453125
743.0 22.58798095703125
744.0 20.9327123046875
745.0 21.54902353515625
746.0 21.418336328125
747.0 18.18176728515625
748.0 21.1929970703125
749.0 20.63818544921875
750.0 24.79049140625
751.0 22.87927353515625
752.0 20.71756806640625
753.0 24.627434765625
754.0 21.68459599609375
755.0 24.8614423828125
756.0 22.3857740234375
757.0 22.30248330078125
758.0 21.7258109375
759.0 20.66288056640625
760.0 22.926870703125
761.0 21.42714482421875
762.0 24.641940625
763.0 20.3818099609375
764.0 22.73155517578125
765.0 18.619701171875
766.0 20.65163818359375
767.0 23.997997265625
768.0 22.59003173828125
769.0 21.85187666015625
770.0 22.1656111328125
771.0 20.30496796875
772.0 24.2495015625
773.0 20.71440244140625
774.0 22.41711650390625
775.0 22.75408994140625
776.0 20.946304296875
777.0 21.13984765625
778.0 22.1047890625
779.0 20.7101205078125
780.0 22.4784359375
781.0 15.78780029296875
782.0 21.29470908203125
783.0 20.5879365234375
784.0 18.459329296875
785.0 19.42001923828125
786.0 16.03929833984375
787.0 21.24912412109375
788.0 19.8460240234375
789.0 18.20346982421875
790.0 20.7279912109375
791.0 16.256940234375
792.0 21.6970923828125
793.0 20.7532919921875
794.0 18.329209375
795.0 21.1215349609375
796.0 20.72910888671875
797.0 21.35532412109375
798.0 24.24613515625
799.0 21.2018412109375
