762.75
149	1043	7	312.9	2.1	4.17969	9
148	1028	15	308.4	4.5	5.34375	9
147	1007	29	302.1	8.7	2.92969	9
146	991	38	297.3	11.4	5.63281	9
145	975	47	292.5	14.1	2.57812	9
144	951	64	285.301	19.2	5.5	9
143	903	105	270.901	31.5	4.71875	9
142	890	111	267.001	33.3	5.67188	9
141	878	116	263.402	34.8	4.97656	9
140	866	121	259.802	36.3	4.42188	9
139	846	134	253.802	40.1999	4.65625	9
138	830	143	249.002	42.8999	5.40625	9
137	812	154	243.602	46.1999	1.82812	9
136	789	170	236.702	50.9999	2.42188	9
135	766	186	229.802	55.7999	8.4375	9
134	750	195	225.002	58.4999	5.91406	9
133	735	203	220.501	60.8999	4.03125	9
132	722	209	216.601	62.6999	7.70312	9
131	710	214	213.001	64.1999	8.49219	9
130	693	224	207.901	67.1999	4.08594	9
129	655	255	196.501	76.5	2.51562	9
128	634	269	190.201	80.7001	2.92188	9
127	613	283	183.901	84.9001	5.30469	9
126	600	289	180.001	86.7001	6.03125	9
125	588	294	176.401	88.2001	3.60938	9
124	575	300	172.501	90.0002	5.53125	9
123	564	304	169.201	91.2002	6.27344	9
122	553	308	165.901	92.4002	5.91406	9
121	541	313	162.301	93.9002	5.67188	9
120	528	319	158.401	95.7002	5.42969	9
119	515	325	154.501	97.5002	5.34375	9
118	502	331	150.601	99.3002	5.22656	9
117	490	336	147.001	100.8	5.4375	9
116	475	344	142.501	103.2	7.48438	9
115	461	351	138.301	105.3	6.76562	9
114	450	355	135.001	106.5	7.28125	9
113	438	360	131.401	108	7.69531	9
112	425	366	127.501	109.8	7.52344	9
111	412	372	123.6	111.6	6.95312	9
110	398	379	119.4	113.7	5.05469	9
109	387	383	116.1	114.9	6.625	9
108	367	396	110.1	118.8	4.65625	9
107	350	406	105	121.8	4.92969	9
106	334	415	100.2	124.501	5.23438	9
105	320	422	96.0002	126.601	3.46875	9
104	307	428	92.1002	128.401	5.1875	9
103	291	437	87.3001	131.101	4.00781	9
102	277	444	83.1001	133.201	4.98438	9
101	264	450	79.2	135.001	4.71875	9
100	251	456	75.3	136.801	5.8125	9
99	240	460	72	138.001	6.60156	9
98	229	464	68.6999	139.201	5.96094	9
97	218	468	65.3999	140.401	6	9
96	207	472	62.0999	141.601	6.45312	9
95	195	477	58.4999	143.101	6.10938	8
94	186	479	55.7999	143.701	5.55469	8
93	178	480	53.3999	144.001	7.01562	8
92	171	480	51.2999	144.001	6.83594	8
91	162	482	48.5999	144.601	3.625	8
90	153	484	45.8999	145.201	6.35938	8
89	147	483	44.0999	144.901	9.01562	8
88	137	486	41.0999	145.801	5.88281	8
87	127	489	38.1	146.701	5.17188	8
86	118	491	35.4	147.301	6.05469	8
85	110	492	33	147.601	8.02344	8
84	102	493	30.6	147.901	5.72656	6
83	97	491	29.1	147.301	5.69531	6
82	93	488	27.9	146.401	10.9141	5
81	92	482	27.6	144.601	10.9141	5
80	91	476	27.3	142.801	10.9141	3
79	91	469	27.3	140.701	10.9141	3
78	91	462	27.3	138.601	10.9141	3
77	91	455	27.3	136.501	10.9141	3
76	91	448	27.3	134.401	10.9141	3
75	91	441	27.3	132.301	10.9141	3
74	91	434	27.3	130.201	10.9141	3
73	91	427	27.3	128.101	10.9141	3
72	91	420	27.3	126.001	10.9141	3
71	91	413	27.3	123.9	10.9141	3
70	91	406	27.3	121.8	10.9141	3
69	91	399	27.3	119.7	10.9141	3
68	91	392	27.3	117.6	10.9141	3
67	91	385	27.3	115.5	10.9141	3
66	91	378	27.3	113.4	10.9141	3
65	91	371	27.3	111.3	10.9141	3
64	91	364	27.3	109.2	10.9141	3
63	91	357	27.3	107.1	10.9141	3
62	91	350	27.3	105	10.9141	3
61	91	343	27.3	102.9	10.9141	3
60	91	336	27.3	100.8	10.9141	3
59	91	329	27.3	98.7002	10.9141	3
58	91	322	27.3	96.6002	10.9141	3
57	91	315	27.3	94.5002	10.9141	3
56	91	308	27.3	92.4002	10.9141	3
55	91	301	27.3	90.3002	10.9141	3
54	91	294	27.3	88.2001	10.9141	3
53	91	287	27.3	86.1001	10.9141	3
52	91	280	27.3	84.0001	10.9141	3
51	91	273	27.3	81.9001	10.9141	3
50	91	266	27.3	79.8	10.9141	3
49	91	259	27.3	77.7	10.9141	3
48	91	252	27.3	75.6	10.9141	3
47	91	245	27.3	73.5	10.9141	3
46	91	238	27.3	71.4	10.9141	3
45	91	231	27.3	69.2999	10.9141	3
44	91	224	27.3	67.1999	10.9141	3
43	91	217	27.3	65.0999	10.9141	3
42	91	210	27.3	62.9999	10.9141	3
41	91	203	27.3	60.8999	10.9141	3
40	91	196	27.3	58.7999	10.9141	3
39	91	189	27.3	56.6999	10.9141	3
38	91	182	27.3	54.5999	10.9141	3
37	91	175	27.3	52.4999	10.9141	3
36	91	168	27.3	50.3999	10.9141	3
35	91	161	27.3	48.2999	10.9141	3
34	91	154	27.3	46.1999	10.9141	3
33	91	147	27.3	44.0999	10.9141	3
32	91	140	27.3	41.9999	10.9141	3
31	91	133	27.3	39.8999	10.9141	3
30	91	126	27.3	37.8	10.9141	3
29	91	119	27.3	35.7	10.9141	3
28	91	112	27.3	33.6	10.9141	3
27	91	105	27.3	31.5	10.9141	3
26	91	98	27.3	29.4	10.9141	3
25	91	91	27.3	27.3	10.9141	3
24	91	84	27.3	25.2	10.9141	3
23	91	77	27.3	23.1	10.9141	3
22	91	70	27.3	21	10.9141	3
21	91	63	27.3	18.9	10.9141	3
20	91	56	27.3	16.8	10.9141	3
19	91	49	27.3	14.7	10.9141	3
18	91	42	27.3	12.6	10.9141	4
17	86	40	25.8	12	4.53906	6
16	81	38	24.3	11.4	6.26562	6
15	76	36	22.8	10.8	5.46094	6
14	70	35	21	10.5	4.57812	6
13	64	34	19.2	10.2	5.67188	6
12	58	33	17.4	9.9	5.01562	6
11	53	31	15.9	9.3	5.97656	6
10	48	29	14.4	8.7	4.79688	6
9	44	26	13.2	7.8	7.34375	6
8	34	29	10.2	8.7	5.96875	6
7	29	27	8.7	8.1	6.02344	6
6	25	24	7.5	7.2	7.6875	6
5	19	23	5.7	6.9	4.94531	6
4	14	21	4.2	6.3	5.66406	6
3	9	19	2.7	5.7	5.27344	5
2	6	15	1.8	4.5	5.25	5
1	2	12	0.6	3.6	4.5	3
0	1	6	0.3	1.8	4.5	1

