236.895
149	1043	7	312.9	2.1	6.125	7
148	1001	42	300.3	12.6	1.65625	7
147	965	71	289.5	21.3	0.914062	7
146	935	94	280.501	28.2	5.34375	7
145	913	109	273.901	32.7	2.375	7
144	894	121	268.201	36.3	2.39062	7
143	874	134	262.202	40.1999	2.125	7
142	854	147	256.202	44.0999	2.3125	7
141	836	158	250.802	47.3999	4.92969	7
140	816	171	244.802	51.2999	5.96875	7
139	790	190	237.002	56.9999	1.76562	7
138	766	207	229.802	62.0999	2	7
137	729	237	218.701	71.1	5.13281	7
136	688	271	206.401	81.3001	1.53125	7
135	656	296	196.801	88.8001	3.32812	6
134	625	320	187.501	96.0002	1.98438	6
133	596	342	178.801	102.6	1	6
132	554	377	166.201	113.1	1.4375	6
131	538	386	161.401	115.8	5.13281	2
130	538	379	161.401	113.7	5.13281	2
129	538	372	161.401	111.6	5.13281	2
128	538	365	161.401	109.5	5.13281	2
127	538	358	161.401	107.4	5.13281	2
126	538	351	161.401	105.3	5.13281	2
125	538	344	161.401	103.2	5.13281	2
124	538	337	161.401	101.1	5.13281	2
123	538	330	161.401	99.0002	5.13281	2
122	538	323	161.401	96.9002	5.13281	2
121	538	316	161.401	94.8002	5.13281	2
120	538	309	161.401	92.7002	5.13281	2
119	538	302	161.401	90.6002	5.13281	2
118	538	295	161.401	88.5001	5.13281	2
117	538	288	161.401	86.4001	5.13281	2
116	538	281	161.401	84.3001	5.13281	2
115	538	274	161.401	82.2001	5.13281	2
114	538	267	161.401	80.1001	5.13281	2
113	538	260	161.401	78	5.13281	2
112	538	253	161.401	75.9	5.13281	2
111	538	246	161.401	73.8	5.13281	2
110	538	239	161.401	71.7	5.13281	2
109	538	232	161.401	69.5999	5.13281	2
108	538	225	161.401	67.4999	5.13281	2
107	538	218	161.401	65.3999	5.13281	2
106	538	211	161.401	63.2999	5.13281	2
105	538	204	161.401	61.1999	5.13281	2
104	538	197	161.401	59.0999	5.13281	2
103	538	190	161.401	56.9999	5.13281	2
102	538	183	161.401	54.8999	5.13281	2
101	538	176	161.401	52.7999	5.13281	2
100	538	169	161.401	50.6999	5.13281	2
99	538	162	161.401	48.5999	5.13281	2
98	538	155	161.401	46.4999	5.13281	2
97	538	148	161.401	44.3999	5.13281	2
96	538	141	161.401	42.2999	5.13281	2
95	538	134	161.401	40.1999	5.13281	2
94	538	127	161.401	38.1	5.13281	2
93	538	120	161.401	36	5.13281	2
92	538	113	161.401	33.9	5.13281	2
91	538	106	161.401	31.8	5.13281	2
90	538	99	161.401	29.7	5.13281	2
89	538	92	161.401	27.6	5.13281	2
88	538	85	161.401	25.5	5.13281	2
87	538	78	161.401	23.4	5.13281	2
86	538	71	161.401	21.3	5.13281	2
85	538	64	161.401	19.2	5.13281	2
84	538	57	161.401	17.1	5.13281	2
83	538	50	161.401	15	5.13281	2
82	538	43	161.401	12.9	5.13281	2
81	538	36	161.401	10.8	5.13281	2
80	538	29	161.401	8.7	5.13281	2
79	538	22	161.401	6.6	5.13281	2
78	538	15	161.401	4.5	5.13281	2
77	538	8	161.401	2.4	5.13281	4
76	524	15	157.201	4.5	1.13281	4
75	506	26	151.801	7.8	1.375	4
74	502	23	150.601	6.9	5.08594	4
73	500	18	150.001	5.4	5.08594	5
72	470	41	141.001	12.3	0.804688	5
71	448	56	134.401	16.8	0.6875	5
70	433	64	129.901	19.2	3.625	5
69	423	67	126.901	20.1	5.07812	5
68	413	70	123.9	21	2.28125	5
67	403	73	120.9	21.9	1.79688	5
66	391	78	117.3	23.4	1.71094	5
65	371	91	111.3	27.3	1.14062	5
64	356	99	106.8	29.7	4.27344	5
63	339	109	101.7	32.7	4.35156	5
62	319	122	95.7002	36.6	1.67188	5
61	306	128	91.8002	38.4	1.67188	5
60	291	136	87.3001	40.7999	1.20312	5
59	279	141	83.7001	42.2999	3.49219	5
58	272	141	81.6001	42.2999	4.96094	5
57	258	148	77.4	44.3999	0.78125	5
56	242	157	72.6	47.0999	1.26562	5
55	226	166	67.7999	49.7999	1.50781	5
54	206	179	61.7999	53.6999	1.32812	5
53	188	190	56.3999	56.9999	1.34375	5
52	176	195	52.7999	58.4999	2.57812	5
51	161	203	48.2999	60.8999	0.289062	5
50	112	245	33.6	73.5	1.67188	5
49	89	261	26.7	78.3	0.929688	5
48	61	282	18.3	84.6001	1.35156	5
47	36	300	10.8	90.0002	4.1875	3
46	35	294	10.5	88.2001	4.1875	3
45	34	288	10.2	86.4001	4.1875	1
44	34	281	10.2	84.3001	4.1875	1
43	34	274	10.2	82.2001	4.1875	1
42	34	267	10.2	80.1001	4.1875	1
41	34	260	10.2	78	4.1875	1
40	34	253	10.2	75.9	4.1875	1
39	34	246	10.2	73.8	4.1875	1
38	34	239	10.2	71.7	4.1875	1
37	34	232	10.2	69.5999	4.1875	1
36	34	225	10.2	67.4999	4.1875	1
35	34	218	10.2	65.3999	4.1875	1
34	34	211	10.2	63.2999	4.1875	1
33	34	204	10.2	61.1999	4.1875	1
32	34	197	10.2	59.0999	4.1875	1
31	34	190	10.2	56.9999	4.1875	1
30	34	183	10.2	54.8999	4.1875	1
29	34	176	10.2	52.7999	4.1875	1
28	34	169	10.2	50.6999	4.1875	1
27	34	162	10.2	48.5999	4.1875	1
26	34	155	10.2	46.4999	4.1875	1
25	34	148	10.2	44.3999	4.1875	1
24	34	141	10.2	42.2999	4.1875	1
23	34	134	10.2	40.1999	4.1875	1
22	34	127	10.2	38.1	4.1875	1
21	34	120	10.2	36	4.1875	1
20	34	113	10.2	33.9	4.1875	1
19	34	106	10.2	31.8	4.1875	1
18	34	99	10.2	29.7	4.1875	1
17	34	92	10.2	27.6	4.1875	1
16	34	85	10.2	25.5	4.1875	1
15	34	78	10.2	23.4	4.1875	1
14	34	71	10.2	21.3	4.1875	1
13	34	64	10.2	19.2	4.1875	1
12	34	57	10.2	17.1	4.1875	1
11	34	50	10.2	15	4.1875	1
10	34	43	10.2	12.9	4.1875	1
9	34	36	10.2	10.8	4.1875	1
8	34	29	10.2	8.7	4.1875	1
7	34	22	10.2	6.6	4.1875	1
6	34	15	10.2	4.5	4.1875	3
5	25	17	7.5	5.1	1.67969	3
4	20	15	6	4.5	1.40625	3
3	15	13	4.5	3.9	1.39062	3
2	10	11	3	3.3	1.4375	3
1	5	9	1.5	2.7	1.65625	3
0	1	6	0.3	1.8	1.61719	1

