314.42
149	1040	13	312	3.9	1.46094	9
148	990	56	297	16.8	4.36719	9
147	919	120	275.701	36	1.53906	9
146	876	156	262.802	46.7999	4.5	9
145	801	224	240.302	67.1999	0.820312	9
144	728	290	218.401	87.0001	4.66406	9
143	592	419	177.601	125.701	0.898438	9
142	555	449	166.501	134.701	2.96875	9
141	529	468	158.701	140.401	5.375	9
140	484	506	145.201	151.801	2.75	9
139	440	543	132.001	162.901	2.59375	9
138	416	560	124.801	168.001	7.28125	9
137	388	581	116.4	174.301	2.47656	9
136	357	605	107.1	181.501	3.25781	9
135	338	617	101.4	185.101	3.13281	9
134	316	632	94.8002	189.601	3.04688	9
133	295	646	88.5001	193.801	3.17969	9
132	261	673	78.3	201.901	4.20312	9
131	215	712	64.4999	213.601	5.91406	9
130	171	749	51.2999	224.702	2.98438	8
129	151	762	45.2999	228.602	3.21875	8
128	136	770	40.7999	231.002	6.99219	8
127	117	782	35.1	234.602	3.03906	8
126	99	793	29.7	237.902	2.60156	7
125	82	803	24.6	240.902	2.39062	7
124	45	833	13.5	249.902	0.875	7
123	19	852	5.7	255.602	5.48438	4
122	17	847	5.1	254.102	5.48438	2
121	17	840	5.1	252.002	5.48438	2
120	17	833	5.1	249.902	5.48438	2
119	17	826	5.1	247.802	5.48438	2
118	17	819	5.1	245.702	5.48438	2
117	17	812	5.1	243.602	5.48438	2
116	17	805	5.1	241.502	5.48438	2
115	17	798	5.1	239.402	5.48438	2
114	17	791	5.1	237.302	5.48438	2
113	17	784	5.1	235.202	5.48438	2
112	17	777	5.1	233.102	5.48438	2
111	17	770	5.1	231.002	5.48438	2
110	17	763	5.1	228.902	5.48438	2
109	17	756	5.1	226.802	5.48438	2
108	17	749	5.1	224.702	5.48438	2
107	17	742	5.1	222.602	5.48438	2
106	17	735	5.1	220.501	5.48438	2
105	17	728	5.1	218.401	5.48438	2
104	17	721	5.1	216.301	5.48438	2
103	17	714	5.1	214.201	5.48438	2
102	17	707	5.1	212.101	5.48438	2
101	17	700	5.1	210.001	5.48438	2
100	17	693	5.1	207.901	5.48438	2
99	17	686	5.1	205.801	5.48438	2
98	17	679	5.1	203.701	5.48438	2
97	17	672	5.1	201.601	5.48438	2
96	17	665	5.1	199.501	5.48438	2
95	17	658	5.1	197.401	5.48438	2
94	17	651	5.1	195.301	5.48438	2
93	17	644	5.1	193.201	5.48438	2
92	17	637	5.1	191.101	5.48438	2
91	17	630	5.1	189.001	5.48438	2
90	17	623	5.1	186.901	5.48438	2
89	17	616	5.1	184.801	5.48438	2
88	17	609	5.1	182.701	5.48438	2
87	17	602	5.1	180.601	5.48438	2
86	17	595	5.1	178.501	5.48438	2
85	17	588	5.1	176.401	5.48438	2
84	17	581	5.1	174.301	5.48438	2
83	17	574	5.1	172.201	5.48438	2
82	17	567	5.1	170.101	5.48438	2
81	17	560	5.1	168.001	5.48438	2
80	17	553	5.1	165.901	5.48438	2
79	17	546	5.1	163.801	5.48438	2
78	17	539	5.1	161.701	5.48438	2
77	17	532	5.1	159.601	5.48438	2
76	17	525	5.1	157.501	5.48438	2
75	17	518	5.1	155.401	5.48438	2
74	17	511	5.1	153.301	5.48438	2
73	17	504	5.1	151.201	5.48438	2
72	17	497	5.1	149.101	5.48438	2
71	17	490	5.1	147.001	5.48438	2
70	17	483	5.1	144.901	5.48438	2
69	17	476	5.1	142.801	5.48438	2
68	17	469	5.1	140.701	5.48438	2
67	17	462	5.1	138.601	5.48438	2
66	17	455	5.1	136.501	5.48438	2
65	17	448	5.1	134.401	5.48438	2
64	17	441	5.1	132.301	5.48438	2
63	17	434	5.1	130.201	5.48438	2
62	17	427	5.1	128.101	5.48438	2
61	17	420	5.1	126.001	5.48438	2
60	17	413	5.1	123.9	5.48438	2
59	17	406	5.1	121.8	5.48438	2
58	17	399	5.1	119.7	5.48438	2
57	17	392	5.1	117.6	5.48438	2
56	17	385	5.1	115.5	5.48438	2
55	17	378	5.1	113.4	5.48438	2
54	17	371	5.1	111.3	5.48438	2
53	17	364	5.1	109.2	5.48438	2
52	17	357	5.1	107.1	5.48438	2
51	17	350	5.1	105	5.48438	2
50	17	343	5.1	102.9	5.48438	2
49	17	336	5.1	100.8	5.48438	2
48	17	329	5.1	98.7002	5.48438	2
47	17	322	5.1	96.6002	5.48438	2
46	17	315	5.1	94.5002	5.48438	2
45	17	308	5.1	92.4002	5.48438	2
44	17	301	5.1	90.3002	5.48438	2
43	17	294	5.1	88.2001	5.48438	2
42	17	287	5.1	86.1001	5.48438	2
41	17	280	5.1	84.0001	5.48438	2
40	17	273	5.1	81.9001	5.48438	2
39	17	266	5.1	79.8	5.48438	2
38	17	259	5.1	77.7	5.48438	2
37	17	252	5.1	75.6	5.48438	2
36	17	245	5.1	73.5	5.48438	2
35	17	238	5.1	71.4	5.48438	2
34	17	231	5.1	69.2999	5.48438	2
33	17	224	5.1	67.1999	5.48438	2
32	17	217	5.1	65.0999	5.48438	2
31	17	210	5.1	62.9999	5.48438	2
30	17	203	5.1	60.8999	5.48438	2
29	17	196	5.1	58.7999	5.48438	2
28	17	189	5.1	56.6999	5.48438	2
27	17	182	5.1	54.5999	5.48438	2
26	17	175	5.1	52.4999	5.48438	2
25	17	168	5.1	50.3999	5.48438	2
24	17	161	5.1	48.2999	5.48438	2
23	17	154	5.1	46.1999	5.48438	2
22	17	147	5.1	44.0999	5.48438	2
21	17	140	5.1	41.9999	5.48438	2
20	17	133	5.1	39.8999	5.48438	2
19	17	126	5.1	37.8	5.48438	2
18	17	119	5.1	35.7	5.48438	2
17	17	112	5.1	33.6	5.48438	2
16	17	105	5.1	31.5	5.48438	2
15	17	98	5.1	29.4	5.48438	2
14	17	91	5.1	27.3	5.48438	2
13	17	84	5.1	25.2	5.48438	2
12	17	77	5.1	23.1	5.48438	2
11	17	70	5.1	21	5.48438	2
10	17	63	5.1	18.9	5.48438	2
9	17	56	5.1	16.8	5.48438	2
8	17	49	5.1	14.7	5.48438	2
7	17	42	5.1	12.6	5.48438	2
6	17	35	5.1	10.5	5.48438	2
5	17	28	5.1	8.4	5.48438	3
4	11	27	3.3	8.1	0.851562	3
3	8	23	2.4	6.9	2.32812	3
2	6	18	1.8	5.4	4.89844	3
1	5	12	1.5	3.6	4.89844	3
0	4	6	1.2	1.8	4.89844	1

