419.83
149	1039	11	311.7	3.3	0.492188	8
148	1006	37	301.8	11.1	2.41406	9
147	967	69	290.1	20.7	3.92188	9
146	942	87	282.601	26.1	4.28125	9
145	919	103	275.701	30.9	5.63281	9
144	893	122	267.901	36.6	3.44531	9
143	875	133	262.502	39.8999	7.32031	9
142	858	143	257.402	42.8999	7.99219	9
141	832	162	249.602	48.5999	4.1875	9
140	813	174	243.902	52.1999	6.36719	9
139	775	205	232.502	61.4999	2.29688	9
138	737	236	221.101	70.8	2.3125	9
137	691	275	207.301	82.5001	4.80469	9
136	651	308	195.301	92.4002	2.21875	9
135	617	335	185.101	100.5	2.08594	9
134	573	372	171.901	111.6	1.22656	9
133	523	415	156.901	124.501	5.32031	9
132	487	444	146.101	133.201	2.25	9
131	449	475	134.701	142.501	1.71094	9
130	413	504	123.9	151.201	5.84375	9
129	373	537	111.9	161.101	2.07031	9
128	341	562	102.3	168.601	1.78906	9
127	305	591	91.5002	177.301	1.67188	9
126	269	620	80.7001	186.001	2.71875	9
125	239	643	71.7	192.901	3.01562	9
124	220	655	65.9999	196.501	3.42969	9
123	202	666	60.5999	199.801	4.1875	9
122	184	677	55.1999	203.101	3.49219	9
121	165	689	49.4999	206.701	3.9375	9
120	149	698	44.6999	209.401	5.69531	9
119	131	709	39.2999	212.701	3.59375	9
118	112	721	33.6	216.301	3.44531	8
117	98	728	29.4	218.401	3.58594	8
116	82	737	24.6	221.101	5.48438	8
115	64	748	19.2	224.402	6.67969	2
114	64	741	19.2	222.301	6.67969	2
113	64	734	19.2	220.201	6.67969	2
112	64	727	19.2	218.101	6.67969	2
111	64	720	19.2	216.001	6.67969	2
110	64	713	19.2	213.901	6.67969	2
109	64	706	19.2	211.801	6.67969	2
108	64	699	19.2	209.701	6.67969	2
107	64	692	19.2	207.601	6.67969	2
106	64	685	19.2	205.501	6.67969	2
105	64	678	19.2	203.401	6.67969	2
104	64	671	19.2	201.301	6.67969	2
103	64	664	19.2	199.201	6.67969	2
102	64	657	19.2	197.101	6.67969	2
101	64	650	19.2	195.001	6.67969	2
100	64	643	19.2	192.901	6.67969	2
99	64	636	19.2	190.801	6.67969	2
98	64	629	19.2	188.701	6.67969	2
97	64	622	19.2	186.601	6.67969	2
96	64	615	19.2	184.501	6.67969	2
95	64	608	19.2	182.401	6.67969	2
94	64	601	19.2	180.301	6.67969	2
93	64	594	19.2	178.201	6.67969	2
92	64	587	19.2	176.101	6.67969	2
91	64	580	19.2	174.001	6.67969	2
90	64	573	19.2	171.901	6.67969	2
89	64	566	19.2	169.801	6.67969	2
88	64	559	19.2	167.701	6.67969	2
87	64	552	19.2	165.601	6.67969	2
86	64	545	19.2	163.501	6.67969	2
85	64	538	19.2	161.401	6.67969	2
84	64	531	19.2	159.301	6.67969	2
83	64	524	19.2	157.201	6.67969	2
82	64	517	19.2	155.101	6.67969	2
81	64	510	19.2	153.001	6.67969	2
80	64	503	19.2	150.901	6.67969	2
79	64	496	19.2	148.801	6.67969	2
78	64	489	19.2	146.701	6.67969	2
77	64	482	19.2	144.601	6.67969	2
76	64	475	19.2	142.501	6.67969	2
75	64	468	19.2	140.401	6.67969	2
74	64	461	19.2	138.301	6.67969	2
73	64	454	19.2	136.201	6.67969	2
72	64	447	19.2	134.101	6.67969	2
71	64	440	19.2	132.001	6.67969	2
70	64	433	19.2	129.901	6.67969	2
69	64	426	19.2	127.801	6.67969	2
68	64	419	19.2	125.701	6.67969	2
67	64	412	19.2	123.6	6.67969	2
66	64	405	19.2	121.5	6.67969	2
65	64	398	19.2	119.4	6.67969	2
64	64	391	19.2	117.3	6.67969	2
63	64	384	19.2	115.2	6.67969	2
62	64	377	19.2	113.1	6.67969	2
61	64	370	19.2	111	6.67969	2
60	64	363	19.2	108.9	6.67969	2
59	64	356	19.2	106.8	6.67969	2
58	64	349	19.2	104.7	6.67969	2
57	64	342	19.2	102.6	6.67969	2
56	64	335	19.2	100.5	6.67969	2
55	64	328	19.2	98.4002	6.67969	2
54	64	321	19.2	96.3002	6.67969	2
53	64	314	19.2	94.2002	6.67969	2
52	64	307	19.2	92.1002	6.67969	2
51	64	300	19.2	90.0002	6.67969	2
50	64	293	19.2	87.9001	6.67969	2
49	64	286	19.2	85.8001	6.67969	2
48	64	279	19.2	83.7001	6.67969	2
47	64	272	19.2	81.6001	6.67969	2
46	64	265	19.2	79.5	6.67969	2
45	64	258	19.2	77.4	6.67969	2
44	64	251	19.2	75.3	6.67969	2
43	64	244	19.2	73.2	6.67969	2
42	64	237	19.2	71.1	6.67969	2
41	64	230	19.2	68.9999	6.67969	2
40	64	223	19.2	66.8999	6.67969	2
39	64	216	19.2	64.7999	6.67969	2
38	64	209	19.2	62.6999	6.67969	2
37	64	202	19.2	60.5999	6.67969	2
36	64	195	19.2	58.4999	6.67969	2
35	64	188	19.2	56.3999	6.67969	2
34	64	181	19.2	54.2999	6.67969	2
33	64	174	19.2	52.1999	6.67969	2
32	64	167	19.2	50.0999	6.67969	2
31	64	160	19.2	47.9999	6.67969	2
30	64	153	19.2	45.8999	6.67969	2
29	64	146	19.2	43.7999	6.67969	2
28	64	139	19.2	41.6999	6.67969	2
27	64	132	19.2	39.5999	6.67969	2
26	64	125	19.2	37.5	6.67969	2
25	64	118	19.2	35.4	6.67969	2
24	64	111	19.2	33.3	6.67969	2
23	64	104	19.2	31.2	6.67969	2
22	64	97	19.2	29.1	6.67969	2
21	64	90	19.2	27	6.67969	2
20	64	83	19.2	24.9	6.67969	2
19	64	76	19.2	22.8	6.67969	2
18	64	69	19.2	20.7	6.67969	2
17	64	62	19.2	18.6	6.67969	2
16	64	55	19.2	16.5	6.67969	2
15	64	48	19.2	14.4	6.67969	2
14	64	41	19.2	12.3	6.67969	2
13	64	34	19.2	10.2	6.67969	2
12	64	27	19.2	8.1	6.67969	2
11	64	20	19.2	6	6.67969	4
10	59	18	17.7	5.4	3.80469	5
9	54	16	16.2	4.8	3.70312	5
8	49	14	14.7	4.2	3.29688	5
7	44	12	13.2	3.6	3.80469	5
6	36	13	10.8	3.9	2.46094	5
5	29	13	8.7	3.9	2.60156	5
4	21	14	6.3	4.2	2.77344	5
3	15	13	4.5	3.9	2.60156	5
2	10	11	3	3.3	3.84375	5
1	5	9	1.5	2.7	4.05469	4
0	1	6	0.3	1.8	2.41406	1

