436.461
149	809	241	242.702	72.3	3.39844	5
148	804	239	241.202	71.7	3.80469	5
147	799	237	239.702	71.1	3.92188	5
146	794	235	238.202	70.5	4.32812	5
145	789	233	236.702	69.8999	3.375	5
144	783	232	234.902	69.5999	3.07031	5
143	777	231	233.102	69.2999	3.07031	5
142	772	229	231.602	68.6999	4.03906	5
141	767	227	230.102	68.0999	3.4375	5
140	762	225	228.602	67.4999	3.79688	4
139	759	221	227.702	66.2999	3.79688	4
138	756	217	226.802	65.0999	3.91406	4
137	753	213	225.902	63.8999	3.61719	4
136	750	209	225.002	62.6999	3.61719	4
135	746	206	223.802	61.7999	3.92188	4
134	743	202	222.902	60.5999	3.59375	4
133	740	198	222.001	59.3999	3.59375	4
132	738	193	221.401	57.8999	6.45312	5
131	731	193	219.301	57.8999	3.58594	5
130	726	191	217.801	57.2999	3.44531	5
129	721	189	216.301	56.6999	3.64062	5
128	715	188	214.501	56.3999	3.46875	5
127	709	187	212.701	56.0999	1.75781	5
126	702	187	210.601	56.0999	3.49219	5
125	696	186	208.801	55.7999	3.10938	5
124	690	185	207.001	55.4999	3.03906	5
123	684	184	205.201	55.1999	3.20312	5
122	679	182	203.701	54.5999	5.85938	5
121	673	181	201.901	54.2999	3.34375	5
120	667	180	200.101	53.9999	2.83594	5
119	661	179	198.301	53.6999	3.53125	5
118	656	177	196.801	53.0999	4.30469	5
117	652	174	195.601	52.1999	5.10156	5
116	648	171	194.401	51.2999	3.91406	5
115	644	168	193.201	50.3999	4.48438	5
114	640	165	192.001	49.4999	4.38281	5
113	635	163	190.501	48.8999	4.02344	5
112	630	161	189.001	48.2999	3.82031	5
111	626	158	187.801	47.3999	4.39062	5
110	622	155	186.601	46.4999	4.39844	5
109	618	152	185.401	45.5999	4.33594	5
108	614	149	184.201	44.6999	4.35156	5
107	610	146	183.001	43.7999	4.47656	5
106	601	148	180.301	44.3999	0.765625	5
105	582	160	174.601	47.9999	4.17188	5
104	577	158	173.101	47.3999	3.94531	5
103	572	156	171.601	46.7999	4.5625	5
102	568	153	170.401	45.8999	4.05469	5
101	563	151	168.901	45.2999	4.33594	5
100	559	148	167.701	44.3999	4.57031	5
99	554	146	166.201	43.7999	3.82812	5
98	548	145	164.401	43.4999	4.32812	5
97	528	158	158.401	47.3999	3.9375	5
96	523	156	156.901	46.7999	4.02344	5
95	519	153	155.701	45.8999	5.55469	5
94	514	151	154.201	45.2999	2.84375	5
93	510	148	153.001	44.3999	4.63281	5
92	506	145	151.801	43.4999	4.0625	5
91	501	143	150.301	42.8999	3.82031	5
90	496	141	148.801	42.2999	3.47656	5
89	485	145	145.501	43.4999	2.03125	4
88	481	142	144.301	42.5999	3.88281	4
87	478	138	143.401	41.3999	4.41406	4
86	476	133	142.801	39.8999	7.46094	4
85	475	127	142.501	38.1	7.46094	4
84	474	121	142.201	36.3	7.46094	4
83	464	124	139.201	37.2	3.85156	4
82	461	120	138.301	36	4.09375	4
81	458	116	137.401	34.8	4.20312	4
80	455	112	136.501	33.6	3.97656	4
79	453	107	135.901	32.1	7.76562	4
78	452	101	135.601	30.3	7.76562	4
77	451	95	135.301	28.5	7.76562	4
76	450	89	135.001	26.7	7.76562	4
75	446	86	133.801	25.8	4.36719	4
74	443	82	132.901	24.6	3.85156	4
73	440	78	132.001	23.4	3.85156	5
72	431	80	129.301	24	2.24219	5
71	423	81	126.901	24.3	2.65625	5
70	415	82	124.501	24.6	2.69531	5
69	408	82	122.4	24.6	3.04688	5
68	402	81	120.6	24.3	4.30469	5
67	396	80	118.8	24	3.92188	5
66	391	78	117.3	23.4	3.80469	5
65	386	76	115.8	22.8	3.32812	5
64	380	75	114	22.5	3.16406	5
63	374	74	112.2	22.2	3.41406	5
62	371	70	111.3	21	6.83594	5
61	363	71	108.9	21.3	3.51562	5
60	358	69	107.4	20.7	3.72656	5
59	353	67	105.9	20.1	3.94531	5
58	348	65	104.4	19.5	3.58594	5
57	342	64	102.6	19.2	3.4375	5
56	337	62	101.1	18.6	4.71094	5
55	330	62	99.0002	18.6	3.51562	5
54	324	61	97.2002	18.3	3.22656	5
53	318	60	95.4002	18	3.16406	5
52	312	59	93.6002	17.7	3.5625	5
51	307	57	92.1002	17.1	3.46875	5
50	302	55	90.6002	16.5	3.55469	5
49	298	52	89.4001	15.6	6.32031	5
48	294	49	88.2001	14.7	4.00781	5
47	284	52	85.2001	15.6	3.42969	5
46	278	51	83.4001	15.3	3.19531	5
45	274	48	82.2001	14.4	5.35156	5
44	265	50	79.5	15	2.96875	5
43	258	50	77.4	15	3.19531	5
42	252	49	75.6	14.7	3.32812	5
41	246	48	73.8	14.4	3.49219	5
40	240	47	72	14.1	3.23438	5
39	234	46	70.2	13.8	3.40625	5
38	229	44	68.6999	13.2	3.54688	5
37	225	41	67.4999	12.3	6.76562	5
36	218	41	65.3999	12.3	3.94531	5
35	213	39	63.8999	11.7	3.94531	5
34	208	37	62.3999	11.1	3.85938	5
33	203	35	60.8999	10.5	3.85156	5
32	198	33	59.3999	9.9	3.88281	5
31	193	31	57.8999	9.3	3.64062	5
30	188	29	56.3999	8.7	3.51562	5
29	184	26	55.1999	7.8	5.34375	5
28	175	28	52.4999	8.4	3.35156	5
27	172	24	51.5999	7.2	7.30469	5
26	164	25	49.1999	7.5	3.35156	5
25	159	23	47.6999	6.9	4.00781	5
24	155	20	46.4999	6	6.4375	5
23	149	19	44.6999	5.7	4.25	5
22	144	17	43.1999	5.1	3.60938	5
21	138	16	41.3999	4.8	3.3125	5
20	133	14	39.8999	4.2	3.57812	5
19	126	14	37.8	4.2	3.67969	5
18	120	13	36	3.9	2.15625	5
17	113	13	33.9	3.9	3.91406	5
16	109	10	32.7	3	5.22656	5
15	102	10	30.6	3	2.625	5
14	95	10	28.5	3	3.41406	5
13	90	8	27	2.4	3.61719	5
12	83	8	24.9	2.4	2.67188	5
11	76	8	22.8	2.4	5.78906	5
10	64	13	19.2	3.9	2.60156	5
9	57	13	17.1	3.9	2.33594	5
8	54	9	16.2	2.7	6.70312	5
7	43	13	12.9	3.9	2.90625	5
6	36	13	10.8	3.9	2.42969	5
5	29	13	8.7	3.9	3.70312	5
4	22	13	6.6	3.9	2.21875	5
3	14	14	4.2	4.2	2.54688	5
2	7	14	2.1	4.2	2.78125	4
1	3	11	0.9	3.3	4.875	4
0	1	6	0.3	1.8	4.875	1

