0.0 6.125
1.0 6.109375
2.0 6.3359375
3.0 6.65625
4.0 5.90625
5.0 6.2578125
6.0 5.546875
7.0 5.875
8.0 6.5859375
9.0 6.0390625
10.0 2.6328125
11.0 9.1171875
12.0 6.0
13.0 6.078125
14.0 1.5546875
15.0 9.875
16.0 6.03125
17.0 5.5234375
18.0 5.75
19.0 6.09375
20.0 5.9375
21.0 6.2109375
22.0 5.875
23.0 5.96875
24.0 6.0
25.0 5.859375
26.0 2.65625
27.0 8.4765625
28.0 5.828125
29.0 5.3828125
30.0 5.4296875
31.0 4.609375
32.0 7.0625
33.0 6.1875
34.0 6.1484375
35.0 5.9921875
36.0 6.328125
37.0 6.203125
38.0 6.109375
39.0 5.6171875
40.0 5.671875
41.0 6.0859375
42.0 6.2734375
43.0 6.171875
44.0 6.0234375
45.0 1.0859375
46.0 11.265625
47.0 5.734375
48.0 6.140625
49.0 5.6015625
50.0 2.1796875
51.0 9.8046875
52.0 6.234375
53.0 6.2109375
54.0 5.6953125
55.0 5.7265625
56.0 5.9765625
57.0 6.03125
58.0 6.5859375
59.0 6.6640625
60.0 6.140625
61.0 6.1796875
62.0 6.0859375
63.0 6.328125
64.0 6.3671875
65.0 6.2578125
66.0 6.0078125
67.0 5.703125
68.0 5.9375
69.0 2.4609375
70.0 8.828125
71.0 5.484375
72.0 5.5625
73.0 5.7890625
74.0 5.75
75.0 5.6484375
76.0 5.1015625
77.0 5.0859375
78.0 4.8046875
79.0 5.015625
80.0 5.6484375
81.0 6.0078125
82.0 3.5546875
83.0 6.2578125
84.0 5.9609375
85.0 5.609375
86.0 5.609375
87.0 5.140625
88.0 5.3984375
89.0 5.5546875
90.0 5.6171875
91.0 5.078125
92.0 4.75
93.0 5.171875
94.0 4.6015625
95.0 4.6484375
96.0 4.609375
97.0 4.453125
98.0 4.359375
99.0 0.8203125
100.0 8.7734375
101.0 4.515625
102.0 5.1328125
103.0 4.21875
104.0 6.203125
105.0 5.859375
106.0 6.2109375
107.0 5.8125
108.0 6.09375
109.0 6.2265625
110.0 5.8203125
111.0 6.2421875
112.0 6.2890625
113.0 6.3046875
114.0 6.2265625
115.0 6.2890625
116.0 6.140625
117.0 1.5546875
118.0 10.8046875
119.0 2.7109375
120.0 10.2578125
121.0 6.1796875
122.0 5.890625
123.0 6.0390625
124.0 5.9375
125.0 6.390625
126.0 6.296875
127.0 6.0078125
128.0 5.9609375
129.0 5.9765625
130.0 6.3203125
131.0 6.4453125
132.0 5.9375
133.0 6.1484375
134.0 6.1875
135.0 6.125
136.0 6.2578125
137.0 4.4140625
138.0 7.9375
139.0 5.9921875
140.0 6.3671875
141.0 6.296875
142.0 6.2578125
143.0 2.6328125
144.0 10.1328125
145.0 6.3515625
146.0 6.5
147.0 6.2734375
148.0 6.625
149.0 6.296875
150.0 6.359375
151.0 6.296875
152.0 6.328125
153.0 6.328125
154.0 6.5390625
155.0 6.5078125
156.0 6.0078125
157.0 6.484375
158.0 2.96875
159.0 9.546875
160.0 6.421875
161.0 6.5546875
162.0 6.5078125
163.0 6.359375
164.0 6.5078125
165.0 6.2109375
166.0 6.5625
167.0 6.2578125
168.0 6.3046875
169.0 6.4140625
170.0 6.390625
171.0 6.5625
172.0 6.515625
173.0 6.59375
174.0 5.6953125
175.0 7.140625
176.0 6.484375
177.0 6.3046875
178.0 6.46875
179.0 2.671875
180.0 9.8984375
181.0 5.9140625
182.0 5.9140625
183.0 6.1875
184.0 6.359375
185.0 2.71875
186.0 9.890625
187.0 6.1484375
188.0 6.15625
189.0 5.796875
190.0 5.9140625
191.0 6.6171875
192.0 6.765625
193.0 2.5234375
194.0 9.8359375
195.0 6.171875
196.0 5.7890625
197.0 2.59375
198.0 9.296875
199.0 6.484375
200.0 6.3359375
201.0 6.2109375
202.0 6.09375
203.0 6.2265625
204.0 6.359375
205.0 6.140625
206.0 6.5703125
207.0 4.1484375
208.0 4.15625
209.0 5.3828125
210.0 5.6171875
211.0 6.0234375
212.0 5.7890625
213.0 5.8125
214.0 5.890625
215.0 4.609375
216.0 7.140625
217.0 5.828125
218.0 5.6171875
219.0 5.3828125
220.0 5.484375
221.0 5.40625
222.0 5.5859375
223.0 5.4921875
224.0 4.5
225.0 3.140625
226.0 4.8984375
227.0 5.734375
228.0 5.5
229.0 5.7265625
230.0 5.9375
231.0 5.890625
232.0 1.421875
233.0 10.28125
234.0 5.90625
235.0 5.75
236.0 5.5546875
237.0 5.6171875
238.0 5.40625
239.0 4.171875
240.0 6.9140625
241.0 5.6953125
242.0 5.5625
243.0 5.6484375
244.0 5.734375
245.0 5.84375
246.0 6.0546875
247.0 5.9140625
248.0 5.8828125
249.0 5.90625
250.0 5.75
251.0 5.9765625
252.0 5.828125
253.0 1.359375
254.0 10.796875
255.0 5.9375
256.0 6.0546875
257.0 5.96875
258.0 2.953125
259.0 8.328125
260.0 6.109375
261.0 6.0390625
262.0 5.875
263.0 6.3515625
264.0 6.296875
265.0 6.265625
266.0 6.1796875
267.0 6.15625
268.0 5.6484375
269.0 5.4921875
270.0 5.7265625
271.0 4.546875
272.0 7.1953125
273.0 5.8203125
274.0 5.3125
275.0 5.3125
276.0 1.8046875
277.0 3.4921875
278.0 5.6640625
279.0 5.0859375
280.0 4.6953125
281.0 5.8125
282.0 5.875
283.0 5.8203125
284.0 5.8203125
285.0 2.6953125
286.0 9.0078125
287.0 5.7265625
288.0 6.0390625
289.0 5.578125
290.0 5.7890625
291.0 5.859375
292.0 5.640625
293.0 2.65625
294.0 8.46875
295.0 5.9765625
296.0 5.9140625
297.0 5.96875
298.0 5.8203125
299.0 6.0390625
300.0 6.15625
301.0 2.5703125
302.0 9.296875
303.0 6.2578125
304.0 6.2109375
305.0 5.8515625
306.0 4.203125
307.0 4.984375
308.0 6.0546875
309.0 6.1875
310.0 6.3046875
311.0 6.421875
312.0 6.46875
313.0 6.53125
314.0 6.140625
315.0 6.1484375
316.0 3.9921875
317.0 4.8984375
318.0 6.1484375
319.0 5.796875
320.0 5.890625
321.0 5.8828125
322.0 6.1484375
323.0 6.2578125
324.0 6.1484375
325.0 5.9375
326.0 6.15625
327.0 2.671875
328.0 9.7421875
329.0 6.2421875
330.0 6.15625
331.0 6.1484375
332.0 5.9609375
333.0 5.8203125
334.0 5.90625
335.0 6.0625
336.0 6.3046875
337.0 5.9140625
338.0 5.7578125
339.0 3.625
340.0 8.5234375
341.0 5.9765625
342.0 6.0390625
343.0 6.1171875
344.0 6.140625
345.0 6.1796875
346.0 3.171875
347.0 9.9375
348.0 5.1953125
349.0 6.078125
350.0 6.3671875
351.0 6.5078125
352.0 6.1171875
353.0 4.90625
354.0 8.0625
355.0 6.140625
356.0 6.2734375
357.0 6.3515625
358.0 6.9765625
359.0 6.6796875
360.0 6.6875
361.0 6.0078125
362.0 6.0625
363.0 5.96875
364.0 6.09375
365.0 6.15625
366.0 6.09375
367.0 2.5078125
368.0 9.3125
369.0 3.1796875
370.0 5.078125
371.0 6.109375
372.0 5.9296875
373.0 1.46875
374.0 10.4609375
375.0 6.171875
376.0 6.125
377.0 6.0625
378.0 6.6640625
379.0 6.5625
380.0 6.2734375
381.0 6.2421875
382.0 6.1171875
383.0 5.90625
384.0 5.9453125
385.0 1.53125
386.0 10.8828125
387.0 2.671875
388.0 9.953125
389.0 6.6171875
390.0 6.4140625
391.0 2.484375
392.0 7.9453125
393.0 5.9921875
394.0 6.3671875
395.0 6.3359375
396.0 6.328125
397.0 6.125
398.0 6.1796875
399.0 5.9375
400.0 6.203125
401.0 6.3359375
402.0 6.078125
403.0 6.359375
404.0 6.1796875
405.0 6.1171875
406.0 6.234375
407.0 5.2734375
408.0 7.2265625
409.0 6.3203125
410.0 5.9375
411.0 5.9296875
412.0 4.484375
413.0 7.9453125
414.0 6.46875
415.0 6.2578125
416.0 6.1875
417.0 2.8125
418.0 9.8984375
419.0 6.4375
420.0 6.6484375
421.0 6.5625
422.0 6.234375
423.0 6.1796875
424.0 6.234375
425.0 5.3671875
426.0 7.046875
427.0 6.5
428.0 6.703125
429.0 6.3203125
430.0 6.3359375
431.0 6.5546875
432.0 6.390625
433.0 6.5625
434.0 6.5546875
435.0 2.7421875
436.0 9.9296875
437.0 6.4765625
438.0 6.15625
439.0 6.3359375
440.0 6.078125
441.0 6.0078125
442.0 6.3828125
443.0 6.40625
444.0 6.3203125
445.0 6.421875
446.0 5.9921875
447.0 6.296875
448.0 6.15625
449.0 6.2421875
450.0 1.53125
451.0 10.2890625
452.0 6.203125
453.0 5.78125
454.0 2.2734375
455.0 8.796875
456.0 6.3359375
457.0 6.171875
458.0 6.234375
459.0 6.0
460.0 5.9765625
461.0 5.9921875
462.0 5.9453125
463.0 6.09375
464.0 5.796875
465.0 6.03125
466.0 5.90625
467.0 5.3359375
468.0 7.015625
469.0 6.0859375
470.0 6.140625
471.0 6.109375
472.0 1.8046875
473.0 10.4765625
474.0 6.2109375
475.0 6.09375
476.0 6.1484375
477.0 6.0546875
478.0 5.9375
479.0 6.2578125
480.0 6.125
481.0 6.0625
482.0 5.96875
483.0 5.8515625
484.0 6.2578125
485.0 6.171875
486.0 6.1875
487.0 6.2265625
488.0 6.1796875
489.0 5.96875
490.0 1.703125
491.0 10.0703125
492.0 6.234375
493.0 6.0234375
494.0 5.8125
495.0 5.828125
496.0 6.2578125
497.0 2.65625
498.0 9.2734375
499.0 5.9296875
500.0 5.828125
501.0 5.75
502.0 5.375
503.0 5.640625
504.0 5.9453125
505.0 6.125
506.0 5.796875
507.0 5.5234375
508.0 5.4296875
509.0 5.671875
510.0 5.609375
511.0 2.3359375
512.0 9.0703125
513.0 5.9765625
514.0 5.9765625
515.0 5.3671875
516.0 1.65625
517.0 9.484375
518.0 5.8515625
519.0 5.9921875
520.0 6.0546875
521.0 6.09375
522.0 6.2265625
523.0 2.671875
524.0 9.4140625
525.0 5.9453125
526.0 6.2734375
527.0 6.2734375
528.0 6.4140625
529.0 6.2734375
530.0 6.140625
531.0 6.1796875
532.0 6.203125
533.0 5.3984375
534.0 2.84375
535.0 2.2734375
536.0 5.0390625
537.0 6.3671875
538.0 6.5
539.0 5.8515625
540.0 5.6953125
541.0 5.75
542.0 5.5625
543.0 4.1328125
544.0 4.5
545.0 6.296875
546.0 6.5546875
547.0 5.9921875
548.0 6.3203125
549.0 6.265625
550.0 5.875
551.0 6.078125
552.0 5.609375
553.0 5.765625
554.0 5.3515625
555.0 5.765625
556.0 6.0234375
557.0 2.7578125
558.0 8.8828125
559.0 5.796875
560.0 6.0234375
561.0 5.46875
562.0 5.375
563.0 4.6796875
564.0 7.5859375
565.0 6.0546875
566.0 6.0625
567.0 5.9296875
568.0 6.1484375
569.0 6.2734375
570.0 5.75
571.0 5.0703125
572.0 4.3984375
573.0 5.6328125
574.0 5.2265625
575.0 4.5625
576.0 6.140625
577.0 6.09375
578.0 5.8125
579.0 6.0546875
580.0 5.8828125
581.0 6.0
582.0 5.9453125
583.0 6.0546875
584.0 2.21875
585.0 9.34375
586.0 5.9609375
587.0 6.2265625
588.0 5.7109375
589.0 6.171875
590.0 6.1796875
591.0 5.859375
592.0 6.125
593.0 6.3046875
594.0 6.484375
595.0 6.4453125
596.0 6.1484375
597.0 3.7421875
598.0 8.2734375
599.0 6.0078125
