0.0 0.9140625
1.0 0.9140625
2.0 0.8984375
3.0 0.9375
4.0 1.078125
5.0 0.9140625
6.0 0.9609375
7.0 0.9375
8.0 0.875
9.0 0.8828125
10.0 0.703125
11.0 0.515625
12.0 0.484375
13.0 0.6015625
14.0 0.6875
15.0 0.5390625
16.0 0.5703125
17.0 0.3984375
18.0 0.0
19.0 0.0
20.0 0.0
21.0 0.0
22.0 0.0
23.0 3.96875
24.0 0.7265625
25.0 0.8203125
26.0 0.9453125
27.0 0.765625
28.0 0.9609375
29.0 0.9921875
30.0 0.9609375
31.0 1.2578125
32.0 1.1640625
33.0 0.9375
34.0 0.5703125
35.0 0.609375
36.0 0.734375
37.0 0.1953125
38.0 0.0
39.0 0.0
40.0 0.0
41.0 0.0
42.0 0.0
43.0 4.59375
44.0 0.0
45.0 0.0
46.0 2.7578125
47.0 1.140625
48.0 1.1328125
49.0 1.2265625
50.0 1.0625
51.0 0.7265625
52.0 0.609375
53.0 0.609375
54.0 0.8984375
55.0 1.0
56.0 1.859375
57.0 0.9921875
58.0 1.5625
59.0 1.9140625
60.0 2.6953125
61.0 1.4375
62.0 0.640625
63.0 0.5703125
64.0 0.3125
65.0 0.0
66.0 0.0
67.0 0.0
68.0 0.0
69.0 0.0
70.0 0.0
71.0 0.0
72.0 2.7265625
73.0 0.0
74.0 3.921875
75.0 1.5625
76.0 1.3203125
77.0 1.5234375
78.0 1.2109375
79.0 0.359375
80.0 0.3671875
81.0 1.078125
82.0 1.5546875
83.0 0.28125
84.0 0.0
85.0 0.0
86.0 0.0
87.0 4.1484375
88.0 0.46875
89.0 0.0
90.0 0.5078125
91.0 0.46875
92.0 0.2109375
93.0 0.0
94.0 0.0
95.0 0.0
96.0 0.0
97.0 0.0
98.0 2.2421875
99.0 0.0
100.0 1.4921875
101.0 0.0
102.0 0.0
103.0 3.2578125
104.0 0.6640625
105.0 0.109375
106.0 0.0
107.0 1.640625
108.0 0.5390625
109.0 0.6640625
110.0 0.484375
111.0 0.4296875
112.0 0.390625
113.0 0.6640625
114.0 0.4609375
115.0 0.8359375
116.0 1.1640625
117.0 1.1796875
118.0 1.0859375
119.0 0.8984375
120.0 0.8203125
121.0 1.046875
122.0 0.7578125
123.0 0.5703125
124.0 1.09375
125.0 0.40625
126.0 0.0
127.0 3.6171875
128.0 1.4765625
129.0 1.5546875
130.0 1.890625
131.0 1.7578125
132.0 1.4921875
133.0 1.890625
134.0 2.0703125
135.0 2.21875
136.0 2.1640625
137.0 1.421875
138.0 0.421875
139.0 0.0
140.0 3.8046875
141.0 1.65625
142.0 1.7734375
143.0 1.7578125
144.0 1.1484375
145.0 1.3828125
146.0 1.40625
147.0 1.1953125
148.0 1.4921875
149.0 1.671875
150.0 1.5703125
151.0 1.5390625
152.0 1.375
153.0 1.2890625
154.0 0.0
155.0 0.0
156.0 5.2734375
157.0 1.4140625
158.0 1.109375
159.0 1.3828125
160.0 1.0625
161.0 1.03125
162.0 1.0
163.0 0.7265625
164.0 0.9609375
165.0 0.7265625
166.0 1.078125
167.0 1.0546875
168.0 0.1953125
169.0 0.0
170.0 0.0
171.0 0.0
172.0 4.09375
173.0 0.0
174.0 0.0
175.0 2.59375
176.0 0.0
177.0 4.1328125
178.0 0.34375
179.0 2.9296875
180.0 1.6484375
181.0 1.4453125
182.0 1.609375
183.0 1.5
184.0 1.03125
185.0 0.96875
186.0 1.6171875
187.0 1.421875
188.0 1.5703125
189.0 1.46875
190.0 0.453125
191.0 3.109375
192.0 1.7578125
193.0 1.359375
194.0 2.1171875
195.0 1.65625
196.0 1.640625
197.0 1.5703125
198.0 1.5390625
199.0 1.046875
200.0 0.7890625
201.0 1.1953125
202.0 1.4140625
203.0 1.5
204.0 1.5703125
205.0 1.390625
206.0 1.5703125
207.0 1.4453125
208.0 1.3828125
209.0 1.03125
210.0 1.28125
211.0 0.21875
212.0 0.0
213.0 0.0
214.0 4.7109375
215.0 1.0625
216.0 1.34375
217.0 1.3125
218.0 0.7578125
219.0 0.6328125
220.0 0.84375
221.0 0.9296875
222.0 0.875
223.0 1.4453125
224.0 1.2421875
225.0 1.0546875
226.0 0.0
227.0 0.0
228.0 0.0
229.0 4.6484375
230.0 0.96875
231.0 1.0625
232.0 0.9375
233.0 0.9375
234.0 1.0
235.0 0.125
236.0 0.0
237.0 0.0
238.0 0.0
239.0 3.6953125
240.0 0.9453125
241.0 0.7578125
242.0 0.8046875
243.0 0.7890625
244.0 0.8046875
245.0 0.78125
246.0 0.4375
247.0 0.0
248.0 0.0
249.0 3.25
250.0 1.0859375
251.0 0.4921875
252.0 0.75
253.0 0.640625
254.0 0.578125
255.0 0.484375
256.0 0.1875
257.0 0.0
258.0 0.0
259.0 0.0
260.0 3.265625
261.0 1.171875
262.0 1.359375
263.0 1.4765625
264.0 0.2265625
265.0 2.28125
266.0 0.0
267.0 0.0
268.0 0.0
269.0 0.0
270.0 0.0
271.0 0.0
272.0 0.0
273.0 1.0625
274.0 1.0234375
275.0 1.0859375
276.0 1.0546875
277.0 1.4140625
278.0 1.3828125
279.0 1.6875
280.0 0.140625
281.0 0.46875
282.0 0.359375
283.0 0.4921875
284.0 0.4609375
285.0 0.5703125
286.0 0.40625
287.0 0.40625
288.0 0.34375
289.0 0.375
290.0 0.328125
291.0 0.2578125
292.0 0.2421875
293.0 0.3125
294.0 0.28125
295.0 0.2265625
296.0 0.21875
297.0 0.21875
298.0 0.8125
299.0 1.859375
300.0 2.6953125
301.0 2.5703125
302.0 1.1953125
303.0 0.0
304.0 6.3359375
305.0 2.8671875
306.0 2.234375
307.0 2.4765625
308.0 2.7109375
309.0 2.3359375
310.0 1.65625
311.0 0.0
312.0 4.65625
313.0 2.515625
314.0 2.015625
315.0 1.4609375
316.0 2.3359375
317.0 2.5390625
318.0 2.4453125
319.0 2.1640625
320.0 2.328125
321.0 2.125
322.0 1.1484375
323.0 1.2109375
324.0 2.4609375
325.0 1.734375
326.0 0.0
327.0 0.734375
328.0 5.9296875
329.0 1.71875
330.0 1.9140625
331.0 2.0859375
332.0 1.265625
333.0 0.6875
334.0 0.0
335.0 0.0625
336.0 5.8125
337.0 0.2734375
338.0 1.46875
339.0 2.0859375
340.0 1.5390625
341.0 1.953125
342.0 1.5546875
343.0 1.1796875
344.0 1.5625
345.0 2.015625
346.0 0.0
347.0 0.25
348.0 0.1796875
349.0 1.671875
350.0 0.6015625
351.0 0.0
352.0 5.3046875
353.0 0.34375
354.0 1.375
355.0 0.03125
356.0 0.078125
357.0 0.1015625
358.0 1.71875
359.0 1.984375
360.0 1.7890625
361.0 1.7578125
362.0 1.8203125
363.0 2.0390625
364.0 2.1328125
365.0 2.1640625
366.0 1.71875
367.0 0.0
368.0 0.0
369.0 5.25
370.0 1.1953125
371.0 3.140625
372.0 2.28125
373.0 2.3046875
374.0 2.296875
375.0 2.1328125
376.0 2.2734375
377.0 2.3046875
378.0 2.1875
379.0 2.1015625
380.0 2.15625
381.0 1.96875
382.0 1.5
383.0 0.0
384.0 4.3515625
385.0 2.0078125
386.0 2.125
387.0 2.1015625
388.0 1.671875
389.0 1.8359375
390.0 1.71875
391.0 1.4921875
392.0 1.40625
393.0 1.4921875
394.0 1.296875
395.0 1.421875
396.0 1.359375
397.0 1.5625
398.0 1.4765625
399.0 1.28125
400.0 0.0
401.0 0.0
402.0 0.0
403.0 5.2265625
404.0 1.375
405.0 1.4140625
406.0 0.0
407.0 3.5625
408.0 1.3203125
409.0 1.359375
410.0 1.4140625
411.0 1.375
412.0 1.5859375
413.0 1.8515625
414.0 1.9140625
415.0 1.7578125
416.0 1.6875
417.0 1.796875
418.0 1.71875
419.0 1.890625
420.0 2.1015625
421.0 2.046875
422.0 0.2734375
423.0 0.0
424.0 5.7265625
425.0 2.15625
426.0 1.9765625
427.0 1.703125
428.0 1.6796875
429.0 1.96875
430.0 0.4609375
431.0 0.0
432.0 0.0
433.0 5.515625
434.0 1.2421875
435.0 1.8671875
436.0 2.3671875
437.0 2.1015625
438.0 2.2109375
439.0 2.4296875
440.0 2.2421875
441.0 2.1171875
442.0 2.34375
443.0 2.4609375
444.0 2.6015625
445.0 2.5078125
446.0 0.875
447.0 0.0
448.0 6.03125
449.0 1.9453125
450.0 2.1875
451.0 1.9375
452.0 1.1796875
453.0 0.03125
454.0 0.0
455.0 0.0
456.0 0.0
457.0 0.0
458.0 0.0
459.0 0.0
460.0 0.0078125
461.0 1.6484375
462.0 0.0
463.0 2.8359375
464.0 0.0
465.0 1.640625
466.0 0.515625
467.0 0.5703125
468.0 0.609375
469.0 0.46875
470.0 0.6640625
471.0 0.5390625
472.0 0.453125
473.0 0.5703125
474.0 0.5859375
475.0 0.609375
476.0 0.6953125
477.0 0.5078125
478.0 0.4375
479.0 0.515625
480.0 0.5703125
481.0 0.078125
482.0 0.0
483.0 0.0
484.0 0.0
485.0 0.0
486.0 0.0
487.0 0.0
488.0 0.0
489.0 2.65625
490.0 0.0
491.0 0.0
492.0 1.5546875
493.0 0.0
494.0 0.0
495.0 3.0
496.0 0.0
497.0 0.0
498.0 0.0
499.0 0.0
500.0 0.0
501.0 0.0
502.0 2.125
503.0 0.0
504.0 0.0
505.0 0.0
506.0 0.9609375
507.0 0.0
508.0 0.0
509.0 0.0
510.0 3.921875
511.0 0.1875
512.0 2.09375
513.0 1.5703125
514.0 2.265625
515.0 1.5859375
516.0 2.0859375
517.0 1.078125
518.0 2.015625
519.0 1.5859375
520.0 2.125
521.0 1.5
522.0 1.7734375
523.0 2.0078125
524.0 1.7578125
525.0 1.859375
526.0 1.7890625
527.0 2.1484375
528.0 2.2421875
529.0 0.875
530.0 0.0
531.0 5.3515625
532.0 1.9453125
533.0 2.015625
534.0 2.1796875
535.0 2.2421875
536.0 1.7421875
537.0 1.1171875
538.0 0.0078125
539.0 0.0
540.0 0.0
541.0 0.0
542.0 0.0
543.0 4.6875
544.0 1.5859375
545.0 2.0625
546.0 1.2265625
547.0 0.0
548.0 2.6328125
549.0 3.0703125
550.0 1.8515625
551.0 2.0
552.0 0.8828125
553.0 3.375
554.0 2.1015625
555.0 2.0703125
556.0 1.7421875
557.0 2.0
558.0 1.828125
559.0 1.7109375
560.0 1.7890625
561.0 1.71875
562.0 1.109375
563.0 1.5625
564.0 0.34375
565.0 0.0
566.0 4.609375
567.0 2.1640625
568.0 1.8046875
569.0 1.4453125
570.0 1.40625
571.0 1.0
572.0 1.421875
573.0 1.4140625
574.0 1.4453125
575.0 0.0
576.0 5.515625
577.0 2.34375
578.0 2.6015625
579.0 2.59375
580.0 2.1171875
581.0 1.4140625
582.0 2.1875
583.0 2.7265625
584.0 2.2109375
585.0 2.1484375
586.0 1.5703125
587.0 1.859375
588.0 1.7578125
589.0 1.7109375
590.0 0.6171875
591.0 0.0
592.0 5.890625
593.0 2.1015625
594.0 2.1328125
595.0 1.625
596.0 1.609375
597.0 2.046875
598.0 0.734375
599.0 0.0
