0.0 8.65625
1.0 8.59375
2.0 8.65625
3.0 8.640625
4.0 8.5078125
5.0 8.5
6.0 9.015625
7.0 8.5
8.0 7.8515625
9.0 9.4921875
10.0 8.5546875
11.0 8.296875
12.0 7.9140625
13.0 7.8671875
14.0 8.1953125
15.0 8.640625
16.0 8.4453125
17.0 8.5078125
18.0 8.6796875
19.0 8.359375
20.0 8.59375
21.0 8.328125
22.0 8.8046875
23.0 8.7734375
24.0 8.65625
25.0 8.5703125
26.0 8.2109375
27.0 8.640625
28.0 8.6484375
29.0 8.703125
30.0 8.7109375
31.0 8.65625
32.0 8.5859375
33.0 8.671875
34.0 8.6015625
35.0 7.5390625
36.0 9.4765625
37.0 8.1796875
38.0 8.46875
39.0 8.53125
40.0 8.5625
41.0 8.46875
42.0 8.625
43.0 8.140625
44.0 8.5703125
45.0 8.40625
46.0 8.5
47.0 8.5390625
48.0 8.625
49.0 8.640625
50.0 8.5546875
51.0 8.703125
52.0 8.6875
53.0 8.46875
54.0 8.7109375
55.0 8.2421875
56.0 5.2578125
57.0 10.96875
58.0 8.796875
59.0 9.15625
60.0 8.3125
61.0 8.640625
62.0 3.7109375
63.0 13.296875
64.0 8.6171875
65.0 8.671875
66.0 8.640625
67.0 8.4921875
68.0 8.5703125
69.0 8.6796875
70.0 8.5390625
71.0 8.296875
72.0 8.7734375
73.0 8.7421875
74.0 8.5625
75.0 6.6484375
76.0 10.3515625
77.0 8.4921875
78.0 8.015625
79.0 8.2421875
80.0 8.390625
81.0 8.4140625
82.0 8.5390625
83.0 8.4609375
84.0 8.5390625
85.0 8.7421875
86.0 8.6015625
87.0 8.671875
88.0 8.40625
89.0 8.6875
90.0 8.5546875
91.0 8.59375
92.0 8.5390625
93.0 8.5703125
94.0 8.8515625
95.0 8.5625
96.0 8.640625
97.0 8.765625
98.0 8.8046875
99.0 8.5546875
100.0 8.7109375
101.0 8.5390625
102.0 8.8046875
103.0 8.5
104.0 8.5703125
105.0 8.734375
106.0 8.859375
107.0 8.4375
108.0 8.921875
109.0 8.59375
110.0 8.8203125
111.0 8.6796875
112.0 8.4921875
113.0 8.671875
114.0 8.5703125
115.0 8.7109375
116.0 8.625
117.0 8.6015625
118.0 6.0234375
119.0 10.7890625
120.0 8.4609375
121.0 8.140625
122.0 8.625
123.0 8.9765625
124.0 8.75
125.0 8.734375
126.0 8.46875
127.0 8.421875
128.0 8.2890625
129.0 8.265625
130.0 4.265625
131.0 12.40625
132.0 8.734375
133.0 8.4375
134.0 8.5625
135.0 8.5078125
136.0 8.6796875
137.0 9.0078125
138.0 8.7890625
139.0 8.8984375
140.0 8.890625
141.0 8.59375
142.0 8.703125
143.0 8.4765625
144.0 8.6171875
145.0 8.5546875
146.0 9.0625
147.0 8.4765625
148.0 8.1640625
149.0 7.65625
150.0 8.296875
151.0 8.03125
152.0 4.5703125
153.0 12.375
154.0 8.4609375
155.0 8.5390625
156.0 8.5234375
157.0 8.4375
158.0 8.0234375
159.0 7.453125
160.0 8.4765625
161.0 8.75
162.0 9.0703125
163.0 8.8359375
164.0 8.921875
165.0 8.5546875
166.0 8.7109375
167.0 8.5859375
168.0 8.5078125
169.0 8.921875
170.0 8.921875
171.0 8.8515625
172.0 8.8203125
173.0 4.0546875
174.0 13.53125
175.0 9.0
176.0 8.5390625
177.0 8.953125
178.0 8.921875
179.0 8.421875
180.0 8.9453125
181.0 8.828125
182.0 8.796875
183.0 8.6015625
184.0 8.421875
185.0 8.6015625
186.0 8.859375
187.0 9.03125
188.0 8.9140625
189.0 8.953125
190.0 8.421875
191.0 8.203125
192.0 7.9296875
193.0 8.8984375
194.0 9.078125
195.0 8.5390625
196.0 8.6796875
197.0 8.4921875
198.0 8.6796875
199.0 8.4375
200.0 8.4609375
201.0 8.46875
202.0 8.671875
203.0 8.2890625
204.0 8.8046875
205.0 8.7421875
206.0 8.75
207.0 8.6484375
208.0 8.5703125
209.0 8.53125
210.0 8.5703125
211.0 8.4140625
212.0 9.25
213.0 8.890625
214.0 8.5625
215.0 8.5859375
216.0 8.8203125
217.0 8.328125
218.0 8.5234375
219.0 8.5859375
220.0 8.640625
221.0 8.1328125
222.0 8.5234375
223.0 8.3828125
224.0 8.390625
225.0 8.0546875
226.0 8.0
227.0 8.265625
228.0 8.234375
229.0 8.390625
230.0 8.34375
231.0 8.171875
232.0 8.34375
233.0 8.0859375
234.0 8.09375
235.0 8.09375
236.0 8.4375
237.0 8.03125
238.0 8.2578125
239.0 8.1328125
240.0 8.265625
241.0 8.078125
242.0 8.359375
243.0 8.34375
244.0 8.5703125
245.0 8.6796875
246.0 8.3203125
247.0 8.34375
248.0 8.4921875
249.0 8.421875
250.0 8.59375
251.0 8.625
252.0 8.65625
253.0 8.75
254.0 8.71875
255.0 8.59375
256.0 8.640625
257.0 8.5703125
258.0 8.5078125
259.0 8.640625
260.0 8.6171875
261.0 8.59375
262.0 8.359375
263.0 8.734375
264.0 8.640625
265.0 8.4375
266.0 8.265625
267.0 8.4609375
268.0 8.328125
269.0 8.59375
270.0 8.6796875
271.0 8.8671875
272.0 8.8203125
273.0 8.671875
274.0 8.7890625
275.0 8.6484375
276.0 9.0078125
277.0 9.015625
278.0 9.1015625
279.0 8.9765625
280.0 8.5546875
281.0 8.9453125
282.0 5.3046875
283.0 11.8125
284.0 8.5078125
285.0 8.671875
286.0 8.5859375
287.0 8.8984375
288.0 8.890625
289.0 8.734375
290.0 8.390625
291.0 8.6015625
292.0 8.46875
293.0 8.765625
294.0 8.7734375
295.0 8.6015625
296.0 8.5
297.0 8.5
298.0 8.2109375
299.0 8.625
300.0 8.703125
301.0 8.5
302.0 8.640625
303.0 8.59375
304.0 8.53125
305.0 8.640625
306.0 8.6875
307.0 8.65625
308.0 8.5234375
309.0 8.5625
310.0 8.734375
311.0 8.6015625
312.0 8.5546875
313.0 8.7890625
314.0 8.96875
315.0 8.5703125
316.0 8.75
317.0 8.75
318.0 9.0703125
319.0 8.8046875
320.0 9.0
321.0 8.75
322.0 9.0078125
323.0 8.4140625
324.0 8.7734375
325.0 7.640625
326.0 9.8359375
327.0 8.65625
328.0 8.5234375
329.0 8.6796875
330.0 8.5390625
331.0 8.765625
332.0 8.4140625
333.0 8.65625
334.0 8.71875
335.0 8.703125
336.0 8.734375
337.0 8.5625
338.0 8.5625
339.0 8.53125
340.0 8.6015625
341.0 8.5703125
342.0 8.640625
343.0 8.6484375
344.0 8.5078125
345.0 8.625
346.0 8.703125
347.0 8.53125
348.0 7.71875
349.0 9.296875
350.0 8.8046875
351.0 8.2890625
352.0 8.65625
353.0 8.7109375
354.0 8.6875
355.0 8.7109375
356.0 8.40625
357.0 8.71875
358.0 8.640625
359.0 8.734375
360.0 8.5390625
361.0 8.8046875
362.0 8.6171875
363.0 8.6171875
364.0 8.4921875
365.0 8.53125
366.0 8.4609375
367.0 8.625
368.0 8.46875
369.0 8.59375
370.0 8.390625
371.0 6.8828125
372.0 10.5078125
373.0 8.4140625
374.0 8.5703125
375.0 8.890625
376.0 8.7421875
377.0 8.703125
378.0 8.640625
379.0 8.4765625
380.0 8.65625
381.0 8.296875
382.0 8.6015625
383.0 8.59375
384.0 8.5625
385.0 8.53125
386.0 8.671875
387.0 8.5703125
388.0 8.3828125
389.0 4.5625
390.0 12.4375
391.0 8.5859375
392.0 8.4609375
393.0 8.7421875
394.0 8.7734375
395.0 8.703125
396.0 8.265625
397.0 8.5625
398.0 8.1953125
399.0 8.921875
400.0 8.40625
401.0 8.5390625
402.0 8.5546875
403.0 8.6875
404.0 8.8671875
405.0 8.2578125
406.0 8.5546875
407.0 8.4140625
408.0 8.6171875
409.0 8.734375
410.0 8.53125
411.0 8.6875
412.0 8.4765625
413.0 8.3828125
414.0 8.6171875
415.0 8.4609375
416.0 8.703125
417.0 8.5625
418.0 8.671875
419.0 8.640625
420.0 8.4921875
421.0 8.5546875
422.0 8.46875
423.0 8.59375
424.0 8.625
425.0 5.015625
426.0 12.4375
427.0 8.71875
428.0 8.8046875
429.0 8.40625
430.0 8.5234375
431.0 8.4921875
432.0 8.7109375
433.0 8.6796875
434.0 8.3515625
435.0 3.6953125
436.0 13.6484375
437.0 8.5
438.0 8.5234375
439.0 8.4921875
440.0 8.5859375
441.0 8.7109375
442.0 8.765625
443.0 8.8203125
444.0 8.6171875
445.0 8.71875
446.0 8.8203125
447.0 8.7890625
448.0 8.7890625
449.0 8.8515625
450.0 8.7734375
451.0 8.4609375
452.0 8.59375
453.0 8.4453125
454.0 8.4921875
455.0 8.5
456.0 8.5234375
457.0 8.5390625
458.0 8.5703125
459.0 8.5859375
460.0 8.671875
461.0 8.4375
462.0 8.6796875
463.0 8.4453125
464.0 8.625
465.0 8.796875
466.0 8.6796875
467.0 8.5390625
468.0 8.703125
469.0 8.5078125
470.0 8.4921875
471.0 8.6484375
472.0 8.2890625
473.0 8.4921875
474.0 8.671875
475.0 8.5625
476.0 8.703125
477.0 7.5859375
478.0 9.4921875
479.0 8.4765625
480.0 7.2734375
481.0 10.171875
482.0 8.8203125
483.0 8.4765625
484.0 8.671875
485.0 8.7421875
486.0 8.3203125
487.0 8.375
488.0 8.3125
489.0 8.5703125
490.0 8.7734375
491.0 8.5
492.0 8.53125
493.0 7.96875
494.0 9.0390625
495.0 8.5234375
496.0 8.4765625
497.0 8.3828125
498.0 8.5625
499.0 8.4609375
500.0 8.5078125
501.0 8.40625
502.0 8.5
503.0 8.4921875
504.0 8.421875
505.0 8.5703125
506.0 8.9453125
507.0 8.5625
508.0 8.6484375
509.0 8.75
510.0 8.6171875
511.0 8.4140625
512.0 8.6015625
513.0 8.4140625
514.0 8.2890625
515.0 9.0
516.0 8.6171875
517.0 5.5
518.0 11.984375
519.0 8.5546875
520.0 8.2734375
521.0 8.6875
522.0 8.5
523.0 8.640625
524.0 8.5703125
525.0 8.5546875
526.0 8.71875
527.0 8.4921875
528.0 8.4375
529.0 8.1328125
530.0 8.328125
531.0 8.4609375
532.0 8.2734375
533.0 8.5
534.0 8.3828125
535.0 8.4921875
536.0 8.328125
537.0 8.4609375
538.0 8.2734375
539.0 8.4921875
540.0 8.5546875
541.0 8.734375
542.0 8.6171875
543.0 8.3515625
544.0 8.2421875
545.0 8.4921875
546.0 8.5390625
547.0 8.5078125
548.0 8.4765625
549.0 8.5703125
550.0 8.65625
551.0 8.40625
552.0 8.2265625
553.0 8.5078125
554.0 8.375
555.0 8.390625
556.0 3.7421875
557.0 13.359375
558.0 8.4921875
559.0 8.3203125
560.0 8.2734375
561.0 8.640625
562.0 8.2265625
563.0 8.4140625
564.0 8.2578125
565.0 8.2265625
566.0 8.234375
567.0 8.3203125
568.0 8.1796875
569.0 4.203125
570.0 12.3828125
571.0 7.84375
572.0 8.5859375
573.0 8.46875
574.0 6.5
575.0 10.46875
576.0 8.53125
577.0 8.4375
578.0 8.5390625
579.0 8.5234375
580.0 8.359375
581.0 8.640625
582.0 8.4609375
583.0 8.4921875
584.0 8.6796875
585.0 8.2578125
586.0 8.0859375
587.0 8.375
588.0 8.171875
589.0 8.078125
590.0 8.0859375
591.0 7.6640625
592.0 7.96875
593.0 8.1171875
594.0 7.9921875
595.0 8.03125
596.0 6.953125
597.0 9.3359375
598.0 8.1171875
599.0 7.9375
