0.0 7.8359375
1.0 4.1328125
2.0 4.3984375
3.0 4.515625
4.0 4.2421875
5.0 3.4375
6.0 5.859375
7.0 4.4765625
8.0 4.0546875
9.0 4.4453125
10.0 4.7421875
11.0 4.625
12.0 4.484375
13.0 4.53125
14.0 4.453125
15.0 3.9375
16.0 3.734375
17.0 4.3828125
18.0 2.421875
19.0 0.0
20.0 6.9140625
21.0 0.875
22.0 4.125
23.0 4.484375
24.0 4.7578125
25.0 5.25
26.0 4.46875
27.0 0.8984375
28.0 8.109375
29.0 5.21875
30.0 4.484375
31.0 4.46875
32.0 4.6484375
33.0 4.609375
34.0 4.6328125
35.0 4.6640625
36.0 4.65625
37.0 4.59375
38.0 4.5078125
39.0 4.359375
40.0 4.6875
41.0 4.625
42.0 1.9375
43.0 0.0
44.0 5.3125
45.0 1.6875
46.0 3.34375
47.0 3.8828125
48.0 3.2890625
49.0 1.5546875
50.0 0.0
51.0 5.6171875
52.0 2.4609375
53.0 2.390625
54.0 2.7109375
55.0 2.59375
56.0 2.8359375
57.0 2.59375
58.0 2.484375
59.0 2.625
60.0 2.6640625
61.0 2.7109375
62.0 2.84375
63.0 1.109375
64.0 0.0
65.0 5.875
66.0 1.6484375
67.0 0.0
68.0 1.3203125
69.0 2.4140625
70.0 2.015625
71.0 2.1171875
72.0 2.1796875
73.0 2.2421875
74.0 2.4296875
75.0 2.3046875
76.0 0.6640625
77.0 0.0
78.0 6.203125
79.0 2.4765625
80.0 3.265625
81.0 4.1328125
82.0 2.390625
83.0 5.203125
84.0 0.640625
85.0 4.65625
86.0 2.96875
87.0 2.9609375
88.0 4.0625
89.0 4.0390625
90.0 4.1015625
91.0 4.2421875
92.0 3.7890625
93.0 4.234375
94.0 3.4140625
95.0 2.6328125
96.0 3.265625
97.0 3.9453125
98.0 1.5703125
99.0 4.9765625
100.0 1.6796875
101.0 4.84375
102.0 1.734375
103.0 1.5
104.0 2.2421875
105.0 1.5078125
106.0 5.3046875
107.0 4.4765625
108.0 1.5078125
109.0 5.3671875
110.0 3.6484375
111.0 2.671875
112.0 2.1796875
113.0 4.21875
114.0 4.28125
115.0 4.5625
116.0 4.609375
117.0 4.4296875
118.0 4.5625
119.0 4.390625
120.0 4.6328125
121.0 4.6484375
122.0 4.1796875
123.0 2.28125
124.0 1.953125
125.0 0.0
126.0 4.921875
127.0 3.7265625
128.0 4.6328125
129.0 4.515625
130.0 4.6953125
131.0 4.5703125
132.0 4.2734375
133.0 4.0703125
134.0 3.578125
135.0 0.0
136.0 7.109375
137.0 2.515625
138.0 2.046875
139.0 2.1328125
140.0 2.09375
141.0 1.9765625
142.0 0.0
143.0 4.9296875
144.0 2.2421875
145.0 2.1796875
146.0 1.2890625
147.0 1.34375
148.0 2.2734375
149.0 2.34375
150.0 2.15625
151.0 0.4296875
152.0 0.0
153.0 6.0625
154.0 0.2734375
155.0 4.7421875
156.0 2.609375
157.0 2.2109375
158.0 3.9921875
159.0 4.7265625
160.0 4.4296875
161.0 4.578125
162.0 5.203125
163.0 5.5859375
164.0 4.9765625
165.0 4.9921875
166.0 4.2421875
167.0 4.3046875
168.0 3.84375
169.0 0.6171875
170.0 7.0078125
171.0 4.2109375
172.0 2.21875
173.0 4.3984375
174.0 4.78125
175.0 2.4765625
176.0 7.3359375
177.0 5.015625
178.0 4.796875
179.0 4.8046875
180.0 4.25
181.0 4.71875
182.0 4.828125
183.0 4.6015625
184.0 4.78125
185.0 4.4453125
186.0 4.234375
187.0 2.7421875
188.0 5.796875
189.0 4.46875
190.0 4.7421875
191.0 2.3125
192.0 5.1015625
193.0 4.6953125
194.0 4.3671875
195.0 4.4453125
196.0 4.6015625
197.0 4.25
198.0 4.3203125
199.0 4.234375
200.0 4.4453125
201.0 4.0703125
202.0 3.4296875
203.0 2.1640625
204.0 2.4609375
205.0 0.4375
206.0 5.421875
207.0 6.8359375
208.0 4.390625
209.0 3.9765625
210.0 4.1015625
211.0 4.4140625
212.0 4.4296875
213.0 4.53125
214.0 1.6875
215.0 7.03125
216.0 4.1796875
217.0 4.1328125
218.0 4.453125
219.0 4.484375
220.0 4.65625
221.0 4.59375
222.0 4.5078125
223.0 4.90625
224.0 4.546875
225.0 3.5625
226.0 2.78125
227.0 3.6171875
228.0 4.859375
229.0 0.015625
230.0 9.703125
231.0 5.4609375
232.0 5.15625
233.0 4.9609375
234.0 0.78125
235.0 8.8984375
236.0 5.3828125
237.0 4.8359375
238.0 4.6875
239.0 5.1015625
240.0 4.9765625
241.0 4.9921875
242.0 4.890625
243.0 4.921875
244.0 4.7109375
245.0 4.6328125
246.0 1.3203125
247.0 8.109375
248.0 4.3203125
249.0 4.171875
250.0 4.8125
251.0 5.0546875
252.0 4.421875
253.0 1.5546875
254.0 6.7421875
255.0 4.1015625
256.0 3.828125
257.0 4.6328125
258.0 4.5703125
259.0 4.9765625
260.0 4.953125
261.0 4.6328125
262.0 4.7109375
263.0 4.7578125
264.0 4.8984375
265.0 4.6640625
266.0 0.2421875
267.0 9.5390625
268.0 4.59375
269.0 4.6015625
270.0 4.8359375
271.0 4.484375
272.0 2.3125
273.0 6.953125
274.0 3.0
275.0 4.59375
276.0 4.3046875
277.0 2.71875
278.0 3.3515625
279.0 2.5078125
280.0 1.609375
281.0 1.8671875
282.0 2.7265625
283.0 1.8203125
284.0 0.0
285.0 0.140625
286.0 6.8046875
287.0 3.1484375
288.0 4.203125
289.0 3.1796875
290.0 1.1796875
291.0 2.390625
292.0 2.375
293.0 0.6875
294.0 0.0
295.0 4.5703125
296.0 2.4921875
297.0 3.296875
298.0 4.6640625
299.0 4.5078125
300.0 3.4921875
301.0 4.3984375
302.0 4.875
303.0 4.6484375
304.0 4.53125
305.0 4.7421875
306.0 4.6328125
307.0 4.71875
308.0 4.890625
309.0 4.5703125
310.0 4.4140625
311.0 4.0078125
312.0 3.8203125
313.0 3.8828125
314.0 4.0078125
315.0 0.0
316.0 8.734375
317.0 4.859375
318.0 4.6484375
319.0 1.0
320.0 8.4375
321.0 5.453125
322.0 4.796875
323.0 4.984375
324.0 5.28125
325.0 2.4921875
326.0 2.8359375
327.0 2.84375
328.0 2.75
329.0 3.265625
330.0 3.640625
331.0 2.4140625
332.0 0.0390625
333.0 0.109375
334.0 6.8046875
335.0 2.34375
336.0 2.1171875
337.0 2.015625
338.0 1.421875
339.0 2.5625
340.0 1.8671875
341.0 0.0
342.0 5.2890625
343.0 1.9375
344.0 0.28125
345.0 5.3671875
346.0 3.109375
347.0 4.4453125
348.0 4.90625
349.0 4.7265625
350.0 4.9765625
351.0 5.2890625
352.0 4.9609375
353.0 3.765625
354.0 4.421875
355.0 5.046875
356.0 5.203125
357.0 5.21875
358.0 2.0703125
359.0 8.078125
360.0 5.2578125
361.0 4.6328125
362.0 3.0859375
363.0 7.015625
364.0 5.1015625
365.0 4.3359375
366.0 4.46875
367.0 5.1015625
368.0 4.265625
369.0 3.7265625
370.0 3.140625
371.0 3.5
372.0 0.96875
373.0 5.9296875
374.0 3.890625
375.0 4.53125
376.0 4.296875
377.0 3.890625
378.0 4.1171875
379.0 4.609375
380.0 3.5234375
381.0 3.609375
382.0 3.375
383.0 4.3046875
384.0 1.8046875
385.0 6.5625
386.0 3.953125
387.0 4.1484375
388.0 4.2421875
389.0 3.796875
390.0 4.4765625
391.0 4.0
392.0 3.109375
393.0 1.3125
394.0 5.40625
395.0 4.484375
396.0 4.0546875
397.0 4.21875
398.0 4.4296875
399.0 1.28125
400.0 0.3984375
401.0 5.4296875
402.0 4.3046875
403.0 3.7421875
404.0 2.7734375
405.0 4.0625
406.0 4.359375
407.0 4.5703125
408.0 4.296875
409.0 4.5390625
410.0 4.359375
411.0 1.9375
412.0 2.15625
413.0 1.1328125
414.0 0.0
415.0 6.1875
416.0 2.3671875
417.0 2.28125
418.0 2.84375
419.0 2.2109375
420.0 1.953125
421.0 5.015625
422.0 4.5625
423.0 2.7890625
424.0 1.4140625
425.0 0.5234375
426.0 0.0
427.0 6.0
428.0 4.2734375
429.0 3.734375
430.0 3.5546875
431.0 2.4296875
432.0 2.1875
433.0 2.1796875
434.0 2.0390625
435.0 2.1953125
436.0 1.796875
437.0 2.1484375
438.0 2.6328125
439.0 3.0234375
440.0 0.0
441.0 7.078125
442.0 3.2890625
443.0 2.78125
444.0 3.3203125
445.0 3.140625
446.0 0.21875
447.0 6.6796875
448.0 3.046875
449.0 3.234375
450.0 2.9296875
451.0 2.2109375
452.0 2.8984375
453.0 2.8515625
454.0 2.359375
455.0 3.0390625
456.0 2.7421875
457.0 2.1171875
458.0 1.9140625
459.0 0.0703125
460.0 5.046875
461.0 4.5703125
462.0 4.484375
463.0 4.421875
464.0 4.875
465.0 4.6015625
466.0 2.6953125
467.0 5.7890625
468.0 4.609375
469.0 4.3203125
470.0 1.765625
471.0 6.59375
472.0 4.46875
473.0 4.5078125
474.0 4.796875
475.0 5.0703125
476.0 4.6640625
477.0 4.78125
478.0 3.625
479.0 3.3125
480.0 3.90625
481.0 4.7734375
482.0 4.859375
483.0 4.5
484.0 0.140625
485.0 8.5390625
486.0 4.625
487.0 4.4765625
488.0 4.6640625
489.0 4.6875
490.0 4.3046875
491.0 4.3984375
492.0 0.0
493.0 8.2734375
494.0 4.0703125
495.0 4.1484375
496.0 4.2421875
497.0 2.25
498.0 6.234375
499.0 4.75
500.0 4.4140625
501.0 4.09375
502.0 3.8515625
503.0 2.875
504.0 2.0078125
505.0 2.03125
506.0 1.9375
507.0 1.703125
508.0 2.0390625
509.0 2.2421875
510.0 2.390625
511.0 1.3203125
512.0 0.0
513.0 5.96875
514.0 2.4453125
515.0 2.6328125
516.0 1.859375
517.0 0.8828125
518.0 0.0
519.0 0.0
520.0 6.109375
521.0 2.3671875
522.0 2.25
523.0 2.3046875
524.0 2.4140625
525.0 2.1953125
526.0 2.6015625
527.0 3.4375
528.0 3.296875
529.0 3.7265625
530.0 4.171875
531.0 2.0390625
532.0 0.6171875
533.0 0.0
534.0 5.5859375
535.0 1.4921875
536.0 1.4609375
537.0 1.796875
538.0 1.140625
539.0 1.34375
540.0 3.0
541.0 2.28125
542.0 1.328125
543.0 5.453125
544.0 4.6015625
545.0 4.0546875
546.0 4.3828125
547.0 5.015625
548.0 4.6875
549.0 4.6875
550.0 4.796875
551.0 4.2421875
552.0 4.65625
553.0 4.6328125
554.0 4.625
555.0 1.5703125
556.0 8.015625
557.0 5.125
558.0 4.8125
559.0 4.78125
560.0 4.453125
561.0 1.625
562.0 7.9140625
563.0 4.5703125
564.0 4.6484375
565.0 4.8046875
566.0 4.84375
567.0 4.609375
568.0 4.53125
569.0 4.359375
570.0 4.6328125
571.0 4.6796875
572.0 4.453125
573.0 4.421875
574.0 3.3671875
575.0 5.6640625
576.0 4.3515625
577.0 4.8125
578.0 4.953125
579.0 4.8984375
580.0 1.5859375
581.0 7.546875
582.0 4.8046875
583.0 4.71875
584.0 2.1171875
585.0 7.40625
586.0 4.421875
587.0 4.53125
588.0 4.3046875
589.0 4.7734375
590.0 4.7265625
591.0 4.796875
592.0 4.6953125
593.0 4.59375
594.0 4.28125
595.0 4.5390625
596.0 4.4765625
597.0 2.4140625
598.0 0.0
599.0 7.3203125
