0.0 0.421875
1.0 1.5078125
2.0 0.390625
3.0 0.5546875
4.0 0.3984375
5.0 0.4296875
6.0 0.765625
7.0 0.6953125
8.0 0.8125
9.0 0.5234375
10.0 0.0
11.0 1.53125
12.0 1.3828125
13.0 0.7265625
14.0 0.71875
15.0 1.1171875
16.0 1.2578125
17.0 0.8359375
18.0 1.8671875
19.0 1.3203125
20.0 1.390625
21.0 0.9921875
22.0 0.8984375
23.0 0.734375
24.0 0.9921875
25.0 0.7578125
26.0 1.046875
27.0 1.1484375
28.0 1.4375
29.0 1.1171875
30.0 1.4453125
31.0 1.390625
32.0 1.296875
33.0 1.296875
34.0 1.7890625
35.0 1.5703125
36.0 0.390625
37.0 0.0
38.0 0.0
39.0 0.0
40.0 2.375
41.0 0.46875
42.0 0.15625
43.0 0.046875
44.0 0.6015625
45.0 0.4296875
46.0 0.328125
47.0 0.453125
48.0 0.546875
49.0 0.5078125
50.0 0.46875
51.0 0.4609375
52.0 0.6015625
53.0 0.5546875
54.0 0.484375
55.0 0.75
56.0 1.1328125
57.0 0.765625
58.0 0.84375
59.0 0.765625
60.0 1.328125
61.0 0.90625
62.0 0.9453125
63.0 1.0234375
64.0 0.546875
65.0 0.6328125
66.0 0.8203125
67.0 0.4375
68.0 0.0390625
69.0 0.0
70.0 0.0
71.0 0.0
72.0 0.0
73.0 4.5625
74.0 1.5859375
75.0 0.6953125
76.0 0.3125
77.0 0.2734375
78.0 0.78125
79.0 1.09375
80.0 1.015625
81.0 1.2890625
82.0 1.296875
83.0 0.109375
84.0 0.0
85.0 0.0
86.0 0.0
87.0 4.3203125
88.0 0.140625
89.0 0.1953125
90.0 0.21875
91.0 0.2890625
92.0 0.390625
93.0 0.3671875
94.0 0.328125
95.0 0.6171875
96.0 1.0859375
97.0 0.703125
98.0 0.8125
99.0 0.765625
100.0 0.6640625
101.0 0.0
102.0 0.0
103.0 0.0
104.0 4.3203125
105.0 0.75
106.0 0.75
107.0 0.9453125
108.0 0.8046875
109.0 0.8984375
110.0 0.96875
111.0 0.671875
112.0 1.0234375
113.0 1.3828125
114.0 1.390625
115.0 0.671875
116.0 0.0
117.0 0.0
118.0 4.890625
119.0 0.90625
120.0 1.1953125
121.0 0.875
122.0 0.8671875
123.0 0.78125
124.0 0.6015625
125.0 1.421875
126.0 1.8515625
127.0 0.5078125
128.0 0.0
129.0 4.390625
130.0 0.9609375
131.0 1.4765625
132.0 1.2890625
133.0 1.5234375
134.0 0.9609375
135.0 0.640625
136.0 0.2578125
137.0 0.46875
138.0 0.703125
139.0 0.734375
140.0 0.671875
141.0 0.8828125
142.0 1.2578125
143.0 0.8515625
144.0 0.0
145.0 0.0
146.0 0.0
147.0 0.0
148.0 5.4921875
149.0 1.28125
150.0 1.2890625
151.0 0.9375
152.0 0.734375
153.0 0.78125
154.0 0.2890625
155.0 0.0
156.0 0.0
157.0 0.0
158.0 5.046875
159.0 1.59375
160.0 1.3828125
161.0 1.328125
162.0 1.2578125
163.0 1.1953125
164.0 0.609375
165.0 0.4609375
166.0 0.8359375
167.0 0.875
168.0 0.5078125
169.0 0.4296875
170.0 0.8671875
171.0 0.8359375
172.0 0.0
173.0 0.0
174.0 0.0
175.0 0.0
176.0 5.015625
177.0 1.4609375
178.0 1.0625
179.0 1.0546875
180.0 1.28125
181.0 1.421875
182.0 1.5234375
183.0 1.140625
184.0 0.0
185.0 0.0
186.0 0.0
187.0 5.3203125
188.0 1.6796875
189.0 1.078125
190.0 1.5546875
191.0 1.5546875
192.0 1.3515625
193.0 1.46875
194.0 1.375
195.0 1.015625
196.0 1.1484375
197.0 1.40625
198.0 1.7734375
199.0 0.984375
200.0 0.0
201.0 0.0
202.0 4.359375
203.0 0.0
204.0 0.0
205.0 4.171875
206.0 1.171875
207.0 1.4765625
208.0 1.4921875
209.0 1.4609375
210.0 0.546875
211.0 0.0
212.0 0.0
213.0 4.796875
214.0 0.984375
215.0 1.1171875
216.0 1.1953125
217.0 0.8671875
218.0 1.0
219.0 1.0546875
220.0 0.96875
221.0 1.5
222.0 0.9140625
223.0 1.59375
224.0 1.6796875
225.0 0.6953125
226.0 0.0
227.0 0.0
228.0 0.0
229.0 4.78125
230.0 0.7890625
231.0 1.0
232.0 1.59375
233.0 1.109375
234.0 0.640625
235.0 0.6875
236.0 0.734375
237.0 1.59375
238.0 1.5234375
239.0 0.0
240.0 0.0
241.0 2.7109375
242.0 0.0
243.0 4.0
244.0 1.2265625
245.0 1.359375
246.0 1.3828125
247.0 0.6171875
248.0 0.6015625
249.0 0.65625
250.0 0.9921875
251.0 1.171875
252.0 1.1171875
253.0 0.90625
254.0 0.984375
255.0 0.34375
256.0 0.0
257.0 0.0
258.0 0.0
259.0 0.0
260.0 0.0
261.0 0.0
262.0 0.0
263.0 5.3125
264.0 0.6953125
265.0 0.0
266.0 0.09375
267.0 0.84375
268.0 0.5390625
269.0 0.765625
270.0 0.875
271.0 0.546875
272.0 0.0
273.0 1.6796875
274.0 0.84375
275.0 0.8046875
276.0 0.671875
277.0 0.640625
278.0 0.1015625
279.0 0.0
280.0 1.65625
281.0 0.34375
282.0 0.2265625
283.0 0.4609375
284.0 0.515625
285.0 0.5078125
286.0 0.421875
287.0 0.21875
288.0 0.2734375
289.0 0.3359375
290.0 0.4921875
291.0 0.5078125
292.0 0.390625
293.0 0.453125
294.0 0.9609375
295.0 0.8359375
296.0 0.875
297.0 0.8203125
298.0 1.2265625
299.0 1.5703125
300.0 1.7578125
301.0 1.7578125
302.0 1.359375
303.0 0.5078125
304.0 0.0
305.0 0.0
306.0 5.28125
307.0 0.75
308.0 0.6640625
309.0 0.8515625
310.0 0.8359375
311.0 0.6953125
312.0 0.4609375
313.0 0.4609375
314.0 0.1796875
315.0 0.0
316.0 0.0
317.0 0.0
318.0 0.0
319.0 0.0
320.0 0.0
321.0 0.0
322.0 4.84375
323.0 0.671875
324.0 0.9140625
325.0 0.0
326.0 0.0
327.0 0.3984375
328.0 0.8828125
329.0 0.09375
330.0 1.5078125
331.0 0.6171875
332.0 1.375
333.0 0.90625
334.0 0.8984375
335.0 1.078125
336.0 1.0546875
337.0 0.8515625
338.0 0.5703125
339.0 0.6640625
340.0 0.65625
341.0 0.5390625
342.0 0.3984375
343.0 0.3046875
344.0 0.453125
345.0 0.7265625
346.0 0.875
347.0 1.328125
348.0 1.34375
349.0 1.1640625
350.0 0.984375
351.0 0.96875
352.0 1.1328125
353.0 1.2890625
354.0 1.296875
355.0 0.8828125
356.0 0.0
357.0 0.0
358.0 0.0
359.0 4.5078125
360.0 0.8984375
361.0 0.9609375
362.0 0.8671875
363.0 1.1953125
364.0 1.1484375
365.0 0.96875
366.0 0.765625
367.0 0.578125
368.0 0.6875
369.0 0.6640625
370.0 0.96875
371.0 0.8203125
372.0 1.0546875
373.0 0.4609375
374.0 0.0
375.0 0.0
376.0 0.0
377.0 0.0
378.0 0.1640625
379.0 4.890625
380.0 0.6640625
381.0 0.4296875
382.0 0.5234375
383.0 0.578125
384.0 0.5078125
385.0 0.0
386.0 0.0
387.0 0.0
388.0 0.0
389.0 4.3359375
390.0 0.1875
391.0 0.0
392.0 0.0
393.0 3.375
394.0 1.3828125
395.0 0.9453125
396.0 0.875
397.0 1.4609375
398.0 1.203125
399.0 1.1328125
400.0 0.8203125
401.0 0.3046875
402.0 0.6640625
403.0 0.6171875
404.0 0.4609375
405.0 0.546875
406.0 0.8046875
407.0 1.296875
408.0 1.1328125
409.0 0.71875
410.0 0.75
411.0 1.3203125
412.0 1.375
413.0 0.0
414.0 0.0
415.0 0.0
416.0 0.0
417.0 0.0
418.0 5.34375
419.0 1.203125
420.0 0.8046875
421.0 0.71875
422.0 0.9609375
423.0 1.0546875
424.0 0.421875
425.0 0.5390625
426.0 0.3125
427.0 0.0
428.0 0.0
429.0 0.0
430.0 5.1015625
431.0 2.0703125
432.0 1.7109375
433.0 1.625
434.0 1.5
435.0 1.7578125
436.0 1.5859375
437.0 1.0625
438.0 0.1953125
439.0 0.8046875
440.0 1.7734375
441.0 1.7421875
442.0 0.703125
443.0 0.15625
444.0 0.0
445.0 0.0
446.0 0.0625
447.0 5.765625
448.0 1.8515625
449.0 1.53125
450.0 1.078125
451.0 0.78125
452.0 1.171875
453.0 1.4453125
454.0 1.375
455.0 1.65625
456.0 1.609375
457.0 0.0
458.0 0.0
459.0 0.0
460.0 4.84375
461.0 0.9140625
462.0 0.7890625
463.0 0.5703125
464.0 1.1796875
465.0 0.703125
466.0 0.5546875
467.0 0.078125
468.0 0.0
469.0 0.0
470.0 0.0
471.0 4.5390625
472.0 0.734375
473.0 0.3984375
474.0 0.5390625
475.0 0.6875
476.0 1.1796875
477.0 1.171875
478.0 0.8125
479.0 0.875
480.0 1.2578125
481.0 1.4453125
482.0 0.8984375
483.0 0.09375
484.0 0.0
485.0 0.0
486.0 0.0
487.0 0.0
488.0 0.0
489.0 0.0
490.0 0.0
491.0 5.15625
492.0 0.0
493.0 1.0
494.0 1.140625
495.0 1.0625
496.0 0.9375
497.0 0.5546875
498.0 0.46875
499.0 0.4921875
500.0 0.8046875
501.0 0.5703125
502.0 0.5703125
503.0 0.8671875
504.0 1.1796875
505.0 1.375
506.0 1.4375
507.0 1.3203125
508.0 0.6640625
509.0 0.0
510.0 0.0
511.0 0.5546875
512.0 3.046875
513.0 0.328125
514.0 0.0390625
515.0 0.0
516.0 0.0
517.0 0.0
518.0 3.109375
519.0 1.2890625
520.0 1.359375
521.0 1.421875
522.0 0.0
523.0 3.5625
524.0 1.1640625
525.0 0.9140625
526.0 0.6953125
527.0 0.8125
528.0 0.515625
529.0 0.2109375
530.0 0.2265625
531.0 0.25
532.0 0.4609375
533.0 0.6015625
534.0 0.6640625
535.0 0.5546875
536.0 0.5390625
537.0 0.671875
538.0 0.25
539.0 0.2578125
540.0 0.515625
541.0 0.4375
542.0 0.5546875
543.0 0.6875
544.0 0.359375
545.0 0.4921875
546.0 0.2265625
547.0 0.671875
548.0 1.375
549.0 1.6875
550.0 1.2421875
551.0 0.0
552.0 0.0
553.0 5.671875
554.0 1.171875
555.0 1.296875
556.0 1.421875
557.0 1.09375
558.0 0.484375
559.0 0.1640625
560.0 0.1640625
561.0 0.5078125
562.0 1.5390625
563.0 1.0859375
564.0 0.0
565.0 0.0
566.0 0.0
567.0 0.0
568.0 4.46875
569.0 0.9921875
570.0 0.9609375
571.0 1.0859375
572.0 0.453125
573.0 0.0
574.0 0.0
575.0 2.6015625
576.0 0.0
577.0 0.0
578.0 0.0
579.0 1.109375
580.0 0.0
581.0 0.0
582.0 3.546875
583.0 0.5390625
584.0 0.21875
585.0 0.34375
586.0 0.328125
587.0 0.34375
588.0 0.2734375
589.0 0.3046875
590.0 0.5546875
591.0 0.40625
592.0 0.4921875
593.0 0.78125
594.0 1.1328125
595.0 0.8984375
596.0 0.9609375
597.0 0.7265625
598.0 1.0546875
599.0 1.0546875
