0.0 5.6796875
1.0 5.765625
2.0 6.0625
3.0 5.1015625
4.0 0.734375
5.0 8.0
6.0 5.796875
7.0 5.9140625
8.0 5.2265625
9.0 5.109375
10.0 0.0
11.0 9.1328125
12.0 4.8984375
13.0 3.9375
14.0 4.21875
15.0 6.2109375
16.0 6.265625
17.0 6.0546875
18.0 6.5
19.0 4.6015625
20.0 3.4375
21.0 6.0390625
22.0 4.9453125
23.0 5.640625
24.0 5.3125
25.0 5.375
26.0 5.28125
27.0 4.7265625
28.0 6.3828125
29.0 5.609375
30.0 5.546875
31.0 5.3125
32.0 4.09375
33.0 5.1953125
34.0 4.8125
35.0 5.0703125
36.0 4.921875
37.0 4.546875
38.0 4.4453125
39.0 4.546875
40.0 3.3515625
41.0 5.875
42.0 5.4921875
43.0 4.5
44.0 2.7265625
45.0 4.84375
46.0 4.1171875
47.0 4.9296875
48.0 4.71875
49.0 5.1640625
50.0 4.8046875
51.0 4.4765625
52.0 4.5625
53.0 2.84375
54.0 4.9765625
55.0 4.1328125
56.0 3.59375
57.0 4.7421875
58.0 4.328125
59.0 1.953125
60.0 1.28125
61.0 1.4765625
62.0 3.734375
63.0 4.59375
64.0 4.46875
65.0 5.0703125
66.0 4.6953125
67.0 3.5859375
68.0 6.3828125
69.0 4.875
70.0 5.1015625
71.0 3.078125
72.0 8.1484375
73.0 3.4609375
74.0 7.1796875
75.0 4.0234375
76.0 4.46875
77.0 4.90625
78.0 4.515625
79.0 2.5078125
80.0 6.6640625
81.0 5.125
82.0 4.4140625
83.0 4.8359375
84.0 4.7265625
85.0 5.203125
86.0 4.84375
87.0 4.515625
88.0 4.890625
89.0 4.28125
90.0 4.6640625
91.0 3.4140625
92.0 3.5546875
93.0 2.0625
94.0 7.8671875
95.0 4.4140625
96.0 4.4140625
97.0 4.6015625
98.0 4.4140625
99.0 1.984375
100.0 5.0234375
101.0 3.4375
102.0 4.203125
103.0 3.625
104.0 4.265625
105.0 4.0859375
106.0 3.734375
107.0 4.1328125
108.0 3.9375
109.0 4.453125
110.0 4.859375
111.0 3.4921875
112.0 1.53125
113.0 7.03125
114.0 4.7421875
115.0 4.5625
116.0 3.34375
117.0 4.1796875
118.0 4.859375
119.0 5.25
120.0 5.9921875
121.0 5.609375
122.0 5.46875
123.0 5.1640625
124.0 3.1796875
125.0 8.2421875
126.0 5.9453125
127.0 5.78125
128.0 5.6328125
129.0 5.2265625
130.0 4.3984375
131.0 0.9453125
132.0 8.0234375
133.0 2.5078125
134.0 2.9609375
135.0 4.9453125
136.0 4.25
137.0 2.7265625
138.0 2.3359375
139.0 4.265625
140.0 2.6875
141.0 3.21875
142.0 1.890625
143.0 0.3984375
144.0 4.8359375
145.0 1.9765625
146.0 0.7578125
147.0 0.375
148.0 0.2734375
149.0 0.5546875
150.0 1.765625
151.0 3.6171875
152.0 2.328125
153.0 5.9765625
154.0 4.8671875
155.0 4.5078125
156.0 5.1640625
157.0 4.3359375
158.0 3.9140625
159.0 5.9140625
160.0 5.90625
161.0 6.390625
162.0 5.609375
163.0 5.890625
164.0 5.453125
165.0 3.671875
166.0 5.3125
167.0 5.140625
168.0 5.203125
169.0 5.4296875
170.0 5.078125
171.0 2.6640625
172.0 7.46875
173.0 5.1328125
174.0 4.484375
175.0 4.453125
176.0 4.5078125
177.0 4.421875
178.0 4.5703125
179.0 4.4140625
180.0 4.0390625
181.0 4.234375
182.0 4.09375
183.0 2.0859375
184.0 7.25
185.0 4.875
186.0 4.75
187.0 5.2578125
188.0 5.1875
189.0 5.125
190.0 2.921875
191.0 0.0
192.0 0.0
193.0 0.0
194.0 0.0
195.0 5.6171875
196.0 4.9921875
197.0 4.46875
198.0 5.0390625
199.0 5.0546875
200.0 5.546875
201.0 5.4609375
202.0 1.9765625
203.0 1.03125
204.0 1.640625
205.0 4.6640625
206.0 4.953125
207.0 3.328125
208.0 4.6484375
209.0 2.0078125
210.0 7.875
211.0 3.4609375
212.0 6.8046875
213.0 5.75
214.0 5.671875
215.0 3.7265625
216.0 1.28125
217.0 1.3828125
218.0 3.53125
219.0 4.9921875
220.0 5.6484375
221.0 4.875
222.0 5.6484375
223.0 2.90625
224.0 7.15625
225.0 3.875
226.0 8.3125
227.0 5.7265625
228.0 5.765625
229.0 4.875
230.0 4.421875
231.0 3.1484375
232.0 7.1640625
233.0 4.9765625
234.0 5.46875
235.0 5.546875
236.0 5.8515625
237.0 6.0
238.0 6.03125
239.0 5.421875
240.0 5.34375
241.0 5.5234375
242.0 5.453125
243.0 3.3828125
244.0 7.453125
245.0 3.1484375
246.0 8.109375
247.0 5.6796875
248.0 5.75
249.0 5.9609375
250.0 5.3125
251.0 5.8125
252.0 6.0625
253.0 5.2734375
254.0 5.453125
255.0 4.9609375
256.0 4.6875
257.0 3.578125
258.0 6.890625
259.0 4.9921875
260.0 4.1328125
261.0 5.0546875
262.0 5.125
263.0 4.6640625
264.0 3.734375
265.0 5.0546875
266.0 5.609375
267.0 5.3359375
268.0 5.7265625
269.0 5.0390625
270.0 5.6640625
271.0 5.828125
272.0 1.8203125
273.0 9.6640625
274.0 5.34375
275.0 3.4375
276.0 6.71875
277.0 5.078125
278.0 5.453125
279.0 5.3515625
280.0 5.4296875
281.0 3.9921875
282.0 2.8125
283.0 3.203125
284.0 5.375
285.0 4.5703125
286.0 4.3515625
287.0 5.15625
288.0 4.6953125
289.0 1.640625
290.0 7.015625
291.0 2.71875
292.0 4.234375
293.0 3.4453125
294.0 0.375
295.0 7.65625
296.0 5.2578125
297.0 4.8359375
298.0 5.53125
299.0 5.1328125
300.0 4.71875
301.0 5.234375
302.0 5.25
303.0 5.203125
304.0 4.296875
305.0 4.21875
306.0 4.6015625
307.0 2.1640625
308.0 8.0625
309.0 4.390625
310.0 2.9296875
311.0 5.671875
312.0 5.5546875
313.0 4.46875
314.0 3.1484375
315.0 3.5546875
316.0 4.7265625
317.0 5.0234375
318.0 5.40625
319.0 5.578125
320.0 5.4375
321.0 4.8984375
322.0 4.78125
323.0 4.484375
324.0 2.984375
325.0 0.0
326.0 8.1328125
327.0 2.7734375
328.0 5.0078125
329.0 4.875
330.0 5.0703125
331.0 5.78125
332.0 4.84375
333.0 7.1796875
334.0 5.6953125
335.0 5.1953125
336.0 5.140625
337.0 4.28125
338.0 6.921875
339.0 3.3203125
340.0 3.4375
341.0 4.75
342.0 5.3203125
343.0 5.4921875
344.0 5.21875
345.0 5.1015625
346.0 4.7109375
347.0 4.3984375
348.0 4.421875
349.0 2.4140625
350.0 6.953125
351.0 5.3671875
352.0 5.2578125
353.0 4.921875
354.0 1.3203125
355.0 8.2265625
356.0 4.9296875
357.0 5.6328125
358.0 5.9609375
359.0 5.0390625
360.0 4.9921875
361.0 4.890625
362.0 4.609375
363.0 4.6953125
364.0 4.6015625
365.0 2.890625
366.0 6.484375
367.0 4.90625
368.0 5.21875
369.0 2.953125
370.0 6.734375
371.0 5.1328125
372.0 4.828125
373.0 4.6328125
374.0 3.265625
375.0 4.21875
376.0 5.1015625
377.0 5.34375
378.0 5.3671875
379.0 5.2265625
380.0 5.0546875
381.0 5.140625
382.0 4.796875
383.0 0.8125
384.0 8.703125
385.0 5.3984375
386.0 4.7265625
387.0 5.3046875
388.0 5.15625
389.0 5.28125
390.0 5.0703125
391.0 4.0625
392.0 4.921875
393.0 5.6015625
394.0 5.3984375
395.0 5.0546875
396.0 5.3515625
397.0 4.828125
398.0 5.125
399.0 5.796875
400.0 5.6953125
401.0 5.9609375
402.0 5.7890625
403.0 5.671875
404.0 5.6953125
405.0 5.171875
406.0 0.140625
407.0 9.5234375
408.0 5.140625
409.0 5.4921875
410.0 5.84375
411.0 5.9296875
412.0 5.5234375
413.0 5.15625
414.0 6.2265625
415.0 5.5625
416.0 6.2734375
417.0 6.3515625
418.0 6.2265625
419.0 5.9296875
420.0 5.609375
421.0 6.3046875
422.0 5.53125
423.0 7.71875
424.0 6.6484375
425.0 6.203125
426.0 5.125
427.0 3.1953125
428.0 7.03125
429.0 5.9453125
430.0 5.46875
431.0 5.5859375
432.0 5.40625
433.0 5.5234375
434.0 5.3203125
435.0 5.3046875
436.0 5.2578125
437.0 5.3203125
438.0 4.890625
439.0 4.390625
440.0 0.9140625
441.0 7.78125
442.0 4.453125
443.0 4.7421875
444.0 4.90625
445.0 2.7890625
446.0 7.1875
447.0 5.0078125
448.0 5.171875
449.0 5.0703125
450.0 5.171875
451.0 4.3203125
452.0 1.328125
453.0 1.9140625
454.0 4.9609375
455.0 5.0078125
456.0 4.53125
457.0 4.609375
458.0 5.1328125
459.0 5.703125
460.0 5.7265625
461.0 4.3359375
462.0 6.3203125
463.0 5.3828125
464.0 5.2265625
465.0 4.9921875
466.0 4.859375
467.0 1.4765625
468.0 9.421875
469.0 5.1015625
470.0 4.9765625
471.0 5.0078125
472.0 5.515625
473.0 5.3671875
474.0 5.3359375
475.0 4.875
476.0 5.6328125
477.0 5.25
478.0 5.109375
479.0 4.84375
480.0 2.6015625
481.0 0.0
482.0 6.65625
483.0 1.71875
484.0 4.1171875
485.0 4.6328125
486.0 3.1796875
487.0 3.3203125
488.0 4.0703125
489.0 1.5078125
490.0 7.2890625
491.0 3.078125
492.0 6.2265625
493.0 6.828125
494.0 5.046875
495.0 5.0546875
496.0 5.3359375
497.0 5.15625
498.0 4.5625
499.0 4.71875
500.0 4.7421875
501.0 5.1640625
502.0 5.3515625
503.0 5.6328125
504.0 5.0703125
505.0 3.046875
506.0 7.578125
507.0 5.25
508.0 5.40625
509.0 3.5234375
510.0 7.6171875
511.0 3.8203125
512.0 3.90625
513.0 4.1015625
514.0 3.3671875
515.0 5.5234375
516.0 3.890625
517.0 3.6953125
518.0 5.140625
519.0 4.6875
520.0 3.9140625
521.0 4.6640625
522.0 5.2265625
523.0 2.09375
524.0 6.84375
525.0 4.1875
526.0 4.59375
527.0 4.484375
528.0 4.6875
529.0 5.5625
530.0 3.2265625
531.0 0.8984375
532.0 7.40625
533.0 4.3359375
534.0 4.28125
535.0 4.484375
536.0 4.15625
537.0 5.375
538.0 4.359375
539.0 3.7265625
540.0 5.6328125
541.0 4.609375
542.0 4.75
543.0 4.9296875
544.0 4.2421875
545.0 0.21875
546.0 8.8515625
547.0 4.6484375
548.0 4.7109375
549.0 2.8359375
550.0 8.234375
551.0 2.984375
552.0 6.265625
553.0 4.7421875
554.0 4.84375
555.0 3.0234375
556.0 6.75
557.0 4.6328125
558.0 4.390625
559.0 4.5703125
560.0 4.9296875
561.0 5.140625
562.0 2.90625
563.0 3.953125
564.0 3.9921875
565.0 2.1015625
566.0 2.046875
567.0 2.71875
568.0 4.8671875
569.0 2.984375
570.0 0.0
571.0 6.7421875
572.0 3.328125
573.0 5.1640625
574.0 5.171875
575.0 4.5078125
576.0 1.8046875
577.0 8.59375
578.0 5.3671875
579.0 4.71875
580.0 4.8125
581.0 4.65625
582.0 4.4140625
583.0 4.65625
584.0 4.875
585.0 4.0703125
586.0 4.484375
587.0 4.828125
588.0 4.7265625
589.0 0.359375
590.0 9.1328125
591.0 4.6484375
592.0 4.546875
593.0 4.6875
594.0 4.125
595.0 4.328125
596.0 4.453125
597.0 2.1484375
598.0 6.734375
599.0 4.71875
