0.0 4.09375
1.0 4.2734375
2.0 5.015625
3.0 4.75
4.0 3.859375
5.0 3.3203125
6.0 4.7734375
7.0 5.0859375
8.0 5.109375
9.0 5.1875
10.0 4.921875
11.0 2.8359375
12.0 6.109375
13.0 5.015625
14.0 4.53125
15.0 4.7265625
16.0 4.4765625
17.0 4.453125
18.0 3.7265625
19.0 3.828125
20.0 3.859375
21.0 4.3984375
22.0 4.421875
23.0 4.3984375
24.0 4.484375
25.0 4.3046875
26.0 1.703125
27.0 5.875
28.0 2.71875
29.0 3.1953125
30.0 1.625
31.0 6.4375
32.0 4.4765625
33.0 3.9375
34.0 4.7578125
35.0 4.8671875
36.0 4.8671875
37.0 4.6484375
38.0 4.8046875
39.0 4.625
40.0 4.65625
41.0 4.5078125
42.0 4.515625
43.0 2.6875
44.0 6.390625
45.0 4.59375
46.0 4.2734375
47.0 4.5625
48.0 4.625
49.0 4.8671875
50.0 4.9296875
51.0 4.53125
52.0 3.4375
53.0 5.8828125
54.0 4.3671875
55.0 4.328125
56.0 4.1484375
57.0 3.84375
58.0 4.6875
59.0 4.3984375
60.0 4.265625
61.0 3.7734375
62.0 4.265625
63.0 4.546875
64.0 4.3671875
65.0 2.8125
66.0 5.859375
67.0 4.2734375
68.0 4.359375
69.0 4.3515625
70.0 3.203125
71.0 5.84375
72.0 4.0625
73.0 4.2109375
74.0 4.09375
75.0 3.703125
76.0 3.7265625
77.0 4.390625
78.0 4.5625
79.0 4.3046875
80.0 4.1328125
81.0 4.1484375
82.0 4.3515625
83.0 2.15625
84.0 6.1484375
85.0 4.1015625
86.0 4.296875
87.0 3.5859375
88.0 1.1796875
89.0 7.6953125
90.0 1.5703125
91.0 7.4921875
92.0 4.328125
93.0 4.4296875
94.0 4.59375
95.0 4.46875
96.0 5.1328125
97.0 4.609375
98.0 4.7265625
99.0 4.453125
100.0 4.359375
101.0 4.46875
102.0 4.7421875
103.0 4.59375
104.0 4.7734375
105.0 5.1328125
106.0 4.7265625
107.0 4.3671875
108.0 4.3359375
109.0 4.3515625
110.0 4.21875
111.0 1.0859375
112.0 7.984375
113.0 4.4765625
114.0 4.1796875
115.0 4.1875
116.0 4.5078125
117.0 4.5703125
118.0 4.421875
119.0 4.71875
120.0 4.5625
121.0 4.90625
122.0 4.4140625
123.0 1.0859375
124.0 7.390625
125.0 4.15625
126.0 3.8046875
127.0 3.40625
128.0 4.2421875
129.0 1.171875
130.0 6.6484375
131.0 4.0859375
132.0 3.640625
133.0 4.25
134.0 4.7265625
135.0 4.8046875
136.0 4.7265625
137.0 4.5078125
138.0 4.65625
139.0 4.2734375
140.0 4.2734375
141.0 4.328125
142.0 4.2734375
143.0 0.78125
144.0 7.9453125
145.0 4.3515625
146.0 4.3046875
147.0 4.1875
148.0 0.359375
149.0 7.8359375
150.0 4.1875
151.0 4.3203125
152.0 4.28125
153.0 4.2421875
154.0 4.21875
155.0 4.3515625
156.0 4.3515625
157.0 4.2109375
158.0 1.9453125
159.0 4.7265625
160.0 4.0625
161.0 1.0625
162.0 7.1328125
163.0 3.953125
164.0 3.7421875
165.0 3.828125
166.0 4.15625
167.0 4.03125
168.0 4.0546875
169.0 4.171875
170.0 4.2421875
171.0 4.0546875
172.0 3.7421875
173.0 3.234375
174.0 3.9453125
175.0 3.890625
176.0 3.96875
177.0 2.96875
178.0 3.0703125
179.0 3.1640625
180.0 1.7578125
181.0 0.0
182.0 6.4453125
183.0 1.984375
184.0 4.15625
185.0 4.09375
186.0 4.0703125
187.0 1.421875
188.0 6.78125
189.0 3.8828125
190.0 4.0625
191.0 4.171875
192.0 4.0625
193.0 4.3828125
194.0 4.21875
195.0 4.2734375
196.0 4.21875
197.0 4.15625
198.0 4.265625
199.0 4.1328125
200.0 3.7734375
201.0 0.4609375
202.0 7.4921875
203.0 4.3984375
204.0 4.234375
205.0 2.6640625
206.0 0.0
207.0 8.6875
208.0 4.03125
209.0 4.3203125
210.0 4.1328125
211.0 3.25
212.0 4.8671875
213.0 3.796875
214.0 4.0234375
215.0 3.921875
216.0 3.828125
217.0 3.7734375
218.0 4.0234375
219.0 4.03125
220.0 3.9765625
221.0 3.765625
222.0 3.828125
223.0 4.15625
224.0 4.296875
225.0 1.2890625
226.0 7.15625
227.0 4.328125
228.0 4.390625
229.0 4.296875
230.0 4.234375
231.0 3.640625
232.0 4.890625
233.0 4.3203125
234.0 4.421875
235.0 4.578125
236.0 4.171875
237.0 4.515625
238.0 4.5
239.0 4.5
240.0 4.515625
241.0 4.5
242.0 4.3359375
243.0 4.46875
244.0 2.984375
245.0 6.2421875
246.0 4.328125
247.0 4.53125
248.0 4.15625
249.0 1.1328125
250.0 7.3984375
251.0 4.2421875
252.0 4.1015625
253.0 3.9453125
254.0 4.125
255.0 4.2734375
256.0 4.171875
257.0 4.203125
258.0 4.0625
259.0 1.1953125
260.0 7.6875
261.0 4.5078125
262.0 4.78125
263.0 4.4765625
264.0 4.546875
265.0 4.4453125
266.0 4.6328125
267.0 4.484375
268.0 4.6015625
269.0 0.515625
270.0 8.6171875
271.0 4.546875
272.0 2.6015625
273.0 6.5859375
274.0 4.3984375
275.0 4.4140625
276.0 4.265625
277.0 4.296875
278.0 4.1484375
279.0 4.5
280.0 4.4140625
281.0 4.4765625
282.0 4.625
283.0 4.578125
284.0 4.7265625
285.0 4.625
286.0 4.578125
287.0 4.578125
288.0 4.7265625
289.0 4.46875
290.0 4.4296875
291.0 4.59375
292.0 4.421875
293.0 4.3359375
294.0 4.59375
295.0 4.4453125
296.0 4.03125
297.0 3.6484375
298.0 1.2265625
299.0 7.109375
300.0 4.1484375
301.0 4.0
302.0 4.453125
303.0 4.5390625
304.0 3.6953125
305.0 4.9765625
306.0 4.1875
307.0 4.3046875
308.0 4.3671875
309.0 4.1484375
310.0 4.09375
311.0 3.9921875
312.0 4.15625
313.0 4.515625
314.0 4.5078125
315.0 4.5390625
316.0 4.5078125
317.0 3.2265625
318.0 5.6171875
319.0 4.578125
320.0 4.1171875
321.0 3.7421875
322.0 4.0703125
323.0 4.203125
324.0 2.59375
325.0 6.0546875
326.0 4.0703125
327.0 4.3359375
328.0 4.5078125
329.0 4.7265625
330.0 4.5078125
331.0 4.6328125
332.0 4.65625
333.0 4.6953125
334.0 4.0625
335.0 4.1171875
336.0 4.0703125
337.0 3.2578125
338.0 5.8203125
339.0 4.390625
340.0 4.453125
341.0 4.1328125
342.0 4.3671875
343.0 0.09375
344.0 8.5625
345.0 3.921875
346.0 3.9453125
347.0 4.234375
348.0 3.9921875
349.0 3.53125
350.0 3.9375
351.0 4.15625
352.0 4.546875
353.0 4.421875
354.0 4.53125
355.0 4.4296875
356.0 2.6875
357.0 6.140625
358.0 4.4296875
359.0 4.3828125
360.0 4.3828125
361.0 3.96875
362.0 0.0
363.0 8.921875
364.0 4.4296875
365.0 4.234375
366.0 4.1328125
367.0 4.1328125
368.0 4.171875
369.0 4.0234375
370.0 0.8125
371.0 6.3828125
372.0 2.8515625
373.0 1.8046875
374.0 2.1640625
375.0 1.2265625
376.0 0.0
377.0 3.9453125
378.0 6.3203125
379.0 4.03125
380.0 3.9921875
381.0 3.9921875
382.0 4.0703125
383.0 4.203125
384.0 4.296875
385.0 4.2734375
386.0 3.9921875
387.0 4.0
388.0 4.234375
389.0 4.15625
390.0 4.359375
391.0 3.546875
392.0 0.0
393.0 8.6171875
394.0 3.3828125
395.0 4.78125
396.0 4.5
397.0 4.328125
398.0 4.421875
399.0 4.609375
400.0 4.1171875
401.0 4.0546875
402.0 4.1171875
403.0 4.0625
404.0 3.5859375
405.0 3.578125
406.0 2.984375
407.0 3.875
408.0 1.65625
409.0 0.0
410.0 0.0
411.0 0.0
412.0 7.8828125
413.0 3.9140625
414.0 4.359375
415.0 4.4453125
416.0 4.4140625
417.0 4.5078125
418.0 3.9375
419.0 0.0
420.0 8.2734375
421.0 3.609375
422.0 4.453125
423.0 4.5390625
424.0 4.484375
425.0 2.6953125
426.0 1.34375
427.0 3.1640625
428.0 4.0234375
429.0 3.7734375
430.0 3.40625
431.0 1.9453125
432.0 6.2421875
433.0 4.2421875
434.0 4.2109375
435.0 3.4453125
436.0 3.5
437.0 2.8515625
438.0 0.0
439.0 5.7890625
440.0 2.8984375
441.0 2.359375
442.0 2.0390625
443.0 2.5078125
444.0 3.7890625
445.0 3.5234375
446.0 1.8359375
447.0 1.203125
448.0 2.6875
449.0 3.796875
450.0 3.796875
451.0 4.3515625
452.0 0.5546875
453.0 7.9609375
454.0 3.4375
455.0 3.203125
456.0 4.53125
457.0 1.265625
458.0 7.5234375
459.0 4.1796875
460.0 3.5859375
461.0 3.296875
462.0 3.3984375
463.0 3.578125
464.0 4.1015625
465.0 4.2421875
466.0 4.25
467.0 4.25
468.0 4.5390625
469.0 4.1484375
470.0 2.296875
471.0 3.140625
472.0 7.3125
473.0 0.96875
474.0 7.375
475.0 4.125
476.0 2.3671875
477.0 3.8203125
478.0 4.1484375
479.0 4.296875
480.0 4.4765625
481.0 4.15625
482.0 3.7890625
483.0 2.578125
484.0 2.28125
485.0 1.9453125
486.0 2.0625
487.0 0.1953125
488.0 6.734375
489.0 4.4296875
490.0 2.78125
491.0 2.1875
492.0 1.96875
493.0 1.4609375
494.0 0.0
495.0 7.015625
496.0 3.765625
497.0 3.734375
498.0 3.671875
499.0 2.1328125
500.0 2.2734375
501.0 3.2890625
502.0 2.1953125
503.0 1.8828125
504.0 1.7890625
505.0 0.0
506.0 0.0
507.0 5.453125
508.0 2.2421875
509.0 4.25
510.0 4.421875
511.0 4.21875
512.0 4.328125
513.0 4.421875
514.0 4.359375
515.0 4.421875
516.0 4.1015625
517.0 1.265625
518.0 7.578125
519.0 4.59375
520.0 4.3828125
521.0 4.2421875
522.0 3.1171875
523.0 0.140625
524.0 7.015625
525.0 4.515625
526.0 3.9453125
527.0 4.15625
528.0 3.875
529.0 3.734375
530.0 4.2734375
531.0 4.171875
532.0 4.4296875
533.0 4.3203125
534.0 4.1796875
535.0 3.921875
536.0 1.4453125
537.0 0.0
538.0 0.7578125
539.0 5.3515625
540.0 1.296875
541.0 3.4296875
542.0 3.84375
543.0 2.7890625
544.0 3.8046875
545.0 1.6875
546.0 2.0625
547.0 2.1796875
548.0 0.0
549.0 7.609375
550.0 3.828125
551.0 2.1015625
552.0 2.265625
553.0 2.1640625
554.0 0.140625
555.0 0.0
556.0 5.859375
557.0 3.90625
558.0 4.3828125
559.0 4.453125
560.0 4.3515625
561.0 4.453125
562.0 4.359375
563.0 4.4296875
564.0 4.234375
565.0 1.890625
566.0 1.4921875
567.0 1.890625
568.0 0.578125
569.0 6.359375
570.0 4.3203125
571.0 4.09375
572.0 4.2421875
573.0 3.9765625
574.0 4.453125
575.0 4.2109375
576.0 2.90625
577.0 5.3359375
578.0 3.5859375
579.0 3.0390625
580.0 1.9140625
581.0 1.65625
582.0 3.8203125
583.0 4.6015625
584.0 4.6640625
585.0 4.0234375
586.0 4.3203125
587.0 3.578125
588.0 3.0703125
589.0 4.859375
590.0 4.203125
591.0 3.046875
592.0 2.5390625
593.0 2.1328125
594.0 0.40625
595.0 6.9296875
596.0 3.6953125
597.0 3.3828125
598.0 4.390625
599.0 3.5625
