0.0 4.453125
1.0 1.5625
2.0 7.84375
3.0 5.015625
4.0 4.28125
5.0 4.578125
6.0 4.84375
7.0 4.7578125
8.0 2.421875
9.0 6.828125
10.0 4.578125
11.0 4.3515625
12.0 4.609375
13.0 4.5
14.0 4.859375
15.0 4.7734375
16.0 5.0546875
17.0 3.9765625
18.0 3.625
19.0 3.171875
20.0 0.0
21.0 8.46875
22.0 4.546875
23.0 4.390625
24.0 4.6484375
25.0 4.921875
26.0 4.59375
27.0 4.59375
28.0 4.3515625
29.0 4.3359375
30.0 4.125
31.0 3.5859375
32.0 4.7421875
33.0 4.6328125
34.0 4.390625
35.0 4.2109375
36.0 4.5078125
37.0 5.0390625
38.0 5.0390625
39.0 4.8359375
40.0 4.6640625
41.0 4.6875
42.0 4.515625
43.0 4.7578125
44.0 2.03125
45.0 7.0625
46.0 4.6640625
47.0 4.6328125
48.0 4.359375
49.0 2.8984375
50.0 5.4375
51.0 4.53125
52.0 4.09375
53.0 4.3203125
54.0 4.546875
55.0 4.8125
56.0 4.484375
57.0 4.8359375
58.0 4.6015625
59.0 4.7578125
60.0 4.984375
61.0 5.078125
62.0 4.7734375
63.0 0.5234375
64.0 9.21875
65.0 4.90625
66.0 4.5078125
67.0 4.7421875
68.0 2.0078125
69.0 7.640625
70.0 4.9609375
71.0 4.9453125
72.0 4.9453125
73.0 4.5
74.0 5.5859375
75.0 5.0546875
76.0 5.046875
77.0 5.0078125
78.0 4.875
79.0 5.046875
80.0 4.9453125
81.0 4.953125
82.0 5.4296875
83.0 4.1796875
84.0 5.375
85.0 4.5703125
86.0 4.5703125
87.0 4.4765625
88.0 4.5703125
89.0 4.4453125
90.0 4.578125
91.0 4.265625
92.0 4.4453125
93.0 4.453125
94.0 4.46875
95.0 4.6328125
96.0 4.8984375
97.0 4.90625
98.0 0.3125
99.0 9.3984375
100.0 4.625
101.0 4.6640625
102.0 4.9609375
103.0 4.4296875
104.0 1.625
105.0 8.1640625
106.0 4.9765625
107.0 4.828125
108.0 4.71875
109.0 4.7109375
110.0 4.859375
111.0 4.7578125
112.0 4.7734375
113.0 4.828125
114.0 4.6640625
115.0 3.625
116.0 5.6484375
117.0 4.71875
118.0 4.875
119.0 4.359375
120.0 4.21875
121.0 4.21875
122.0 4.0078125
123.0 4.0859375
124.0 2.6953125
125.0 6.2109375
126.0 4.5625
127.0 4.234375
128.0 4.171875
129.0 4.515625
130.0 4.609375
131.0 4.6640625
132.0 4.5
133.0 4.4453125
134.0 4.3671875
135.0 4.3671875
136.0 4.25
137.0 3.9921875
138.0 1.59375
139.0 6.9609375
140.0 4.5625
141.0 4.296875
142.0 4.3046875
143.0 2.7734375
144.0 6.0546875
145.0 4.3203125
146.0 4.0234375
147.0 4.265625
148.0 4.7421875
149.0 4.7265625
150.0 4.6015625
151.0 4.265625
152.0 4.3984375
153.0 4.8046875
154.0 4.890625
155.0 4.890625
156.0 4.3046875
157.0 5.3359375
158.0 5.1640625
159.0 4.71875
160.0 4.4453125
161.0 4.578125
162.0 4.75
163.0 4.5703125
164.0 4.796875
165.0 5.078125
166.0 4.828125
167.0 4.8046875
168.0 4.8359375
169.0 4.7109375
170.0 4.9296875
171.0 4.5703125
172.0 5.3046875
173.0 4.984375
174.0 5.046875
175.0 4.9765625
176.0 4.7578125
177.0 4.6875
178.0 0.8671875
179.0 8.7421875
180.0 4.0625
181.0 3.3984375
182.0 5.078125
183.0 4.7265625
184.0 4.84375
185.0 4.453125
186.0 5.6484375
187.0 4.21875
188.0 5.2578125
189.0 5.015625
190.0 4.6875
191.0 4.59375
192.0 5.4375
193.0 4.3359375
194.0 4.7578125
195.0 5.125
196.0 4.5625
197.0 4.546875
198.0 4.7421875
199.0 3.515625
200.0 5.484375
201.0 4.4296875
202.0 4.5
203.0 4.59375
204.0 4.578125
205.0 4.4765625
206.0 4.390625
207.0 4.171875
208.0 4.9609375
209.0 4.6796875
210.0 4.234375
211.0 4.65625
212.0 4.6953125
213.0 4.5703125
214.0 4.78125
215.0 4.59375
216.0 4.5703125
217.0 4.5078125
218.0 4.7265625
219.0 4.6328125
220.0 4.7265625
221.0 4.5703125
222.0 1.9453125
223.0 7.2265625
224.0 4.875
225.0 4.90625
226.0 4.8125
227.0 2.7109375
228.0 7.0390625
229.0 4.890625
230.0 4.84375
231.0 4.890625
232.0 5.0078125
233.0 4.6796875
234.0 4.546875
235.0 4.6015625
236.0 5.15625
237.0 5.0078125
238.0 4.828125
239.0 4.59375
240.0 0.875
241.0 8.359375
242.0 4.578125
243.0 4.484375
244.0 4.984375
245.0 5.4609375
246.0 4.9296875
247.0 1.6171875
248.0 9.1875
249.0 4.84375
250.0 4.4140625
251.0 4.7265625
252.0 4.65625
253.0 4.546875
254.0 5.640625
255.0 5.3046875
256.0 4.7421875
257.0 4.875
258.0 4.875
259.0 3.1953125
260.0 7.1953125
261.0 5.40625
262.0 5.203125
263.0 5.5
264.0 5.1328125
265.0 5.40625
266.0 5.0859375
267.0 5.25
268.0 4.859375
269.0 4.9453125
270.0 3.2265625
271.0 6.9453125
272.0 5.125
273.0 4.9453125
274.0 5.125
275.0 5.2265625
276.0 5.171875
277.0 2.7734375
278.0 5.578125
279.0 2.2109375
280.0 4.6953125
281.0 4.7109375
282.0 3.9140625
283.0 5.1328125
284.0 4.9765625
285.0 4.828125
286.0 4.90625
287.0 5.546875
288.0 5.2734375
289.0 5.4296875
290.0 5.21875
291.0 4.9609375
292.0 5.203125
293.0 5.3359375
294.0 5.234375
295.0 0.546875
296.0 10.1328125
297.0 4.921875
298.0 5.796875
299.0 5.3671875
300.0 5.4375
301.0 5.546875
302.0 5.703125
303.0 5.515625
304.0 5.6640625
305.0 5.6796875
306.0 5.546875
307.0 5.40625
308.0 5.3984375
309.0 5.484375
310.0 5.46875
311.0 2.4453125
312.0 8.5546875
313.0 4.953125
314.0 6.0859375
315.0 5.1640625
316.0 5.3359375
317.0 5.515625
318.0 5.3046875
319.0 4.5703125
320.0 5.125
321.0 5.0234375
322.0 5.28125
323.0 5.078125
324.0 5.4375
325.0 5.6796875
326.0 5.34375
327.0 1.2578125
328.0 8.671875
329.0 5.3203125
330.0 5.3828125
331.0 5.3046875
332.0 5.3203125
333.0 5.25
334.0 2.484375
335.0 8.6015625
336.0 5.7265625
337.0 5.5546875
338.0 5.4609375
339.0 5.5234375
340.0 5.5546875
341.0 5.3828125
342.0 5.2578125
343.0 5.46875
344.0 5.5625
345.0 4.0234375
346.0 0.5390625
347.0 7.1328125
348.0 5.5234375
349.0 5.5625
350.0 5.375
351.0 5.1015625
352.0 5.4921875
353.0 5.3203125
354.0 5.6171875
355.0 5.6953125
356.0 5.3203125
357.0 5.3203125
358.0 5.546875
359.0 5.7265625
360.0 2.484375
361.0 8.7109375
362.0 5.4296875
363.0 5.5546875
364.0 5.6640625
365.0 5.640625
366.0 0.6015625
367.0 10.5078125
368.0 5.4609375
369.0 5.484375
370.0 5.0859375
371.0 4.7578125
372.0 4.84375
373.0 4.9765625
374.0 5.0078125
375.0 4.90625
376.0 4.8984375
377.0 4.953125
378.0 2.5390625
379.0 7.9296875
380.0 4.859375
381.0 4.5625
382.0 4.859375
383.0 4.7734375
384.0 3.7734375
385.0 5.453125
386.0 4.8046875
387.0 4.65625
388.0 4.453125
389.0 4.265625
390.0 4.1796875
391.0 4.53125
392.0 4.59375
393.0 3.96875
394.0 3.46875
395.0 1.3515625
396.0 6.75
397.0 4.453125
398.0 4.421875
399.0 4.421875
400.0 4.6796875
401.0 4.6328125
402.0 4.6328125
403.0 4.7734375
404.0 4.8359375
405.0 4.578125
406.0 4.3828125
407.0 4.484375
408.0 4.5
409.0 2.6015625
410.0 6.4453125
411.0 4.5
412.0 4.4765625
413.0 4.0390625
414.0 0.0
415.0 6.7421875
416.0 4.3984375
417.0 4.5625
418.0 4.6953125
419.0 4.9765625
420.0 4.7578125
421.0 4.6875
422.0 4.9921875
423.0 4.3515625
424.0 5.1015625
425.0 4.875
426.0 3.25
427.0 5.9375
428.0 4.6328125
429.0 4.546875
430.0 4.859375
431.0 4.6015625
432.0 4.7734375
433.0 4.3671875
434.0 5.203125
435.0 4.6328125
436.0 4.3671875
437.0 4.4453125
438.0 4.6328125
439.0 4.5390625
440.0 4.2421875
441.0 4.453125
442.0 4.125
443.0 4.453125
444.0 4.484375
445.0 4.3828125
446.0 4.359375
447.0 4.421875
448.0 3.1796875
449.0 5.796875
450.0 4.421875
451.0 4.390625
452.0 4.2734375
453.0 3.9375
454.0 0.4296875
455.0 8.9375
456.0 4.3359375
457.0 4.328125
458.0 4.71875
459.0 4.46875
460.0 4.3203125
461.0 4.25
462.0 4.125
463.0 4.328125
464.0 4.234375
465.0 4.2421875
466.0 1.4921875
467.0 7.375
468.0 4.3828125
469.0 4.4140625
470.0 4.2421875
471.0 4.2421875
472.0 4.3359375
473.0 0.125
474.0 8.5703125
475.0 4.46875
476.0 4.546875
477.0 4.7421875
478.0 4.53125
479.0 4.609375
480.0 4.203125
481.0 4.3203125
482.0 4.2421875
483.0 4.0625
484.0 4.0625
485.0 2.1328125
486.0 7.25
487.0 4.59375
488.0 4.5625
489.0 4.46875
490.0 4.5625
491.0 4.4765625
492.0 4.6796875
493.0 4.6484375
494.0 4.6484375
495.0 1.734375
496.0 7.03125
497.0 4.9921875
498.0 4.609375
499.0 4.5703125
500.0 4.8125
501.0 4.921875
502.0 4.7421875
503.0 4.859375
504.0 4.6875
505.0 4.515625
506.0 4.2421875
507.0 4.6953125
508.0 4.75
509.0 4.78125
510.0 4.515625
511.0 0.0
512.0 9.515625
513.0 4.6640625
514.0 4.6796875
515.0 1.96875
516.0 7.4296875
517.0 4.7109375
518.0 4.828125
519.0 4.6640625
520.0 4.6015625
521.0 4.53125
522.0 5.0390625
523.0 5.1015625
524.0 4.78125
525.0 4.7734375
526.0 4.796875
527.0 4.5625
528.0 0.4921875
529.0 8.7421875
530.0 4.578125
531.0 4.5703125
532.0 4.6875
533.0 4.578125
534.0 4.59375
535.0 3.0546875
536.0 5.8125
537.0 4.1484375
538.0 4.984375
539.0 4.6640625
540.0 4.6875
541.0 4.3203125
542.0 5.0859375
543.0 4.5703125
544.0 4.7421875
545.0 4.546875
546.0 4.4453125
547.0 4.390625
548.0 4.203125
549.0 4.3515625
550.0 4.3515625
551.0 4.421875
552.0 4.6796875
553.0 4.59375
554.0 4.796875
555.0 4.5
556.0 0.328125
557.0 8.5625
558.0 4.8125
559.0 4.6015625
560.0 4.4765625
561.0 4.0
562.0 0.2265625
563.0 9.1953125
564.0 4.5
565.0 4.6875
566.0 4.8125
567.0 4.828125
568.0 4.59375
569.0 4.5703125
570.0 4.6953125
571.0 4.5
572.0 4.46875
573.0 4.3828125
574.0 5.0078125
575.0 4.828125
576.0 4.75
577.0 4.875
578.0 5.078125
579.0 4.6953125
580.0 4.65625
581.0 4.7578125
582.0 2.375
583.0 7.5546875
584.0 5.109375
585.0 5.0859375
586.0 4.921875
587.0 4.7734375
588.0 4.71875
589.0 4.6875
590.0 5.28125
591.0 5.140625
592.0 4.9453125
593.0 4.5625
594.0 4.7421875
595.0 0.765625
596.0 8.734375
597.0 4.6328125
598.0 4.59375
599.0 4.828125
