0.0 4.5703125
1.0 4.9453125
2.0 4.390625
3.0 4.6953125
4.0 3.8515625
5.0 4.921875
6.0 4.328125
7.0 4.5390625
8.0 4.5
9.0 4.59375
10.0 3.9375
11.0 1.734375
12.0 6.3515625
13.0 4.5625
14.0 4.625
15.0 4.796875
16.0 4.7578125
17.0 4.7265625
18.0 5.0234375
19.0 4.9921875
20.0 5.171875
21.0 4.8046875
22.0 4.5
23.0 2.1953125
24.0 6.703125
25.0 3.1796875
26.0 3.28125
27.0 2.8515625
28.0 5.5546875
29.0 4.921875
30.0 4.921875
31.0 4.6953125
32.0 4.78125
33.0 5.3125
34.0 4.3359375
35.0 3.703125
36.0 3.0859375
37.0 3.4921875
38.0 4.6015625
39.0 4.1328125
40.0 1.9375
41.0 0.0
42.0 7.90625
43.0 3.9375
44.0 3.625
45.0 4.3203125
46.0 3.5234375
47.0 0.375
48.0 5.046875
49.0 2.8359375
50.0 1.640625
51.0 2.6015625
52.0 4.0390625
53.0 4.71875
54.0 4.8984375
55.0 4.609375
56.0 4.328125
57.0 4.484375
58.0 4.2421875
59.0 4.2109375
60.0 3.921875
61.0 2.5234375
62.0 6.6015625
63.0 4.8984375
64.0 4.546875
65.0 4.2109375
66.0 3.6171875
67.0 0.5390625
68.0 8.765625
69.0 4.4765625
70.0 4.859375
71.0 4.859375
72.0 4.59375
73.0 4.265625
74.0 4.6796875
75.0 4.6640625
76.0 5.0078125
77.0 4.5390625
78.0 3.9453125
79.0 0.8828125
80.0 7.671875
81.0 4.6796875
82.0 4.5703125
83.0 4.625
84.0 4.421875
85.0 4.546875
86.0 4.578125
87.0 4.515625
88.0 4.1015625
89.0 4.25
90.0 4.53125
91.0 4.6328125
92.0 0.6015625
93.0 8.8828125
94.0 5.0546875
95.0 5.203125
96.0 5.078125
97.0 5.125
98.0 0.5078125
99.0 9.375
100.0 4.6796875
101.0 4.5078125
102.0 4.53125
103.0 4.6015625
104.0 4.515625
105.0 4.203125
106.0 4.5078125
107.0 4.9609375
108.0 4.78125
109.0 4.8671875
110.0 3.8046875
111.0 5.1328125
112.0 1.2890625
113.0 0.0
114.0 3.875
115.0 1.671875
116.0 3.734375
117.0 4.921875
118.0 4.7265625
119.0 4.8671875
120.0 4.7265625
121.0 4.0
122.0 2.4765625
123.0 0.3671875
124.0 1.1171875
125.0 6.3046875
126.0 4.609375
127.0 4.7578125
128.0 3.1171875
129.0 2.0078125
130.0 2.1875
131.0 3.4453125
132.0 4.484375
133.0 4.6328125
134.0 4.546875
135.0 4.5
136.0 4.8125
137.0 3.4921875
138.0 6.1484375
139.0 3.6953125
140.0 5.671875
141.0 4.03125
142.0 4.515625
143.0 4.46875
144.0 4.5703125
145.0 4.625
146.0 4.5390625
147.0 4.390625
148.0 4.5078125
149.0 4.5703125
150.0 4.6640625
151.0 3.8046875
152.0 5.3984375
153.0 4.625
154.0 4.59375
155.0 4.6015625
156.0 4.3828125
157.0 4.6953125
158.0 4.6015625
159.0 4.84375
160.0 5.0390625
161.0 4.796875
162.0 4.84375
163.0 4.8671875
164.0 4.0703125
165.0 5.7890625
166.0 4.84375
167.0 4.9921875
168.0 5.2734375
169.0 5.3046875
170.0 5.078125
171.0 1.0
172.0 6.421875
173.0 4.8984375
174.0 5.1953125
175.0 5.578125
176.0 5.53125
177.0 5.0078125
178.0 4.8671875
179.0 5.0234375
180.0 4.78125
181.0 4.9453125
182.0 5.15625
183.0 4.921875
184.0 3.1328125
185.0 6.7421875
186.0 4.84375
187.0 4.4453125
188.0 4.9453125
189.0 4.9296875
190.0 2.8671875
191.0 6.984375
192.0 4.5390625
193.0 5.0234375
194.0 4.9609375
195.0 4.890625
196.0 4.421875
197.0 4.6015625
198.0 3.0234375
199.0 2.5390625
200.0 4.1171875
201.0 2.4453125
202.0 6.0625
203.0 4.7109375
204.0 4.84375
205.0 4.6640625
206.0 4.59375
207.0 4.5078125
208.0 4.453125
209.0 4.4140625
210.0 3.90625
211.0 0.8515625
212.0 0.0
213.0 5.9609375
214.0 3.890625
215.0 5.234375
216.0 5.0546875
217.0 4.859375
218.0 4.875
219.0 4.8046875
220.0 1.0234375
221.0 7.9375
222.0 4.6953125
223.0 4.9296875
224.0 4.9765625
225.0 1.6171875
226.0 8.5390625
227.0 5.40625
228.0 5.234375
229.0 4.9765625
230.0 4.7265625
231.0 5.0390625
232.0 5.0546875
233.0 5.0234375
234.0 4.1328125
235.0 4.171875
236.0 4.890625
237.0 4.546875
238.0 0.0
239.0 9.0703125
240.0 4.65625
241.0 4.0703125
242.0 1.7578125
243.0 6.9765625
244.0 4.7109375
245.0 4.59375
246.0 4.8125
247.0 4.75
248.0 4.59375
249.0 4.59375
250.0 4.7109375
251.0 4.21875
252.0 4.7734375
253.0 4.953125
254.0 4.7578125
255.0 1.171875
256.0 9.2265625
257.0 3.8046875
258.0 5.9140625
259.0 4.6875
260.0 4.7109375
261.0 4.7421875
262.0 4.0234375
263.0 4.1875
264.0 4.3828125
265.0 4.953125
266.0 5.0078125
267.0 4.8984375
268.0 4.859375
269.0 3.8203125
270.0 5.828125
271.0 4.234375
272.0 4.6796875
273.0 4.7734375
274.0 5.0234375
275.0 4.859375
276.0 5.0703125
277.0 5.3046875
278.0 5.0234375
279.0 4.5078125
280.0 4.359375
281.0 4.625
282.0 1.1953125
283.0 8.625
284.0 4.75
285.0 3.578125
286.0 0.2109375
287.0 0.0
288.0 4.5078125
289.0 4.625
290.0 5.1328125
291.0 5.0859375
292.0 5.0703125
293.0 4.8671875
294.0 5.234375
295.0 4.6796875
296.0 4.6640625
297.0 3.7109375
298.0 5.7109375
299.0 5.0078125
300.0 4.921875
301.0 3.609375
302.0 5.40625
303.0 4.9453125
304.0 4.859375
305.0 5.125
306.0 4.8359375
307.0 4.6875
308.0 5.0546875
309.0 5.046875
310.0 5.28125
311.0 5.046875
312.0 4.90625
313.0 5.21875
314.0 5.0078125
315.0 2.015625
316.0 8.1328125
317.0 5.0859375
318.0 4.7734375
319.0 4.78125
320.0 0.8984375
321.0 5.96875
322.0 7.34375
323.0 4.859375
324.0 4.578125
325.0 4.546875
326.0 5.0546875
327.0 5.3515625
328.0 5.3125
329.0 5.4375
330.0 5.2734375
331.0 5.28125
332.0 5.015625
333.0 4.84375
334.0 3.9765625
335.0 5.578125
336.0 5.125
337.0 5.578125
338.0 5.421875
339.0 5.5625
340.0 5.3359375
341.0 2.1953125
342.0 8.1796875
343.0 4.921875
344.0 5.203125
345.0 5.1953125
346.0 5.125
347.0 4.7421875
348.0 5.0078125
349.0 4.984375
350.0 5.1328125
351.0 5.234375
352.0 5.109375
353.0 4.9296875
354.0 3.0390625
355.0 7.2265625
356.0 5.1640625
357.0 4.921875
358.0 5.3125
359.0 4.9609375
360.0 0.703125
361.0 9.078125
362.0 4.8359375
363.0 4.2421875
364.0 4.3828125
365.0 4.328125
366.0 4.53125
367.0 4.6015625
368.0 4.1796875
369.0 2.9296875
370.0 4.65625
371.0 4.7109375
372.0 4.203125
373.0 3.96875
374.0 3.96875
375.0 5.0234375
376.0 5.0546875
377.0 5.15625
378.0 4.75
379.0 4.9765625
380.0 4.984375
381.0 5.1328125
382.0 5.0078125
383.0 3.0859375
384.0 6.5078125
385.0 4.859375
386.0 2.015625
387.0 0.328125
388.0 0.0
389.0 6.171875
390.0 1.8046875
391.0 0.96875
392.0 1.359375
393.0 2.71875
394.0 2.6015625
395.0 2.390625
396.0 2.578125
397.0 2.5390625
398.0 3.2890625
399.0 4.6328125
400.0 4.6875
401.0 3.4296875
402.0 6.8671875
403.0 5.078125
404.0 5.34375
405.0 5.3828125
406.0 5.3046875
407.0 4.9765625
408.0 5.1328125
409.0 5.2890625
410.0 5.34375
411.0 5.1015625
412.0 5.0546875
413.0 4.7265625
414.0 0.1015625
415.0 9.3125
416.0 5.078125
417.0 4.6875
418.0 4.890625
419.0 4.78125
420.0 4.828125
421.0 4.6328125
422.0 4.453125
423.0 4.5625
424.0 5.109375
425.0 5.203125
426.0 5.15625
427.0 5.046875
428.0 5.125
429.0 5.0703125
430.0 3.203125
431.0 6.7734375
432.0 4.8046875
433.0 4.9609375
434.0 5.3125
435.0 5.0078125
436.0 4.546875
437.0 0.5703125
438.0 9.546875
439.0 5.484375
440.0 5.578125
441.0 5.765625
442.0 5.9296875
443.0 5.3828125
444.0 5.25
445.0 5.4296875
446.0 4.65625
447.0 4.796875
448.0 5.0078125
449.0 4.7109375
450.0 5.7265625
451.0 5.1328125
452.0 5.1640625
453.0 5.0078125
454.0 4.75
455.0 1.015625
456.0 9.1640625
457.0 5.25
458.0 4.859375
459.0 5.0546875
460.0 4.6796875
461.0 5.046875
462.0 4.8359375
463.0 5.078125
464.0 5.0546875
465.0 4.9921875
466.0 1.5859375
467.0 8.5078125
468.0 5.3515625
469.0 5.1015625
470.0 4.953125
471.0 4.921875
472.0 5.1875
473.0 5.171875
474.0 5.25
475.0 4.8984375
476.0 5.203125
477.0 5.3359375
478.0 4.8671875
479.0 5.5859375
480.0 5.2265625
481.0 5.1328125
482.0 5.3125
483.0 5.15625
484.0 3.7578125
485.0 6.5
486.0 5.140625
487.0 5.28125
488.0 5.3828125
489.0 2.8125
490.0 1.2265625
491.0 2.03125
492.0 4.984375
493.0 4.5703125
494.0 4.59375
495.0 0.65625
496.0 8.75
497.0 5.453125
498.0 5.3984375
499.0 5.484375
500.0 5.90625
501.0 5.4921875
502.0 5.40625
503.0 4.828125
504.0 2.5234375
505.0 6.703125
506.0 3.4921875
507.0 2.671875
508.0 1.5703125
509.0 0.6328125
510.0 1.359375
511.0 4.0390625
512.0 4.7421875
513.0 4.953125
514.0 4.0
515.0 0.4609375
516.0 9.4296875
517.0 5.0078125
518.0 5.40625
519.0 4.2421875
520.0 6.65625
521.0 4.0234375
522.0 6.515625
523.0 5.0546875
524.0 4.921875
525.0 2.046875
526.0 1.109375
527.0 1.8828125
528.0 1.359375
529.0 2.6640625
530.0 2.4921875
531.0 1.7890625
532.0 1.984375
533.0 2.0859375
534.0 1.0859375
535.0 0.5546875
536.0 0.546875
537.0 0.0
538.0 6.0
539.0 4.9453125
540.0 4.9609375
541.0 4.9921875
542.0 5.0859375
543.0 5.4296875
544.0 5.578125
545.0 5.3203125
546.0 4.6015625
547.0 4.8125
548.0 4.984375
549.0 5.1328125
550.0 5.2265625
551.0 0.8828125
552.0 7.28125
553.0 5.2578125
554.0 5.046875
555.0 5.125
556.0 4.6953125
557.0 4.2734375
558.0 0.2890625
559.0 9.75
560.0 5.34375
561.0 5.0078125
562.0 4.3515625
563.0 4.6640625
564.0 4.609375
565.0 4.9921875
566.0 4.8125
567.0 5.109375
568.0 4.9609375
569.0 5.046875
570.0 4.0859375
571.0 6.4140625
572.0 5.0703125
573.0 4.8671875
574.0 5.2265625
575.0 5.109375
576.0 5.3203125
577.0 0.2109375
578.0 9.84375
579.0 5.0078125
580.0 4.921875
581.0 4.7265625
582.0 4.7265625
583.0 4.0625
584.0 3.7578125
585.0 4.5390625
586.0 4.8671875
587.0 4.8125
588.0 4.3984375
589.0 0.46875
590.0 8.6484375
591.0 4.7734375
592.0 4.7578125
593.0 4.859375
594.0 4.78125
595.0 1.1328125
596.0 8.2109375
597.0 5.203125
598.0 5.0234375
599.0 4.4453125
