0.0 9.96875
1.0 9.2109375
2.0 9.921875
3.0 9.90625
4.0 10.3515625
5.0 9.890625
6.0 9.8125
7.0 10.0703125
8.0 9.671875
9.0 9.8046875
10.0 9.8203125
11.0 9.953125
12.0 9.8046875
13.0 9.921875
14.0 10.2265625
15.0 9.8515625
16.0 9.6875
17.0 9.8984375
18.0 9.65625
19.0 9.4921875
20.0 9.5703125
21.0 9.7265625
22.0 9.8515625
23.0 9.984375
24.0 9.8671875
25.0 9.65625
26.0 9.8671875
27.0 9.7734375
28.0 9.75
29.0 9.6875
30.0 9.953125
31.0 9.59375
32.0 9.5390625
33.0 9.7265625
34.0 10.28125
35.0 9.28125
36.0 9.7265625
37.0 9.5234375
38.0 9.4609375
39.0 10.015625
40.0 10.1796875
41.0 9.6875
42.0 5.859375
43.0 13.3828125
44.0 7.8828125
45.0 8.4921875
46.0 9.90625
47.0 9.609375
48.0 9.984375
49.0 9.296875
50.0 10.109375
51.0 10.109375
52.0 9.9296875
53.0 9.8984375
54.0 10.265625
55.0 9.7890625
56.0 9.90625
57.0 9.640625
58.0 10.046875
59.0 10.0859375
60.0 10.0
61.0 9.9609375
62.0 9.984375
63.0 9.59375
64.0 9.78125
65.0 9.875
66.0 9.65625
67.0 10.109375
68.0 9.8359375
69.0 9.9921875
70.0 9.9375
71.0 9.921875
72.0 10.0234375
73.0 9.953125
74.0 9.9296875
75.0 10.21875
76.0 9.6640625
77.0 10.4453125
78.0 10.0
79.0 9.890625
80.0 10.109375
81.0 9.9921875
82.0 9.9375
83.0 10.078125
84.0 9.71875
85.0 9.9375
86.0 9.9921875
87.0 10.0
88.0 10.03125
89.0 9.8515625
90.0 9.7578125
91.0 10.0859375
92.0 9.9375
93.0 9.8046875
94.0 9.90625
95.0 9.9296875
96.0 9.703125
97.0 9.7890625
98.0 9.8359375
99.0 9.703125
100.0 9.453125
101.0 9.7265625
102.0 9.8515625
103.0 9.5390625
104.0 8.859375
105.0 9.3046875
106.0 9.6953125
107.0 9.6875
108.0 9.625
109.0 9.71875
110.0 4.875
111.0 14.5234375
112.0 9.78125
113.0 9.5234375
114.0 9.6875
115.0 9.953125
116.0 9.875
117.0 9.5390625
118.0 9.78125
119.0 9.453125
120.0 10.328125
121.0 9.8671875
122.0 9.7265625
123.0 9.6640625
124.0 9.8515625
125.0 10.0703125
126.0 9.84375
127.0 9.90625
128.0 10.109375
129.0 9.484375
130.0 10.296875
131.0 9.78125
132.0 10.2265625
133.0 9.5703125
134.0 9.6640625
135.0 9.703125
136.0 10.0703125
137.0 9.7890625
138.0 9.8125
139.0 9.5234375
140.0 9.7265625
141.0 9.8359375
142.0 9.890625
143.0 5.203125
144.0 15.03125
145.0 9.296875
146.0 10.28125
147.0 9.7578125
148.0 9.9609375
149.0 9.921875
150.0 9.7734375
151.0 9.9375
152.0 9.375
153.0 9.7578125
154.0 10.0
155.0 9.6328125
156.0 9.7421875
157.0 9.953125
158.0 9.546875
159.0 5.203125
160.0 14.40625
161.0 9.96875
162.0 9.4453125
163.0 9.4140625
164.0 9.7265625
165.0 9.7734375
166.0 9.7890625
167.0 9.25
168.0 9.453125
169.0 9.359375
170.0 9.4609375
171.0 9.671875
172.0 9.71875
173.0 9.6640625
174.0 9.625
175.0 9.875
176.0 9.6953125
177.0 9.4609375
178.0 9.9296875
179.0 9.8515625
180.0 9.8515625
181.0 9.8671875
182.0 9.8515625
183.0 9.609375
184.0 10.015625
185.0 9.578125
186.0 10.0703125
187.0 9.6328125
188.0 10.046875
189.0 9.7734375
190.0 9.5078125
191.0 9.6328125
192.0 9.9296875
193.0 9.5546875
194.0 9.90625
195.0 10.1484375
196.0 9.8515625
197.0 9.9296875
198.0 9.75
199.0 9.7734375
200.0 9.9296875
201.0 10.1953125
202.0 9.9375
203.0 10.1796875
204.0 10.2265625
205.0 9.9921875
206.0 10.140625
207.0 9.8515625
208.0 10.140625
209.0 10.0859375
210.0 10.109375
211.0 9.7890625
212.0 10.1171875
213.0 10.03125
214.0 9.9609375
215.0 9.8984375
216.0 9.7890625
217.0 7.640625
218.0 11.78125
219.0 9.71875
220.0 9.96875
221.0 10.0859375
222.0 9.921875
223.0 5.4375
224.0 13.9609375
225.0 9.9296875
226.0 9.890625
227.0 9.78125
228.0 8.984375
229.0 9.453125
230.0 9.21875
231.0 10.03125
232.0 9.8046875
233.0 10.03125
234.0 9.8203125
235.0 9.8359375
236.0 9.7265625
237.0 9.59375
238.0 9.1640625
239.0 9.5390625
240.0 8.2890625
241.0 11.28125
242.0 9.8984375
243.0 9.71875
244.0 9.8203125
245.0 9.6015625
246.0 10.1171875
247.0 9.2265625
248.0 9.78125
249.0 10.0546875
250.0 9.84375
251.0 10.21875
252.0 9.96875
253.0 9.8515625
254.0 10.1484375
255.0 9.625
256.0 9.96875
257.0 10.1328125
258.0 9.6015625
259.0 9.8125
260.0 9.8125
261.0 9.6953125
262.0 10.234375
263.0 9.7578125
264.0 9.265625
265.0 9.015625
266.0 9.7890625
267.0 9.71875
268.0 9.75
269.0 10.1015625
270.0 9.9375
271.0 10.0703125
272.0 9.703125
273.0 9.9609375
274.0 9.78125
275.0 9.8046875
276.0 9.8203125
277.0 9.96875
278.0 10.1640625
279.0 9.96875
280.0 10.0859375
281.0 9.78125
282.0 10.046875
283.0 9.7421875
284.0 10.015625
285.0 9.9921875
286.0 9.8046875
287.0 10.0234375
288.0 9.890625
289.0 9.9609375
290.0 9.5703125
291.0 10.0234375
292.0 9.8671875
293.0 9.8125
294.0 10.0234375
295.0 10.1015625
296.0 9.625
297.0 10.1640625
298.0 9.6015625
299.0 9.96875
300.0 9.75
301.0 9.6875
302.0 9.671875
303.0 10.0546875
304.0 9.6875
305.0 9.65625
306.0 9.96875
307.0 9.3671875
308.0 9.4140625
309.0 9.6015625
310.0 10.1953125
311.0 9.546875
312.0 6.109375
313.0 13.1171875
314.0 9.984375
315.0 9.7734375
316.0 10.015625
317.0 7.28125
318.0 12.546875
319.0 9.8125
320.0 10.1953125
321.0 10.0234375
322.0 9.7578125
323.0 9.8671875
324.0 9.9609375
325.0 9.7890625
326.0 10.1484375
327.0 10.140625
328.0 10.046875
329.0 9.96875
330.0 7.6328125
331.0 12.2578125
332.0 10.0703125
333.0 9.96875
334.0 9.671875
335.0 9.7734375
336.0 10.234375
337.0 9.8125
338.0 10.0703125
339.0 9.8125
340.0 10.0546875
341.0 9.984375
342.0 10.2578125
343.0 9.890625
344.0 9.96875
345.0 10.140625
346.0 9.5078125
347.0 10.1796875
348.0 10.1953125
349.0 10.0
350.0 6.2109375
351.0 13.6171875
352.0 9.9921875
353.0 9.59375
354.0 9.8203125
355.0 9.578125
356.0 10.25
357.0 9.921875
358.0 9.6953125
359.0 9.703125
360.0 10.171875
361.0 10.171875
362.0 9.7734375
363.0 9.2421875
364.0 9.65625
365.0 9.4921875
366.0 9.84375
367.0 10.234375
368.0 9.6875
369.0 9.5078125
370.0 9.8046875
371.0 9.7890625
372.0 4.9296875
373.0 14.7265625
374.0 9.7890625
375.0 9.8125
376.0 9.7734375
377.0 9.4921875
378.0 9.953125
379.0 10.0
380.0 9.8359375
381.0 9.6015625
382.0 9.75
383.0 10.1015625
384.0 9.96875
385.0 9.8984375
386.0 10.046875
387.0 9.5546875
388.0 9.703125
389.0 9.7578125
390.0 9.90625
391.0 9.890625
392.0 9.8203125
393.0 9.84375
394.0 9.9296875
395.0 9.8984375
396.0 9.515625
397.0 10.296875
398.0 10.0
399.0 9.6640625
400.0 9.7265625
401.0 7.3984375
402.0 11.2109375
403.0 9.2734375
404.0 9.1015625
405.0 9.125
406.0 8.953125
407.0 9.125
408.0 9.03125
409.0 9.3125
410.0 9.1328125
411.0 9.2109375
412.0 9.25
413.0 9.0
414.0 8.984375
415.0 8.8046875
416.0 8.8828125
417.0 8.65625
418.0 9.015625
419.0 9.0625
420.0 9.0625
421.0 9.1171875
422.0 8.9765625
423.0 9.015625
424.0 8.8203125
425.0 9.1171875
426.0 8.8984375
427.0 9.0390625
428.0 8.828125
429.0 8.796875
430.0 8.984375
431.0 5.3671875
432.0 4.890625
433.0 5.453125
434.0 7.8515625
435.0 8.5625
436.0 8.6796875
437.0 8.6875
438.0 8.5625
439.0 8.5078125
440.0 8.4140625
441.0 8.3203125
442.0 8.4453125
443.0 8.6875
444.0 8.671875
445.0 8.5
446.0 8.828125
447.0 8.984375
448.0 8.921875
449.0 9.03125
450.0 9.125
451.0 9.1796875
452.0 8.984375
453.0 8.8203125
454.0 9.0625
455.0 8.859375
456.0 8.9375
457.0 8.8984375
458.0 8.9140625
459.0 9.0625
460.0 8.984375
461.0 8.7890625
462.0 9.03125
463.0 9.15625
464.0 9.03125
465.0 9.265625
466.0 9.84375
467.0 9.953125
468.0 9.921875
469.0 9.9609375
470.0 10.109375
471.0 9.609375
472.0 10.1953125
473.0 9.8515625
474.0 10.109375
475.0 10.109375
476.0 10.1328125
477.0 9.8046875
478.0 9.9609375
479.0 10.0
480.0 9.8984375
481.0 9.8125
482.0 10.109375
483.0 9.8046875
484.0 9.8359375
485.0 9.7578125
486.0 9.7421875
487.0 9.8125
488.0 9.96875
489.0 9.9609375
490.0 10.046875
491.0 9.8671875
492.0 9.984375
493.0 9.375
494.0 9.5078125
495.0 5.9765625
496.0 12.7421875
497.0 9.2734375
498.0 9.59375
499.0 9.4609375
500.0 9.453125
501.0 9.609375
502.0 9.546875
503.0 9.6875
504.0 9.484375
505.0 9.6328125
506.0 9.453125
507.0 9.359375
508.0 9.1484375
509.0 9.21875
510.0 9.4296875
511.0 9.7734375
512.0 9.703125
513.0 9.7265625
514.0 9.609375
515.0 9.8515625
516.0 9.59375
517.0 9.8125
518.0 9.375
519.0 10.25
520.0 10.1328125
521.0 10.265625
522.0 10.21875
523.0 9.921875
524.0 9.9375
525.0 9.9375
526.0 9.59375
527.0 9.75
528.0 9.8515625
529.0 9.8203125
530.0 8.75
531.0 11.3046875
532.0 9.8515625
533.0 9.8125
534.0 10.015625
535.0 9.7265625
536.0 9.9609375
537.0 10.0234375
538.0 10.0234375
539.0 9.921875
540.0 9.71875
541.0 9.8515625
542.0 10.2578125
543.0 9.875
544.0 9.9609375
545.0 9.5703125
546.0 9.96875
547.0 9.7890625
548.0 10.0234375
549.0 10.0859375
550.0 9.7890625
551.0 9.9375
552.0 9.5546875
553.0 10.015625
554.0 9.7578125
555.0 9.90625
556.0 9.484375
557.0 9.9921875
558.0 9.953125
559.0 9.75
560.0 9.453125
561.0 9.3671875
562.0 9.8203125
563.0 9.71875
564.0 9.59375
565.0 9.125
566.0 9.4140625
567.0 9.921875
568.0 9.7578125
569.0 8.5234375
570.0 10.5546875
571.0 9.703125
572.0 5.5234375
573.0 13.4765625
574.0 9.5390625
575.0 9.8359375
576.0 9.4140625
577.0 9.7421875
578.0 9.515625
579.0 9.703125
580.0 9.5703125
581.0 9.6953125
582.0 9.7265625
583.0 10.0859375
584.0 9.9296875
585.0 9.875
586.0 9.96875
587.0 9.8515625
588.0 9.6328125
589.0 10.078125
590.0 9.8203125
591.0 9.8984375
592.0 9.84375
593.0 4.0390625
594.0 14.25
595.0 10.203125
596.0 9.9609375
597.0 10.1953125
598.0 10.1796875
599.0 10.015625
