0.0 0.8125
1.0 1.71875
2.0 2.015625
3.0 1.5078125
4.0 1.796875
5.0 1.328125
6.0 0.6640625
7.0 1.046875
8.0 1.859375
9.0 0.0
10.0 4.90625
11.0 1.8671875
12.0 1.984375
13.0 2.8671875
14.0 2.8671875
15.0 2.453125
16.0 1.359375
17.0 0.0
18.0 6.1875
19.0 1.5078125
20.0 1.8671875
21.0 1.8671875
22.0 1.359375
23.0 1.59375
24.0 1.5
25.0 0.9453125
26.0 2.1171875
27.0 2.671875
28.0 2.8984375
29.0 2.5078125
30.0 0.703125
31.0 6.8984375
32.0 6.09375
33.0 4.203125
34.0 6.5078125
35.0 4.4140625
36.0 6.8984375
37.0 5.15625
38.0 4.484375
39.0 4.5390625
40.0 5.5
41.0 5.078125
42.0 5.546875
43.0 4.609375
44.0 5.421875
45.0 4.7265625
46.0 5.0546875
47.0 5.1640625
48.0 5.6015625
49.0 5.421875
50.0 4.890625
51.0 4.828125
52.0 4.6875
53.0 4.0625
54.0 6.171875
55.0 4.3359375
56.0 6.3359375
57.0 3.4765625
58.0 6.53125
59.0 5.5546875
60.0 5.5625
61.0 5.46875
62.0 5.6484375
63.0 5.875
64.0 5.6171875
65.0 5.9921875
66.0 5.6484375
67.0 5.4609375
68.0 5.890625
69.0 5.859375
70.0 4.8359375
71.0 2.6875
72.0 7.78125
73.0 5.2265625
74.0 5.9296875
75.0 4.9453125
76.0 7.25
77.0 5.3359375
78.0 4.9296875
79.0 5.1328125
80.0 5.234375
81.0 4.875
82.0 4.6640625
83.0 5.515625
84.0 5.171875
85.0 4.53125
86.0 4.78125
87.0 5.5234375
88.0 6.3359375
89.0 4.3828125
90.0 8.2734375
91.0 5.9296875
92.0 5.7109375
93.0 1.3203125
94.0 10.4453125
95.0 6.2421875
96.0 6.2578125
97.0 6.0859375
98.0 5.828125
99.0 6.171875
100.0 6.2109375
101.0 6.4453125
102.0 6.65625
103.0 6.46875
104.0 6.1171875
105.0 5.3828125
106.0 2.1171875
107.0 9.4453125
108.0 5.734375
109.0 5.84375
110.0 5.3828125
111.0 2.421875
112.0 10.140625
113.0 6.2265625
114.0 6.125
115.0 5.6015625
116.0 5.75
117.0 5.875
118.0 5.9375
119.0 6.2421875
120.0 7.3203125
121.0 5.6484375
122.0 4.4140625
123.0 1.6171875
124.0 8.6875
125.0 6.2734375
126.0 6.859375
127.0 6.359375
128.0 6.65625
129.0 7.078125
130.0 6.9765625
131.0 7.0703125
132.0 6.796875
133.0 6.3828125
134.0 6.2890625
135.0 5.2890625
136.0 0.3359375
137.0 6.2109375
138.0 6.859375
139.0 6.703125
140.0 6.0546875
141.0 1.953125
142.0 8.921875
143.0 7.109375
144.0 7.125
145.0 7.1015625
146.0 7.1328125
147.0 7.1640625
148.0 6.5703125
149.0 6.71875
150.0 6.4140625
151.0 2.7421875
152.0 2.03125
153.0 2.4453125
154.0 2.8046875
155.0 5.2890625
156.0 5.5
157.0 5.3984375
158.0 6.1796875
159.0 5.4921875
160.0 3.34375
161.0 6.53125
162.0 6.3359375
163.0 7.109375
164.0 5.9140625
165.0 6.5859375
166.0 6.6171875
167.0 6.421875
168.0 6.8046875
169.0 5.6484375
170.0 8.734375
171.0 6.9453125
172.0 6.171875
173.0 4.09375
174.0 3.4296875
175.0 3.6953125
176.0 3.734375
177.0 3.9765625
178.0 6.6875
179.0 6.4765625
180.0 6.203125
181.0 3.375
182.0 8.375
183.0 7.3125
184.0 6.6796875
185.0 3.953125
186.0 3.9765625
187.0 5.578125
188.0 5.3984375
189.0 4.9453125
190.0 6.2578125
191.0 6.8046875
192.0 7.1953125
193.0 7.25
194.0 5.484375
195.0 0.9375
196.0 11.203125
197.0 6.53125
198.0 5.515625
199.0 5.0859375
200.0 6.5546875
201.0 0.5390625
202.0 0.703125
203.0 0.0
204.0 0.0
205.0 7.515625
206.0 6.2421875
207.0 5.3671875
208.0 8.5546875
209.0 5.3671875
210.0 8.7109375
211.0 7.015625
212.0 6.921875
213.0 4.578125
214.0 8.5390625
215.0 7.21875
216.0 7.421875
217.0 5.515625
218.0 8.5
219.0 6.78125
220.0 5.6953125
221.0 5.4609375
222.0 4.875
223.0 4.359375
224.0 4.0859375
225.0 4.5
226.0 4.21875
227.0 3.515625
228.0 4.1328125
229.0 4.828125
230.0 5.6796875
231.0 7.1953125
232.0 3.9140625
233.0 10.2578125
234.0 6.296875
235.0 6.15625
236.0 6.40625
237.0 5.125
238.0 9.0390625
239.0 4.9609375
240.0 8.171875
241.0 7.4296875
242.0 7.1328125
243.0 7.2890625
244.0 5.5859375
245.0 7.2734375
246.0 7.2890625
247.0 7.6171875
248.0 6.9140625
249.0 4.21875
250.0 5.2578125
251.0 7.453125
252.0 7.078125
253.0 7.4921875
254.0 3.4140625
255.0 10.796875
256.0 3.234375
257.0 10.734375
258.0 7.2734375
259.0 6.9453125
260.0 6.2890625
261.0 7.2421875
262.0 6.890625
263.0 6.9140625
264.0 2.8515625
265.0 1.6484375
266.0 3.8828125
267.0 6.3828125
268.0 6.8359375
269.0 6.953125
270.0 2.9296875
271.0 9.03125
272.0 7.140625
273.0 6.9296875
274.0 7.2421875
275.0 6.8984375
276.0 6.796875
277.0 6.625
278.0 7.2109375
279.0 6.859375
280.0 6.921875
281.0 6.8984375
282.0 7.375
283.0 7.453125
284.0 7.1953125
285.0 7.3046875
286.0 2.8046875
287.0 10.1015625
288.0 7.15625
289.0 7.3203125
290.0 7.1953125
291.0 7.5859375
292.0 7.8828125
293.0 6.0390625
294.0 6.09375
295.0 7.734375
296.0 7.6328125
297.0 6.9609375
298.0 7.1953125
299.0 7.046875
300.0 7.1328125
301.0 7.3203125
302.0 7.3125
303.0 7.25
304.0 2.1640625
305.0 12.203125
306.0 7.3046875
307.0 6.1484375
308.0 8.984375
309.0 7.1796875
310.0 7.1953125
311.0 6.859375
312.0 7.2734375
313.0 6.5
314.0 6.3359375
315.0 6.234375
316.0 6.40625
317.0 5.4375
318.0 4.6015625
319.0 2.09375
320.0 8.8515625
321.0 4.484375
322.0 5.0390625
323.0 4.28125
324.0 4.59375
325.0 4.4296875
326.0 4.8125
327.0 1.765625
328.0 0.0
329.0 6.9921875
330.0 0.03125
331.0 2.7578125
332.0 3.53125
333.0 3.625
334.0 4.9296875
335.0 4.65625
336.0 4.5390625
337.0 6.15625
338.0 6.2421875
339.0 5.3203125
340.0 5.8828125
341.0 5.734375
342.0 4.546875
343.0 5.515625
344.0 3.5625
345.0 3.703125
346.0 5.5234375
347.0 3.1171875
348.0 0.5859375
349.0 6.40625
350.0 4.6328125
351.0 3.1953125
352.0 3.109375
353.0 3.1796875
354.0 4.65625
355.0 4.3828125
356.0 3.078125
357.0 2.640625
358.0 3.7421875
359.0 2.890625
360.0 2.59375
361.0 2.7109375
362.0 3.875
363.0 4.171875
364.0 3.2890625
365.0 3.8828125
366.0 3.40625
367.0 0.0
368.0 8.1328125
369.0 5.703125
370.0 5.9609375
371.0 6.7734375
372.0 7.25
373.0 6.625
374.0 6.6875
375.0 7.2578125
376.0 6.6484375
377.0 3.375
378.0 0.0
379.0 0.0
380.0 8.1640625
381.0 6.796875
382.0 6.765625
383.0 5.0234375
384.0 5.484375
385.0 6.5859375
386.0 7.2578125
387.0 4.1875
388.0 8.1484375
389.0 3.875
390.0 3.4609375
391.0 3.515625
392.0 2.8046875
393.0 1.4375
394.0 4.3828125
395.0 7.21875
396.0 3.25
397.0 1.7890625
398.0 2.0390625
399.0 2.1484375
400.0 2.4453125
401.0 7.4375
402.0 6.75
403.0 6.8125
404.0 6.7109375
405.0 6.6015625
406.0 7.453125
407.0 7.1015625
408.0 6.9140625
409.0 7.34375
410.0 7.046875
411.0 7.015625
412.0 6.890625
413.0 6.9140625
414.0 3.65625
415.0 9.5546875
416.0 6.2421875
417.0 7.046875
418.0 7.140625
419.0 2.4296875
420.0 11.625
421.0 7.1328125
422.0 7.03125
423.0 6.65625
424.0 6.4453125
425.0 5.109375
426.0 5.578125
427.0 6.2421875
428.0 5.9140625
429.0 6.6171875
430.0 7.0078125
431.0 6.5390625
432.0 6.6171875
433.0 5.5625
434.0 5.9921875
435.0 6.4375
436.0 6.5078125
437.0 6.2265625
438.0 7.1015625
439.0 6.8359375
440.0 6.6640625
441.0 5.375
442.0 8.234375
443.0 7.2578125
444.0 7.2890625
445.0 5.4609375
446.0 8.234375
447.0 6.171875
448.0 9.5234375
449.0 7.9609375
450.0 7.65625
451.0 7.640625
452.0 8.5625
453.0 7.3984375
454.0 8.984375
455.0 8.3828125
456.0 8.390625
457.0 8.0625
458.0 7.90625
459.0 8.53125
460.0 8.5390625
461.0 8.8203125
462.0 8.828125
463.0 8.75
464.0 8.46875
465.0 7.9296875
466.0 7.6328125
467.0 6.203125
468.0 10.109375
469.0 7.8125
470.0 7.8359375
471.0 5.96875
472.0 2.03125
473.0 10.6796875
474.0 7.125
475.0 7.359375
476.0 7.15625
477.0 7.2421875
478.0 7.6875
479.0 7.609375
480.0 6.171875
481.0 4.453125
482.0 5.125
483.0 6.109375
484.0 7.453125
485.0 6.4375
486.0 9.6328125
487.0 6.0234375
488.0 9.375
489.0 6.9921875
490.0 7.0078125
491.0 6.6328125
492.0 6.6796875
493.0 6.6875
494.0 7.2734375
495.0 6.0
496.0 8.5
497.0 7.3203125
498.0 6.9453125
499.0 6.8359375
500.0 7.078125
501.0 6.5078125
502.0 6.515625
503.0 6.828125
504.0 4.7109375
505.0 6.8125
506.0 4.4765625
507.0 5.2890625
508.0 6.296875
509.0 5.515625
510.0 5.7578125
511.0 6.3671875
512.0 5.9609375
513.0 5.9921875
514.0 5.6171875
515.0 5.703125
516.0 5.46875
517.0 6.5859375
518.0 6.4453125
519.0 0.515625
520.0 11.0703125
521.0 5.28125
522.0 1.8203125
523.0 9.8671875
524.0 6.953125
525.0 6.5859375
526.0 6.75
527.0 6.5
528.0 6.921875
529.0 6.5546875
530.0 6.8359375
531.0 6.8125
532.0 6.6796875
533.0 6.4765625
534.0 4.1015625
535.0 9.21875
536.0 6.1484375
537.0 6.1484375
538.0 6.390625
539.0 6.6015625
540.0 6.1796875
541.0 6.53125
542.0 6.46875
543.0 6.390625
544.0 6.59375
545.0 6.78125
546.0 6.421875
547.0 1.1796875
548.0 10.2265625
549.0 5.53125
550.0 5.734375
551.0 5.6796875
552.0 1.5546875
553.0 10.21875
554.0 6.8984375
555.0 5.421875
556.0 6.296875
557.0 5.9296875
558.0 5.78125
559.0 6.2890625
560.0 6.3359375
561.0 6.1875
562.0 6.1484375
563.0 5.9921875
564.0 3.671875
565.0 3.5546875
566.0 6.234375
567.0 6.5859375
568.0 0.9375
569.0 10.4453125
570.0 8.34375
571.0 5.6953125
572.0 8.796875
573.0 5.3984375
574.0 7.75
575.0 6.7109375
576.0 6.65625
577.0 6.7734375
578.0 6.796875
579.0 7.125
580.0 6.703125
581.0 6.5
582.0 6.0078125
583.0 6.3203125
584.0 5.2265625
585.0 5.84375
586.0 5.46875
587.0 4.1171875
588.0 1.015625
589.0 6.9453125
590.0 5.5859375
591.0 5.8125
592.0 6.71875
593.0 4.8046875
594.0 5.3046875
595.0 6.6484375
596.0 6.453125
597.0 2.75
598.0 3.953125
599.0 5.5
