0.0 2.6640625
1.0 10.734375
2.0 6.65625
3.0 6.78125
4.0 6.7421875
5.0 6.84375
6.0 7.0703125
7.0 6.921875
8.0 6.9921875
9.0 6.84375
10.0 6.8984375
11.0 7.1875
12.0 6.703125
13.0 7.078125
14.0 6.9921875
15.0 7.2578125
16.0 6.8125
17.0 7.03125
18.0 7.1953125
19.0 6.6328125
20.0 1.7109375
21.0 11.921875
22.0 6.890625
23.0 7.09375
24.0 6.859375
25.0 3.375
26.0 10.5
27.0 7.1015625
28.0 6.9921875
29.0 6.9296875
30.0 6.984375
31.0 7.03125
32.0 6.8671875
33.0 3.4765625
34.0 10.3828125
35.0 6.484375
36.0 7.25
37.0 7.125
38.0 6.8359375
39.0 7.2109375
40.0 6.828125
41.0 7.1953125
42.0 7.1328125
43.0 7.0390625
44.0 7.125
45.0 6.7421875
46.0 2.625
47.0 11.3671875
48.0 7.015625
49.0 7.0625
50.0 7.1328125
51.0 6.890625
52.0 5.5625
53.0 8.296875
54.0 4.6015625
55.0 8.75
56.0 7.125
57.0 6.796875
58.0 6.9296875
59.0 7.0078125
60.0 7.09375
61.0 7.0703125
62.0 6.8046875
63.0 6.7109375
64.0 6.78125
65.0 6.8359375
66.0 6.6328125
67.0 6.9140625
68.0 6.65625
69.0 6.71875
70.0 6.7734375
71.0 6.78125
72.0 6.7734375
73.0 6.5703125
74.0 6.78125
75.0 6.6015625
76.0 6.796875
77.0 6.9296875
78.0 6.6875
79.0 6.734375
80.0 6.765625
81.0 6.8125
82.0 6.8359375
83.0 6.9765625
84.0 7.0078125
85.0 4.921875
86.0 8.4140625
87.0 7.078125
88.0 7.09375
89.0 6.8359375
90.0 6.9921875
91.0 6.6796875
92.0 7.0703125
93.0 6.859375
94.0 7.15625
95.0 6.9921875
96.0 6.8046875
97.0 6.84375
98.0 7.0625
99.0 6.9296875
100.0 6.71875
101.0 7.0078125
102.0 7.0390625
103.0 6.8984375
104.0 6.921875
105.0 6.703125
106.0 6.9453125
107.0 6.8828125
108.0 3.203125
109.0 11.1015625
110.0 6.7421875
111.0 6.78125
112.0 7.375
113.0 6.8984375
114.0 7.0625
115.0 6.8828125
116.0 7.0390625
117.0 6.6640625
118.0 6.78125
119.0 6.8984375
120.0 6.8125
121.0 3.109375
122.0 10.0
123.0 6.765625
124.0 6.625
125.0 4.3359375
126.0 10.046875
127.0 6.8984375
128.0 6.7734375
129.0 6.65625
130.0 6.7109375
131.0 6.8359375
132.0 6.5703125
133.0 6.515625
134.0 6.484375
135.0 6.6640625
136.0 6.078125
137.0 4.4140625
138.0 8.1796875
139.0 6.4765625
140.0 6.3359375
141.0 6.5078125
142.0 6.390625
143.0 6.5390625
144.0 6.2421875
145.0 2.71875
146.0 9.921875
147.0 6.2421875
148.0 6.140625
149.0 6.4375
150.0 6.5
151.0 6.5625
152.0 6.484375
153.0 6.796875
154.0 6.71875
155.0 6.9296875
156.0 6.84375
157.0 6.390625
158.0 6.828125
159.0 6.8828125
160.0 7.015625
161.0 6.8671875
162.0 6.9609375
163.0 7.1015625
164.0 6.8984375
165.0 6.828125
166.0 7.1640625
167.0 7.21875
168.0 7.0625
169.0 6.859375
170.0 6.796875
171.0 2.1328125
172.0 11.4453125
173.0 6.6640625
174.0 6.765625
175.0 6.5625
176.0 6.2265625
177.0 7.3359375
178.0 6.984375
179.0 6.9765625
180.0 6.953125
181.0 6.6484375
182.0 7.109375
183.0 7.0703125
184.0 3.3203125
185.0 10.6953125
186.0 6.734375
187.0 3.9453125
188.0 9.578125
189.0 5.046875
190.0 8.34375
191.0 6.9140625
192.0 6.6171875
193.0 6.78125
194.0 6.71875
195.0 6.5546875
196.0 6.5625
197.0 6.7109375
198.0 6.5546875
199.0 6.734375
200.0 6.8359375
201.0 6.765625
202.0 6.703125
203.0 6.5078125
204.0 6.53125
205.0 6.625
206.0 4.328125
207.0 8.5078125
208.0 6.6875
209.0 6.390625
210.0 2.3046875
211.0 11.1015625
212.0 6.3359375
213.0 6.5625
214.0 6.75
215.0 6.5390625
216.0 6.6796875
217.0 6.7421875
218.0 6.78125
219.0 6.7421875
220.0 6.84375
221.0 6.6328125
222.0 6.53125
223.0 3.859375
224.0 9.703125
225.0 7.140625
226.0 6.9140625
227.0 6.78125
228.0 6.625
229.0 6.765625
230.0 6.921875
231.0 6.8125
232.0 6.953125
233.0 7.1875
234.0 7.2578125
235.0 7.015625
236.0 7.1953125
237.0 7.2578125
238.0 7.15625
239.0 7.1640625
240.0 2.6640625
241.0 11.625
242.0 7.390625
243.0 7.0390625
244.0 6.8125
245.0 7.109375
246.0 6.9765625
247.0 7.078125
248.0 6.984375
249.0 7.2265625
250.0 6.984375
251.0 6.9296875
252.0 6.84375
253.0 6.6875
254.0 7.046875
255.0 6.9765625
256.0 6.734375
257.0 6.6796875
258.0 6.796875
259.0 7.09375
260.0 7.03125
261.0 6.6875
262.0 6.703125
263.0 6.7109375
264.0 6.8359375
265.0 6.6484375
266.0 2.046875
267.0 11.5625
268.0 6.984375
269.0 6.8828125
270.0 3.703125
271.0 9.6328125
272.0 6.65625
273.0 7.0078125
274.0 6.6640625
275.0 6.828125
276.0 6.6015625
277.0 6.5546875
278.0 6.53125
279.0 6.59375
280.0 6.484375
281.0 6.390625
282.0 6.5703125
283.0 6.3671875
284.0 6.71875
285.0 6.3203125
286.0 5.6171875
287.0 5.9453125
288.0 6.1796875
289.0 6.5859375
290.0 6.765625
291.0 6.5859375
292.0 6.65625
293.0 6.6796875
294.0 6.7734375
295.0 6.6875
296.0 6.5859375
297.0 6.265625
298.0 4.4296875
299.0 8.7109375
300.0 6.8671875
301.0 6.6640625
302.0 7.0078125
303.0 5.875
304.0 7.9609375
305.0 7.015625
306.0 6.40625
307.0 6.5859375
308.0 7.5234375
309.0 6.6875
310.0 6.8984375
311.0 6.8359375
312.0 6.8984375
313.0 7.0078125
314.0 6.890625
315.0 6.9453125
316.0 6.921875
317.0 6.828125
318.0 6.8046875
319.0 7.0703125
320.0 7.0390625
321.0 6.859375
322.0 6.71875
323.0 6.6484375
324.0 6.9296875
325.0 6.8125
326.0 7.109375
327.0 6.859375
328.0 6.8828125
329.0 6.7734375
330.0 6.7109375
331.0 7.0703125
332.0 6.9765625
333.0 6.8125
334.0 2.7734375
335.0 10.984375
336.0 6.8671875
337.0 6.6328125
338.0 6.7109375
339.0 6.484375
340.0 6.8828125
341.0 6.7734375
342.0 6.859375
343.0 6.828125
344.0 6.6796875
345.0 6.78125
346.0 6.703125
347.0 6.6875
348.0 6.78125
349.0 6.953125
350.0 6.7109375
351.0 5.578125
352.0 7.2890625
353.0 6.3359375
354.0 6.46875
355.0 6.4140625
356.0 6.6015625
357.0 6.6171875
358.0 6.4453125
359.0 6.5
360.0 6.53125
361.0 6.3828125
362.0 6.40625
363.0 6.8046875
364.0 6.6875
365.0 6.5703125
366.0 6.6640625
367.0 6.828125
368.0 6.6328125
369.0 6.484375
370.0 6.6171875
371.0 6.3203125
372.0 6.3359375
373.0 6.8359375
374.0 6.71875
375.0 6.5625
376.0 6.6640625
377.0 6.765625
378.0 6.953125
379.0 6.71875
380.0 7.1328125
381.0 7.1015625
382.0 6.984375
383.0 7.0078125
384.0 7.140625
385.0 6.59375
386.0 7.0390625
387.0 6.9609375
388.0 7.1640625
389.0 7.125
390.0 7.125
391.0 7.0078125
392.0 6.7734375
393.0 7.4375
394.0 7.1328125
395.0 7.0390625
396.0 7.015625
397.0 2.3046875
398.0 11.2421875
399.0 7.25
400.0 4.5390625
401.0 8.9765625
402.0 6.953125
403.0 6.828125
404.0 6.921875
405.0 7.1328125
406.0 6.515625
407.0 7.1796875
408.0 6.9453125
409.0 6.796875
410.0 6.8984375
411.0 7.03125
412.0 7.1328125
413.0 6.71875
414.0 7.2421875
415.0 6.9296875
416.0 6.8125
417.0 6.890625
418.0 6.1171875
419.0 7.3203125
420.0 6.8046875
421.0 6.7421875
422.0 7.015625
423.0 6.765625
424.0 6.4765625
425.0 7.0078125
426.0 6.8984375
427.0 6.75
428.0 6.796875
429.0 6.65625
430.0 6.40625
431.0 5.015625
432.0 8.4609375
433.0 6.9921875
434.0 6.5625
435.0 6.4453125
436.0 6.5
437.0 2.0078125
438.0 11.3125
439.0 6.484375
440.0 6.796875
441.0 6.4453125
442.0 6.6640625
443.0 6.390625
444.0 6.078125
445.0 6.5
446.0 6.7109375
447.0 6.515625
448.0 6.453125
449.0 3.515625
450.0 9.2265625
451.0 6.75
452.0 6.6875
453.0 7.0078125
454.0 6.703125
455.0 5.703125
456.0 8.1640625
457.0 7.0703125
458.0 6.9296875
459.0 6.9140625
460.0 6.8828125
461.0 6.75
462.0 7.1796875
463.0 6.3671875
464.0 6.9609375
465.0 7.1796875
466.0 6.984375
467.0 7.1796875
468.0 7.140625
469.0 7.1015625
470.0 7.1875
471.0 7.1015625
472.0 7.2734375
473.0 6.78125
474.0 6.78125
475.0 7.1328125
476.0 7.1875
477.0 6.9453125
478.0 6.625
479.0 6.625
480.0 6.171875
481.0 6.765625
482.0 6.8046875
483.0 6.828125
484.0 6.40625
485.0 6.6015625
486.0 6.5078125
487.0 7.046875
488.0 6.953125
489.0 6.859375
490.0 6.8984375
491.0 6.5546875
492.0 6.6015625
493.0 6.921875
494.0 6.9296875
495.0 6.8671875
496.0 6.9296875
497.0 7.1015625
498.0 6.8671875
499.0 6.6171875
500.0 6.921875
501.0 6.40625
502.0 6.515625
503.0 6.8828125
504.0 6.5859375
505.0 6.6875
506.0 6.703125
507.0 6.5859375
508.0 6.6796875
509.0 6.7421875
510.0 6.296875
511.0 6.03125
512.0 6.1171875
513.0 6.234375
514.0 6.484375
515.0 6.5
516.0 6.6640625
517.0 6.5
518.0 6.3671875
519.0 6.6484375
520.0 6.3828125
521.0 6.234375
522.0 6.71875
523.0 6.515625
524.0 6.40625
525.0 6.3359375
526.0 6.4140625
527.0 6.390625
528.0 6.7734375
529.0 6.4375
530.0 6.5703125
531.0 6.5703125
532.0 6.59375
533.0 6.7734375
534.0 6.6875
535.0 6.7734375
536.0 6.8125
537.0 6.5078125
538.0 2.25
539.0 11.75
540.0 6.4765625
541.0 6.7734375
542.0 5.6640625
543.0 7.8515625
544.0 6.921875
545.0 6.78125
546.0 6.5625
547.0 6.8671875
548.0 7.28125
549.0 7.1796875
550.0 7.2578125
551.0 7.1796875
552.0 7.21875
553.0 7.125
554.0 4.0859375
555.0 10.3125
556.0 7.1796875
557.0 7.078125
558.0 6.6875
559.0 6.2578125
560.0 6.8828125
561.0 7.34375
562.0 6.8046875
563.0 6.9609375
564.0 6.8984375
565.0 6.9140625
566.0 7.0703125
567.0 7.1875
568.0 6.8984375
569.0 6.984375
570.0 7.2109375
571.0 7.0390625
572.0 6.203125
573.0 7.2265625
574.0 7.078125
575.0 7.2578125
576.0 7.1015625
577.0 7.046875
578.0 6.7734375
579.0 7.03125
580.0 7.03125
581.0 6.6875
582.0 6.859375
583.0 6.4453125
584.0 6.71875
585.0 6.625
586.0 6.796875
587.0 6.7421875
588.0 6.6796875
589.0 6.484375
590.0 6.703125
591.0 6.78125
592.0 6.6484375
593.0 6.6484375
594.0 6.484375
595.0 6.65625
596.0 6.5078125
597.0 6.6015625
598.0 6.9296875
599.0 6.765625
