0.0 4.8984375
1.0 9.1015625
2.0 6.84375
3.0 6.65625
4.0 6.734375
5.0 7.5703125
6.0 7.0078125
7.0 7.2265625
8.0 6.765625
9.0 6.453125
10.0 6.7734375
11.0 7.46875
12.0 6.8359375
13.0 7.6015625
14.0 7.3359375
15.0 7.46875
16.0 7.8203125
17.0 8.5625
18.0 7.0703125
19.0 6.859375
20.0 6.734375
21.0 7.6640625
22.0 8.421875
23.0 8.328125
24.0 8.0546875
25.0 8.296875
26.0 7.6640625
27.0 8.0625
28.0 8.1171875
29.0 4.359375
30.0 12.125
31.0 8.5390625
32.0 7.4921875
33.0 8.09375
34.0 7.25
35.0 5.828125
36.0 5.1640625
37.0 5.234375
38.0 7.421875
39.0 6.734375
40.0 7.015625
41.0 7.1796875
42.0 7.3203125
43.0 7.40625
44.0 7.875
45.0 8.0625
46.0 8.171875
47.0 8.65625
48.0 8.109375
49.0 7.484375
50.0 6.9609375
51.0 7.1640625
52.0 7.9375
53.0 7.78125
54.0 8.0546875
55.0 7.703125
56.0 7.9140625
57.0 8.1640625
58.0 8.078125
59.0 8.5234375
60.0 7.9296875
61.0 8.0
62.0 7.5546875
63.0 7.2265625
64.0 8.7734375
65.0 7.8671875
66.0 8.3203125
67.0 7.671875
68.0 7.9140625
69.0 6.921875
70.0 7.546875
71.0 7.3203125
72.0 7.2578125
73.0 6.3203125
74.0 6.65625
75.0 7.1953125
76.0 7.578125
77.0 3.734375
78.0 13.2890625
79.0 7.8203125
80.0 7.796875
81.0 7.984375
82.0 7.7890625
83.0 7.375
84.0 7.6328125
85.0 7.9140625
86.0 8.171875
87.0 7.765625
88.0 6.765625
89.0 9.4765625
90.0 7.78125
91.0 7.8359375
92.0 8.1171875
93.0 7.96875
94.0 8.046875
95.0 8.0546875
96.0 8.0234375
97.0 7.65625
98.0 7.7890625
99.0 7.9296875
100.0 8.09375
101.0 8.5078125
102.0 8.328125
103.0 8.859375
104.0 8.4140625
105.0 8.2421875
106.0 7.7578125
107.0 8.0
108.0 8.1796875
109.0 7.453125
110.0 2.625
111.0 12.3125
112.0 8.3125
113.0 7.96875
114.0 7.3359375
115.0 3.203125
116.0 12.171875
117.0 7.2890625
118.0 7.5859375
119.0 8.2734375
120.0 8.4765625
121.0 8.859375
122.0 8.8828125
123.0 8.5859375
124.0 8.3828125
125.0 8.1171875
126.0 8.4453125
127.0 8.2890625
128.0 6.125
129.0 10.4296875
130.0 7.9140625
131.0 7.6171875
132.0 7.8984375
133.0 6.8984375
134.0 7.3203125
135.0 8.03125
136.0 7.9609375
137.0 8.46875
138.0 8.3125
139.0 7.8359375
140.0 7.8203125
141.0 8.3203125
142.0 8.0
143.0 7.5234375
144.0 9.7265625
145.0 8.6171875
146.0 8.1953125
147.0 8.3125
148.0 5.046875
149.0 12.078125
150.0 8.1796875
151.0 8.4765625
152.0 8.203125
153.0 8.5078125
154.0 8.2890625
155.0 8.6171875
156.0 8.5546875
157.0 8.796875
158.0 8.34375
159.0 8.4453125
160.0 8.8828125
161.0 8.59375
162.0 8.4375
163.0 8.34375
164.0 8.1171875
165.0 8.4140625
166.0 8.2265625
167.0 8.171875
168.0 3.7734375
169.0 12.8828125
170.0 8.4609375
171.0 8.3125
172.0 8.4140625
173.0 7.4609375
174.0 10.0
175.0 8.65625
176.0 8.6875
177.0 8.96875
178.0 8.5546875
179.0 8.4453125
180.0 8.265625
181.0 8.4375
182.0 8.234375
183.0 9.03125
184.0 8.6796875
185.0 8.640625
186.0 8.6875
187.0 8.390625
188.0 8.75
189.0 8.71875
190.0 8.2890625
191.0 8.421875
192.0 8.5390625
193.0 9.1328125
194.0 8.2578125
195.0 8.4765625
196.0 7.8828125
197.0 6.9453125
198.0 7.40625
199.0 6.4453125
200.0 9.1953125
201.0 7.09375
202.0 7.4296875
203.0 8.0625
204.0 8.5859375
205.0 8.2265625
206.0 8.796875
207.0 7.7578125
208.0 8.1953125
209.0 8.4375
210.0 7.8828125
211.0 8.1171875
212.0 8.703125
213.0 8.46875
214.0 3.7890625
215.0 13.484375
216.0 8.5390625
217.0 7.2890625
218.0 9.96875
219.0 8.015625
220.0 7.9921875
221.0 8.359375
222.0 8.8515625
223.0 7.9140625
224.0 8.4140625
225.0 8.671875
226.0 8.75
227.0 8.3515625
228.0 8.2109375
229.0 8.5390625
230.0 8.53125
231.0 8.8671875
232.0 8.7734375
233.0 8.2734375
234.0 8.203125
235.0 8.5234375
236.0 7.9375
237.0 4.484375
238.0 11.6015625
239.0 8.5703125
240.0 7.8828125
241.0 7.640625
242.0 8.171875
243.0 7.734375
244.0 7.8359375
245.0 7.4296875
246.0 7.9609375
247.0 8.0625
248.0 7.8828125
249.0 7.90625
250.0 7.71875
251.0 8.171875
252.0 8.0546875
253.0 8.4140625
254.0 8.3828125
255.0 7.1953125
256.0 9.78125
257.0 8.40625
258.0 7.3125
259.0 9.78125
260.0 8.109375
261.0 7.90625
262.0 6.6640625
263.0 4.78125
264.0 6.75
265.0 6.9921875
266.0 5.9609375
267.0 8.0234375
268.0 8.2421875
269.0 7.5234375
270.0 7.1796875
271.0 6.5859375
272.0 7.1015625
273.0 7.7578125
274.0 7.75
275.0 5.9140625
276.0 8.2265625
277.0 8.078125
278.0 9.1796875
279.0 8.4921875
280.0 8.2265625
281.0 8.53125
282.0 8.5078125
283.0 7.6328125
284.0 8.421875
285.0 8.09375
286.0 8.046875
287.0 7.3359375
288.0 7.4296875
289.0 7.90625
290.0 8.1953125
291.0 7.3046875
292.0 6.5625
293.0 6.0078125
294.0 8.1484375
295.0 8.1796875
296.0 7.6640625
297.0 8.328125
298.0 8.015625
299.0 7.6328125
300.0 8.9375
301.0 7.8125
302.0 7.359375
303.0 8.2421875
304.0 7.7578125
305.0 8.234375
306.0 7.5546875
307.0 8.4765625
308.0 8.5234375
309.0 7.5859375
310.0 9.484375
311.0 8.6015625
312.0 5.9453125
313.0 6.5546875
314.0 8.3828125
315.0 8.8828125
316.0 8.5625
317.0 8.421875
318.0 7.2265625
319.0 7.125
320.0 7.140625
321.0 7.1796875
322.0 7.6171875
323.0 6.6640625
324.0 5.375
325.0 9.953125
326.0 8.140625
327.0 8.46875
328.0 8.6875
329.0 3.8828125
330.0 13.234375
331.0 8.0546875
332.0 8.75
333.0 7.9140625
334.0 8.4609375
335.0 5.7109375
336.0 6.234375
337.0 6.4765625
338.0 6.3046875
339.0 6.1875
340.0 6.421875
341.0 6.390625
342.0 6.53125
343.0 6.7421875
344.0 4.1171875
345.0 8.359375
346.0 6.6328125
347.0 6.3359375
348.0 5.640625
349.0 4.2421875
350.0 8.65625
351.0 8.0234375
352.0 7.0625
353.0 8.1328125
354.0 8.375
355.0 8.0
356.0 8.7109375
357.0 7.40625
358.0 7.5234375
359.0 7.46875
360.0 7.5078125
361.0 8.0546875
362.0 7.8125
363.0 7.9140625
364.0 8.1328125
365.0 7.78125
366.0 8.109375
367.0 8.0859375
368.0 8.671875
369.0 7.8671875
370.0 7.2421875
371.0 8.375
372.0 8.03125
373.0 8.078125
374.0 7.28125
375.0 7.6015625
376.0 8.59375
377.0 8.0234375
378.0 7.09375
379.0 7.0703125
380.0 7.3359375
381.0 7.375
382.0 7.453125
383.0 7.421875
384.0 7.5703125
385.0 7.734375
386.0 9.5546875
387.0 8.6484375
388.0 7.4921875
389.0 6.03125
390.0 5.2734375
391.0 6.75
392.0 7.9453125
393.0 7.9375
394.0 8.3828125
395.0 8.8046875
396.0 8.359375
397.0 8.3515625
398.0 8.4453125
399.0 8.296875
400.0 3.65625
401.0 0.0
402.0 17.6875
403.0 5.21875
404.0 7.9296875
405.0 8.828125
406.0 8.8984375
407.0 7.9296875
408.0 9.5703125
409.0 8.4609375
410.0 8.8046875
411.0 8.8046875
412.0 9.0078125
413.0 8.6875
414.0 8.5078125
415.0 8.5390625
416.0 8.765625
417.0 8.7734375
418.0 8.625
419.0 7.796875
420.0 9.90625
421.0 7.21875
422.0 9.3125
423.0 8.5234375
424.0 8.421875
425.0 7.609375
426.0 9.546875
427.0 8.6171875
428.0 8.4453125
429.0 8.75
430.0 8.5625
431.0 8.46875
432.0 8.53125
433.0 7.5234375
434.0 9.1875
435.0 7.9453125
436.0 8.4140625
437.0 8.40625
438.0 9.2265625
439.0 7.9375
440.0 9.0078125
441.0 8.390625
442.0 8.4609375
443.0 8.671875
444.0 8.5703125
445.0 8.6171875
446.0 8.3828125
447.0 8.109375
448.0 7.6640625
449.0 7.4296875
450.0 8.0
451.0 6.8828125
452.0 7.9609375
453.0 8.1640625
454.0 7.9609375
455.0 6.921875
456.0 8.7734375
457.0 7.40625
458.0 9.546875
459.0 8.5625
460.0 8.5546875
461.0 8.3515625
462.0 8.4375
463.0 8.2890625
464.0 8.4765625
465.0 8.890625
466.0 8.8203125
467.0 8.6875
468.0 8.7890625
469.0 8.65625
470.0 8.421875
471.0 8.328125
472.0 8.8984375
473.0 8.625
474.0 8.4765625
475.0 8.1171875
476.0 8.328125
477.0 8.921875
478.0 8.8046875
479.0 9.1796875
480.0 8.625
481.0 8.4140625
482.0 8.4453125
483.0 9.046875
484.0 8.71875
485.0 8.671875
486.0 8.7890625
487.0 9.0625
488.0 8.1953125
489.0 8.203125
490.0 8.0
491.0 7.9453125
492.0 7.8671875
493.0 8.59375
494.0 8.8359375
495.0 8.1328125
496.0 8.4140625
497.0 8.7109375
498.0 8.8203125
499.0 8.390625
500.0 8.5390625
501.0 5.78125
502.0 11.6796875
503.0 8.7421875
504.0 8.640625
505.0 8.6875
506.0 7.3046875
507.0 9.1640625
508.0 9.1171875
509.0 8.859375
510.0 8.5546875
511.0 8.2421875
512.0 8.5703125
513.0 9.0
514.0 8.46875
515.0 7.609375
516.0 9.1171875
517.0 8.6875
518.0 8.7890625
519.0 9.046875
520.0 8.703125
521.0 7.8359375
522.0 9.25
523.0 8.3515625
524.0 8.9375
525.0 9.1171875
526.0 8.6015625
527.0 8.234375
528.0 8.296875
529.0 8.328125
530.0 8.109375
531.0 8.0859375
532.0 8.4765625
533.0 8.71875
534.0 8.4765625
535.0 8.8671875
536.0 8.5546875
537.0 9.34375
538.0 8.2421875
539.0 8.2421875
540.0 8.0625
541.0 8.375
542.0 8.7421875
543.0 8.4765625
544.0 8.109375
545.0 8.671875
546.0 8.6171875
547.0 7.984375
548.0 9.65625
549.0 8.140625
550.0 8.8046875
551.0 8.9453125
552.0 8.5625
553.0 8.75
554.0 8.5859375
555.0 8.71875
556.0 8.65625
557.0 8.625
558.0 8.71875
559.0 9.1875
560.0 8.7890625
561.0 5.5
562.0 11.421875
563.0 8.1171875
564.0 7.8671875
565.0 8.015625
566.0 8.0234375
567.0 8.5234375
568.0 8.171875
569.0 8.1484375
570.0 8.09375
571.0 8.1796875
572.0 7.8984375
573.0 8.2734375
574.0 7.9921875
575.0 4.84375
576.0 12.6328125
577.0 8.0546875
578.0 8.1640625
579.0 8.5234375
580.0 8.3515625
581.0 8.3828125
582.0 8.46875
583.0 8.234375
584.0 8.2890625
585.0 8.40625
586.0 8.2734375
587.0 8.2890625
588.0 8.1953125
589.0 8.3203125
590.0 8.4140625
591.0 8.5078125
592.0 8.078125
593.0 8.421875
594.0 8.421875
595.0 7.8984375
596.0 9.2109375
597.0 8.6171875
598.0 8.75
599.0 8.6171875
