0.0 3.375
1.0 4.625
2.0 6.203125
3.0 6.15625
4.0 6.0
5.0 5.6484375
6.0 5.4375
7.0 6.1484375
8.0 5.078125
9.0 4.0859375
10.0 1.3203125
11.0 7.34375
12.0 4.3359375
13.0 4.8125
14.0 5.3828125
15.0 5.6640625
16.0 5.4921875
17.0 5.734375
18.0 6.1484375
19.0 6.09375
20.0 6.1484375
21.0 6.0
22.0 6.0390625
23.0 1.2421875
24.0 10.4140625
25.0 6.0
26.0 5.9140625
27.0 2.921875
28.0 9.2109375
29.0 6.171875
30.0 6.4453125
31.0 6.234375
32.0 6.0625
33.0 6.4765625
34.0 5.9765625
35.0 6.203125
36.0 6.2265625
37.0 6.5078125
38.0 6.2734375
39.0 6.3359375
40.0 5.6796875
41.0 6.0234375
42.0 6.0
43.0 5.796875
44.0 6.2578125
45.0 3.4453125
46.0 8.59375
47.0 5.75
48.0 6.140625
49.0 6.0234375
50.0 6.3046875
51.0 5.9453125
52.0 6.390625
53.0 3.7734375
54.0 8.4375
55.0 6.171875
56.0 5.8828125
57.0 3.546875
58.0 6.8125
59.0 5.0390625
60.0 5.3125
61.0 4.3984375
62.0 4.234375
63.0 4.4296875
64.0 5.0703125
65.0 4.84375
66.0 4.890625
67.0 4.3359375
68.0 4.59375
69.0 4.171875
70.0 3.671875
71.0 0.8203125
72.0 8.6484375
73.0 6.2421875
74.0 6.1171875
75.0 5.8125
76.0 2.015625
77.0 8.328125
78.0 5.0859375
79.0 5.3125
80.0 5.578125
81.0 6.140625
82.0 6.2890625
83.0 6.359375
84.0 6.3203125
85.0 5.765625
86.0 5.859375
87.0 5.671875
88.0 5.015625
89.0 5.5234375
90.0 4.953125
91.0 5.3671875
92.0 4.8359375
93.0 4.9296875
94.0 0.390625
95.0 9.4453125
96.0 4.8671875
97.0 5.25
98.0 4.90625
99.0 4.7265625
100.0 5.171875
101.0 5.1953125
102.0 5.140625
103.0 5.6796875
104.0 5.828125
105.0 4.515625
106.0 3.46875
107.0 0.1640625
108.0 8.8984375
109.0 4.03125
110.0 4.0703125
111.0 3.3984375
112.0 6.0234375
113.0 4.09375
114.0 3.7578125
115.0 3.7421875
116.0 5.015625
117.0 6.1484375
118.0 4.546875
119.0 4.1328125
120.0 3.8828125
121.0 3.8203125
122.0 4.359375
123.0 4.0234375
124.0 2.1015625
125.0 6.0625
126.0 3.546875
127.0 4.6640625
128.0 6.0625
129.0 5.46875
130.0 2.3046875
131.0 5.9453125
132.0 4.2421875
133.0 4.8984375
134.0 5.8828125
135.0 5.890625
136.0 3.890625
137.0 2.421875
138.0 3.59375
139.0 5.4921875
140.0 6.4765625
141.0 6.15625
142.0 6.328125
143.0 5.15625
144.0 6.9921875
145.0 3.3828125
146.0 8.40625
147.0 5.859375
148.0 6.1171875
149.0 5.96875
150.0 5.734375
151.0 5.828125
152.0 5.75
153.0 5.546875
154.0 5.21875
155.0 5.6171875
156.0 5.28125
157.0 3.921875
158.0 4.0078125
159.0 0.0
160.0 9.7421875
161.0 6.0625
162.0 5.9375
163.0 6.0
164.0 2.453125
165.0 7.65625
166.0 8.4609375
167.0 6.2265625
168.0 6.0625
169.0 6.078125
170.0 5.7890625
171.0 5.90625
172.0 5.3046875
173.0 5.5234375
174.0 5.5
175.0 5.796875
176.0 5.4375
177.0 3.6796875
178.0 2.625
179.0 4.234375
180.0 2.8984375
181.0 5.7109375
182.0 7.9140625
183.0 5.6015625
184.0 5.375
185.0 3.3984375
186.0 4.8359375
187.0 5.2890625
188.0 5.453125
189.0 4.421875
190.0 4.78125
191.0 5.140625
192.0 5.203125
193.0 5.7109375
194.0 5.9140625
195.0 3.7109375
196.0 6.9609375
197.0 4.9765625
198.0 5.3125
199.0 5.421875
200.0 2.578125
201.0 8.421875
202.0 5.21875
203.0 5.6171875
204.0 5.8515625
205.0 5.4375
206.0 5.484375
207.0 5.859375
208.0 5.9296875
209.0 5.3671875
210.0 5.5859375
211.0 5.9921875
212.0 5.703125
213.0 3.2578125
214.0 7.8828125
215.0 5.8125
216.0 5.4921875
217.0 5.578125
218.0 5.25
219.0 5.9453125
220.0 5.8515625
221.0 5.6171875
222.0 5.609375
223.0 5.734375
224.0 5.203125
225.0 6.0625
226.0 4.6953125
227.0 3.8828125
228.0 7.4921875
229.0 6.0234375
230.0 6.203125
231.0 6.0
232.0 6.0390625
233.0 5.9453125
234.0 5.6328125
235.0 6.0078125
236.0 5.515625
237.0 5.8828125
238.0 6.234375
239.0 6.359375
240.0 3.671875
241.0 9.15625
242.0 6.53125
243.0 6.3046875
244.0 6.5546875
245.0 6.4765625
246.0 6.5625
247.0 6.359375
248.0 6.3828125
249.0 6.625
250.0 6.390625
251.0 6.46875
252.0 6.71875
253.0 6.4453125
254.0 6.40625
255.0 6.3515625
256.0 6.2421875
257.0 5.4375
258.0 6.5859375
259.0 3.7578125
260.0 8.5546875
261.0 5.9296875
262.0 6.625
263.0 6.0546875
264.0 5.734375
265.0 6.5390625
266.0 6.484375
267.0 6.40625
268.0 6.5625
269.0 6.5546875
270.0 6.4765625
271.0 6.515625
272.0 6.4453125
273.0 1.09375
274.0 9.4921875
275.0 5.0703125
276.0 6.2578125
277.0 4.5078125
278.0 1.1328125
279.0 7.8671875
280.0 6.0546875
281.0 4.390625
282.0 4.53125
283.0 5.828125
284.0 4.25
285.0 3.890625
286.0 5.375
287.0 6.03125
288.0 5.578125
289.0 5.40625
290.0 2.328125
291.0 8.4765625
292.0 3.859375
293.0 5.8828125
294.0 5.6015625
295.0 2.890625
296.0 8.4453125
297.0 6.2109375
298.0 5.75
299.0 5.5625
300.0 5.640625
301.0 5.7578125
302.0 5.4296875
303.0 5.171875
304.0 6.2265625
305.0 5.7890625
306.0 6.203125
307.0 6.078125
308.0 3.875
309.0 8.34375
310.0 6.234375
311.0 6.2109375
312.0 6.2890625
313.0 5.4375
314.0 6.984375
315.0 6.2890625
316.0 5.9140625
317.0 5.9609375
318.0 5.8203125
319.0 6.140625
320.0 5.9765625
321.0 5.671875
322.0 6.109375
323.0 6.0234375
324.0 5.828125
325.0 6.0078125
326.0 5.9140625
327.0 6.4765625
328.0 5.7890625
329.0 6.03125
330.0 5.9453125
331.0 2.15625
332.0 9.890625
333.0 6.296875
334.0 6.0625
335.0 6.0234375
336.0 6.421875
337.0 6.2421875
338.0 6.453125
339.0 6.3203125
340.0 6.7109375
341.0 6.453125
342.0 6.3671875
343.0 6.7734375
344.0 6.5546875
345.0 6.9296875
346.0 6.4765625
347.0 6.5859375
348.0 6.8359375
349.0 6.2109375
350.0 6.5625
351.0 6.2265625
352.0 6.0390625
353.0 6.296875
354.0 6.078125
355.0 3.7109375
356.0 3.6953125
357.0 4.5390625
358.0 6.15625
359.0 2.4609375
360.0 9.6328125
361.0 5.96875
362.0 5.6953125
363.0 3.40625
364.0 8.7890625
365.0 6.140625
366.0 6.1796875
367.0 2.65625
368.0 5.125
369.0 1.9140625
370.0 4.0703125
371.0 4.65625
372.0 5.28125
373.0 5.5546875
374.0 6.1171875
375.0 5.9453125
376.0 3.7890625
377.0 8.234375
378.0 6.09375
379.0 6.359375
380.0 6.15625
381.0 6.03125
382.0 1.171875
383.0 10.1640625
384.0 5.1015625
385.0 4.0546875
386.0 4.65625
387.0 2.421875
388.0 4.8359375
389.0 4.0078125
390.0 4.6796875
391.0 4.1484375
392.0 4.7265625
393.0 5.640625
394.0 6.15625
395.0 5.84375
396.0 6.3203125
397.0 5.7578125
398.0 5.9609375
399.0 2.6875
400.0 1.0546875
401.0 0.0
402.0 9.1796875
403.0 3.7890625
404.0 7.140625
405.0 5.3203125
406.0 5.6796875
407.0 5.453125
408.0 5.546875
409.0 5.765625
410.0 5.4375
411.0 5.5234375
412.0 5.2578125
413.0 5.3515625
414.0 3.078125
415.0 1.9453125
416.0 4.90625
417.0 5.6796875
418.0 0.8828125
419.0 10.7734375
420.0 5.640625
421.0 3.9453125
422.0 8.015625
423.0 5.8515625
424.0 5.75
425.0 3.8828125
426.0 7.015625
427.0 5.6953125
428.0 5.9921875
429.0 5.9765625
430.0 5.640625
431.0 5.609375
432.0 6.265625
433.0 6.265625
434.0 6.140625
435.0 6.484375
436.0 6.1484375
437.0 6.2578125
438.0 6.1171875
439.0 2.359375
440.0 9.1875
441.0 3.375
442.0 8.1328125
443.0 5.453125
444.0 5.1640625
445.0 5.3125
446.0 5.8125
447.0 6.0078125
448.0 6.5859375
449.0 6.53125
450.0 5.6796875
451.0 5.75
452.0 6.0234375
453.0 3.5859375
454.0 8.2109375
455.0 5.5625
456.0 6.265625
457.0 6.4140625
458.0 6.296875
459.0 6.4453125
460.0 6.2890625
461.0 6.5
462.0 6.4375
463.0 4.125
464.0 8.375
465.0 5.859375
466.0 6.03125
467.0 6.3671875
468.0 6.0234375
469.0 6.140625
470.0 6.328125
471.0 5.9296875
472.0 3.2265625
473.0 8.765625
474.0 5.90625
475.0 6.09375
476.0 6.171875
477.0 6.03125
478.0 6.1171875
479.0 6.3828125
480.0 6.3359375
481.0 6.0859375
482.0 5.109375
483.0 2.7265625
484.0 6.2890625
485.0 3.8828125
486.0 3.625
487.0 3.4921875
488.0 3.703125
489.0 1.59375
490.0 7.9921875
491.0 5.53125
492.0 5.90625
493.0 5.9609375
494.0 5.6015625
495.0 5.1875
496.0 5.890625
497.0 3.5234375
498.0 8.2890625
499.0 5.640625
500.0 5.859375
501.0 5.9921875
502.0 5.453125
503.0 4.984375
504.0 4.921875
505.0 5.9375
506.0 5.78125
507.0 5.6328125
508.0 5.8515625
509.0 5.96875
510.0 5.6796875
511.0 3.796875
512.0 7.7578125
513.0 5.6640625
514.0 4.9609375
515.0 6.0546875
516.0 5.171875
517.0 2.6640625
518.0 4.0390625
519.0 5.1328125
520.0 5.140625
521.0 2.546875
522.0 3.296875
523.0 5.53125
524.0 5.9609375
525.0 6.0546875
526.0 5.6953125
527.0 3.5546875
528.0 8.421875
529.0 5.96875
530.0 5.875
531.0 5.84375
532.0 5.6015625
533.0 5.875
534.0 5.3046875
535.0 4.328125
536.0 5.1328125
537.0 5.5234375
538.0 5.5
539.0 5.4296875
540.0 5.53125
541.0 2.9296875
542.0 3.8515625
543.0 6.0390625
544.0 6.0859375
545.0 5.046875
546.0 7.03125
547.0 6.078125
548.0 6.0546875
549.0 2.4921875
550.0 9.5390625
551.0 6.09375
552.0 5.6484375
553.0 6.078125
554.0 6.078125
555.0 5.9140625
556.0 5.8203125
557.0 5.7109375
558.0 6.0234375
559.0 6.171875
560.0 5.9375
561.0 5.4375
562.0 4.6796875
563.0 4.875
564.0 5.6171875
565.0 5.2890625
566.0 5.546875
567.0 5.3984375
568.0 5.34375
569.0 2.578125
570.0 8.6171875
571.0 5.4375
572.0 5.2890625
573.0 3.875
574.0 0.46875
575.0 9.0
576.0 5.9296875
577.0 6.171875
578.0 5.7578125
579.0 6.0546875
580.0 5.7578125
581.0 5.9609375
582.0 5.9765625
583.0 5.2265625
584.0 5.46875
585.0 5.859375
586.0 5.2734375
587.0 5.703125
588.0 5.734375
589.0 5.9609375
590.0 5.6953125
591.0 5.609375
592.0 5.703125
593.0 0.984375
594.0 10.109375
595.0 5.0703125
596.0 5.640625
597.0 4.984375
598.0 5.875
599.0 5.875
