0.0 0.6015625
1.0 0.21875
2.0 0.28125
3.0 0.28125
4.0 0.0
5.0 0.0
6.0 0.0
7.0 4.53125
8.0 0.90625
9.0 1.046875
10.0 1.5234375
11.0 1.703125
12.0 1.5703125
13.0 1.7734375
14.0 1.984375
15.0 1.7109375
16.0 1.171875
17.0 0.9453125
18.0 0.75
19.0 0.0
20.0 0.0
21.0 0.0
22.0 0.25
23.0 5.5546875
24.0 1.0859375
25.0 0.9921875
26.0 1.0234375
27.0 1.046875
28.0 0.984375
29.0 0.8359375
30.0 0.96875
31.0 0.515625
32.0 0.3984375
33.0 0.0
34.0 0.0
35.0 0.0
36.0 0.0
37.0 0.0
38.0 0.0
39.0 0.0
40.0 4.6328125
41.0 0.3671875
42.0 0.4921875
43.0 0.8125
44.0 0.4296875
45.0 0.1953125
46.0 0.0
47.0 0.0
48.0 0.0
49.0 0.0
50.0 0.0
51.0 0.21875
52.0 1.2890625
53.0 1.078125
54.0 1.40625
55.0 1.2421875
56.0 1.2265625
57.0 1.296875
58.0 1.5859375
59.0 1.03125
60.0 0.6640625
61.0 0.9375
62.0 0.78125
63.0 0.7890625
64.0 0.8515625
65.0 0.28125
66.0 0.0
67.0 0.0
68.0 0.0
69.0 0.0
70.0 4.984375
71.0 0.78125
72.0 0.75
73.0 1.109375
74.0 0.9609375
75.0 1.0
76.0 0.1640625
77.0 0.0
78.0 5.0234375
79.0 2.1328125
80.0 2.359375
81.0 2.015625
82.0 1.6484375
83.0 2.21875
84.0 1.828125
85.0 1.4609375
86.0 1.203125
87.0 1.8359375
88.0 1.4375
89.0 1.1328125
90.0 1.2109375
91.0 0.0
92.0 0.0
93.0 0.453125
94.0 5.8203125
95.0 2.0859375
96.0 1.40625
97.0 0.0
98.0 1.9375
99.0 4.5390625
100.0 0.6015625
101.0 1.609375
102.0 2.0
103.0 2.2421875
104.0 2.3046875
105.0 2.046875
106.0 1.96875
107.0 1.4140625
108.0 0.90625
109.0 1.1171875
110.0 1.171875
111.0 1.5234375
112.0 1.796875
113.0 2.421875
114.0 1.53125
115.0 0.0
116.0 4.8984375
117.0 1.421875
118.0 1.2578125
119.0 1.0546875
120.0 1.65625
121.0 1.7578125
122.0 2.1875
123.0 1.1796875
124.0 0.0625
125.0 0.0
126.0 0.0
127.0 0.0
128.0 0.0
129.0 0.0
130.0 0.125
131.0 5.6796875
132.0 1.5234375
133.0 1.4609375
134.0 0.6953125
135.0 0.8828125
136.0 0.515625
137.0 0.3046875
138.0 0.75
139.0 1.9375
140.0 2.1015625
141.0 1.828125
142.0 0.7890625
143.0 0.84375
144.0 0.0
145.0 0.0
146.0 4.8671875
147.0 0.7265625
148.0 0.9375
149.0 0.9453125
150.0 1.09375
151.0 1.921875
152.0 1.828125
153.0 1.6796875
154.0 1.8515625
155.0 1.7421875
156.0 2.1640625
157.0 2.09375
158.0 0.2734375
159.0 0.0
160.0 6.4140625
161.0 1.7890625
162.0 1.3515625
163.0 1.4453125
164.0 1.5234375
165.0 1.765625
166.0 1.8359375
167.0 0.90625
168.0 0.0
169.0 4.890625
170.0 2.3671875
171.0 2.4453125
172.0 2.046875
173.0 2.1484375
174.0 2.34375
175.0 2.03125
176.0 1.7109375
177.0 1.6484375
178.0 1.296875
179.0 1.421875
180.0 1.640625
181.0 1.09375
182.0 0.0
183.0 0.0
184.0 5.4375
185.0 0.9375
186.0 1.296875
187.0 1.390625
188.0 1.265625
189.0 1.1953125
190.0 1.03125
191.0 1.65625
192.0 1.4140625
193.0 0.4375
194.0 0.0
195.0 0.0
196.0 6.0546875
197.0 2.1015625
198.0 1.8828125
199.0 2.046875
200.0 2.515625
201.0 2.1953125
202.0 2.1796875
203.0 1.96875
204.0 2.359375
205.0 2.359375
206.0 2.4296875
207.0 2.3671875
208.0 0.5234375
209.0 0.0
210.0 6.75
211.0 2.2734375
212.0 1.890625
213.0 2.375
214.0 2.546875
215.0 2.1171875
216.0 0.578125
217.0 0.0
218.0 6.7109375
219.0 2.4921875
220.0 2.6875
221.0 2.8046875
222.0 2.328125
223.0 2.296875
224.0 2.15625
225.0 2.03125
226.0 2.265625
227.0 2.21875
228.0 1.8359375
229.0 0.71875
230.0 0.0
231.0 4.953125
232.0 2.3984375
233.0 2.3125
234.0 2.1640625
235.0 2.2734375
236.0 2.4140625
237.0 2.15625
238.0 1.1484375
239.0 0.0
240.0 3.109375
241.0 3.7890625
242.0 2.015625
243.0 1.7734375
244.0 1.859375
245.0 1.703125
246.0 2.09375
247.0 2.0078125
248.0 1.4140625
249.0 0.0
250.0 0.0
251.0 2.75
252.0 2.96875
253.0 0.421875
254.0 2.0703125
255.0 2.7109375
256.0 2.1328125
257.0 2.15625
258.0 2.1875
259.0 2.4296875
260.0 2.609375
261.0 2.640625
262.0 2.5234375
263.0 2.6875
264.0 2.2421875
265.0 2.0
266.0 0.328125
267.0 0.0
268.0 5.96875
269.0 2.3671875
270.0 1.5859375
271.0 2.046875
272.0 2.6328125
273.0 2.578125
274.0 0.1796875
275.0 0.1953125
276.0 6.5859375
277.0 2.1953125
278.0 2.34375
279.0 2.296875
280.0 2.546875
281.0 2.7109375
282.0 2.8984375
283.0 2.9609375
284.0 2.546875
285.0 2.5625
286.0 1.8828125
287.0 1.640625
288.0 0.0
289.0 2.5078125
290.0 5.5625
291.0 2.03125
292.0 1.8359375
293.0 2.34375
294.0 2.546875
295.0 2.4140625
296.0 2.3046875
297.0 2.515625
298.0 2.4609375
299.0 2.1484375
300.0 0.390625
301.0 0.0
302.0 5.9921875
303.0 2.2109375
304.0 2.25
305.0 2.375
306.0 2.640625
307.0 2.4453125
308.0 2.09375
309.0 1.53125
310.0 0.0
311.0 0.0
312.0 5.78125
313.0 1.953125
314.0 1.8828125
315.0 1.9140625
316.0 1.6484375
317.0 1.96875
318.0 2.2421875
319.0 2.25
320.0 2.640625
321.0 2.671875
322.0 2.625
323.0 2.7265625
324.0 2.0078125
325.0 0.0
326.0 0.0
327.0 5.875
328.0 1.0
329.0 0.421875
330.0 2.375
331.0 2.71875
332.0 1.96875
333.0 1.8984375
334.0 1.7578125
335.0 2.484375
336.0 2.3359375
337.0 1.703125
338.0 1.6484375
339.0 2.4140625
340.0 2.578125
341.0 0.2734375
342.0 0.0
343.0 6.3671875
344.0 2.234375
345.0 2.1328125
346.0 2.125
347.0 2.015625
348.0 1.328125
349.0 0.0
350.0 0.1953125
351.0 6.421875
352.0 2.5390625
353.0 2.59375
354.0 2.3984375
355.0 2.4140625
356.0 2.546875
357.0 2.1171875
358.0 2.0390625
359.0 1.734375
360.0 1.71875
361.0 1.71875
362.0 1.703125
363.0 0.2109375
364.0 0.0
365.0 6.0546875
366.0 2.1796875
367.0 2.4609375
368.0 2.640625
369.0 2.515625
370.0 1.7890625
371.0 0.0
372.0 5.890625
373.0 2.4453125
374.0 2.6640625
375.0 2.1953125
376.0 0.0
377.0 5.25
378.0 1.765625
379.0 3.5625
380.0 1.7421875
381.0 3.234375
382.0 2.5234375
383.0 2.4765625
384.0 2.03125
385.0 3.7265625
386.0 2.9375
387.0 3.0546875
388.0 2.7734375
389.0 2.6015625
390.0 2.25
391.0 2.875
392.0 2.9375
393.0 2.6953125
394.0 2.9921875
395.0 3.25
396.0 3.171875
397.0 3.046875
398.0 2.984375
399.0 2.984375
400.0 0.0
401.0 5.703125
402.0 2.484375
403.0 2.1171875
404.0 1.7890625
405.0 4.0859375
406.0 3.1328125
407.0 0.5859375
408.0 5.6171875
409.0 3.1328125
410.0 2.8671875
411.0 2.8671875
412.0 2.5234375
413.0 2.75
414.0 2.6015625
415.0 2.7265625
416.0 2.7421875
417.0 2.6015625
418.0 2.8125
419.0 2.8359375
420.0 2.609375
421.0 1.796875
422.0 0.0
423.0 5.234375
424.0 2.875
425.0 3.1015625
426.0 2.7890625
427.0 3.109375
428.0 1.1953125
429.0 5.2578125
430.0 2.984375
431.0 3.078125
432.0 3.078125
433.0 2.9296875
434.0 2.5625
435.0 1.625
436.0 1.28125
437.0 1.2890625
438.0 0.8671875
439.0 1.59375
440.0 2.0703125
441.0 0.7578125
442.0 0.0
443.0 5.3203125
444.0 1.390625
445.0 2.7578125
446.0 2.5078125
447.0 2.21875
448.0 2.7734375
449.0 2.2421875
450.0 0.0
451.0 5.4921875
452.0 1.34375
453.0 2.8046875
454.0 3.234375
455.0 3.0546875
456.0 2.984375
457.0 2.84375
458.0 3.109375
459.0 3.1640625
460.0 3.1640625
461.0 3.171875
462.0 2.8515625
463.0 1.4765625
464.0 0.0
465.0 5.9765625
466.0 2.7109375
467.0 2.75
468.0 2.8046875
469.0 1.8203125
470.0 0.1328125
471.0 0.0
472.0 0.0
473.0 5.734375
474.0 2.7890625
475.0 2.640625
476.0 2.6640625
477.0 2.8359375
478.0 2.5078125
479.0 2.4609375
480.0 1.421875
481.0 2.5390625
482.0 1.2421875
483.0 1.359375
484.0 1.4375
485.0 1.3515625
486.0 1.96875
487.0 0.015625
488.0 0.0
489.0 0.0
490.0 7.46875
491.0 3.203125
492.0 2.546875
493.0 1.625
494.0 1.2578125
495.0 0.0078125
496.0 0.0
497.0 0.0
498.0 3.8203125
499.0 0.0
500.0 4.59375
501.0 1.625
502.0 0.96875
503.0 1.40625
504.0 2.3359375
505.0 2.0390625
506.0 1.8359375
507.0 1.3203125
508.0 1.609375
509.0 1.7109375
510.0 1.7421875
511.0 1.28125
512.0 0.5703125
513.0 0.0
514.0 0.0
515.0 0.0
516.0 4.546875
517.0 1.171875
518.0 1.203125
519.0 0.609375
520.0 0.609375
521.0 0.671875
522.0 1.1328125
523.0 1.09375
524.0 0.9296875
525.0 0.984375
526.0 0.8046875
527.0 1.5859375
528.0 2.7109375
529.0 2.8125
530.0 1.765625
531.0 0.0
532.0 0.0
533.0 0.0
534.0 0.0
535.0 0.0
536.0 0.109375
537.0 5.7265625
538.0 0.9921875
539.0 0.609375
540.0 0.546875
541.0 0.8359375
542.0 1.03125
543.0 1.0
544.0 1.0625
545.0 0.8671875
546.0 0.0
547.0 0.0
548.0 0.0
549.0 0.0
550.0 4.8359375
551.0 0.703125
552.0 0.5078125
553.0 0.484375
554.0 0.5859375
555.0 0.5078125
556.0 0.78125
557.0 0.8984375
558.0 2.1953125
559.0 1.859375
560.0 1.8984375
561.0 1.828125
562.0 0.15625
563.0 0.0
564.0 5.7578125
565.0 1.46875
566.0 0.984375
567.0 0.5859375
568.0 0.8203125
569.0 1.203125
570.0 1.09375
571.0 1.078125
572.0 1.3515625
573.0 1.2265625
574.0 1.0546875
575.0 0.0
576.0 0.0
577.0 0.0
578.0 5.3203125
579.0 1.0625
580.0 1.03125
581.0 0.421875
582.0 0.2109375
583.0 0.15625
584.0 0.4375
585.0 1.328125
586.0 1.359375
587.0 1.375
588.0 1.53125
589.0 1.5078125
590.0 0.1640625
591.0 0.0
592.0 0.34375
593.0 5.171875
594.0 0.8359375
595.0 0.6328125
596.0 1.2578125
597.0 2.0390625
598.0 2.4296875
599.0 2.28125
