0.0 8.2109375
1.0 8.4140625
2.0 7.5859375
3.0 8.3203125
4.0 8.2265625
5.0 8.5
6.0 7.9296875
7.0 8.0
8.0 5.7578125
9.0 8.1640625
10.0 8.2421875
11.0 8.390625
12.0 7.9296875
13.0 8.4140625
14.0 6.109375
15.0 9.703125
16.0 7.71875
17.0 7.984375
18.0 6.9609375
19.0 9.90625
20.0 7.8828125
21.0 8.265625
22.0 7.78125
23.0 8.40625
24.0 8.5
25.0 8.359375
26.0 7.8984375
27.0 8.140625
28.0 8.4609375
29.0 8.203125
30.0 8.296875
31.0 8.5078125
32.0 8.1796875
33.0 8.7109375
34.0 8.59375
35.0 8.3515625
36.0 4.6484375
37.0 12.140625
38.0 8.3203125
39.0 8.7734375
40.0 8.6015625
41.0 8.4609375
42.0 8.140625
43.0 8.203125
44.0 8.2890625
45.0 8.359375
46.0 8.8046875
47.0 8.1484375
48.0 7.9921875
49.0 8.0
50.0 8.1640625
51.0 7.8203125
52.0 8.09375
53.0 7.6328125
54.0 7.4296875
55.0 7.7265625
56.0 7.4609375
57.0 6.515625
58.0 8.1640625
59.0 7.6953125
60.0 7.5078125
61.0 7.9140625
62.0 7.8203125
63.0 7.4609375
64.0 7.21875
65.0 7.9140625
66.0 7.9375
67.0 7.9296875
68.0 7.984375
69.0 8.2734375
70.0 8.828125
71.0 8.7890625
72.0 8.6015625
73.0 8.421875
74.0 8.265625
75.0 8.0859375
76.0 3.25
77.0 13.3203125
78.0 6.1171875
79.0 10.4140625
80.0 8.0
81.0 7.6953125
82.0 8.203125
83.0 8.0234375
84.0 8.4609375
85.0 8.5234375
86.0 8.359375
87.0 8.5
88.0 8.640625
89.0 8.5
90.0 8.703125
91.0 8.5
92.0 4.4765625
93.0 12.3984375
94.0 7.578125
95.0 6.7421875
96.0 8.265625
97.0 8.4375
98.0 8.2890625
99.0 8.1171875
100.0 8.1484375
101.0 7.96875
102.0 8.2578125
103.0 8.140625
104.0 7.8125
105.0 8.109375
106.0 8.03125
107.0 8.265625
108.0 8.2578125
109.0 8.2890625
110.0 8.7421875
111.0 8.171875
112.0 7.9921875
113.0 8.09375
114.0 8.421875
115.0 8.0859375
116.0 7.9296875
117.0 8.046875
118.0 8.2265625
119.0 8.0859375
120.0 6.84375
121.0 7.2890625
122.0 8.328125
123.0 8.5078125
124.0 8.4609375
125.0 8.078125
126.0 8.703125
127.0 8.0
128.0 8.1328125
129.0 8.2265625
130.0 8.3828125
131.0 7.6328125
132.0 7.8984375
133.0 8.234375
134.0 8.1484375
135.0 7.875
136.0 7.8828125
137.0 8.3828125
138.0 8.1796875
139.0 8.4921875
140.0 8.09375
141.0 7.359375
142.0 7.6875
143.0 7.6875
144.0 8.0546875
145.0 8.1484375
146.0 8.0234375
147.0 8.46875
148.0 8.1640625
149.0 7.9375
150.0 8.0625
151.0 7.609375
152.0 7.34375
153.0 7.1328125
154.0 4.3359375
155.0 13.0625
156.0 8.796875
157.0 8.5078125
158.0 8.6484375
159.0 8.40625
160.0 4.0078125
161.0 13.4375
162.0 8.921875
163.0 8.703125
164.0 8.7890625
165.0 8.3125
166.0 8.2421875
167.0 8.53125
168.0 8.3125
169.0 8.3515625
170.0 8.2421875
171.0 8.1171875
172.0 8.2578125
173.0 4.4453125
174.0 12.171875
175.0 8.375
176.0 8.46875
177.0 8.6484375
178.0 8.4453125
179.0 8.203125
180.0 8.3515625
181.0 8.2578125
182.0 8.234375
183.0 8.53125
184.0 8.0546875
185.0 8.5
186.0 8.359375
187.0 8.734375
188.0 8.5390625
189.0 8.7890625
190.0 8.1640625
191.0 8.6875
192.0 2.78125
193.0 13.53125
194.0 8.0
195.0 8.703125
196.0 8.0625
197.0 7.96875
198.0 8.296875
199.0 8.3828125
200.0 8.1328125
201.0 8.5234375
202.0 7.765625
203.0 7.9921875
204.0 8.234375
205.0 8.0
206.0 8.53125
207.0 7.8515625
208.0 8.078125
209.0 7.8359375
210.0 7.9375
211.0 8.3125
212.0 8.296875
213.0 7.3671875
214.0 7.046875
215.0 7.15625
216.0 7.2421875
217.0 7.09375
218.0 6.9921875
219.0 7.1640625
220.0 7.0703125
221.0 7.0625
222.0 6.984375
223.0 6.9453125
224.0 5.15625
225.0 9.21875
226.0 8.4609375
227.0 8.5234375
228.0 8.5546875
229.0 7.90625
230.0 8.4921875
231.0 8.6875
232.0 8.5703125
233.0 8.5390625
234.0 8.5
235.0 8.171875
236.0 8.078125
237.0 7.4609375
238.0 7.5390625
239.0 7.125
240.0 7.1875
241.0 7.7890625
242.0 8.046875
243.0 8.2421875
244.0 7.1015625
245.0 5.484375
246.0 9.6640625
247.0 7.671875
248.0 7.3359375
249.0 7.6953125
250.0 6.8125
251.0 6.9921875
252.0 7.7578125
253.0 8.109375
254.0 8.0546875
255.0 8.0
256.0 7.796875
257.0 7.4296875
258.0 7.703125
259.0 7.2734375
260.0 7.9296875
261.0 8.046875
262.0 7.9453125
263.0 7.9375
264.0 7.453125
265.0 8.203125
266.0 7.609375
267.0 8.625
268.0 8.59375
269.0 8.09375
270.0 8.375
271.0 8.2734375
272.0 7.96875
273.0 7.5234375
274.0 7.8515625
275.0 7.9609375
276.0 7.6953125
277.0 7.765625
278.0 8.234375
279.0 6.9296875
280.0 8.4921875
281.0 7.453125
282.0 7.515625
283.0 7.3359375
284.0 7.3359375
285.0 7.5078125
286.0 7.90625
287.0 8.5546875
288.0 7.8984375
289.0 7.2578125
290.0 8.015625
291.0 7.3046875
292.0 7.2734375
293.0 7.2109375
294.0 6.53125
295.0 6.53125
296.0 6.6875
297.0 6.984375
298.0 6.9921875
299.0 2.5390625
300.0 11.7890625
301.0 6.921875
302.0 7.09375
303.0 8.328125
304.0 7.6640625
305.0 6.9609375
306.0 7.984375
307.0 8.2109375
308.0 8.375
309.0 8.421875
310.0 8.5703125
311.0 8.1484375
312.0 7.9375
313.0 3.4921875
314.0 12.578125
315.0 7.5859375
316.0 3.5234375
317.0 12.1875
318.0 8.2265625
319.0 7.6328125
320.0 7.7578125
321.0 6.859375
322.0 7.140625
323.0 6.5625
324.0 6.5
325.0 7.734375
326.0 7.8671875
327.0 8.40625
328.0 7.8203125
329.0 4.0
330.0 11.0390625
331.0 7.65625
332.0 8.5703125
333.0 7.9921875
334.0 8.03125
335.0 8.65625
336.0 8.34375
337.0 8.4765625
338.0 8.1171875
339.0 8.203125
340.0 7.8203125
341.0 7.796875
342.0 8.2109375
343.0 8.390625
344.0 8.1640625
345.0 7.796875
346.0 8.2109375
347.0 8.2421875
348.0 7.984375
349.0 8.796875
350.0 8.1953125
351.0 8.7421875
352.0 8.8203125
353.0 8.71875
354.0 8.5390625
355.0 8.7109375
356.0 7.765625
357.0 8.40625
358.0 8.0234375
359.0 8.328125
360.0 8.296875
361.0 8.6875
362.0 8.5859375
363.0 8.375
364.0 8.2265625
365.0 8.34375
366.0 8.703125
367.0 7.609375
368.0 8.5078125
369.0 7.78125
370.0 8.1640625
371.0 7.546875
372.0 7.2421875
373.0 5.796875
374.0 7.046875
375.0 8.3125
376.0 5.859375
377.0 4.3203125
378.0 7.7265625
379.0 8.1796875
380.0 7.6328125
381.0 8.375
382.0 7.5234375
383.0 8.359375
384.0 8.5234375
385.0 8.5234375
386.0 8.5625
387.0 8.46875
388.0 8.6875
389.0 8.4453125
390.0 8.359375
391.0 8.796875
392.0 8.8046875
393.0 9.2265625
394.0 9.3671875
395.0 8.265625
396.0 8.703125
397.0 8.4453125
398.0 8.4921875
399.0 9.21875
400.0 8.5234375
401.0 8.265625
402.0 8.625
403.0 8.65625
404.0 6.2578125
405.0 10.0859375
406.0 8.234375
407.0 7.9609375
408.0 7.1875
409.0 8.1640625
410.0 7.0078125
411.0 7.8515625
412.0 8.2265625
413.0 8.2421875
414.0 8.234375
415.0 8.4140625
416.0 9.0625
417.0 8.6875
418.0 8.3828125
419.0 8.75
420.0 8.5625
421.0 8.5
422.0 8.4609375
423.0 8.734375
424.0 8.5859375
425.0 8.734375
426.0 8.8046875
427.0 8.375
428.0 8.71875
429.0 8.4375
430.0 7.46875
431.0 9.0625
432.0 8.46875
433.0 8.8671875
434.0 8.8515625
435.0 8.703125
436.0 8.3828125
437.0 8.5078125
438.0 8.265625
439.0 7.984375
440.0 7.875
441.0 8.4453125
442.0 8.3515625
443.0 8.7890625
444.0 8.7109375
445.0 8.4609375
446.0 8.5078125
447.0 8.7109375
448.0 8.5390625
449.0 8.3125
450.0 8.4453125
451.0 8.3125
452.0 8.375
453.0 7.703125
454.0 8.2265625
455.0 8.1484375
456.0 8.390625
457.0 8.0625
458.0 9.046875
459.0 8.4140625
460.0 8.0234375
461.0 8.375
462.0 8.3828125
463.0 7.96875
464.0 8.203125
465.0 8.2734375
466.0 8.1328125
467.0 8.2578125
468.0 8.7109375
469.0 8.5859375
470.0 8.203125
471.0 8.5546875
472.0 8.5078125
473.0 8.046875
474.0 8.4375
475.0 8.171875
476.0 6.421875
477.0 10.3828125
478.0 8.265625
479.0 8.2265625
480.0 8.203125
481.0 6.4375
482.0 10.3515625
483.0 8.5625
484.0 8.4453125
485.0 8.5234375
486.0 8.2265625
487.0 8.640625
488.0 8.2421875
489.0 7.9921875
490.0 8.40625
491.0 8.7421875
492.0 8.6171875
493.0 8.4140625
494.0 8.6484375
495.0 3.65625
496.0 13.1875
497.0 8.1796875
498.0 8.1171875
499.0 8.375
500.0 8.5625
501.0 8.4765625
502.0 8.6171875
503.0 7.6640625
504.0 9.0625
505.0 8.2890625
506.0 8.5078125
507.0 8.2890625
508.0 7.4921875
509.0 7.8203125
510.0 7.7265625
511.0 8.1171875
512.0 8.09375
513.0 8.0859375
514.0 8.109375
515.0 7.6640625
516.0 8.4453125
517.0 8.0546875
518.0 8.4921875
519.0 8.265625
520.0 8.4140625
521.0 8.375
522.0 8.2109375
523.0 8.3828125
524.0 8.359375
525.0 8.671875
526.0 8.765625
527.0 8.5
528.0 7.96875
529.0 8.4609375
530.0 8.5703125
531.0 8.046875
532.0 1.6171875
533.0 7.2578125
534.0 8.1484375
535.0 7.484375
536.0 7.84375
537.0 8.5234375
538.0 8.2265625
539.0 7.90625
540.0 3.921875
541.0 13.3203125
542.0 9.1484375
543.0 8.40625
544.0 8.3515625
545.0 8.2109375
546.0 8.1796875
547.0 8.09375
548.0 8.375
549.0 8.5
550.0 8.671875
551.0 7.984375
552.0 8.5546875
553.0 8.078125
554.0 8.2578125
555.0 8.40625
556.0 8.4609375
557.0 8.1640625
558.0 8.1953125
559.0 8.296875
560.0 8.2578125
561.0 8.03125
562.0 8.40625
563.0 8.4765625
564.0 8.5
565.0 8.640625
566.0 8.6875
567.0 8.7734375
568.0 8.8984375
569.0 8.59375
570.0 8.390625
571.0 8.8203125
572.0 8.6015625
573.0 8.375
574.0 8.40625
575.0 8.59375
576.0 8.421875
577.0 4.453125
578.0 4.390625
579.0 4.984375
580.0 4.8671875
581.0 5.90625
582.0 8.6015625
583.0 8.5625
584.0 8.5703125
585.0 8.5234375
586.0 8.4140625
587.0 8.296875
588.0 8.2109375
589.0 8.1953125
590.0 8.4609375
591.0 8.1640625
592.0 8.53125
593.0 8.2109375
594.0 8.4765625
595.0 8.8359375
596.0 8.5546875
597.0 9.0
598.0 8.5703125
599.0 8.40625
