0.0 6.109375
1.0 6.421875
2.0 4.234375
3.0 4.0546875
4.0 5.9140625
5.0 6.0546875
6.0 5.53125
7.0 2.1015625
8.0 9.15625
9.0 5.9765625
10.0 6.0078125
11.0 5.8515625
12.0 4.5390625
13.0 7.375
14.0 5.6953125
15.0 5.9765625
16.0 5.78125
17.0 5.8515625
18.0 5.828125
19.0 5.9140625
20.0 5.546875
21.0 4.71875
22.0 4.1875
23.0 5.2890625
24.0 5.765625
25.0 5.796875
26.0 0.8984375
27.0 10.640625
28.0 5.5859375
29.0 5.6953125
30.0 4.1796875
31.0 0.0
32.0 7.8828125
33.0 3.7265625
34.0 3.6484375
35.0 4.1484375
36.0 4.5078125
37.0 4.8359375
38.0 3.609375
39.0 3.40625
40.0 3.546875
41.0 0.8125
42.0 5.7265625
43.0 2.6953125
44.0 6.03125
45.0 4.0078125
46.0 4.5390625
47.0 2.375
48.0 1.03125
49.0 1.5625
50.0 2.265625
51.0 3.4453125
52.0 3.4609375
53.0 3.8515625
54.0 3.3203125
55.0 3.65625
56.0 4.1171875
57.0 3.171875
58.0 0.0
59.0 7.65625
60.0 3.65625
61.0 4.1171875
62.0 3.671875
63.0 3.7109375
64.0 2.2109375
65.0 5.546875
66.0 3.609375
67.0 3.7734375
68.0 3.8203125
69.0 3.890625
70.0 4.71875
71.0 3.7578125
72.0 3.59375
73.0 3.5546875
74.0 3.5234375
75.0 3.703125
76.0 3.734375
77.0 2.03125
78.0 0.2734375
79.0 7.8828125
80.0 1.0234375
81.0 3.609375
82.0 3.609375
83.0 3.7890625
84.0 3.6171875
85.0 3.765625
86.0 3.734375
87.0 2.96875
88.0 0.0
89.0 8.6875
90.0 3.7578125
91.0 3.625
92.0 2.6875
93.0 4.78125
94.0 4.84375
95.0 5.578125
96.0 4.9921875
97.0 4.71875
98.0 4.15625
99.0 3.703125
100.0 3.6953125
101.0 3.7890625
102.0 3.96875
103.0 4.3828125
104.0 3.828125
105.0 2.6953125
106.0 0.0
107.0 8.234375
108.0 3.8046875
109.0 3.7890625
110.0 3.734375
111.0 1.2109375
112.0 5.140625
113.0 4.84375
114.0 3.7421875
115.0 4.0546875
116.0 4.125
117.0 3.859375
118.0 4.0703125
119.0 4.0546875
120.0 3.921875
121.0 3.953125
122.0 3.8515625
123.0 3.8828125
124.0 3.765625
125.0 3.921875
126.0 1.640625
127.0 6.3828125
128.0 3.828125
129.0 4.1328125
130.0 4.0
131.0 1.4140625
132.0 6.46875
133.0 4.0078125
134.0 4.0625
135.0 3.828125
136.0 3.7890625
137.0 3.8515625
138.0 3.796875
139.0 3.9921875
140.0 3.9140625
141.0 3.84375
142.0 4.0234375
143.0 3.890625
144.0 3.1640625
145.0 0.1953125
146.0 8.5859375
147.0 3.859375
148.0 3.21875
149.0 0.0
150.0 7.2265625
151.0 3.5
152.0 3.46875
153.0 3.4296875
154.0 3.3828125
155.0 2.7734375
156.0 2.890625
157.0 3.1015625
158.0 2.96875
159.0 3.0
160.0 3.4609375
161.0 1.953125
162.0 0.0
163.0 0.0
164.0 6.0078125
165.0 0.96875
166.0 0.84375
167.0 5.1640625
168.0 5.3828125
169.0 4.9609375
170.0 3.96875
171.0 2.3984375
172.0 0.5546875
173.0 0.0
174.0 6.9140625
175.0 2.28125
176.0 1.734375
177.0 2.8125
178.0 3.2265625
179.0 2.96875
180.0 0.8203125
181.0 5.8828125
182.0 3.515625
183.0 3.5
184.0 3.609375
185.0 4.0234375
186.0 3.765625
187.0 3.2578125
188.0 3.3984375
189.0 3.8515625
190.0 3.5546875
191.0 3.25
192.0 2.0078125
193.0 0.0078125
194.0 8.34375
195.0 4.1171875
196.0 4.3203125
197.0 3.859375
198.0 3.890625
199.0 3.671875
200.0 3.84375
201.0 3.7734375
202.0 4.09375
203.0 3.7109375
204.0 3.0703125
205.0 5.21875
206.0 3.6171875
207.0 3.7265625
208.0 3.703125
209.0 3.859375
210.0 3.5546875
211.0 1.2578125
212.0 6.3046875
213.0 3.046875
214.0 2.875
215.0 3.2578125
216.0 1.8984375
217.0 1.53125
218.0 1.8203125
219.0 3.7109375
220.0 3.640625
221.0 3.734375
222.0 3.65625
223.0 3.90625
224.0 0.015625
225.0 7.46875
226.0 3.703125
227.0 3.921875
228.0 3.578125
229.0 3.0390625
230.0 0.0
231.0 8.375
232.0 4.21875
233.0 3.875
234.0 3.8828125
235.0 3.6953125
236.0 3.7421875
237.0 3.953125
238.0 3.921875
239.0 3.921875
240.0 3.90625
241.0 3.46875
242.0 1.5
243.0 5.9296875
244.0 3.65625
245.0 3.9375
246.0 4.25
247.0 1.7421875
248.0 7.078125
249.0 3.6484375
250.0 4.2421875
251.0 1.5
252.0 7.7890625
253.0 3.890625
254.0 3.8203125
255.0 3.6953125
256.0 3.9921875
257.0 4.0390625
258.0 4.0078125
259.0 4.203125
260.0 3.875
261.0 4.0546875
262.0 4.0
263.0 1.0
264.0 7.0078125
265.0 4.0078125
266.0 3.9765625
267.0 3.953125
268.0 4.953125
269.0 1.5390625
270.0 6.1171875
271.0 1.140625
272.0 3.9765625
273.0 3.875
274.0 4.0078125
275.0 4.0859375
276.0 3.9375
277.0 4.1015625
278.0 3.953125
279.0 1.4609375
280.0 6.5390625
281.0 4.03125
282.0 4.21875
283.0 4.796875
284.0 4.1328125
285.0 3.953125
286.0 3.9140625
287.0 3.625
288.0 3.203125
289.0 0.984375
290.0 0.0
291.0 7.4609375
292.0 3.7734375
293.0 4.0859375
294.0 4.125
295.0 2.4296875
296.0 0.390625
297.0 0.0
298.0 7.6171875
299.0 3.84375
300.0 4.2734375
301.0 4.6015625
302.0 3.734375
303.0 3.609375
304.0 3.7265625
305.0 4.15625
306.0 2.90625
307.0 7.6640625
308.0 5.5859375
309.0 4.7109375
310.0 2.9375
311.0 2.3671875
312.0 2.4765625
313.0 4.0859375
314.0 5.171875
315.0 4.09375
316.0 6.75
317.0 5.3984375
318.0 5.671875
319.0 5.8515625
320.0 5.7578125
321.0 0.8359375
322.0 10.8515625
323.0 5.7578125
324.0 5.7578125
325.0 3.234375
326.0 8.0234375
327.0 4.0625
328.0 5.140625
329.0 3.953125
330.0 5.9765625
331.0 4.71875
332.0 4.6015625
333.0 4.8359375
334.0 5.671875
335.0 5.5234375
336.0 5.234375
337.0 5.609375
338.0 5.34375
339.0 4.7421875
340.0 5.3828125
341.0 5.640625
342.0 4.8125
343.0 1.4453125
344.0 8.3515625
345.0 5.0859375
346.0 5.3125
347.0 5.703125
348.0 5.640625
349.0 5.8125
350.0 5.7109375
351.0 5.4375
352.0 5.15625
353.0 4.5
354.0 4.8359375
355.0 5.9765625
356.0 4.03125
357.0 2.4296875
358.0 6.453125
359.0 4.296875
360.0 4.515625
361.0 4.59375
362.0 4.59375
363.0 4.8984375
364.0 4.2734375
365.0 4.4765625
366.0 4.578125
367.0 4.1875
368.0 6.3515625
369.0 4.9609375
370.0 4.828125
371.0 5.9375
372.0 6.4765625
373.0 6.8359375
374.0 6.59375
375.0 2.6015625
376.0 10.796875
377.0 5.75
378.0 5.0078125
379.0 4.15625
380.0 1.8984375
381.0 9.1484375
382.0 5.671875
383.0 5.96875
384.0 6.0390625
385.0 6.6015625
386.0 6.3046875
387.0 5.6640625
388.0 4.6015625
389.0 4.6953125
390.0 5.7265625
391.0 6.296875
392.0 5.46875
393.0 5.5859375
394.0 5.5546875
395.0 5.703125
396.0 5.5625
397.0 5.546875
398.0 5.734375
399.0 1.859375
400.0 7.3125
401.0 3.2578125
402.0 4.6015625
403.0 4.28125
404.0 2.015625
405.0 8.1171875
406.0 5.4375
407.0 5.609375
408.0 5.28125
409.0 5.3203125
410.0 6.6015625
411.0 5.96875
412.0 4.828125
413.0 4.90625
414.0 4.484375
415.0 4.9921875
416.0 5.75
417.0 3.3828125
418.0 6.0859375
419.0 4.4453125
420.0 4.7734375
421.0 4.5390625
422.0 4.3671875
423.0 1.71875
424.0 9.6015625
425.0 4.875
426.0 4.0625
427.0 4.6015625
428.0 4.203125
429.0 4.234375
430.0 0.4375
431.0 7.7265625
432.0 3.84375
433.0 3.4140625
434.0 3.5
435.0 0.8828125
436.0 8.3515625
437.0 5.75
438.0 4.6953125
439.0 4.0625
440.0 5.0859375
441.0 5.6484375
442.0 5.515625
443.0 5.25
444.0 4.609375
445.0 4.90625
446.0 4.984375
447.0 5.5546875
448.0 5.2734375
449.0 5.9609375
450.0 5.3046875
451.0 5.5625
452.0 4.90625
453.0 4.890625
454.0 5.375
455.0 0.1640625
456.0 7.796875
457.0 5.234375
458.0 5.203125
459.0 4.7578125
460.0 5.5546875
461.0 6.203125
462.0 6.171875
463.0 5.6640625
464.0 5.6796875
465.0 6.0
466.0 5.8125
467.0 5.15625
468.0 5.75
469.0 5.765625
470.0 5.640625
471.0 3.375
472.0 1.734375
473.0 4.8046875
474.0 4.171875
475.0 5.828125
476.0 4.859375
477.0 1.5234375
478.0 7.28125
479.0 5.3046875
480.0 5.96875
481.0 5.8828125
482.0 4.4765625
483.0 5.421875
484.0 6.171875
485.0 5.6953125
486.0 4.3515625
487.0 4.6328125
488.0 5.1875
489.0 5.890625
490.0 5.7109375
491.0 6.1171875
492.0 4.875
493.0 2.984375
494.0 2.75
495.0 4.890625
496.0 4.578125
497.0 5.1328125
498.0 4.0859375
499.0 4.8046875
500.0 4.5703125
501.0 4.6953125
502.0 5.0703125
503.0 4.5078125
504.0 5.3125
505.0 3.90625
506.0 4.3359375
507.0 4.9765625
508.0 5.125
509.0 4.4140625
510.0 5.2890625
511.0 5.75
512.0 4.09375
513.0 4.921875
514.0 5.28125
515.0 5.6328125
516.0 4.75
517.0 4.6328125
518.0 4.25
519.0 4.6796875
520.0 4.984375
521.0 5.5625
522.0 5.0546875
523.0 4.1875
524.0 4.609375
525.0 4.7421875
526.0 4.3984375
527.0 2.3984375
528.0 8.1484375
529.0 5.765625
530.0 3.703125
531.0 1.2109375
532.0 8.2734375
533.0 5.375
534.0 5.7890625
535.0 5.5625
536.0 5.3125
537.0 5.6484375
538.0 5.1953125
539.0 4.796875
540.0 5.046875
541.0 5.7265625
542.0 5.2890625
543.0 4.3046875
544.0 1.1953125
545.0 9.2265625
546.0 4.71875
547.0 5.1640625
548.0 4.5
549.0 5.34375
550.0 2.1875
551.0 8.4921875
552.0 5.0546875
553.0 5.28125
554.0 4.3203125
555.0 4.28125
556.0 5.6796875
557.0 5.9375
558.0 5.40625
559.0 5.828125
560.0 4.78125
561.0 1.1328125
562.0 0.8046875
563.0 6.125
564.0 5.46875
565.0 5.7265625
566.0 5.1953125
567.0 5.375
568.0 3.796875
569.0 3.328125
570.0 3.5546875
571.0 3.3828125
572.0 0.0
573.0 6.4140625
574.0 0.8359375
575.0 3.921875
576.0 4.8984375
577.0 5.3359375
578.0 5.640625
579.0 5.6171875
580.0 5.75
581.0 1.4375
582.0 0.0
583.0 7.2734375
584.0 4.59375
585.0 5.0546875
586.0 5.7578125
587.0 5.703125
588.0 3.0859375
589.0 7.65625
590.0 4.953125
591.0 4.5625
592.0 4.71875
593.0 4.7421875
594.0 4.1171875
595.0 4.203125
596.0 5.140625
597.0 5.6171875
598.0 5.6484375
599.0 4.8125
