0.0 2.5703125
1.0 0.0
2.0 7.3203125
3.0 2.984375
4.0 5.6171875
5.0 6.59375
6.0 6.890625
7.0 6.625
8.0 6.328125
9.0 3.28125
10.0 9.0625
11.0 5.828125
12.0 5.9296875
13.0 4.828125
14.0 4.2421875
15.0 3.671875
16.0 4.46875
17.0 5.2578125
18.0 5.5234375
19.0 3.4296875
20.0 3.3203125
21.0 3.515625
22.0 0.15625
23.0 6.6640625
24.0 3.546875
25.0 4.234375
26.0 4.6484375
27.0 3.9140625
28.0 1.53125
29.0 5.6328125
30.0 4.9609375
31.0 3.046875
32.0 3.3203125
33.0 3.578125
34.0 2.8203125
35.0 2.03125
36.0 2.0625
37.0 2.3359375
38.0 2.046875
39.0 1.9140625
40.0 2.2109375
41.0 0.0
42.0 6.75
43.0 5.4609375
44.0 5.8203125
45.0 5.21875
46.0 4.3671875
47.0 4.328125
48.0 3.46875
49.0 3.3125
50.0 3.1953125
51.0 3.546875
52.0 3.4296875
53.0 3.0859375
54.0 0.2578125
55.0 7.6640625
56.0 3.3984375
57.0 3.25
58.0 2.265625
59.0 7.15625
60.0 4.3515625
61.0 3.0234375
62.0 2.9296875
63.0 3.265625
64.0 3.6484375
65.0 2.921875
66.0 2.6640625
67.0 3.3203125
68.0 3.34375
69.0 4.6796875
70.0 5.46875
71.0 5.3671875
72.0 0.453125
73.0 8.0234375
74.0 3.203125
75.0 1.4375
76.0 9.2734375
77.0 4.0703125
78.0 3.2890625
79.0 3.28125
80.0 3.171875
81.0 3.4765625
82.0 3.1171875
83.0 3.0390625
84.0 3.28125
85.0 3.34375
86.0 5.7265625
87.0 3.546875
88.0 3.3671875
89.0 0.015625
90.0 5.734375
91.0 2.3046875
92.0 2.15625
93.0 2.6015625
94.0 3.0390625
95.0 2.65625
96.0 0.015625
97.0 5.234375
98.0 5.3359375
99.0 4.3671875
100.0 4.21875
101.0 4.484375
102.0 3.8828125
103.0 4.1328125
104.0 2.9921875
105.0 3.046875
106.0 2.953125
107.0 2.9609375
108.0 2.8984375
109.0 0.0
110.0 6.7109375
111.0 3.34375
112.0 4.0625
113.0 6.15625
114.0 6.328125
115.0 4.796875
116.0 3.0
117.0 2.7734375
118.0 1.2890625
119.0 0.0
120.0 6.8359375
121.0 2.625
122.0 3.0234375
123.0 3.1484375
124.0 3.3203125
125.0 1.7578125
126.0 7.3671875
127.0 5.9140625
128.0 6.2734375
129.0 5.28125
130.0 4.1015625
131.0 2.8515625
132.0 2.84375
133.0 2.4140625
134.0 3.34375
135.0 2.640625
136.0 2.546875
137.0 2.78125
138.0 1.953125
139.0 0.0
140.0 6.8125
141.0 5.0078125
142.0 5.6640625
143.0 3.375
144.0 2.9609375
145.0 1.4921875
146.0 0.0
147.0 6.484375
148.0 3.203125
149.0 2.9609375
150.0 3.0234375
151.0 2.71875
152.0 1.8828125
153.0 4.2734375
154.0 5.9375
155.0 4.234375
156.0 2.8125
157.0 2.8046875
158.0 0.5546875
159.0 6.0546875
160.0 2.875
161.0 2.8671875
162.0 2.4140625
163.0 2.625
164.0 2.484375
165.0 2.0859375
166.0 0.0
167.0 8.9765625
168.0 2.125
169.0 2.1015625
170.0 2.015625
171.0 1.46875
172.0 1.34375
173.0 1.078125
174.0 1.0625
175.0 2.2421875
176.0 2.4921875
177.0 2.5234375
178.0 2.125
179.0 0.8125
180.0 0.0
181.0 5.4921875
182.0 3.4921875
183.0 4.484375
184.0 5.5234375
185.0 5.4609375
186.0 5.3359375
187.0 1.0
188.0 9.0078125
189.0 5.3203125
190.0 5.75
191.0 4.6640625
192.0 5.0859375
193.0 3.7890625
194.0 3.1640625
195.0 3.2890625
196.0 3.5
197.0 4.125
198.0 3.4296875
199.0 1.2109375
200.0 7.15625
201.0 3.7265625
202.0 4.359375
203.0 5.1640625
204.0 2.6640625
205.0 5.84375
206.0 2.5625
207.0 6.2421875
208.0 3.4921875
209.0 2.921875
210.0 3.234375
211.0 3.3828125
212.0 3.2578125
213.0 1.828125
214.0 4.7265625
215.0 3.3125
216.0 3.1796875
217.0 2.71875
218.0 7.4609375
219.0 4.390625
220.0 2.90625
221.0 3.2890625
222.0 3.140625
223.0 3.28125
224.0 3.2265625
225.0 3.3984375
226.0 2.96875
227.0 3.796875
228.0 6.171875
229.0 5.7890625
230.0 4.6015625
231.0 1.2890625
232.0 0.0
233.0 7.9140625
234.0 2.609375
235.0 2.78125
236.0 2.5390625
237.0 0.9140625
238.0 0.7578125
239.0 5.8125
240.0 7.5078125
241.0 5.828125
242.0 5.6953125
243.0 6.1484375
244.0 4.1015625
245.0 2.7421875
246.0 1.796875
247.0 1.4609375
248.0 1.6875
249.0 3.1796875
250.0 3.265625
251.0 1.8359375
252.0 4.8046875
253.0 3.140625
254.0 3.578125
255.0 4.1796875
256.0 4.484375
257.0 3.234375
258.0 2.9921875
259.0 3.0859375
260.0 3.1171875
261.0 3.2890625
262.0 3.1796875
263.0 3.1328125
264.0 3.25
265.0 1.5
266.0 5.6796875
267.0 3.2578125
268.0 3.265625
269.0 3.0
270.0 3.25
271.0 3.203125
272.0 3.203125
273.0 3.203125
274.0 0.2265625
275.0 10.21875
276.0 4.59375
277.0 3.1953125
278.0 3.53125
279.0 3.2578125
280.0 3.1640625
281.0 3.109375
282.0 3.296875
283.0 3.3828125
284.0 3.1796875
285.0 5.3359375
286.0 6.140625
287.0 3.890625
288.0 9.640625
289.0 6.65625
290.0 6.3359375
291.0 5.2890625
292.0 1.140625
293.0 7.2265625
294.0 0.9140625
295.0 3.609375
296.0 3.234375
297.0 3.328125
298.0 3.5546875
299.0 3.265625
300.0 2.6953125
301.0 7.1015625
302.0 3.7578125
303.0 3.53125
304.0 3.2890625
305.0 2.8671875
306.0 1.828125
307.0 4.7109375
308.0 2.78125
309.0 3.1796875
310.0 4.421875
311.0 3.7578125
312.0 6.5703125
313.0 3.5234375
314.0 3.015625
315.0 3.28125
316.0 3.3203125
317.0 3.3984375
318.0 3.5234375
319.0 3.2890625
320.0 3.3515625
321.0 4.578125
322.0 5.7890625
323.0 4.5625
324.0 3.234375
325.0 0.578125
326.0 5.4375
327.0 2.640625
328.0 0.0
329.0 2.6875
330.0 3.0
331.0 2.84375
332.0 4.4296875
333.0 6.2421875
334.0 5.828125
335.0 3.59375
336.0 4.1796875
337.0 3.078125
338.0 3.2890625
339.0 3.1328125
340.0 3.0
341.0 3.328125
342.0 2.875
343.0 2.484375
344.0 2.4921875
345.0 1.703125
346.0 4.6328125
347.0 3.203125
348.0 3.0390625
349.0 2.90625
350.0 3.1015625
351.0 3.4765625
352.0 3.1171875
353.0 3.40625
354.0 2.8359375
355.0 3.7109375
356.0 4.125
357.0 3.1328125
358.0 2.03125
359.0 0.0
360.0 7.40625
361.0 3.0234375
362.0 3.203125
363.0 3.1953125
364.0 2.015625
365.0 0.078125
366.0 8.46875
367.0 5.0546875
368.0 4.5703125
369.0 4.2421875
370.0 2.890625
371.0 3.046875
372.0 2.96875
373.0 2.9375
374.0 2.6328125
375.0 2.8671875
376.0 3.265625
377.0 2.8671875
378.0 0.2265625
379.0 7.1875
380.0 6.0625
381.0 4.0859375
382.0 4.328125
383.0 5.9140625
384.0 3.7109375
385.0 7.3046875
386.0 3.6953125
387.0 3.140625
388.0 3.625
389.0 3.796875
390.0 3.4375
391.0 4.296875
392.0 2.7734375
393.0 2.8359375
394.0 2.4609375
395.0 2.359375
396.0 2.1171875
397.0 0.2109375
398.0 5.3046875
399.0 2.0703125
400.0 2.1953125
401.0 1.59375
402.0 8.59375
403.0 6.328125
404.0 6.109375
405.0 3.1484375
406.0 9.2265625
407.0 5.9609375
408.0 6.0234375
409.0 6.296875
410.0 6.5
411.0 3.671875
412.0 4.6953125
413.0 5.1953125
414.0 5.171875
415.0 5.609375
416.0 4.5390625
417.0 3.640625
418.0 3.7578125
419.0 1.4453125
420.0 6.890625
421.0 3.1328125
422.0 3.1328125
423.0 2.90625
424.0 0.7265625
425.0 5.15625
426.0 3.4921875
427.0 2.125
428.0 2.3359375
429.0 1.7890625
430.0 3.2265625
431.0 2.96875
432.0 3.21875
433.0 3.25
434.0 3.5859375
435.0 3.2890625
436.0 3.828125
437.0 6.3046875
438.0 6.234375
439.0 3.328125
440.0 8.328125
441.0 4.1171875
442.0 2.8203125
443.0 0.0
444.0 6.2734375
445.0 1.5546875
446.0 2.046875
447.0 3.40625
448.0 2.9609375
449.0 2.8046875
450.0 2.421875
451.0 3.078125
452.0 4.1015625
453.0 1.109375
454.0 10.53125
455.0 5.5234375
456.0 6.0390625
457.0 5.34375
458.0 3.3828125
459.0 5.84375
460.0 5.609375
461.0 4.1875
462.0 2.34375
463.0 2.71875
464.0 3.3828125
465.0 3.6796875
466.0 3.875
467.0 3.640625
468.0 3.3515625
469.0 3.1640625
470.0 3.296875
471.0 2.4453125
472.0 8.390625
473.0 4.5625
474.0 3.3671875
475.0 3.4453125
476.0 3.3203125
477.0 3.40625
478.0 3.3984375
479.0 3.3515625
480.0 0.9375
481.0 6.703125
482.0 6.0
483.0 3.515625
484.0 3.2890625
485.0 1.5546875
486.0 5.9375
487.0 3.5625
488.0 3.4609375
489.0 3.25
490.0 3.3203125
491.0 3.40625
492.0 3.0859375
493.0 3.625
494.0 4.3046875
495.0 5.078125
496.0 4.171875
497.0 3.7578125
498.0 1.1953125
499.0 5.828125
500.0 3.375
501.0 2.59375
502.0 2.9609375
503.0 2.9375
504.0 0.0
505.0 6.2578125
506.0 4.5390625
507.0 4.6015625
508.0 5.84375
509.0 6.6171875
510.0 5.3671875
511.0 2.9921875
512.0 3.21875
513.0 3.203125
514.0 3.265625
515.0 3.1484375
516.0 3.53125
517.0 1.8671875
518.0 5.2890625
519.0 3.375
520.0 5.4921875
521.0 6.09375
522.0 5.15625
523.0 3.0234375
524.0 1.2265625
525.0 0.4921875
526.0 7.1015625
527.0 2.75
528.0 2.96875
529.0 2.75
530.0 2.484375
531.0 2.1328125
532.0 2.1640625
533.0 5.1640625
534.0 5.5546875
535.0 2.984375
536.0 3.328125
537.0 3.1953125
538.0 0.28125
539.0 5.6796875
540.0 2.640625
541.0 1.9765625
542.0 1.6796875
543.0 2.0390625
544.0 0.6171875
545.0 0.0
546.0 6.390625
547.0 2.7265625
548.0 2.265625
549.0 2.625
550.0 3.0703125
551.0 2.9921875
552.0 3.015625
553.0 1.7421875
554.0 1.6484375
555.0 3.171875
556.0 6.5703125
557.0 6.296875
558.0 2.046875
559.0 10.015625
560.0 6.65625
561.0 5.8515625
562.0 3.40625
563.0 1.953125
564.0 5.046875
565.0 3.1953125
566.0 3.2265625
567.0 2.7578125
568.0 3.0
569.0 3.078125
570.0 3.7734375
571.0 5.25
572.0 3.0546875
573.0 3.1484375
574.0 3.2265625
575.0 3.109375
576.0 0.0
577.0 6.9609375
578.0 3.203125
579.0 3.28125
580.0 3.609375
581.0 5.859375
582.0 5.6328125
583.0 2.953125
584.0 0.0
585.0 0.0
586.0 5.109375
587.0 0.96875
588.0 1.8203125
589.0 2.296875
590.0 2.046875
591.0 1.671875
592.0 2.1015625
593.0 2.4140625
594.0 2.125
595.0 2.1171875
596.0 2.1015625
597.0 2.1953125
598.0 2.7421875
599.0 2.4296875
