0.0 8.3828125
1.0 8.1484375
2.0 8.671875
3.0 8.6484375
4.0 8.296875
5.0 8.3125
6.0 8.890625
7.0 8.640625
8.0 6.5703125
9.0 10.1953125
10.0 8.2734375
11.0 8.359375
12.0 8.7421875
13.0 9.1328125
14.0 8.6484375
15.0 4.1171875
16.0 13.359375
17.0 8.796875
18.0 9.015625
19.0 8.984375
20.0 8.8046875
21.0 9.328125
22.0 8.8984375
23.0 8.984375
24.0 8.40625
25.0 8.328125
26.0 8.6796875
27.0 8.34375
28.0 6.8359375
29.0 9.7890625
30.0 8.4453125
31.0 8.71875
32.0 7.046875
33.0 10.1796875
34.0 8.328125
35.0 8.390625
36.0 8.0234375
37.0 8.2109375
38.0 8.1171875
39.0 8.09375
40.0 7.546875
41.0 5.890625
42.0 7.4296875
43.0 4.359375
44.0 6.65625
45.0 7.796875
46.0 6.328125
47.0 4.171875
48.0 6.65625
49.0 4.65625
50.0 4.859375
51.0 4.7734375
52.0 4.6796875
53.0 4.6484375
54.0 4.2734375
55.0 4.578125
56.0 5.5234375
57.0 6.15625
58.0 5.90625
59.0 5.8125
60.0 5.78125
61.0 2.421875
62.0 7.4296875
63.0 8.3203125
64.0 8.796875
65.0 8.4609375
66.0 8.5
67.0 8.71875
68.0 8.71875
69.0 8.96875
70.0 8.1171875
71.0 9.8203125
72.0 9.078125
73.0 7.5703125
74.0 7.3984375
75.0 7.7890625
76.0 8.2109375
77.0 8.3203125
78.0 8.4609375
79.0 8.4453125
80.0 8.75
81.0 8.671875
82.0 8.4921875
83.0 8.0625
84.0 8.203125
85.0 8.328125
86.0 8.375
87.0 8.59375
88.0 8.1953125
89.0 4.21875
90.0 10.9765625
91.0 8.4609375
92.0 8.59375
93.0 8.3125
94.0 7.984375
95.0 8.375
96.0 8.1640625
97.0 7.8359375
98.0 8.140625
99.0 7.9375
100.0 8.0859375
101.0 8.0
102.0 8.5625
103.0 8.5078125
104.0 8.265625
105.0 8.703125
106.0 8.40625
107.0 8.09375
108.0 8.5703125
109.0 6.9765625
110.0 3.9921875
111.0 10.7421875
112.0 8.203125
113.0 8.2109375
114.0 8.3515625
115.0 8.5078125
116.0 8.1796875
117.0 8.5625
118.0 8.1796875
119.0 7.640625
120.0 3.734375
121.0 12.046875
122.0 7.84375
123.0 8.2109375
124.0 7.28125
125.0 9.296875
126.0 7.9921875
127.0 8.0859375
128.0 8.140625
129.0 8.1953125
130.0 7.1796875
131.0 8.71875
132.0 6.859375
133.0 8.7734375
134.0 7.65625
135.0 7.8515625
136.0 7.8828125
137.0 7.90625
138.0 7.8125
139.0 7.84375
140.0 8.6171875
141.0 8.078125
142.0 7.75
143.0 7.6328125
144.0 7.75
145.0 7.8984375
146.0 7.5859375
147.0 7.703125
148.0 8.109375
149.0 8.2890625
150.0 8.2578125
151.0 8.03125
152.0 5.3359375
153.0 10.96875
154.0 5.2265625
155.0 5.4609375
156.0 5.796875
157.0 7.78125
158.0 8.109375
159.0 7.9453125
160.0 7.75
161.0 6.6171875
162.0 6.4140625
163.0 7.8671875
164.0 4.796875
165.0 3.671875
166.0 4.4296875
167.0 8.1640625
168.0 8.375
169.0 7.515625
170.0 6.921875
171.0 6.421875
172.0 7.03125
173.0 7.2734375
174.0 6.3671875
175.0 8.4921875
176.0 4.8984375
177.0 5.640625
178.0 6.4765625
179.0 6.6015625
180.0 6.109375
181.0 7.6171875
182.0 6.625
183.0 7.0703125
184.0 7.1640625
185.0 7.1015625
186.0 7.3203125
187.0 7.0390625
188.0 6.9921875
189.0 6.3671875
190.0 6.59375
191.0 6.6875
192.0 7.2109375
193.0 7.6015625
194.0 6.9140625
195.0 6.8359375
196.0 7.578125
197.0 7.46875
198.0 7.2890625
199.0 4.921875
200.0 0.140625
201.0 6.84375
202.0 3.8203125
203.0 2.296875
204.0 3.1015625
205.0 2.953125
206.0 3.2578125
207.0 3.0859375
208.0 3.265625
209.0 3.2578125
210.0 3.4921875
211.0 3.84375
212.0 3.40625
213.0 2.59375
214.0 0.0
215.0 5.9453125
216.0 3.4375
217.0 3.328125
218.0 3.0859375
219.0 0.0
220.0 4.5390625
221.0 1.4453125
222.0 0.5703125
223.0 4.328125
224.0 0.671875
225.0 0.84375
226.0 1.3203125
227.0 4.0390625
228.0 6.6328125
229.0 7.140625
230.0 6.984375
231.0 6.8046875
232.0 5.125
233.0 9.7265625
234.0 7.78125
235.0 5.15625
236.0 3.9765625
237.0 9.640625
238.0 7.8359375
239.0 7.375
240.0 7.7265625
241.0 8.109375
242.0 7.6015625
243.0 7.2421875
244.0 7.1875
245.0 7.3125
246.0 7.3984375
247.0 7.6328125
248.0 6.9296875
249.0 9.0
250.0 8.40625
251.0 8.1171875
252.0 7.65625
253.0 7.9375
254.0 7.9453125
255.0 8.0234375
256.0 7.578125
257.0 6.953125
258.0 7.8671875
259.0 8.1953125
260.0 8.0859375
261.0 8.2578125
262.0 7.9921875
263.0 8.03125
264.0 8.1796875
265.0 8.390625
266.0 8.1796875
267.0 8.1171875
268.0 8.2421875
269.0 8.1328125
270.0 8.2265625
271.0 8.1796875
272.0 8.2578125
273.0 8.3125
274.0 8.0546875
275.0 8.0234375
276.0 8.359375
277.0 8.265625
278.0 8.0234375
279.0 8.3125
280.0 7.7578125
281.0 7.9375
282.0 8.359375
283.0 8.390625
284.0 8.1484375
285.0 8.1484375
286.0 8.2109375
287.0 7.15625
288.0 1.7421875
289.0 0.0
290.0 1.5546875
291.0 6.9453125
292.0 7.1640625
293.0 7.8828125
294.0 7.6640625
295.0 3.1328125
296.0 11.0390625
297.0 6.7421875
298.0 6.359375
299.0 7.6953125
300.0 6.2109375
301.0 5.375
302.0 7.4921875
303.0 5.125
304.0 4.0859375
305.0 3.90625
306.0 3.921875
307.0 4.625
308.0 3.9921875
309.0 2.609375
310.0 1.1171875
311.0 1.015625
312.0 0.0
313.0 9.1171875
314.0 7.8828125
315.0 8.2578125
316.0 7.0390625
317.0 8.5234375
318.0 8.2109375
319.0 7.8984375
320.0 8.0546875
321.0 8.0
322.0 8.015625
323.0 8.0234375
324.0 7.78125
325.0 7.671875
326.0 7.671875
327.0 7.703125
328.0 7.640625
329.0 8.046875
330.0 8.3125
331.0 8.421875
332.0 8.1171875
333.0 8.359375
334.0 7.9375
335.0 8.40625
336.0 8.2578125
337.0 8.2734375
338.0 7.8515625
339.0 7.421875
340.0 7.9453125
341.0 8.2265625
342.0 8.359375
343.0 8.2734375
344.0 8.1171875
345.0 8.5078125
346.0 8.3125
347.0 2.84375
348.0 9.3359375
349.0 7.3046875
350.0 7.546875
351.0 8.046875
352.0 6.109375
353.0 9.6015625
354.0 7.4375
355.0 7.1328125
356.0 7.3671875
357.0 7.3203125
358.0 7.3046875
359.0 7.2421875
360.0 7.2890625
361.0 5.0078125
362.0 4.3359375
363.0 8.765625
364.0 7.7578125
365.0 4.796875
366.0 4.1171875
367.0 5.1953125
368.0 4.390625
369.0 4.2421875
370.0 4.125
371.0 4.265625
372.0 4.09375
373.0 4.0
374.0 4.234375
375.0 4.171875
376.0 4.0234375
377.0 4.5703125
378.0 5.1953125
379.0 4.9453125
380.0 1.8515625
381.0 7.75
382.0 4.1484375
383.0 4.1484375
384.0 4.28125
385.0 3.875
386.0 0.0
387.0 10.0
388.0 8.640625
389.0 8.6015625
390.0 8.390625
391.0 8.4375
392.0 7.8984375
393.0 7.734375
394.0 7.359375
395.0 8.0
396.0 7.4375
397.0 8.4765625
398.0 8.0
399.0 8.59375
400.0 8.34375
401.0 8.0859375
402.0 8.375
403.0 8.015625
404.0 8.40625
405.0 8.171875
406.0 8.1484375
407.0 8.2265625
408.0 7.640625
409.0 8.0546875
410.0 7.9140625
411.0 2.296875
412.0 13.53125
413.0 7.9921875
414.0 4.71875
415.0 11.9296875
416.0 8.1953125
417.0 5.25
418.0 5.671875
419.0 6.6484375
420.0 7.1875
421.0 7.7578125
422.0 8.2265625
423.0 8.4375
424.0 7.5703125
425.0 7.90625
426.0 7.2265625
427.0 3.0390625
428.0 12.8828125
429.0 8.2578125
430.0 7.84375
431.0 8.1171875
432.0 7.5234375
433.0 8.8828125
434.0 7.9609375
435.0 8.2578125
436.0 8.4609375
437.0 8.3125
438.0 7.359375
439.0 9.125
440.0 8.328125
441.0 8.078125
442.0 8.2578125
443.0 8.1328125
444.0 8.0625
445.0 8.0
446.0 8.1171875
447.0 8.0625
448.0 8.078125
449.0 8.265625
450.0 8.109375
451.0 8.078125
452.0 6.0546875
453.0 10.171875
454.0 8.2578125
455.0 8.3203125
456.0 8.1953125
457.0 8.421875
458.0 8.0234375
459.0 4.875
460.0 10.3515625
461.0 8.375
462.0 8.3515625
463.0 8.5390625
464.0 7.8671875
465.0 7.7578125
466.0 7.3203125
467.0 9.2734375
468.0 8.3515625
469.0 8.7109375
470.0 7.3984375
471.0 9.21875
472.0 8.7421875
473.0 8.9765625
474.0 8.796875
475.0 8.5234375
476.0 7.640625
477.0 7.6875
478.0 8.59375
479.0 8.3828125
480.0 8.625
481.0 8.5703125
482.0 8.734375
483.0 8.46875
484.0 8.0546875
485.0 8.5859375
486.0 8.6484375
487.0 8.59375
488.0 8.9453125
489.0 8.6484375
490.0 8.65625
491.0 8.703125
492.0 8.8515625
493.0 8.5625
494.0 8.1953125
495.0 8.5078125
496.0 8.4375
497.0 8.703125
498.0 8.5859375
499.0 8.2890625
500.0 8.140625
501.0 8.09375
502.0 8.4921875
503.0 8.2890625
504.0 7.984375
505.0 4.59375
506.0 8.5234375
507.0 8.5625
508.0 8.296875
509.0 7.28125
510.0 4.6328125
511.0 11.7578125
512.0 8.328125
513.0 8.359375
514.0 8.9140625
515.0 8.4375
516.0 7.78125
517.0 9.3984375
518.0 7.578125
519.0 9.65625
520.0 7.7265625
521.0 9.390625
522.0 8.4609375
523.0 8.2734375
524.0 8.375
525.0 8.390625
526.0 7.5859375
527.0 9.09375
528.0 8.4609375
529.0 8.5390625
530.0 7.453125
531.0 8.9765625
532.0 7.5390625
533.0 8.4765625
534.0 8.2890625
535.0 8.2578125
536.0 7.15625
537.0 8.0625
538.0 8.015625
539.0 7.609375
540.0 7.484375
541.0 5.84375
542.0 6.484375
543.0 7.9453125
544.0 7.5546875
545.0 8.6875
546.0 7.609375
547.0 8.46875
548.0 7.8359375
549.0 8.234375
550.0 8.265625
551.0 8.09375
552.0 8.359375
553.0 8.3515625
554.0 8.203125
555.0 8.3828125
556.0 8.2734375
557.0 8.375
558.0 8.1171875
559.0 8.046875
560.0 7.5703125
561.0 7.8671875
562.0 8.1953125
563.0 8.03125
564.0 8.2265625
565.0 8.203125
566.0 8.2421875
567.0 8.2734375
568.0 8.1796875
569.0 8.265625
570.0 8.2890625
571.0 8.4375
572.0 8.4375
573.0 6.3671875
574.0 9.84375
575.0 9.1328125
576.0 8.5703125
577.0 8.5390625
578.0 8.53125
579.0 8.171875
580.0 7.9609375
581.0 8.140625
582.0 8.09375
583.0 7.578125
584.0 7.21875
585.0 6.8828125
586.0 5.421875
587.0 5.109375
588.0 1.8046875
589.0 9.8359375
590.0 5.609375
591.0 4.609375
592.0 3.7734375
593.0 5.3125
594.0 6.234375
595.0 7.03125
596.0 5.4609375
597.0 7.515625
598.0 7.3046875
599.0 7.3984375
