0.0 2.890625
1.0 2.71875
2.0 0.0
3.0 6.2890625
4.0 2.4296875
5.0 1.953125
6.0 3.0
7.0 3.1953125
8.0 2.0078125
9.0 0.0
10.0 7.390625
11.0 3.109375
12.0 1.9765625
13.0 2.515625
14.0 2.296875
15.0 2.890625
16.0 3.1328125
17.0 2.5234375
18.0 2.1875
19.0 2.8203125
20.0 4.0234375
21.0 2.125
22.0 1.609375
23.0 0.0
24.0 6.9609375
25.0 4.1171875
26.0 4.3046875
27.0 4.0625
28.0 4.53125
29.0 4.8984375
30.0 4.7578125
31.0 5.015625
32.0 2.8125
33.0 0.65625
34.0 6.9453125
35.0 3.3203125
36.0 3.234375
37.0 3.046875
38.0 1.96875
39.0 4.828125
40.0 4.0234375
41.0 2.8671875
42.0 3.1328125
43.0 2.546875
44.0 3.7265625
45.0 3.4375
46.0 3.5625
47.0 3.625
48.0 4.1328125
49.0 2.7890625
50.0 4.125
51.0 3.59375
52.0 2.7890625
53.0 3.65625
54.0 3.2578125
55.0 3.7890625
56.0 3.859375
57.0 4.3046875
58.0 2.1796875
59.0 0.0
60.0 9.0078125
61.0 2.78125
62.0 2.609375
63.0 0.328125
64.0 5.8515625
65.0 3.578125
66.0 2.4921875
67.0 3.078125
68.0 2.953125
69.0 0.90625
70.0 0.359375
71.0 1.328125
72.0 2.4453125
73.0 2.6953125
74.0 2.7421875
75.0 2.8671875
76.0 3.40625
77.0 0.0
78.0 6.078125
79.0 3.53125
80.0 3.703125
81.0 2.9921875
82.0 2.8203125
83.0 2.015625
84.0 0.0
85.0 7.4609375
86.0 2.0625
87.0 4.3984375
88.0 3.734375
89.0 3.171875
90.0 3.2265625
91.0 2.7734375
92.0 2.1875
93.0 1.71875
94.0 2.0859375
95.0 6.0859375
96.0 4.1328125
97.0 4.5078125
98.0 4.0859375
99.0 4.3828125
100.0 4.8125
101.0 4.1484375
102.0 4.8671875
103.0 4.7265625
104.0 5.15625
105.0 4.4140625
106.0 4.71875
107.0 4.203125
108.0 2.25
109.0 6.203125
110.0 4.171875
111.0 3.8515625
112.0 4.1875
113.0 4.4765625
114.0 4.328125
115.0 4.1015625
116.0 4.3828125
117.0 4.1875
118.0 4.5390625
119.0 4.3984375
120.0 4.625
121.0 4.2734375
122.0 3.0390625
123.0 0.7578125
124.0 8.9453125
125.0 4.1484375
126.0 4.265625
127.0 4.1796875
128.0 2.3125
129.0 6.796875
130.0 4.0859375
131.0 3.703125
132.0 3.96875
133.0 4.3203125
134.0 4.390625
135.0 4.7421875
136.0 4.7265625
137.0 4.59375
138.0 4.1171875
139.0 4.4765625
140.0 4.2421875
141.0 3.5234375
142.0 5.2578125
143.0 4.21875
144.0 3.703125
145.0 4.515625
146.0 4.6015625
147.0 4.8046875
148.0 0.65625
149.0 8.8984375
150.0 4.1328125
151.0 4.0234375
152.0 3.875
153.0 3.734375
154.0 3.640625
155.0 3.734375
156.0 3.0546875
157.0 4.4296875
158.0 4.203125
159.0 4.359375
160.0 4.2109375
161.0 4.0
162.0 0.0390625
163.0 7.2421875
164.0 3.84375
165.0 3.859375
166.0 3.8046875
167.0 0.5546875
168.0 6.984375
169.0 3.7578125
170.0 4.1484375
171.0 1.46875
172.0 6.40625
173.0 4.25
174.0 4.171875
175.0 4.4296875
176.0 4.2109375
177.0 3.4609375
178.0 4.609375
179.0 4.1875
180.0 3.921875
181.0 3.90625
182.0 3.375
183.0 4.1015625
184.0 4.75
185.0 4.390625
186.0 3.8828125
187.0 5.3203125
188.0 4.8984375
189.0 4.5390625
190.0 4.3515625
191.0 4.1796875
192.0 4.0390625
193.0 4.265625
194.0 4.0546875
195.0 3.84375
196.0 3.90625
197.0 4.21875
198.0 3.921875
199.0 4.3984375
200.0 4.75
201.0 4.3671875
202.0 0.25
203.0 8.46875
204.0 4.421875
205.0 4.5
206.0 4.7109375
207.0 1.5390625
208.0 7.484375
209.0 4.71875
210.0 4.171875
211.0 3.5
212.0 3.25
213.0 2.5390625
214.0 1.9765625
215.0 0.0
216.0 5.3828125
217.0 4.0703125
218.0 3.796875
219.0 4.2421875
220.0 3.90625
221.0 3.8203125
222.0 3.625
223.0 3.7734375
224.0 2.15625
225.0 5.5625
226.0 4.3203125
227.0 4.296875
228.0 4.296875
229.0 4.4296875
230.0 3.828125
231.0 4.3359375
232.0 3.7109375
233.0 4.328125
234.0 4.1015625
235.0 2.8671875
236.0 1.8203125
237.0 0.0
238.0 3.9375
239.0 1.3828125
240.0 2.375
241.0 1.140625
242.0 3.8515625
243.0 2.2421875
244.0 1.5703125
245.0 2.7734375
246.0 1.984375
247.0 3.796875
248.0 3.859375
249.0 2.15625
250.0 1.40625
251.0 2.0703125
252.0 3.25
253.0 2.8359375
254.0 1.96875
255.0 2.9921875
256.0 4.25
257.0 4.6484375
258.0 4.46875
259.0 3.4765625
260.0 5.171875
261.0 2.8203125
262.0 2.453125
263.0 2.3984375
264.0 1.328125
265.0 5.9140625
266.0 4.6796875
267.0 4.8671875
268.0 4.84375
269.0 4.78125
270.0 4.296875
271.0 4.3046875
272.0 3.0
273.0 6.515625
274.0 4.78125
275.0 4.5703125
276.0 4.1875
277.0 4.1015625
278.0 4.359375
279.0 4.2734375
280.0 3.96875
281.0 4.1328125
282.0 3.6484375
283.0 3.3671875
284.0 3.6953125
285.0 3.59375
286.0 3.8046875
287.0 3.5625
288.0 0.0
289.0 2.25
290.0 6.2109375
291.0 2.921875
292.0 3.3984375
293.0 0.96875
294.0 0.328125
295.0 0.0
296.0 0.0
297.0 0.0
298.0 6.6640625
299.0 3.1796875
300.0 3.4765625
301.0 3.3515625
302.0 2.59375
303.0 1.1953125
304.0 0.8203125
305.0 1.265625
306.0 3.6796875
307.0 4.15625
308.0 3.7734375
309.0 3.796875
310.0 4.0625
311.0 0.2421875
312.0 7.5546875
313.0 4.296875
314.0 3.6171875
315.0 1.296875
316.0 6.265625
317.0 3.84375
318.0 2.7578125
319.0 2.3359375
320.0 3.4765625
321.0 2.625
322.0 3.0390625
323.0 4.0078125
324.0 2.3125
325.0 2.78125
326.0 3.59375
327.0 2.21875
328.0 1.1328125
329.0 5.1328125
330.0 2.78125
331.0 2.234375
332.0 2.3125
333.0 2.4609375
334.0 4.1015625
335.0 2.8046875
336.0 0.0
337.0 5.453125
338.0 4.828125
339.0 3.5
340.0 3.375
341.0 3.9375
342.0 3.265625
343.0 3.5234375
344.0 3.9765625
345.0 4.46875
346.0 4.1796875
347.0 4.0
348.0 4.171875
349.0 3.9375
350.0 3.953125
351.0 4.2109375
352.0 4.0
353.0 3.9921875
354.0 4.0
355.0 1.890625
356.0 7.3984375
357.0 4.484375
358.0 4.5703125
359.0 4.03125
360.0 3.6484375
361.0 1.53125
362.0 7.1953125
363.0 3.7421875
364.0 4.21875
365.0 3.875
366.0 3.7890625
367.0 3.9375
368.0 3.4375
369.0 3.5625
370.0 3.9140625
371.0 4.0390625
372.0 4.0234375
373.0 3.890625
374.0 2.2734375
375.0 5.703125
376.0 4.6328125
377.0 4.3515625
378.0 4.0078125
379.0 3.796875
380.0 2.9296875
381.0 5.28125
382.0 4.6953125
383.0 4.796875
384.0 5.0859375
385.0 4.84375
386.0 3.2265625
387.0 7.15625
388.0 4.9765625
389.0 4.2421875
390.0 4.625
391.0 4.7109375
392.0 4.546875
393.0 4.390625
394.0 4.28125
395.0 4.578125
396.0 4.5625
397.0 4.4296875
398.0 2.515625
399.0 4.1796875
400.0 3.1171875
401.0 3.53125
402.0 2.4921875
403.0 5.640625
404.0 4.625
405.0 3.875
406.0 2.7265625
407.0 3.1015625
408.0 2.3125
409.0 4.09375
410.0 2.0078125
411.0 4.421875
412.0 2.8046875
413.0 2.359375
414.0 2.875
415.0 2.8359375
416.0 3.0703125
417.0 2.65625
418.0 2.7265625
419.0 4.171875
420.0 3.0859375
421.0 4.3515625
422.0 3.0234375
423.0 3.46875
424.0 1.921875
425.0 0.5703125
426.0 0.1328125
427.0 6.9453125
428.0 2.5234375
429.0 3.0
430.0 0.328125
431.0 4.8046875
432.0 3.1328125
433.0 2.390625
434.0 2.5234375
435.0 3.2578125
436.0 4.265625
437.0 3.9375
438.0 5.0703125
439.0 4.3515625
440.0 4.2734375
441.0 3.84375
442.0 3.828125
443.0 4.3046875
444.0 2.96875
445.0 2.9296875
446.0 4.609375
447.0 4.6015625
448.0 3.875
449.0 4.515625
450.0 3.828125
451.0 4.3359375
452.0 4.6875
453.0 4.0390625
454.0 4.3828125
455.0 4.4765625
456.0 3.328125
457.0 2.9375
458.0 0.0
459.0 4.5390625
460.0 4.4296875
461.0 4.53125
462.0 4.3828125
463.0 4.3984375
464.0 3.6171875
465.0 4.6328125
466.0 4.6328125
467.0 4.1015625
468.0 4.421875
469.0 5.0078125
470.0 3.890625
471.0 4.7265625
472.0 5.5546875
473.0 4.6875
474.0 1.28125
475.0 8.0546875
476.0 4.1875
477.0 4.6796875
478.0 4.1328125
479.0 1.8671875
480.0 7.5703125
481.0 4.2421875
482.0 4.6796875
483.0 5.3203125
484.0 4.6953125
485.0 4.3984375
486.0 4.15625
487.0 4.2109375
488.0 4.4296875
489.0 4.3203125
490.0 4.0390625
491.0 3.4453125
492.0 0.0625
493.0 8.8359375
494.0 3.625
495.0 3.59375
496.0 4.1796875
497.0 3.3671875
498.0 4.75
499.0 3.9921875
500.0 3.375
501.0 4.0859375
502.0 4.6015625
503.0 4.921875
504.0 4.9765625
505.0 4.1875
506.0 4.3203125
507.0 1.375
508.0 7.21875
509.0 4.46875
510.0 4.828125
511.0 4.625
512.0 4.796875
513.0 4.8984375
514.0 4.4453125
515.0 4.0546875
516.0 3.9140625
517.0 4.6015625
518.0 4.65625
519.0 4.65625
520.0 4.2109375
521.0 1.953125
522.0 5.8203125
523.0 4.390625
524.0 2.875
525.0 0.0
526.0 5.671875
527.0 0.7578125
528.0 1.375
529.0 3.078125
530.0 4.0390625
531.0 0.7265625
532.0 6.8046875
533.0 4.7734375
534.0 4.5
535.0 4.3671875
536.0 4.3671875
537.0 4.234375
538.0 4.515625
539.0 4.390625
540.0 4.4296875
541.0 4.953125
542.0 4.6015625
543.0 4.6953125
544.0 4.84375
545.0 4.6484375
546.0 2.5234375
547.0 5.6484375
548.0 4.7421875
549.0 5.015625
550.0 5.109375
551.0 4.890625
552.0 5.203125
553.0 5.15625
554.0 4.578125
555.0 4.390625
556.0 4.5
557.0 4.15625
558.0 2.0859375
559.0 7.390625
560.0 4.1328125
561.0 4.5078125
562.0 4.5625
563.0 4.359375
564.0 3.96875
565.0 4.2734375
566.0 3.9375
567.0 3.015625
568.0 3.46875
569.0 3.46875
570.0 2.7578125
571.0 0.0
572.0 7.5078125
573.0 3.25
574.0 3.203125
575.0 3.4453125
576.0 2.8203125
577.0 2.71875
578.0 2.09375
579.0 3.5
580.0 3.9921875
581.0 2.1875
582.0 6.296875
583.0 4.328125
584.0 4.59375
585.0 3.875
586.0 4.234375
587.0 4.5625
588.0 4.3984375
589.0 4.5390625
590.0 4.1796875
591.0 4.4765625
592.0 4.453125
593.0 4.421875
594.0 4.78125
595.0 4.1328125
596.0 4.171875
597.0 0.765625
598.0 8.171875
599.0 4.0546875
