0.0 2.0078125
1.0 2.0625
2.0 2.3359375
3.0 2.1328125
4.0 0.375
5.0 0.0
6.0 0.0
7.0 5.640625
8.0 1.3203125
9.0 1.296875
10.0 1.0625
11.0 0.96875
12.0 1.2109375
13.0 0.359375
14.0 0.7578125
15.0 1.4609375
16.0 0.8515625
17.0 0.6640625
18.0 1.171875
19.0 0.4609375
20.0 0.0
21.0 5.640625
22.0 1.1171875
23.0 0.90625
24.0 0.34375
25.0 0.25
26.0 0.6171875
27.0 1.5625
28.0 1.0859375
29.0 0.0
30.0 0.0
31.0 4.90625
32.0 1.890625
33.0 1.265625
34.0 1.203125
35.0 1.8359375
36.0 1.65625
37.0 1.7109375
38.0 1.625
39.0 1.2890625
40.0 1.296875
41.0 1.2265625
42.0 1.28125
43.0 0.2734375
44.0 0.0
45.0 0.0
46.0 0.0
47.0 0.0
48.0 0.0
49.0 0.125
50.0 4.6875
51.0 0.5234375
52.0 0.40625
53.0 0.28125
54.0 0.5390625
55.0 1.421875
56.0 1.421875
57.0 0.546875
58.0 1.1640625
59.0 1.8515625
60.0 1.6796875
61.0 1.5
62.0 0.484375
63.0 0.140625
64.0 0.0
65.0 0.0
66.0 4.6796875
67.0 1.046875
68.0 2.0625
69.0 2.0625
70.0 1.53125
71.0 1.890625
72.0 2.7734375
73.0 1.6171875
74.0 0.515625
75.0 0.4921875
76.0 1.65625
77.0 2.03125
78.0 0.640625
79.0 0.0
80.0 5.0859375
81.0 1.5234375
82.0 1.1796875
83.0 0.484375
84.0 1.1640625
85.0 1.65625
86.0 1.953125
87.0 0.4921875
88.0 0.0
89.0 6.09375
90.0 2.3046875
91.0 2.5703125
92.0 2.3046875
93.0 2.1875
94.0 1.9140625
95.0 1.53125
96.0 1.6796875
97.0 2.0078125
98.0 2.0625
99.0 2.953125
100.0 2.7578125
101.0 1.1796875
102.0 0.0
103.0 5.171875
104.0 0.9609375
105.0 1.96875
106.0 2.3125
107.0 2.28125
108.0 2.2421875
109.0 2.09375
110.0 0.0
111.0 5.421875
112.0 2.7109375
113.0 3.046875
114.0 1.984375
115.0 1.5625
116.0 1.0234375
117.0 1.5546875
118.0 1.8046875
119.0 2.5078125
120.0 2.3046875
121.0 2.328125
122.0 1.8046875
123.0 0.28125
124.0 0.0
125.0 0.0
126.0 5.3984375
127.0 1.359375
128.0 1.609375
129.0 3.015625
130.0 2.96875
131.0 2.75
132.0 2.84375
133.0 2.8203125
134.0 3.0234375
135.0 3.140625
136.0 3.1328125
137.0 2.90625
138.0 2.125
139.0 0.0
140.0 6.40625
141.0 2.2734375
142.0 2.0
143.0 2.3671875
144.0 2.65625
145.0 1.0859375
146.0 0.0
147.0 5.4375
148.0 2.375
149.0 2.6328125
150.0 2.8984375
151.0 1.9140625
152.0 2.3125
153.0 2.7578125
154.0 3.1484375
155.0 2.34375
156.0 2.0703125
157.0 1.40625
158.0 0.90625
159.0 0.078125
160.0 0.0
161.0 4.390625
162.0 1.96875
163.0 1.9375
164.0 2.4609375
165.0 2.9375
166.0 2.6640625
167.0 2.75
168.0 2.90625
169.0 2.875
170.0 0.0
171.0 5.7109375
172.0 3.1484375
173.0 3.0
174.0 3.1796875
175.0 2.8984375
176.0 2.984375
177.0 2.515625
178.0 2.7265625
179.0 2.4296875
180.0 2.265625
181.0 1.40625
182.0 0.0
183.0 5.421875
184.0 0.0
185.0 5.203125
186.0 1.734375
187.0 1.640625
188.0 2.8125
189.0 2.7109375
190.0 2.84375
191.0 2.984375
192.0 2.9296875
193.0 2.515625
194.0 0.0
195.0 4.328125
196.0 0.640625
197.0 1.984375
198.0 2.6640625
199.0 3.4140625
200.0 2.4921875
201.0 2.6875
202.0 2.59375
203.0 2.015625
204.0 1.9140625
205.0 2.1484375
206.0 2.671875
207.0 1.609375
208.0 0.0
209.0 6.796875
210.0 0.7578125
211.0 1.6171875
212.0 2.5234375
213.0 2.8671875
214.0 2.9375
215.0 3.171875
216.0 2.8984375
217.0 2.5390625
218.0 2.8359375
219.0 3.046875
220.0 2.671875
221.0 0.0
222.0 5.53125
223.0 2.9296875
224.0 2.59375
225.0 0.0
226.0 6.2421875
227.0 2.65625
228.0 2.6953125
229.0 2.8671875
230.0 2.578125
231.0 2.546875
232.0 2.296875
233.0 2.625
234.0 1.8828125
235.0 1.8828125
236.0 1.953125
237.0 2.453125
238.0 1.953125
239.0 0.0
240.0 6.2734375
241.0 2.8203125
242.0 2.5078125
243.0 2.328125
244.0 0.734375
245.0 0.0
246.0 5.96875
247.0 1.5703125
248.0 1.734375
249.0 1.8671875
250.0 1.4921875
251.0 1.4375
252.0 2.7109375
253.0 4.3828125
254.0 4.0
255.0 3.640625
256.0 3.8515625
257.0 2.8515625
258.0 5.375
259.0 3.8046875
260.0 2.3671875
261.0 2.546875
262.0 2.328125
263.0 2.6640625
264.0 0.0
265.0 5.484375
266.0 2.671875
267.0 2.609375
268.0 2.6953125
269.0 2.8984375
270.0 2.65625
271.0 2.125
272.0 2.25
273.0 2.0625
274.0 2.0625
275.0 2.03125
276.0 2.2421875
277.0 1.5546875
278.0 0.0
279.0 0.0
280.0 0.609375
281.0 6.203125
282.0 1.5234375
283.0 1.796875
284.0 3.0859375
285.0 4.6875
286.0 4.4140625
287.0 4.8359375
288.0 3.375
289.0 6.921875
290.0 4.0703125
291.0 2.6953125
292.0 2.921875
293.0 3.1171875
294.0 3.21875
295.0 2.6953125
296.0 1.9375
297.0 1.984375
298.0 1.8046875
299.0 2.328125
300.0 2.421875
301.0 0.8359375
302.0 5.3125
303.0 3.0390625
304.0 3.5546875
305.0 3.1484375
306.0 2.4765625
307.0 0.0
308.0 7.5859375
309.0 2.65625
310.0 1.859375
311.0 2.6015625
312.0 2.8125
313.0 2.6015625
314.0 2.9375
315.0 2.875
316.0 2.515625
317.0 2.0625
318.0 3.1640625
319.0 1.796875
320.0 0.0
321.0 5.765625
322.0 2.921875
323.0 1.8671875
324.0 1.2265625
325.0 1.65625
326.0 1.46875
327.0 0.0
328.0 2.3046875
329.0 5.484375
330.0 0.0
331.0 5.5625
332.0 2.3984375
333.0 2.265625
334.0 2.28125
335.0 2.4140625
336.0 1.8984375
337.0 2.515625
338.0 2.0390625
339.0 1.7109375
340.0 0.8984375
341.0 0.9375
342.0 2.328125
343.0 2.7578125
344.0 0.8359375
345.0 0.0
346.0 6.078125
347.0 2.609375
348.0 2.6953125
349.0 2.4609375
350.0 2.015625
351.0 0.0
352.0 4.8125
353.0 2.046875
354.0 1.8046875
355.0 2.359375
356.0 2.65625
357.0 2.328125
358.0 2.1875
359.0 1.96875
360.0 2.09375
361.0 2.421875
362.0 2.890625
363.0 2.90625
364.0 2.7890625
365.0 0.1875
366.0 5.828125
367.0 2.8515625
368.0 3.1640625
369.0 2.8984375
370.0 2.7265625
371.0 1.328125
372.0 5.515625
373.0 3.015625
374.0 3.21875
375.0 3.234375
376.0 3.2890625
377.0 3.203125
378.0 2.9609375
379.0 2.7109375
380.0 1.8359375
381.0 0.6171875
382.0 1.0234375
383.0 1.0625
384.0 1.9765625
385.0 0.2734375
386.0 5.3515625
387.0 3.109375
388.0 3.0234375
389.0 3.0390625
390.0 2.953125
391.0 2.7421875
392.0 0.5234375
393.0 1.765625
394.0 6.5703125
395.0 3.265625
396.0 3.0703125
397.0 3.140625
398.0 3.0390625
399.0 2.9921875
400.0 3.0859375
401.0 2.0
402.0 0.0
403.0 6.125
404.0 2.8203125
405.0 3.015625
406.0 3.4453125
407.0 2.90625
408.0 2.8671875
409.0 2.2734375
410.0 2.2734375
411.0 2.2109375
412.0 2.359375
413.0 2.5390625
414.0 2.890625
415.0 0.78125
416.0 5.2890625
417.0 2.7734375
418.0 3.3671875
419.0 3.0390625
420.0 2.8203125
421.0 2.921875
422.0 3.0546875
423.0 1.4765625
424.0 0.3125
425.0 7.609375
426.0 3.046875
427.0 2.9921875
428.0 3.046875
429.0 2.890625
430.0 0.109375
431.0 5.1875
432.0 2.03125
433.0 2.3984375
434.0 2.90625
435.0 2.8359375
436.0 2.3984375
437.0 1.953125
438.0 2.1484375
439.0 1.734375
440.0 2.1171875
441.0 0.71875
442.0 0.0
443.0 5.9375
444.0 1.8671875
445.0 1.5546875
446.0 2.296875
447.0 2.7265625
448.0 2.359375
449.0 2.4140625
450.0 1.9140625
451.0 1.6875
452.0 1.40625
453.0 1.4765625
454.0 1.46875
455.0 1.4765625
456.0 0.8515625
457.0 0.0
458.0 0.0
459.0 5.78125
460.0 1.296875
461.0 2.4296875
462.0 2.6875
463.0 1.9453125
464.0 1.7734375
465.0 2.015625
466.0 0.8828125
467.0 0.0
468.0 3.625
469.0 5.1953125
470.0 0.0
471.0 4.578125
472.0 0.0
473.0 3.5234375
474.0 3.515625
475.0 3.0546875
476.0 3.078125
477.0 3.015625
478.0 3.296875
479.0 3.53125
480.0 2.8984375
481.0 2.6953125
482.0 2.6640625
483.0 3.015625
484.0 2.9375
485.0 2.9921875
486.0 3.046875
487.0 2.9609375
488.0 0.0
489.0 6.40625
490.0 0.90625
491.0 2.546875
492.0 2.84375
493.0 2.015625
494.0 0.609375
495.0 0.4296875
496.0 0.734375
497.0 0.8984375
498.0 0.9140625
499.0 0.8984375
500.0 1.0
501.0 0.9296875
502.0 0.8515625
503.0 1.34375
504.0 0.46875
505.0 0.0
506.0 6.8828125
507.0 3.0234375
508.0 0.703125
509.0 0.3046875
510.0 0.3125
511.0 0.6953125
512.0 0.546875
513.0 0.4296875
514.0 0.3359375
515.0 0.8984375
516.0 2.4765625
517.0 2.6875
518.0 1.015625
519.0 0.0
520.0 0.0
521.0 6.5390625
522.0 2.5234375
523.0 3.1484375
524.0 2.7421875
525.0 2.421875
526.0 1.0234375
527.0 0.0
528.0 0.0
529.0 0.0
530.0 6.8359375
531.0 2.4765625
532.0 1.4765625
533.0 0.6953125
534.0 0.578125
535.0 0.375
536.0 0.6640625
537.0 0.765625
538.0 1.046875
539.0 1.4921875
540.0 1.171875
541.0 1.5078125
542.0 0.7890625
543.0 0.0
544.0 0.0
545.0 0.0
546.0 0.0
547.0 0.0
548.0 0.0
549.0 0.0
550.0 0.0
551.0 0.0
552.0 0.0
553.0 4.4140625
554.0 0.8046875
555.0 0.671875
556.0 0.7265625
557.0 1.46875
558.0 1.5703125
559.0 2.625
560.0 3.40625
561.0 5.2578125
562.0 6.2109375
563.0 5.765625
564.0 4.3203125
565.0 2.3984375
566.0 8.8203125
567.0 4.8984375
568.0 5.21875
569.0 5.9765625
570.0 5.84375
571.0 6.078125
572.0 5.1640625
573.0 4.9453125
574.0 5.3359375
575.0 6.0625
576.0 5.4609375
577.0 6.0
578.0 5.3046875
579.0 4.0703125
580.0 3.9140625
581.0 5.5859375
582.0 5.171875
583.0 5.796875
584.0 6.203125
585.0 6.2578125
586.0 6.15625
587.0 2.328125
588.0 7.75
589.0 5.4921875
590.0 5.9609375
591.0 4.9765625
592.0 5.125
593.0 4.7421875
594.0 4.0
595.0 2.8515625
596.0 2.25
597.0 3.6953125
598.0 4.75
599.0 4.53125
