0.0 2.1796875
1.0 2.2734375
2.0 1.71875
3.0 0.03125
4.0 0.0
5.0 4.546875
6.0 2.1796875
7.0 1.203125
8.0 2.0859375
9.0 1.3515625
10.0 0.8984375
11.0 0.8671875
12.0 1.234375
13.0 1.0
14.0 1.3515625
15.0 1.65625
16.0 1.8359375
17.0 2.1484375
18.0 0.140625
19.0 0.0
20.0 6.6875
21.0 1.4453125
22.0 0.0
23.0 3.6953125
24.0 1.8828125
25.0 1.4609375
26.0 1.46875
27.0 1.296875
28.0 0.0
29.0 3.703125
30.0 1.4921875
31.0 2.015625
32.0 2.34375
33.0 2.3125
34.0 2.21875
35.0 1.234375
36.0 0.0
37.0 4.21875
38.0 1.8515625
39.0 2.328125
40.0 1.921875
41.0 1.984375
42.0 1.828125
43.0 1.953125
44.0 1.953125
45.0 1.7421875
46.0 1.4609375
47.0 1.375
48.0 0.9375
49.0 1.4765625
50.0 1.5390625
51.0 1.8828125
52.0 1.6171875
53.0 0.0
54.0 0.0
55.0 6.0234375
56.0 0.671875
57.0 3.28125
58.0 1.7421875
59.0 1.671875
60.0 1.46875
61.0 1.625
62.0 2.453125
63.0 2.21875
64.0 1.6796875
65.0 1.640625
66.0 1.4921875
67.0 1.9765625
68.0 2.1484375
69.0 2.046875
70.0 2.1015625
71.0 1.625
72.0 0.0
73.0 0.0
74.0 5.9609375
75.0 2.0390625
76.0 2.265625
77.0 2.5625
78.0 2.390625
79.0 0.0
80.0 4.5703125
81.0 2.390625
82.0 2.0078125
83.0 2.2421875
84.0 1.984375
85.0 2.0859375
86.0 2.1875
87.0 2.3984375
88.0 2.3359375
89.0 2.1171875
90.0 2.03125
91.0 2.0625
92.0 1.953125
93.0 0.0078125
94.0 0.0
95.0 5.671875
96.0 1.890625
97.0 1.609375
98.0 1.7421875
99.0 1.9453125
100.0 1.921875
101.0 1.4453125
102.0 0.0
103.0 5.0234375
104.0 2.328125
105.0 2.3125
106.0 2.046875
107.0 1.8984375
108.0 1.984375
109.0 1.671875
110.0 1.3203125
111.0 1.8671875
112.0 2.390625
113.0 2.1875
114.0 2.3359375
115.0 2.125
116.0 0.0
117.0 5.0703125
118.0 1.953125
119.0 1.09375
120.0 1.5546875
121.0 1.171875
122.0 1.265625
123.0 1.140625
124.0 0.0
125.0 0.0
126.0 5.1640625
127.0 1.2109375
128.0 1.4765625
129.0 1.40625
130.0 0.5859375
131.0 1.234375
132.0 1.6796875
133.0 1.6484375
134.0 1.3203125
135.0 1.46875
136.0 1.765625
137.0 1.390625
138.0 0.421875
139.0 0.0
140.0 0.0
141.0 5.765625
142.0 1.625
143.0 1.1484375
144.0 1.859375
145.0 2.0859375
146.0 1.46875
147.0 1.4453125
148.0 1.765625
149.0 1.5625
150.0 0.546875
151.0 0.0
152.0 0.0
153.0 4.203125
154.0 1.5859375
155.0 1.7734375
156.0 1.265625
157.0 1.5078125
158.0 1.7109375
159.0 1.734375
160.0 2.3359375
161.0 2.1640625
162.0 0.2265625
163.0 0.0
164.0 0.0
165.0 5.078125
166.0 1.984375
167.0 2.0
168.0 0.9375
169.0 0.5078125
170.0 0.65625
171.0 0.9375
172.0 0.609375
173.0 0.8359375
174.0 1.28125
175.0 0.78125
176.0 1.4140625
177.0 2.4140625
178.0 2.296875
179.0 0.0
180.0 0.0
181.0 5.78125
182.0 0.96875
183.0 0.671875
184.0 0.4296875
185.0 0.5390625
186.0 0.7578125
187.0 0.7578125
188.0 1.0234375
189.0 0.2890625
190.0 0.0
191.0 0.0
192.0 0.0
193.0 4.984375
194.0 1.5390625
195.0 1.3515625
196.0 1.140625
197.0 1.0234375
198.0 0.71875
199.0 0.7265625
200.0 0.90625
201.0 0.765625
202.0 1.0
203.0 1.4609375
204.0 1.4765625
205.0 0.7265625
206.0 0.0
207.0 0.0
208.0 0.0
209.0 4.8359375
210.0 1.046875
211.0 1.59375
212.0 1.4921875
213.0 1.6796875
214.0 1.671875
215.0 1.390625
216.0 0.5390625
217.0 0.0
218.0 0.0
219.0 5.484375
220.0 1.8359375
221.0 0.703125
222.0 0.0703125
223.0 0.1875
224.0 0.1953125
225.0 0.6953125
226.0 0.2109375
227.0 0.0
228.0 0.0
229.0 0.0
230.0 3.9375
231.0 0.8203125
232.0 0.734375
233.0 0.7265625
234.0 1.1328125
235.0 1.609375
236.0 1.5078125
237.0 1.3203125
238.0 1.3515625
239.0 1.5625
240.0 0.9921875
241.0 0.6328125
242.0 0.3671875
243.0 0.1875
244.0 0.3671875
245.0 0.5078125
246.0 1.2109375
247.0 0.671875
248.0 0.0
249.0 4.21875
250.0 1.5390625
251.0 0.75
252.0 0.5546875
253.0 1.9453125
254.0 2.015625
255.0 2.3359375
256.0 2.875
257.0 2.234375
258.0 2.21875
259.0 1.5390625
260.0 1.2265625
261.0 0.0
262.0 0.0
263.0 5.203125
264.0 1.7109375
265.0 1.6875
266.0 1.5234375
267.0 1.6171875
268.0 1.9140625
269.0 2.1953125
270.0 0.5859375
271.0 0.0
272.0 4.484375
273.0 1.8671875
274.0 1.796875
275.0 1.609375
276.0 1.8828125
277.0 1.5078125
278.0 1.1796875
279.0 1.2109375
280.0 1.0
281.0 1.4453125
282.0 1.53125
283.0 1.0546875
284.0 0.9140625
285.0 0.25
286.0 0.0
287.0 0.0
288.0 5.2578125
289.0 0.6171875
290.0 0.2734375
291.0 0.65625
292.0 1.0234375
293.0 1.5390625
294.0 1.328125
295.0 0.78125
296.0 1.0234375
297.0 1.0234375
298.0 0.140625
299.0 0.0
300.0 0.0
301.0 0.0
302.0 0.0
303.0 0.0
304.0 0.0
305.0 0.0
306.0 4.8984375
307.0 0.484375
308.0 0.0
309.0 0.328125
310.0 1.109375
311.0 1.5234375
312.0 1.5859375
313.0 1.46875
314.0 1.703125
315.0 1.8359375
316.0 1.5703125
317.0 1.375
318.0 1.96875
319.0 1.8984375
320.0 0.28125
321.0 0.0
322.0 4.59375
323.0 1.6796875
324.0 1.96875
325.0 1.46875
326.0 1.6171875
327.0 1.7890625
328.0 1.6796875
329.0 1.734375
330.0 0.6328125
331.0 0.0
332.0 0.0
333.0 2.1640625
334.0 3.2265625
335.0 3.2890625
336.0 1.0546875
337.0 1.5234375
338.0 1.96875
339.0 1.765625
340.0 1.2265625
341.0 1.6875
342.0 1.671875
343.0 1.4140625
344.0 1.890625
345.0 1.6875
346.0 1.9453125
347.0 1.2421875
348.0 1.3515625
349.0 0.7578125
350.0 0.0
351.0 0.0
352.0 5.2890625
353.0 1.140625
354.0 1.03125
355.0 1.2265625
356.0 1.3125
357.0 1.9765625
358.0 1.8203125
359.0 1.4765625
360.0 0.8828125
361.0 0.21875
362.0 0.0
363.0 0.0
364.0 4.453125
365.0 1.953125
366.0 1.8359375
367.0 1.765625
368.0 1.59375
369.0 1.0625
370.0 1.0234375
371.0 1.921875
372.0 1.9453125
373.0 1.671875
374.0 2.125
375.0 1.859375
376.0 1.4140625
377.0 0.1015625
378.0 0.0
379.0 0.0
380.0 0.0
381.0 0.0
382.0 0.0
383.0 0.0
384.0 4.390625
385.0 0.0
386.0 2.4765625
387.0 0.8125
388.0 0.8828125
389.0 0.71875
390.0 0.8046875
391.0 1.1484375
392.0 0.984375
393.0 0.1015625
394.0 0.0
395.0 0.0
396.0 0.0
397.0 0.0
398.0 5.015625
399.0 0.703125
400.0 0.7578125
401.0 1.0234375
402.0 0.8984375
403.0 0.9453125
404.0 0.8984375
405.0 0.9296875
406.0 0.8125
407.0 0.875
408.0 0.9296875
409.0 1.0234375
410.0 0.9375
411.0 0.0703125
412.0 0.0
413.0 0.0
414.0 0.0
415.0 4.5390625
416.0 1.171875
417.0 1.0859375
418.0 1.1171875
419.0 1.703125
420.0 1.8828125
421.0 0.5078125
422.0 0.421875
423.0 1.0
424.0 1.4921875
425.0 1.8046875
426.0 0.1640625
427.0 0.0
428.0 2.5390625
429.0 3.8046875
430.0 1.734375
431.0 1.8359375
432.0 1.3828125
433.0 1.3125
434.0 1.421875
435.0 1.1328125
436.0 0.6640625
437.0 0.0
438.0 0.0
439.0 4.625
440.0 1.4375
441.0 1.328125
442.0 1.421875
443.0 1.640625
444.0 1.828125
445.0 1.8515625
446.0 1.59375
447.0 1.421875
448.0 1.4609375
449.0 1.5078125
450.0 1.4921875
451.0 0.640625
452.0 0.0
453.0 0.0
454.0 5.9765625
455.0 2.2421875
456.0 1.9453125
457.0 1.8828125
458.0 1.5546875
459.0 1.7890625
460.0 1.796875
461.0 0.5234375
462.0 0.0
463.0 4.9296875
464.0 1.8203125
465.0 1.40625
466.0 1.2578125
467.0 1.2890625
468.0 1.1640625
469.0 1.1640625
470.0 1.2265625
471.0 1.40625
472.0 1.3203125
473.0 1.03125
474.0 1.0625
475.0 1.203125
476.0 0.109375
477.0 0.0
478.0 0.0
479.0 4.578125
480.0 1.4453125
481.0 1.4609375
482.0 1.234375
483.0 1.015625
484.0 1.203125
485.0 0.9921875
486.0 0.640625
487.0 0.0
488.0 0.0
489.0 0.0
490.0 4.5703125
491.0 1.34375
492.0 1.2890625
493.0 1.109375
494.0 1.0546875
495.0 1.0234375
496.0 1.078125
497.0 1.203125
498.0 1.359375
499.0 1.2890625
500.0 1.6171875
501.0 0.65625
502.0 0.0
503.0 0.0
504.0 4.65625
505.0 0.0
506.0 3.3125
507.0 1.3125
508.0 1.5
509.0 1.796875
510.0 1.9765625
511.0 1.53125
512.0 1.640625
513.0 2.3984375
514.0 2.046875
515.0 1.65625
516.0 1.609375
517.0 1.8671875
518.0 1.828125
519.0 1.671875
520.0 0.0
521.0 4.359375
522.0 1.4609375
523.0 1.0
524.0 1.71875
525.0 1.8359375
526.0 2.03125
527.0 2.2421875
528.0 1.984375
529.0 0.640625
530.0 0.0
531.0 0.0
532.0 5.3828125
533.0 1.5
534.0 0.0
535.0 1.1328125
536.0 2.0703125
537.0 1.890625
538.0 1.765625
539.0 1.421875
540.0 1.328125
541.0 1.0546875
542.0 0.8828125
543.0 0.8671875
544.0 1.5078125
545.0 1.6484375
546.0 1.4609375
547.0 0.5703125
548.0 0.0
549.0 2.1484375
550.0 0.9453125
551.0 0.9375
552.0 1.015625
553.0 1.2265625
554.0 2.046875
555.0 2.34375
556.0 1.7734375
557.0 2.265625
558.0 2.09375
559.0 1.9453125
560.0 1.7890625
561.0 1.5
562.0 1.3203125
563.0 1.40625
564.0 0.1796875
565.0 3.7578125
566.0 1.7734375
567.0 1.40625
568.0 1.0
569.0 0.9921875
570.0 0.0
571.0 4.828125
572.0 1.9453125
573.0 1.828125
574.0 1.7421875
575.0 2.1796875
576.0 2.265625
577.0 2.34375
578.0 2.0625
579.0 1.5859375
580.0 1.5078125
581.0 1.640625
582.0 1.890625
583.0 1.703125
584.0 1.203125
585.0 0.0
586.0 4.6484375
587.0 1.8828125
588.0 2.0625
589.0 2.0
590.0 2.15625
591.0 0.2109375
592.0 0.6328125
593.0 5.3984375
594.0 2.1328125
595.0 2.21875
596.0 1.8046875
597.0 2.234375
598.0 2.125
599.0 2.4296875
