0.0 1.8046875
1.0 1.390625
2.0 0.578125
3.0 0.0
4.0 0.0
5.0 4.921875
6.0 1.5
7.0 1.4453125
8.0 0.8515625
9.0 0.75
10.0 1.421875
11.0 1.171875
12.0 1.1171875
13.0 1.1484375
14.0 1.4765625
15.0 1.5234375
16.0 1.09375
17.0 0.4375
18.0 0.0
19.0 0.0
20.0 4.6875
21.0 1.203125
22.0 1.390625
23.0 1.5546875
24.0 1.1953125
25.0 1.3125
26.0 1.5546875
27.0 1.3515625
28.0 1.1796875
29.0 1.28125
30.0 0.5234375
31.0 0.0
32.0 0.0
33.0 0.0
34.0 4.2734375
35.0 0.0
36.0 2.921875
37.0 0.0
38.0 0.0
39.0 0.9453125
40.0 1.6484375
41.0 1.2265625
42.0 1.359375
43.0 1.5078125
44.0 1.4140625
45.0 1.390625
46.0 1.6171875
47.0 1.8671875
48.0 1.4140625
49.0 1.0625
50.0 1.7890625
51.0 1.2890625
52.0 1.5078125
53.0 1.6796875
54.0 1.5078125
55.0 0.0703125
56.0 0.0
57.0 0.0
58.0 0.0
59.0 5.8515625
60.0 1.9140625
61.0 1.5390625
62.0 1.609375
63.0 1.8828125
64.0 1.5625
65.0 1.59375
66.0 1.4453125
67.0 0.5078125
68.0 0.0
69.0 0.0
70.0 2.625
71.0 4.3203125
72.0 1.359375
73.0 1.65625
74.0 1.296875
75.0 1.2890625
76.0 0.7578125
77.0 0.8125
78.0 1.3828125
79.0 1.0
80.0 0.734375
81.0 1.0546875
82.0 0.875
83.0 1.421875
84.0 0.5546875
85.0 0.0
86.0 0.09375
87.0 5.890625
88.0 1.703125
89.0 0.9296875
90.0 0.90625
91.0 1.6484375
92.0 0.6953125
93.0 1.0234375
94.0 1.4140625
95.0 1.015625
96.0 0.0
97.0 0.0
98.0 5.53125
99.0 1.53125
100.0 1.1484375
101.0 1.65625
102.0 1.4140625
103.0 1.6171875
104.0 1.421875
105.0 1.5703125
106.0 1.1328125
107.0 0.75
108.0 1.0625
109.0 1.4140625
110.0 0.0
111.0 0.0
112.0 0.0
113.0 5.0859375
114.0 0.46875
115.0 0.6953125
116.0 1.1328125
117.0 0.9609375
118.0 0.671875
119.0 1.3125
120.0 1.171875
121.0 0.8671875
122.0 0.3984375
123.0 0.5234375
124.0 0.9609375
125.0 1.5546875
126.0 0.5234375
127.0 0.0
128.0 0.0
129.0 0.0
130.0 5.3984375
131.0 0.8984375
132.0 0.984375
133.0 1.140625
134.0 1.0546875
135.0 0.359375
136.0 0.2421875
137.0 0.4609375
138.0 0.9609375
139.0 0.5546875
140.0 0.359375
141.0 0.0
142.0 0.0
143.0 0.0
144.0 2.3671875
145.0 4.46875
146.0 1.5
147.0 1.4453125
148.0 0.3359375
149.0 0.0
150.0 3.9765625
151.0 1.6484375
152.0 1.703125
153.0 1.59375
154.0 1.2265625
155.0 1.421875
156.0 1.0625
157.0 1.390625
158.0 0.7578125
159.0 0.8984375
160.0 1.0625
161.0 1.2265625
162.0 0.3359375
163.0 0.0
164.0 3.46875
165.0 1.203125
166.0 1.28125
167.0 0.84375
168.0 0.96875
169.0 0.2265625
170.0 0.0
171.0 3.7265625
172.0 1.015625
173.0 1.0625
174.0 1.265625
175.0 0.984375
176.0 1.3203125
177.0 1.1484375
178.0 0.6875
179.0 1.03125
180.0 0.6640625
181.0 0.6015625
182.0 0.34375
183.0 0.671875
184.0 1.1640625
185.0 0.6328125
186.0 0.703125
187.0 0.8125
188.0 0.8515625
189.0 1.1796875
190.0 0.1015625
191.0 0.0
192.0 0.0
193.0 0.0
194.0 0.0
195.0 4.5625
196.0 0.6328125
197.0 0.7578125
198.0 0.484375
199.0 0.546875
200.0 0.015625
201.0 0.0
202.0 0.578125
203.0 1.265625
204.0 1.59375
205.0 1.296875
206.0 2.296875
207.0 1.5078125
208.0 1.6484375
209.0 0.984375
210.0 0.0
211.0 3.109375
212.0 1.65625
213.0 1.5390625
214.0 1.3203125
215.0 1.359375
216.0 1.5
217.0 1.5625
218.0 1.6875
219.0 1.71875
220.0 1.640625
221.0 1.6796875
222.0 1.7890625
223.0 1.4453125
224.0 1.8671875
225.0 1.859375
226.0 1.53125
227.0 1.890625
228.0 1.8046875
229.0 0.9140625
230.0 0.9375
231.0 1.28125
232.0 1.1328125
233.0 0.6640625
234.0 0.03125
235.0 0.0
236.0 0.0
237.0 4.8359375
238.0 1.265625
239.0 0.8359375
240.0 0.65625
241.0 0.84375
242.0 1.203125
243.0 1.3828125
244.0 1.8984375
245.0 1.625
246.0 1.4609375
247.0 1.5859375
248.0 1.71875
249.0 1.390625
250.0 1.8046875
251.0 0.8515625
252.0 0.0
253.0 0.0
254.0 5.3984375
255.0 1.3125
256.0 0.3125
257.0 0.0
258.0 0.0
259.0 0.0
260.0 0.453125
261.0 0.5859375
262.0 0.6953125
263.0 0.3671875
264.0 0.3125
265.0 0.5546875
266.0 0.4921875
267.0 0.390625
268.0 0.5078125
269.0 0.578125
270.0 0.28125
271.0 0.4375
272.0 0.3125
273.0 0.4921875
274.0 0.5078125
275.0 0.3046875
276.0 0.421875
277.0 0.6953125
278.0 0.421875
279.0 1.03125
280.0 1.28125
281.0 0.65625
282.0 0.703125
283.0 0.5234375
284.0 0.6015625
285.0 0.6328125
286.0 0.84375
287.0 0.71875
288.0 1.0859375
289.0 0.515625
290.0 0.0
291.0 0.0
292.0 0.0
293.0 0.546875
294.0 5.6796875
295.0 0.1796875
296.0 0.0
297.0 0.0
298.0 0.0
299.0 0.0
300.0 4.6953125
301.0 1.4765625
302.0 0.6953125
303.0 0.8671875
304.0 1.4921875
305.0 0.9609375
306.0 0.984375
307.0 1.2109375
308.0 1.03125
309.0 1.109375
310.0 0.75
311.0 0.9296875
312.0 1.5625
313.0 0.8125
314.0 0.0
315.0 0.0
316.0 5.9140625
317.0 1.0546875
318.0 0.0
319.0 0.0
320.0 4.28125
321.0 1.0859375
322.0 1.53125
323.0 2.1015625
324.0 1.8828125
325.0 1.7734375
326.0 1.5859375
327.0 1.359375
328.0 1.7734375
329.0 2.1328125
330.0 1.828125
331.0 1.859375
332.0 1.4375
333.0 0.6171875
334.0 0.0
335.0 0.0
336.0 0.0
337.0 0.0
338.0 0.0
339.0 0.1875
340.0 6.0078125
341.0 1.2890625
342.0 0.40625
343.0 0.2421875
344.0 0.3359375
345.0 0.484375
346.0 0.9609375
347.0 0.484375
348.0 0.46875
349.0 0.9296875
350.0 0.6171875
351.0 0.65625
352.0 0.84375
353.0 1.203125
354.0 1.2109375
355.0 0.421875
356.0 0.0
357.0 0.0
358.0 0.0
359.0 0.0
360.0 0.0
361.0 0.2890625
362.0 5.4296875
363.0 0.453125
364.0 0.46875
365.0 0.703125
366.0 0.65625
367.0 0.6640625
368.0 0.734375
369.0 0.734375
370.0 0.7265625
371.0 0.6171875
372.0 0.8359375
373.0 0.4921875
374.0 0.0
375.0 0.0
376.0 0.0
377.0 5.015625
378.0 1.359375
379.0 0.875
380.0 0.765625
381.0 0.6953125
382.0 0.84375
383.0 1.0546875
384.0 1.3125
385.0 1.1953125
386.0 0.5390625
387.0 0.0
388.0 0.0
389.0 4.7421875
390.0 1.640625
391.0 1.7109375
392.0 1.7890625
393.0 1.8046875
394.0 2.296875
395.0 2.0078125
396.0 1.921875
397.0 1.6171875
398.0 1.09375
399.0 0.8671875
400.0 0.5234375
401.0 0.6015625
402.0 0.703125
403.0 0.6171875
404.0 0.375
405.0 0.0
406.0 0.0
407.0 0.0
408.0 0.0
409.0 0.0
410.0 5.9296875
411.0 1.0546875
412.0 0.9453125
413.0 1.2421875
414.0 1.421875
415.0 1.34375
416.0 1.671875
417.0 1.734375
418.0 1.328125
419.0 1.3828125
420.0 0.8515625
421.0 0.0
422.0 0.0
423.0 6.0078125
424.0 1.40625
425.0 1.7578125
426.0 1.640625
427.0 1.8046875
428.0 1.8515625
429.0 2.0
430.0 1.671875
431.0 1.7890625
432.0 1.5859375
433.0 0.71875
434.0 0.0
435.0 0.0
436.0 5.828125
437.0 1.9140625
438.0 1.734375
439.0 1.7734375
440.0 1.796875
441.0 1.6171875
442.0 1.8203125
443.0 0.75
444.0 0.0
445.0 0.0
446.0 6.0390625
447.0 1.6484375
448.0 1.46875
449.0 1.9765625
450.0 1.3125
451.0 1.8984375
452.0 1.6796875
453.0 1.6796875
454.0 1.8046875
455.0 2.1171875
456.0 1.96875
457.0 1.765625
458.0 0.28125
459.0 0.0
460.0 5.484375
461.0 1.890625
462.0 1.890625
463.0 1.59375
464.0 1.4765625
465.0 1.671875
466.0 1.4921875
467.0 1.65625
468.0 1.8203125
469.0 0.40625
470.0 0.0
471.0 0.0
472.0 6.078125
473.0 2.0703125
474.0 1.4921875
475.0 1.6171875
476.0 1.7421875
477.0 1.9140625
478.0 1.859375
479.0 1.703125
480.0 1.6171875
481.0 1.40625
482.0 1.296875
483.0 1.34375
484.0 0.390625
485.0 0.0
486.0 0.0
487.0 5.4609375
488.0 1.5078125
489.0 1.7109375
490.0 2.0703125
491.0 1.921875
492.0 0.8828125
493.0 0.8359375
494.0 0.46875
495.0 0.6953125
496.0 0.984375
497.0 0.5546875
498.0 0.0
499.0 0.0
500.0 0.0
501.0 0.0
502.0 0.0
503.0 5.078125
504.0 0.65625
505.0 0.5546875
506.0 0.7890625
507.0 1.5390625
508.0 1.03125
509.0 0.5859375
510.0 0.6875
511.0 0.703125
512.0 1.0
513.0 0.84375
514.0 0.40625
515.0 0.0
516.0 0.0
517.0 0.0
518.0 0.0
519.0 0.0
520.0 0.0
521.0 0.0
522.0 4.7421875
523.0 1.7109375
524.0 0.0
525.0 0.1328125
526.0 1.0
527.0 1.671875
528.0 1.28125
529.0 0.765625
530.0 0.703125
531.0 0.5390625
532.0 0.5234375
533.0 0.015625
534.0 2.125
535.0 0.578125
536.0 0.578125
537.0 0.9453125
538.0 0.90625
539.0 0.5078125
540.0 0.4921875
541.0 0.734375
542.0 0.3359375
543.0 0.3046875
544.0 0.515625
545.0 0.9609375
546.0 0.8515625
547.0 0.8828125
548.0 0.96875
549.0 0.8828125
550.0 1.2578125
551.0 1.328125
552.0 0.875
553.0 0.8359375
554.0 0.0
555.0 0.0
556.0 5.5546875
557.0 1.8828125
558.0 1.7890625
559.0 1.9765625
560.0 1.8671875
561.0 1.96875
562.0 1.921875
563.0 1.890625
564.0 1.8359375
565.0 1.796875
566.0 0.1640625
567.0 0.0
568.0 5.203125
569.0 1.859375
570.0 1.8671875
571.0 1.8515625
572.0 1.8515625
573.0 1.234375
574.0 0.9375
575.0 0.0625
576.0 0.0
577.0 0.0
578.0 5.15625
579.0 1.96875
580.0 0.8515625
581.0 0.046875
582.0 0.0
583.0 3.9140625
584.0 1.53125
585.0 1.765625
586.0 1.7734375
587.0 1.671875
588.0 1.5703125
589.0 0.8046875
590.0 1.5078125
591.0 1.1484375
592.0 1.140625
593.0 1.1796875
594.0 0.875
595.0 0.75
596.0 0.7578125
597.0 0.6171875
598.0 0.453125
599.0 0.125
