0.0 1.6484375
1.0 7.078125
2.0 4.125
3.0 3.9375
4.0 4.28125
5.0 4.1796875
6.0 4.0859375
7.0 4.0
8.0 4.15625
9.0 3.9765625
10.0 4.265625
11.0 3.8046875
12.0 2.6328125
13.0 5.46875
14.0 3.578125
15.0 3.6171875
16.0 3.375
17.0 3.7734375
18.0 3.6953125
19.0 3.5546875
20.0 3.953125
21.0 4.25
22.0 4.03125
23.0 3.8515625
24.0 3.7578125
25.0 0.8203125
26.0 7.078125
27.0 3.8203125
28.0 4.2421875
29.0 4.21875
30.0 3.96875
31.0 1.8515625
32.0 6.515625
33.0 4.203125
34.0 3.96875
35.0 4.0078125
36.0 3.7734375
37.0 4.1875
38.0 4.125
39.0 3.9453125
40.0 3.9375
41.0 3.890625
42.0 3.7421875
43.0 3.953125
44.0 3.046875
45.0 0.5390625
46.0 8.6875
47.0 4.0859375
48.0 4.0703125
49.0 3.015625
50.0 0.0
51.0 8.4921875
52.0 4.0234375
53.0 2.96875
54.0 4.0234375
55.0 3.8203125
56.0 3.8046875
57.0 3.3203125
58.0 2.65625
59.0 3.1015625
60.0 3.5859375
61.0 3.3984375
62.0 2.5234375
63.0 0.0
64.0 7.5703125
65.0 3.9921875
66.0 3.8203125
67.0 3.8203125
68.0 0.84375
69.0 6.46875
70.0 3.7890625
71.0 3.640625
72.0 3.0703125
73.0 3.28125
74.0 3.328125
75.0 2.546875
76.0 2.4765625
77.0 3.3984375
78.0 3.4453125
79.0 2.921875
80.0 2.5078125
81.0 0.0390625
82.0 3.609375
83.0 4.6875
84.0 2.6640625
85.0 2.6640625
86.0 2.8046875
87.0 2.671875
88.0 1.2421875
89.0 0.0
90.0 6.125
91.0 1.34375
92.0 1.765625
93.0 3.4375
94.0 2.8359375
95.0 2.671875
96.0 3.1328125
97.0 3.2890625
98.0 2.7734375
99.0 1.2265625
100.0 0.0
101.0 6.4765625
102.0 2.671875
103.0 2.375
104.0 0.0
105.0 5.96875
106.0 2.6640625
107.0 2.8515625
108.0 3.46875
109.0 2.75
110.0 2.5703125
111.0 2.5703125
112.0 2.8046875
113.0 2.6328125
114.0 2.7421875
115.0 3.1796875
116.0 2.71875
117.0 1.609375
118.0 0.0
119.0 7.078125
120.0 3.5546875
121.0 2.8515625
122.0 2.953125
123.0 3.328125
124.0 3.28125
125.0 2.671875
126.0 0.3359375
127.0 0.109375
128.0 7.3125
129.0 2.8046875
130.0 2.7109375
131.0 2.71875
132.0 3.1484375
133.0 3.59375
134.0 3.3515625
135.0 3.625
136.0 3.40625
137.0 3.3515625
138.0 3.0703125
139.0 1.46875
140.0 4.984375
141.0 2.9375
142.0 3.4609375
143.0 3.6796875
144.0 0.109375
145.0 7.3359375
146.0 4.0078125
147.0 3.9765625
148.0 3.796875
149.0 3.875
150.0 3.6171875
151.0 3.8828125
152.0 3.96875
153.0 3.9140625
154.0 3.828125
155.0 3.8515625
156.0 3.0390625
157.0 0.0
158.0 6.1171875
159.0 3.1171875
160.0 2.671875
161.0 2.28125
162.0 1.9453125
163.0 0.0
164.0 7.0390625
165.0 2.8046875
166.0 2.6015625
167.0 2.65625
168.0 2.65625
169.0 2.578125
170.0 2.625
171.0 2.7109375
172.0 2.546875
173.0 2.640625
174.0 2.7421875
175.0 2.6328125
176.0 0.2421875
177.0 5.9140625
178.0 4.0
179.0 2.890625
180.0 2.609375
181.0 2.5625
182.0 1.59375
183.0 0.0
184.0 5.8125
185.0 3.7421875
186.0 1.1796875
187.0 4.1796875
188.0 2.7109375
189.0 2.65625
190.0 2.578125
191.0 2.5625
192.0 2.578125
193.0 2.453125
194.0 2.8203125
195.0 2.5390625
196.0 2.6875
197.0 2.7890625
198.0 3.0390625
199.0 3.65625
200.0 3.609375
201.0 3.5234375
202.0 1.0546875
203.0 5.203125
204.0 3.2578125
205.0 3.1484375
206.0 3.234375
207.0 3.0859375
208.0 1.7421875
209.0 5.796875
210.0 3.3515625
211.0 3.7109375
212.0 3.6796875
213.0 3.6171875
214.0 3.90625
215.0 3.90625
216.0 3.921875
217.0 3.8515625
218.0 3.9765625
219.0 3.96875
220.0 3.7421875
221.0 1.5546875
222.0 6.2109375
223.0 3.640625
224.0 3.5234375
225.0 3.7890625
226.0 3.7421875
227.0 3.703125
228.0 3.1796875
229.0 0.0
230.0 7.734375
231.0 3.796875
232.0 3.6953125
233.0 3.890625
234.0 3.734375
235.0 3.59375
236.0 3.6953125
237.0 3.5625
238.0 3.65625
239.0 3.375
240.0 3.46875
241.0 3.4921875
242.0 0.6015625
243.0 5.2890625
244.0 2.6875
245.0 0.015625
246.0 2.0078125
247.0 3.015625
248.0 2.8515625
249.0 2.7578125
250.0 2.6875
251.0 1.984375
252.0 4.6640625
253.0 2.90625
254.0 2.96875
255.0 2.7109375
256.0 3.4765625
257.0 3.25
258.0 3.375
259.0 3.59375
260.0 3.96875
261.0 3.7734375
262.0 3.7734375
263.0 3.6953125
264.0 0.8046875
265.0 6.40625
266.0 3.8515625
267.0 4.0703125
268.0 4.0546875
269.0 3.796875
270.0 3.4609375
271.0 0.1640625
272.0 6.7109375
273.0 4.3984375
274.0 4.0390625
275.0 3.46875
276.0 2.28125
277.0 3.2890625
278.0 3.734375
279.0 3.4296875
280.0 3.078125
281.0 1.296875
282.0 1.3515625
283.0 0.421875
284.0 0.0
285.0 8.671875
286.0 4.0703125
287.0 4.03125
288.0 2.921875
289.0 1.53125
290.0 1.1796875
291.0 1.4921875
292.0 1.375
293.0 1.828125
294.0 0.0703125
295.0 6.3515625
296.0 3.9921875
297.0 3.9140625
298.0 3.734375
299.0 3.1796875
300.0 2.7578125
301.0 2.4296875
302.0 2.4296875
303.0 1.796875
304.0 0.0
305.0 7.421875
306.0 2.59375
307.0 2.6328125
308.0 2.4140625
309.0 2.5625
310.0 2.71875
311.0 2.4609375
312.0 2.4765625
313.0 2.4140625
314.0 2.578125
315.0 1.8359375
316.0 0.0
317.0 6.8828125
318.0 1.5
319.0 1.7734375
320.0 2.28125
321.0 1.7578125
322.0 1.734375
323.0 0.453125
324.0 0.0
325.0 5.6484375
326.0 3.1953125
327.0 3.0234375
328.0 3.171875
329.0 2.5390625
330.0 2.546875
331.0 1.71875
332.0 1.5390625
333.0 3.140625
334.0 2.8671875
335.0 2.84375
336.0 1.4609375
337.0 0.0
338.0 6.421875
339.0 2.890625
340.0 3.6171875
341.0 2.9296875
342.0 1.921875
343.0 1.8671875
344.0 0.6328125
345.0 0.0
346.0 0.0
347.0 5.1953125
348.0 3.4765625
349.0 2.265625
350.0 1.4765625
351.0 2.8515625
352.0 2.4609375
353.0 2.1328125
354.0 1.5703125
355.0 2.0078125
356.0 1.5
357.0 1.46875
358.0 2.1171875
359.0 1.46875
360.0 0.453125
361.0 0.0
362.0 7.1640625
363.0 3.34375
364.0 2.625
365.0 1.4609375
366.0 1.4375
367.0 2.9609375
368.0 2.7265625
369.0 1.421875
370.0 0.0
371.0 0.0
372.0 5.75
373.0 2.3359375
374.0 2.71875
375.0 2.5234375
376.0 1.859375
377.0 2.96875
378.0 1.6171875
379.0 0.1953125
380.0 0.0
381.0 5.578125
382.0 2.625
383.0 2.921875
384.0 3.0546875
385.0 3.046875
386.0 2.3046875
387.0 2.4453125
388.0 3.21875
389.0 3.3671875
390.0 3.6796875
391.0 3.7890625
392.0 3.859375
393.0 3.7890625
394.0 0.4296875
395.0 6.4453125
396.0 3.3125
397.0 3.5625
398.0 3.796875
399.0 2.28125
400.0 5.3828125
401.0 3.515625
402.0 3.109375
403.0 2.8359375
404.0 2.6328125
405.0 2.8125
406.0 3.21875
407.0 3.3828125
408.0 2.96875
409.0 2.5625
410.0 1.1328125
411.0 0.0
412.0 6.8125
413.0 2.8515625
414.0 2.8359375
415.0 3.0390625
416.0 3.2265625
417.0 2.6328125
418.0 2.9921875
419.0 2.21875
420.0 0.0
421.0 6.984375
422.0 2.4453125
423.0 3.296875
424.0 3.015625
425.0 3.1328125
426.0 3.40625
427.0 3.0859375
428.0 3.1640625
429.0 3.1640625
430.0 3.328125
431.0 3.265625
432.0 2.328125
433.0 4.9609375
434.0 4.3515625
435.0 4.4453125
436.0 4.1875
437.0 4.234375
438.0 4.0390625
439.0 4.0625
440.0 4.125
441.0 3.6796875
442.0 1.03125
443.0 7.2265625
444.0 4.3359375
445.0 4.546875
446.0 4.296875
447.0 4.09375
448.0 4.2421875
449.0 4.15625
450.0 4.2421875
451.0 4.4140625
452.0 4.203125
453.0 2.7109375
454.0 6.125
455.0 4.53125
456.0 4.296875
457.0 4.0625
458.0 4.359375
459.0 4.265625
460.0 4.171875
461.0 4.0
462.0 1.921875
463.0 5.671875
464.0 4.15625
465.0 4.3203125
466.0 4.4453125
467.0 4.5
468.0 1.0234375
469.0 7.578125
470.0 4.0703125
471.0 3.703125
472.0 3.3984375
473.0 3.671875
474.0 0.90625
475.0 6.8828125
476.0 3.734375
477.0 3.8828125
478.0 3.8203125
479.0 4.21875
480.0 4.15625
481.0 4.3203125
482.0 4.234375
483.0 4.2109375
484.0 4.2109375
485.0 4.328125
486.0 4.1015625
487.0 4.0625
488.0 3.9375
489.0 3.7578125
490.0 3.890625
491.0 3.46875
492.0 4.1484375
493.0 4.25
494.0 4.3671875
495.0 4.15625
496.0 1.0
497.0 8.1953125
498.0 4.5625
499.0 4.6015625
500.0 0.640625
501.0 6.390625
502.0 4.1796875
503.0 4.15625
504.0 4.515625
505.0 4.59375
506.0 4.3828125
507.0 4.3828125
508.0 4.3359375
509.0 4.3828125
510.0 4.1328125
511.0 4.3046875
512.0 4.328125
513.0 3.4296875
514.0 0.9609375
515.0 5.375
516.0 3.515625
517.0 3.640625
518.0 4.0390625
519.0 4.484375
520.0 3.9921875
521.0 2.09375
522.0 6.4140625
523.0 4.3671875
524.0 4.359375
525.0 4.3359375
526.0 4.7734375
527.0 4.8046875
528.0 3.5625
529.0 4.59375
530.0 3.9140625
531.0 3.0703125
532.0 3.734375
533.0 3.9140625
534.0 4.03125
535.0 3.828125
536.0 3.875
537.0 3.9453125
538.0 3.9453125
539.0 4.03125
540.0 4.09375
541.0 3.828125
542.0 1.671875
543.0 6.859375
544.0 3.875
545.0 4.6328125
546.0 4.171875
547.0 4.3046875
548.0 4.0078125
549.0 4.359375
550.0 3.5234375
551.0 3.671875
552.0 3.59375
553.0 3.671875
554.0 3.3828125
555.0 3.9921875
556.0 4.4765625
557.0 4.3984375
558.0 1.7578125
559.0 7.1953125
560.0 4.53125
561.0 4.4296875
562.0 4.453125
563.0 4.359375
564.0 3.8828125
565.0 0.453125
566.0 8.765625
567.0 4.421875
568.0 4.6328125
569.0 4.171875
570.0 4.1875
571.0 4.2109375
572.0 4.15625
573.0 2.875
574.0 2.3125
575.0 1.2890625
576.0 0.2890625
577.0 0.0
578.0 6.734375
579.0 4.4765625
580.0 3.9765625
581.0 4.09375
582.0 4.0
583.0 4.2109375
584.0 4.203125
585.0 4.28125
586.0 4.1796875
587.0 4.1015625
588.0 3.9375
589.0 4.0625
590.0 3.015625
591.0 5.6796875
592.0 4.03125
593.0 3.640625
594.0 4.0
595.0 4.3828125
596.0 4.2734375
597.0 1.2109375
598.0 7.1328125
599.0 4.203125
