0.0 2.390625
1.0 1.109375
2.0 0.0
3.0 4.296875
4.0 2.5703125
5.0 0.0
6.0 1.6796875
7.0 2.7109375
8.0 0.09375
9.0 5.5546875
10.0 2.78125
11.0 2.484375
12.0 2.984375
13.0 2.7578125
14.0 2.5625
15.0 2.3671875
16.0 3.0
17.0 2.8515625
18.0 2.578125
19.0 2.8046875
20.0 2.3671875
21.0 2.0625
22.0 1.671875
23.0 0.0
24.0 5.6484375
25.0 2.5234375
26.0 2.5625
27.0 2.78125
28.0 2.71875
29.0 2.265625
30.0 0.0
31.0 0.0
32.0 6.0859375
33.0 1.09375
34.0 2.8671875
35.0 1.921875
36.0 2.4140625
37.0 2.6015625
38.0 2.890625
39.0 2.875
40.0 2.8515625
41.0 2.9921875
42.0 1.296875
43.0 0.0
44.0 6.6875
45.0 3.046875
46.0 1.078125
47.0 4.9765625
48.0 2.71875
49.0 2.7109375
50.0 2.359375
51.0 2.15625
52.0 2.421875
53.0 2.4921875
54.0 0.359375
55.0 5.1875
56.0 2.578125
57.0 2.671875
58.0 2.96875
59.0 3.0546875
60.0 2.578125
61.0 2.5390625
62.0 3.1015625
63.0 3.4375
64.0 3.34375
65.0 3.109375
66.0 3.296875
67.0 3.1796875
68.0 0.5546875
69.0 0.2578125
70.0 7.359375
71.0 0.0
72.0 0.03125
73.0 1.3203125
74.0 0.484375
75.0 0.8828125
76.0 2.0390625
77.0 2.3359375
78.0 3.1171875
79.0 3.0703125
80.0 2.90625
81.0 2.921875
82.0 2.8671875
83.0 0.3046875
84.0 5.578125
85.0 2.875
86.0 3.109375
87.0 3.046875
88.0 2.953125
89.0 0.78125
90.0 4.984375
91.0 2.8671875
92.0 2.625
93.0 3.0859375
94.0 3.109375
95.0 0.484375
96.0 5.40625
97.0 2.8671875
98.0 2.8125
99.0 2.75
100.0 2.84375
101.0 2.7421875
102.0 2.6875
103.0 2.7421875
104.0 2.578125
105.0 2.6875
106.0 2.8046875
107.0 2.9296875
108.0 1.7109375
109.0 0.0
110.0 6.09375
111.0 1.4453125
112.0 0.8046875
113.0 2.7265625
114.0 1.2421875
115.0 1.5625
116.0 1.9453125
117.0 1.8671875
118.0 2.5390625
119.0 2.546875
120.0 2.1640625
121.0 0.078125
122.0 0.0
123.0 5.890625
124.0 1.9453125
125.0 1.0546875
126.0 2.1796875
127.0 2.3984375
128.0 1.4921875
129.0 0.0
130.0 6.0078125
131.0 2.265625
132.0 1.953125
133.0 1.7734375
134.0 2.5234375
135.0 2.4609375
136.0 1.0
137.0 1.1484375
138.0 2.71875
139.0 1.9375
140.0 0.984375
141.0 0.0
142.0 0.0
143.0 6.4375
144.0 2.0625
145.0 0.9921875
146.0 1.5078125
147.0 1.9140625
148.0 0.8125
149.0 0.09375
150.0 0.0
151.0 4.8125
152.0 2.1328125
153.0 1.078125
154.0 0.5546875
155.0 0.78125
156.0 0.25
157.0 0.2578125
158.0 0.21875
159.0 0.71875
160.0 2.0625
161.0 2.234375
162.0 2.7890625
163.0 1.96875
164.0 0.0
165.0 5.75
166.0 0.84375
167.0 1.2578125
168.0 1.5859375
169.0 0.34375
170.0 0.0
171.0 4.5
172.0 1.8671875
173.0 1.09375
174.0 0.5546875
175.0 0.421875
176.0 1.46875
177.0 2.59375
178.0 2.34375
179.0 2.2109375
180.0 2.421875
181.0 2.375
182.0 2.1953125
183.0 0.0
184.0 0.0
185.0 0.0
186.0 6.1484375
187.0 0.375
188.0 0.9921875
189.0 1.03125
190.0 2.5703125
191.0 2.875
192.0 2.921875
193.0 2.8515625
194.0 2.8515625
195.0 2.9921875
196.0 2.4765625
197.0 2.015625
198.0 2.625
199.0 2.7109375
200.0 2.1328125
201.0 1.203125
202.0 1.796875
203.0 2.3359375
204.0 3.046875
205.0 1.421875
206.0 0.0
207.0 7.6640625
208.0 3.046875
209.0 2.9375
210.0 2.65625
211.0 0.2421875
212.0 0.0
213.0 0.0
214.0 6.0546875
215.0 1.0859375
216.0 2.328125
217.0 2.6640625
218.0 2.1484375
219.0 2.0625
220.0 2.5390625
221.0 2.625
222.0 2.484375
223.0 2.8125
224.0 2.671875
225.0 2.7109375
226.0 2.625
227.0 0.359375
228.0 4.90625
229.0 3.078125
230.0 3.1015625
231.0 2.984375
232.0 2.953125
233.0 1.3203125
234.0 0.0
235.0 6.7421875
236.0 2.8125
237.0 2.328125
238.0 1.625
239.0 1.0546875
240.0 1.171875
241.0 2.2734375
242.0 2.953125
243.0 2.953125
244.0 2.890625
245.0 2.7890625
246.0 0.5390625
247.0 5.6328125
248.0 3.1640625
249.0 3.0703125
250.0 3.140625
251.0 3.109375
252.0 3.1171875
253.0 3.0234375
254.0 3.2890625
255.0 3.1796875
256.0 3.1015625
257.0 2.90625
258.0 0.0
259.0 6.59375
260.0 3.3515625
261.0 3.234375
262.0 3.1484375
263.0 3.28125
264.0 3.171875
265.0 2.9921875
266.0 1.7109375
267.0 4.859375
268.0 3.328125
269.0 3.296875
270.0 3.234375
271.0 3.2578125
272.0 3.3125
273.0 3.34375
274.0 3.4296875
275.0 3.46875
276.0 3.3671875
277.0 3.140625
278.0 3.203125
279.0 0.140625
280.0 6.2421875
281.0 3.0234375
282.0 3.234375
283.0 3.078125
284.0 3.2578125
285.0 3.2578125
286.0 2.8984375
287.0 0.6953125
288.0 5.3203125
289.0 3.2890625
290.0 3.0703125
291.0 3.0
292.0 2.8125
293.0 1.2578125
294.0 0.0
295.0 4.8046875
296.0 2.3984375
297.0 2.8046875
298.0 3.234375
299.0 0.6015625
300.0 5.6328125
301.0 3.40625
302.0 3.328125
303.0 2.9375
304.0 3.0703125
305.0 3.21875
306.0 3.0546875
307.0 2.90625
308.0 2.96875
309.0 3.078125
310.0 3.0703125
311.0 2.9296875
312.0 2.8046875
313.0 0.84375
314.0 0.0
315.0 7.6015625
316.0 2.9296875
317.0 2.6328125
318.0 2.515625
319.0 2.8046875
320.0 2.7265625
321.0 1.2890625
322.0 2.0859375
323.0 5.484375
324.0 2.625
325.0 2.78125
326.0 0.6328125
327.0 4.8359375
328.0 2.6953125
329.0 2.265625
330.0 2.7578125
331.0 2.5625
332.0 2.328125
333.0 2.7578125
334.0 2.9375
335.0 2.8671875
336.0 2.7421875
337.0 3.078125
338.0 2.84375
339.0 2.6640625
340.0 1.015625
341.0 0.0
342.0 6.6796875
343.0 2.4140625
344.0 1.375
345.0 1.2890625
346.0 2.328125
347.0 2.5390625
348.0 0.703125
349.0 0.0
350.0 4.9609375
351.0 1.7734375
352.0 2.3671875
353.0 2.5390625
354.0 2.875
355.0 2.8359375
356.0 0.2109375
357.0 5.8203125
358.0 3.1953125
359.0 3.078125
360.0 3.203125
361.0 3.2890625
362.0 3.0
363.0 3.1328125
364.0 3.078125
365.0 2.4765625
366.0 2.78125
367.0 3.140625
368.0 2.6875
369.0 2.5703125
370.0 0.0
371.0 0.0
372.0 0.0
373.0 0.1796875
374.0 6.859375
375.0 2.7109375
376.0 2.1484375
377.0 3.0
378.0 2.78125
379.0 2.4609375
380.0 0.0
381.0 6.109375
382.0 2.96875
383.0 3.140625
384.0 3.015625
385.0 3.21875
386.0 2.8984375
387.0 3.1171875
388.0 3.2265625
389.0 2.8125
390.0 2.0078125
391.0 2.609375
392.0 3.1171875
393.0 0.8046875
394.0 0.0
395.0 5.140625
396.0 1.9375
397.0 2.546875
398.0 2.34375
399.0 3.2578125
400.0 3.4140625
401.0 3.2265625
402.0 1.3515625
403.0 5.0546875
404.0 2.2109375
405.0 2.8515625
406.0 3.1328125
407.0 3.2890625
408.0 3.2578125
409.0 3.515625
410.0 3.234375
411.0 2.8515625
412.0 3.109375
413.0 3.21875
414.0 2.9921875
415.0 1.859375
416.0 0.0
417.0 7.75
418.0 3.1796875
419.0 3.21875
420.0 3.0703125
421.0 0.609375
422.0 5.4921875
423.0 3.1796875
424.0 3.25
425.0 3.296875
426.0 3.4921875
427.0 3.1796875
428.0 3.21875
429.0 3.3515625
430.0 2.921875
431.0 2.9609375
432.0 0.359375
433.0 6.3515625
434.0 3.078125
435.0 3.3671875
436.0 3.1171875
437.0 3.265625
438.0 3.1328125
439.0 3.1484375
440.0 3.234375
441.0 3.21875
442.0 3.296875
443.0 3.25
444.0 3.3828125
445.0 3.265625
446.0 0.0
447.0 6.390625
448.0 3.328125
449.0 3.2265625
450.0 3.015625
451.0 0.5390625
452.0 6.171875
453.0 3.140625
454.0 3.296875
455.0 3.28125
456.0 0.4296875
457.0 6.0859375
458.0 3.0390625
459.0 3.015625
460.0 3.2265625
461.0 2.84375
462.0 2.9375
463.0 2.1875
464.0 1.65625
465.0 3.1015625
466.0 2.8125
467.0 2.7421875
468.0 2.0
469.0 3.1484375
470.0 0.0
471.0 6.203125
472.0 2.984375
473.0 3.3984375
474.0 3.4140625
475.0 3.328125
476.0 1.53125
477.0 5.0546875
478.0 3.234375
479.0 3.3515625
480.0 3.4375
481.0 3.34375
482.0 3.3828125
483.0 3.140625
484.0 3.265625
485.0 2.2109375
486.0 2.453125
487.0 2.3046875
488.0 2.84375
489.0 0.25
490.0 4.8046875
491.0 2.7265625
492.0 3.046875
493.0 2.8984375
494.0 3.1171875
495.0 3.171875
496.0 3.3125
497.0 3.0703125
498.0 0.0
499.0 6.6484375
500.0 2.6015625
501.0 2.640625
502.0 2.875
503.0 2.4140625
504.0 2.90625
505.0 3.0703125
506.0 3.015625
507.0 3.4765625
508.0 3.0
509.0 3.3671875
510.0 3.1328125
511.0 0.0
512.0 6.75
513.0 3.0234375
514.0 2.6328125
515.0 2.84375
516.0 3.046875
517.0 3.0234375
518.0 1.28125
519.0 0.0
520.0 6.484375
521.0 2.71875
522.0 2.953125
523.0 2.546875
524.0 2.6953125
525.0 2.7578125
526.0 3.140625
527.0 2.953125
528.0 2.5234375
529.0 2.7890625
530.0 2.515625
531.0 0.609375
532.0 0.0
533.0 4.4453125
534.0 2.578125
535.0 2.59375
536.0 2.84375
537.0 2.8984375
538.0 2.640625
539.0 2.953125
540.0 2.9375
541.0 3.1171875
542.0 2.8046875
543.0 2.984375
544.0 2.6015625
545.0 0.0625
546.0 0.0
547.0 6.953125
548.0 2.4453125
549.0 1.40625
550.0 2.1484375
551.0 3.1328125
552.0 2.9921875
553.0 1.625
554.0 0.0
555.0 6.125
556.0 2.890625
557.0 2.8515625
558.0 2.8984375
559.0 2.890625
560.0 2.96875
561.0 2.84375
562.0 2.8359375
563.0 2.7109375
564.0 2.890625
565.0 2.7734375
566.0 2.71875
567.0 0.6953125
568.0 0.28125
569.0 4.0
570.0 3.546875
571.0 5.671875
572.0 2.75
573.0 2.7109375
574.0 2.390625
575.0 2.390625
576.0 1.9765625
577.0 3.1171875
578.0 0.484375
579.0 5.6640625
580.0 3.078125
581.0 2.9609375
582.0 2.8359375
583.0 2.3125
584.0 2.6875
585.0 3.0
586.0 2.8984375
587.0 2.59375
588.0 0.390625
589.0 4.8359375
590.0 0.125
591.0 4.921875
592.0 2.9375
593.0 2.6875
594.0 2.6875
595.0 2.4609375
596.0 2.6328125
597.0 2.4609375
598.0 2.34375
599.0 1.5
