0.0 3.9453125
1.0 0.484375
2.0 4.6484375
3.0 6.953125
4.0 3.9765625
5.0 4.0859375
6.0 0.0
7.0 8.0625
8.0 4.1328125
9.0 4.1484375
10.0 4.0546875
11.0 2.90625
12.0 5.3125
13.0 4.0859375
14.0 3.90625
15.0 4.0625
16.0 4.1171875
17.0 4.1328125
18.0 4.0859375
19.0 3.9765625
20.0 4.0546875
21.0 4.0078125
22.0 4.03125
23.0 4.0546875
24.0 4.0859375
25.0 4.0390625
26.0 0.1796875
27.0 7.734375
28.0 3.7109375
29.0 3.828125
30.0 3.6171875
31.0 2.359375
32.0 5.2265625
33.0 4.1875
34.0 4.0859375
35.0 4.0078125
36.0 4.3515625
37.0 4.1875
38.0 4.0234375
39.0 4.0234375
40.0 3.9765625
41.0 4.0859375
42.0 4.0390625
43.0 3.9765625
44.0 3.90625
45.0 1.234375
46.0 6.4765625
47.0 4.0390625
48.0 3.828125
49.0 3.953125
50.0 3.9375
51.0 0.125
52.0 8.140625
53.0 3.96875
54.0 3.8046875
55.0 3.890625
56.0 3.9921875
57.0 4.171875
58.0 4.0078125
59.0 4.0625
60.0 4.03125
61.0 4.203125
62.0 3.96875
63.0 3.9765625
64.0 0.0
65.0 8.03125
66.0 2.1640625
67.0 1.1640625
68.0 2.8203125
69.0 4.171875
70.0 4.0390625
71.0 2.8046875
72.0 0.5234375
73.0 8.40625
74.0 4.1796875
75.0 4.1171875
76.0 4.234375
77.0 3.921875
78.0 3.5546875
79.0 3.578125
80.0 3.9375
81.0 3.8828125
82.0 4.171875
83.0 3.9453125
84.0 2.65625
85.0 5.203125
86.0 3.6953125
87.0 3.2890625
88.0 3.265625
89.0 3.3671875
90.0 3.7890625
91.0 3.9375
92.0 3.9375
93.0 3.59375
94.0 1.03125
95.0 6.421875
96.0 3.734375
97.0 3.7578125
98.0 3.3671875
99.0 3.7421875
100.0 3.9921875
101.0 3.921875
102.0 3.9765625
103.0 3.96875
104.0 4.0625
105.0 3.890625
106.0 3.796875
107.0 0.0625
108.0 7.8125
109.0 3.921875
110.0 3.9375
111.0 2.1796875
112.0 4.4765625
113.0 3.875
114.0 3.9921875
115.0 4.1015625
116.0 4.0625
117.0 4.171875
118.0 4.0
119.0 3.96875
120.0 4.28125
121.0 4.1796875
122.0 4.3046875
123.0 3.4453125
124.0 0.9453125
125.0 0.0
126.0 5.8828125
127.0 4.0
128.0 3.9140625
129.0 4.0625
130.0 3.9921875
131.0 2.71875
132.0 0.03125
133.0 6.8671875
134.0 3.6796875
135.0 3.4765625
136.0 3.6953125
137.0 3.859375
138.0 4.0859375
139.0 3.5625
140.0 3.7421875
141.0 3.828125
142.0 0.0625
143.0 6.71875
144.0 3.7890625
145.0 3.5
146.0 3.3203125
147.0 4.2109375
148.0 3.6171875
149.0 3.5625
150.0 3.8203125
151.0 3.7109375
152.0 3.4375
153.0 3.609375
154.0 3.140625
155.0 3.109375
156.0 0.0
157.0 7.0078125
158.0 2.34375
159.0 2.390625
160.0 2.875
161.0 1.375
162.0 0.0
163.0 0.0
164.0 6.984375
165.0 2.9609375
166.0 2.296875
167.0 2.421875
168.0 2.9375
169.0 2.8359375
170.0 3.515625
171.0 3.625
172.0 3.140625
173.0 3.4609375
174.0 3.625
175.0 2.7578125
176.0 0.4921875
177.0 4.46875
178.0 3.1328125
179.0 3.015625
180.0 4.09375
181.0 3.3125
182.0 3.578125
183.0 3.1015625
184.0 3.515625
185.0 2.453125
186.0 2.4140625
187.0 2.8984375
188.0 4.5
189.0 3.859375
190.0 1.5703125
191.0 0.0
192.0 4.9765625
193.0 3.0
194.0 2.5078125
195.0 1.921875
196.0 0.9921875
197.0 0.5390625
198.0 0.0
199.0 4.890625
200.0 4.0625
201.0 3.4609375
202.0 3.625
203.0 3.8203125
204.0 3.7109375
205.0 3.640625
206.0 3.8046875
207.0 3.6796875
208.0 3.6796875
209.0 3.515625
210.0 3.3671875
211.0 3.546875
212.0 3.8203125
213.0 3.7265625
214.0 2.640625
215.0 0.46875
216.0 8.3515625
217.0 3.6171875
218.0 3.515625
219.0 3.1328125
220.0 0.0
221.0 8.0
222.0 3.875
223.0 3.890625
224.0 3.671875
225.0 3.6171875
226.0 3.4609375
227.0 3.4453125
228.0 3.296875
229.0 3.34375
230.0 3.625
231.0 3.4921875
232.0 1.8515625
233.0 5.3515625
234.0 3.6171875
235.0 3.703125
236.0 3.5546875
237.0 1.4375
238.0 0.0
239.0 0.0
240.0 5.4921875
241.0 2.421875
242.0 3.546875
243.0 3.1796875
244.0 3.6171875
245.0 2.8515625
246.0 3.140625
247.0 3.9140625
248.0 3.921875
249.0 3.90625
250.0 4.1015625
251.0 3.90625
252.0 1.0
253.0 6.765625
254.0 3.4609375
255.0 3.7734375
256.0 3.6953125
257.0 2.328125
258.0 5.5
259.0 3.8203125
260.0 3.765625
261.0 3.7421875
262.0 3.7890625
263.0 3.796875
264.0 3.875
265.0 3.6796875
266.0 3.515625
267.0 3.6953125
268.0 3.703125
269.0 3.7421875
270.0 3.7578125
271.0 0.6328125
272.0 3.3125
273.0 7.15625
274.0 4.0390625
275.0 3.9140625
276.0 3.6953125
277.0 0.6953125
278.0 3.2265625
279.0 7.5078125
280.0 3.875
281.0 3.921875
282.0 0.09375
283.0 7.6171875
284.0 3.828125
285.0 3.875
286.0 3.7734375
287.0 3.765625
288.0 3.8046875
289.0 3.734375
290.0 3.6796875
291.0 3.640625
292.0 3.5
293.0 3.7265625
294.0 3.703125
295.0 2.4296875
296.0 5.0546875
297.0 3.25
298.0 3.203125
299.0 4.125
300.0 4.0078125
301.0 3.8203125
302.0 3.859375
303.0 3.8046875
304.0 1.65625
305.0 6.0390625
306.0 3.953125
307.0 3.625
308.0 3.4921875
309.0 2.3671875
310.0 0.0
311.0 0.0
312.0 6.234375
313.0 1.0
314.0 0.3671875
315.0 0.28125
316.0 0.421875
317.0 1.3203125
318.0 1.7890625
319.0 2.7421875
320.0 3.2890625
321.0 4.0390625
322.0 4.0390625
323.0 3.1328125
324.0 0.0
325.0 8.9375
326.0 4.09375
327.0 3.828125
328.0 1.234375
329.0 6.9140625
330.0 4.453125
331.0 4.0859375
332.0 4.2421875
333.0 3.765625
334.0 2.96875
335.0 3.46875
336.0 4.0078125
337.0 4.2109375
338.0 4.0625
339.0 4.0859375
340.0 1.1328125
341.0 6.765625
342.0 4.0859375
343.0 3.3671875
344.0 3.7265625
345.0 4.0234375
346.0 4.0546875
347.0 0.40625
348.0 7.78125
349.0 3.9453125
350.0 4.09375
351.0 4.0390625
352.0 4.1484375
353.0 4.203125
354.0 4.4296875
355.0 4.0546875
356.0 4.03125
357.0 1.6796875
358.0 1.6484375
359.0 0.0
360.0 7.8984375
361.0 4.1015625
362.0 4.0078125
363.0 4.0390625
364.0 4.0
365.0 3.28125
366.0 0.46875
367.0 7.3046875
368.0 4.359375
369.0 4.25
370.0 4.265625
371.0 3.859375
372.0 3.953125
373.0 4.2421875
374.0 4.0859375
375.0 4.125
376.0 4.0078125
377.0 4.1015625
378.0 4.265625
379.0 3.65625
380.0 0.0
381.0 8.46875
382.0 3.96875
383.0 4.0234375
384.0 3.703125
385.0 2.75
386.0 0.0
387.0 8.3828125
388.0 4.1484375
389.0 4.0390625
390.0 3.9765625
391.0 4.0625
392.0 4.234375
393.0 4.0703125
394.0 3.9140625
395.0 1.921875
396.0 1.09375
397.0 5.078125
398.0 2.546875
399.0 3.0703125
400.0 4.2734375
401.0 3.046875
402.0 2.28125
403.0 2.8984375
404.0 2.1796875
405.0 2.21875
406.0 3.0859375
407.0 2.03125
408.0 1.4375
409.0 5.3671875
410.0 0.078125
411.0 3.640625
412.0 1.765625
413.0 2.5390625
414.0 3.828125
415.0 3.7890625
416.0 4.0390625
417.0 3.7890625
418.0 2.6953125
419.0 0.359375
420.0 1.1484375
421.0 2.328125
422.0 4.953125
423.0 5.6953125
424.0 5.7890625
425.0 4.0546875
426.0 3.8515625
427.0 5.1328125
428.0 5.796875
429.0 5.046875
430.0 6.2265625
431.0 5.46875
432.0 5.4921875
433.0 5.34375
434.0 4.203125
435.0 4.09375
436.0 3.6953125
437.0 7.3671875
438.0 5.6640625
439.0 5.5234375
440.0 5.3359375
441.0 4.4765625
442.0 4.953125
443.0 5.6015625
444.0 5.5234375
445.0 3.953125
446.0 3.890625
447.0 5.28125
448.0 5.9375
449.0 4.3046875
450.0 1.5625
451.0 2.421875
452.0 5.3515625
453.0 5.7109375
454.0 5.6171875
455.0 4.890625
456.0 3.8828125
457.0 4.71875
458.0 5.609375
459.0 5.6171875
460.0 5.5
461.0 5.5859375
462.0 3.1953125
463.0 7.9921875
464.0 5.765625
465.0 4.796875
466.0 4.3203125
467.0 0.5078125
468.0 10.5234375
469.0 4.859375
470.0 5.515625
471.0 5.453125
472.0 5.46875
473.0 5.3359375
474.0 5.515625
475.0 4.84375
476.0 4.46875
477.0 5.78125
478.0 5.828125
479.0 5.859375
480.0 5.2578125
481.0 6.2421875
482.0 5.828125
483.0 5.34375
484.0 5.890625
485.0 5.4609375
486.0 1.296875
487.0 6.890625
488.0 5.5546875
489.0 5.75
490.0 5.2890625
491.0 3.8828125
492.0 5.7890625
493.0 5.96875
494.0 6.0390625
495.0 4.7578125
496.0 2.984375
497.0 6.390625
498.0 6.0625
499.0 6.109375
500.0 5.90625
501.0 5.75
502.0 5.796875
503.0 5.8828125
504.0 6.0078125
505.0 5.859375
506.0 4.453125
507.0 4.3671875
508.0 5.5
509.0 5.734375
510.0 5.859375
511.0 6.140625
512.0 5.9140625
513.0 5.84375
514.0 6.171875
515.0 4.1796875
516.0 4.1484375
517.0 4.2109375
518.0 6.390625
519.0 5.84375
520.0 5.53125
521.0 6.15625
522.0 5.75
523.0 5.25
524.0 4.234375
525.0 4.2734375
526.0 4.4296875
527.0 4.0078125
528.0 4.7421875
529.0 5.0703125
530.0 3.6484375
531.0 7.796875
532.0 5.578125
533.0 5.15625
534.0 4.0
535.0 3.671875
536.0 0.6328125
537.0 7.6015625
538.0 5.3984375
539.0 5.890625
540.0 6.03125
541.0 5.7265625
542.0 6.03125
543.0 5.9453125
544.0 5.890625
545.0 5.609375
546.0 4.25
547.0 4.15625
548.0 4.0703125
549.0 4.3515625
550.0 0.703125
551.0 10.921875
552.0 5.9921875
553.0 6.0546875
554.0 6.0625
555.0 5.859375
556.0 2.7421875
557.0 9.125
558.0 5.734375
559.0 4.25
560.0 4.3203125
561.0 4.203125
562.0 3.9765625
563.0 4.0625
564.0 4.2421875
565.0 4.234375
566.0 4.828125
567.0 5.90625
568.0 5.2734375
569.0 4.8125
570.0 5.046875
571.0 4.7109375
572.0 5.484375
573.0 5.765625
574.0 5.5859375
575.0 5.734375
576.0 5.546875
577.0 5.21875
578.0 4.7109375
579.0 4.609375
580.0 3.921875
581.0 0.484375
582.0 7.40625
583.0 5.203125
584.0 5.2890625
585.0 4.5703125
586.0 3.3515625
587.0 1.96875
588.0 6.5703125
589.0 5.6484375
590.0 5.4921875
591.0 5.5625
592.0 5.5234375
593.0 5.796875
594.0 5.78125
595.0 5.9453125
596.0 5.640625
597.0 5.796875
598.0 5.8828125
599.0 5.4296875
