0.0 4.1484375
1.0 4.1328125
2.0 4.484375
3.0 5.5546875
4.0 6.765625
5.0 6.40625
6.0 5.2890625
7.0 4.9921875
8.0 4.8359375
9.0 7.78125
10.0 7.71875
11.0 5.21875
12.0 9.0078125
13.0 7.96875
14.0 5.7890625
15.0 6.7421875
16.0 7.9609375
17.0 8.1171875
18.0 7.6640625
19.0 7.2890625
20.0 5.3984375
21.0 5.234375
22.0 6.296875
23.0 5.453125
24.0 3.640625
25.0 3.4609375
26.0 6.8359375
27.0 7.8515625
28.0 4.4140625
29.0 12.5859375
30.0 8.6171875
31.0 8.984375
32.0 8.1328125
33.0 6.6015625
34.0 7.3046875
35.0 7.09375
36.0 6.84375
37.0 6.5546875
38.0 6.6484375
39.0 6.1171875
40.0 4.4765625
41.0 3.0
42.0 5.3515625
43.0 3.734375
44.0 4.2109375
45.0 6.3671875
46.0 4.8671875
47.0 3.859375
48.0 3.8828125
49.0 3.734375
50.0 3.7890625
51.0 2.9921875
52.0 4.8984375
53.0 7.21875
54.0 6.9765625
55.0 6.9140625
56.0 6.6640625
57.0 6.71875
58.0 6.40625
59.0 5.2265625
60.0 6.921875
61.0 6.40625
62.0 4.1484375
63.0 3.140625
64.0 5.171875
65.0 6.9296875
66.0 6.296875
67.0 5.21875
68.0 6.3671875
69.0 6.9921875
70.0 5.7890625
71.0 9.3125
72.0 6.0
73.0 2.1796875
74.0 7.9296875
75.0 5.734375
76.0 7.34375
77.0 4.03125
78.0 10.8203125
79.0 7.4921875
80.0 5.7578125
81.0 7.3046875
82.0 8.265625
83.0 8.09375
84.0 7.1953125
85.0 7.3046875
86.0 3.625
87.0 3.3984375
88.0 3.96875
89.0 2.1171875
90.0 1.5
91.0 0.0
92.0 7.2265625
93.0 3.0234375
94.0 2.7890625
95.0 2.21875
96.0 2.1875
97.0 3.53125
98.0 6.2109375
99.0 4.7109375
100.0 3.96875
101.0 6.3203125
102.0 6.6484375
103.0 4.3359375
104.0 1.375
105.0 8.046875
106.0 4.3359375
107.0 3.703125
108.0 3.6796875
109.0 4.7109375
110.0 3.0390625
111.0 0.0
112.0 6.328125
113.0 4.203125
114.0 2.03125
115.0 2.265625
116.0 2.09375
117.0 1.09375
118.0 0.6171875
119.0 0.390625
120.0 0.1875
121.0 0.421875
122.0 1.5390625
123.0 2.5390625
124.0 1.8828125
125.0 0.0
126.0 0.0
127.0 0.0
128.0 5.6796875
129.0 3.828125
130.0 4.515625
131.0 5.8125
132.0 4.9453125
133.0 0.0
134.0 9.2265625
135.0 5.9765625
136.0 4.9453125
137.0 5.3828125
138.0 6.296875
139.0 5.5625
140.0 6.0
141.0 3.8515625
142.0 4.9609375
143.0 5.7109375
144.0 5.578125
145.0 6.296875
146.0 3.7265625
147.0 9.4765625
148.0 5.796875
149.0 2.2421875
150.0 0.6328125
151.0 0.0
152.0 0.0
153.0 0.0
154.0 5.515625
155.0 4.484375
156.0 6.1796875
157.0 4.625
158.0 6.84375
159.0 3.1640625
160.0 0.765625
161.0 1.046875
162.0 0.765625
163.0 1.5
164.0 1.4140625
165.0 1.390625
166.0 0.8671875
167.0 0.34375
168.0 4.265625
169.0 3.1796875
170.0 2.9921875
171.0 3.375
172.0 4.0234375
173.0 3.296875
174.0 3.3828125
175.0 4.203125
176.0 5.140625
177.0 4.5
178.0 5.6640625
179.0 4.53125
180.0 2.875
181.0 5.5546875
182.0 4.84375
183.0 2.8046875
184.0 3.875
185.0 3.7265625
186.0 2.125
187.0 10.109375
188.0 8.2421875
189.0 7.0078125
190.0 6.5390625
191.0 7.640625
192.0 5.96875
193.0 3.796875
194.0 6.734375
195.0 8.640625
196.0 6.6015625
197.0 7.0078125
198.0 8.7734375
199.0 8.71875
200.0 8.0859375
201.0 7.546875
202.0 8.46875
203.0 6.9609375
204.0 6.421875
205.0 1.0546875
206.0 8.5078125
207.0 4.359375
208.0 2.9375
209.0 2.421875
210.0 5.109375
211.0 5.1953125
212.0 2.4140625
213.0 6.0859375
214.0 3.859375
215.0 2.8984375
216.0 1.8046875
217.0 2.265625
218.0 2.5078125
219.0 3.703125
220.0 5.234375
221.0 4.3046875
222.0 6.1875
223.0 4.6875
224.0 5.8203125
225.0 7.8515625
226.0 2.84375
227.0 11.2421875
228.0 7.25
229.0 8.765625
230.0 7.9453125
231.0 3.8203125
232.0 13.0546875
233.0 7.984375
234.0 7.765625
235.0 8.7421875
236.0 8.765625
237.0 9.2109375
238.0 9.078125
239.0 7.640625
240.0 8.9375
241.0 8.625
242.0 8.96875
243.0 8.9765625
244.0 5.9453125
245.0 11.328125
246.0 8.7890625
247.0 8.390625
248.0 8.8828125
249.0 8.34375
250.0 5.640625
251.0 6.765625
252.0 8.03125
253.0 8.140625
254.0 8.3203125
255.0 7.9609375
256.0 7.84375
257.0 8.1328125
258.0 8.5
259.0 8.390625
260.0 8.34375
261.0 8.328125
262.0 5.9765625
263.0 7.21875
264.0 7.8359375
265.0 2.0859375
266.0 9.6953125
267.0 4.625
268.0 4.03125
269.0 8.53125
270.0 7.9296875
271.0 6.0234375
272.0 8.1171875
273.0 4.8359375
274.0 4.0859375
275.0 1.9453125
276.0 11.3515625
277.0 8.734375
278.0 8.171875
279.0 7.9453125
280.0 7.5859375
281.0 7.3125
282.0 8.5234375
283.0 5.0703125
284.0 6.4375
285.0 8.34375
286.0 7.9296875
287.0 6.3203125
288.0 5.6171875
289.0 8.1796875
290.0 8.2421875
291.0 6.109375
292.0 8.59375
293.0 5.3984375
294.0 2.21875
295.0 9.2734375
296.0 7.3046875
297.0 3.921875
298.0 8.421875
299.0 5.46875
300.0 3.1796875
301.0 3.921875
302.0 7.578125
303.0 8.09375
304.0 8.8046875
305.0 8.09375
306.0 7.796875
307.0 8.5
308.0 9.0390625
309.0 5.34375
310.0 7.578125
311.0 8.6484375
312.0 8.359375
313.0 8.9765625
314.0 8.5859375
315.0 8.234375
316.0 8.359375
317.0 7.9453125
318.0 3.140625
319.0 1.59375
320.0 1.9453125
321.0 1.609375
322.0 10.203125
323.0 6.7109375
324.0 8.046875
325.0 8.328125
326.0 5.5
327.0 6.8046875
328.0 6.953125
329.0 8.1953125
330.0 8.5
331.0 8.625
332.0 8.171875
333.0 7.640625
334.0 7.8828125
335.0 7.6015625
336.0 8.1796875
337.0 8.828125
338.0 9.15625
339.0 8.8515625
340.0 8.4765625
341.0 8.109375
342.0 8.2265625
343.0 4.6875
344.0 2.7578125
345.0 8.703125
346.0 7.765625
347.0 5.9921875
348.0 5.6328125
349.0 3.3984375
350.0 9.4296875
351.0 8.0
352.0 8.09375
353.0 8.3828125
354.0 7.96875
355.0 7.96875
356.0 7.6875
357.0 7.9921875
358.0 7.7578125
359.0 8.6015625
360.0 8.4453125
361.0 7.8125
362.0 3.109375
363.0 12.578125
364.0 6.8828125
365.0 6.5625
366.0 8.203125
367.0 4.7109375
368.0 12.5234375
369.0 8.171875
370.0 7.7578125
371.0 7.3046875
372.0 7.546875
373.0 7.609375
374.0 7.640625
375.0 8.40625
376.0 7.4375
377.0 6.421875
378.0 7.5703125
379.0 6.765625
380.0 6.5625
381.0 6.296875
382.0 5.2265625
383.0 7.9453125
384.0 6.484375
385.0 6.953125
386.0 7.671875
387.0 7.6015625
388.0 6.9296875
389.0 8.0
390.0 7.8203125
391.0 8.09375
392.0 7.875
393.0 7.6953125
394.0 7.2578125
395.0 7.3671875
396.0 5.8515625
397.0 7.96875
398.0 7.9921875
399.0 4.0703125
400.0 9.8125
401.0 7.140625
402.0 7.5859375
403.0 7.4921875
404.0 7.5078125
405.0 6.9296875
406.0 7.4921875
407.0 7.640625
408.0 7.5078125
409.0 4.28125
410.0 5.7890625
411.0 2.546875
412.0 3.890625
413.0 3.765625
414.0 3.609375
415.0 3.9375
416.0 4.09375
417.0 5.28125
418.0 6.5625
419.0 8.6171875
420.0 6.625
421.0 8.859375
422.0 7.75
423.0 7.8984375
424.0 6.4453125
425.0 7.546875
426.0 7.09375
427.0 8.5546875
428.0 8.6015625
429.0 8.421875
430.0 8.734375
431.0 8.5625
432.0 9.0078125
433.0 8.1796875
434.0 8.703125
435.0 8.8359375
436.0 9.0703125
437.0 8.234375
438.0 5.8203125
439.0 5.3515625
440.0 6.84375
441.0 4.328125
442.0 8.421875
443.0 7.4296875
444.0 8.5703125
445.0 3.9765625
446.0 10.3671875
447.0 7.9375
448.0 8.421875
449.0 8.34375
450.0 7.96875
451.0 7.9609375
452.0 7.984375
453.0 7.9921875
454.0 8.140625
455.0 8.6171875
456.0 6.0546875
457.0 2.0625
458.0 9.2734375
459.0 6.9296875
460.0 8.4765625
461.0 8.8828125
462.0 6.359375
463.0 3.265625
464.0 10.3671875
465.0 7.8671875
466.0 8.078125
467.0 8.46875
468.0 7.984375
469.0 5.0078125
470.0 6.6875
471.0 8.390625
472.0 8.203125
473.0 8.5546875
474.0 8.5625
475.0 7.40625
476.0 8.796875
477.0 7.8359375
478.0 8.640625
479.0 7.5234375
480.0 7.6328125
481.0 4.15625
482.0 8.7421875
483.0 8.4140625
484.0 7.984375
485.0 7.2421875
486.0 5.5546875
487.0 7.25
488.0 7.8203125
489.0 9.25
490.0 9.1328125
491.0 6.7734375
492.0 6.828125
493.0 6.5390625
494.0 4.234375
495.0 8.921875
496.0 7.5078125
497.0 8.8203125
498.0 7.8984375
499.0 3.6953125
500.0 13.1875
501.0 8.0859375
502.0 9.5390625
503.0 6.09375
504.0 1.46875
505.0 0.84375
506.0 1.0
507.0 1.0859375
508.0 1.890625
509.0 1.296875
510.0 1.1796875
511.0 1.140625
512.0 2.3671875
513.0 3.109375
514.0 4.7109375
515.0 3.1328125
516.0 1.9453125
517.0 3.9140625
518.0 2.1328125
519.0 3.9765625
520.0 4.6328125
521.0 8.5390625
522.0 9.515625
523.0 7.4296875
524.0 10.8828125
525.0 8.4140625
526.0 9.046875
527.0 4.9765625
528.0 10.0546875
529.0 4.03125
530.0 5.7890625
531.0 4.8125
532.0 6.765625
533.0 8.890625
534.0 8.59375
535.0 8.75
536.0 9.3671875
537.0 9.671875
538.0 8.796875
539.0 9.703125
540.0 10.140625
541.0 10.03125
542.0 9.296875
543.0 9.0390625
544.0 9.0
545.0 4.6640625
546.0 12.28125
547.0 8.4453125
548.0 8.46875
549.0 8.6015625
550.0 9.1171875
551.0 8.859375
552.0 8.7890625
553.0 8.671875
554.0 9.1875
555.0 8.0859375
556.0 8.421875
557.0 8.34375
558.0 6.2734375
559.0 10.03125
560.0 8.640625
561.0 8.921875
562.0 9.1328125
563.0 8.5390625
564.0 9.1953125
565.0 8.7734375
566.0 6.5546875
567.0 6.5859375
568.0 8.5234375
569.0 5.75
570.0 5.453125
571.0 4.953125
572.0 5.3203125
573.0 2.8203125
574.0 12.25
575.0 7.9921875
576.0 7.9296875
577.0 8.1484375
578.0 9.4453125
579.0 9.5546875
580.0 9.1171875
581.0 9.0390625
582.0 9.1640625
583.0 9.28125
584.0 8.9765625
585.0 6.9140625
586.0 8.71875
587.0 8.671875
588.0 8.0
589.0 4.4140625
590.0 11.171875
591.0 9.15625
592.0 8.6171875
593.0 8.6875
594.0 8.3515625
595.0 7.3984375
596.0 6.8359375
597.0 7.6640625
598.0 9.1640625
599.0 9.671875
