0.0 0.4296875
1.0 0.4375
2.0 0.4375
3.0 0.4296875
4.0 0.015625
5.0 0.03125
6.0 0.015625
7.0 0.03125
8.0 0.015625
9.0 0.03125
10.0 0.015625
11.0 0.03125
12.0 0.015625
13.0 0.03125
14.0 0.0
15.0 0.0
16.0 0.0
17.0 0.0
18.0 0.0
19.0 0.0
20.0 0.0
21.0 0.0
22.0 0.0
23.0 0.0
24.0 0.0
25.0 0.0
26.0 0.0
27.0 0.0
28.0 0.0
29.0 0.0
30.0 0.0
31.0 0.0
32.0 0.0
33.0 0.0
34.0 0.0
35.0 0.0
36.0 0.0
37.0 0.0
38.0 0.0
39.0 0.0
40.0 0.0
41.0 0.0
42.0 0.0
43.0 0.0
44.0 0.0
45.0 0.0
46.0 0.0
47.0 0.0
48.0 0.0
49.0 0.0
50.0 0.0
51.0 0.0
52.0 0.0
53.0 0.0
54.0 0.0
55.0 0.0
56.0 0.0703125
57.0 0.078125
58.0 0.1015625
59.0 0.078125
60.0 0.1015625
61.0 0.09375
62.0 0.09375
63.0 0.09375
64.0 0.1015625
65.0 0.078125
66.0 0.09375
67.0 0.09375
68.0 0.09375
69.0 0.09375
70.0 0.1015625
71.0 0.09375
72.0 0.09375
73.0 0.078125
74.0 0.1015625
75.0 0.09375
76.0 0.09375
77.0 5.109375
78.0 0.0
79.0 0.0
80.0 0.0
81.0 0.0
82.0 0.0
83.0 0.0
84.0 0.0
85.0 0.0
86.0 0.0
87.0 0.0
88.0 0.0
89.0 0.0
90.0 0.0
91.0 0.0
92.0 0.0
93.0 0.0
94.0 0.0
95.0 0.0
96.0 0.0703125
97.0 0.1015625
98.0 0.078125
99.0 0.09375
100.0 0.09375
101.0 0.1015625
102.0 0.078125
103.0 0.1015625
104.0 0.078125
105.0 0.1015625
106.0 0.09375
107.0 0.09375
108.0 0.078125
109.0 0.1015625
110.0 0.1015625
111.0 0.078125
112.0 0.1015625
113.0 0.078125
114.0 0.1015625
115.0 0.1015625
116.0 14.71875
117.0 0.0
118.0 0.0
119.0 0.0
120.0 0.0
121.0 0.0
122.0 0.0
123.0 0.0
124.0 0.0
125.0 0.0
126.0 0.0
127.0 0.0
128.0 0.0
129.0 0.0
130.0 0.0
131.0 0.0
132.0 0.0
133.0 0.0
134.0 0.0
135.0 0.0
136.0 0.0
137.0 0.0
138.0 0.0
139.0 0.0
140.0 0.0
141.0 0.0
142.0 0.0
143.0 0.0
144.0 0.0
145.0 0.0
146.0 0.0
147.0 0.0
148.0 0.0
149.0 0.0
150.0 0.0
151.0 0.0
152.0 0.0
153.0 0.0
154.0 0.0
155.0 0.0
156.0 0.0
157.0 0.0
158.0 0.0
159.0 0.0
160.0 0.0
161.0 0.0
162.0 0.0
163.0 0.0
164.0 0.0
165.0 0.2109375
166.0 0.2734375
167.0 0.0
168.0 0.0078125
169.0 0.0078125
170.0 0.0078125
171.0 0.0078125
172.0 0.0078125
173.0 0.0078125
174.0 0.1796875
175.0 0.0
176.0 0.0
177.0 0.0
178.0 0.0
179.0 0.0
180.0 0.0
181.0 0.0
182.0 0.0
183.0 0.0
184.0 0.0
185.0 0.0
186.0 0.0
187.0 0.0
188.0 0.0
189.0 0.0
190.0 0.125
191.0 0.4296875
192.0 0.4609375
193.0 0.3984375
194.0 0.46875
195.0 0.546875
196.0 0.5546875
197.0 0.6015625
198.0 0.6015625
199.0 0.5546875
200.0 0.5234375
201.0 0.5234375
202.0 0.5859375
203.0 0.5390625
204.0 0.5546875
205.0 0.5390625
206.0 0.5703125
207.0 0.609375
208.0 0.515625
209.0 0.5390625
210.0 0.5390625
211.0 0.5859375
212.0 0.5546875
213.0 0.5390625
214.0 0.578125
215.0 0.6015625
216.0 0.5390625
217.0 0.5390625
218.0 0.5703125
219.0 0.5859375
220.0 0.546875
221.0 0.5390625
222.0 0.609375
223.0 0.5390625
224.0 0.546875
225.0 0.546875
226.0 0.5546875
227.0 0.6015625
228.0 0.546875
229.0 0.546875
230.0 0.5546875
231.0 0.5859375
232.0 0.5234375
233.0 0.546875
234.0 0.546875
235.0 0.6015625
236.0 0.5390625
237.0 0.5234375
238.0 0.578125
239.0 0.5390625
240.0 0.6015625
241.0 0.46875
242.0 0.5390625
243.0 0.609375
244.0 0.5390625
245.0 0.546875
246.0 0.546875
247.0 0.5546875
248.0 0.578125
249.0 0.5234375
250.0 0.5234375
251.0 0.6015625
252.0 0.5390625
253.0 0.578125
254.0 0.515625
255.0 0.5859375
256.0 0.5390625
257.0 0.5546875
258.0 0.5390625
259.0 0.609375
260.0 0.5390625
261.0 0.546875
262.0 0.5234375
263.0 0.6015625
264.0 0.5546875
265.0 0.4921875
266.0 0.4296875
267.0 0.46875
268.0 0.4609375
269.0 0.453125
270.0 0.484375
271.0 0.46875
272.0 0.453125
273.0 0.4375
274.0 0.4296875
275.0 0.484375
276.0 0.453125
277.0 0.4375
278.0 0.4296875
279.0 0.484375
280.0 0.4375
281.0 0.453125
282.0 0.453125
283.0 0.5078125
284.0 0.453125
285.0 0.453125
286.0 0.4609375
287.0 0.5078125
288.0 0.4375
289.0 0.453125
290.0 0.453125
291.0 0.46875
292.0 0.46875
293.0 0.4375
294.0 0.4296875
295.0 0.515625
296.0 0.453125
297.0 0.453125
298.0 0.453125
299.0 0.453125
300.0 0.4921875
301.0 0.15625
302.0 0.03125
303.0 0.015625
304.0 0.03125
305.0 0.015625
306.0 0.03125
307.0 0.015625
308.0 0.03125
309.0 0.015625
310.0 0.03125
311.0 0.0078125
312.0 0.0
313.0 0.0
314.0 0.0
315.0 0.0
316.0 0.0
317.0 0.0
318.0 0.0
319.0 0.0
320.0 0.0
321.0 0.0
322.0 0.0
323.0 0.0
324.0 0.0
325.0 0.0
326.0 0.0
327.0 0.0
328.0 0.0
329.0 0.0
330.0 0.0
331.0 0.0
332.0 0.0
333.0 0.0
334.0 0.0
335.0 0.0
336.0 0.0
337.0 0.0
338.0 0.0
339.0 0.0
340.0 0.0
341.0 0.0
342.0 0.0
343.0 0.0
344.0 0.0
345.0 0.0
346.0 0.0
347.0 0.0
348.0 0.0
349.0 0.0
350.0 0.0
351.0 0.0
352.0 0.0
353.0 0.0
354.0 0.0
355.0 0.03125
356.0 0.09375
357.0 0.09375
358.0 0.078125
359.0 0.1015625
360.0 0.09375
361.0 0.09375
362.0 0.1015625
363.0 0.078125
364.0 0.09375
365.0 5.203125
366.0 0.0
367.0 0.0
368.0 0.0
369.0 0.0
370.0 0.0
371.0 0.0
372.0 0.0
373.0 0.0
374.0 0.0
375.0 0.0
376.0 0.0
377.0 0.0
378.0 0.0
379.0 0.0
380.0 0.0
381.0 0.0
382.0 0.0
383.0 0.0
384.0 0.0
385.0 0.0
386.0 0.0
387.0 0.0
388.0 0.0
389.0 0.0
390.0 0.0
391.0 0.0
392.0 0.0
393.0 0.0
394.0 0.0
395.0 1.671875
396.0 7.0078125
397.0 0.0
398.0 0.0
399.0 0.0
400.0 0.0
401.0 0.0
402.0 0.0
403.0 0.0
404.0 0.0
405.0 0.0
406.0 0.0
407.0 0.0
408.0 0.0
409.0 0.0
410.0 0.0
411.0 0.0
412.0 0.0
413.0 0.0
414.0 0.0
415.0 0.0
416.0 0.0
417.0 0.0
418.0 0.0
419.0 0.0
420.0 0.0
421.0 0.0
422.0 0.0
423.0 0.0
424.0 0.0
425.0 0.0
426.0 0.0
427.0 0.0
428.0 0.0
429.0 0.0
430.0 0.0
431.0 0.0
432.0 0.0
433.0 0.0
434.0 0.0
435.0 0.0
436.0 0.0
437.0 0.0
438.0 0.0
439.0 0.0
440.0 0.0
441.0 0.0
442.0 0.0
443.0 0.0
444.0 0.0
445.0 0.0
446.0 0.0
447.0 0.0
448.0 0.0
449.0 6.9609375
450.0 0.2890625
451.0 0.2734375
452.0 0.2890625
453.0 0.2734375
454.0 0.2734375
455.0 0.2734375
456.0 0.2890625
457.0 0.2265625
458.0 0.0
459.0 0.0
460.0 0.0
461.0 0.0
462.0 0.0
463.0 0.0
464.0 0.0
465.0 0.0
466.0 0.0
467.0 0.0
468.0 0.0
469.0 0.0
470.0 0.0
471.0 0.0
472.0 0.0
473.0 0.0
474.0 0.0
475.0 0.25
476.0 0.5234375
477.0 0.5703125
478.0 0.5703125
479.0 0.640625
480.0 0.5546875
481.0 0.5703125
482.0 0.40625
483.0 0.609375
484.0 0.546875
485.0 0.5234375
486.0 0.5234375
487.0 0.6015625
488.0 0.5234375
489.0 0.5703125
490.0 0.5390625
491.0 0.5703125
492.0 0.5390625
493.0 0.5390625
494.0 0.546875
495.0 0.5859375
496.0 0.546875
497.0 0.5703125
498.0 0.515625
499.0 0.6171875
500.0 0.546875
501.0 0.5390625
502.0 0.546875
503.0 0.6015625
504.0 0.5546875
505.0 0.546875
506.0 0.5546875
507.0 0.515625
508.0 0.640625
509.0 0.5390625
510.0 0.546875
511.0 0.546875
512.0 0.5859375
513.0 0.578125
514.0 0.546875
515.0 0.515625
516.0 0.640625
517.0 0.5390625
518.0 0.546875
519.0 0.5234375
520.0 0.6328125
521.0 0.546875
522.0 0.546875
523.0 0.5078125
524.0 0.5390625
525.0 0.6015625
526.0 0.546875
527.0 0.5078125
528.0 0.5390625
529.0 0.640625
530.0 0.5234375
531.0 0.5390625
532.0 0.546875
533.0 0.546875
534.0 0.609375
535.0 0.515625
536.0 0.6015625
537.0 0.5390625
538.0 0.5078125
539.0 0.609375
540.0 0.3671875
541.0 0.453125
542.0 0.4609375
543.0 0.4296875
544.0 0.453125
545.0 0.4375
546.0 0.5390625
547.0 0.4296875
548.0 0.453125
549.0 0.4375
550.0 0.484375
551.0 0.453125
552.0 0.453125
553.0 0.4609375
554.0 0.46875
555.0 0.484375
556.0 0.4609375
557.0 0.3984375
558.0 0.4609375
559.0 0.5078125
560.0 0.453125
561.0 0.4375
562.0 0.453125
563.0 0.4921875
564.0 0.453125
565.0 0.4375
566.0 0.453125
567.0 0.4921875
568.0 0.453125
569.0 0.4609375
570.0 0.4609375
571.0 0.46875
572.0 0.4375
573.0 0.453125
574.0 0.453125
575.0 0.5078125
576.0 0.453125
577.0 0.015625
578.0 0.03125
579.0 0.015625
580.0 0.03125
581.0 0.015625
582.0 0.03125
583.0 0.015625
584.0 0.03125
585.0 0.015625
586.0 0.03125
587.0 0.0
588.0 0.0
589.0 0.0
590.0 0.0
591.0 0.0
592.0 0.0
593.0 0.0
594.0 0.0
595.0 0.0
596.0 0.0
597.0 0.0
598.0 0.0
599.0 0.0
