0.0 7.2421875
1.0 7.078125
2.0 7.3125
3.0 7.2890625
4.0 7.2109375
5.0 7.3046875
6.0 4.859375
7.0 10.1953125
8.0 7.46875
9.0 7.1796875
10.0 7.4921875
11.0 7.1796875
12.0 7.2890625
13.0 7.109375
14.0 7.3046875
15.0 7.8671875
16.0 7.71875
17.0 7.0625
18.0 7.8203125
19.0 7.546875
20.0 7.3203125
21.0 3.53125
22.0 11.5078125
23.0 7.3671875
24.0 7.7578125
25.0 7.15625
26.0 1.234375
27.0 12.2265625
28.0 7.3671875
29.0 7.0703125
30.0 7.1796875
31.0 7.640625
32.0 7.28125
33.0 7.0390625
34.0 6.765625
35.0 6.9453125
36.0 6.5703125
37.0 6.765625
38.0 7.3203125
39.0 7.8359375
40.0 7.609375
41.0 7.5546875
42.0 6.9765625
43.0 5.3671875
44.0 9.703125
45.0 7.109375
46.0 7.453125
47.0 7.2265625
48.0 7.28125
49.0 7.03125
50.0 7.1796875
51.0 7.25
52.0 6.7421875
53.0 7.2734375
54.0 7.46875
55.0 7.5078125
56.0 7.4609375
57.0 7.359375
58.0 7.1953125
59.0 7.140625
60.0 6.828125
61.0 3.5625
62.0 11.09375
63.0 7.4375
64.0 8.2265625
65.0 7.984375
66.0 7.71875
67.0 7.5703125
68.0 7.4609375
69.0 7.6953125
70.0 7.5546875
71.0 7.3046875
72.0 7.6953125
73.0 7.7890625
74.0 7.2265625
75.0 8.1640625
76.0 7.578125
77.0 7.734375
78.0 3.40625
79.0 12.5
80.0 7.3984375
81.0 7.8515625
82.0 8.171875
83.0 7.6953125
84.0 7.5078125
85.0 7.8203125
86.0 5.375
87.0 10.1796875
88.0 0.0
89.0 0.0
90.0 0.0
91.0 0.0
92.0 0.0
93.0 0.0
94.0 0.0
95.0 0.0
96.0 0.0
97.0 0.0
98.0 0.0
99.0 0.0
100.0 0.0
101.0 0.0
102.0 0.0
103.0 0.0
104.0 0.0078125
105.0 0.0
106.0 0.0625
107.0 0.6328125
108.0 1.28125
109.0 3.109375
110.0 4.7421875
111.0 6.6875
112.0 8.0
113.0 7.703125
114.0 8.265625
115.0 8.03125
116.0 8.1484375
117.0 8.1328125
118.0 8.234375
119.0 8.3203125
120.0 7.9140625
121.0 8.203125
122.0 8.4609375
123.0 7.75
124.0 5.3515625
125.0 10.5
126.0 7.9453125
127.0 7.8671875
128.0 8.015625
129.0 7.90625
130.0 8.34375
131.0 7.9140625
132.0 8.1484375
133.0 8.328125
134.0 8.2109375
135.0 8.0859375
136.0 8.328125
137.0 8.078125
138.0 8.4921875
139.0 8.4921875
140.0 5.546875
141.0 10.984375
142.0 8.59375
143.0 8.0859375
144.0 8.1796875
145.0 8.5859375
146.0 8.625
147.0 8.234375
148.0 8.1484375
149.0 8.4765625
150.0 8.296875
151.0 8.2578125
152.0 8.390625
153.0 8.421875
154.0 7.71875
155.0 9.1875
156.0 8.3828125
157.0 8.3515625
158.0 7.2265625
159.0 8.4140625
160.0 8.1953125
161.0 7.5703125
162.0 2.03125
163.0 11.4296875
164.0 8.1328125
165.0 5.4921875
166.0 4.1796875
167.0 4.3671875
168.0 7.2421875
169.0 7.40625
170.0 5.859375
171.0 8.078125
172.0 8.0625
173.0 8.71875
174.0 8.421875
175.0 4.4140625
176.0 12.671875
177.0 8.953125
178.0 8.4140625
179.0 8.5859375
180.0 8.2109375
181.0 8.59375
182.0 7.96875
183.0 8.4453125
184.0 8.34375
185.0 8.7734375
186.0 8.5546875
187.0 8.265625
188.0 8.5859375
189.0 7.34375
190.0 9.3046875
191.0 7.6875
192.0 7.09375
193.0 5.4296875
194.0 11.265625
195.0 8.5234375
196.0 8.015625
197.0 7.734375
198.0 6.4140625
199.0 5.859375
200.0 7.3359375
201.0 7.65625
202.0 7.78125
203.0 6.984375
204.0 6.3203125
205.0 6.5078125
206.0 6.515625
207.0 7.3359375
208.0 6.9453125
209.0 7.2734375
210.0 7.875
211.0 8.4609375
212.0 5.4609375
213.0 10.90625
214.0 8.625
215.0 8.0625
216.0 6.3203125
217.0 5.90625
218.0 6.5703125
219.0 7.9609375
220.0 8.328125
221.0 8.703125
222.0 8.2734375
223.0 7.6015625
224.0 8.1484375
225.0 8.53125
226.0 6.109375
227.0 10.7109375
228.0 8.4765625
229.0 8.5859375
230.0 5.515625
231.0 11.1171875
232.0 8.1796875
233.0 8.8828125
234.0 8.65625
235.0 8.5625
236.0 8.5625
237.0 8.4453125
238.0 8.2578125
239.0 8.09375
240.0 8.1953125
241.0 8.5859375
242.0 5.7890625
243.0 11.0625
244.0 8.6015625
245.0 8.5390625
246.0 7.390625
247.0 7.6171875
248.0 7.875
249.0 8.0
250.0 8.078125
251.0 8.140625
252.0 8.46875
253.0 7.015625
254.0 6.65625
255.0 7.390625
256.0 8.640625
257.0 8.5546875
258.0 7.7265625
259.0 6.0078125
260.0 9.28125
261.0 8.2109375
262.0 8.2734375
263.0 7.34375
264.0 6.3828125
265.0 1.7734375
266.0 9.71875
267.0 7.6015625
268.0 7.9140625
269.0 7.1328125
270.0 6.0234375
271.0 7.1875
272.0 7.546875
273.0 7.390625
274.0 7.2109375
275.0 7.484375
276.0 7.7265625
277.0 7.1953125
278.0 8.109375
279.0 7.40625
280.0 7.3046875
281.0 7.765625
282.0 7.609375
283.0 7.75
284.0 7.5390625
285.0 7.2421875
286.0 6.5625
287.0 5.640625
288.0 2.1484375
289.0 12.46875
290.0 8.078125
291.0 7.984375
292.0 8.2265625
293.0 7.8828125
294.0 6.7421875
295.0 8.3828125
296.0 6.2421875
297.0 7.609375
298.0 7.6015625
299.0 7.546875
300.0 6.3515625
301.0 4.921875
302.0 6.5703125
303.0 7.7890625
304.0 5.2734375
305.0 2.875
306.0 1.0625
307.0 5.15625
308.0 8.46875
309.0 7.4375
310.0 8.015625
311.0 7.8203125
312.0 6.71875
313.0 8.8046875
314.0 8.3828125
315.0 8.4375
316.0 8.75
317.0 8.5625
318.0 8.65625
319.0 8.015625
320.0 5.46875
321.0 10.8203125
322.0 8.140625
323.0 7.9296875
324.0 8.359375
325.0 8.2734375
326.0 4.7109375
327.0 11.7890625
328.0 7.7578125
329.0 7.640625
330.0 8.078125
331.0 7.9375
332.0 8.09375
333.0 7.5546875
334.0 5.0234375
335.0 9.8671875
336.0 7.8671875
337.0 7.1953125
338.0 8.3125
339.0 8.4375
340.0 8.671875
341.0 8.75
342.0 7.21875
343.0 8.3125
344.0 8.8359375
345.0 7.8203125
346.0 5.0234375
347.0 8.140625
348.0 5.9765625
349.0 8.2578125
350.0 6.2421875
351.0 11.4765625
352.0 8.4453125
353.0 8.65625
354.0 8.4765625
355.0 8.5
356.0 8.2890625
357.0 8.1953125
358.0 8.9140625
359.0 8.2734375
360.0 8.4375
361.0 8.2734375
362.0 7.3984375
363.0 8.2421875
364.0 8.03125
365.0 2.84375
366.0 11.984375
367.0 7.5859375
368.0 4.5625
369.0 12.3359375
370.0 8.5546875
371.0 8.234375
372.0 8.1171875
373.0 8.375
374.0 8.4140625
375.0 7.34375
376.0 6.625
377.0 7.90625
378.0 7.453125
379.0 7.8671875
380.0 8.109375
381.0 8.1796875
382.0 5.640625
383.0 11.421875
384.0 5.9453125
385.0 9.390625
386.0 7.984375
387.0 8.4140625
388.0 7.8984375
389.0 7.4296875
390.0 8.296875
391.0 8.46875
392.0 5.1328125
393.0 2.65625
394.0 6.625
395.0 8.4921875
396.0 7.4609375
397.0 7.8671875
398.0 6.625
399.0 9.5546875
400.0 8.4140625
401.0 8.1640625
402.0 8.4140625
403.0 8.2734375
404.0 8.4765625
405.0 7.359375
406.0 6.4140625
407.0 7.453125
408.0 7.6171875
409.0 8.234375
410.0 7.5234375
411.0 7.875
412.0 7.5546875
413.0 7.5859375
414.0 8.234375
415.0 8.8359375
416.0 8.6015625
417.0 8.1484375
418.0 6.40625
419.0 9.8515625
420.0 8.109375
421.0 8.328125
422.0 8.09375
423.0 4.203125
424.0 8.5234375
425.0 10.2578125
426.0 8.34375
427.0 8.2734375
428.0 8.0
429.0 8.265625
430.0 8.3828125
431.0 8.34375
432.0 8.078125
433.0 7.875
434.0 8.046875
435.0 8.4765625
436.0 8.03125
437.0 8.2890625
438.0 7.96875
439.0 2.4453125
440.0 12.7109375
441.0 7.703125
442.0 3.9375
443.0 13.09375
444.0 8.2890625
445.0 8.1796875
446.0 8.3125
447.0 8.5390625
448.0 8.40625
449.0 8.2109375
450.0 8.1171875
451.0 8.2578125
452.0 7.875
453.0 8.234375
454.0 8.40625
455.0 6.7421875
456.0 7.1328125
457.0 10.953125
458.0 8.1328125
459.0 8.2890625
460.0 8.421875
461.0 8.4375
462.0 8.4453125
463.0 8.359375
464.0 8.1640625
465.0 8.859375
466.0 8.359375
467.0 8.6015625
468.0 8.640625
469.0 8.375
470.0 8.4921875
471.0 3.234375
472.0 13.65625
473.0 8.3828125
474.0 5.6015625
475.0 11.546875
476.0 8.53125
477.0 8.1171875
478.0 8.296875
479.0 8.5
480.0 4.9765625
481.0 11.484375
482.0 8.640625
483.0 8.8046875
484.0 8.4453125
485.0 8.265625
486.0 8.4140625
487.0 8.2109375
488.0 8.7109375
489.0 8.328125
490.0 8.6171875
491.0 8.5390625
492.0 6.0625
493.0 10.625
494.0 8.34375
495.0 7.9140625
496.0 7.9296875
497.0 6.0390625
498.0 2.640625
499.0 10.4375
500.0 5.609375
501.0 5.6484375
502.0 6.9140625
503.0 6.3828125
504.0 7.6171875
505.0 7.9921875
506.0 8.03125
507.0 7.78125
508.0 5.765625
509.0 10.6796875
510.0 7.71875
511.0 8.2265625
512.0 7.9296875
513.0 7.6875
514.0 7.7578125
515.0 8.5546875
516.0 8.109375
517.0 8.3515625
518.0 8.34375
519.0 8.2109375
520.0 8.078125
521.0 8.1328125
522.0 7.9375
523.0 7.765625
524.0 7.9609375
525.0 8.2890625
526.0 8.140625
527.0 8.0234375
528.0 7.84375
529.0 7.9140625
530.0 6.0859375
531.0 9.90625
532.0 7.7265625
533.0 8.0859375
534.0 7.96875
535.0 8.359375
536.0 8.109375
537.0 8.5
538.0 8.0234375
539.0 7.21875
540.0 5.140625
541.0 9.15625
542.0 6.46875
543.0 6.8046875
544.0 7.109375
545.0 8.2890625
546.0 8.171875
547.0 8.4921875
548.0 5.875
549.0 11.359375
550.0 8.6484375
551.0 8.046875
552.0 8.0234375
553.0 8.234375
554.0 6.734375
555.0 7.9375
556.0 8.5390625
557.0 9.0078125
558.0 8.75
559.0 8.4921875
560.0 8.4375
561.0 8.8359375
562.0 8.140625
563.0 8.0859375
564.0 7.6875
565.0 8.8671875
566.0 8.5703125
567.0 8.640625
568.0 8.1484375
569.0 8.6171875
570.0 6.1796875
571.0 12.3359375
572.0 8.953125
573.0 9.3046875
574.0 8.8828125
575.0 8.4921875
576.0 8.265625
577.0 8.6796875
578.0 7.40625
579.0 4.8359375
580.0 7.8359375
581.0 8.5703125
582.0 8.6015625
583.0 8.4609375
584.0 6.265625
585.0 9.9921875
586.0 6.09375
587.0 11.0
588.0 8.3828125
589.0 8.59375
590.0 8.375
591.0 8.2421875
592.0 8.2265625
593.0 7.71875
594.0 8.3515625
595.0 9.09375
596.0 8.859375
597.0 8.1328125
598.0 8.4609375
599.0 8.390625
