0.0 8.109375
1.0 8.046875
2.0 7.765625
3.0 8.109375
4.0 7.9140625
5.0 7.8359375
6.0 8.5546875
7.0 7.796875
8.0 8.2734375
9.0 8.171875
10.0 8.1171875
11.0 7.8359375
12.0 8.2578125
13.0 8.078125
14.0 8.03125
15.0 8.234375
16.0 8.046875
17.0 8.0
18.0 8.1484375
19.0 7.7265625
20.0 7.8828125
21.0 8.09375
22.0 8.3125
23.0 8.1171875
24.0 8.328125
25.0 7.9375
26.0 8.265625
27.0 8.09375
28.0 7.1015625
29.0 8.3125
30.0 8.2109375
31.0 8.0546875
32.0 8.1171875
33.0 8.03125
34.0 8.2734375
35.0 7.9375
36.0 7.984375
37.0 7.71875
38.0 7.703125
39.0 7.9296875
40.0 7.9921875
41.0 7.9453125
42.0 7.8828125
43.0 3.7421875
44.0 12.6796875
45.0 7.796875
46.0 7.9375
47.0 8.046875
48.0 7.9921875
49.0 3.40625
50.0 12.703125
51.0 7.8515625
52.0 7.984375
53.0 7.8359375
54.0 1.1640625
55.0 7.6953125
56.0 8.1640625
57.0 7.8828125
58.0 8.1171875
59.0 6.6328125
60.0 2.1484375
61.0 2.5078125
62.0 2.7421875
63.0 2.296875
64.0 3.015625
65.0 3.9765625
66.0 1.28125
67.0 9.890625
68.0 7.609375
69.0 7.9609375
70.0 7.9375
71.0 5.4921875
72.0 8.953125
73.0 7.78125
74.0 7.9609375
75.0 7.7890625
76.0 8.140625
77.0 8.015625
78.0 7.8125
79.0 7.9921875
80.0 7.9140625
81.0 8.109375
82.0 5.6953125
83.0 7.7265625
84.0 7.9375
85.0 7.90625
86.0 7.984375
87.0 7.765625
88.0 8.046875
89.0 7.84375
90.0 8.2578125
91.0 7.9296875
92.0 7.8828125
93.0 8.0234375
94.0 7.8125
95.0 7.90625
96.0 6.7109375
97.0 9.3125
98.0 7.8671875
99.0 7.734375
100.0 8.078125
101.0 7.9375
102.0 7.9453125
103.0 7.9375
104.0 8.0
105.0 7.8125
106.0 4.46875
107.0 11.7890625
108.0 7.9140625
109.0 7.9921875
110.0 7.9609375
111.0 7.875
112.0 8.046875
113.0 7.9296875
114.0 7.8359375
115.0 7.8984375
116.0 7.78125
117.0 8.0
118.0 7.8125
119.0 7.8671875
120.0 7.8359375
121.0 7.9140625
122.0 7.9921875
123.0 8.03125
124.0 8.078125
125.0 7.90625
126.0 7.0703125
127.0 9.1875
128.0 8.109375
129.0 8.109375
130.0 8.2109375
131.0 7.6953125
132.0 8.71875
133.0 7.9609375
134.0 7.7890625
135.0 8.2578125
136.0 8.1484375
137.0 7.703125
138.0 7.8984375
139.0 7.9375
140.0 8.2890625
141.0 8.2421875
142.0 7.9140625
143.0 8.296875
144.0 8.0
145.0 8.1484375
146.0 8.140625
147.0 8.1328125
148.0 8.4609375
149.0 7.9375
150.0 8.265625
151.0 8.0
152.0 7.984375
153.0 8.09375
154.0 8.40625
155.0 8.328125
156.0 8.0625
157.0 8.109375
158.0 7.9375
159.0 7.5546875
160.0 8.96875
161.0 8.3203125
162.0 8.0859375
163.0 8.296875
164.0 8.46875
165.0 8.421875
166.0 8.375
167.0 8.1484375
168.0 8.265625
169.0 8.171875
170.0 8.4453125
171.0 8.3125
172.0 5.5625
173.0 10.9765625
174.0 8.265625
175.0 8.2109375
176.0 8.1171875
177.0 8.234375
178.0 8.109375
179.0 8.3125
180.0 8.6015625
181.0 3.7109375
182.0 12.6953125
183.0 8.1953125
184.0 7.984375
185.0 8.1484375
186.0 8.2890625
187.0 8.421875
188.0 8.4453125
189.0 8.1796875
190.0 8.53125
191.0 8.1171875
192.0 8.0234375
193.0 8.109375
194.0 4.71875
195.0 11.7421875
196.0 8.1328125
197.0 8.171875
198.0 7.8671875
199.0 8.7421875
200.0 8.140625
201.0 7.9921875
202.0 7.8984375
203.0 8.140625
204.0 8.078125
205.0 8.3828125
206.0 8.4921875
207.0 8.1328125
208.0 7.9375
209.0 8.0546875
210.0 8.2578125
211.0 6.2265625
212.0 10.1484375
213.0 8.046875
214.0 8.53125
215.0 8.203125
216.0 8.3515625
217.0 8.2109375
218.0 8.2578125
219.0 8.234375
220.0 8.1796875
221.0 7.96875
222.0 7.9375
223.0 8.046875
224.0 7.3984375
225.0 8.140625
226.0 8.1171875
227.0 8.2265625
228.0 7.984375
229.0 8.015625
230.0 8.5703125
231.0 8.0
232.0 8.1484375
233.0 7.96875
234.0 7.9375
235.0 8.09375
236.0 8.015625
237.0 8.03125
238.0 8.3125
239.0 8.6015625
240.0 8.265625
241.0 7.9375
242.0 7.8984375
243.0 8.078125
244.0 7.8828125
245.0 7.3359375
246.0 8.234375
247.0 8.0859375
248.0 8.421875
249.0 8.140625
250.0 6.9453125
251.0 7.78125
252.0 8.1796875
253.0 8.1796875
254.0 8.265625
255.0 8.203125
256.0 8.2890625
257.0 7.8125
258.0 8.203125
259.0 8.4375
260.0 8.1328125
261.0 8.046875
262.0 7.8671875
263.0 3.203125
264.0 13.234375
265.0 7.8359375
266.0 7.78125
267.0 8.328125
268.0 8.1953125
269.0 8.296875
270.0 8.015625
271.0 8.1796875
272.0 8.265625
273.0 8.078125
274.0 8.09375
275.0 7.9296875
276.0 8.109375
277.0 8.203125
278.0 7.9296875
279.0 7.671875
280.0 7.96875
281.0 8.0
282.0 4.3984375
283.0 11.921875
284.0 7.90625
285.0 8.3125
286.0 8.1796875
287.0 8.46875
288.0 8.234375
289.0 8.4921875
290.0 8.328125
291.0 8.2109375
292.0 8.046875
293.0 7.9375
294.0 8.1484375
295.0 8.53125
296.0 8.1796875
297.0 8.421875
298.0 7.9609375
299.0 8.625
300.0 5.6171875
301.0 10.890625
302.0 8.203125
303.0 8.1640625
304.0 8.234375
305.0 8.140625
306.0 8.65625
307.0 8.1796875
308.0 8.265625
309.0 8.3515625
310.0 8.5234375
311.0 8.5078125
312.0 7.8984375
313.0 8.2578125
314.0 8.2421875
315.0 7.9453125
316.0 7.765625
317.0 8.2265625
318.0 8.40625
319.0 8.046875
320.0 8.140625
321.0 8.2265625
322.0 8.2578125
323.0 8.328125
324.0 8.34375
325.0 8.1484375
326.0 8.40625
327.0 8.1484375
328.0 8.09375
329.0 8.6171875
330.0 4.7265625
331.0 12.2265625
332.0 5.0546875
333.0 11.65625
334.0 8.390625
335.0 8.015625
336.0 8.4140625
337.0 8.015625
338.0 7.9375
339.0 7.7890625
340.0 8.0546875
341.0 8.0625
342.0 8.1796875
343.0 8.2265625
344.0 8.2109375
345.0 8.1640625
346.0 8.5390625
347.0 8.1171875
348.0 8.1640625
349.0 8.6171875
350.0 7.6171875
351.0 9.3125
352.0 8.0546875
353.0 8.5
354.0 8.328125
355.0 8.421875
356.0 8.2265625
357.0 8.046875
358.0 7.7578125
359.0 8.109375
360.0 8.0546875
361.0 8.109375
362.0 8.1171875
363.0 8.2578125
364.0 8.34375
365.0 8.296875
366.0 8.265625
367.0 8.359375
368.0 8.7421875
369.0 8.328125
370.0 8.4765625
371.0 8.1328125
372.0 8.03125
373.0 8.2265625
374.0 8.2421875
375.0 8.46875
376.0 8.375
377.0 8.5390625
378.0 8.4453125
379.0 8.5625
380.0 8.2109375
381.0 8.2109375
382.0 8.5
383.0 8.34375
384.0 8.2421875
385.0 8.1796875
386.0 8.1640625
387.0 8.2265625
388.0 8.140625
389.0 8.4375
390.0 8.234375
391.0 8.6171875
392.0 8.5078125
393.0 8.703125
394.0 8.359375
395.0 8.53125
396.0 8.2265625
397.0 8.4609375
398.0 8.4765625
399.0 8.046875
400.0 8.375
401.0 8.296875
402.0 8.3515625
403.0 8.265625
404.0 8.1328125
405.0 4.484375
406.0 12.3515625
407.0 8.3203125
408.0 8.2578125
409.0 8.3203125
410.0 8.1171875
411.0 8.4453125
412.0 8.171875
413.0 8.203125
414.0 8.2578125
415.0 8.4140625
416.0 8.2265625
417.0 8.1953125
418.0 8.640625
419.0 8.3125
420.0 8.4765625
421.0 8.2890625
422.0 8.5546875
423.0 8.140625
424.0 8.375
425.0 8.3515625
426.0 4.7578125
427.0 12.0234375
428.0 7.984375
429.0 8.4921875
430.0 8.328125
431.0 8.296875
432.0 8.265625
433.0 8.3515625
434.0 8.3828125
435.0 8.625
436.0 8.4765625
437.0 8.40625
438.0 8.234375
439.0 8.3828125
440.0 8.140625
441.0 7.5234375
442.0 9.03125
443.0 8.328125
444.0 8.34375
445.0 8.3125
446.0 7.875
447.0 8.4765625
448.0 8.140625
449.0 8.2265625
450.0 7.9453125
451.0 8.140625
452.0 8.2890625
453.0 8.3203125
454.0 8.359375
455.0 8.0546875
456.0 8.1171875
457.0 8.0546875
458.0 8.0
459.0 8.296875
460.0 8.6171875
461.0 8.1953125
462.0 8.2109375
463.0 8.03125
464.0 8.53125
465.0 8.4453125
466.0 3.1796875
467.0 13.6484375
468.0 8.4375
469.0 8.421875
470.0 8.4609375
471.0 8.2421875
472.0 8.4375
473.0 8.5078125
474.0 8.265625
475.0 8.4609375
476.0 8.1796875
477.0 8.2734375
478.0 8.4609375
479.0 8.1953125
480.0 8.265625
481.0 8.203125
482.0 8.4140625
483.0 8.046875
484.0 4.7734375
485.0 11.8984375
486.0 8.4921875
487.0 8.4375
488.0 7.984375
489.0 8.2890625
490.0 8.34375
491.0 8.3515625
492.0 8.5546875
493.0 8.2890625
494.0 8.4765625
495.0 8.2578125
496.0 8.0234375
497.0 8.140625
498.0 8.1640625
499.0 8.1484375
500.0 8.296875
501.0 8.171875
502.0 8.3828125
503.0 8.34375
504.0 8.34375
505.0 8.390625
506.0 8.328125
507.0 8.1328125
508.0 8.296875
509.0 8.6875
510.0 8.3203125
511.0 8.4140625
512.0 8.3203125
513.0 8.296875
514.0 8.3203125
515.0 8.203125
516.0 8.203125
517.0 8.5390625
518.0 8.46875
519.0 8.7109375
520.0 7.9609375
521.0 8.34375
522.0 8.328125
523.0 8.3515625
524.0 8.3828125
525.0 8.390625
526.0 8.3203125
527.0 8.1328125
528.0 8.640625
529.0 8.0859375
530.0 8.34375
531.0 8.5078125
532.0 8.0234375
533.0 8.359375
534.0 4.7578125
535.0 11.9296875
536.0 8.1171875
537.0 8.2890625
538.0 8.1640625
539.0 8.140625
540.0 8.2734375
541.0 8.46875
542.0 8.296875
543.0 8.2265625
544.0 8.5546875
545.0 8.296875
546.0 8.375
547.0 8.1171875
548.0 8.71875
549.0 8.359375
550.0 8.5390625
551.0 7.8515625
552.0 8.0546875
553.0 8.140625
554.0 8.296875
555.0 8.2265625
556.0 8.3203125
557.0 8.3828125
558.0 8.5390625
559.0 8.328125
560.0 8.3515625
561.0 8.2578125
562.0 5.3828125
563.0 11.78125
564.0 8.375
565.0 8.2421875
566.0 8.6796875
567.0 8.1328125
568.0 8.171875
569.0 8.75
570.0 8.34375
571.0 8.2421875
572.0 8.1953125
573.0 8.0546875
574.0 8.359375
575.0 8.390625
576.0 8.375
577.0 8.6796875
578.0 8.6015625
579.0 8.6875
580.0 8.5078125
581.0 8.59375
582.0 8.734375
583.0 8.53125
584.0 8.6015625
585.0 8.40625
586.0 7.9609375
587.0 8.03125
588.0 5.1875
589.0 11.3046875
590.0 8.4609375
591.0 8.40625
592.0 8.3203125
593.0 8.421875
594.0 8.4375
595.0 8.109375
596.0 8.6875
597.0 8.6015625
598.0 8.5078125
599.0 7.984375
