0.0 7.796875
1.0 8.328125
2.0 8.171875
3.0 8.1328125
4.0 7.6171875
5.0 8.359375
6.0 7.9921875
7.0 8.421875
8.0 7.15625
9.0 9.3046875
10.0 7.6171875
11.0 7.9140625
12.0 8.1171875
13.0 7.75
14.0 8.375
15.0 8.2265625
16.0 8.328125
17.0 8.5625
18.0 8.3515625
19.0 7.90625
20.0 8.5625
21.0 8.2109375
22.0 3.375
23.0 13.0625
24.0 8.9453125
25.0 8.109375
26.0 8.3515625
27.0 8.171875
28.0 8.2734375
29.0 8.359375
30.0 8.3125
31.0 8.53125
32.0 8.0859375
33.0 8.1171875
34.0 8.4609375
35.0 7.703125
36.0 8.8046875
37.0 7.96875
38.0 8.234375
39.0 8.078125
40.0 8.6171875
41.0 7.9375
42.0 8.234375
43.0 8.4609375
44.0 8.3828125
45.0 8.0234375
46.0 8.1484375
47.0 8.5
48.0 8.1953125
49.0 8.203125
50.0 6.7421875
51.0 9.671875
52.0 8.265625
53.0 8.0625
54.0 8.2421875
55.0 6.84375
56.0 9.8671875
57.0 8.4453125
58.0 8.46875
59.0 8.2734375
60.0 8.671875
61.0 7.9296875
62.0 8.015625
63.0 8.2578125
64.0 8.0625
65.0 7.640625
66.0 8.984375
67.0 8.0234375
68.0 8.0
69.0 8.1484375
70.0 8.34375
71.0 7.6015625
72.0 8.8671875
73.0 8.5703125
74.0 8.1171875
75.0 8.171875
76.0 8.296875
77.0 8.078125
78.0 8.2265625
79.0 8.3828125
80.0 8.234375
81.0 8.5234375
82.0 8.3125
83.0 8.328125
84.0 8.3203125
85.0 8.3125
86.0 8.2265625
87.0 8.0859375
88.0 8.2421875
89.0 8.0859375
90.0 3.5234375
91.0 13.15625
92.0 8.8671875
93.0 8.296875
94.0 8.4921875
95.0 8.3203125
96.0 8.6171875
97.0 8.046875
98.0 8.4609375
99.0 7.9296875
100.0 8.4765625
101.0 8.109375
102.0 8.390625
103.0 8.109375
104.0 8.203125
105.0 8.203125
106.0 8.3203125
107.0 8.328125
108.0 8.09375
109.0 8.265625
110.0 7.984375
111.0 9.0
112.0 8.0
113.0 8.265625
114.0 8.4765625
115.0 8.328125
116.0 7.90625
117.0 8.0
118.0 7.9453125
119.0 7.9140625
120.0 8.203125
121.0 8.1953125
122.0 8.296875
123.0 7.8203125
124.0 8.53125
125.0 8.3515625
126.0 8.03125
127.0 8.140625
128.0 8.3125
129.0 8.2734375
130.0 8.2890625
131.0 8.2421875
132.0 8.1640625
133.0 8.2421875
134.0 8.328125
135.0 8.328125
136.0 8.2421875
137.0 8.2109375
138.0 8.34375
139.0 7.484375
140.0 8.8671875
141.0 7.6875
142.0 8.765625
143.0 8.2265625
144.0 8.0234375
145.0 8.4453125
146.0 8.1953125
147.0 7.7890625
148.0 9.21875
149.0 8.1640625
150.0 8.671875
151.0 8.140625
152.0 8.2578125
153.0 8.2734375
154.0 8.1640625
155.0 8.328125
156.0 8.328125
157.0 7.9296875
158.0 7.9453125
159.0 8.3203125
160.0 8.328125
161.0 8.078125
162.0 8.0234375
163.0 4.7734375
164.0 12.046875
165.0 8.1171875
166.0 8.921875
167.0 8.1953125
168.0 8.203125
169.0 8.234375
170.0 8.3203125
171.0 8.4375
172.0 7.90625
173.0 8.4921875
174.0 8.03125
175.0 7.9453125
176.0 8.75
177.0 8.09375
178.0 8.5546875
179.0 8.0859375
180.0 8.7890625
181.0 8.3203125
182.0 8.0
183.0 7.9609375
184.0 9.046875
185.0 8.09375
186.0 8.2578125
187.0 7.9296875
188.0 8.96875
189.0 8.5859375
190.0 7.7265625
191.0 8.296875
192.0 8.3203125
193.0 8.03125
194.0 8.3828125
195.0 8.421875
196.0 8.3125
197.0 8.5703125
198.0 8.4765625
199.0 8.171875
200.0 8.2421875
201.0 8.234375
202.0 4.3203125
203.0 13.125
204.0 8.40625
205.0 8.265625
206.0 8.421875
207.0 8.375
208.0 8.6796875
209.0 8.296875
210.0 8.328125
211.0 8.375
212.0 8.6484375
213.0 8.328125
214.0 8.53125
215.0 8.0625
216.0 8.6015625
217.0 8.625
218.0 8.0625
219.0 8.625
220.0 8.4140625
221.0 8.1328125
222.0 8.6015625
223.0 8.34375
224.0 8.1796875
225.0 8.0859375
226.0 7.9921875
227.0 8.0
228.0 8.46875
229.0 8.4921875
230.0 5.0859375
231.0 11.7734375
232.0 8.328125
233.0 8.265625
234.0 8.2265625
235.0 8.4140625
236.0 4.390625
237.0 12.9921875
238.0 8.5078125
239.0 8.40625
240.0 8.34375
241.0 8.4453125
242.0 8.40625
243.0 8.6171875
244.0 8.4921875
245.0 8.4140625
246.0 8.296875
247.0 8.1171875
248.0 8.5234375
249.0 8.265625
250.0 8.3203125
251.0 8.34375
252.0 8.3828125
253.0 8.53125
254.0 8.375
255.0 8.09375
256.0 9.046875
257.0 7.8359375
258.0 8.828125
259.0 8.0859375
260.0 8.3515625
261.0 7.7578125
262.0 8.71875
263.0 8.03125
264.0 8.140625
265.0 7.96875
266.0 8.921875
267.0 8.0
268.0 8.1640625
269.0 8.5625
270.0 8.75
271.0 8.4140625
272.0 8.390625
273.0 7.984375
274.0 9.0703125
275.0 8.2109375
276.0 8.5
277.0 8.109375
278.0 8.6484375
279.0 8.34375
280.0 8.4609375
281.0 8.46875
282.0 8.140625
283.0 8.09375
284.0 8.390625
285.0 8.5859375
286.0 8.3203125
287.0 8.390625
288.0 8.375
289.0 5.40625
290.0 0.9921875
291.0 11.6796875
292.0 8.234375
293.0 8.171875
294.0 4.0625
295.0 13.2578125
296.0 8.1171875
297.0 8.203125
298.0 7.9609375
299.0 7.9609375
300.0 8.828125
301.0 7.9609375
302.0 8.109375
303.0 8.2890625
304.0 7.84375
305.0 8.015625
306.0 7.5859375
307.0 8.1953125
308.0 8.203125
309.0 8.2734375
310.0 8.5859375
311.0 7.90625
312.0 8.765625
313.0 8.234375
314.0 8.1328125
315.0 7.65625
316.0 8.046875
317.0 7.546875
318.0 8.765625
319.0 8.2109375
320.0 8.171875
321.0 8.09375
322.0 8.265625
323.0 7.9296875
324.0 8.765625
325.0 8.296875
326.0 8.34375
327.0 8.359375
328.0 8.1640625
329.0 8.34375
330.0 8.3828125
331.0 8.2421875
332.0 8.140625
333.0 8.328125
334.0 8.4375
335.0 8.5390625
336.0 8.4765625
337.0 8.328125
338.0 8.359375
339.0 8.796875
340.0 8.421875
341.0 7.9921875
342.0 8.6796875
343.0 8.359375
344.0 8.390625
345.0 8.4609375
346.0 8.4375
347.0 8.140625
348.0 8.328125
349.0 8.1640625
350.0 8.046875
351.0 8.1171875
352.0 8.2578125
353.0 8.46875
354.0 8.34375
355.0 8.4921875
356.0 8.5625
357.0 8.2421875
358.0 8.1796875
359.0 8.140625
360.0 8.390625
361.0 8.2265625
362.0 7.65625
363.0 8.7890625
364.0 7.8203125
365.0 7.84375
366.0 8.1171875
367.0 8.078125
368.0 7.0078125
369.0 8.8515625
370.0 7.84375
371.0 7.796875
372.0 8.03125
373.0 7.875
374.0 8.3203125
375.0 8.03125
376.0 8.09375
377.0 7.9375
378.0 8.2421875
379.0 7.9140625
380.0 8.3203125
381.0 8.2265625
382.0 8.703125
383.0 8.2890625
384.0 8.203125
385.0 8.2890625
386.0 8.140625
387.0 8.296875
388.0 8.40625
389.0 8.4375
390.0 8.171875
391.0 8.296875
392.0 8.59375
393.0 8.765625
394.0 8.6171875
395.0 8.2109375
396.0 8.2734375
397.0 8.265625
398.0 8.171875
399.0 8.1328125
400.0 8.2265625
401.0 7.96875
402.0 8.1796875
403.0 8.046875
404.0 8.1484375
405.0 7.9296875
406.0 6.0
407.0 9.9296875
408.0 8.0546875
409.0 7.75
410.0 8.171875
411.0 8.0
412.0 8.671875
413.0 8.3515625
414.0 8.5625
415.0 8.5703125
416.0 8.375
417.0 8.203125
418.0 8.6875
419.0 8.5
420.0 8.2578125
421.0 8.296875
422.0 8.109375
423.0 7.9921875
424.0 8.5234375
425.0 8.2734375
426.0 8.1484375
427.0 8.2265625
428.0 8.2109375
429.0 8.4453125
430.0 8.328125
431.0 8.109375
432.0 8.2734375
433.0 8.5
434.0 7.96875
435.0 8.234375
436.0 8.6796875
437.0 7.9296875
438.0 8.53125
439.0 6.8984375
440.0 9.359375
441.0 8.2421875
442.0 8.078125
443.0 3.671875
444.0 12.8125
445.0 8.34375
446.0 7.9375
447.0 8.234375
448.0 8.0859375
449.0 8.3125
450.0 8.5859375
451.0 8.4765625
452.0 8.421875
453.0 8.4375
454.0 7.9609375
455.0 5.3828125
456.0 11.203125
457.0 8.1953125
458.0 8.2890625
459.0 8.015625
460.0 6.6640625
461.0 10.34375
462.0 8.234375
463.0 8.0
464.0 7.9375
465.0 6.2734375
466.0 6.203125
467.0 8.375
468.0 7.78125
469.0 8.0625
470.0 7.8671875
471.0 7.6640625
472.0 7.875
473.0 5.1953125
474.0 9.703125
475.0 4.8359375
476.0 5.1015625
477.0 7.671875
478.0 6.0234375
479.0 4.4296875
480.0 4.1796875
481.0 4.1328125
482.0 4.4296875
483.0 4.2734375
484.0 4.1796875
485.0 4.1328125
486.0 4.1484375
487.0 4.0078125
488.0 4.125
489.0 3.6171875
490.0 6.8671875
491.0 7.5546875
492.0 8.2578125
493.0 8.203125
494.0 8.1484375
495.0 8.0
496.0 4.1328125
497.0 1.375
498.0 6.7421875
499.0 4.3828125
500.0 4.0625
501.0 3.90625
502.0 4.1015625
503.0 4.2734375
504.0 4.2109375
505.0 4.234375
506.0 4.6875
507.0 5.1328125
508.0 5.7265625
509.0 4.0078125
510.0 0.0
511.0 8.234375
512.0 4.6328125
513.0 5.6953125
514.0 8.09375
515.0 7.875
516.0 8.34375
517.0 7.9296875
518.0 7.9375
519.0 8.1328125
520.0 8.1796875
521.0 7.90625
522.0 7.9921875
523.0 7.9453125
524.0 8.171875
525.0 8.3125
526.0 8.078125
527.0 8.390625
528.0 7.796875
529.0 7.8515625
530.0 8.1953125
531.0 8.0625
532.0 8.046875
533.0 7.9921875
534.0 7.9296875
535.0 7.875
536.0 7.90625
537.0 8.2421875
538.0 7.8125
539.0 7.9375
540.0 6.4765625
541.0 10.140625
542.0 8.171875
543.0 7.9296875
544.0 8.046875
545.0 8.0546875
546.0 8.0546875
547.0 7.7578125
548.0 7.9453125
549.0 8.3203125
550.0 8.1484375
551.0 8.1484375
552.0 8.0625
553.0 8.140625
554.0 8.2734375
555.0 8.140625
556.0 8.2109375
557.0 8.4140625
558.0 8.375
559.0 8.1328125
560.0 7.8671875
561.0 8.1171875
562.0 7.78125
563.0 8.0546875
564.0 8.1484375
565.0 8.328125
566.0 8.4140625
567.0 7.8515625
568.0 8.140625
569.0 8.1796875
570.0 4.5
571.0 11.8984375
572.0 8.6875
573.0 8.265625
574.0 8.03125
575.0 8.3203125
576.0 8.375
577.0 8.234375
578.0 8.2109375
579.0 7.8515625
580.0 8.1484375
581.0 8.296875
582.0 8.6171875
583.0 8.1640625
584.0 8.4609375
585.0 7.875
586.0 8.1796875
587.0 8.2734375
588.0 8.328125
589.0 8.5
590.0 8.4453125
591.0 8.046875
592.0 7.6640625
593.0 8.40625
594.0 8.0
595.0 8.1953125
596.0 8.0
597.0 7.984375
598.0 5.109375
599.0 11.8671875
