0.0 1.1640625
1.0 8.2265625
2.0 9.078125
3.0 6.078125
4.0 6.3203125
5.0 6.203125
6.0 6.0234375
7.0 6.2578125
8.0 6.109375
9.0 3.1015625
10.0 8.5
11.0 5.8828125
12.0 5.9921875
13.0 6.3203125
14.0 6.09375
15.0 6.0234375
16.0 6.0078125
17.0 5.859375
18.0 5.9765625
19.0 5.6640625
20.0 5.90625
21.0 5.9609375
22.0 5.6484375
23.0 6.0234375
24.0 5.84375
25.0 3.265625
26.0 9.1171875
27.0 5.8515625
28.0 6.125
29.0 3.34375
30.0 8.8046875
31.0 6.140625
32.0 6.0859375
33.0 3.1484375
34.0 8.8359375
35.0 6.171875
36.0 6.109375
37.0 6.1484375
38.0 6.3046875
39.0 6.15625
40.0 6.0625
41.0 6.2578125
42.0 5.9921875
43.0 5.8515625
44.0 6.09375
45.0 6.0625
46.0 6.1796875
47.0 6.140625
48.0 6.0234375
49.0 6.0546875
50.0 5.90625
51.0 6.078125
52.0 6.1796875
53.0 6.0234375
54.0 6.1171875
55.0 6.296875
56.0 5.9453125
57.0 6.03125
58.0 5.9609375
59.0 5.34375
60.0 5.3359375
61.0 5.4375
62.0 5.3515625
63.0 5.2890625
64.0 5.6328125
65.0 5.5
66.0 5.7890625
67.0 5.34375
68.0 5.34375
69.0 5.96875
70.0 4.0390625
71.0 7.9921875
72.0 6.3046875
73.0 6.078125
74.0 6.15625
75.0 6.203125
76.0 6.15625
77.0 6.1484375
78.0 3.203125
79.0 9.1171875
80.0 6.2578125
81.0 6.1484375
82.0 6.0390625
83.0 6.0625
84.0 6.0
85.0 6.09375
86.0 6.0390625
87.0 6.171875
88.0 6.0859375
89.0 6.0234375
90.0 5.9765625
91.0 5.7578125
92.0 6.2578125
93.0 6.03125
94.0 5.875
95.0 6.296875
96.0 3.5
97.0 8.828125
98.0 5.9921875
99.0 6.1171875
100.0 6.09375
101.0 5.9140625
102.0 6.1171875
103.0 6.09375
104.0 6.203125
105.0 5.9453125
106.0 6.1875
107.0 5.9921875
108.0 5.8125
109.0 2.78125
110.0 9.546875
111.0 6.203125
112.0 5.9921875
113.0 6.0
114.0 5.796875
115.0 5.2734375
116.0 6.515625
117.0 5.9296875
118.0 5.875
119.0 5.78125
120.0 6.0859375
121.0 5.78125
122.0 5.7109375
123.0 5.890625
124.0 6.0859375
125.0 3.25
126.0 8.375
127.0 3.1640625
128.0 8.7890625
129.0 6.03125
130.0 5.9765625
131.0 3.2265625
132.0 8.3828125
133.0 5.7265625
134.0 5.96875
135.0 5.765625
136.0 5.9609375
137.0 6.1875
138.0 5.7265625
139.0 5.9375
140.0 5.7890625
141.0 5.7578125
142.0 5.859375
143.0 5.84375
144.0 5.6953125
145.0 5.8515625
146.0 5.7890625
147.0 5.9921875
148.0 5.7265625
149.0 5.7890625
150.0 5.78125
151.0 3.7734375
152.0 7.7578125
153.0 5.3203125
154.0 5.0859375
155.0 5.46875
156.0 5.7578125
157.0 3.3125
158.0 8.109375
159.0 5.6640625
160.0 5.4609375
161.0 3.046875
162.0 8.0234375
163.0 5.5234375
164.0 5.5546875
165.0 5.6484375
166.0 5.6171875
167.0 3.078125
168.0 8.1484375
169.0 5.7578125
170.0 6.0
171.0 5.765625
172.0 5.734375
173.0 5.6484375
174.0 5.640625
175.0 5.6953125
176.0 5.6328125
177.0 5.6640625
178.0 5.7890625
179.0 5.671875
180.0 5.640625
181.0 5.3984375
182.0 0.7578125
183.0 10.1796875
184.0 5.1640625
185.0 5.5625
186.0 2.8359375
187.0 8.7109375
188.0 5.7890625
189.0 5.640625
190.0 5.6484375
191.0 5.546875
192.0 5.8203125
193.0 5.8515625
194.0 5.828125
195.0 3.0703125
196.0 8.296875
197.0 5.6328125
198.0 5.421875
199.0 5.6328125
200.0 5.78125
201.0 5.6171875
202.0 5.8125
203.0 5.75
204.0 5.5234375
205.0 5.53125
206.0 5.609375
207.0 5.7578125
208.0 5.609375
209.0 4.21875
210.0 7.25
211.0 5.796875
212.0 5.8515625
213.0 5.6015625
214.0 3.40625
215.0 7.8828125
216.0 5.6953125
217.0 5.78125
218.0 5.671875
219.0 5.703125
220.0 5.6796875
221.0 5.703125
222.0 5.640625
223.0 5.7578125
224.0 5.7265625
225.0 5.78125
226.0 5.6953125
227.0 4.1484375
228.0 7.5703125
229.0 5.9296875
230.0 5.6484375
231.0 5.671875
232.0 2.03125
233.0 9.34375
234.0 5.9140625
235.0 5.9296875
236.0 5.84375
237.0 5.84375
238.0 5.75
239.0 3.1328125
240.0 8.59375
241.0 5.875
242.0 5.7265625
243.0 5.796875
244.0 5.90625
245.0 5.9296875
246.0 5.8203125
247.0 5.734375
248.0 5.6953125
249.0 5.8515625
250.0 5.703125
251.0 3.234375
252.0 8.6484375
253.0 5.78125
254.0 5.9453125
255.0 5.546875
256.0 5.8125
257.0 5.7890625
258.0 5.6015625
259.0 5.9296875
260.0 5.9765625
261.0 5.9453125
262.0 5.796875
263.0 5.734375
264.0 5.6171875
265.0 1.390625
266.0 10.0859375
267.0 5.8203125
268.0 5.796875
269.0 5.859375
270.0 5.9609375
271.0 5.9375
272.0 5.875
273.0 5.6796875
274.0 5.8125
275.0 3.2578125
276.0 8.59375
277.0 5.6640625
278.0 5.9296875
279.0 5.90625
280.0 5.765625
281.0 3.1328125
282.0 8.1484375
283.0 5.9609375
284.0 6.0
285.0 6.0
286.0 5.9296875
287.0 5.9453125
288.0 5.9453125
289.0 5.8515625
290.0 5.828125
291.0 5.890625
292.0 6.0625
293.0 5.890625
294.0 6.109375
295.0 5.828125
296.0 1.140625
297.0 10.9453125
298.0 5.9921875
299.0 4.171875
300.0 7.8203125
301.0 6.1484375
302.0 6.078125
303.0 6.0390625
304.0 5.9296875
305.0 5.90625
306.0 5.8203125
307.0 5.9609375
308.0 6.0625
309.0 6.2109375
310.0 5.765625
311.0 5.8828125
312.0 6.171875
313.0 4.0
314.0 7.734375
315.0 6.0078125
316.0 5.9375
317.0 2.375
318.0 9.75
319.0 6.09375
320.0 5.9453125
321.0 6.09375
322.0 6.0546875
323.0 6.0859375
324.0 6.125
325.0 5.9140625
326.0 6.078125
327.0 6.0625
328.0 6.0234375
329.0 4.90625
330.0 6.9921875
331.0 5.96875
332.0 5.96875
333.0 6.0390625
334.0 5.9609375
335.0 5.9765625
336.0 5.96875
337.0 6.0078125
338.0 6.0546875
339.0 6.0390625
340.0 5.796875
341.0 6.3046875
342.0 6.3203125
343.0 6.15625
344.0 6.1484375
345.0 6.0859375
346.0 5.9921875
347.0 6.2109375
348.0 6.0234375
349.0 6.203125
350.0 6.2421875
351.0 4.546875
352.0 7.6328125
353.0 6.03125
354.0 6.171875
355.0 3.234375
356.0 8.859375
357.0 6.15625
358.0 6.1171875
359.0 6.2265625
360.0 6.09375
361.0 3.328125
362.0 8.6796875
363.0 6.0078125
364.0 6.234375
365.0 5.9375
366.0 6.2890625
367.0 3.3828125
368.0 8.8203125
369.0 6.0234375
370.0 6.140625
371.0 5.90625
372.0 6.0546875
373.0 3.3515625
374.0 8.8515625
375.0 6.171875
376.0 6.0546875
377.0 3.4375
378.0 8.65625
379.0 6.2265625
380.0 5.96875
381.0 5.9609375
382.0 6.3828125
383.0 5.875
384.0 6.203125
385.0 6.125
386.0 6.265625
387.0 6.109375
388.0 6.2890625
389.0 5.9140625
390.0 6.0078125
391.0 6.0234375
392.0 6.0
393.0 6.203125
394.0 5.90625
395.0 5.6328125
396.0 1.96875
397.0 9.421875
398.0 5.6484375
399.0 5.859375
400.0 5.796875
401.0 5.8828125
402.0 5.9140625
403.0 5.515625
404.0 5.84375
405.0 6.0546875
406.0 5.9921875
407.0 6.2421875
408.0 6.0625
409.0 1.34375
410.0 10.90625
411.0 6.0078125
412.0 6.171875
413.0 5.9140625
414.0 2.2734375
415.0 10.109375
416.0 6.109375
417.0 6.1796875
418.0 5.8203125
419.0 6.1796875
420.0 6.1484375
421.0 6.0234375
422.0 6.0078125
423.0 6.171875
424.0 6.15625
425.0 6.0546875
426.0 3.90625
427.0 8.40625
428.0 5.9140625
429.0 6.03125
430.0 5.828125
431.0 6.078125
432.0 6.140625
433.0 6.234375
434.0 6.09375
435.0 2.1171875
436.0 10.25
437.0 6.15625
438.0 6.0234375
439.0 6.109375
440.0 6.0546875
441.0 6.3359375
442.0 5.9765625
443.0 5.84375
444.0 6.296875
445.0 5.796875
446.0 3.078125
447.0 9.09375
448.0 6.1171875
449.0 6.125
450.0 6.140625
451.0 5.6484375
452.0 6.53125
453.0 6.171875
454.0 6.03125
455.0 6.078125
456.0 6.2421875
457.0 6.1171875
458.0 6.109375
459.0 6.2421875
460.0 5.96875
461.0 5.9140625
462.0 6.0234375
463.0 5.9609375
464.0 5.0703125
465.0 6.6640625
466.0 5.875
467.0 2.9921875
468.0 8.5078125
469.0 5.9375
470.0 5.7890625
471.0 5.9296875
472.0 5.859375
473.0 6.2265625
474.0 5.828125
475.0 5.796875
476.0 6.09375
477.0 5.796875
478.0 6.03125
479.0 5.78125
480.0 5.90625
481.0 1.8359375
482.0 9.6953125
483.0 5.9375
484.0 5.5546875
485.0 5.6640625
486.0 5.765625
487.0 3.0703125
488.0 8.1640625
489.0 5.84375
490.0 5.5625
491.0 2.8359375
492.0 5.8125
493.0 1.203125
494.0 5.453125
495.0 3.1484375
496.0 8.3125
497.0 4.53125
498.0 6.984375
499.0 5.640625
500.0 5.75
501.0 5.609375
502.0 5.640625
503.0 5.7109375
504.0 5.3125
505.0 5.375
506.0 5.640625
507.0 5.6328125
508.0 5.78125
509.0 5.7578125
510.0 5.8515625
511.0 5.765625
512.0 5.609375
513.0 2.9609375
514.0 8.734375
515.0 5.9453125
516.0 5.890625
517.0 5.8125
518.0 5.5234375
519.0 5.9375
520.0 5.2578125
521.0 4.9765625
522.0 4.7265625
523.0 4.390625
524.0 4.5390625
525.0 4.5703125
526.0 5.515625
527.0 4.484375
528.0 5.0078125
529.0 6.0078125
530.0 5.765625
531.0 4.1875
532.0 7.8515625
533.0 6.0546875
534.0 5.9765625
535.0 5.9375
536.0 5.90625
537.0 5.8203125
538.0 1.171875
539.0 10.640625
540.0 6.0078125
541.0 5.9375
542.0 5.8125
543.0 5.875
544.0 5.734375
545.0 5.796875
546.0 5.859375
547.0 5.9296875
548.0 5.9453125
549.0 5.8515625
550.0 5.515625
551.0 6.0390625
552.0 5.9375
553.0 5.796875
554.0 6.1796875
555.0 5.875
556.0 3.5859375
557.0 8.171875
558.0 5.9921875
559.0 5.6015625
560.0 5.765625
561.0 5.546875
562.0 5.8125
563.0 5.8828125
564.0 5.8125
565.0 5.6796875
566.0 5.96875
567.0 5.3125
568.0 6.9296875
569.0 5.9921875
570.0 5.8515625
571.0 5.9375
572.0 6.125
573.0 6.078125
574.0 6.15625
575.0 6.0390625
576.0 5.7109375
577.0 6.0234375
578.0 5.9375
579.0 6.0546875
580.0 6.0625
581.0 6.0234375
582.0 5.9140625
583.0 6.0546875
584.0 6.0078125
585.0 3.046875
586.0 9.0625
587.0 6.125
588.0 5.890625
589.0 6.265625
590.0 6.0625
591.0 6.109375
592.0 6.0
593.0 6.109375
594.0 6.03125
595.0 5.90625
596.0 6.2265625
597.0 3.375
598.0 8.8359375
599.0 6.1171875
