0.0 5.4296875
1.0 1.234375
2.0 9.890625
3.0 5.859375
4.0 5.5859375
5.0 3.171875
6.0 7.9375
7.0 5.7109375
8.0 5.34375
9.0 5.0078125
10.0 5.3984375
11.0 4.421875
12.0 5.6328125
13.0 5.84375
14.0 4.1328125
15.0 7.3203125
16.0 5.8125
17.0 5.7578125
18.0 5.734375
19.0 5.609375
20.0 5.9296875
21.0 5.9453125
22.0 6.0078125
23.0 6.0
24.0 5.90625
25.0 5.9296875
26.0 5.8828125
27.0 5.859375
28.0 5.515625
29.0 6.171875
30.0 5.9765625
31.0 5.9453125
32.0 6.203125
33.0 4.8359375
34.0 7.3046875
35.0 6.1484375
36.0 5.9453125
37.0 6.078125
38.0 5.9375
39.0 5.8515625
40.0 5.90625
41.0 6.03125
42.0 5.484375
43.0 5.90625
44.0 6.0078125
45.0 2.09375
46.0 9.578125
47.0 5.859375
48.0 6.0546875
49.0 6.109375
50.0 5.765625
51.0 5.7890625
52.0 5.890625
53.0 5.8125
54.0 5.5546875
55.0 5.6015625
56.0 2.21875
57.0 9.84375
58.0 6.171875
59.0 5.78125
60.0 5.828125
61.0 5.7578125
62.0 5.78125
63.0 6.1875
64.0 6.2890625
65.0 6.296875
66.0 5.734375
67.0 6.1171875
68.0 4.3515625
69.0 7.390625
70.0 5.796875
71.0 6.140625
72.0 5.28125
73.0 1.2421875
74.0 9.5234375
75.0 4.0234375
76.0 4.578125
77.0 4.8046875
78.0 5.4296875
79.0 5.8515625
80.0 5.875
81.0 5.3828125
82.0 5.46875
83.0 5.9296875
84.0 5.5859375
85.0 5.5546875
86.0 5.109375
87.0 5.46875
88.0 5.734375
89.0 5.96875
90.0 6.0390625
91.0 5.640625
92.0 4.2421875
93.0 7.015625
94.0 5.28125
95.0 5.2734375
96.0 5.828125
97.0 5.3046875
98.0 4.09375
99.0 6.5390625
100.0 5.3125
101.0 5.6953125
102.0 4.4140625
103.0 7.3046875
104.0 6.390625
105.0 6.171875
106.0 6.0859375
107.0 6.1484375
108.0 4.515625
109.0 7.9921875
110.0 6.15625
111.0 6.328125
112.0 6.2109375
113.0 6.2734375
114.0 4.5078125
115.0 7.453125
116.0 4.78125
117.0 7.5546875
118.0 6.2265625
119.0 6.234375
120.0 6.1171875
121.0 6.15625
122.0 6.2890625
123.0 5.9296875
124.0 6.078125
125.0 6.1796875
126.0 4.4296875
127.0 7.0390625
128.0 4.1171875
129.0 7.2421875
130.0 6.2265625
131.0 6.4140625
132.0 6.2890625
133.0 6.1796875
134.0 6.1796875
135.0 6.2578125
136.0 6.296875
137.0 6.09375
138.0 6.421875
139.0 6.2265625
140.0 6.4375
141.0 6.2734375
142.0 6.3515625
143.0 1.8203125
144.0 10.5546875
145.0 6.2265625
146.0 5.875
147.0 6.5546875
148.0 6.2578125
149.0 6.265625
150.0 5.9765625
151.0 5.8125
152.0 6.1171875
153.0 6.1484375
154.0 5.7265625
155.0 5.9296875
156.0 6.2421875
157.0 6.3359375
158.0 6.2578125
159.0 6.2421875
160.0 6.4140625
161.0 6.1796875
162.0 6.46875
163.0 6.1875
164.0 6.40625
165.0 5.96875
166.0 6.125
167.0 5.7109375
168.0 5.8515625
169.0 5.8125
170.0 5.859375
171.0 5.7890625
172.0 6.078125
173.0 5.75
174.0 5.78125
175.0 5.9453125
176.0 6.0625
177.0 6.0390625
178.0 4.71875
179.0 7.2265625
180.0 6.1171875
181.0 6.265625
182.0 6.40625
183.0 6.0234375
184.0 2.0
185.0 10.28125
186.0 5.9765625
187.0 6.4140625
188.0 5.4296875
189.0 5.3515625
190.0 5.875
191.0 5.90625
192.0 5.734375
193.0 5.7265625
194.0 5.9921875
195.0 5.9140625
196.0 6.125
197.0 4.46875
198.0 7.3984375
199.0 5.9609375
200.0 5.9921875
201.0 6.03125
202.0 1.34375
203.0 10.8046875
204.0 5.859375
205.0 5.53125
206.0 5.671875
207.0 5.828125
208.0 5.796875
209.0 6.1875
210.0 5.9765625
211.0 5.78125
212.0 6.1171875
213.0 6.171875
214.0 6.1875
215.0 2.4140625
216.0 9.8515625
217.0 6.125
218.0 6.1484375
219.0 6.125
220.0 6.203125
221.0 5.0078125
222.0 7.390625
223.0 5.8828125
224.0 4.875
225.0 7.40625
226.0 6.171875
227.0 6.09375
228.0 5.90625
229.0 6.125
230.0 5.9765625
231.0 6.109375
232.0 6.2734375
233.0 6.2578125
234.0 4.65625
235.0 5.484375
236.0 5.6953125
237.0 6.0078125
238.0 5.8828125
239.0 5.9140625
240.0 6.0078125
241.0 5.5859375
242.0 6.0078125
243.0 6.171875
244.0 1.6875
245.0 10.96875
246.0 6.125
247.0 3.46875
248.0 8.8828125
249.0 6.078125
250.0 6.421875
251.0 5.765625
252.0 6.2578125
253.0 5.6796875
254.0 6.2734375
255.0 5.7265625
256.0 6.453125
257.0 6.1171875
258.0 6.3203125
259.0 3.4140625
260.0 0.0078125
261.0 0.0
262.0 7.9453125
263.0 3.7109375
264.0 5.15625
265.0 5.6015625
266.0 4.9609375
267.0 2.7265625
268.0 0.0
269.0 8.40625
270.0 3.25
271.0 4.875
272.0 5.96875
273.0 6.0078125
274.0 4.84375
275.0 3.515625
276.0 5.515625
277.0 5.421875
278.0 4.3515625
279.0 1.7578125
280.0 6.5078125
281.0 2.0703125
282.0 5.25
283.0 4.6796875
284.0 5.78125
285.0 4.75
286.0 5.890625
287.0 6.109375
288.0 5.53125
289.0 4.359375
290.0 1.0546875
291.0 9.8203125
292.0 4.25
293.0 5.0078125
294.0 6.15625
295.0 5.1015625
296.0 5.3359375
297.0 6.0078125
298.0 5.8515625
299.0 5.34375
300.0 5.6796875
301.0 6.40625
302.0 6.2890625
303.0 3.4765625
304.0 8.9453125
305.0 6.0234375
306.0 5.3359375
307.0 4.0390625
308.0 7.1328125
309.0 5.0859375
310.0 4.25
311.0 7.1015625
312.0 5.734375
313.0 5.9765625
314.0 5.8203125
315.0 6.328125
316.0 5.7578125
317.0 5.9453125
318.0 4.3515625
319.0 6.2890625
320.0 4.0625
321.0 4.171875
322.0 5.0078125
323.0 5.6953125
324.0 6.2265625
325.0 6.1796875
326.0 5.3125
327.0 5.5546875
328.0 6.296875
329.0 5.9375
330.0 6.0234375
331.0 5.703125
332.0 2.8359375
333.0 9.7578125
334.0 6.6015625
335.0 6.5078125
336.0 4.8125
337.0 7.8203125
338.0 4.515625
339.0 7.125
340.0 4.5
341.0 7.2734375
342.0 5.8515625
343.0 5.9609375
344.0 4.2421875
345.0 7.015625
346.0 5.890625
347.0 5.8203125
348.0 5.53125
349.0 5.671875
350.0 5.859375
351.0 6.3359375
352.0 6.15625
353.0 6.3359375
354.0 5.7265625
355.0 5.875
356.0 5.78125
357.0 5.8203125
358.0 6.125
359.0 5.8125
360.0 5.8515625
361.0 6.109375
362.0 6.1171875
363.0 5.640625
364.0 4.890625
365.0 6.125
366.0 5.875
367.0 5.53125
368.0 5.21875
369.0 5.796875
370.0 5.0546875
371.0 4.7734375
372.0 6.0
373.0 6.125
374.0 5.9140625
375.0 5.6796875
376.0 5.875
377.0 5.890625
378.0 5.3515625
379.0 4.984375
380.0 5.90625
381.0 5.1875
382.0 4.828125
383.0 6.0078125
384.0 5.140625
385.0 5.6484375
386.0 5.8125
387.0 6.203125
388.0 6.265625
389.0 6.4375
390.0 6.6875
391.0 6.5078125
392.0 6.6796875
393.0 6.2265625
394.0 6.3359375
395.0 6.328125
396.0 5.3203125
397.0 6.921875
398.0 6.03125
399.0 5.25
400.0 3.5546875
401.0 8.203125
402.0 5.6328125
403.0 5.8125
404.0 6.1171875
405.0 5.8515625
406.0 6.5625
407.0 6.5
408.0 6.3203125
409.0 5.9453125
410.0 6.3359375
411.0 6.1796875
412.0 6.59375
413.0 6.484375
414.0 1.6796875
415.0 10.90625
416.0 6.625
417.0 6.3359375
418.0 6.359375
419.0 6.6015625
420.0 6.75
421.0 6.7109375
422.0 6.6015625
423.0 6.296875
424.0 6.2265625
425.0 6.0390625
426.0 6.296875
427.0 5.8203125
428.0 5.3671875
429.0 1.078125
430.0 9.21875
431.0 5.9375
432.0 5.578125
433.0 5.765625
434.0 5.6171875
435.0 5.6953125
436.0 5.2734375
437.0 5.703125
438.0 5.4609375
439.0 4.9453125
440.0 2.4453125
441.0 8.8671875
442.0 6.234375
443.0 6.328125
444.0 5.6640625
445.0 5.015625
446.0 2.265625
447.0 6.59375
448.0 5.1875
449.0 5.375
450.0 5.6484375
451.0 5.734375
452.0 6.1171875
453.0 5.8515625
454.0 6.3203125
455.0 6.125
456.0 6.0078125
457.0 6.5
458.0 6.3671875
459.0 5.9375
460.0 5.7265625
461.0 5.6953125
462.0 3.9375
463.0 7.09375
464.0 6.0234375
465.0 5.6015625
466.0 5.734375
467.0 5.5625
468.0 5.421875
469.0 5.84375
470.0 5.734375
471.0 5.6484375
472.0 5.6796875
473.0 6.2890625
474.0 6.125
475.0 6.1171875
476.0 5.6953125
477.0 1.390625
478.0 8.140625
479.0 7.109375
480.0 5.6796875
481.0 5.9453125
482.0 5.46875
483.0 5.4921875
484.0 5.21875
485.0 5.4609375
486.0 5.3828125
487.0 5.5
488.0 5.4921875
489.0 4.7421875
490.0 5.9609375
491.0 6.3828125
492.0 1.9375
493.0 10.4375
494.0 6.3515625
495.0 6.71875
496.0 6.40625
497.0 6.1484375
498.0 6.15625
499.0 5.6484375
500.0 6.3828125
501.0 6.03125
502.0 6.1171875
503.0 6.3671875
504.0 6.15625
505.0 6.359375
506.0 6.09375
507.0 5.5625
508.0 6.109375
509.0 6.40625
510.0 6.6875
511.0 3.046875
512.0 9.546875
513.0 6.5703125
514.0 6.328125
515.0 3.5
516.0 9.484375
517.0 6.421875
518.0 6.2734375
519.0 6.3046875
520.0 6.1875
521.0 6.0859375
522.0 6.453125
523.0 6.0625
524.0 6.40625
525.0 6.5859375
526.0 6.3828125
527.0 5.796875
528.0 2.7109375
529.0 9.4140625
530.0 6.2109375
531.0 6.3359375
532.0 6.2265625
533.0 6.5546875
534.0 6.0625
535.0 6.59375
536.0 5.9765625
537.0 5.9921875
538.0 6.09375
539.0 6.0625
540.0 4.90625
541.0 5.6484375
542.0 5.78125
543.0 6.1796875
544.0 6.6015625
545.0 6.1484375
546.0 4.859375
547.0 7.2578125
548.0 6.3359375
549.0 5.96875
550.0 4.5390625
551.0 6.2734375
552.0 5.9375
553.0 6.2109375
554.0 5.9296875
555.0 6.0
556.0 6.1796875
557.0 6.5390625
558.0 4.9609375
559.0 7.5703125
560.0 6.3515625
561.0 6.3515625
562.0 4.625
563.0 7.3671875
564.0 6.2265625
565.0 6.265625
566.0 6.203125
567.0 5.828125
568.0 6.1875
569.0 6.328125
570.0 6.2421875
571.0 6.5
572.0 6.3359375
573.0 6.421875
574.0 4.9296875
575.0 7.5078125
576.0 6.09375
577.0 6.2421875
578.0 6.140625
579.0 6.125
580.0 6.390625
581.0 6.75
582.0 6.3359375
583.0 6.0546875
584.0 6.390625
585.0 6.3203125
586.0 6.4375
587.0 6.6015625
588.0 6.625
589.0 1.34375
590.0 11.6875
591.0 6.5546875
592.0 6.4765625
593.0 5.6796875
594.0 6.8359375
595.0 6.4375
596.0 5.203125
597.0 8.203125
598.0 6.5625
599.0 6.3359375
