0.0 6.109375
1.0 6.3671875
2.0 5.53125
3.0 2.4296875
4.0 6.421875
5.0 5.5546875
6.0 6.0625
7.0 5.6015625
8.0 6.2578125
9.0 6.2421875
10.0 6.140625
11.0 6.0546875
12.0 5.7265625
13.0 5.6328125
14.0 6.0
15.0 5.5546875
16.0 4.1875
17.0 4.609375
18.0 5.1015625
19.0 5.546875
20.0 5.75
21.0 4.3828125
22.0 5.1953125
23.0 5.7265625
24.0 5.28125
25.0 5.7109375
26.0 5.765625
27.0 2.9921875
28.0 5.7890625
29.0 3.140625
30.0 4.9921875
31.0 6.1171875
32.0 6.203125
33.0 6.03125
34.0 6.6015625
35.0 5.78125
36.0 6.2265625
37.0 5.78125
38.0 6.078125
39.0 5.7109375
40.0 6.1796875
41.0 6.515625
42.0 6.5390625
43.0 6.3515625
44.0 6.2890625
45.0 3.4921875
46.0 7.3671875
47.0 4.6484375
48.0 5.0703125
49.0 5.640625
50.0 5.859375
51.0 3.609375
52.0 7.8515625
53.0 5.78125
54.0 5.3515625
55.0 5.78125
56.0 5.765625
57.0 5.6953125
58.0 5.6171875
59.0 5.234375
60.0 4.953125
61.0 4.71875
62.0 3.0
63.0 2.3125
64.0 3.84375
65.0 5.40625
66.0 5.171875
67.0 3.8515625
68.0 4.578125
69.0 4.578125
70.0 5.0703125
71.0 3.8515625
72.0 2.8359375
73.0 2.75
74.0 3.0703125
75.0 2.375
76.0 6.0859375
77.0 2.125
78.0 1.4609375
79.0 1.203125
80.0 2.625
81.0 3.546875
82.0 1.4765625
83.0 7.4609375
84.0 4.71875
85.0 5.1640625
86.0 4.390625
87.0 5.28125
88.0 5.1640625
89.0 0.5234375
90.0 8.796875
91.0 3.109375
92.0 3.6484375
93.0 5.2578125
94.0 5.7265625
95.0 2.4765625
96.0 4.3046875
97.0 4.0625
98.0 3.5234375
99.0 5.34375
100.0 4.1015625
101.0 4.3046875
102.0 4.0625
103.0 4.5625
104.0 3.515625
105.0 4.515625
106.0 4.71875
107.0 4.7109375
108.0 4.6328125
109.0 4.8984375
110.0 4.453125
111.0 4.3359375
112.0 1.0625
113.0 8.171875
114.0 4.4453125
115.0 4.6328125
116.0 4.859375
117.0 5.1875
118.0 5.6171875
119.0 6.1484375
120.0 6.0
121.0 5.3984375
122.0 1.734375
123.0 7.7578125
124.0 4.609375
125.0 3.6796875
126.0 6.078125
127.0 5.765625
128.0 5.234375
129.0 5.6328125
130.0 5.484375
131.0 4.90625
132.0 4.953125
133.0 5.28125
134.0 5.2578125
135.0 5.2890625
136.0 0.8984375
137.0 7.9921875
138.0 1.1640625
139.0 4.1796875
140.0 3.890625
141.0 5.3828125
142.0 5.25
143.0 4.7578125
144.0 5.078125
145.0 4.796875
146.0 0.5703125
147.0 0.5703125
148.0 8.796875
149.0 4.9765625
150.0 5.2734375
151.0 5.53125
152.0 5.828125
153.0 5.609375
154.0 5.3203125
155.0 5.046875
156.0 4.6484375
157.0 3.1484375
158.0 6.3046875
159.0 4.125
160.0 3.5625
161.0 3.5625
162.0 3.9453125
163.0 3.0390625
164.0 3.4609375
165.0 5.0078125
166.0 5.1875
167.0 5.6015625
168.0 5.53125
169.0 4.4140625
170.0 4.3359375
171.0 4.828125
172.0 4.890625
173.0 5.4921875
174.0 5.0703125
175.0 5.4921875
176.0 5.453125
177.0 5.3046875
178.0 5.25
179.0 4.796875
180.0 3.4375
181.0 1.4453125
182.0 1.390625
183.0 1.4921875
184.0 1.9765625
185.0 2.59375
186.0 2.34375
187.0 0.125
188.0 0.0
189.0 0.0
190.0 5.203125
191.0 1.3515625
192.0 2.546875
193.0 3.0703125
194.0 3.28125
195.0 3.4765625
196.0 2.4453125
197.0 0.9609375
198.0 0.0
199.0 4.9765625
200.0 2.234375
201.0 2.625
202.0 2.6015625
203.0 1.671875
204.0 0.9296875
205.0 1.59375
206.0 1.703125
207.0 2.8203125
208.0 2.625
209.0 2.7578125
210.0 2.5625
211.0 0.8671875
212.0 4.5625
213.0 2.984375
214.0 2.1875
215.0 1.7734375
216.0 1.296875
217.0 1.9765625
218.0 2.3046875
219.0 2.65625
220.0 2.90625
221.0 2.890625
222.0 2.9375
223.0 0.640625
224.0 4.7265625
225.0 3.5859375
226.0 2.8515625
227.0 2.7734375
228.0 2.7421875
229.0 2.6875
230.0 2.4453125
231.0 2.640625
232.0 2.75
233.0 2.6015625
234.0 2.7578125
235.0 3.2890625
236.0 2.921875
237.0 0.875
238.0 0.0
239.0 6.109375
240.0 1.765625
241.0 1.5
242.0 1.8046875
243.0 2.1171875
244.0 1.4921875
245.0 4.2421875
246.0 1.9765625
247.0 1.8671875
248.0 2.0859375
249.0 1.796875
250.0 1.7578125
251.0 1.8203125
252.0 2.03125
253.0 2.0625
254.0 1.4453125
255.0 2.3046875
256.0 2.5625
257.0 2.4296875
258.0 1.5859375
259.0 0.0
260.0 6.171875
261.0 2.890625
262.0 2.640625
263.0 3.171875
264.0 3.2890625
265.0 1.1796875
266.0 9.1796875
267.0 5.90625
268.0 5.703125
269.0 5.15625
270.0 5.7265625
271.0 4.859375
272.0 5.1640625
273.0 5.890625
274.0 4.5625
275.0 4.859375
276.0 6.0625
277.0 5.4375
278.0 6.0078125
279.0 5.1953125
280.0 6.1171875
281.0 4.8359375
282.0 5.5625
283.0 5.8203125
284.0 2.578125
285.0 6.265625
286.0 5.3359375
287.0 3.0
288.0 3.6796875
289.0 5.234375
290.0 5.5234375
291.0 5.3359375
292.0 3.703125
293.0 4.859375
294.0 4.3203125
295.0 3.625
296.0 5.8125
297.0 4.4296875
298.0 5.078125
299.0 5.765625
300.0 5.6171875
301.0 4.7109375
302.0 4.9765625
303.0 4.75
304.0 1.9375
305.0 8.2734375
306.0 4.984375
307.0 6.140625
308.0 5.421875
309.0 5.5
310.0 5.7265625
311.0 5.828125
312.0 5.546875
313.0 5.6328125
314.0 4.6640625
315.0 4.65625
316.0 4.859375
317.0 5.234375
318.0 5.203125
319.0 3.3125
320.0 4.125
321.0 5.765625
322.0 5.8515625
323.0 5.7265625
324.0 5.2578125
325.0 5.171875
326.0 5.28125
327.0 5.34375
328.0 6.65625
329.0 5.34375
330.0 4.6875
331.0 5.796875
332.0 5.859375
333.0 5.7265625
334.0 4.859375
335.0 5.6953125
336.0 5.484375
337.0 4.984375
338.0 5.703125
339.0 5.78125
340.0 6.0078125
341.0 5.484375
342.0 6.4453125
343.0 5.96875
344.0 5.875
345.0 5.96875
346.0 6.328125
347.0 6.203125
348.0 6.3359375
349.0 6.3671875
350.0 6.3671875
351.0 6.125
352.0 6.2890625
353.0 5.796875
354.0 5.421875
355.0 5.609375
356.0 5.796875
357.0 5.546875
358.0 5.578125
359.0 6.078125
360.0 6.1171875
361.0 5.84375
362.0 6.421875
363.0 5.1875
364.0 5.5
365.0 5.6171875
366.0 5.5234375
367.0 5.6796875
368.0 1.8671875
369.0 8.9375
370.0 5.2734375
371.0 5.3203125
372.0 5.40625
373.0 5.109375
374.0 4.7578125
375.0 4.5078125
376.0 4.484375
377.0 4.6953125
378.0 4.921875
379.0 3.4296875
380.0 3.515625
381.0 4.9765625
382.0 5.2734375
383.0 5.3359375
384.0 5.2578125
385.0 3.5
386.0 2.9609375
387.0 3.7890625
388.0 4.9609375
389.0 5.2578125
390.0 5.3203125
391.0 5.25
392.0 5.375
393.0 5.234375
394.0 3.0
395.0 7.1015625
396.0 5.28125
397.0 5.46875
398.0 5.3359375
399.0 5.3515625
400.0 5.140625
401.0 4.9921875
402.0 5.28125
403.0 5.1953125
404.0 4.03125
405.0 0.0
406.0 9.4296875
407.0 5.078125
408.0 4.8984375
409.0 0.3671875
410.0 8.859375
411.0 5.1953125
412.0 4.5078125
413.0 4.75
414.0 5.0703125
415.0 4.78125
416.0 3.296875
417.0 3.6484375
418.0 5.15625
419.0 5.015625
420.0 5.0078125
421.0 4.9609375
422.0 4.984375
423.0 4.171875
424.0 4.3046875
425.0 4.7421875
426.0 0.96875
427.0 9.0
428.0 5.15625
429.0 4.28125
430.0 5.6796875
431.0 5.0546875
432.0 4.7578125
433.0 4.9453125
434.0 4.796875
435.0 4.859375
436.0 4.5703125
437.0 4.7578125
438.0 4.65625
439.0 4.6640625
440.0 4.8671875
441.0 4.953125
442.0 4.84375
443.0 5.3359375
444.0 2.15625
445.0 0.0
446.0 4.7734375
447.0 2.1484375
448.0 3.5546875
449.0 4.78125
450.0 5.3671875
451.0 4.9921875
452.0 5.2890625
453.0 5.40625
454.0 4.2734375
455.0 0.46875
456.0 0.0
457.0 4.6875
458.0 1.1953125
459.0 1.859375
460.0 3.0546875
461.0 2.6953125
462.0 3.5859375
463.0 5.171875
464.0 5.015625
465.0 5.0078125
466.0 4.9296875
467.0 3.5859375
468.0 2.1875
469.0 4.75
470.0 4.3515625
471.0 2.59375
472.0 2.640625
473.0 2.640625
474.0 3.7578125
475.0 3.2578125
476.0 3.3828125
477.0 3.015625
478.0 2.6875
479.0 3.234375
480.0 4.1484375
481.0 3.296875
482.0 2.7109375
483.0 0.0390625
484.0 7.7265625
485.0 3.8515625
486.0 3.4921875
487.0 3.3828125
488.0 2.453125
489.0 0.0
490.0 7.640625
491.0 3.7109375
492.0 3.96875
493.0 4.0703125
494.0 3.9453125
495.0 2.7734375
496.0 2.4921875
497.0 2.390625
498.0 2.7265625
499.0 3.1796875
500.0 3.234375
501.0 2.265625
502.0 0.0
503.0 7.1796875
504.0 3.203125
505.0 3.28125
506.0 2.453125
507.0 2.515625
508.0 0.75
509.0 4.6328125
510.0 0.609375
511.0 4.5078125
512.0 2.7421875
513.0 2.921875
514.0 3.171875
515.0 2.890625
516.0 2.7578125
517.0 3.0703125
518.0 3.328125
519.0 2.7265625
520.0 2.875
521.0 2.9609375
522.0 2.609375
523.0 2.125
524.0 3.3515625
525.0 1.2109375
526.0 0.0
527.0 5.3125
528.0 3.0
529.0 1.7890625
530.0 4.0078125
531.0 3.0703125
532.0 2.84375
533.0 3.0
534.0 2.1796875
535.0 3.140625
536.0 2.34375
537.0 2.625
538.0 3.796875
539.0 3.90625
540.0 1.9765625
541.0 1.828125
542.0 1.421875
543.0 0.25
544.0 4.7265625
545.0 3.59375
546.0 3.21875
547.0 3.4296875
548.0 3.609375
549.0 2.6953125
550.0 2.8125
551.0 3.4453125
552.0 5.125
553.0 4.984375
554.0 4.546875
555.0 3.21875
556.0 3.296875
557.0 4.21875
558.0 3.671875
559.0 3.65625
560.0 4.53125
561.0 4.0
562.0 3.078125
563.0 2.96875
564.0 2.8984375
565.0 5.015625
566.0 5.5234375
567.0 5.0859375
568.0 5.375
569.0 5.5546875
570.0 5.765625
571.0 5.671875
572.0 5.703125
573.0 5.75
574.0 5.6640625
575.0 5.90625
576.0 5.6484375
577.0 5.7578125
578.0 5.828125
579.0 5.6640625
580.0 5.5234375
581.0 6.1171875
582.0 4.875
583.0 5.078125
584.0 5.5234375
585.0 5.484375
586.0 5.3203125
587.0 4.9921875
588.0 5.4375
589.0 5.0390625
590.0 5.421875
591.0 5.40625
592.0 4.8984375
593.0 5.421875
594.0 5.25
595.0 5.2890625
596.0 5.75
597.0 5.46875
598.0 4.84375
599.0 0.1796875
