0.0 0.359375
1.0 0.28125
2.0 0.0
3.0 0.0
4.0 0.0
5.0 0.0
6.0 0.0
7.0 0.0
8.0 0.0
9.0 0.0
10.0 0.0
11.0 3.1171875
12.0 0.0
13.0 0.0
14.0 0.0
15.0 0.0
16.0 0.0
17.0 0.0
18.0 1.8046875
19.0 0.0
20.0 0.0
21.0 0.0
22.0 0.0
23.0 0.0
24.0 0.0
25.0 3.015625
26.0 0.2109375
27.0 0.3671875
28.0 0.359375
29.0 0.359375
30.0 0.375
31.0 0.375
32.0 0.2734375
33.0 0.2734375
34.0 0.578125
35.0 0.9921875
36.0 0.546875
37.0 0.21875
38.0 0.2421875
39.0 0.359375
40.0 0.3671875
41.0 0.3671875
42.0 0.3671875
43.0 0.75
44.0 1.390625
45.0 0.9375
46.0 1.4765625
47.0 1.34375
48.0 0.1328125
49.0 0.0
50.0 0.0
51.0 0.0
52.0 5.1875
53.0 1.28125
54.0 1.28125
55.0 1.5546875
56.0 1.671875
57.0 1.40625
58.0 1.296875
59.0 0.546875
60.0 0.0
61.0 0.0
62.0 0.0
63.0 0.0
64.0 0.0
65.0 0.0
66.0 0.0
67.0 0.0
68.0 0.0
69.0 0.0
70.0 4.6875
71.0 0.359375
72.0 0.3046875
73.0 0.421875
74.0 0.15625
75.0 0.0
76.0 0.0
77.0 0.0
78.0 0.03125
79.0 0.375
80.0 0.3359375
81.0 0.3125
82.0 0.359375
83.0 0.2578125
84.0 0.28125
85.0 0.359375
86.0 0.8515625
87.0 0.4921875
88.0 1.03125
89.0 1.328125
90.0 1.03125
91.0 1.671875
92.0 1.796875
93.0 1.5390625
94.0 1.296875
95.0 0.0
96.0 0.0
97.0 4.828125
98.0 1.6875
99.0 1.8359375
100.0 2.0078125
101.0 1.9140625
102.0 1.953125
103.0 1.171875
104.0 0.1328125
105.0 0.0
106.0 0.0
107.0 0.0
108.0 0.0
109.0 4.421875
110.0 1.5234375
111.0 0.78125
112.0 0.0
113.0 1.3203125
114.0 1.828125
115.0 1.921875
116.0 1.984375
117.0 1.7890625
118.0 1.9453125
119.0 1.8671875
120.0 1.5390625
121.0 1.96875
122.0 1.8359375
123.0 1.96875
124.0 1.1484375
125.0 0.0
126.0 0.0
127.0 6.3359375
128.0 0.15625
129.0 0.0
130.0 4.265625
131.0 1.203125
132.0 1.7578125
133.0 1.53125
134.0 1.5078125
135.0 1.9765625
136.0 0.96875
137.0 0.3046875
138.0 0.0
139.0 0.0
140.0 0.0
141.0 4.1328125
142.0 0.5859375
143.0 1.640625
144.0 1.9453125
145.0 1.7734375
146.0 1.5390625
147.0 1.5390625
148.0 2.375
149.0 2.6328125
150.0 1.8671875
151.0 1.8515625
152.0 1.8671875
153.0 1.6171875
154.0 1.796875
155.0 0.9453125
156.0 0.0
157.0 0.0
158.0 5.9765625
159.0 1.203125
160.0 1.5546875
161.0 1.4921875
162.0 1.6875
163.0 1.5625
164.0 1.625
165.0 1.7890625
166.0 0.15625
167.0 0.0
168.0 5.3828125
169.0 1.7109375
170.0 1.5546875
171.0 0.2109375
172.0 0.0
173.0 3.546875
174.0 0.9453125
175.0 0.6328125
176.0 0.5078125
177.0 0.0
178.0 0.0
179.0 0.6328125
180.0 0.9453125
181.0 0.6171875
182.0 0.4609375
183.0 0.25
184.0 0.375
185.0 0.4921875
186.0 0.875
187.0 0.90625
188.0 0.6640625
189.0 0.125
190.0 0.1796875
191.0 0.3125
192.0 0.3359375
193.0 0.375
194.0 0.3359375
195.0 0.3359375
196.0 0.375
197.0 0.375
198.0 0.375
199.0 0.34375
200.0 0.390625
201.0 0.3984375
202.0 0.40625
203.0 0.484375
204.0 0.6171875
205.0 0.0
206.0 0.0
207.0 0.0
208.0 5.6171875
209.0 2.0859375
210.0 2.15625
211.0 2.2109375
212.0 1.7734375
213.0 1.734375
214.0 1.9375
215.0 2.015625
216.0 1.4609375
217.0 0.9453125
218.0 0.125
219.0 0.0
220.0 0.0
221.0 5.1640625
222.0 1.421875
223.0 1.5078125
224.0 1.8671875
225.0 1.953125
226.0 1.8515625
227.0 1.8046875
228.0 0.78125
229.0 0.0
230.0 4.890625
231.0 1.8515625
232.0 2.3046875
233.0 1.8359375
234.0 1.640625
235.0 1.1171875
236.0 1.09375
237.0 0.6875
238.0 1.671875
239.0 1.71875
240.0 1.9453125
241.0 0.578125
242.0 0.0
243.0 0.0
244.0 0.0
245.0 0.0
246.0 4.453125
247.0 0.65625
248.0 0.0
249.0 4.3671875
250.0 1.359375
251.0 0.0
252.0 4.8046875
253.0 1.7734375
254.0 1.4140625
255.0 2.1875
256.0 2.3671875
257.0 2.375
258.0 1.8203125
259.0 1.265625
260.0 1.6796875
261.0 2.046875
262.0 1.8359375
263.0 1.421875
264.0 2.0078125
265.0 1.6875
266.0 0.0
267.0 0.0
268.0 5.3359375
269.0 2.15625
270.0 0.03125
271.0 0.609375
272.0 1.2890625
273.0 2.1484375
274.0 2.046875
275.0 1.890625
276.0 1.59375
277.0 1.40625
278.0 1.1640625
279.0 0.4296875
280.0 0.3125
281.0 0.2890625
282.0 0.328125
283.0 0.328125
284.0 0.765625
285.0 0.328125
286.0 0.3125
287.0 0.4609375
288.0 0.3125
289.0 0.328125
290.0 0.3125
291.0 0.375
292.0 0.7578125
293.0 0.0
294.0 0.0
295.0 0.0
296.0 4.578125
297.0 0.2890625
298.0 0.28125
299.0 0.2421875
300.0 0.78125
301.0 1.296875
302.0 1.1171875
303.0 0.328125
304.0 0.6953125
305.0 0.8359375
306.0 1.9453125
307.0 2.15625
308.0 0.4921875
309.0 0.0
310.0 5.4921875
311.0 2.15625
312.0 1.28125
313.0 0.9140625
314.0 1.0625
315.0 1.3828125
316.0 0.125
317.0 0.0
318.0 0.0
319.0 0.0
320.0 0.0
321.0 0.0
322.0 2.1796875
323.0 4.3515625
324.0 0.1796875
325.0 0.140625
326.0 0.1953125
327.0 0.3359375
328.0 0.4296875
329.0 0.9453125
330.0 0.25
331.0 0.2109375
332.0 0.1328125
333.0 0.0
334.0 0.0
335.0 0.0
336.0 0.0
337.0 0.0
338.0 0.0
339.0 0.0
340.0 0.0
341.0 0.0
342.0 4.09375
343.0 1.4140625
344.0 0.359375
345.0 0.28125
346.0 0.21875
347.0 0.2734375
348.0 0.4375
349.0 0.2890625
350.0 0.3984375
351.0 0.2734375
352.0 0.3359375
353.0 0.359375
354.0 0.453125
355.0 0.359375
356.0 0.359375
357.0 0.375
358.0 0.3125
359.0 0.2109375
360.0 0.359375
361.0 0.34375
362.0 0.34375
363.0 0.359375
364.0 0.359375
365.0 0.34375
366.0 0.578125
367.0 0.1875
368.0 0.0
369.0 0.0
370.0 0.0
371.0 0.0
372.0 0.0
373.0 0.0
374.0 0.0
375.0 0.0
376.0 0.0
377.0 0.0
378.0 0.0
379.0 0.0078125
380.0 4.609375
381.0 0.40625
382.0 0.390625
383.0 0.3671875
384.0 0.375
385.0 0.34375
386.0 0.34375
387.0 0.375
388.0 0.3671875
389.0 0.2734375
390.0 0.390625
391.0 0.4921875
392.0 0.3046875
393.0 0.375
394.0 0.421875
395.0 0.03125
396.0 0.0
397.0 0.0
398.0 0.0
399.0 0.0
400.0 0.0
401.0 0.0
402.0 4.625
403.0 3.1640625
404.0 2.03125
405.0 2.15625
406.0 0.9921875
407.0 3.1328125
408.0 1.796875
409.0 1.671875
410.0 1.5625
411.0 1.5859375
412.0 1.03125
413.0 1.53125
414.0 2.2109375
415.0 2.265625
416.0 2.0078125
417.0 1.890625
418.0 1.9765625
419.0 2.1796875
420.0 2.28125
421.0 1.40625
422.0 0.0
423.0 5.109375
424.0 1.96875
425.0 1.7109375
426.0 1.265625
427.0 0.84375
428.0 1.5
429.0 2.1953125
430.0 1.953125
431.0 0.9921875
432.0 0.0
433.0 0.25
434.0 0.0
435.0 0.0
436.0 0.0
437.0 0.0
438.0 12.28125
439.0 2.0859375
440.0 2.1015625
441.0 1.7890625
442.0 1.8046875
443.0 1.9453125
444.0 1.4453125
445.0 2.953125
446.0 1.8671875
447.0 1.7109375
448.0 2.09375
449.0 2.1875
450.0 2.3046875
451.0 1.8359375
452.0 1.8984375
453.0 2.2421875
454.0 1.96875
455.0 1.7578125
456.0 2.1875
457.0 2.0
458.0 1.7890625
459.0 1.8359375
460.0 2.0
461.0 1.6171875
462.0 0.0
463.0 5.078125
464.0 2.03125
465.0 2.09375
466.0 2.2734375
467.0 2.28125
468.0 2.1953125
469.0 0.9140625
470.0 0.0
471.0 5.9453125
472.0 2.1796875
473.0 1.8203125
474.0 1.71875
475.0 2.28125
476.0 1.6796875
477.0 2.2421875
478.0 2.8125
479.0 2.90625
480.0 1.984375
481.0 1.984375
482.0 1.09375
483.0 0.0
484.0 0.0
485.0 0.0
486.0 4.6328125
487.0 1.203125
488.0 0.5390625
489.0 0.0
490.0 0.453125
491.0 0.5078125
492.0 0.3046875
493.0 0.375
494.0 0.359375
495.0 0.3125
496.0 0.421875
497.0 0.359375
498.0 0.34375
499.0 0.4609375
500.0 0.3046875
501.0 0.390625
502.0 0.3359375
503.0 0.390625
504.0 0.375
505.0 0.3984375
506.0 0.359375
507.0 0.3125
508.0 0.3359375
509.0 0.3359375
510.0 0.3671875
511.0 0.3671875
512.0 0.390625
513.0 0.109375
514.0 0.0
515.0 0.0
516.0 0.0
517.0 0.0
518.0 0.0
519.0 0.0
520.0 0.0
521.0 0.0
522.0 0.0
523.0 0.0
524.0 3.84375
525.0 0.3046875
526.0 0.4921875
527.0 0.1875
528.0 0.328125
529.0 0.2890625
530.0 0.34375
531.0 0.359375
532.0 0.3671875
533.0 0.4375
534.0 0.2578125
535.0 0.328125
536.0 0.3671875
537.0 0.3125
538.0 0.3359375
539.0 0.4609375
540.0 0.9375
541.0 0.4921875
542.0 0.2421875
543.0 0.140625
544.0 0.0
545.0 0.0
546.0 0.0
547.0 0.0
548.0 0.0
549.0 0.0
550.0 0.0
551.0 0.0
552.0 0.0
553.0 0.0
554.0 3.828125
555.0 0.4375
556.0 0.2265625
557.0 0.3125
558.0 0.2890625
559.0 0.453125
560.0 0.25
561.0 0.34375
562.0 0.0
563.0 0.0
564.0 0.0
565.0 0.0
566.0 0.0
567.0 0.0
568.0 0.0
569.0 1.6796875
570.0 0.0
571.0 2.5703125
572.0 0.3359375
573.0 0.359375
574.0 0.390625
575.0 0.359375
576.0 0.3359375
577.0 0.328125
578.0 0.359375
579.0 0.359375
580.0 0.375
581.0 0.5859375
582.0 0.2734375
583.0 0.25
584.0 0.28125
585.0 0.2265625
586.0 0.328125
587.0 0.375
588.0 0.0078125
589.0 0.0
590.0 0.0
591.0 0.0
592.0 0.0
593.0 0.0
594.0 0.0
595.0 0.0
596.0 3.3515625
597.0 0.984375
598.0 1.5546875
599.0 0.3671875
