0.0 7.9921875
1.0 7.90625
2.0 7.765625
3.0 7.6015625
4.0 7.6875
5.0 7.578125
6.0 7.796875
7.0 7.6171875
8.0 7.6875
9.0 7.8203125
10.0 7.875
11.0 7.8828125
12.0 7.671875
13.0 7.6953125
14.0 7.40625
15.0 7.8984375
16.0 7.4296875
17.0 7.8671875
18.0 7.6875
19.0 7.4921875
20.0 7.6875
21.0 7.453125
22.0 3.609375
23.0 12.0390625
24.0 7.578125
25.0 6.2109375
26.0 9.2421875
27.0 7.4609375
28.0 7.796875
29.0 7.4296875
30.0 7.671875
31.0 7.640625
32.0 7.8359375
33.0 7.6015625
34.0 7.40625
35.0 7.3359375
36.0 7.640625
37.0 7.5546875
38.0 7.765625
39.0 7.546875
40.0 7.6328125
41.0 7.6328125
42.0 7.3671875
43.0 8.1171875
44.0 6.7734375
45.0 9.0078125
46.0 7.5546875
47.0 7.578125
48.0 7.8359375
49.0 7.359375
50.0 7.421875
51.0 7.734375
52.0 7.640625
53.0 7.65625
54.0 7.75
55.0 7.75
56.0 7.6953125
57.0 7.8671875
58.0 7.7265625
59.0 7.4375
60.0 7.71875
61.0 7.8125
62.0 7.5390625
63.0 7.390625
64.0 6.6484375
65.0 8.5234375
66.0 7.3125
67.0 7.6640625
68.0 7.796875
69.0 7.6953125
70.0 7.78125
71.0 7.6640625
72.0 4.8359375
73.0 10.1640625
74.0 7.5703125
75.0 7.765625
76.0 7.703125
77.0 7.9296875
78.0 7.3125
79.0 7.3984375
80.0 7.703125
81.0 7.578125
82.0 7.5859375
83.0 7.2734375
84.0 7.8359375
85.0 7.734375
86.0 7.8125
87.0 2.1875
88.0 12.9921875
89.0 7.640625
90.0 7.6015625
91.0 7.5234375
92.0 7.671875
93.0 7.8203125
94.0 7.5234375
95.0 7.609375
96.0 7.5078125
97.0 7.6328125
98.0 7.5859375
99.0 7.7578125
100.0 7.375
101.0 7.8984375
102.0 7.46875
103.0 7.7890625
104.0 7.5234375
105.0 3.2578125
106.0 12.40625
107.0 7.7578125
108.0 6.5
109.0 8.9453125
110.0 7.8203125
111.0 7.640625
112.0 7.5859375
113.0 7.5703125
114.0 7.8359375
115.0 7.90625
116.0 7.6875
117.0 7.7578125
118.0 7.8515625
119.0 7.75
120.0 7.453125
121.0 7.734375
122.0 7.578125
123.0 6.3046875
124.0 9.1875
125.0 7.9609375
126.0 7.6640625
127.0 7.46875
128.0 6.03125
129.0 9.1328125
130.0 7.65625
131.0 7.4375
132.0 7.75
133.0 7.6640625
134.0 7.5234375
135.0 7.9609375
136.0 7.703125
137.0 7.6953125
138.0 7.640625
139.0 7.3984375
140.0 7.3984375
141.0 7.546875
142.0 7.421875
143.0 7.34375
144.0 7.4921875
145.0 7.2421875
146.0 7.2109375
147.0 7.71875
148.0 7.4296875
149.0 7.9609375
150.0 7.78125
151.0 7.4375
152.0 7.5703125
153.0 7.578125
154.0 7.28125
155.0 7.4609375
156.0 7.515625
157.0 7.609375
158.0 7.5703125
159.0 7.5546875
160.0 7.6171875
161.0 7.5078125
162.0 7.8203125
163.0 7.796875
164.0 7.8984375
165.0 7.6875
166.0 8.046875
167.0 8.109375
168.0 7.546875
169.0 7.6953125
170.0 7.546875
171.0 7.703125
172.0 7.6640625
173.0 7.6328125
174.0 7.8125
175.0 7.5078125
176.0 7.1328125
177.0 7.4609375
178.0 7.1796875
179.0 7.0625
180.0 7.8515625
181.0 7.2578125
182.0 7.484375
183.0 7.390625
184.0 7.609375
185.0 5.3828125
186.0 9.5703125
187.0 7.578125
188.0 7.6015625
189.0 7.453125
190.0 7.15625
191.0 7.375
192.0 7.65625
193.0 7.5234375
194.0 7.78125
195.0 7.6171875
196.0 7.765625
197.0 7.8359375
198.0 6.3828125
199.0 9.640625
200.0 7.65625
201.0 7.8359375
202.0 7.7265625
203.0 7.8203125
204.0 7.875
205.0 7.8203125
206.0 7.765625
207.0 8.0234375
208.0 7.796875
209.0 7.4296875
210.0 7.8828125
211.0 7.9609375
212.0 7.8671875
213.0 7.5859375
214.0 7.9140625
215.0 7.84375
216.0 7.9609375
217.0 5.203125
218.0 10.4609375
219.0 7.8125
220.0 7.6328125
221.0 7.8984375
222.0 7.7890625
223.0 7.71875
224.0 7.5546875
225.0 7.8359375
226.0 7.8203125
227.0 7.6953125
228.0 7.703125
229.0 7.6171875
230.0 7.8203125
231.0 5.671875
232.0 9.921875
233.0 7.546875
234.0 7.796875
235.0 7.6171875
236.0 7.8203125
237.0 7.796875
238.0 7.71875
239.0 7.703125
240.0 7.8359375
241.0 7.875
242.0 8.03125
243.0 7.484375
244.0 7.5546875
245.0 5.203125
246.0 9.8984375
247.0 7.4296875
248.0 7.6875
249.0 7.5859375
250.0 7.6328125
251.0 7.9375
252.0 7.8828125
253.0 7.6015625
254.0 7.7578125
255.0 8.046875
256.0 7.90625
257.0 7.78125
258.0 7.875
259.0 7.609375
260.0 7.703125
261.0 7.7578125
262.0 7.96875
263.0 7.640625
264.0 7.9921875
265.0 7.8203125
266.0 7.6015625
267.0 6.4453125
268.0 9.1953125
269.0 7.484375
270.0 7.640625
271.0 7.7890625
272.0 7.6640625
273.0 7.6640625
274.0 7.671875
275.0 7.7265625
276.0 7.78125
277.0 7.65625
278.0 7.8125
279.0 7.5859375
280.0 7.875
281.0 7.609375
282.0 7.796875
283.0 7.75
284.0 7.984375
285.0 7.515625
286.0 7.9609375
287.0 7.84375
288.0 7.28125
289.0 7.6015625
290.0 7.671875
291.0 7.578125
292.0 7.5390625
293.0 7.671875
294.0 7.7265625
295.0 7.671875
296.0 7.4921875
297.0 7.6640625
298.0 7.8125
299.0 7.7890625
300.0 7.6015625
301.0 7.421875
302.0 7.8125
303.0 7.703125
304.0 7.8515625
305.0 7.875
306.0 7.8984375
307.0 4.2109375
308.0 10.96875
309.0 7.421875
310.0 7.546875
311.0 7.5859375
312.0 7.5546875
313.0 7.796875
314.0 7.9453125
315.0 7.703125
316.0 7.71875
317.0 7.5546875
318.0 7.5546875
319.0 7.578125
320.0 7.796875
321.0 3.1484375
322.0 12.2890625
323.0 7.375
324.0 7.7890625
325.0 7.8359375
326.0 7.5390625
327.0 2.7421875
328.0 12.9296875
329.0 7.78125
330.0 7.7578125
331.0 7.671875
332.0 7.6171875
333.0 7.734375
334.0 7.3203125
335.0 7.6875
336.0 7.84375
337.0 7.546875
338.0 7.984375
339.0 5.0234375
340.0 10.3125
341.0 7.6640625
342.0 7.8984375
343.0 7.7265625
344.0 7.96875
345.0 7.4921875
346.0 7.8984375
347.0 7.515625
348.0 7.6328125
349.0 7.421875
350.0 7.875
351.0 7.609375
352.0 7.6875
353.0 7.2734375
354.0 7.5234375
355.0 7.484375
356.0 7.5078125
357.0 7.6328125
358.0 7.78125
359.0 6.171875
360.0 9.421875
361.0 7.8984375
362.0 7.4609375
363.0 7.6640625
364.0 7.5234375
365.0 7.703125
366.0 3.171875
367.0 12.0546875
368.0 7.65625
369.0 7.390625
370.0 7.3046875
371.0 7.5703125
372.0 7.5859375
373.0 7.515625
374.0 7.484375
375.0 7.546875
376.0 7.6171875
377.0 7.6328125
378.0 7.7265625
379.0 7.7578125
380.0 7.9453125
381.0 7.6171875
382.0 7.5703125
383.0 7.9375
384.0 7.5234375
385.0 7.796875
386.0 7.671875
387.0 7.7265625
388.0 7.734375
389.0 7.734375
390.0 7.703125
391.0 7.9140625
392.0 4.65625
393.0 10.609375
394.0 7.5546875
395.0 7.484375
396.0 7.734375
397.0 7.6875
398.0 7.6171875
399.0 7.09375
400.0 7.84375
401.0 7.8984375
402.0 7.5859375
403.0 7.5546875
404.0 7.40625
405.0 7.7578125
406.0 7.4609375
407.0 7.5859375
408.0 7.3203125
409.0 7.46875
410.0 7.6640625
411.0 7.5234375
412.0 7.390625
413.0 7.421875
414.0 8.2578125
415.0 7.640625
416.0 8.015625
417.0 7.8125
418.0 5.2890625
419.0 10.046875
420.0 7.421875
421.0 7.703125
422.0 7.5859375
423.0 7.390625
424.0 7.984375
425.0 7.84375
426.0 7.71875
427.0 7.75
428.0 7.5546875
429.0 7.6328125
430.0 3.53125
431.0 12.015625
432.0 7.78125
433.0 7.671875
434.0 7.7265625
435.0 7.453125
436.0 7.8125
437.0 7.6171875
438.0 4.65625
439.0 10.53125
440.0 7.546875
441.0 7.6171875
442.0 7.9609375
443.0 7.390625
444.0 7.5234375
445.0 7.28125
446.0 7.421875
447.0 7.5234375
448.0 7.453125
449.0 7.6328125
450.0 7.703125
451.0 3.7578125
452.0 11.6875
453.0 7.40625
454.0 7.6953125
455.0 7.6015625
456.0 7.75
457.0 7.515625
458.0 7.5859375
459.0 7.6640625
460.0 7.7890625
461.0 7.609375
462.0 7.765625
463.0 7.75
464.0 7.65625
465.0 7.375
466.0 7.28125
467.0 7.5390625
468.0 7.6328125
469.0 7.1015625
470.0 7.8671875
471.0 7.28125
472.0 7.796875
473.0 7.5859375
474.0 7.25
475.0 7.15625
476.0 7.125
477.0 7.1015625
478.0 7.34375
479.0 7.5859375
480.0 7.5546875
481.0 7.640625
482.0 6.9296875
483.0 7.671875
484.0 6.03125
485.0 7.0390625
486.0 7.5546875
487.0 7.390625
488.0 7.6171875
489.0 7.4921875
490.0 7.484375
491.0 7.8984375
492.0 7.3125
493.0 7.5703125
494.0 7.9375
495.0 7.640625
496.0 7.6875
497.0 7.078125
498.0 6.984375
499.0 7.9921875
500.0 6.3046875
501.0 8.7109375
502.0 7.453125
503.0 7.6328125
504.0 7.46875
505.0 7.4375
506.0 7.390625
507.0 7.8671875
508.0 6.8671875
509.0 8.0
510.0 7.3046875
511.0 7.5703125
512.0 7.3359375
513.0 7.71875
514.0 7.4609375
515.0 6.9609375
516.0 7.2265625
517.0 7.4921875
518.0 7.515625
519.0 7.46875
520.0 7.6875
521.0 7.4921875
522.0 7.4921875
523.0 7.6328125
524.0 6.109375
525.0 9.4609375
526.0 7.78125
527.0 7.609375
528.0 7.6640625
529.0 7.2734375
530.0 2.953125
531.0 12.34375
532.0 7.671875
533.0 7.515625
534.0 7.34375
535.0 7.6328125
536.0 7.6953125
537.0 7.4375
538.0 7.7265625
539.0 7.75
540.0 7.6953125
541.0 7.2890625
542.0 7.25
543.0 7.78125
544.0 7.75
545.0 7.8515625
546.0 7.546875
547.0 7.4296875
548.0 7.8828125
549.0 7.5703125
550.0 7.4921875
551.0 7.8671875
552.0 7.6640625
553.0 7.5390625
554.0 7.671875
555.0 7.4921875
556.0 7.84375
557.0 7.5234375
558.0 7.8125
559.0 7.3671875
560.0 7.7890625
561.0 7.3125
562.0 7.9140625
563.0 7.6171875
564.0 7.2890625
565.0 7.546875
566.0 7.3203125
567.0 4.75
568.0 10.734375
569.0 7.6171875
570.0 7.984375
571.0 7.2265625
572.0 7.3203125
573.0 7.8125
574.0 7.765625
575.0 7.515625
576.0 7.9921875
577.0 7.3984375
578.0 7.78125
579.0 7.5859375
580.0 7.6171875
581.0 7.3203125
582.0 7.453125
583.0 7.84375
584.0 7.5234375
585.0 7.609375
586.0 7.578125
587.0 7.4609375
588.0 7.65625
589.0 7.6640625
590.0 7.8203125
591.0 7.3671875
592.0 7.2890625
593.0 7.65625
594.0 7.75
595.0 7.5546875
596.0 7.1953125
597.0 7.5078125
598.0 7.65625
599.0 7.734375
