0.0 0.4296875
1.0 0.4296875
2.0 0.5078125
3.0 0.4375
4.0 0.3359375
5.0 0.5078125
6.0 0.4375
7.0 0.46875
8.0 0.15625
9.0 0.03125
10.0 0.015625
11.0 0.03125
12.0 0.015625
13.0 0.03125
14.0 0.015625
15.0 0.03125
16.0 0.015625
17.0 0.03125
18.0 0.0078125
19.0 0.0
20.0 0.0
21.0 0.0
22.0 0.0
23.0 0.0
24.0 0.0
25.0 0.0
26.0 0.0
27.0 0.0
28.0 0.0
29.0 0.0
30.0 0.0
31.0 0.0
32.0 0.0
33.0 0.0
34.0 0.0
35.0 0.0
36.0 0.0
37.0 0.0
38.0 0.0
39.0 0.0
40.0 0.0
41.0 0.0
42.0 0.0
43.0 0.0
44.0 0.0
45.0 0.0
46.0 0.0
47.0 0.0
48.0 0.0
49.0 0.0
50.0 0.0
51.0 0.0
52.0 0.0
53.0 0.0
54.0 0.0
55.0 0.0
56.0 0.0
57.0 0.0
58.0 0.0
59.0 0.0
60.0 0.0
61.0 0.0
62.0 0.046875
63.0 0.09375
64.0 0.09375
65.0 0.09375
66.0 0.1015625
67.0 0.078125
68.0 0.09375
69.0 0.109375
70.0 0.078125
71.0 0.09375
72.0 0.09375
73.0 0.09375
74.0 0.09375
75.0 0.1015625
76.0 7.71875
77.0 0.0
78.0 0.0
79.0 0.0
80.0 0.0
81.0 0.0
82.0 0.0
83.0 0.0
84.0 0.0
85.0 0.0
86.0 0.0
87.0 0.0
88.0 0.0
89.0 0.0
90.0 0.0
91.0 0.0
92.0 0.0
93.0 0.0
94.0 0.0
95.0 0.0
96.0 0.0
97.0 0.0
98.0 0.0
99.0 0.0
100.0 0.0
101.0 0.0
102.0 0.0
103.0 0.0
104.0 0.0
105.0 0.0
106.0 0.0
107.0 0.0
108.0 0.0
109.0 0.0
110.0 0.0
111.0 0.0
112.0 0.0
113.0 0.0
114.0 0.0
115.0 0.0
116.0 0.0
117.0 0.0
118.0 0.0
119.0 0.0
120.0 0.0
121.0 0.0
122.0 0.0
123.0 0.0
124.0 0.0
125.0 0.0
126.0 0.0
127.0 0.0
128.0 0.0
129.0 0.0
130.0 0.0
131.0 0.0
132.0 0.0
133.0 0.0
134.0 0.0
135.0 0.0
136.0 0.0
137.0 0.0
138.0 0.0
139.0 0.0
140.0 0.0
141.0 0.0
142.0 0.0
143.0 0.0
144.0 0.0
145.0 0.0
146.0 0.015625
147.0 0.0390625
148.0 0.1875
149.0 0.25
150.0 0.25
151.0 0.25
152.0 0.25
153.0 11.8984375
154.0 0.2578125
155.0 0.25
156.0 0.2734375
157.0 0.3125
158.0 0.546875
159.0 0.5703125
160.0 0.578125
161.0 0.6015625
162.0 0.546875
163.0 0.546875
164.0 0.515625
165.0 0.5390625
166.0 0.5390625
167.0 0.5859375
168.0 0.5390625
169.0 0.5390625
170.0 0.5390625
171.0 0.5078125
172.0 0.5234375
173.0 0.515625
174.0 0.6171875
175.0 0.4921875
176.0 0.546875
177.0 0.578125
178.0 0.546875
179.0 0.5703125
180.0 0.4921875
181.0 0.609375
182.0 0.578125
183.0 0.3359375
184.0 0.6015625
185.0 0.484375
186.0 0.546875
187.0 0.5390625
188.0 0.578125
189.0 0.5234375
190.0 0.5390625
191.0 0.5859375
192.0 0.5546875
193.0 0.5390625
194.0 0.5234375
195.0 0.5390625
196.0 0.6015625
197.0 0.515625
198.0 0.5703125
199.0 0.5234375
200.0 0.5546875
201.0 0.5234375
202.0 0.546875
203.0 0.5546875
204.0 0.6015625
205.0 0.546875
206.0 0.5234375
207.0 0.5390625
208.0 0.5859375
209.0 0.546875
210.0 0.5390625
211.0 0.5546875
212.0 0.6015625
213.0 0.546875
214.0 0.546875
215.0 0.546875
216.0 0.5234375
217.0 0.5390625
218.0 0.6171875
219.0 0.5390625
220.0 0.546875
221.0 0.5390625
222.0 0.5234375
223.0 0.5703125
224.0 0.546875
225.0 0.515625
226.0 0.640625
227.0 0.453125
228.0 0.546875
229.0 0.515625
230.0 0.609375
231.0 0.3046875
232.0 0.3984375
233.0 0.421875
234.0 0.453125
235.0 0.4921875
236.0 0.40625
237.0 0.453125
238.0 0.4609375
239.0 0.4375
240.0 0.5078125
241.0 0.453125
242.0 0.4296875
243.0 0.453125
244.0 0.453125
245.0 0.453125
246.0 0.515625
247.0 0.4375
248.0 0.4375
249.0 0.453125
250.0 0.4921875
251.0 0.4609375
252.0 0.453125
253.0 0.4609375
254.0 0.5078125
255.0 0.40625
256.0 0.453125
257.0 0.4921875
258.0 0.421875
259.0 0.5078125
260.0 0.4296875
261.0 0.4375
262.0 0.4375
263.0 0.2890625
264.0 0.015625
265.0 0.03125
266.0 0.015625
267.0 0.03125
268.0 0.015625
269.0 0.03125
270.0 0.015625
271.0 0.03125
272.0 0.015625
273.0 0.015625
274.0 0.0
275.0 0.0
276.0 0.0
277.0 0.0
278.0 0.0
279.0 0.0
280.0 0.0
281.0 0.0
282.0 0.0
283.0 0.0
284.0 0.0
285.0 0.0
286.0 0.0
287.0 0.0
288.0 0.0
289.0 0.0
290.0 0.0
291.0 0.0
292.0 0.0
293.0 0.0
294.0 0.0
295.0 0.0
296.0 0.0
297.0 0.0
298.0 0.0
299.0 0.0
300.0 0.0
301.0 0.0
302.0 0.0
303.0 0.0
304.0 0.0
305.0 0.0
306.0 0.0
307.0 0.0
308.0 0.0
309.0 0.0
310.0 0.0
311.0 0.0
312.0 0.0
313.0 0.0
314.0 0.0
315.0 0.0
316.0 0.0
317.0 0.03125
318.0 0.1015625
319.0 0.078125
320.0 0.09375
321.0 0.1015625
322.0 0.09375
323.0 0.09375
324.0 0.1015625
325.0 0.1015625
326.0 0.078125
327.0 0.1015625
328.0 0.078125
329.0 0.1015625
330.0 0.09375
331.0 0.09375
332.0 0.09375
333.0 0.09375
334.0 0.1015625
335.0 0.078125
336.0 0.1015625
337.0 0.09375
338.0 0.09375
339.0 0.078125
340.0 4.890625
341.0 0.0
342.0 0.0
343.0 0.0
344.0 0.0
345.0 0.0
346.0 0.0
347.0 0.0
348.0 0.0
349.0 0.0
350.0 0.0
351.0 0.0
352.0 0.0
353.0 0.0
354.0 0.0
355.0 0.0
356.0 0.640625
357.0 0.1015625
358.0 0.078125
359.0 0.1015625
360.0 0.09375
361.0 0.09375
362.0 0.078125
363.0 0.109375
364.0 0.078125
365.0 0.09375
366.0 0.09375
367.0 0.09375
368.0 0.09375
369.0 0.1015625
370.0 0.078125
371.0 0.09375
372.0 0.109375
373.0 0.078125
374.0 0.09375
375.0 13.6328125
376.0 0.0
377.0 0.0
378.0 0.0
379.0 0.0
380.0 0.0
381.0 0.0
382.0 0.0
383.0 0.0
384.0 0.0
385.0 0.0
386.0 0.0
387.0 0.0
388.0 0.0
389.0 0.0
390.0 0.0
391.0 0.0
392.0 0.0
393.0 0.0
394.0 0.0
395.0 0.0
396.0 0.0
397.0 0.0
398.0 0.0
399.0 0.0
400.0 0.0
401.0 0.0
402.0 0.0
403.0 0.0
404.0 0.0
405.0 0.0
406.0 0.0
407.0 0.0
408.0 0.0
409.0 0.0
410.0 0.0
411.0 0.0
412.0 0.0
413.0 0.0
414.0 0.0
415.0 0.0
416.0 0.0
417.0 0.0
418.0 0.0
419.0 0.0
420.0 0.0
421.0 0.0625
422.0 0.25
423.0 0.25
424.0 0.2734375
425.0 0.25
426.0 0.09375
427.0 0.0078125
428.0 0.0078125
429.0 0.0078125
430.0 0.0703125
431.0 0.1328125
432.0 0.140625
433.0 0.1328125
434.0 0.0
435.0 0.0
436.0 0.0
437.0 0.0
438.0 0.0
439.0 0.0
440.0 0.0
441.0 0.0
442.0 0.0
443.0 0.0
444.0 0.0
445.0 0.0
446.0 0.0
447.0 0.0
448.0 0.0
449.0 0.0
450.0 0.0
451.0 0.0
452.0 0.0
453.0 0.3671875
454.0 0.5703125
455.0 0.5703125
456.0 0.4921875
457.0 0.421875
458.0 0.359375
459.0 0.2890625
460.0 0.5234375
461.0 0.515625
462.0 0.6015625
463.0 0.5390625
464.0 0.5390625
465.0 0.5234375
466.0 0.5078125
467.0 0.515625
468.0 0.484375
469.0 0.546875
470.0 0.5078125
471.0 0.609375
472.0 0.578125
473.0 0.5390625
474.0 0.546875
475.0 0.578125
476.0 0.515625
477.0 0.578125
478.0 0.546875
479.0 0.5234375
480.0 0.5390625
481.0 0.546875
482.0 0.546875
483.0 0.5703125
484.0 0.5859375
485.0 0.5390625
486.0 0.5390625
487.0 0.5390625
488.0 0.6015625
489.0 0.5390625
490.0 0.5546875
491.0 0.5546875
492.0 0.6015625
493.0 0.5390625
494.0 0.5234375
495.0 0.5390625
496.0 0.609375
497.0 0.3671875
498.0 0.5390625
499.0 0.5546875
500.0 0.578125
501.0 0.515625
502.0 0.5703125
503.0 0.5390625
504.0 0.578125
505.0 0.546875
506.0 0.546875
507.0 0.546875
508.0 0.609375
509.0 0.546875
510.0 0.5390625
511.0 0.578125
512.0 0.5546875
513.0 0.5703125
514.0 0.5390625
515.0 0.6015625
516.0 0.5390625
517.0 0.546875
518.0 0.5234375
519.0 0.5859375
520.0 0.515625
521.0 0.6171875
522.0 0.546875
523.0 0.5390625
524.0 0.578125
525.0 0.2890625
526.0 0.375
527.0 0.46875
528.0 0.484375
529.0 0.421875
530.0 0.4921875
531.0 0.421875
532.0 0.484375
533.0 0.484375
534.0 0.4609375
535.0 0.4375
536.0 0.484375
537.0 0.46875
538.0 0.453125
539.0 0.4296875
540.0 0.453125
541.0 0.5234375
542.0 0.4296875
543.0 0.4296875
544.0 0.453125
545.0 0.4375
546.0 0.484375
547.0 0.453125
548.0 0.4296875
549.0 0.484375
550.0 0.4609375
551.0 0.4296875
552.0 0.2265625
553.0 0.0
554.0 0.0
555.0 0.0
556.0 0.0
557.0 0.0
558.0 0.0
559.0 0.0
560.0 0.0
561.0 0.0
562.0 0.0
563.0 0.0
564.0 0.0
565.0 0.0
566.0 0.0
567.0 0.0
568.0 0.0
569.0 0.0
570.0 0.0
571.0 0.0
572.0 0.0
573.0 0.0
574.0 0.0
575.0 0.0
576.0 0.0
577.0 0.0
578.0 0.0
579.0 0.0
580.0 0.0
581.0 0.0
582.0 0.0
583.0 0.0
584.0 0.0
585.0 0.0
586.0 0.0
587.0 0.0
588.0 0.0
589.0 0.0
590.0 0.0
591.0 0.0
592.0 0.0
593.0 0.0
594.0 0.0
595.0 0.0
596.0 0.0
597.0 0.0
598.0 0.0
599.0 0.0
