0.0 6.59375
1.0 12.9453125
2.0 9.7421875
3.0 9.4921875
4.0 9.8203125
5.0 9.6640625
6.0 9.4765625
7.0 9.515625
8.0 9.5703125
9.0 9.59375
10.0 9.7890625
11.0 9.671875
12.0 9.8671875
13.0 10.1171875
14.0 9.4140625
15.0 9.25
16.0 9.7578125
17.0 9.7578125
18.0 5.96875
19.0 13.7109375
20.0 9.4921875
21.0 9.953125
22.0 9.9609375
23.0 10.0859375
24.0 9.8203125
25.0 10.109375
26.0 10.2890625
27.0 10.0234375
28.0 6.828125
29.0 13.46875
30.0 10.1328125
31.0 9.7890625
32.0 10.2890625
33.0 10.1796875
34.0 10.203125
35.0 10.03125
36.0 8.3125
37.0 7.5390625
38.0 9.1796875
39.0 9.6328125
40.0 9.7421875
41.0 9.5546875
42.0 9.28125
43.0 9.8125
44.0 9.7421875
45.0 9.8046875
46.0 9.7421875
47.0 9.7265625
48.0 9.7421875
49.0 9.875
50.0 9.9921875
51.0 9.7890625
52.0 9.8046875
53.0 9.8125
54.0 9.625
55.0 9.4453125
56.0 9.4765625
57.0 9.609375
58.0 9.8671875
59.0 9.7265625
60.0 5.7890625
61.0 13.4140625
62.0 6.59375
63.0 12.9921875
64.0 9.671875
65.0 9.7578125
66.0 9.6875
67.0 10.0703125
68.0 9.9296875
69.0 10.328125
70.0 10.203125
71.0 9.7890625
72.0 10.140625
73.0 10.03125
74.0 9.625
75.0 9.7890625
76.0 6.8984375
77.0 12.5625
78.0 10.140625
79.0 9.9375
80.0 9.671875
81.0 6.03125
82.0 13.796875
83.0 9.921875
84.0 10.0
85.0 9.8125
86.0 6.484375
87.0 12.6640625
88.0 9.84375
89.0 9.8515625
90.0 9.9609375
91.0 10.015625
92.0 6.6484375
93.0 13.328125
94.0 9.8359375
95.0 9.96875
96.0 10.25
97.0 9.9921875
98.0 10.0703125
99.0 9.7890625
100.0 10.1640625
101.0 9.8046875
102.0 9.921875
103.0 9.8203125
104.0 9.8515625
105.0 9.5078125
106.0 10.1015625
107.0 4.390625
108.0 15.375
109.0 9.671875
110.0 9.8515625
111.0 10.03125
112.0 9.8359375
113.0 10.046875
114.0 9.375
115.0 9.4921875
116.0 9.953125
117.0 9.7890625
118.0 9.9921875
119.0 9.9375
120.0 10.1015625
121.0 9.8984375
122.0 10.03125
123.0 10.0
124.0 9.6640625
125.0 9.7421875
126.0 9.578125
127.0 7.9140625
128.0 10.859375
129.0 9.265625
130.0 9.7734375
131.0 9.6328125
132.0 9.484375
133.0 9.5546875
134.0 9.84375
135.0 9.8125
136.0 9.7421875
137.0 9.8984375
138.0 9.625
139.0 9.96875
140.0 9.8203125
141.0 4.890625
142.0 11.609375
143.0 13.2578125
144.0 10.078125
145.0 9.9296875
146.0 9.9921875
147.0 9.8203125
148.0 9.984375
149.0 10.171875
150.0 10.015625
151.0 9.875
152.0 6.796875
153.0 13.03125
154.0 10.203125
155.0 10.1328125
156.0 6.5859375
157.0 13.171875
158.0 10.046875
159.0 9.9609375
160.0 9.9921875
161.0 10.015625
162.0 9.8046875
163.0 9.984375
164.0 10.0546875
165.0 10.0546875
166.0 6.8359375
167.0 13.203125
168.0 9.96875
169.0 9.7734375
170.0 10.0234375
171.0 9.8515625
172.0 9.7890625
173.0 9.8359375
174.0 10.25
175.0 10.140625
176.0 10.0546875
177.0 9.8125
178.0 10.1484375
179.0 9.96875
180.0 9.96875
181.0 9.7421875
182.0 9.1796875
183.0 9.7578125
184.0 9.8203125
185.0 9.578125
186.0 7.484375
187.0 8.1484375
188.0 9.609375
189.0 9.2421875
190.0 6.8671875
191.0 13.0546875
192.0 10.0
193.0 9.8515625
194.0 10.0234375
195.0 9.609375
196.0 10.0703125
197.0 9.65625
198.0 9.875
199.0 9.8671875
200.0 10.1953125
201.0 9.6328125
202.0 9.890625
203.0 9.8203125
204.0 6.78125
205.0 13.0546875
206.0 9.546875
207.0 10.046875
208.0 10.0234375
209.0 10.2578125
210.0 9.875
211.0 10.0234375
212.0 9.7578125
213.0 10.28125
214.0 9.921875
215.0 10.1171875
216.0 10.0234375
217.0 9.8359375
218.0 9.78125
219.0 10.0
220.0 9.515625
221.0 9.875
222.0 9.34375
223.0 10.375
224.0 9.78125
225.0 9.9921875
226.0 10.0703125
227.0 9.8984375
228.0 9.578125
229.0 9.7578125
230.0 10.0
231.0 9.9921875
232.0 6.796875
233.0 12.859375
234.0 9.9296875
235.0 9.640625
236.0 6.8125
237.0 13.1796875
238.0 9.90625
239.0 9.9921875
240.0 9.8359375
241.0 9.640625
242.0 9.609375
243.0 9.84375
244.0 9.78125
245.0 9.6640625
246.0 10.046875
247.0 9.4921875
248.0 6.6484375
249.0 13.203125
250.0 10.4765625
251.0 9.671875
252.0 9.6875
253.0 9.84375
254.0 9.953125
255.0 9.546875
256.0 9.515625
257.0 9.671875
258.0 10.1640625
259.0 9.7578125
260.0 6.6484375
261.0 11.9921875
262.0 9.703125
263.0 10.0
264.0 9.390625
265.0 9.7734375
266.0 9.328125
267.0 9.2421875
268.0 9.1953125
269.0 8.796875
270.0 6.734375
271.0 11.6875
272.0 9.359375
273.0 9.3359375
274.0 9.671875
275.0 9.625
276.0 9.65625
277.0 9.5546875
278.0 9.4140625
279.0 9.7421875
280.0 9.8046875
281.0 9.8203125
282.0 9.8515625
283.0 10.1015625
284.0 9.421875
285.0 10.046875
286.0 9.953125
287.0 9.71875
288.0 9.484375
289.0 4.5078125
290.0 14.4375
291.0 9.890625
292.0 9.9375
293.0 9.9609375
294.0 9.9296875
295.0 9.75
296.0 10.1328125
297.0 9.7578125
298.0 8.2578125
299.0 9.4765625
300.0 9.5234375
301.0 9.890625
302.0 9.59375
303.0 9.1953125
304.0 9.296875
305.0 9.046875
306.0 9.34375
307.0 9.296875
308.0 9.953125
309.0 10.078125
310.0 9.84375
311.0 9.96875
312.0 9.71875
313.0 9.9921875
314.0 9.640625
315.0 9.78125
316.0 10.1640625
317.0 9.3984375
318.0 6.734375
319.0 13.0
320.0 6.8046875
321.0 12.734375
322.0 9.9921875
323.0 9.6640625
324.0 9.8515625
325.0 9.296875
326.0 9.78125
327.0 9.7890625
328.0 6.9921875
329.0 12.9296875
330.0 6.78125
331.0 12.734375
332.0 9.75
333.0 9.8203125
334.0 9.7421875
335.0 9.90625
336.0 9.9921875
337.0 9.921875
338.0 9.7890625
339.0 9.8984375
340.0 9.75
341.0 9.7734375
342.0 9.546875
343.0 9.5234375
344.0 9.59375
345.0 9.609375
346.0 9.3359375
347.0 9.6015625
348.0 9.125
349.0 9.4453125
350.0 6.7421875
351.0 12.3125
352.0 9.046875
353.0 9.484375
354.0 9.8046875
355.0 9.4296875
356.0 9.7734375
357.0 9.609375
358.0 9.6640625
359.0 9.296875
360.0 9.078125
361.0 9.0078125
362.0 9.609375
363.0 9.8125
364.0 9.3671875
365.0 3.703125
366.0 14.0625
367.0 9.125
368.0 4.484375
369.0 14.421875
370.0 9.6875
371.0 9.125
372.0 9.8984375
373.0 9.2734375
374.0 8.2890625
375.0 7.8203125
376.0 9.9921875
377.0 7.6953125
378.0 6.03125
379.0 6.7734375
380.0 8.2421875
381.0 7.2734375
382.0 9.0078125
383.0 9.3359375
384.0 8.6796875
385.0 7.09375
386.0 6.9296875
387.0 8.4609375
388.0 8.9375
389.0 9.328125
390.0 7.9453125
391.0 6.2109375
392.0 8.2890625
393.0 9.4296875
394.0 9.3125
395.0 9.5546875
396.0 9.84375
397.0 9.3125
398.0 9.4921875
399.0 9.65625
400.0 9.2265625
401.0 5.484375
402.0 13.484375
403.0 9.546875
404.0 9.1796875
405.0 9.4453125
406.0 9.3125
407.0 9.125
408.0 6.234375
409.0 10.9375
410.0 10.28125
411.0 9.0
412.0 9.59375
413.0 9.8671875
414.0 10.203125
415.0 10.0234375
416.0 10.0546875
417.0 9.6953125
418.0 9.8515625
419.0 9.515625
420.0 9.640625
421.0 10.140625
422.0 10.046875
423.0 9.8203125
424.0 9.8984375
425.0 7.4609375
426.0 12.3984375
427.0 9.8984375
428.0 6.9296875
429.0 12.7421875
430.0 10.0546875
431.0 10.109375
432.0 9.9296875
433.0 9.921875
434.0 6.8671875
435.0 12.4296875
436.0 6.6796875
437.0 12.5
438.0 9.640625
439.0 9.875
440.0 10.0
441.0 9.8515625
442.0 9.671875
443.0 9.390625
444.0 9.8359375
445.0 9.4609375
446.0 9.4140625
447.0 9.328125
448.0 9.9296875
449.0 9.984375
450.0 6.8671875
451.0 12.90625
452.0 9.8671875
453.0 9.890625
454.0 9.7734375
455.0 10.109375
456.0 8.703125
457.0 10.7578125
458.0 9.8203125
459.0 9.8984375
460.0 6.8125
461.0 12.6953125
462.0 9.96875
463.0 9.59375
464.0 10.0546875
465.0 10.03125
466.0 9.9296875
467.0 10.1171875
468.0 7.0078125
469.0 13.3671875
470.0 10.1796875
471.0 9.8125
472.0 9.7734375
473.0 9.84375
474.0 9.96875
475.0 9.84375
476.0 9.578125
477.0 9.0703125
478.0 7.6953125
479.0 7.8515625
480.0 9.375
481.0 9.078125
482.0 9.8671875
483.0 10.046875
484.0 9.8203125
485.0 9.5234375
486.0 10.03125
487.0 9.2734375
488.0 10.03125
489.0 9.359375
490.0 9.9296875
491.0 9.5390625
492.0 9.9921875
493.0 9.984375
494.0 9.9375
495.0 9.90625
496.0 9.6953125
497.0 9.84375
498.0 9.7421875
499.0 9.71875
500.0 9.8203125
501.0 10.1484375
502.0 10.0703125
503.0 10.3828125
504.0 9.953125
505.0 9.953125
506.0 9.7890625
507.0 9.9375
508.0 6.46875
509.0 13.3359375
510.0 6.7109375
511.0 12.2578125
512.0 10.03125
513.0 9.921875
514.0 9.7734375
515.0 9.7421875
516.0 10.0
517.0 9.7734375
518.0 9.921875
519.0 9.8359375
520.0 9.9296875
521.0 9.96875
522.0 9.75
523.0 10.1171875
524.0 9.8203125
525.0 4.84375
526.0 11.90625
527.0 13.03125
528.0 9.8671875
529.0 9.7890625
530.0 9.8359375
531.0 9.875
532.0 9.6640625
533.0 9.9609375
534.0 10.078125
535.0 9.7421875
536.0 9.890625
537.0 9.6640625
538.0 10.140625
539.0 9.65625
540.0 8.828125
541.0 10.734375
542.0 10.4140625
543.0 10.015625
544.0 6.4453125
545.0 13.3046875
546.0 9.8984375
547.0 9.8125
548.0 9.8359375
549.0 9.8671875
550.0 9.9375
551.0 10.046875
552.0 9.90625
553.0 9.7890625
554.0 9.96875
555.0 9.84375
556.0 10.2578125
557.0 6.53125
558.0 12.0546875
559.0 9.9609375
560.0 10.015625
561.0 9.6953125
562.0 10.1171875
563.0 10.21875
564.0 10.296875
565.0 10.1484375
566.0 9.6953125
567.0 9.8046875
568.0 10.21875
569.0 9.953125
570.0 6.7734375
571.0 13.0546875
572.0 9.78125
573.0 9.5546875
574.0 9.703125
575.0 9.875
576.0 10.171875
577.0 10.1640625
578.0 10.203125
579.0 9.625
580.0 9.875
581.0 10.1953125
582.0 9.7890625
583.0 9.5234375
584.0 9.8984375
585.0 9.8359375
586.0 10.015625
587.0 9.8671875
588.0 9.6953125
589.0 10.0
590.0 5.859375
591.0 13.6484375
592.0 9.375
593.0 9.90625
594.0 9.96875
595.0 9.8984375
596.0 9.9296875
597.0 9.953125
598.0 9.8515625
599.0 9.6875
