0.0 0.390625
1.0 0.0
2.0 6.625
3.0 2.9921875
4.0 2.3125
5.0 3.5625
6.0 2.953125
7.0 2.953125
8.0 2.96875
9.0 2.9921875
10.0 2.8671875
11.0 2.90625
12.0 3.0390625
13.0 3.015625
14.0 2.9296875
15.0 2.96875
16.0 2.921875
17.0 2.96875
18.0 2.6328125
19.0 0.0
20.0 6.265625
21.0 2.921875
22.0 2.953125
23.0 2.90625
24.0 2.5703125
25.0 0.0
26.0 6.40625
27.0 2.9296875
28.0 3.1640625
29.0 3.1328125
30.0 3.2265625
31.0 3.171875
32.0 3.3125
33.0 2.96875
34.0 2.953125
35.0 2.4296875
36.0 0.0
37.0 6.8125
38.0 1.703125
39.0 4.3515625
40.0 3.0390625
41.0 3.171875
42.0 3.140625
43.0 3.078125
44.0 3.046875
45.0 3.0234375
46.0 2.890625
47.0 2.9375
48.0 2.953125
49.0 2.9375
50.0 2.984375
51.0 2.953125
52.0 1.3515625
53.0 0.125
54.0 6.2734375
55.0 1.2890625
56.0 2.6328125
57.0 2.953125
58.0 3.0390625
59.0 2.7109375
60.0 3.234375
61.0 3.0703125
62.0 2.9921875
63.0 3.0234375
64.0 3.078125
65.0 3.0
66.0 3.0859375
67.0 3.078125
68.0 2.96875
69.0 3.015625
70.0 3.140625
71.0 3.015625
72.0 3.0390625
73.0 3.0234375
74.0 2.9375
75.0 0.359375
76.0 1.9375
77.0 5.96875
78.0 0.6875
79.0 2.96875
80.0 3.1015625
81.0 3.109375
82.0 2.953125
83.0 2.9296875
84.0 2.984375
85.0 3.0703125
86.0 2.9609375
87.0 3.0390625
88.0 1.171875
89.0 4.9453125
90.0 3.0
91.0 2.9296875
92.0 2.96875
93.0 2.984375
94.0 2.890625
95.0 2.8125
96.0 1.40625
97.0 0.0
98.0 7.484375
99.0 3.0546875
100.0 1.5703125
101.0 4.328125
102.0 2.0
103.0 3.9765625
104.0 3.0390625
105.0 2.7734375
106.0 2.8984375
107.0 2.8359375
108.0 2.96875
109.0 2.890625
110.0 2.90625
111.0 2.7890625
112.0 2.8359375
113.0 2.8671875
114.0 2.84375
115.0 2.921875
116.0 3.0390625
117.0 0.4921875
118.0 5.25
119.0 3.1484375
120.0 1.9453125
121.0 3.9921875
122.0 3.1328125
123.0 2.875
124.0 3.078125
125.0 2.984375
126.0 3.0
127.0 3.0
128.0 2.921875
129.0 3.140625
130.0 3.015625
131.0 3.078125
132.0 3.078125
133.0 3.109375
134.0 2.8515625
135.0 0.0
136.0 5.875
137.0 2.28125
138.0 0.6015625
139.0 2.9921875
140.0 2.875
141.0 3.0703125
142.0 2.9921875
143.0 2.8984375
144.0 2.8984375
145.0 2.7734375
146.0 2.78125
147.0 2.984375
148.0 0.0
149.0 6.2734375
150.0 3.0
151.0 2.9609375
152.0 2.96875
153.0 2.1640625
154.0 0.0
155.0 6.6171875
156.0 3.1484375
157.0 2.9921875
158.0 3.0703125
159.0 3.1015625
160.0 2.9609375
161.0 3.0234375
162.0 3.015625
163.0 3.0390625
164.0 3.015625
165.0 1.609375
166.0 4.390625
167.0 2.984375
168.0 3.078125
169.0 3.015625
170.0 3.015625
171.0 3.0390625
172.0 3.0703125
173.0 3.1328125
174.0 3.015625
175.0 3.0390625
176.0 3.0546875
177.0 2.1953125
178.0 0.0
179.0 6.78125
180.0 2.9609375
181.0 2.78125
182.0 2.484375
183.0 2.90625
184.0 2.8515625
185.0 0.0
186.0 6.15625
187.0 3.1171875
188.0 3.046875
189.0 3.0
190.0 3.015625
191.0 2.71875
192.0 3.0
193.0 2.9921875
194.0 3.015625
195.0 2.8984375
196.0 2.96875
197.0 3.0
198.0 1.765625
199.0 0.0
200.0 7.109375
201.0 2.921875
202.0 2.9609375
203.0 1.4609375
204.0 0.09375
205.0 7.4375
206.0 3.078125
207.0 3.0
208.0 2.9296875
209.0 2.953125
210.0 3.0234375
211.0 3.0234375
212.0 2.96875
213.0 2.953125
214.0 2.921875
215.0 2.9921875
216.0 2.90625
217.0 0.0
218.0 5.84375
219.0 2.8984375
220.0 2.9375
221.0 2.984375
222.0 2.984375
223.0 2.1171875
224.0 0.0
225.0 6.4375
226.0 2.921875
227.0 2.8984375
228.0 2.8125
229.0 2.8125
230.0 2.328125
231.0 0.0
232.0 6.484375
233.0 2.8515625
234.0 2.9609375
235.0 2.921875
236.0 2.8203125
237.0 2.78125
238.0 2.8671875
239.0 2.953125
240.0 2.953125
241.0 2.8046875
242.0 2.4296875
243.0 0.0
244.0 4.6484375
245.0 4.71875
246.0 2.953125
247.0 2.9921875
248.0 2.953125
249.0 2.96875
250.0 2.8515625
251.0 2.96875
252.0 2.9375
253.0 2.90625
254.0 3.0
255.0 2.9609375
256.0 3.0390625
257.0 3.0703125
258.0 2.25
259.0 0.0
260.0 6.84375
261.0 2.9609375
262.0 3.0234375
263.0 2.9609375
264.0 3.0234375
265.0 2.390625
266.0 0.0
267.0 6.5390625
268.0 3.0859375
269.0 3.0859375
270.0 3.1015625
271.0 2.9921875
272.0 3.0390625
273.0 2.9921875
274.0 1.9765625
275.0 4.09375
276.0 3.078125
277.0 3.0703125
278.0 3.0703125
279.0 3.0546875
280.0 2.96875
281.0 2.9375
282.0 2.03125
283.0 0.0
284.0 7.078125
285.0 2.046875
286.0 3.953125
287.0 2.921875
288.0 2.9921875
289.0 3.015625
290.0 2.8359375
291.0 2.984375
292.0 3.0546875
293.0 2.953125
294.0 2.8984375
295.0 3.015625
296.0 2.0390625
297.0 4.0234375
298.0 3.046875
299.0 2.9921875
300.0 3.046875
301.0 2.4296875
302.0 3.6953125
303.0 2.9921875
304.0 2.9921875
305.0 3.0234375
306.0 2.7890625
307.0 2.9375
308.0 2.953125
309.0 2.8515625
310.0 3.0390625
311.0 2.7734375
312.0 1.9140625
313.0 3.7421875
314.0 2.9375
315.0 2.9609375
316.0 2.90625
317.0 3.078125
318.0 3.0390625
319.0 2.7578125
320.0 2.8359375
321.0 2.9296875
322.0 2.84375
323.0 2.953125
324.0 2.8671875
325.0 2.8984375
326.0 2.7734375
327.0 1.171875
328.0 0.0
329.0 7.3203125
330.0 2.8203125
331.0 2.7890625
332.0 2.8984375
333.0 2.75
334.0 0.640625
335.0 5.203125
336.0 3.046875
337.0 2.71875
338.0 2.4765625
339.0 2.75
340.0 2.96875
341.0 2.9921875
342.0 3.0390625
343.0 2.9609375
344.0 2.7265625
345.0 2.84375
346.0 2.953125
347.0 2.0078125
348.0 0.0
349.0 6.84375
350.0 3.078125
351.0 3.0
352.0 3.0390625
353.0 2.9375
354.0 2.953125
355.0 1.0859375
356.0 0.1015625
357.0 7.5234375
358.0 2.921875
359.0 2.96875
360.0 2.9375
361.0 2.9921875
362.0 3.0
363.0 2.8984375
364.0 3.015625
365.0 3.0390625
366.0 2.953125
367.0 2.9921875
368.0 1.71875
369.0 0.0
370.0 7.359375
371.0 2.9921875
372.0 2.9296875
373.0 3.0234375
374.0 2.7890625
375.0 0.25
376.0 5.796875
377.0 3.015625
378.0 3.046875
379.0 3.0546875
380.0 2.9609375
381.0 2.9921875
382.0 3.109375
383.0 3.0859375
384.0 2.96875
385.0 3.0859375
386.0 2.9921875
387.0 2.8671875
388.0 0.0
389.0 6.3359375
390.0 3.0703125
391.0 2.890625
392.0 2.9296875
393.0 0.0
394.0 5.0859375
395.0 3.0234375
396.0 3.078125
397.0 3.046875
398.0 3.0
399.0 3.0390625
400.0 3.0390625
401.0 3.0390625
402.0 3.078125
403.0 3.046875
404.0 3.015625
405.0 2.96875
406.0 2.8515625
407.0 0.0
408.0 6.1171875
409.0 2.9375
410.0 2.890625
411.0 2.96875
412.0 2.9921875
413.0 0.734375
414.0 5.2578125
415.0 3.1015625
416.0 2.96875
417.0 3.015625
418.0 2.984375
419.0 2.96875
420.0 3.21875
421.0 2.96875
422.0 3.0703125
423.0 2.90625
424.0 2.984375
425.0 2.515625
426.0 0.0
427.0 6.265625
428.0 3.046875
429.0 2.84375
430.0 2.9609375
431.0 3.0546875
432.0 3.0
433.0 0.09375
434.0 5.7890625
435.0 2.8984375
436.0 1.96875
437.0 4.15625
438.0 1.9140625
439.0 4.0078125
440.0 2.984375
441.0 2.8515625
442.0 2.984375
443.0 3.015625
444.0 3.0
445.0 3.0234375
446.0 1.890625
447.0 3.8828125
448.0 2.953125
449.0 3.0
450.0 3.0
451.0 2.9375
452.0 3.015625
453.0 3.015625
454.0 2.0078125
455.0 4.1328125
456.0 3.0859375
457.0 3.1015625
458.0 2.9375
459.0 3.234375
460.0 3.0703125
461.0 2.96875
462.0 3.015625
463.0 3.0546875
464.0 2.984375
465.0 3.0546875
466.0 2.96875
467.0 2.96875
468.0 3.0
469.0 1.1953125
470.0 4.90625
471.0 2.6640625
472.0 0.6171875
473.0 3.1953125
474.0 3.0234375
475.0 3.0703125
476.0 2.921875
477.0 2.96875
478.0 3.046875
479.0 3.0
480.0 3.0390625
481.0 3.046875
482.0 0.34375
483.0 5.703125
484.0 2.9921875
485.0 2.9296875
486.0 3.0546875
487.0 2.96875
488.0 2.1796875
489.0 0.0
490.0 5.84375
491.0 3.8828125
492.0 2.984375
493.0 3.0859375
494.0 3.0234375
495.0 3.0703125
496.0 2.9921875
497.0 3.0390625
498.0 2.984375
499.0 3.0390625
500.0 2.9609375
501.0 2.9296875
502.0 2.984375
503.0 3.046875
504.0 2.5078125
505.0 0.0
506.0 6.3515625
507.0 3.0390625
508.0 2.953125
509.0 2.984375
510.0 2.7578125
511.0 2.96875
512.0 1.03125
513.0 5.078125
514.0 3.0
515.0 3.015625
516.0 3.0703125
517.0 3.015625
518.0 2.984375
519.0 3.0390625
520.0 3.0234375
521.0 3.0
522.0 2.9921875
523.0 2.96875
524.0 2.921875
525.0 3.1015625
526.0 0.3125
527.0 5.765625
528.0 2.9609375
529.0 3.0
530.0 2.84375
531.0 2.015625
532.0 0.0
533.0 7.0078125
534.0 3.0
535.0 3.1015625
536.0 3.0703125
537.0 2.7578125
538.0 2.96875
539.0 3.078125
540.0 3.1015625
541.0 3.0546875
542.0 2.953125
543.0 3.0
544.0 3.0
545.0 1.0625
546.0 0.3359375
547.0 7.546875
548.0 2.953125
549.0 3.046875
550.0 2.953125
551.0 2.3671875
552.0 0.0
553.0 6.5546875
554.0 3.0546875
555.0 2.9921875
556.0 3.015625
557.0 2.671875
558.0 0.0
559.0 6.421875
560.0 3.0859375
561.0 2.9375
562.0 2.9296875
563.0 2.96875
564.0 3.0
565.0 2.953125
566.0 3.0859375
567.0 3.015625
568.0 3.0234375
569.0 2.9609375
570.0 2.984375
571.0 2.2734375
572.0 0.0
573.0 6.6640625
574.0 3.109375
575.0 3.046875
576.0 3.0
577.0 2.96875
578.0 1.0234375
579.0 1.5703125
580.0 6.3203125
581.0 3.0859375
582.0 3.046875
583.0 2.96875
584.0 2.921875
585.0 2.9921875
586.0 1.9453125
587.0 3.9765625
588.0 1.9453125
589.0 3.921875
590.0 3.0
591.0 2.9609375
592.0 1.8984375
593.0 3.96875
594.0 2.0078125
595.0 3.84375
596.0 2.90625
597.0 2.96875
598.0 3.015625
599.0 3.0
