0.0 0.7578125
1.0 7.546875
2.0 4.421875
3.0 4.265625
4.0 4.1015625
5.0 4.0625
6.0 4.2421875
7.0 4.2734375
8.0 4.28125
9.0 3.234375
10.0 2.8984375
11.0 2.8515625
12.0 2.3046875
13.0 5.078125
14.0 3.0390625
15.0 2.78125
16.0 2.875
17.0 2.875
18.0 2.953125
19.0 0.5390625
20.0 5.46875
21.0 3.25
22.0 2.78125
23.0 2.8203125
24.0 0.0
25.0 6.5390625
26.0 3.140625
27.0 3.375
28.0 2.96875
29.0 2.015625
30.0 2.1171875
31.0 2.1171875
32.0 2.3671875
33.0 4.15625
34.0 4.0703125
35.0 4.0625
36.0 4.171875
37.0 4.1015625
38.0 0.484375
39.0 7.9921875
40.0 4.1328125
41.0 4.0390625
42.0 3.4609375
43.0 0.3125
44.0 8.765625
45.0 4.3671875
46.0 4.3671875
47.0 1.9453125
48.0 6.78125
49.0 4.328125
50.0 4.296875
51.0 4.3203125
52.0 4.4453125
53.0 4.203125
54.0 4.21875
55.0 4.265625
56.0 4.3671875
57.0 4.125
58.0 4.25
59.0 4.1796875
60.0 3.90625
61.0 0.0
62.0 8.7734375
63.0 4.21875
64.0 4.171875
65.0 4.1015625
66.0 4.15625
67.0 1.234375
68.0 7.3046875
69.0 4.171875
70.0 4.21875
71.0 4.2734375
72.0 4.453125
73.0 4.3515625
74.0 4.359375
75.0 4.296875
76.0 4.21875
77.0 4.359375
78.0 4.234375
79.0 4.390625
80.0 1.0
81.0 7.640625
82.0 4.4765625
83.0 4.2734375
84.0 4.25
85.0 1.375
86.0 7.3671875
87.0 4.5390625
88.0 4.3203125
89.0 4.2109375
90.0 4.390625
91.0 4.359375
92.0 4.53125
93.0 4.28125
94.0 4.390625
95.0 4.5078125
96.0 4.390625
97.0 0.4375
98.0 8.359375
99.0 4.296875
100.0 4.453125
101.0 4.3828125
102.0 4.5390625
103.0 4.3203125
104.0 4.359375
105.0 4.3984375
106.0 4.2734375
107.0 4.453125
108.0 0.9296875
109.0 8.1328125
110.0 4.5625
111.0 4.46875
112.0 4.3828125
113.0 4.7109375
114.0 4.453125
115.0 4.359375
116.0 4.4453125
117.0 4.3203125
118.0 4.4140625
119.0 2.0
120.0 6.9609375
121.0 4.265625
122.0 4.3046875
123.0 4.4765625
124.0 4.3671875
125.0 4.5
126.0 4.390625
127.0 2.421875
128.0 6.6171875
129.0 4.3828125
130.0 4.3203125
131.0 1.9140625
132.0 6.859375
133.0 2.015625
134.0 6.828125
135.0 3.6796875
136.0 5.203125
137.0 4.453125
138.0 4.3984375
139.0 4.328125
140.0 4.390625
141.0 4.3671875
142.0 4.25
143.0 4.28125
144.0 4.3515625
145.0 4.4453125
146.0 4.421875
147.0 4.390625
148.0 4.3671875
149.0 4.4140625
150.0 4.5390625
151.0 4.5
152.0 4.3984375
153.0 4.5078125
154.0 4.3828125
155.0 2.34375
156.0 6.2265625
157.0 4.4296875
158.0 4.421875
159.0 4.3984375
160.0 4.3984375
161.0 0.5390625
162.0 8.015625
163.0 4.296875
164.0 4.296875
165.0 4.296875
166.0 4.3671875
167.0 4.3671875
168.0 4.421875
169.0 4.25
170.0 4.234375
171.0 4.4140625
172.0 4.28125
173.0 3.734375
174.0 0.03125
175.0 8.890625
176.0 4.328125
177.0 4.3203125
178.0 4.3515625
179.0 3.265625
180.0 5.453125
181.0 4.4453125
182.0 4.3203125
183.0 4.4453125
184.0 4.2109375
185.0 4.3359375
186.0 4.3984375
187.0 4.3359375
188.0 4.3671875
189.0 4.1328125
190.0 4.0546875
191.0 4.1875
192.0 3.6484375
193.0 0.0
194.0 9.0703125
195.0 4.390625
196.0 4.15625
197.0 3.4609375
198.0 5.078125
199.0 4.234375
200.0 4.3984375
201.0 4.28125
202.0 4.3359375
203.0 4.3984375
204.0 4.2109375
205.0 0.5234375
206.0 7.8359375
207.0 4.21875
208.0 4.2421875
209.0 4.390625
210.0 4.25
211.0 4.0390625
212.0 4.15625
213.0 4.3046875
214.0 4.421875
215.0 4.1796875
216.0 4.25
217.0 4.3828125
218.0 4.1875
219.0 1.140625
220.0 7.40625
221.0 4.3046875
222.0 4.1328125
223.0 3.546875
224.0 5.25
225.0 4.171875
226.0 4.3203125
227.0 4.3203125
228.0 4.3984375
229.0 4.265625
230.0 4.3203125
231.0 4.0625
232.0 4.359375
233.0 4.4453125
234.0 4.3515625
235.0 4.453125
236.0 4.453125
237.0 0.7890625
238.0 8.109375
239.0 4.421875
240.0 4.4765625
241.0 4.4765625
242.0 4.453125
243.0 0.2265625
244.0 8.390625
245.0 4.2421875
246.0 4.53125
247.0 4.3203125
248.0 4.421875
249.0 4.3984375
250.0 4.3515625
251.0 4.25
252.0 4.484375
253.0 4.5
254.0 4.296875
255.0 1.421875
256.0 7.3359375
257.0 4.46875
258.0 4.4140625
259.0 4.4765625
260.0 4.2109375
261.0 3.6171875
262.0 4.859375
263.0 4.21875
264.0 4.28125
265.0 4.21875
266.0 4.3515625
267.0 4.3046875
268.0 4.3515625
269.0 4.21875
270.0 4.3515625
271.0 4.453125
272.0 4.4140625
273.0 4.4296875
274.0 3.671875
275.0 5.3515625
276.0 4.46875
277.0 4.328125
278.0 4.4140625
279.0 4.125
280.0 2.7734375
281.0 6.0
282.0 4.359375
283.0 4.03125
284.0 4.2109375
285.0 4.1328125
286.0 4.328125
287.0 4.3203125
288.0 4.4765625
289.0 4.5
290.0 4.296875
291.0 4.3984375
292.0 4.5625
293.0 3.4765625
294.0 0.390625
295.0 9.0703125
296.0 4.5078125
297.0 4.3828125
298.0 4.0859375
299.0 0.2890625
300.0 8.890625
301.0 4.359375
302.0 4.3828125
303.0 4.2109375
304.0 4.3984375
305.0 4.4140625
306.0 4.46875
307.0 4.46875
308.0 4.3515625
309.0 4.6015625
310.0 4.5390625
311.0 2.234375
312.0 6.59375
313.0 4.453125
314.0 3.46875
315.0 2.4609375
316.0 5.5
317.0 4.15625
318.0 4.4765625
319.0 4.21875
320.0 4.3671875
321.0 4.46875
322.0 4.3203125
323.0 4.3828125
324.0 4.484375
325.0 4.328125
326.0 4.53125
327.0 4.5
328.0 4.3984375
329.0 0.6640625
330.0 8.203125
331.0 4.3671875
332.0 4.4453125
333.0 4.3515625
334.0 4.359375
335.0 3.1328125
336.0 5.671875
337.0 4.3515625
338.0 4.515625
339.0 4.4296875
340.0 4.3828125
341.0 4.53125
342.0 4.53125
343.0 4.53125
344.0 4.3203125
345.0 4.4140625
346.0 4.3984375
347.0 4.25
348.0 2.7421875
349.0 6.1796875
350.0 4.4453125
351.0 4.328125
352.0 4.5078125
353.0 4.1015625
354.0 0.0
355.0 9.1171875
356.0 4.3828125
357.0 4.3359375
358.0 4.203125
359.0 4.234375
360.0 4.3203125
361.0 4.0703125
362.0 4.3359375
363.0 4.3046875
364.0 4.484375
365.0 4.3828125
366.0 1.8828125
367.0 6.984375
368.0 4.25
369.0 4.359375
370.0 4.28125
371.0 4.3671875
372.0 4.359375
373.0 4.0625
374.0 0.2109375
375.0 8.4609375
376.0 4.296875
377.0 4.3984375
378.0 4.4453125
379.0 2.0078125
380.0 6.6640625
381.0 4.46875
382.0 4.28125
383.0 4.3671875
384.0 4.2421875
385.0 4.21875
386.0 3.875
387.0 4.203125
388.0 4.25
389.0 4.4765625
390.0 4.3828125
391.0 4.234375
392.0 3.859375
393.0 0.0
394.0 8.703125
395.0 4.25
396.0 4.15625
397.0 4.1328125
398.0 4.2109375
399.0 0.46875
400.0 7.9375
401.0 4.2421875
402.0 4.0234375
403.0 4.0703125
404.0 4.0625
405.0 4.09375
406.0 4.265625
407.0 3.8203125
408.0 4.0859375
409.0 4.0703125
410.0 3.890625
411.0 1.8515625
412.0 6.0859375
413.0 4.1484375
414.0 4.21875
415.0 4.09375
416.0 4.1328125
417.0 4.15625
418.0 4.0625
419.0 4.1015625
420.0 4.0703125
421.0 1.890625
422.0 6.1796875
423.0 4.0390625
424.0 4.1328125
425.0 4.125
426.0 4.09375
427.0 4.0390625
428.0 4.15625
429.0 4.1015625
430.0 4.1796875
431.0 4.15625
432.0 4.1328125
433.0 4.171875
434.0 1.4921875
435.0 6.8828125
436.0 4.0
437.0 4.1015625
438.0 4.2109375
439.0 0.9453125
440.0 7.359375
441.0 4.1484375
442.0 4.0234375
443.0 4.03125
444.0 3.953125
445.0 4.1328125
446.0 4.0390625
447.0 4.1328125
448.0 4.0546875
449.0 4.0859375
450.0 4.0078125
451.0 4.09375
452.0 2.09375
453.0 6.234375
454.0 4.0234375
455.0 4.265625
456.0 4.2109375
457.0 3.4453125
458.0 0.2890625
459.0 8.640625
460.0 4.1015625
461.0 4.0703125
462.0 4.0625
463.0 4.1796875
464.0 4.0703125
465.0 4.125
466.0 4.171875
467.0 4.203125
468.0 4.21875
469.0 4.125
470.0 0.421875
471.0 7.84375
472.0 4.1484375
473.0 4.3046875
474.0 4.1328125
475.0 4.21875
476.0 4.1171875
477.0 4.0546875
478.0 4.296875
479.0 4.1015625
480.0 4.203125
481.0 4.2421875
482.0 2.7734375
483.0 5.5859375
484.0 2.640625
485.0 5.8203125
486.0 4.3359375
487.0 4.2421875
488.0 4.3828125
489.0 4.25
490.0 4.3203125
491.0 4.2734375
492.0 4.3828125
493.0 4.3359375
494.0 4.296875
495.0 3.640625
496.0 3.953125
497.0 4.328125
498.0 1.5703125
499.0 6.8671875
500.0 4.203125
501.0 1.921875
502.0 6.7109375
503.0 4.4453125
504.0 4.46875
505.0 4.59375
506.0 4.2734375
507.0 4.421875
508.0 4.46875
509.0 4.203125
510.0 4.3671875
511.0 4.3359375
512.0 4.453125
513.0 4.328125
514.0 4.1015625
515.0 0.0
516.0 8.5
517.0 4.2109375
518.0 4.21875
519.0 4.25
520.0 0.7265625
521.0 8.015625
522.0 1.984375
523.0 6.6015625
524.0 4.359375
525.0 2.125
526.0 6.765625
527.0 4.296875
528.0 4.25
529.0 4.328125
530.0 4.2421875
531.0 4.3515625
532.0 4.3203125
533.0 4.328125
534.0 4.3984375
535.0 4.4453125
536.0 4.453125
537.0 4.515625
538.0 4.53125
539.0 3.0703125
540.0 5.4921875
541.0 4.453125
542.0 4.453125
543.0 4.3046875
544.0 0.0
545.0 8.7734375
546.0 4.1484375
547.0 4.3984375
548.0 4.234375
549.0 4.328125
550.0 4.46875
551.0 4.53125
552.0 4.4765625
553.0 4.4140625
554.0 2.2109375
555.0 6.5625
556.0 4.46875
557.0 4.203125
558.0 4.3671875
559.0 4.2734375
560.0 4.2734375
561.0 4.3359375
562.0 4.4765625
563.0 4.546875
564.0 4.4765625
565.0 4.3828125
566.0 4.3828125
567.0 2.6953125
568.0 6.0390625
569.0 4.4765625
570.0 4.4140625
571.0 4.578125
572.0 4.5078125
573.0 4.6484375
574.0 4.65625
575.0 4.5390625
576.0 4.46875
577.0 0.984375
578.0 8.234375
579.0 4.6640625
580.0 4.4765625
581.0 4.5078125
582.0 4.4453125
583.0 4.546875
584.0 4.4296875
585.0 0.5390625
586.0 8.1171875
587.0 4.484375
588.0 4.5625
589.0 4.546875
590.0 4.5625
591.0 4.515625
592.0 4.3671875
593.0 4.53125
594.0 4.3671875
595.0 4.4296875
596.0 4.4140625
597.0 4.4296875
598.0 0.7265625
599.0 7.9140625
