0.0 9.0078125
1.0 5.0078125
2.0 14.2734375
3.0 9.6640625
4.0 9.3359375
5.0 9.5703125
6.0 9.8046875
7.0 9.046875
8.0 6.6015625
9.0 12.3359375
10.0 9.0390625
11.0 9.1484375
12.0 8.8359375
13.0 8.796875
14.0 9.5546875
15.0 9.5078125
16.0 9.5546875
17.0 9.75
18.0 9.6953125
19.0 9.2734375
20.0 8.6015625
21.0 4.828125
22.0 8.7734375
23.0 9.5546875
24.0 9.671875
25.0 9.6640625
26.0 9.8046875
27.0 9.5703125
28.0 9.78125
29.0 9.578125
30.0 9.671875
31.0 9.4453125
32.0 9.6875
33.0 9.0390625
34.0 4.984375
35.0 14.0625
36.0 6.5625
37.0 12.6484375
38.0 9.3984375
39.0 9.4765625
40.0 9.421875
41.0 9.4140625
42.0 9.3359375
43.0 9.578125
44.0 9.328125
45.0 9.84375
46.0 6.5859375
47.0 12.3203125
48.0 9.5546875
49.0 9.4765625
50.0 9.3125
51.0 9.3359375
52.0 9.1640625
53.0 9.3671875
54.0 9.578125
55.0 9.3046875
56.0 9.03125
57.0 8.8515625
58.0 9.0
59.0 8.5234375
60.0 7.8671875
61.0 7.8203125
62.0 7.90625
63.0 7.9609375
64.0 7.8515625
65.0 7.7890625
66.0 7.6875
67.0 8.2578125
68.0 5.21875
69.0 10.3125
70.0 8.0859375
71.0 7.6015625
72.0 7.9296875
73.0 7.3046875
74.0 7.7890625
75.0 8.5859375
76.0 9.3125
77.0 9.65625
78.0 9.546875
79.0 9.2109375
80.0 9.2734375
81.0 9.34375
82.0 9.125
83.0 3.3984375
84.0 14.578125
85.0 8.4140625
86.0 4.3828125
87.0 11.59375
88.0 7.46875
89.0 7.6015625
90.0 7.4921875
91.0 8.859375
92.0 5.75
93.0 10.84375
94.0 9.6328125
95.0 6.0390625
96.0 6.5
97.0 7.8125
98.0 7.8671875
99.0 8.2265625
100.0 9.4921875
101.0 9.453125
102.0 8.53125
103.0 8.109375
104.0 7.6015625
105.0 8.5234375
106.0 7.65625
107.0 10.8828125
108.0 9.546875
109.0 9.4140625
110.0 9.78125
111.0 7.7578125
112.0 11.3046875
113.0 9.6328125
114.0 9.4921875
115.0 9.640625
116.0 9.1953125
117.0 9.28125
118.0 9.21875
119.0 9.421875
120.0 8.921875
121.0 8.75
122.0 9.390625
123.0 9.09375
124.0 9.4609375
125.0 9.265625
126.0 9.4609375
127.0 9.609375
128.0 9.4296875
129.0 9.546875
130.0 6.75
131.0 11.828125
132.0 9.0390625
133.0 9.359375
134.0 9.359375
135.0 9.0078125
136.0 8.8671875
137.0 9.578125
138.0 9.3046875
139.0 9.3671875
140.0 9.21875
141.0 9.1015625
142.0 9.2734375
143.0 9.0625
144.0 9.3984375
145.0 9.1796875
146.0 8.9765625
147.0 9.3359375
148.0 9.4296875
149.0 8.1484375
150.0 8.859375
151.0 9.515625
152.0 8.984375
153.0 9.1484375
154.0 5.5
155.0 11.7734375
156.0 8.65625
157.0 8.765625
158.0 9.546875
159.0 9.4453125
160.0 9.3125
161.0 9.328125
162.0 6.8125
163.0 12.4375
164.0 9.5234375
165.0 9.7734375
166.0 8.9375
167.0 9.4140625
168.0 9.3125
169.0 9.359375
170.0 7.8359375
171.0 7.078125
172.0 4.46875
173.0 8.8203125
174.0 7.125
175.0 6.0
176.0 6.109375
177.0 7.359375
178.0 9.015625
179.0 9.875
180.0 9.1015625
181.0 7.4609375
182.0 8.71875
183.0 8.8515625
184.0 8.2734375
185.0 8.953125
186.0 9.3125
187.0 6.6328125
188.0 11.9296875
189.0 9.3359375
190.0 9.8125
191.0 9.71875
192.0 5.484375
193.0 13.3671875
194.0 6.78125
195.0 12.53125
196.0 9.71875
197.0 9.5546875
198.0 9.296875
199.0 9.5546875
200.0 9.2734375
201.0 9.7265625
202.0 9.671875
203.0 9.78125
204.0 9.484375
205.0 9.7578125
206.0 9.4765625
207.0 9.25
208.0 9.265625
209.0 9.625
210.0 9.375
211.0 9.4296875
212.0 9.4921875
213.0 9.2265625
214.0 9.8984375
215.0 9.2109375
216.0 6.5859375
217.0 12.3046875
218.0 9.640625
219.0 9.4921875
220.0 9.390625
221.0 9.515625
222.0 9.4765625
223.0 9.7265625
224.0 9.4140625
225.0 9.390625
226.0 9.515625
227.0 9.609375
228.0 9.3046875
229.0 9.28125
230.0 9.296875
231.0 9.640625
232.0 9.34375
233.0 9.2734375
234.0 9.4609375
235.0 9.1328125
236.0 9.359375
237.0 9.640625
238.0 4.71875
239.0 14.6484375
240.0 9.8984375
241.0 9.7421875
242.0 9.7421875
243.0 9.5078125
244.0 9.890625
245.0 9.59375
246.0 9.2734375
247.0 9.046875
248.0 9.5078125
249.0 9.1875
250.0 9.046875
251.0 9.1484375
252.0 9.125
253.0 9.5390625
254.0 9.21875
255.0 7.0703125
256.0 12.0234375
257.0 9.890625
258.0 9.4921875
259.0 9.3984375
260.0 9.671875
261.0 9.625
262.0 7.984375
263.0 10.890625
264.0 9.2734375
265.0 8.984375
266.0 8.03125
267.0 7.78125
268.0 9.046875
269.0 9.453125
270.0 9.3671875
271.0 9.6640625
272.0 9.3359375
273.0 9.6875
274.0 9.640625
275.0 9.578125
276.0 9.7578125
277.0 9.25
278.0 9.28125
279.0 9.6953125
280.0 9.7265625
281.0 9.578125
282.0 9.0390625
283.0 8.8515625
284.0 10.015625
285.0 9.5234375
286.0 7.71875
287.0 9.75
288.0 9.1171875
289.0 9.21875
290.0 9.515625
291.0 9.0
292.0 8.203125
293.0 7.90625
294.0 9.3046875
295.0 9.1328125
296.0 8.7890625
297.0 9.09375
298.0 9.15625
299.0 9.2421875
300.0 5.3671875
301.0 12.5625
302.0 8.8671875
303.0 8.8203125
304.0 8.828125
305.0 8.8203125
306.0 9.15625
307.0 9.0390625
308.0 9.5078125
309.0 9.546875
310.0 9.328125
311.0 9.8203125
312.0 6.5625
313.0 11.84375
314.0 9.390625
315.0 9.7578125
316.0 9.6953125
317.0 9.25
318.0 9.2734375
319.0 9.0703125
320.0 8.890625
321.0 9.375
322.0 9.6640625
323.0 9.5078125
324.0 9.4765625
325.0 8.8671875
326.0 9.6953125
327.0 9.34375
328.0 9.4609375
329.0 8.6484375
330.0 8.765625
331.0 8.5
332.0 8.71875
333.0 8.71875
334.0 8.9375
335.0 9.3359375
336.0 9.3359375
337.0 9.4296875
338.0 9.421875
339.0 9.0078125
340.0 6.6171875
341.0 11.8125
342.0 9.21875
343.0 8.8671875
344.0 9.0078125
345.0 8.796875
346.0 8.671875
347.0 8.8359375
348.0 8.890625
349.0 9.1796875
350.0 6.4375
351.0 11.875
352.0 9.1328125
353.0 9.2109375
354.0 9.375
355.0 9.4921875
356.0 9.6328125
357.0 9.3984375
358.0 6.6484375
359.0 6.484375
360.0 9.1328125
361.0 8.921875
362.0 9.21875
363.0 9.296875
364.0 9.453125
365.0 9.4765625
366.0 9.453125
367.0 8.5078125
368.0 1.7109375
369.0 7.1640625
370.0 9.1640625
371.0 9.4765625
372.0 9.1875
373.0 9.21875
374.0 9.65625
375.0 9.0
376.0 9.0703125
377.0 9.8984375
378.0 9.3125
379.0 9.5546875
380.0 9.4609375
381.0 8.6875
382.0 8.6484375
383.0 9.0703125
384.0 9.1953125
385.0 8.8515625
386.0 8.8203125
387.0 9.1796875
388.0 9.5234375
389.0 9.75
390.0 9.7890625
391.0 9.875
392.0 9.7265625
393.0 9.6640625
394.0 9.421875
395.0 9.640625
396.0 9.7734375
397.0 9.5390625
398.0 9.59375
399.0 5.5625
400.0 13.7421875
401.0 9.8046875
402.0 6.4453125
403.0 12.140625
404.0 9.6875
405.0 9.5234375
406.0 9.375
407.0 9.4453125
408.0 6.125
409.0 12.375
410.0 9.578125
411.0 9.515625
412.0 9.5234375
413.0 9.6640625
414.0 9.3046875
415.0 9.3125
416.0 9.1953125
417.0 6.5
418.0 12.609375
419.0 9.8125
420.0 9.484375
421.0 9.5390625
422.0 9.4921875
423.0 9.515625
424.0 9.8515625
425.0 9.578125
426.0 9.5703125
427.0 9.3984375
428.0 9.296875
429.0 9.0390625
430.0 9.390625
431.0 9.546875
432.0 4.8671875
433.0 14.546875
434.0 9.484375
435.0 9.359375
436.0 6.59375
437.0 12.2265625
438.0 9.7421875
439.0 9.921875
440.0 9.78125
441.0 9.703125
442.0 9.875
443.0 9.75
444.0 9.65625
445.0 9.515625
446.0 9.4296875
447.0 9.6015625
448.0 9.078125
449.0 9.1015625
450.0 9.4609375
451.0 9.546875
452.0 9.546875
453.0 9.515625
454.0 6.0390625
455.0 13.4453125
456.0 6.8125
457.0 11.9921875
458.0 9.34375
459.0 9.515625
460.0 9.359375
461.0 9.6953125
462.0 9.5078125
463.0 9.3984375
464.0 9.4140625
465.0 9.4765625
466.0 9.625
467.0 9.375
468.0 9.4921875
469.0 9.5703125
470.0 9.2109375
471.0 4.203125
472.0 14.2265625
473.0 8.9375
474.0 6.8671875
475.0 11.171875
476.0 9.4765625
477.0 9.1796875
478.0 9.4140625
479.0 9.7578125
480.0 9.390625
481.0 9.453125
482.0 6.4140625
483.0 8.4140625
484.0 8.5078125
485.0 9.515625
486.0 9.1328125
487.0 9.078125
488.0 6.75
489.0 11.578125
490.0 9.59375
491.0 9.3359375
492.0 9.3359375
493.0 9.671875
494.0 9.1328125
495.0 9.1875
496.0 7.1328125
497.0 11.75
498.0 8.796875
499.0 9.453125
500.0 9.3984375
501.0 9.2109375
502.0 6.890625
503.0 11.90625
504.0 7.09375
505.0 11.921875
506.0 8.5859375
507.0 8.5546875
508.0 9.2421875
509.0 9.8671875
510.0 9.4609375
511.0 9.703125
512.0 9.5703125
513.0 9.1953125
514.0 9.84375
515.0 9.25
516.0 9.3671875
517.0 9.640625
518.0 9.1015625
519.0 9.1640625
520.0 9.4140625
521.0 9.21875
522.0 6.9453125
523.0 12.0859375
524.0 9.1875
525.0 8.9765625
526.0 9.453125
527.0 9.390625
528.0 9.453125
529.0 9.4453125
530.0 9.5703125
531.0 9.1953125
532.0 9.1640625
533.0 9.71875
534.0 9.421875
535.0 9.421875
536.0 7.7265625
537.0 7.640625
538.0 9.6015625
539.0 11.8984375
540.0 9.1171875
541.0 9.4921875
542.0 9.4609375
543.0 9.1875
544.0 9.1640625
545.0 9.578125
546.0 9.671875
547.0 9.421875
548.0 9.7421875
549.0 9.390625
550.0 9.0625
551.0 9.0
552.0 9.625
553.0 9.359375
554.0 9.8046875
555.0 9.4296875
556.0 9.671875
557.0 9.3671875
558.0 9.2734375
559.0 9.359375
560.0 9.6640625
561.0 9.359375
562.0 9.4296875
563.0 9.25
564.0 9.3046875
565.0 9.4921875
566.0 9.453125
567.0 9.515625
568.0 9.2109375
569.0 9.4453125
570.0 9.4765625
571.0 9.2109375
572.0 9.65625
573.0 9.6953125
574.0 9.5234375
575.0 9.625
576.0 3.9765625
577.0 14.7578125
578.0 9.5078125
579.0 4.9765625
580.0 13.5859375
581.0 9.5234375
582.0 9.2265625
583.0 9.7421875
584.0 6.859375
585.0 11.484375
586.0 9.296875
587.0 9.3125
588.0 9.8359375
589.0 9.1953125
590.0 9.390625
591.0 9.4765625
592.0 9.0
593.0 9.421875
594.0 9.4609375
595.0 9.2421875
596.0 9.546875
597.0 9.3984375
598.0 6.3359375
599.0 12.109375
