0.0 7.8671875
1.0 7.6328125
2.0 7.8515625
3.0 7.796875
4.0 7.7265625
5.0 8.0859375
6.0 7.6640625
7.0 8.1953125
8.0 2.8671875
9.0 13.0
10.0 8.1640625
11.0 8.1953125
12.0 8.1640625
13.0 8.234375
14.0 5.125
15.0 11.3828125
16.0 7.9140625
17.0 7.8203125
18.0 7.8203125
19.0 7.8671875
20.0 7.9296875
21.0 7.875
22.0 7.8359375
23.0 7.765625
24.0 7.734375
25.0 7.6328125
26.0 7.640625
27.0 7.6953125
28.0 7.8203125
29.0 7.875
30.0 8.0234375
31.0 8.140625
32.0 8.1484375
33.0 7.8125
34.0 8.2734375
35.0 8.140625
36.0 7.90625
37.0 7.8828125
38.0 7.875
39.0 8.046875
40.0 7.8984375
41.0 7.796875
42.0 7.78125
43.0 7.984375
44.0 7.7578125
45.0 7.90625
46.0 8.1328125
47.0 7.984375
48.0 8.1484375
49.0 7.90625
50.0 7.8359375
51.0 7.6015625
52.0 7.8359375
53.0 8.046875
54.0 8.0
55.0 8.1171875
56.0 7.796875
57.0 7.8984375
58.0 7.6640625
59.0 7.9609375
60.0 7.734375
61.0 7.78125
62.0 8.0234375
63.0 8.1640625
64.0 8.078125
65.0 7.453125
66.0 8.5234375
67.0 7.9609375
68.0 8.1953125
69.0 7.9296875
70.0 7.9296875
71.0 7.984375
72.0 7.6875
73.0 8.046875
74.0 7.6171875
75.0 7.6171875
76.0 7.6953125
77.0 7.7578125
78.0 7.796875
79.0 8.203125
80.0 7.7578125
81.0 8.1484375
82.0 8.0625
83.0 8.078125
84.0 7.8671875
85.0 8.1328125
86.0 8.09375
87.0 7.96875
88.0 7.8984375
89.0 7.8125
90.0 8.234375
91.0 8.1953125
92.0 8.03125
93.0 7.8515625
94.0 7.9453125
95.0 7.984375
96.0 8.2578125
97.0 8.078125
98.0 7.6875
99.0 8.1484375
100.0 8.078125
101.0 7.9453125
102.0 8.0859375
103.0 7.84375
104.0 8.2109375
105.0 7.640625
106.0 7.0390625
107.0 8.015625
108.0 8.0546875
109.0 8.0234375
110.0 8.0546875
111.0 7.984375
112.0 8.03125
113.0 8.1796875
114.0 8.203125
115.0 8.203125
116.0 8.1484375
117.0 8.078125
118.0 7.8359375
119.0 8.109375
120.0 7.15625
121.0 7.359375
122.0 7.34375
123.0 6.9609375
124.0 8.3828125
125.0 6.734375
126.0 6.6328125
127.0 7.2578125
128.0 6.6015625
129.0 8.203125
130.0 7.8515625
131.0 8.109375
132.0 7.6640625
133.0 7.8203125
134.0 8.0859375
135.0 8.0546875
136.0 8.09375
137.0 4.421875
138.0 12.0078125
139.0 8.1796875
140.0 8.1640625
141.0 7.9140625
142.0 7.796875
143.0 8.2265625
144.0 8.2734375
145.0 8.046875
146.0 7.8515625
147.0 8.015625
148.0 7.4375
149.0 7.6640625
150.0 8.046875
151.0 8.3203125
152.0 8.0234375
153.0 8.046875
154.0 7.875
155.0 8.140625
156.0 8.109375
157.0 8.171875
158.0 7.9921875
159.0 7.6171875
160.0 8.03125
161.0 8.3515625
162.0 8.03125
163.0 7.703125
164.0 7.9609375
165.0 7.9609375
166.0 8.2109375
167.0 8.0
168.0 8.1171875
169.0 8.375
170.0 8.1171875
171.0 7.609375
172.0 6.9453125
173.0 7.5390625
174.0 7.8984375
175.0 7.9375
176.0 7.640625
177.0 7.8671875
178.0 7.671875
179.0 8.140625
180.0 3.046875
181.0 13.140625
182.0 8.1796875
183.0 8.109375
184.0 7.84375
185.0 7.71875
186.0 5.28125
187.0 10.4765625
188.0 8.1640625
189.0 8.2890625
190.0 8.0234375
191.0 8.1796875
192.0 8.2265625
193.0 7.8671875
194.0 8.390625
195.0 7.96875
196.0 7.8359375
197.0 8.234375
198.0 5.84375
199.0 10.1953125
200.0 7.7578125
201.0 8.0625
202.0 8.2890625
203.0 7.875
204.0 8.1796875
205.0 8.234375
206.0 8.015625
207.0 8.2421875
208.0 8.2734375
209.0 8.390625
210.0 8.015625
211.0 8.0625
212.0 8.2890625
213.0 8.0625
214.0 8.171875
215.0 7.9140625
216.0 8.0234375
217.0 8.1328125
218.0 7.9609375
219.0 7.7578125
220.0 8.265625
221.0 8.2734375
222.0 7.796875
223.0 8.5078125
224.0 8.234375
225.0 8.1796875
226.0 7.8671875
227.0 3.7265625
228.0 12.8828125
229.0 8.1484375
230.0 7.984375
231.0 7.8828125
232.0 8.390625
233.0 8.1953125
234.0 8.34375
235.0 8.0859375
236.0 8.390625
237.0 8.359375
238.0 8.34375
239.0 7.9921875
240.0 8.171875
241.0 8.5
242.0 8.4453125
243.0 8.6015625
244.0 8.5625
245.0 3.5
246.0 13.59375
247.0 8.015625
248.0 8.09375
249.0 8.0859375
250.0 8.2578125
251.0 8.2734375
252.0 8.296875
253.0 8.3515625
254.0 8.265625
255.0 7.9453125
256.0 7.8515625
257.0 8.203125
258.0 8.2734375
259.0 8.4765625
260.0 8.4921875
261.0 8.109375
262.0 8.1484375
263.0 8.3203125
264.0 8.375
265.0 7.9921875
266.0 8.4453125
267.0 8.4921875
268.0 8.6171875
269.0 8.2578125
270.0 8.5390625
271.0 8.2734375
272.0 8.046875
273.0 8.1171875
274.0 8.1953125
275.0 8.0
276.0 8.2890625
277.0 8.5546875
278.0 8.71875
279.0 7.9375
280.0 8.1796875
281.0 6.09375
282.0 9.7890625
283.0 8.0546875
284.0 8.015625
285.0 8.2109375
286.0 7.8984375
287.0 8.109375
288.0 8.3125
289.0 7.9609375
290.0 8.1171875
291.0 8.1484375
292.0 7.9921875
293.0 8.0625
294.0 8.140625
295.0 8.265625
296.0 8.3125
297.0 7.65625
298.0 9.1328125
299.0 8.234375
300.0 7.9375
301.0 8.09375
302.0 8.203125
303.0 8.5546875
304.0 7.9609375
305.0 7.7890625
306.0 8.1484375
307.0 8.0546875
308.0 7.6953125
309.0 8.0
310.0 7.734375
311.0 7.9921875
312.0 8.0859375
313.0 7.6171875
314.0 7.984375
315.0 3.7578125
316.0 11.9921875
317.0 8.140625
318.0 7.8515625
319.0 6.1171875
320.0 10.25
321.0 8.4140625
322.0 8.421875
323.0 7.9609375
324.0 8.015625
325.0 8.2265625
326.0 8.0
327.0 7.4296875
328.0 8.0
329.0 7.96875
330.0 7.8984375
331.0 8.0546875
332.0 7.8515625
333.0 7.8828125
334.0 8.2421875
335.0 8.09375
336.0 4.609375
337.0 11.71875
338.0 7.8828125
339.0 8.078125
340.0 5.6484375
341.0 10.7890625
342.0 8.0625
343.0 8.0546875
344.0 7.515625
345.0 7.78125
346.0 7.6640625
347.0 7.7890625
348.0 7.875
349.0 7.6875
350.0 7.8203125
351.0 8.2890625
352.0 7.8203125
353.0 7.78125
354.0 7.984375
355.0 7.84375
356.0 7.8125
357.0 6.796875
358.0 9.515625
359.0 8.34375
360.0 8.2421875
361.0 8.2734375
362.0 8.140625
363.0 7.78125
364.0 8.0546875
365.0 8.34375
366.0 7.9140625
367.0 8.328125
368.0 8.421875
369.0 8.2890625
370.0 8.234375
371.0 5.3984375
372.0 11.2421875
373.0 8.1640625
374.0 8.328125
375.0 7.984375
376.0 8.2734375
377.0 7.6953125
378.0 7.46875
379.0 7.9140625
380.0 8.046875
381.0 8.203125
382.0 8.171875
383.0 8.1796875
384.0 7.8125
385.0 8.390625
386.0 6.3359375
387.0 10.171875
388.0 8.1484375
389.0 5.171875
390.0 11.421875
391.0 8.109375
392.0 8.3125
393.0 8.2890625
394.0 8.2265625
395.0 8.109375
396.0 8.234375
397.0 8.078125
398.0 8.2734375
399.0 8.09375
400.0 8.2578125
401.0 8.390625
402.0 8.171875
403.0 4.65625
404.0 12.0703125
405.0 8.03125
406.0 8.2734375
407.0 8.2890625
408.0 4.6015625
409.0 12.6328125
410.0 8.0546875
411.0 8.359375
412.0 8.234375
413.0 7.9609375
414.0 8.140625
415.0 8.5
416.0 8.171875
417.0 8.203125
418.0 8.171875
419.0 8.1484375
420.0 8.2890625
421.0 5.078125
422.0 11.7109375
423.0 8.2265625
424.0 8.109375
425.0 8.3515625
426.0 8.171875
427.0 8.1953125
428.0 8.109375
429.0 4.75
430.0 11.546875
431.0 8.4453125
432.0 8.015625
433.0 8.234375
434.0 8.328125
435.0 8.09375
436.0 8.015625
437.0 3.9921875
438.0 12.40625
439.0 8.296875
440.0 8.1953125
441.0 8.4765625
442.0 8.203125
443.0 8.3828125
444.0 8.34375
445.0 8.2109375
446.0 7.9453125
447.0 8.09375
448.0 8.46875
449.0 8.1328125
450.0 8.4765625
451.0 8.5546875
452.0 8.140625
453.0 8.234375
454.0 8.234375
455.0 5.515625
456.0 11.0234375
457.0 8.140625
458.0 8.4453125
459.0 8.0859375
460.0 8.1796875
461.0 8.0234375
462.0 8.2265625
463.0 8.078125
464.0 8.1796875
465.0 8.3203125
466.0 8.390625
467.0 8.203125
468.0 8.2734375
469.0 8.015625
470.0 8.296875
471.0 8.2734375
472.0 8.109375
473.0 8.5546875
474.0 8.3828125
475.0 8.46875
476.0 8.5390625
477.0 8.359375
478.0 8.0625
479.0 8.2578125
480.0 7.8984375
481.0 3.609375
482.0 13.0390625
483.0 8.015625
484.0 7.8828125
485.0 8.0234375
486.0 8.1953125
487.0 8.3828125
488.0 8.2734375
489.0 8.5859375
490.0 7.90625
491.0 8.203125
492.0 7.96875
493.0 8.0625
494.0 7.875
495.0 8.203125
496.0 7.9453125
497.0 7.8828125
498.0 7.8125
499.0 8.2421875
500.0 8.34375
501.0 8.1953125
502.0 8.1484375
503.0 8.078125
504.0 8.1484375
505.0 8.2265625
506.0 8.015625
507.0 8.078125
508.0 7.9296875
509.0 8.09375
510.0 7.9375
511.0 5.6171875
512.0 11.03125
513.0 7.90625
514.0 8.4140625
515.0 7.984375
516.0 8.34375
517.0 7.8359375
518.0 7.1796875
519.0 7.75
520.0 7.640625
521.0 7.40625
522.0 7.8359375
523.0 7.796875
524.0 6.8046875
525.0 9.0078125
526.0 7.78125
527.0 7.4296875
528.0 7.96875
529.0 8.2265625
530.0 7.84375
531.0 7.578125
532.0 7.65625
533.0 8.1640625
534.0 7.90625
535.0 7.796875
536.0 8.0859375
537.0 7.6015625
538.0 7.5546875
539.0 7.6953125
540.0 7.109375
541.0 4.890625
542.0 11.4296875
543.0 7.8828125
544.0 7.4921875
545.0 8.0546875
546.0 3.8046875
547.0 12.234375
548.0 8.078125
549.0 7.8359375
550.0 8.1640625
551.0 8.2578125
552.0 6.1171875
553.0 5.125
554.0 3.34375
555.0 4.75
556.0 7.4375
557.0 7.65625
558.0 7.9296875
559.0 7.734375
560.0 7.90625
561.0 7.8828125
562.0 7.671875
563.0 7.796875
564.0 8.3125
565.0 7.75
566.0 7.609375
567.0 7.7265625
568.0 7.78125
569.0 7.609375
570.0 7.71875
571.0 7.6640625
572.0 7.515625
573.0 7.0703125
574.0 6.65625
575.0 7.6171875
576.0 7.8828125
577.0 7.484375
578.0 8.0
579.0 7.8359375
580.0 8.1171875
581.0 8.1484375
582.0 8.09375
583.0 8.046875
584.0 7.9921875
585.0 8.2890625
586.0 8.2421875
587.0 4.828125
588.0 8.1640625
589.0 8.09375
590.0 7.96875
591.0 7.9296875
592.0 7.9140625
593.0 8.015625
594.0 7.9609375
595.0 7.8984375
596.0 7.84375
597.0 7.9609375
598.0 7.8515625
599.0 8.2109375
