0.0 3.609375
1.0 3.265625
2.0 2.640625
3.0 2.6953125
4.0 3.3203125
5.0 3.28125
6.0 3.296875
7.0 0.9453125
8.0 5.40625
9.0 2.75
10.0 0.65625
11.0 6.2734375
12.0 3.375
13.0 2.7890625
14.0 2.4140625
15.0 2.4921875
16.0 0.75
17.0 6.0234375
18.0 2.21875
19.0 3.40625
20.0 3.1640625
21.0 2.8125
22.0 3.078125
23.0 3.3203125
24.0 2.4140625
25.0 2.75
26.0 2.890625
27.0 1.9140625
28.0 3.328125
29.0 2.6640625
30.0 2.7421875
31.0 2.75
32.0 2.6875
33.0 2.7421875
34.0 2.2734375
35.0 2.984375
36.0 3.28125
37.0 3.5546875
38.0 3.140625
39.0 3.8828125
40.0 3.4375
41.0 3.59375
42.0 3.5
43.0 1.46875
44.0 5.6640625
45.0 2.8671875
46.0 3.5234375
47.0 2.8671875
48.0 3.4765625
49.0 3.7421875
50.0 3.703125
51.0 3.671875
52.0 1.265625
53.0 5.6171875
54.0 3.5234375
55.0 3.4453125
56.0 3.5
57.0 3.4765625
58.0 3.46875
59.0 3.609375
60.0 3.4453125
61.0 3.0
62.0 2.390625
63.0 3.25
64.0 3.640625
65.0 3.4921875
66.0 2.484375
67.0 0.0
68.0 7.9140625
69.0 3.2890625
70.0 3.2890625
71.0 2.921875
72.0 0.0
73.0 7.1875
74.0 2.3046875
75.0 4.390625
76.0 3.1484375
77.0 1.640625
78.0 1.34375
79.0 3.6953125
80.0 3.6484375
81.0 3.078125
82.0 3.25
83.0 3.5
84.0 2.6328125
85.0 2.3984375
86.0 2.0078125
87.0 2.2421875
88.0 2.9921875
89.0 3.765625
90.0 3.53125
91.0 3.4453125
92.0 3.2265625
93.0 3.5625
94.0 0.9609375
95.0 0.0
96.0 6.40625
97.0 3.078125
98.0 3.0
99.0 2.21875
100.0 0.0
101.0 6.3359375
102.0 2.75
103.0 1.7421875
104.0 4.7734375
105.0 3.140625
106.0 3.4375
107.0 3.4609375
108.0 3.3828125
109.0 3.40625
110.0 3.0859375
111.0 3.109375
112.0 3.2890625
113.0 3.4453125
114.0 2.9375
115.0 2.6328125
116.0 3.171875
117.0 3.4375
118.0 0.0
119.0 5.7109375
120.0 3.59375
121.0 3.515625
122.0 3.4375
123.0 0.0
124.0 7.7578125
125.0 3.9453125
126.0 3.9453125
127.0 3.6796875
128.0 1.7890625
129.0 5.375
130.0 3.1796875
131.0 1.8828125
132.0 2.390625
133.0 3.4140625
134.0 3.7421875
135.0 1.1484375
136.0 6.234375
137.0 3.65625
138.0 3.8828125
139.0 3.2578125
140.0 1.9765625
141.0 2.5625
142.0 3.40625
143.0 3.171875
144.0 3.21875
145.0 2.21875
146.0 3.046875
147.0 3.5234375
148.0 3.0234375
149.0 2.78125
150.0 3.1640625
151.0 3.3828125
152.0 3.859375
153.0 3.8203125
154.0 3.59375
155.0 3.3828125
156.0 3.921875
157.0 3.5625
158.0 3.609375
159.0 3.546875
160.0 3.9453125
161.0 2.7421875
162.0 2.125
163.0 2.5234375
164.0 3.015625
165.0 2.671875
166.0 0.78125
167.0 2.96875
168.0 1.5
169.0 4.3515625
170.0 2.546875
171.0 1.734375
172.0 2.59375
173.0 3.0234375
174.0 3.625
175.0 3.640625
176.0 3.3203125
177.0 3.296875
178.0 3.3671875
179.0 2.875
180.0 3.4921875
181.0 3.46875
182.0 3.328125
183.0 2.8359375
184.0 0.0
185.0 7.1015625
186.0 2.84375
187.0 2.9921875
188.0 3.1484375
189.0 0.34375
190.0 6.765625
191.0 3.734375
192.0 3.890625
193.0 3.65625
194.0 3.640625
195.0 3.4375
196.0 3.1796875
197.0 3.3515625
198.0 3.4609375
199.0 2.84375
200.0 3.7421875
201.0 3.328125
202.0 3.7109375
203.0 0.5390625
204.0 6.03125
205.0 3.7109375
206.0 3.4921875
207.0 4.0234375
208.0 4.1015625
209.0 1.671875
210.0 6.296875
211.0 3.953125
212.0 4.0078125
213.0 3.6484375
214.0 3.5859375
215.0 3.84375
216.0 3.640625
217.0 3.40625
218.0 3.65625
219.0 3.2890625
220.0 3.6484375
221.0 3.7265625
222.0 1.921875
223.0 5.578125
224.0 3.7421875
225.0 3.53125
226.0 3.6796875
227.0 3.7578125
228.0 3.875
229.0 3.734375
230.0 3.6796875
231.0 0.0
232.0 7.1953125
233.0 3.640625
234.0 3.6484375
235.0 3.7734375
236.0 3.7265625
237.0 3.515625
238.0 3.609375
239.0 3.859375
240.0 3.8828125
241.0 3.703125
242.0 3.4453125
243.0 3.6484375
244.0 3.671875
245.0 1.1640625
246.0 6.234375
247.0 3.6171875
248.0 3.90625
249.0 3.4921875
250.0 3.796875
251.0 3.734375
252.0 0.1015625
253.0 7.1328125
254.0 3.53125
255.0 0.21875
256.0 7.3984375
257.0 4.0390625
258.0 3.96875
259.0 3.7890625
260.0 3.6953125
261.0 3.6484375
262.0 3.5234375
263.0 1.71875
264.0 5.6953125
265.0 3.65625
266.0 3.5
267.0 3.5234375
268.0 3.625
269.0 3.4453125
270.0 3.4375
271.0 3.6484375
272.0 3.5546875
273.0 3.59375
274.0 3.796875
275.0 3.65625
276.0 3.4296875
277.0 3.6796875
278.0 0.9140625
279.0 6.9453125
280.0 0.96875
281.0 6.4375
282.0 3.65625
283.0 2.390625
284.0 1.9140625
285.0 2.484375
286.0 2.90625
287.0 2.359375
288.0 3.0
289.0 2.15625
290.0 2.75
291.0 2.4453125
292.0 2.09375
293.0 1.96875
294.0 1.953125
295.0 1.625
296.0 1.796875
297.0 1.375
298.0 0.390625
299.0 0.0
300.0 4.421875
301.0 6.359375
302.0 2.8671875
303.0 3.4140625
304.0 3.3203125
305.0 3.2890625
306.0 3.625
307.0 3.9140625
308.0 2.7265625
309.0 4.6328125
310.0 3.7265625
311.0 3.640625
312.0 3.328125
313.0 3.34375
314.0 3.515625
315.0 3.3984375
316.0 3.3828125
317.0 3.4140625
318.0 3.4453125
319.0 3.6953125
320.0 3.6796875
321.0 2.7578125
322.0 5.125
323.0 3.9921875
324.0 4.0546875
325.0 4.0078125
326.0 3.703125
327.0 3.640625
328.0 3.4765625
329.0 3.6953125
330.0 3.546875
331.0 3.546875
332.0 3.6796875
333.0 2.9921875
334.0 4.6796875
335.0 3.5546875
336.0 3.65625
337.0 3.640625
338.0 3.2578125
339.0 3.28125
340.0 3.6796875
341.0 3.9140625
342.0 4.1484375
343.0 3.953125
344.0 4.0078125
345.0 3.9375
346.0 4.2109375
347.0 4.0703125
348.0 4.0703125
349.0 4.0
350.0 4.03125
351.0 4.15625
352.0 3.90625
353.0 4.0625
354.0 3.953125
355.0 3.765625
356.0 1.7109375
357.0 6.1796875
358.0 4.2421875
359.0 4.25
360.0 4.0234375
361.0 0.0
362.0 8.2734375
363.0 4.0078125
364.0 4.0703125
365.0 4.1015625
366.0 3.7890625
367.0 3.625
368.0 3.828125
369.0 3.2890625
370.0 1.046875
371.0 4.6796875
372.0 1.8828125
373.0 3.59375
374.0 3.3828125
375.0 3.59375
376.0 4.0078125
377.0 3.7890625
378.0 3.6171875
379.0 3.3671875
380.0 3.375
381.0 2.6953125
382.0 2.78125
383.0 2.1484375
384.0 0.1796875
385.0 3.8828125
386.0 1.53125
387.0 2.1875
388.0 3.4453125
389.0 3.7734375
390.0 4.1171875
391.0 4.125
392.0 4.0703125
393.0 4.3828125
394.0 4.6015625
395.0 4.453125
396.0 4.71875
397.0 4.5
398.0 4.203125
399.0 3.5859375
400.0 0.0078125
401.0 7.1015625
402.0 3.7578125
403.0 3.9453125
404.0 3.9375
405.0 4.546875
406.0 4.3828125
407.0 3.703125
408.0 0.0
409.0 8.015625
410.0 4.3984375
411.0 3.859375
412.0 3.5
413.0 3.4921875
414.0 3.8515625
415.0 4.3984375
416.0 4.125
417.0 4.3828125
418.0 4.4140625
419.0 4.1796875
420.0 4.09375
421.0 0.3359375
422.0 6.78125
423.0 1.1328125
424.0 1.4375
425.0 3.171875
426.0 3.875
427.0 3.7578125
428.0 3.59375
429.0 3.6484375
430.0 3.703125
431.0 3.4453125
432.0 0.8984375
433.0 6.625
434.0 0.875
435.0 6.453125
436.0 3.6171875
437.0 3.796875
438.0 4.0
439.0 3.5
440.0 3.4296875
441.0 3.9921875
442.0 4.2421875
443.0 3.53125
444.0 3.8203125
445.0 3.8203125
446.0 3.9453125
447.0 4.0546875
448.0 4.0078125
449.0 1.265625
450.0 6.1796875
451.0 3.4921875
452.0 3.5
453.0 3.734375
454.0 0.9921875
455.0 6.890625
456.0 3.9140625
457.0 3.7421875
458.0 3.625
459.0 3.4921875
460.0 3.3515625
461.0 0.6171875
462.0 5.9140625
463.0 3.546875
464.0 3.3828125
465.0 3.671875
466.0 3.9921875
467.0 4.0
468.0 3.1328125
469.0 3.203125
470.0 3.546875
471.0 3.8515625
472.0 3.7421875
473.0 3.59375
474.0 3.6171875
475.0 3.5625
476.0 0.0
477.0 7.3125
478.0 3.796875
479.0 3.7265625
480.0 3.5625
481.0 3.65625
482.0 2.8515625
483.0 0.0
484.0 7.421875
485.0 3.46875
486.0 3.3125
487.0 2.9296875
488.0 3.953125
489.0 3.703125
490.0 3.4765625
491.0 3.5
492.0 3.1953125
493.0 3.6484375
494.0 3.703125
495.0 3.4140625
496.0 1.59375
497.0 3.2265625
498.0 3.671875
499.0 3.7265625
500.0 3.6171875
501.0 3.296875
502.0 1.6171875
503.0 0.0
504.0 8.2890625
505.0 3.84375
506.0 4.0078125
507.0 3.8515625
508.0 0.2734375
509.0 7.15625
510.0 4.0
511.0 4.0
512.0 3.578125
513.0 3.4921875
514.0 3.828125
515.0 3.515625
516.0 3.609375
517.0 3.6953125
518.0 3.015625
519.0 3.078125
520.0 1.078125
521.0 0.0
522.0 6.03125
523.0 3.25
524.0 3.6484375
525.0 3.4296875
526.0 3.4375
527.0 3.4375
528.0 3.25
529.0 0.0625
530.0 6.9296875
531.0 3.1953125
532.0 3.4296875
533.0 3.4296875
534.0 3.5
535.0 1.03125
536.0 4.4765625
537.0 3.21875
538.0 2.9921875
539.0 2.328125
540.0 1.4765625
541.0 1.7890625
542.0 2.5234375
543.0 2.015625
544.0 2.8046875
545.0 3.3125
546.0 3.5546875
547.0 3.4921875
548.0 3.9375
549.0 4.1015625
550.0 0.0078125
551.0 6.8046875
552.0 3.7109375
553.0 3.96875
554.0 3.7578125
555.0 4.2734375
556.0 4.1796875
557.0 3.7578125
558.0 3.8828125
559.0 3.84375
560.0 3.671875
561.0 1.5390625
562.0 6.1796875
563.0 3.65625
564.0 3.4296875
565.0 3.8203125
566.0 3.8203125
567.0 3.640625
568.0 3.8515625
569.0 3.1171875
570.0 4.5390625
571.0 3.7890625
572.0 4.0078125
573.0 3.796875
574.0 3.671875
575.0 3.53125
576.0 3.4765625
577.0 3.7578125
578.0 3.828125
579.0 4.203125
580.0 4.1015625
581.0 3.890625
582.0 3.7734375
583.0 3.7265625
584.0 3.65625
585.0 3.84375
586.0 3.7578125
587.0 3.609375
588.0 3.625
589.0 3.859375
590.0 3.625
591.0 3.8828125
592.0 3.8046875
593.0 3.640625
594.0 3.5234375
595.0 2.578125
596.0 0.140625
597.0 8.5078125
598.0 3.640625
599.0 3.7265625
