0.0 7.515625
1.0 8.015625
2.0 8.359375
3.0 9.2265625
4.0 8.2109375
5.0 8.1171875
6.0 8.8359375
7.0 7.6640625
8.0 7.5390625
9.0 8.015625
10.0 8.1640625
11.0 8.71875
12.0 8.734375
13.0 8.359375
14.0 7.7890625
15.0 7.3671875
16.0 7.7265625
17.0 8.0546875
18.0 7.9296875
19.0 7.2578125
20.0 8.0
21.0 8.5859375
22.0 8.5390625
23.0 7.1875
24.0 7.3125
25.0 8.046875
26.0 8.328125
27.0 8.5
28.0 4.7421875
29.0 11.71875
30.0 8.375
31.0 7.21875
32.0 8.265625
33.0 8.6015625
34.0 6.9453125
35.0 7.46875
36.0 8.59375
37.0 7.96875
38.0 7.1015625
39.0 4.46875
40.0 4.921875
41.0 5.890625
42.0 5.109375
43.0 6.65625
44.0 7.03125
45.0 7.4921875
46.0 7.984375
47.0 8.2109375
48.0 8.6875
49.0 8.5
50.0 8.4453125
51.0 8.796875
52.0 6.40625
53.0 10.65625
54.0 7.90625
55.0 7.984375
56.0 7.8671875
57.0 6.921875
58.0 9.078125
59.0 7.8203125
60.0 7.15625
61.0 6.75
62.0 8.03125
63.0 8.09375
64.0 8.53125
65.0 8.9375
66.0 8.6484375
67.0 8.625
68.0 8.6875
69.0 8.7421875
70.0 8.5390625
71.0 8.71875
72.0 8.6796875
73.0 8.6171875
74.0 8.890625
75.0 8.65625
76.0 8.5078125
77.0 8.6171875
78.0 8.9453125
79.0 8.8359375
80.0 8.0
81.0 8.4140625
82.0 7.2421875
83.0 6.484375
84.0 5.609375
85.0 5.828125
86.0 7.609375
87.0 7.1640625
88.0 8.46875
89.0 8.359375
90.0 6.0546875
91.0 11.921875
92.0 8.6875
93.0 9.09375
94.0 9.0703125
95.0 9.0
96.0 8.9140625
97.0 8.96875
98.0 9.03125
99.0 8.828125
100.0 8.9453125
101.0 8.9375
102.0 8.234375
103.0 3.4140625
104.0 13.8984375
105.0 8.6171875
106.0 8.171875
107.0 8.46875
108.0 8.1328125
109.0 8.1328125
110.0 8.8046875
111.0 8.390625
112.0 8.5390625
113.0 8.6015625
114.0 8.171875
115.0 8.34375
116.0 8.46875
117.0 8.40625
118.0 8.4921875
119.0 8.5859375
120.0 8.3125
121.0 8.2265625
122.0 7.75
123.0 8.625
124.0 8.6484375
125.0 8.0859375
126.0 8.984375
127.0 8.7421875
128.0 8.6015625
129.0 8.2734375
130.0 7.8984375
131.0 8.5390625
132.0 8.1171875
133.0 7.8984375
134.0 8.015625
135.0 8.2421875
136.0 8.3515625
137.0 8.2734375
138.0 8.7734375
139.0 8.6875
140.0 7.28125
141.0 8.65625
142.0 7.8828125
143.0 8.375
144.0 8.34375
145.0 7.96875
146.0 8.2734375
147.0 8.0234375
148.0 8.234375
149.0 8.0859375
150.0 8.2265625
151.0 8.203125
152.0 8.203125
153.0 7.8828125
154.0 6.8828125
155.0 8.6796875
156.0 7.90625
157.0 8.046875
158.0 7.9140625
159.0 6.09375
160.0 7.9453125
161.0 8.3515625
162.0 7.9921875
163.0 7.8359375
164.0 8.203125
165.0 8.203125
166.0 8.078125
167.0 5.4375
168.0 10.9453125
169.0 7.984375
170.0 7.90625
171.0 7.875
172.0 6.125
173.0 9.8984375
174.0 7.6171875
175.0 7.7890625
176.0 7.6953125
177.0 8.0859375
178.0 7.8515625
179.0 8.0859375
180.0 7.65625
181.0 7.4921875
182.0 7.3671875
183.0 7.046875
184.0 7.1328125
185.0 6.5859375
186.0 6.3828125
187.0 7.3671875
188.0 7.8671875
189.0 7.09375
190.0 7.3359375
191.0 6.703125
192.0 5.703125
193.0 8.734375
194.0 8.53125
195.0 7.7265625
196.0 8.5703125
197.0 7.9375
198.0 8.171875
199.0 8.5234375
200.0 7.84375
201.0 7.7890625
202.0 7.5859375
203.0 8.1328125
204.0 8.3125
205.0 8.5234375
206.0 8.6875
207.0 9.1875
208.0 8.765625
209.0 8.8515625
210.0 9.0
211.0 8.8203125
212.0 8.3203125
213.0 7.8984375
214.0 7.3046875
215.0 8.234375
216.0 7.5703125
217.0 6.53125
218.0 8.0
219.0 8.7890625
220.0 8.7109375
221.0 7.109375
222.0 7.09375
223.0 8.5546875
224.0 8.71875
225.0 8.4765625
226.0 8.046875
227.0 8.203125
228.0 8.4453125
229.0 8.296875
230.0 8.0
231.0 8.8203125
232.0 8.2890625
233.0 8.0234375
234.0 8.1640625
235.0 7.9296875
236.0 8.2421875
237.0 8.234375
238.0 8.078125
239.0 8.2578125
240.0 8.4375
241.0 8.1953125
242.0 7.984375
243.0 8.03125
244.0 8.140625
245.0 8.3515625
246.0 8.078125
247.0 8.3828125
248.0 8.46875
249.0 7.578125
250.0 7.96875
251.0 8.4453125
252.0 8.4375
253.0 8.1328125
254.0 8.75
255.0 9.578125
256.0 9.0078125
257.0 8.6171875
258.0 8.8984375
259.0 9.03125
260.0 8.8671875
261.0 8.859375
262.0 9.1328125
263.0 7.609375
264.0 9.09375
265.0 8.1640625
266.0 9.015625
267.0 8.828125
268.0 8.9765625
269.0 8.3125
270.0 7.734375
271.0 6.65625
272.0 8.96875
273.0 8.59375
274.0 4.28125
275.0 13.4453125
276.0 8.5625
277.0 8.7890625
278.0 9.1796875
279.0 9.3046875
280.0 8.765625
281.0 8.859375
282.0 8.703125
283.0 8.59375
284.0 9.0390625
285.0 8.5078125
286.0 8.359375
287.0 8.03125
288.0 7.40625
289.0 8.203125
290.0 8.96875
291.0 8.2890625
292.0 8.0625
293.0 8.46875
294.0 8.8046875
295.0 8.4453125
296.0 3.40625
297.0 13.3828125
298.0 8.8984375
299.0 8.2265625
300.0 8.6171875
301.0 8.921875
302.0 8.765625
303.0 8.5234375
304.0 8.734375
305.0 8.3125
306.0 8.109375
307.0 7.90625
308.0 8.5625
309.0 8.3828125
310.0 9.25
311.0 8.8203125
312.0 8.59375
313.0 9.0
314.0 8.09375
315.0 8.796875
316.0 8.375
317.0 9.4921875
318.0 9.1015625
319.0 9.0
320.0 8.8671875
321.0 8.953125
322.0 8.796875
323.0 9.078125
324.0 9.25
325.0 8.34375
326.0 8.5078125
327.0 9.046875
328.0 8.3203125
329.0 8.8515625
330.0 8.5703125
331.0 8.375
332.0 7.9296875
333.0 8.8515625
334.0 8.734375
335.0 9.0703125
336.0 8.765625
337.0 8.203125
338.0 8.890625
339.0 5.5625
340.0 11.6875
341.0 9.03125
342.0 7.7578125
343.0 7.078125
344.0 8.375
345.0 6.5390625
346.0 5.4296875
347.0 7.8359375
348.0 7.8984375
349.0 7.15625
350.0 7.5859375
351.0 7.484375
352.0 8.2890625
353.0 8.765625
354.0 8.421875
355.0 8.1484375
356.0 8.4453125
357.0 8.015625
358.0 7.765625
359.0 7.28125
360.0 7.2421875
361.0 6.2265625
362.0 7.140625
363.0 9.1875
364.0 8.2890625
365.0 8.625
366.0 8.4375
367.0 8.6796875
368.0 7.71875
369.0 7.984375
370.0 7.5546875
371.0 7.7890625
372.0 8.5390625
373.0 8.3515625
374.0 8.53125
375.0 8.2109375
376.0 8.359375
377.0 8.765625
378.0 7.9609375
379.0 7.9140625
380.0 8.7890625
381.0 7.0625
382.0 7.40625
383.0 7.7265625
384.0 8.1484375
385.0 8.375
386.0 7.84375
387.0 8.3125
388.0 6.5390625
389.0 5.3125
390.0 7.9453125
391.0 9.3984375
392.0 9.4921875
393.0 8.1953125
394.0 8.2578125
395.0 8.3515625
396.0 8.0625
397.0 8.2109375
398.0 7.8515625
399.0 8.2421875
400.0 8.53125
401.0 8.015625
402.0 8.5078125
403.0 7.578125
404.0 8.296875
405.0 8.203125
406.0 8.5703125
407.0 9.421875
408.0 8.625
409.0 10.0703125
410.0 8.34375
411.0 8.8203125
412.0 8.265625
413.0 8.59375
414.0 9.1796875
415.0 8.796875
416.0 8.96875
417.0 9.515625
418.0 8.1171875
419.0 3.4453125
420.0 13.5
421.0 7.734375
422.0 8.4140625
423.0 8.65625
424.0 3.4375
425.0 13.796875
426.0 8.4140625
427.0 8.09375
428.0 8.765625
429.0 8.3515625
430.0 8.140625
431.0 8.328125
432.0 8.2734375
433.0 8.296875
434.0 7.96875
435.0 8.6796875
436.0 8.4453125
437.0 8.0
438.0 8.1640625
439.0 8.8203125
440.0 8.71875
441.0 8.4375
442.0 9.09375
443.0 8.4140625
444.0 8.46875
445.0 8.75
446.0 6.625
447.0 6.078125
448.0 8.234375
449.0 8.390625
450.0 8.4921875
451.0 8.265625
452.0 7.703125
453.0 8.5703125
454.0 7.5859375
455.0 10.6953125
456.0 8.0
457.0 3.8046875
458.0 12.46875
459.0 9.03125
460.0 6.984375
461.0 8.5546875
462.0 9.1015625
463.0 9.1171875
464.0 10.1015625
465.0 9.578125
466.0 9.2421875
467.0 9.09375
468.0 8.4140625
469.0 8.8515625
470.0 8.2421875
471.0 8.34375
472.0 8.6171875
473.0 8.4140625
474.0 6.7109375
475.0 8.265625
476.0 7.7578125
477.0 7.140625
478.0 8.0859375
479.0 7.9140625
480.0 8.234375
481.0 8.1484375
482.0 8.2265625
483.0 7.6015625
484.0 7.7890625
485.0 8.1640625
486.0 7.546875
487.0 7.9375
488.0 8.2109375
489.0 8.265625
490.0 8.0546875
491.0 7.8203125
492.0 8.1640625
493.0 8.0625
494.0 8.328125
495.0 8.234375
496.0 8.0234375
497.0 8.0625
498.0 8.2265625
499.0 8.203125
500.0 7.8828125
501.0 8.203125
502.0 8.1953125
503.0 7.8984375
504.0 8.140625
505.0 8.0546875
506.0 8.4453125
507.0 8.46875
508.0 7.9296875
509.0 8.3125
510.0 8.2265625
511.0 7.6015625
512.0 6.0625
513.0 9.703125
514.0 7.96875
515.0 7.9140625
516.0 8.0
517.0 8.0859375
518.0 8.3515625
519.0 6.0
520.0 6.5703125
521.0 6.2578125
522.0 5.9765625
523.0 6.71875
524.0 7.609375
525.0 8.140625
526.0 8.046875
527.0 7.46875
528.0 7.1640625
529.0 8.328125
530.0 7.78125
531.0 7.9921875
532.0 4.1875
533.0 11.9375
534.0 7.9375
535.0 8.265625
536.0 8.328125
537.0 7.453125
538.0 7.671875
539.0 8.3515625
540.0 8.234375
541.0 8.234375
542.0 7.8828125
543.0 8.1484375
544.0 3.7890625
545.0 10.40625
546.0 8.171875
547.0 7.2265625
548.0 7.65625
549.0 8.5234375
550.0 8.015625
551.0 8.2578125
552.0 8.3828125
553.0 8.3125
554.0 7.984375
555.0 8.09375
556.0 8.09375
557.0 8.2421875
558.0 7.5390625
559.0 8.09375
560.0 8.2109375
561.0 8.078125
562.0 7.7890625
563.0 8.1796875
564.0 7.75
565.0 7.7265625
566.0 8.1640625
567.0 7.9453125
568.0 8.1328125
569.0 8.203125
570.0 8.390625
571.0 8.203125
572.0 8.0546875
573.0 7.5390625
574.0 6.03125
575.0 6.140625
576.0 6.46875
577.0 7.046875
578.0 6.921875
579.0 4.421875
580.0 5.3984375
581.0 7.1015625
582.0 6.9453125
583.0 7.078125
584.0 7.25
585.0 7.5859375
586.0 7.4921875
587.0 8.328125
588.0 8.7734375
589.0 6.484375
590.0 11.171875
591.0 9.125
592.0 9.1015625
593.0 4.0625
594.0 14.1953125
595.0 8.671875
596.0 8.296875
597.0 7.9296875
598.0 7.1640625
599.0 8.8046875
