0.0 1.4375
1.0 0.0
2.0 5.1953125
3.0 1.8359375
4.0 2.3671875
5.0 0.9296875
6.0 0.5234375
7.0 1.71875
8.0 2.328125
9.0 1.625
10.0 0.0
11.0 4.9296875
12.0 1.6875
13.0 1.8046875
14.0 1.921875
15.0 1.953125
16.0 1.03125
17.0 0.640625
18.0 0.421875
19.0 0.3359375
20.0 0.40625
21.0 0.75
22.0 0.90625
23.0 2.234375
24.0 0.359375
25.0 4.8046875
26.0 2.09375
27.0 1.5234375
28.0 2.28125
29.0 2.2734375
30.0 2.0078125
31.0 0.5234375
32.0 0.0
33.0 0.0
34.0 5.796875
35.0 2.5625
36.0 2.640625
37.0 2.515625
38.0 2.4609375
39.0 2.25
40.0 1.5859375
41.0 1.2421875
42.0 1.5
43.0 1.65625
44.0 1.59375
45.0 1.5625
46.0 1.8671875
47.0 1.078125
48.0 0.0
49.0 0.0
50.0 6.65625
51.0 2.7265625
52.0 2.8046875
53.0 2.625
54.0 1.5703125
55.0 0.0
56.0 6.203125
57.0 2.71875
58.0 2.6875
59.0 2.6640625
60.0 2.59375
61.0 2.546875
62.0 2.6328125
63.0 2.5625
64.0 2.75
65.0 1.5390625
66.0 2.25
67.0 2.8515625
68.0 2.1328125
69.0 0.0
70.0 6.3515625
71.0 2.09375
72.0 1.3203125
73.0 1.5234375
74.0 2.1875
75.0 2.984375
76.0 2.8046875
77.0 0.0
78.0 5.703125
79.0 2.328125
80.0 2.484375
81.0 2.453125
82.0 1.953125
83.0 2.5625
84.0 2.75
85.0 2.4296875
86.0 2.4921875
87.0 2.7109375
88.0 2.4609375
89.0 2.1796875
90.0 0.5390625
91.0 0.0
92.0 6.2109375
93.0 1.8515625
94.0 1.09375
95.0 2.453125
96.0 2.640625
97.0 2.6953125
98.0 2.5390625
99.0 0.3046875
100.0 4.9765625
101.0 2.6015625
102.0 2.953125
103.0 2.8984375
104.0 3.015625
105.0 2.6953125
106.0 2.6015625
107.0 2.71875
108.0 2.6640625
109.0 2.515625
110.0 2.4609375
111.0 2.609375
112.0 2.4296875
113.0 0.0390625
114.0 5.078125
115.0 2.25
116.0 1.703125
117.0 2.7109375
118.0 2.7578125
119.0 2.640625
120.0 1.8203125
121.0 0.0
122.0 5.0546875
123.0 2.6015625
124.0 2.0859375
125.0 2.5703125
126.0 2.640625
127.0 2.6015625
128.0 2.390625
129.0 2.0625
130.0 2.0859375
131.0 2.1015625
132.0 2.1953125
133.0 2.4609375
134.0 1.1328125
135.0 0.0
136.0 0.0
137.0 0.0
138.0 5.6171875
139.0 2.8671875
140.0 0.34375
141.0 0.0
142.0 2.1171875
143.0 4.5078125
144.0 2.5625
145.0 2.7578125
146.0 2.7109375
147.0 2.578125
148.0 1.2578125
149.0 0.609375
150.0 0.4921875
151.0 1.46875
152.0 2.7421875
153.0 2.7109375
154.0 0.5234375
155.0 4.796875
156.0 2.7265625
157.0 2.8671875
158.0 2.7734375
159.0 2.5625
160.0 2.78125
161.0 2.5234375
162.0 2.8203125
163.0 2.8046875
164.0 2.4140625
165.0 2.5703125
166.0 2.625
167.0 2.453125
168.0 2.125
169.0 0.484375
170.0 0.0
171.0 0.0
172.0 5.3671875
173.0 2.484375
174.0 2.421875
175.0 2.984375
176.0 2.65625
177.0 2.7578125
178.0 2.75
179.0 0.0
180.0 5.375
181.0 1.7578125
182.0 2.0390625
183.0 1.1328125
184.0 0.9296875
185.0 1.8515625
186.0 1.4921875
187.0 2.125
188.0 2.296875
189.0 2.296875
190.0 2.453125
191.0 2.3984375
192.0 2.609375
193.0 2.6328125
194.0 0.2890625
195.0 0.0
196.0 6.84375
197.0 2.1875
198.0 2.0
199.0 0.0
200.0 0.0
201.0 4.5078125
202.0 2.421875
203.0 2.515625
204.0 2.4296875
205.0 2.1640625
206.0 2.15625
207.0 1.671875
208.0 0.6015625
209.0 0.8671875
210.0 0.8359375
211.0 1.4140625
212.0 2.7265625
213.0 2.375
214.0 0.3671875
215.0 0.421875
216.0 0.0
217.0 0.0
218.0 0.0
219.0 0.0
220.0 0.0
221.0 6.703125
222.0 2.8203125
223.0 2.7421875
224.0 2.890625
225.0 2.71875
226.0 2.625
227.0 2.609375
228.0 2.609375
229.0 2.1875
230.0 0.65625
231.0 0.0
232.0 0.0
233.0 0.0
234.0 0.421875
235.0 5.7265625
236.0 1.265625
237.0 2.515625
238.0 2.25
239.0 1.8046875
240.0 0.6328125
241.0 0.5078125
242.0 0.8671875
243.0 2.15625
244.0 2.671875
245.0 2.7421875
246.0 0.0
247.0 5.7109375
248.0 0.0
249.0 5.796875
250.0 2.953125
251.0 2.65625
252.0 2.9609375
253.0 2.7578125
254.0 2.96875
255.0 2.875
256.0 2.5390625
257.0 2.9375
258.0 2.7265625
259.0 2.7421875
260.0 3.1484375
261.0 1.1484375
262.0 0.1640625
263.0 0.0
264.0 0.0
265.0 0.0
266.0 0.0
267.0 4.421875
268.0 1.296875
269.0 0.5078125
270.0 1.359375
271.0 1.34375
272.0 1.4765625
273.0 1.6796875
274.0 2.1796875
275.0 2.6953125
276.0 2.4453125
277.0 2.3046875
278.0 1.2421875
279.0 0.5234375
280.0 0.3125
281.0 0.6640625
282.0 2.1875
283.0 1.40625
284.0 0.0
285.0 0.0
286.0 5.84375
287.0 2.1875
288.0 2.75
289.0 2.4140625
290.0 1.3203125
291.0 0.0
292.0 6.421875
293.0 2.7734375
294.0 2.953125
295.0 1.7578125
296.0 0.0
297.0 5.3671875
298.0 3.1484375
299.0 1.609375
300.0 0.46875
301.0 0.4921875
302.0 1.734375
303.0 2.7734375
304.0 1.2890625
305.0 3.7265625
306.0 0.9609375
307.0 1.5390625
308.0 2.8125
309.0 2.890625
310.0 2.921875
311.0 2.609375
312.0 2.546875
313.0 2.7421875
314.0 1.890625
315.0 3.671875
316.0 2.7734375
317.0 1.5234375
318.0 1.1171875
319.0 4.03125
320.0 3.0546875
321.0 2.9375
322.0 3.1015625
323.0 0.9453125
324.0 0.2578125
325.0 0.2578125
326.0 0.140625
327.0 0.3125
328.0 0.375
329.0 0.375
330.0 0.390625
331.0 0.2734375
332.0 0.2578125
333.0 0.8515625
334.0 1.9140625
335.0 0.359375
336.0 0.390625
337.0 0.21875
338.0 0.25
339.0 0.2734375
340.0 0.34375
341.0 0.375
342.0 0.34375
343.0 0.359375
344.0 0.3984375
345.0 0.328125
346.0 0.390625
347.0 0.3984375
348.0 0.0078125
349.0 0.0
350.0 0.0
351.0 0.0
352.0 4.203125
353.0 2.265625
354.0 2.8046875
355.0 2.7734375
356.0 2.640625
357.0 2.3125
358.0 1.890625
359.0 2.59375
360.0 2.4609375
361.0 2.2734375
362.0 2.6015625
363.0 2.8203125
364.0 2.2734375
365.0 0.0
366.0 5.171875
367.0 2.4921875
368.0 2.71875
369.0 2.15625
370.0 1.296875
371.0 0.6953125
372.0 1.734375
373.0 1.625
374.0 0.2890625
375.0 0.0
376.0 4.0625
377.0 4.2421875
378.0 2.9296875
379.0 2.8359375
380.0 2.6953125
381.0 2.8359375
382.0 2.7890625
383.0 2.921875
384.0 2.515625
385.0 0.0
386.0 0.0
387.0 4.203125
388.0 1.328125
389.0 1.4453125
390.0 1.28125
391.0 0.8125
392.0 1.09375
393.0 0.96875
394.0 0.0
395.0 3.21875
396.0 1.46875
397.0 1.140625
398.0 1.265625
399.0 1.375
400.0 1.390625
401.0 1.203125
402.0 1.09375
403.0 1.296875
404.0 1.28125
405.0 1.1953125
406.0 1.28125
407.0 1.1796875
408.0 0.75
409.0 0.2890625
410.0 0.3046875
411.0 0.5546875
412.0 0.8828125
413.0 0.8515625
414.0 1.0859375
415.0 0.0
416.0 0.0
417.0 0.0
418.0 0.0
419.0 0.0
420.0 0.0
421.0 4.6875
422.0 1.390625
423.0 1.0625
424.0 0.0
425.0 0.0
426.0 0.0
427.0 0.5859375
428.0 1.8671875
429.0 1.390625
430.0 1.5078125
431.0 1.1796875
432.0 0.546875
433.0 0.0
434.0 0.0
435.0 0.0
436.0 0.0
437.0 4.0859375
438.0 0.9140625
439.0 0.609375
440.0 0.5390625
441.0 1.109375
442.0 1.2421875
443.0 0.609375
444.0 0.6015625
445.0 0.4921875
446.0 0.609375
447.0 0.421875
448.0 0.4296875
449.0 0.390625
450.0 0.5546875
451.0 0.421875
452.0 0.4296875
453.0 0.390625
454.0 0.515625
455.0 0.0
456.0 0.0
457.0 4.78125
458.0 2.640625
459.0 2.65625
460.0 2.625
461.0 2.890625
462.0 2.640625
463.0 2.453125
464.0 2.390625
465.0 0.0
466.0 4.4453125
467.0 2.0625
468.0 2.234375
469.0 1.8828125
470.0 1.40625
471.0 2.4921875
472.0 2.5234375
473.0 2.421875
474.0 2.4296875
475.0 2.7421875
476.0 2.6953125
477.0 2.546875
478.0 0.0
479.0 4.7578125
480.0 2.1015625
481.0 1.109375
482.0 0.25
483.0 0.0
484.0 3.59375
485.0 0.484375
486.0 0.3984375
487.0 1.09375
488.0 0.4296875
489.0 2.3125
490.0 2.6953125
491.0 2.9375
492.0 2.8359375
493.0 2.6015625
494.0 2.8046875
495.0 2.71875
496.0 2.671875
497.0 2.484375
498.0 1.625
499.0 0.8984375
500.0 0.0
501.0 6.9609375
502.0 2.59375
503.0 2.5234375
504.0 2.8125
505.0 2.5078125
506.0 0.140625
507.0 0.3046875
508.0 5.796875
509.0 1.359375
510.0 1.8671875
511.0 2.578125
512.0 1.953125
513.0 2.71875
514.0 2.34375
515.0 2.1328125
516.0 2.234375
517.0 2.484375
518.0 2.1640625
519.0 0.0
520.0 0.0
521.0 3.0703125
522.0 3.828125
523.0 2.8515625
524.0 2.8671875
525.0 2.5703125
526.0 2.7578125
527.0 2.6875
528.0 2.71875
529.0 2.4921875
530.0 2.4609375
531.0 0.6171875
532.0 4.4140625
533.0 2.546875
534.0 2.5078125
535.0 2.65625
536.0 2.65625
537.0 2.7265625
538.0 2.484375
539.0 2.2109375
540.0 2.3671875
541.0 2.359375
542.0 1.5703125
543.0 0.6171875
544.0 0.609375
545.0 0.3671875
546.0 4.2109375
547.0 2.8046875
548.0 0.4296875
549.0 5.15625
550.0 2.8359375
551.0 2.8203125
552.0 2.78125
553.0 2.8125
554.0 2.78125
555.0 2.4296875
556.0 2.6328125
557.0 2.7109375
558.0 2.640625
559.0 2.5078125
560.0 2.7109375
561.0 2.6875
562.0 0.0
563.0 5.7265625
564.0 2.4921875
565.0 2.8046875
566.0 2.71875
567.0 2.5234375
568.0 1.5703125
569.0 0.0
570.0 4.5
571.0 1.234375
572.0 2.3671875
573.0 2.328125
574.0 1.8046875
575.0 3.53125
576.0 2.015625
577.0 1.015625
578.0 1.5859375
579.0 1.375
580.0 1.4609375
581.0 1.4375
582.0 1.359375
583.0 1.28125
584.0 1.078125
585.0 0.7265625
586.0 0.9609375
587.0 0.8203125
588.0 0.421875
589.0 0.2421875
590.0 0.1875
591.0 0.2578125
592.0 0.40625
593.0 0.40625
594.0 1.046875
595.0 1.3515625
596.0 0.1796875
597.0 0.0
598.0 0.0
599.0 0.0
