0.0 8.4609375
1.0 7.8515625
2.0 8.5078125
3.0 2.515625
4.0 12.46875
5.0 7.3671875
6.0 5.4375
7.0 10.546875
8.0 8.1171875
9.0 9.3984375
10.0 8.4765625
11.0 8.265625
12.0 7.9296875
13.0 7.1953125
14.0 8.734375
15.0 7.9140625
16.0 7.6015625
17.0 8.2265625
18.0 8.703125
19.0 8.6875
20.0 7.8203125
21.0 8.046875
22.0 8.40625
23.0 7.8203125
24.0 8.734375
25.0 9.4765625
26.0 8.8203125
27.0 9.21875
28.0 9.0390625
29.0 9.6875
30.0 9.2421875
31.0 9.078125
32.0 9.0078125
33.0 7.7578125
34.0 8.1328125
35.0 8.203125
36.0 8.890625
37.0 7.40625
38.0 8.9140625
39.0 7.9375
40.0 8.5
41.0 7.7265625
42.0 2.59375
43.0 9.3671875
44.0 4.8125
45.0 8.265625
46.0 8.40625
47.0 7.9609375
48.0 8.71875
49.0 7.40625
50.0 7.4921875
51.0 7.6015625
52.0 7.4375
53.0 7.6875
54.0 8.1328125
55.0 8.53125
56.0 7.3125
57.0 6.0859375
58.0 8.59375
59.0 7.2109375
60.0 7.984375
61.0 7.78125
62.0 8.5
63.0 7.4921875
64.0 9.125
65.0 8.5
66.0 9.0625
67.0 7.484375
68.0 8.2890625
69.0 8.4921875
70.0 6.515625
71.0 10.21875
72.0 8.390625
73.0 8.2578125
74.0 9.2421875
75.0 8.5859375
76.0 8.59375
77.0 8.671875
78.0 8.2734375
79.0 7.9140625
80.0 7.96875
81.0 9.0
82.0 7.359375
83.0 8.4375
84.0 8.8046875
85.0 8.8203125
86.0 8.2890625
87.0 8.5546875
88.0 8.2578125
89.0 8.2109375
90.0 8.4765625
91.0 7.96875
92.0 7.734375
93.0 7.7265625
94.0 8.046875
95.0 8.140625
96.0 7.734375
97.0 7.7578125
98.0 7.765625
99.0 7.9296875
100.0 8.078125
101.0 8.4140625
102.0 8.671875
103.0 7.578125
104.0 7.5546875
105.0 8.65625
106.0 8.015625
107.0 8.59375
108.0 9.1875
109.0 7.8359375
110.0 6.6484375
111.0 9.25
112.0 7.9921875
113.0 8.59375
114.0 9.1328125
115.0 8.1953125
116.0 8.6875
117.0 8.4453125
118.0 8.203125
119.0 5.28125
120.0 5.46875
121.0 7.21875
122.0 6.8359375
123.0 8.1640625
124.0 9.1171875
125.0 8.2109375
126.0 5.0078125
127.0 13.078125
128.0 8.6484375
129.0 8.1953125
130.0 8.375
131.0 8.4453125
132.0 8.7421875
133.0 8.203125
134.0 3.9140625
135.0 13.84375
136.0 8.375
137.0 8.890625
138.0 8.46875
139.0 8.8671875
140.0 9.0703125
141.0 9.0625
142.0 9.7265625
143.0 8.640625
144.0 8.203125
145.0 8.5078125
146.0 9.0625
147.0 8.046875
148.0 9.2265625
149.0 8.625
150.0 8.0625
151.0 4.5078125
152.0 9.4609375
153.0 4.453125
154.0 7.984375
155.0 8.40625
156.0 8.65625
157.0 8.375
158.0 8.34375
159.0 8.0625
160.0 8.5859375
161.0 8.890625
162.0 8.734375
163.0 9.2109375
164.0 8.9140625
165.0 8.703125
166.0 9.359375
167.0 9.1328125
168.0 8.0546875
169.0 8.5625
170.0 9.3984375
171.0 8.59375
172.0 9.3984375
173.0 9.515625
174.0 8.96875
175.0 8.40625
176.0 8.96875
177.0 9.2265625
178.0 9.421875
179.0 9.25
180.0 8.9140625
181.0 7.8828125
182.0 7.96875
183.0 8.8046875
184.0 8.3828125
185.0 8.1640625
186.0 8.2890625
187.0 8.1484375
188.0 8.34375
189.0 8.828125
190.0 8.0625
191.0 7.8828125
192.0 9.046875
193.0 8.3125
194.0 8.6015625
195.0 8.4375
196.0 8.1171875
197.0 9.3046875
198.0 8.6171875
199.0 8.9453125
200.0 9.4453125
201.0 8.5234375
202.0 8.8828125
203.0 9.8125
204.0 8.40625
205.0 7.7890625
206.0 7.3125
207.0 8.4140625
208.0 8.5703125
209.0 7.2109375
210.0 6.0546875
211.0 9.8984375
212.0 7.8984375
213.0 7.65625
214.0 6.6328125
215.0 7.609375
216.0 7.65625
217.0 6.828125
218.0 9.4140625
219.0 8.8984375
220.0 7.421875
221.0 8.5078125
222.0 8.234375
223.0 7.4375
224.0 7.0625
225.0 8.5078125
226.0 8.7421875
227.0 7.546875
228.0 5.25
229.0 7.3671875
230.0 9.2265625
231.0 7.6640625
232.0 7.0703125
233.0 5.6640625
234.0 9.015625
235.0 8.859375
236.0 8.9140625
237.0 9.0390625
238.0 6.3046875
239.0 5.6796875
240.0 6.3515625
241.0 9.71875
242.0 9.0625
243.0 9.34375
244.0 9.390625
245.0 7.734375
246.0 8.8828125
247.0 9.484375
248.0 8.859375
249.0 9.28125
250.0 9.78125
251.0 9.0390625
252.0 9.3671875
253.0 9.421875
254.0 9.359375
255.0 9.1875
256.0 9.2109375
257.0 9.1015625
258.0 9.5078125
259.0 9.5390625
260.0 8.2265625
261.0 8.234375
262.0 6.453125
263.0 11.203125
264.0 9.0
265.0 8.75
266.0 7.71875
267.0 4.6796875
268.0 6.453125
269.0 8.03125
270.0 8.2578125
271.0 9.0078125
272.0 9.1484375
273.0 8.625
274.0 8.828125
275.0 7.9296875
276.0 7.5546875
277.0 8.5390625
278.0 8.828125
279.0 8.9765625
280.0 9.1796875
281.0 9.2265625
282.0 8.6796875
283.0 8.7109375
284.0 8.65625
285.0 9.15625
286.0 9.390625
287.0 9.3671875
288.0 9.015625
289.0 8.9453125
290.0 8.921875
291.0 7.3359375
292.0 6.5859375
293.0 7.21875
294.0 9.34375
295.0 9.5390625
296.0 9.125
297.0 8.53125
298.0 9.359375
299.0 8.953125
300.0 9.296875
301.0 9.015625
302.0 9.1328125
303.0 9.484375
304.0 8.9453125
305.0 9.1015625
306.0 9.5078125
307.0 9.6328125
308.0 9.3671875
309.0 9.0703125
310.0 8.953125
311.0 9.296875
312.0 8.390625
313.0 9.390625
314.0 8.953125
315.0 8.796875
316.0 8.921875
317.0 8.1171875
318.0 8.1328125
319.0 8.046875
320.0 8.328125
321.0 7.5546875
322.0 7.6015625
323.0 7.7578125
324.0 4.484375
325.0 12.6953125
326.0 8.0546875
327.0 7.359375
328.0 8.078125
329.0 8.3125
330.0 8.8359375
331.0 9.25
332.0 8.015625
333.0 8.2265625
334.0 8.9375
335.0 8.6796875
336.0 8.828125
337.0 8.7890625
338.0 9.0
339.0 9.1484375
340.0 7.3984375
341.0 8.2734375
342.0 8.75
343.0 8.2265625
344.0 8.953125
345.0 8.75
346.0 8.03125
347.0 5.109375
348.0 11.7578125
349.0 7.8203125
350.0 7.65625
351.0 7.6640625
352.0 6.359375
353.0 7.65625
354.0 8.03125
355.0 8.34375
356.0 8.7421875
357.0 8.3125
358.0 8.0859375
359.0 8.7109375
360.0 8.5859375
361.0 7.40625
362.0 8.9453125
363.0 8.7734375
364.0 8.4140625
365.0 7.8828125
366.0 9.015625
367.0 8.65625
368.0 7.9453125
369.0 8.6796875
370.0 8.59375
371.0 8.7890625
372.0 8.5546875
373.0 7.8359375
374.0 6.9921875
375.0 7.359375
376.0 9.1875
377.0 8.2265625
378.0 4.6796875
379.0 13.390625
380.0 9.2734375
381.0 8.7734375
382.0 9.1015625
383.0 8.265625
384.0 7.75
385.0 8.6875
386.0 8.2890625
387.0 8.984375
388.0 7.703125
389.0 8.8046875
390.0 8.0234375
391.0 8.953125
392.0 7.8828125
393.0 8.75
394.0 8.2890625
395.0 9.5078125
396.0 8.328125
397.0 8.9453125
398.0 8.1171875
399.0 8.234375
400.0 7.7265625
401.0 8.859375
402.0 8.1484375
403.0 8.2890625
404.0 8.6171875
405.0 8.640625
406.0 8.96875
407.0 9.125
408.0 9.625
409.0 9.265625
410.0 9.265625
411.0 8.5390625
412.0 8.5390625
413.0 8.75
414.0 8.828125
415.0 8.4375
416.0 8.65625
417.0 8.75
418.0 7.578125
419.0 7.5390625
420.0 8.71875
421.0 8.40625
422.0 8.65625
423.0 8.7734375
424.0 8.8203125
425.0 9.2265625
426.0 8.7890625
427.0 8.6171875
428.0 9.6328125
429.0 9.125
430.0 8.765625
431.0 8.5546875
432.0 5.515625
433.0 13.0078125
434.0 9.3046875
435.0 9.046875
436.0 9.34375
437.0 8.4765625
438.0 9.2109375
439.0 9.046875
440.0 5.9375
441.0 9.8359375
442.0 8.4453125
443.0 9.0703125
444.0 9.21875
445.0 8.921875
446.0 9.1796875
447.0 9.0625
448.0 9.640625
449.0 8.71875
450.0 8.7734375
451.0 8.8984375
452.0 7.96875
453.0 8.5390625
454.0 8.5234375
455.0 9.0078125
456.0 9.4453125
457.0 7.578125
458.0 8.53125
459.0 9.1015625
460.0 8.9765625
461.0 9.265625
462.0 9.296875
463.0 9.34375
464.0 9.0390625
465.0 7.8828125
466.0 8.4375
467.0 8.171875
468.0 8.4140625
469.0 9.1953125
470.0 9.453125
471.0 7.40625
472.0 7.2734375
473.0 7.0390625
474.0 6.40625
475.0 7.9140625
476.0 9.0703125
477.0 8.046875
478.0 7.3125
479.0 6.9609375
480.0 8.734375
481.0 9.1640625
482.0 9.0703125
483.0 9.5234375
484.0 9.3359375
485.0 9.1328125
486.0 9.1640625
487.0 9.390625
488.0 9.3984375
489.0 9.5234375
490.0 8.8203125
491.0 4.9921875
492.0 13.0625
493.0 8.703125
494.0 8.75
495.0 9.4140625
496.0 4.59375
497.0 6.5390625
498.0 9.1796875
499.0 8.3203125
500.0 7.71875
501.0 9.2265625
502.0 9.2734375
503.0 8.1953125
504.0 8.8359375
505.0 8.4609375
506.0 8.8203125
507.0 5.3203125
508.0 12.78125
509.0 9.21875
510.0 9.015625
511.0 8.671875
512.0 9.09375
513.0 8.328125
514.0 7.984375
515.0 8.171875
516.0 8.53125
517.0 8.4140625
518.0 8.4765625
519.0 8.9453125
520.0 9.09375
521.0 9.25
522.0 9.0625
523.0 9.5546875
524.0 9.3984375
525.0 9.1484375
526.0 8.9765625
527.0 8.734375
528.0 8.078125
529.0 4.8125
530.0 12.9765625
531.0 9.2421875
532.0 6.6875
533.0 11.28125
534.0 8.0625
535.0 8.7421875
536.0 9.1640625
537.0 9.421875
538.0 9.609375
539.0 9.1796875
540.0 8.7421875
541.0 9.0703125
542.0 8.8359375
543.0 8.796875
544.0 8.7421875
545.0 9.1640625
546.0 8.359375
547.0 8.890625
548.0 8.4921875
549.0 5.7890625
550.0 7.28125
551.0 8.2734375
552.0 7.34375
553.0 7.0703125
554.0 8.8515625
555.0 8.46875
556.0 9.21875
557.0 9.4453125
558.0 9.1015625
559.0 8.0625
560.0 8.40625
561.0 8.09375
562.0 6.6015625
563.0 11.296875
564.0 9.4140625
565.0 9.0
566.0 8.7109375
567.0 9.0078125
568.0 8.2421875
569.0 8.53125
570.0 7.90625
571.0 5.6796875
572.0 5.890625
573.0 5.3125
574.0 2.328125
575.0 8.2890625
576.0 7.65625
577.0 7.0078125
578.0 6.2109375
579.0 8.078125
580.0 7.4375
581.0 5.6171875
582.0 7.4375
583.0 5.9765625
584.0 5.2578125
585.0 6.0546875
586.0 8.078125
587.0 8.5390625
588.0 8.140625
589.0 7.75
590.0 8.375
591.0 8.1484375
592.0 6.296875
593.0 4.7265625
594.0 7.3046875
595.0 7.5234375
596.0 5.6640625
597.0 4.7265625
598.0 6.2265625
599.0 7.25
