0.0 6.2890625
1.0 5.0703125
2.0 5.140625
3.0 5.109375
4.0 5.4296875
5.0 3.0234375
6.0 7.875
7.0 5.2734375
8.0 5.2578125
9.0 5.3125
10.0 5.015625
11.0 5.15625
12.0 5.3125
13.0 5.109375
14.0 5.171875
15.0 4.8359375
16.0 5.1328125
17.0 4.9765625
18.0 0.453125
19.0 9.4609375
20.0 4.921875
21.0 5.0078125
22.0 4.796875
23.0 5.0234375
24.0 4.7578125
25.0 0.3125
26.0 9.296875
27.0 4.71875
28.0 5.109375
29.0 5.015625
30.0 5.0546875
31.0 4.921875
32.0 5.046875
33.0 4.78125
34.0 2.09375
35.0 7.578125
36.0 2.1171875
37.0 7.765625
38.0 5.109375
39.0 5.0546875
40.0 4.9765625
41.0 4.9921875
42.0 5.0078125
43.0 5.0546875
44.0 5.078125
45.0 4.9921875
46.0 5.140625
47.0 4.9765625
48.0 5.1875
49.0 4.9921875
50.0 5.2265625
51.0 5.0234375
52.0 5.1328125
53.0 5.1328125
54.0 4.984375
55.0 5.21875
56.0 5.25
57.0 5.109375
58.0 5.015625
59.0 5.0859375
60.0 4.9921875
61.0 5.125
62.0 4.9453125
63.0 4.8671875
64.0 5.1875
65.0 4.9296875
66.0 1.0234375
67.0 8.9765625
68.0 5.15625
69.0 5.109375
70.0 5.0546875
71.0 5.25
72.0 5.2578125
73.0 5.3046875
74.0 5.078125
75.0 5.25
76.0 5.1640625
77.0 5.3046875
78.0 5.140625
79.0 5.15625
80.0 1.4375
81.0 9.0703125
82.0 5.203125
83.0 5.1875
84.0 5.171875
85.0 1.375
86.0 9.1796875
87.0 5.3046875
88.0 5.2734375
89.0 5.203125
90.0 4.9296875
91.0 5.203125
92.0 4.9453125
93.0 5.0703125
94.0 5.1640625
95.0 5.046875
96.0 4.984375
97.0 4.9453125
98.0 0.5546875
99.0 9.3671875
100.0 5.078125
101.0 5.1328125
102.0 5.0390625
103.0 5.015625
104.0 2.8984375
105.0 7.25
106.0 4.9609375
107.0 4.9296875
108.0 4.8125
109.0 4.859375
110.0 4.984375
111.0 4.890625
112.0 5.015625
113.0 4.84375
114.0 4.90625
115.0 5.0234375
116.0 3.5546875
117.0 6.0
118.0 4.859375
119.0 4.859375
120.0 4.5703125
121.0 5.1015625
122.0 4.8984375
123.0 4.7421875
124.0 1.3515625
125.0 8.4453125
126.0 5.1328125
127.0 4.8984375
128.0 4.890625
129.0 5.0703125
130.0 4.9921875
131.0 5.0078125
132.0 2.2109375
133.0 7.734375
134.0 5.015625
135.0 5.078125
136.0 5.0859375
137.0 5.2890625
138.0 2.1796875
139.0 8.0625
140.0 4.953125
141.0 5.0703125
142.0 4.7578125
143.0 4.9609375
144.0 5.0859375
145.0 5.2578125
146.0 5.1875
147.0 5.0546875
148.0 5.0078125
149.0 5.0234375
150.0 5.0859375
151.0 5.046875
152.0 4.828125
153.0 5.203125
154.0 5.109375
155.0 5.1015625
156.0 5.1640625
157.0 5.203125
158.0 5.0859375
159.0 5.25
160.0 5.2265625
161.0 5.140625
162.0 5.421875
163.0 2.1328125
164.0 8.2109375
165.0 5.0390625
166.0 5.0703125
167.0 5.15625
168.0 5.1015625
169.0 5.1875
170.0 5.2890625
171.0 5.234375
172.0 5.1640625
173.0 5.3046875
174.0 5.0703125
175.0 4.8046875
176.0 5.4609375
177.0 5.21875
178.0 5.203125
179.0 5.234375
180.0 5.1328125
181.0 5.0859375
182.0 4.953125
183.0 4.21875
184.0 5.75
185.0 5.171875
186.0 5.140625
187.0 5.1640625
188.0 5.046875
189.0 4.9921875
190.0 4.9921875
191.0 4.90625
192.0 5.109375
193.0 5.1640625
194.0 5.1328125
195.0 4.9453125
196.0 0.6015625
197.0 9.6015625
198.0 5.0546875
199.0 1.3203125
200.0 8.640625
201.0 4.8984375
202.0 4.921875
203.0 5.2890625
204.0 3.96875
205.0 6.03125
206.0 4.9296875
207.0 4.796875
208.0 4.890625
209.0 4.859375
210.0 4.953125
211.0 5.078125
212.0 4.984375
213.0 4.984375
214.0 4.890625
215.0 4.890625
216.0 5.015625
217.0 5.0703125
218.0 3.3125
219.0 6.4375
220.0 4.9921875
221.0 4.9609375
222.0 4.953125
223.0 4.9453125
224.0 4.90625
225.0 5.0234375
226.0 5.109375
227.0 5.0078125
228.0 5.1328125
229.0 4.8984375
230.0 5.078125
231.0 4.9296875
232.0 1.0859375
233.0 9.1484375
234.0 5.234375
235.0 5.25
236.0 5.1875
237.0 4.6953125
238.0 5.7578125
239.0 5.0546875
240.0 5.0234375
241.0 5.140625
242.0 5.2734375
243.0 5.1953125
244.0 5.34375
245.0 5.2578125
246.0 5.125
247.0 5.0546875
248.0 5.140625
249.0 5.109375
250.0 5.1015625
251.0 5.21875
252.0 5.3046875
253.0 5.15625
254.0 5.3671875
255.0 5.1640625
256.0 2.359375
257.0 8.078125
258.0 5.1328125
259.0 5.3515625
260.0 5.4921875
261.0 5.28125
262.0 5.1953125
263.0 5.1953125
264.0 5.3125
265.0 5.0546875
266.0 5.234375
267.0 5.1640625
268.0 5.3359375
269.0 5.234375
270.0 5.3046875
271.0 5.1640625
272.0 5.109375
273.0 5.2265625
274.0 5.546875
275.0 5.234375
276.0 5.203125
277.0 5.28125
278.0 5.2890625
279.0 5.2265625
280.0 5.2734375
281.0 0.390625
282.0 9.7421875
283.0 5.25
284.0 5.078125
285.0 5.25
286.0 5.125
287.0 5.140625
288.0 4.578125
289.0 5.6796875
290.0 5.25
291.0 5.125
292.0 5.3046875
293.0 5.1953125
294.0 4.984375
295.0 5.0859375
296.0 4.9453125
297.0 4.9765625
298.0 5.0703125
299.0 5.046875
300.0 4.6953125
301.0 0.671875
302.0 9.1484375
303.0 4.8984375
304.0 4.84375
305.0 5.1328125
306.0 4.890625
307.0 4.984375
308.0 5.2734375
309.0 5.2578125
310.0 0.78125
311.0 9.59375
312.0 5.15625
313.0 4.9765625
314.0 4.921875
315.0 5.0078125
316.0 4.8359375
317.0 4.8046875
318.0 4.9453125
319.0 4.9296875
320.0 4.9921875
321.0 5.015625
322.0 4.9765625
323.0 0.78125
324.0 9.4609375
325.0 5.140625
326.0 5.046875
327.0 5.140625
328.0 5.109375
329.0 5.1328125
330.0 5.0078125
331.0 4.7578125
332.0 0.546875
333.0 9.5234375
334.0 5.0390625
335.0 5.109375
336.0 5.125
337.0 5.0234375
338.0 5.0859375
339.0 3.65625
340.0 6.3359375
341.0 5.2890625
342.0 5.375
343.0 5.203125
344.0 5.28125
345.0 5.2890625
346.0 5.171875
347.0 5.3828125
348.0 5.2890625
349.0 5.34375
350.0 5.4921875
351.0 5.3671875
352.0 5.1328125
353.0 5.2734375
354.0 0.390625
355.0 10.046875
356.0 5.25
357.0 5.203125
358.0 4.984375
359.0 1.2578125
360.0 9.1328125
361.0 5.0234375
362.0 5.1953125
363.0 4.8984375
364.0 5.15625
365.0 5.2578125
366.0 5.078125
367.0 5.234375
368.0 4.8125
369.0 5.1328125
370.0 5.0859375
371.0 4.8984375
372.0 1.703125
373.0 8.4140625
374.0 5.3125
375.0 5.140625
376.0 2.3984375
377.0 7.84375
378.0 4.796875
379.0 4.9765625
380.0 4.9453125
381.0 5.1953125
382.0 5.15625
383.0 5.1875
384.0 5.1953125
385.0 5.140625
386.0 5.125
387.0 4.875
388.0 4.8046875
389.0 2.984375
390.0 7.15625
391.0 5.109375
392.0 5.28125
393.0 4.9453125
394.0 3.5546875
395.0 6.53125
396.0 5.171875
397.0 5.1953125
398.0 5.1328125
399.0 5.046875
400.0 5.1953125
401.0 5.234375
402.0 4.921875
403.0 5.109375
404.0 4.9453125
405.0 5.0234375
406.0 5.109375
407.0 5.0546875
408.0 0.75
409.0 9.8203125
410.0 5.140625
411.0 5.234375
412.0 5.046875
413.0 1.5078125
414.0 6.109375
415.0 7.96875
416.0 5.3359375
417.0 5.453125
418.0 5.2578125
419.0 5.25
420.0 5.2265625
421.0 5.1875
422.0 5.375
423.0 5.3125
424.0 5.3671875
425.0 5.3125
426.0 5.25
427.0 5.3515625
428.0 4.5
429.0 5.8515625
430.0 5.1953125
431.0 5.28125
432.0 5.21875
433.0 3.1640625
434.0 7.5234375
435.0 5.2578125
436.0 5.3125
437.0 5.1328125
438.0 5.25
439.0 5.3984375
440.0 5.3203125
441.0 5.40625
442.0 3.5625
443.0 6.921875
444.0 5.2265625
445.0 5.2265625
446.0 5.2265625
447.0 5.0859375
448.0 5.2734375
449.0 5.25
450.0 5.3125
451.0 5.1640625
452.0 5.0859375
453.0 4.90625
454.0 5.3359375
455.0 5.3828125
456.0 4.171875
457.0 6.4453125
458.0 5.1875
459.0 5.453125
460.0 5.3359375
461.0 5.21875
462.0 5.2890625
463.0 3.5546875
464.0 7.0078125
465.0 5.15625
466.0 4.921875
467.0 5.140625
468.0 4.9609375
469.0 5.1640625
470.0 5.0703125
471.0 5.171875
472.0 5.1640625
473.0 5.046875
474.0 5.25
475.0 5.1640625
476.0 3.671875
477.0 6.46875
478.0 4.796875
479.0 5.0546875
480.0 5.0859375
481.0 5.0546875
482.0 1.5234375
483.0 8.765625
484.0 5.109375
485.0 5.1015625
486.0 5.078125
487.0 5.15625
488.0 5.0546875
489.0 4.7421875
490.0 2.25
491.0 7.796875
492.0 4.9921875
493.0 4.8984375
494.0 4.8359375
495.0 4.9296875
496.0 5.0234375
497.0 5.1328125
498.0 4.9765625
499.0 5.203125
500.0 4.984375
501.0 5.015625
502.0 5.015625
503.0 5.0546875
504.0 5.2890625
505.0 5.25
506.0 5.3203125
507.0 5.4375
508.0 5.125
509.0 5.0234375
510.0 5.0390625
511.0 5.0390625
512.0 2.453125
513.0 8.03125
514.0 5.1640625
515.0 5.3671875
516.0 5.1640625
517.0 5.203125
518.0 4.9921875
519.0 0.71875
520.0 9.4609375
521.0 5.1875
522.0 5.171875
523.0 5.1328125
524.0 4.9609375
525.0 5.0390625
526.0 5.015625
527.0 4.953125
528.0 5.1015625
529.0 5.15625
530.0 5.34375
531.0 5.1875
532.0 2.234375
533.0 8.1640625
534.0 5.2734375
535.0 5.2578125
536.0 5.0078125
537.0 5.0703125
538.0 2.0390625
539.0 8.5625
540.0 5.40625
541.0 5.171875
542.0 5.1328125
543.0 5.21875
544.0 5.171875
545.0 5.46875
546.0 5.125
547.0 5.25
548.0 5.3671875
549.0 5.2578125
550.0 3.0546875
551.0 7.390625
552.0 5.3203125
553.0 5.2890625
554.0 5.21875
555.0 5.2734375
556.0 5.3515625
557.0 5.3203125
558.0 5.3125
559.0 5.234375
560.0 5.1015625
561.0 3.25
562.0 7.0703125
563.0 5.1640625
564.0 5.21875
565.0 5.0390625
566.0 5.15625
567.0 5.2265625
568.0 5.046875
569.0 1.71875
570.0 8.6015625
571.0 4.8046875
572.0 5.4296875
573.0 5.046875
574.0 5.0859375
575.0 5.0859375
576.0 5.0390625
577.0 4.9453125
578.0 5.203125
579.0 5.140625
580.0 5.0703125
581.0 5.1953125
582.0 4.6015625
583.0 0.671875
584.0 9.84375
585.0 5.140625
586.0 5.234375
587.0 5.1875
588.0 5.0859375
589.0 0.78125
590.0 9.59375
591.0 5.0390625
592.0 5.0703125
593.0 5.0234375
594.0 5.078125
595.0 4.9921875
596.0 4.84375
597.0 5.0234375
598.0 4.9296875
599.0 4.9296875
