0.0 4.3515625
1.0 4.484375
2.0 1.328125
3.0 7.4296875
4.0 4.3828125
5.0 4.0625
6.0 4.3828125
7.0 4.3203125
8.0 4.5625
9.0 4.796875
10.0 4.46875
11.0 4.7734375
12.0 4.7265625
13.0 4.4765625
14.0 4.4765625
15.0 4.5390625
16.0 0.2734375
17.0 9.078125
18.0 4.46875
19.0 4.609375
20.0 4.546875
21.0 1.8046875
22.0 7.484375
23.0 4.5078125
24.0 4.5078125
25.0 4.65625
26.0 4.5625
27.0 4.6328125
28.0 4.75
29.0 4.6953125
30.0 4.65625
31.0 4.7734375
32.0 4.5703125
33.0 4.65625
34.0 1.1328125
35.0 8.390625
36.0 4.7109375
37.0 4.7265625
38.0 4.875
39.0 4.1484375
40.0 5.1953125
41.0 4.65625
42.0 4.78125
43.0 4.6640625
44.0 4.7109375
45.0 4.8125
46.0 4.7421875
47.0 4.7265625
48.0 4.78125
49.0 4.8359375
50.0 4.8359375
51.0 4.65625
52.0 3.34375
53.0 6.125
54.0 4.6953125
55.0 4.578125
56.0 4.53125
57.0 4.3828125
58.0 5.25
59.0 4.8359375
60.0 4.6875
61.0 4.796875
62.0 4.71875
63.0 4.6484375
64.0 4.7109375
65.0 4.8125
66.0 4.5390625
67.0 4.7578125
68.0 4.75
69.0 4.7265625
70.0 4.6328125
71.0 0.703125
72.0 8.9765625
73.0 4.625
74.0 4.484375
75.0 4.546875
76.0 4.125
77.0 5.3125
78.0 4.8125
79.0 4.59375
80.0 4.3671875
81.0 5.140625
82.0 4.4765625
83.0 4.609375
84.0 4.6640625
85.0 4.6796875
86.0 4.8046875
87.0 4.71875
88.0 4.796875
89.0 4.71875
90.0 4.6015625
91.0 4.5703125
92.0 4.6015625
93.0 4.46875
94.0 2.3359375
95.0 6.84375
96.0 4.3984375
97.0 4.4765625
98.0 4.5390625
99.0 1.671875
100.0 7.21875
101.0 4.3046875
102.0 4.7421875
103.0 4.5703125
104.0 4.453125
105.0 4.4296875
106.0 4.46875
107.0 4.265625
108.0 4.3828125
109.0 4.484375
110.0 4.75
111.0 4.53125
112.0 4.328125
113.0 0.0
114.0 9.15625
115.0 4.6484375
116.0 4.6640625
117.0 4.6015625
118.0 4.421875
119.0 0.0
120.0 9.046875
121.0 3.890625
122.0 3.46875
123.0 4.328125
124.0 4.515625
125.0 4.453125
126.0 4.21875
127.0 4.359375
128.0 4.3515625
129.0 4.5703125
130.0 4.6875
131.0 3.1484375
132.0 6.125
133.0 4.6328125
134.0 4.9296875
135.0 4.953125
136.0 4.7109375
137.0 1.65625
138.0 7.96875
139.0 4.6484375
140.0 4.453125
141.0 4.421875
142.0 4.953125
143.0 4.828125
144.0 4.3359375
145.0 4.171875
146.0 4.46875
147.0 4.65625
148.0 4.8359375
149.0 4.7109375
150.0 3.5
151.0 5.9375
152.0 4.78125
153.0 4.6484375
154.0 4.625
155.0 1.265625
156.0 8.078125
157.0 4.7109375
158.0 4.5
159.0 4.484375
160.0 4.59375
161.0 4.71875
162.0 4.71875
163.0 4.59375
164.0 4.5
165.0 4.421875
166.0 4.4453125
167.0 1.28125
168.0 7.6640625
169.0 4.78125
170.0 4.7265625
171.0 4.6640625
172.0 4.9296875
173.0 4.8671875
174.0 4.9296875
175.0 4.7265625
176.0 0.375
177.0 9.1875
178.0 4.9609375
179.0 4.6796875
180.0 4.921875
181.0 4.921875
182.0 4.6875
183.0 4.828125
184.0 4.796875
185.0 4.65625
186.0 4.6796875
187.0 4.6875
188.0 4.8359375
189.0 4.71875
190.0 4.59375
191.0 4.5625
192.0 4.484375
193.0 4.9296875
194.0 4.828125
195.0 4.7109375
196.0 4.8125
197.0 4.6328125
198.0 4.78125
199.0 4.921875
200.0 4.7578125
201.0 4.5390625
202.0 4.625
203.0 4.609375
204.0 4.578125
205.0 4.578125
206.0 4.71875
207.0 4.7421875
208.0 1.46875
209.0 8.171875
210.0 4.625
211.0 4.890625
212.0 4.6328125
213.0 4.2109375
214.0 0.0
215.0 9.3359375
216.0 4.25
217.0 4.2734375
218.0 4.484375
219.0 4.609375
220.0 4.7265625
221.0 4.7421875
222.0 4.4296875
223.0 4.1875
224.0 4.25
225.0 4.0078125
226.0 2.5625
227.0 5.9609375
228.0 4.25
229.0 4.28125
230.0 2.1640625
231.0 6.2578125
232.0 4.0390625
233.0 4.0234375
234.0 4.328125
235.0 4.125
236.0 4.0859375
237.0 4.1796875
238.0 4.390625
239.0 4.1875
240.0 4.21875
241.0 3.765625
242.0 3.9765625
243.0 4.1171875
244.0 0.1796875
245.0 8.2734375
246.0 4.1875
247.0 4.171875
248.0 4.25
249.0 2.1953125
250.0 0.0
251.0 7.4296875
252.0 1.6796875
253.0 4.2421875
254.0 4.0859375
255.0 4.234375
256.0 4.0390625
257.0 4.3046875
258.0 4.0546875
259.0 1.65625
260.0 6.6875
261.0 4.03125
262.0 4.25
263.0 4.1015625
264.0 3.1484375
265.0 4.2109375
266.0 5.125
267.0 4.0546875
268.0 4.171875
269.0 4.28125
270.0 4.3359375
271.0 4.359375
272.0 4.203125
273.0 5.078125
274.0 5.578125
275.0 5.53125
276.0 5.6171875
277.0 1.7578125
278.0 9.78125
279.0 5.7890625
280.0 6.0546875
281.0 5.8515625
282.0 5.6796875
283.0 4.265625
284.0 7.546875
285.0 5.6640625
286.0 5.5625
287.0 5.9453125
288.0 6.09375
289.0 5.9453125
290.0 5.4609375
291.0 6.140625
292.0 5.890625
293.0 5.890625
294.0 5.84375
295.0 5.90625
296.0 6.0078125
297.0 6.15625
298.0 5.8203125
299.0 5.8515625
300.0 6.0078125
301.0 5.9453125
302.0 6.1484375
303.0 5.96875
304.0 6.203125
305.0 6.0859375
306.0 6.140625
307.0 6.3046875
308.0 6.0
309.0 5.640625
310.0 5.9609375
311.0 5.96875
312.0 6.359375
313.0 6.5
314.0 6.3203125
315.0 6.4765625
316.0 6.7109375
317.0 6.1875
318.0 6.203125
319.0 6.484375
320.0 4.453125
321.0 8.0546875
322.0 6.2890625
323.0 6.0859375
324.0 5.6953125
325.0 6.0234375
326.0 6.078125
327.0 6.4140625
328.0 6.6328125
329.0 6.65625
330.0 6.125
331.0 6.40625
332.0 6.1484375
333.0 6.0390625
334.0 6.5859375
335.0 6.5625
336.0 6.3671875
337.0 6.328125
338.0 6.890625
339.0 6.4140625
340.0 6.421875
341.0 6.3828125
342.0 6.2421875
343.0 6.2578125
344.0 6.3671875
345.0 6.296875
346.0 6.78125
347.0 6.4453125
348.0 2.84375
349.0 9.3046875
350.0 5.7265625
351.0 6.390625
352.0 6.3515625
353.0 4.3828125
354.0 8.171875
355.0 6.078125
356.0 6.5390625
357.0 5.9375
358.0 5.796875
359.0 5.5625
360.0 5.796875
361.0 5.7578125
362.0 5.890625
363.0 5.9453125
364.0 6.2421875
365.0 6.234375
366.0 2.9921875
367.0 9.1484375
368.0 6.2890625
369.0 6.0390625
370.0 5.90625
371.0 1.390625
372.0 11.0234375
373.0 6.03125
374.0 5.9453125
375.0 6.0390625
376.0 3.3828125
377.0 8.8046875
378.0 6.109375
379.0 5.9609375
380.0 5.9921875
381.0 5.7890625
382.0 5.765625
383.0 5.8515625
384.0 5.640625
385.0 6.2734375
386.0 6.2578125
387.0 6.09375
388.0 4.984375
389.0 1.5625
390.0 9.6875
391.0 6.1171875
392.0 5.9296875
393.0 6.0546875
394.0 5.9375
395.0 6.0078125
396.0 6.140625
397.0 6.2421875
398.0 6.0
399.0 6.1171875
400.0 5.9765625
401.0 6.1796875
402.0 6.171875
403.0 6.0
404.0 5.828125
405.0 5.890625
406.0 4.1875
407.0 7.75
408.0 5.9453125
409.0 5.96875
410.0 5.9921875
411.0 6.0546875
412.0 6.6640625
413.0 6.359375
414.0 6.2734375
415.0 6.5625
416.0 5.6328125
417.0 5.8515625
418.0 5.5625
419.0 6.265625
420.0 6.125
421.0 6.5
422.0 5.640625
423.0 5.859375
424.0 5.9453125
425.0 5.7578125
426.0 5.75
427.0 6.453125
428.0 6.2890625
429.0 4.3828125
430.0 7.578125
431.0 5.7890625
432.0 5.8515625
433.0 5.84375
434.0 5.9609375
435.0 1.4765625
436.0 10.890625
437.0 6.125
438.0 5.6640625
439.0 6.171875
440.0 5.890625
441.0 5.9765625
442.0 5.8125
443.0 6.078125
444.0 6.1875
445.0 5.828125
446.0 6.4765625
447.0 5.40625
448.0 5.3515625
449.0 5.828125
450.0 5.8125
451.0 6.328125
452.0 6.2890625
453.0 5.84375
454.0 6.109375
455.0 6.3671875
456.0 6.5625
457.0 6.3203125
458.0 6.2578125
459.0 1.4375
460.0 10.8828125
461.0 6.265625
462.0 6.3359375
463.0 6.328125
464.0 6.4140625
465.0 6.1875
466.0 6.1875
467.0 6.09375
468.0 6.4375
469.0 6.2578125
470.0 6.296875
471.0 6.0390625
472.0 6.1796875
473.0 6.4140625
474.0 6.234375
475.0 6.0859375
476.0 3.4765625
477.0 9.1875
478.0 6.140625
479.0 5.9375
480.0 6.2890625
481.0 6.2890625
482.0 5.3984375
483.0 6.9765625
484.0 6.421875
485.0 6.2109375
486.0 6.078125
487.0 6.140625
488.0 6.2265625
489.0 6.2421875
490.0 6.3359375
491.0 6.203125
492.0 6.296875
493.0 6.1796875
494.0 6.265625
495.0 6.2265625
496.0 6.203125
497.0 6.2578125
498.0 6.09375
499.0 5.0390625
500.0 7.40625
501.0 6.0390625
502.0 6.0859375
503.0 6.4140625
504.0 5.7890625
505.0 4.75
506.0 4.484375
507.0 4.515625
508.0 5.9921875
509.0 6.3828125
510.0 5.3828125
511.0 4.84375
512.0 2.984375
513.0 6.078125
514.0 6.125
515.0 5.9765625
516.0 6.0234375
517.0 2.296875
518.0 10.25
519.0 6.3671875
520.0 6.1171875
521.0 6.1796875
522.0 5.9375
523.0 6.0859375
524.0 6.0234375
525.0 6.2578125
526.0 5.8828125
527.0 6.1796875
528.0 5.453125
529.0 5.4921875
530.0 5.3671875
531.0 5.515625
532.0 5.5625
533.0 5.703125
534.0 5.9453125
535.0 5.9140625
536.0 6.1171875
537.0 6.703125
538.0 5.5859375
539.0 5.3125
540.0 5.203125
541.0 4.9453125
542.0 5.3515625
543.0 5.9296875
544.0 5.8515625
545.0 6.078125
546.0 6.359375
547.0 4.6484375
548.0 7.6640625
549.0 6.2421875
550.0 6.2734375
551.0 6.296875
552.0 6.03125
553.0 2.046875
554.0 10.28125
555.0 6.3671875
556.0 6.5390625
557.0 6.4140625
558.0 6.390625
559.0 6.625
560.0 6.4765625
561.0 6.2265625
562.0 5.75
563.0 5.75
564.0 5.8203125
565.0 1.46875
566.0 10.9140625
567.0 6.171875
568.0 6.3046875
569.0 6.3046875
570.0 6.5390625
571.0 6.3046875
572.0 6.2109375
573.0 6.4140625
574.0 6.2265625
575.0 6.3671875
576.0 6.421875
577.0 6.40625
578.0 6.109375
579.0 6.5
580.0 6.5625
581.0 6.40625
582.0 6.2265625
583.0 6.140625
584.0 5.40625
585.0 5.21875
586.0 6.0859375
587.0 6.65625
588.0 6.296875
589.0 6.5078125
590.0 6.390625
591.0 6.390625
592.0 6.484375
593.0 6.40625
594.0 6.0234375
595.0 5.734375
596.0 6.296875
597.0 6.140625
598.0 6.1484375
599.0 6.7734375
