0.0 2.671875
1.0 0.0
2.0 0.359375
3.0 0.984375
4.0 0.9375
5.0 1.0546875
6.0 1.078125
7.0 1.0
8.0 1.0625
9.0 0.9453125
10.0 0.8671875
11.0 0.0
12.0 2.03125
13.0 0.5703125
14.0 0.3359375
15.0 0.90625
16.0 1.015625
17.0 0.9375
18.0 1.0
19.0 0.9140625
20.0 0.9296875
21.0 0.9375
22.0 1.015625
23.0 1.03125
24.0 1.0
25.0 1.015625
26.0 1.0234375
27.0 1.0234375
28.0 0.9375
29.0 0.9140625
30.0 0.9140625
31.0 0.9921875
32.0 0.8046875
33.0 0.0
34.0 0.0
35.0 0.0
36.0 0.0
37.0 4.859375
38.0 0.9140625
39.0 0.9375
40.0 0.2421875
41.0 0.0
42.0 0.0
43.0 3.4921875
44.0 0.96875
45.0 0.9609375
46.0 1.0
47.0 0.9453125
48.0 0.8984375
49.0 0.9296875
50.0 0.9375
51.0 0.8828125
52.0 0.9140625
53.0 0.9296875
54.0 0.765625
55.0 0.0
56.0 0.0
57.0 0.0
58.0 0.0
59.0 4.8046875
60.0 0.8984375
61.0 0.8984375
62.0 0.875
63.0 0.8984375
64.0 0.109375
65.0 0.0
66.0 0.0
67.0 3.6171875
68.0 0.8828125
69.0 0.9296875
70.0 0.8984375
71.0 0.9296875
72.0 0.90625
73.0 0.9140625
74.0 0.9296875
75.0 0.9609375
76.0 0.875
77.0 0.9140625
78.0 0.9453125
79.0 0.90625
80.0 0.90625
81.0 0.9296875
82.0 0.9375
83.0 0.25
84.0 0.0
85.0 0.0
86.0 0.0
87.0 0.0
88.0 5.25
89.0 0.9140625
90.0 0.8984375
91.0 0.84375
92.0 0.9375
93.0 0.9296875
94.0 0.9140625
95.0 0.984375
96.0 0.875
97.0 0.90625
98.0 0.984375
99.0 0.9609375
100.0 0.9609375
101.0 0.9921875
102.0 0.640625
103.0 0.0
104.0 0.0
105.0 0.0
106.0 0.0
107.0 1.5703125
108.0 4.2734375
109.0 0.9296875
110.0 0.9296875
111.0 0.9375
112.0 1.03125
113.0 1.03125
114.0 1.0234375
115.0 0.984375
116.0 0.9453125
117.0 0.9609375
118.0 0.9453125
119.0 0.0
120.0 0.0
121.0 0.0
122.0 0.0
123.0 5.2734375
124.0 0.9140625
125.0 1.0
126.0 0.9921875
127.0 1.015625
128.0 0.96875
129.0 0.3046875
130.0 0.0
131.0 0.0
132.0 3.7265625
133.0 0.40625
134.0 0.0
135.0 1.265625
136.0 2.328125
137.0 1.015625
138.0 1.03125
139.0 1.03125
140.0 1.0546875
141.0 1.03125
142.0 0.9609375
143.0 0.96875
144.0 1.28125
145.0 2.0703125
146.0 3.3515625
147.0 3.21875
148.0 3.5
149.0 3.734375
150.0 0.640625
151.0 6.4453125
152.0 2.3359375
153.0 4.5078125
154.0 3.2265625
155.0 3.171875
156.0 3.265625
157.0 1.40625
158.0 5.765625
159.0 3.53125
160.0 3.4609375
161.0 3.265625
162.0 3.171875
163.0 3.25
164.0 3.203125
165.0 3.6171875
166.0 3.609375
167.0 3.5625
168.0 3.6953125
169.0 3.1484375
170.0 3.2265625
171.0 3.3203125
172.0 3.1015625
173.0 3.21875
174.0 3.5546875
175.0 3.3828125
176.0 3.4765625
177.0 3.1796875
178.0 3.1953125
179.0 3.1484375
180.0 3.0390625
181.0 0.046875
182.0 6.5546875
183.0 3.34375
184.0 0.2109375
185.0 6.296875
186.0 3.078125
187.0 3.1328125
188.0 2.9921875
189.0 3.1015625
190.0 3.3828125
191.0 3.265625
192.0 3.28125
193.0 3.25
194.0 2.921875
195.0 1.7734375
196.0 4.1796875
197.0 3.0703125
198.0 3.21875
199.0 0.21875
200.0 6.234375
201.0 3.28125
202.0 3.0546875
203.0 3.015625
204.0 3.0859375
205.0 3.171875
206.0 3.40625
207.0 3.2890625
208.0 3.3203125
209.0 3.3125
210.0 2.921875
211.0 3.015625
212.0 1.0
213.0 4.796875
214.0 2.375
215.0 1.3515625
216.0 3.34375
217.0 3.328125
218.0 3.015625
219.0 2.921875
220.0 3.078125
221.0 2.9609375
222.0 3.109375
223.0 3.3984375
224.0 3.3984375
225.0 3.375
226.0 3.21875
227.0 2.90625
228.0 3.0703125
229.0 3.1796875
230.0 3.25
231.0 3.2265625
232.0 3.375
233.0 3.40625
234.0 3.3828125
235.0 3.109375
236.0 2.96875
237.0 3.015625
238.0 3.0546875
239.0 3.34375
240.0 3.34375
241.0 3.46875
242.0 3.34375
243.0 2.2734375
244.0 4.0078125
245.0 3.1328125
246.0 3.0859375
247.0 3.46875
248.0 3.4375
249.0 3.515625
250.0 3.4453125
251.0 3.203125
252.0 3.3984375
253.0 3.1953125
254.0 3.28125
255.0 3.40625
256.0 3.5
257.0 3.53125
258.0 3.5859375
259.0 3.34375
260.0 3.1640625
261.0 3.2265625
262.0 3.109375
263.0 3.5625
264.0 3.4140625
265.0 3.546875
266.0 3.609375
267.0 3.4921875
268.0 3.4453125
269.0 3.203125
270.0 3.28125
271.0 3.3515625
272.0 0.65625
273.0 4.78125
274.0 5.515625
275.0 3.5
276.0 3.28125
277.0 3.3671875
278.0 3.265625
279.0 3.3515625
280.0 3.4375
281.0 3.9140625
282.0 3.5625
283.0 3.8046875
284.0 3.4921875
285.0 3.1953125
286.0 3.28125
287.0 3.34375
288.0 3.640625
289.0 3.640625
290.0 3.796875
291.0 3.0703125
292.0 4.0546875
293.0 3.53125
294.0 3.34375
295.0 3.3828125
296.0 3.6484375
297.0 3.671875
298.0 3.46875
299.0 3.7109375
300.0 3.5625
301.0 3.3203125
302.0 3.2890625
303.0 3.265625
304.0 3.5546875
305.0 3.734375
306.0 3.7265625
307.0 1.9453125
308.0 5.46875
309.0 3.4375
310.0 3.234375
311.0 3.3671875
312.0 2.8515625
313.0 0.0
314.0 8.1640625
315.0 3.859375
316.0 3.7890625
317.0 3.3828125
318.0 3.3203125
319.0 3.46875
320.0 3.4609375
321.0 3.7109375
322.0 3.703125
323.0 3.84375
324.0 3.7421875
325.0 3.171875
326.0 0.0
327.0 7.4296875
328.0 3.4375
329.0 3.6953125
330.0 3.703125
331.0 3.84375
332.0 3.7890625
333.0 1.0859375
334.0 5.8828125
335.0 3.4453125
336.0 3.28125
337.0 3.4375
338.0 3.6953125
339.0 3.765625
340.0 3.6796875
341.0 3.4765625
342.0 3.5
343.0 3.21875
344.0 3.5546875
345.0 3.109375
346.0 4.2734375
347.0 3.734375
348.0 3.5546875
349.0 3.625
350.0 3.296875
351.0 3.2578125
352.0 3.3984375
353.0 3.40625
354.0 3.7578125
355.0 3.6953125
356.0 3.6953125
357.0 3.4765625
358.0 3.3515625
359.0 3.0234375
360.0 0.0
361.0 6.8125
362.0 3.46875
363.0 3.4453125
364.0 3.625
365.0 1.390625
366.0 5.84375
367.0 3.203125
368.0 3.3515625
369.0 3.1953125
370.0 3.3671875
371.0 3.40625
372.0 3.6953125
373.0 3.53125
374.0 0.3359375
375.0 6.078125
376.0 3.21875
377.0 3.078125
378.0 3.40625
379.0 3.46875
380.0 3.296875
381.0 3.4296875
382.0 3.375
383.0 3.0546875
384.0 3.171875
385.0 3.1171875
386.0 3.078125
387.0 3.375
388.0 1.53125
389.0 5.4375
390.0 3.3671875
391.0 3.25
392.0 3.2578125
393.0 0.2578125
394.0 5.7265625
395.0 3.4609375
396.0 3.5234375
397.0 3.515625
398.0 3.4375
399.0 3.25
400.0 3.25
401.0 3.328125
402.0 3.21875
403.0 3.40625
404.0 3.4453125
405.0 3.4375
406.0 2.890625
407.0 0.0
408.0 7.015625
409.0 3.28125
410.0 3.21875
411.0 3.3671875
412.0 3.5859375
413.0 3.4921875
414.0 3.4453125
415.0 3.34375
416.0 2.9375
417.0 0.0
418.0 6.59375
419.0 3.3203125
420.0 3.734375
421.0 3.671875
422.0 3.6484375
423.0 3.5
424.0 2.984375
425.0 1.421875
426.0 0.5390625
427.0 7.5859375
428.0 3.515625
429.0 3.578125
430.0 3.5234375
431.0 3.4609375
432.0 3.25
433.0 3.0546875
434.0 2.9921875
435.0 3.1328125
436.0 3.4375
437.0 3.4453125
438.0 1.8046875
439.0 5.3828125
440.0 3.1953125
441.0 3.3203125
442.0 3.2890625
443.0 3.28125
444.0 3.5
445.0 3.625
446.0 3.59375
447.0 3.5234375
448.0 3.328125
449.0 3.1484375
450.0 1.7578125
451.0 4.7109375
452.0 3.3828125
453.0 3.5859375
454.0 3.3984375
455.0 3.5859375
456.0 3.59375
457.0 3.0234375
458.0 1.0546875
459.0 5.28125
460.0 3.1328125
461.0 3.640625
462.0 3.703125
463.0 3.625
464.0 3.5859375
465.0 3.1796875
466.0 3.40625
467.0 3.3515625
468.0 3.1171875
469.0 3.4375
470.0 3.6796875
471.0 3.6796875
472.0 0.2109375
473.0 6.8984375
474.0 3.1953125
475.0 3.21875
476.0 3.265625
477.0 3.515625
478.0 3.578125
479.0 0.2890625
480.0 6.7734375
481.0 3.109375
482.0 3.046875
483.0 3.171875
484.0 3.296875
485.0 0.8828125
486.0 5.8828125
487.0 3.5625
488.0 3.609375
489.0 3.3671875
490.0 3.1484375
491.0 3.4765625
492.0 3.4140625
493.0 3.4375
494.0 3.6953125
495.0 3.640625
496.0 3.7421875
497.0 3.5625
498.0 3.21875
499.0 1.5625
500.0 0.9453125
501.0 1.046875
502.0 1.03125
503.0 0.9921875
504.0 0.9921875
505.0 0.9140625
506.0 0.96875
507.0 0.9921875
508.0 0.0390625
509.0 0.0
510.0 0.0
511.0 0.0
512.0 4.8984375
513.0 0.9140625
514.0 0.5703125
515.0 0.8984375
516.0 0.9921875
517.0 1.015625
518.0 1.0234375
519.0 0.96875
520.0 1.0
521.0 1.015625
522.0 1.046875
523.0 1.0234375
524.0 0.0
525.0 0.0
526.0 0.0
527.0 0.0
528.0 5.046875
529.0 0.984375
530.0 0.9296875
531.0 0.984375
532.0 1.0234375
533.0 1.0
534.0 0.9921875
535.0 0.9140625
536.0 0.90625
537.0 0.8671875
538.0 0.0
539.0 0.0
540.0 0.0
541.0 0.0
542.0 4.7421875
543.0 0.9609375
544.0 0.8984375
545.0 0.8671875
546.0 0.515625
547.0 0.5390625
548.0 0.90625
549.0 0.9140625
550.0 0.9609375
551.0 0.9453125
552.0 0.5234375
553.0 0.0
554.0 0.0
555.0 0.0
556.0 3.8203125
557.0 0.8203125
558.0 1.0
559.0 0.9609375
560.0 0.9921875
561.0 0.984375
562.0 0.8671875
563.0 0.9296875
564.0 0.90625
565.0 0.8515625
566.0 0.8984375
567.0 0.8984375
568.0 0.8671875
569.0 0.8984375
570.0 0.9921875
571.0 0.8828125
572.0 0.1328125
573.0 0.0
574.0 0.0
575.0 0.0
576.0 0.0
577.0 0.109375
578.0 5.15625
579.0 0.9453125
580.0 0.578125
581.0 0.0
582.0 0.0
583.0 0.703125
584.0 0.8984375
585.0 0.8828125
586.0 0.8984375
587.0 0.7890625
588.0 0.8125
589.0 0.96875
590.0 1.0546875
591.0 1.046875
592.0 0.96875
593.0 0.9140625
594.0 0.9453125
595.0 0.9453125
596.0 0.9375
597.0 0.765625
598.0 0.0
599.0 0.0
