0.0 4.1796875
1.0 4.5078125
2.0 4.1171875
3.0 4.03125
4.0 4.59375
5.0 4.609375
6.0 4.25
7.0 4.09375
8.0 0.015625
9.0 8.2890625
10.0 4.125
11.0 4.3828125
12.0 4.3671875
13.0 3.9375
14.0 2.1484375
15.0 6.4140625
16.0 2.3125
17.0 6.1796875
18.0 4.5078125
19.0 4.3671875
20.0 4.296875
21.0 4.296875
22.0 4.3828125
23.0 4.3671875
24.0 4.2421875
25.0 2.2109375
26.0 6.359375
27.0 4.3828125
28.0 4.1796875
29.0 4.171875
30.0 3.8515625
31.0 4.3828125
32.0 4.46875
33.0 3.6796875
34.0 4.0703125
35.0 4.2421875
36.0 4.296875
37.0 4.6640625
38.0 4.6640625
39.0 4.171875
40.0 3.90625
41.0 3.59375
42.0 1.140625
43.0 6.7421875
44.0 4.4453125
45.0 4.3046875
46.0 4.328125
47.0 4.6640625
48.0 4.8046875
49.0 3.7734375
50.0 2.0390625
51.0 6.9296875
52.0 4.328125
53.0 4.546875
54.0 4.6015625
55.0 4.546875
56.0 4.65625
57.0 4.796875
58.0 4.4140625
59.0 4.6484375
60.0 4.125
61.0 4.3515625
62.0 4.4140625
63.0 4.4140625
64.0 4.09375
65.0 3.3203125
66.0 3.90625
67.0 3.609375
68.0 4.296875
69.0 4.515625
70.0 4.28125
71.0 4.3671875
72.0 4.53125
73.0 3.890625
74.0 3.7578125
75.0 0.0
76.0 8.8359375
77.0 4.234375
78.0 4.09375
79.0 0.2734375
80.0 8.765625
81.0 4.2734375
82.0 4.28125
83.0 4.65625
84.0 4.3203125
85.0 4.0
86.0 4.28125
87.0 4.171875
88.0 4.1484375
89.0 4.0625
90.0 4.0546875
91.0 4.2109375
92.0 4.390625
93.0 0.1953125
94.0 9.125
95.0 4.578125
96.0 4.515625
97.0 3.796875
98.0 4.25
99.0 2.0390625
100.0 6.203125
101.0 4.234375
102.0 4.6640625
103.0 4.8359375
104.0 4.8671875
105.0 4.3203125
106.0 4.3203125
107.0 4.5078125
108.0 4.09375
109.0 4.3046875
110.0 4.3828125
111.0 4.609375
112.0 0.3046875
113.0 9.2109375
114.0 4.7734375
115.0 4.5625
116.0 4.609375
117.0 4.3359375
118.0 2.4140625
119.0 6.140625
120.0 4.0625
121.0 4.3984375
122.0 4.7265625
123.0 4.8671875
124.0 4.1015625
125.0 4.1171875
126.0 4.7421875
127.0 4.2109375
128.0 4.3203125
129.0 4.3828125
130.0 4.546875
131.0 4.421875
132.0 4.3203125
133.0 0.390625
134.0 8.734375
135.0 4.875
136.0 2.7109375
137.0 4.7578125
138.0 4.296875
139.0 4.453125
140.0 3.9140625
141.0 4.2421875
142.0 5.109375
143.0 4.609375
144.0 4.15625
145.0 4.2421875
146.0 4.0
147.0 3.2578125
148.0 3.921875
149.0 4.2421875
150.0 4.203125
151.0 0.0
152.0 8.921875
153.0 4.3828125
154.0 3.4609375
155.0 3.859375
156.0 3.4296875
157.0 1.109375
158.0 6.6796875
159.0 3.7109375
160.0 4.0546875
161.0 4.3515625
162.0 4.15625
163.0 4.2734375
164.0 4.328125
165.0 4.5703125
166.0 4.1796875
167.0 4.3359375
168.0 4.0703125
169.0 4.328125
170.0 4.484375
171.0 0.03125
172.0 8.625
173.0 4.21875
174.0 4.1171875
175.0 4.125
176.0 4.609375
177.0 1.1953125
178.0 8.2890625
179.0 4.5625
180.0 3.765625
181.0 3.7421875
182.0 4.21875
183.0 3.9453125
184.0 4.171875
185.0 4.21875
186.0 4.1171875
187.0 4.1796875
188.0 4.15625
189.0 4.46875
190.0 3.7890625
191.0 0.96875
192.0 6.4765625
193.0 4.21875
194.0 4.125
195.0 4.5078125
196.0 1.8515625
197.0 6.0625
198.0 3.9453125
199.0 4.125
200.0 4.09375
201.0 3.953125
202.0 4.0625
203.0 4.1484375
204.0 3.875
205.0 4.0703125
206.0 4.28125
207.0 3.8046875
208.0 4.0703125
209.0 4.3203125
210.0 3.9765625
211.0 4.3359375
212.0 3.078125
213.0 5.3984375
214.0 4.2734375
215.0 4.1796875
216.0 4.5078125
217.0 4.0859375
218.0 0.2421875
219.0 8.4765625
220.0 3.796875
221.0 4.0078125
222.0 4.171875
223.0 4.171875
224.0 4.1484375
225.0 4.0703125
226.0 4.3828125
227.0 4.21875
228.0 3.8515625
229.0 3.34375
230.0 1.375
231.0 6.140625
232.0 3.8203125
233.0 4.0390625
234.0 4.0859375
235.0 3.7890625
236.0 3.890625
237.0 3.953125
238.0 3.6796875
239.0 3.3515625
240.0 0.0703125
241.0 7.46875
242.0 3.921875
243.0 4.03125
244.0 3.9453125
245.0 3.65625
246.0 3.90625
247.0 3.96875
248.0 3.828125
249.0 4.1171875
250.0 4.0
251.0 3.3671875
252.0 4.3515625
253.0 4.0234375
254.0 0.2109375
255.0 7.578125
256.0 3.7578125
257.0 4.09375
258.0 4.0234375
259.0 2.359375
260.0 5.7109375
261.0 4.03125
262.0 4.0390625
263.0 4.234375
264.0 4.28125
265.0 4.234375
266.0 4.2109375
267.0 4.3046875
268.0 4.1796875
269.0 4.203125
270.0 4.3984375
271.0 4.546875
272.0 4.59375
273.0 4.890625
274.0 2.6875
275.0 7.8125
276.0 4.609375
277.0 4.609375
278.0 1.8046875
279.0 8.2265625
280.0 5.2578125
281.0 5.2265625
282.0 4.3359375
283.0 4.59375
284.0 5.046875
285.0 5.25
286.0 4.8359375
287.0 4.8671875
288.0 4.6875
289.0 5.0078125
290.0 4.234375
291.0 5.453125
292.0 4.984375
293.0 4.09375
294.0 3.9453125
295.0 4.0234375
296.0 3.21875
297.0 4.609375
298.0 4.1875
299.0 4.1015625
300.0 4.03125
301.0 4.203125
302.0 4.4765625
303.0 4.3515625
304.0 3.8828125
305.0 1.921875
306.0 6.1171875
307.0 4.03125
308.0 4.1484375
309.0 4.53125
310.0 4.328125
311.0 3.8515625
312.0 4.1484375
313.0 4.125
314.0 3.6484375
315.0 3.9375
316.0 4.1171875
317.0 4.0
318.0 4.1015625
319.0 3.90625
320.0 1.4765625
321.0 5.2734375
322.0 3.796875
323.0 4.15625
324.0 4.0
325.0 3.828125
326.0 1.2890625
327.0 6.59375
328.0 4.0546875
329.0 3.9765625
330.0 3.734375
331.0 3.9765625
332.0 3.875
333.0 3.9921875
334.0 3.4296875
335.0 4.421875
336.0 3.7734375
337.0 3.7578125
338.0 3.8515625
339.0 3.765625
340.0 4.03125
341.0 4.1328125
342.0 4.0546875
343.0 4.03125
344.0 4.0078125
345.0 3.7109375
346.0 3.265625
347.0 3.1328125
348.0 0.28125
349.0 7.1875
350.0 3.8515625
351.0 3.953125
352.0 3.96875
353.0 3.90625
354.0 4.0546875
355.0 3.625
356.0 3.5546875
357.0 3.6171875
358.0 3.9375
359.0 3.5234375
360.0 3.796875
361.0 3.734375
362.0 3.796875
363.0 3.4375
364.0 3.4375
365.0 3.640625
366.0 3.8203125
367.0 3.625
368.0 3.9140625
369.0 3.7734375
370.0 4.0703125
371.0 3.9375
372.0 4.0234375
373.0 3.9140625
374.0 4.3671875
375.0 4.125
376.0 3.859375
377.0 4.421875
378.0 4.0078125
379.0 0.9609375
380.0 7.359375
381.0 4.203125
382.0 3.7109375
383.0 2.7578125
384.0 5.453125
385.0 3.84375
386.0 3.4609375
387.0 3.796875
388.0 4.0234375
389.0 3.9453125
390.0 4.0625
391.0 4.46875
392.0 1.2890625
393.0 6.8359375
394.0 4.03125
395.0 3.921875
396.0 3.578125
397.0 4.1328125
398.0 4.3984375
399.0 4.390625
400.0 4.390625
401.0 4.6015625
402.0 3.96875
403.0 3.5625
404.0 2.890625
405.0 5.1015625
406.0 4.0703125
407.0 3.3515625
408.0 4.5078125
409.0 4.125
410.0 3.625
411.0 3.59375
412.0 3.46875
413.0 3.53125
414.0 1.625
415.0 6.0
416.0 4.1015625
417.0 3.8515625
418.0 3.1953125
419.0 3.859375
420.0 3.8046875
421.0 3.828125
422.0 3.9765625
423.0 4.21875
424.0 4.0859375
425.0 3.3984375
426.0 3.9921875
427.0 3.875
428.0 3.9140625
429.0 5.125
430.0 5.3515625
431.0 4.296875
432.0 4.1875
433.0 4.0703125
434.0 4.1328125
435.0 3.8515625
436.0 3.6484375
437.0 1.59375
438.0 4.0
439.0 6.4765625
440.0 4.328125
441.0 4.5625
442.0 4.3046875
443.0 4.1015625
444.0 4.09375
445.0 3.953125
446.0 3.9453125
447.0 4.359375
448.0 4.296875
449.0 4.359375
450.0 4.7421875
451.0 3.1640625
452.0 5.5234375
453.0 4.0390625
454.0 4.9453125
455.0 5.0234375
456.0 4.453125
457.0 4.46875
458.0 0.2421875
459.0 8.5234375
460.0 4.171875
461.0 4.1328125
462.0 4.171875
463.0 4.6796875
464.0 4.7109375
465.0 4.515625
466.0 4.5078125
467.0 4.1796875
468.0 4.1875
469.0 4.4296875
470.0 4.421875
471.0 0.875
472.0 8.2109375
473.0 4.21875
474.0 4.296875
475.0 4.265625
476.0 4.0390625
477.0 3.96875
478.0 4.234375
479.0 4.25
480.0 0.3125
481.0 8.0625
482.0 4.1015625
483.0 4.03125
484.0 4.3671875
485.0 4.234375
486.0 4.265625
487.0 4.1328125
488.0 4.2421875
489.0 4.515625
490.0 4.6875
491.0 3.7421875
492.0 3.7421875
493.0 3.921875
494.0 1.140625
495.0 7.1640625
496.0 3.4921875
497.0 4.609375
498.0 4.4453125
499.0 4.546875
500.0 4.09375
501.0 4.0234375
502.0 4.1875
503.0 4.0625
504.0 4.0
505.0 4.09375
506.0 4.265625
507.0 4.2421875
508.0 4.3203125
509.0 4.5
510.0 4.390625
511.0 1.1328125
512.0 7.4296875
513.0 4.4765625
514.0 4.234375
515.0 4.328125
516.0 4.4140625
517.0 4.171875
518.0 3.9765625
519.0 4.03125
520.0 4.1015625
521.0 4.296875
522.0 4.203125
523.0 4.1015625
524.0 4.6484375
525.0 4.25
526.0 4.265625
527.0 4.4453125
528.0 3.7890625
529.0 0.0
530.0 9.1875
531.0 4.65625
532.0 4.25
533.0 2.1484375
534.0 4.9609375
535.0 5.796875
536.0 4.3984375
537.0 4.515625
538.0 4.5
539.0 4.203125
540.0 4.0234375
541.0 3.9453125
542.0 4.234375
543.0 4.1328125
544.0 4.359375
545.0 4.390625
546.0 4.0859375
547.0 4.1015625
548.0 3.3984375
549.0 1.328125
550.0 0.5390625
551.0 8.5390625
552.0 4.0546875
553.0 4.09375
554.0 4.390625
555.0 4.3203125
556.0 4.421875
557.0 4.6328125
558.0 4.3828125
559.0 4.0234375
560.0 4.3828125
561.0 4.359375
562.0 4.2421875
563.0 4.4765625
564.0 3.7109375
565.0 4.4765625
566.0 4.53125
567.0 4.515625
568.0 4.328125
569.0 4.5078125
570.0 4.421875
571.0 4.1328125
572.0 4.453125
573.0 4.4765625
574.0 4.234375
575.0 4.3359375
576.0 4.7578125
577.0 4.6015625
578.0 4.3515625
579.0 3.5
580.0 0.609375
581.0 7.9140625
582.0 4.0234375
583.0 5.234375
584.0 4.8359375
585.0 4.234375
586.0 4.90625
587.0 4.9453125
588.0 4.9921875
589.0 4.59375
590.0 2.921875
591.0 6.4140625
592.0 3.953125
593.0 3.921875
594.0 3.890625
595.0 4.1484375
596.0 4.5703125
597.0 4.7421875
598.0 4.953125
599.0 4.3203125
