0.0 9.578125
1.0 9.421875
2.0 9.5546875
3.0 9.34375
4.0 9.5078125
5.0 9.4140625
6.0 9.953125
7.0 9.2421875
8.0 9.609375
9.0 9.4921875
10.0 9.65625
11.0 9.5234375
12.0 9.28125
13.0 9.515625
14.0 9.953125
15.0 9.5546875
16.0 9.8984375
17.0 9.6953125
18.0 9.7265625
19.0 9.6953125
20.0 10.1171875
21.0 9.7890625
22.0 4.171875
23.0 15.359375
24.0 9.8515625
25.0 9.5703125
26.0 4.578125
27.0 14.9296875
28.0 9.640625
29.0 10.046875
30.0 10.0234375
31.0 9.609375
32.0 9.9375
33.0 9.75
34.0 10.1796875
35.0 9.6328125
36.0 9.7578125
37.0 10.328125
38.0 10.078125
39.0 9.953125
40.0 10.078125
41.0 9.875
42.0 10.1328125
43.0 10.015625
44.0 9.6640625
45.0 9.5546875
46.0 9.75
47.0 9.890625
48.0 9.90625
49.0 9.9375
50.0 9.515625
51.0 9.7890625
52.0 9.90625
53.0 9.984375
54.0 10.234375
55.0 9.8671875
56.0 9.5234375
57.0 9.9375
58.0 9.59375
59.0 9.7265625
60.0 9.4296875
61.0 10.03125
62.0 4.6875
63.0 14.6484375
64.0 9.703125
65.0 9.59375
66.0 9.4921875
67.0 9.8125
68.0 9.265625
69.0 9.578125
70.0 9.359375
71.0 9.546875
72.0 9.8359375
73.0 9.6015625
74.0 9.6875
75.0 9.515625
76.0 9.921875
77.0 9.8046875
78.0 9.5390625
79.0 9.8203125
80.0 10.0703125
81.0 9.9609375
82.0 9.78125
83.0 9.921875
84.0 9.7421875
85.0 9.6640625
86.0 9.890625
87.0 9.671875
88.0 9.875
89.0 9.578125
90.0 9.8515625
91.0 9.8203125
92.0 8.9140625
93.0 10.4375
94.0 9.5078125
95.0 10.0234375
96.0 9.984375
97.0 9.8046875
98.0 9.84375
99.0 9.8125
100.0 9.9375
101.0 9.609375
102.0 9.6015625
103.0 9.90625
104.0 10.015625
105.0 9.609375
106.0 7.765625
107.0 12.1953125
108.0 10.0546875
109.0 9.515625
110.0 9.7734375
111.0 9.8125
112.0 9.7734375
113.0 10.046875
114.0 9.875
115.0 9.90625
116.0 9.84375
117.0 9.6015625
118.0 9.546875
119.0 9.7890625
120.0 9.953125
121.0 9.7890625
122.0 9.8359375
123.0 9.421875
124.0 9.5390625
125.0 9.546875
126.0 9.578125
127.0 9.703125
128.0 9.6328125
129.0 9.71875
130.0 9.8203125
131.0 9.671875
132.0 9.96875
133.0 9.671875
134.0 9.6640625
135.0 9.6953125
136.0 9.984375
137.0 9.671875
138.0 9.5390625
139.0 10.078125
140.0 9.671875
141.0 9.6015625
142.0 9.609375
143.0 9.8125
144.0 9.5234375
145.0 9.890625
146.0 9.8203125
147.0 9.875
148.0 9.8203125
149.0 5.140625
150.0 14.28125
151.0 9.890625
152.0 9.671875
153.0 9.6875
154.0 10.078125
155.0 9.875
156.0 9.7578125
157.0 9.640625
158.0 9.6953125
159.0 5.3359375
160.0 14.640625
161.0 9.9921875
162.0 9.7265625
163.0 10.1640625
164.0 10.0703125
165.0 10.03125
166.0 9.9609375
167.0 9.921875
168.0 9.703125
169.0 9.8125
170.0 10.1484375
171.0 9.8984375
172.0 9.625
173.0 5.234375
174.0 14.4609375
175.0 9.875
176.0 9.3359375
177.0 9.7421875
178.0 9.9921875
179.0 9.609375
180.0 9.9296875
181.0 9.8359375
182.0 10.0703125
183.0 9.8984375
184.0 9.7734375
185.0 9.65625
186.0 9.9375
187.0 9.5546875
188.0 9.671875
189.0 10.078125
190.0 9.625
191.0 9.8515625
192.0 9.7421875
193.0 9.671875
194.0 9.28125
195.0 9.578125
196.0 9.5390625
197.0 6.78125
198.0 11.921875
199.0 9.8359375
200.0 8.859375
201.0 5.828125
202.0 12.8203125
203.0 9.5546875
204.0 9.8515625
205.0 9.8046875
206.0 9.8515625
207.0 9.1171875
208.0 9.953125
209.0 9.953125
210.0 9.296875
211.0 10.0234375
212.0 9.453125
213.0 9.625
214.0 9.7578125
215.0 8.8203125
216.0 9.25
217.0 9.953125
218.0 9.3359375
219.0 8.9453125
220.0 7.9296875
221.0 8.046875
222.0 9.625
223.0 9.046875
224.0 9.7890625
225.0 9.75
226.0 9.0390625
227.0 9.65625
228.0 9.71875
229.0 10.1953125
230.0 9.78125
231.0 9.7734375
232.0 9.71875
233.0 9.875
234.0 9.8046875
235.0 9.8515625
236.0 9.984375
237.0 10.1171875
238.0 9.90625
239.0 9.9296875
240.0 9.90625
241.0 9.890625
242.0 9.3984375
243.0 10.203125
244.0 9.4453125
245.0 10.1171875
246.0 9.8359375
247.0 9.8515625
248.0 9.71875
249.0 9.5234375
250.0 9.578125
251.0 9.625
252.0 9.5078125
253.0 9.4609375
254.0 4.0625
255.0 15.09375
256.0 9.1953125
257.0 8.953125
258.0 9.5078125
259.0 9.6875
260.0 9.703125
261.0 9.4609375
262.0 9.5703125
263.0 9.703125
264.0 9.65625
265.0 9.046875
266.0 9.6640625
267.0 9.546875
268.0 9.8359375
269.0 9.7421875
270.0 9.8359375
271.0 9.9921875
272.0 9.7890625
273.0 9.8671875
274.0 9.6328125
275.0 9.5390625
276.0 10.265625
277.0 9.8359375
278.0 9.8203125
279.0 9.9921875
280.0 9.7734375
281.0 9.9296875
282.0 9.9375
283.0 9.703125
284.0 9.4609375
285.0 10.015625
286.0 9.96875
287.0 9.875
288.0 9.546875
289.0 4.625
290.0 15.125
291.0 9.265625
292.0 10.203125
293.0 9.90625
294.0 10.40625
295.0 9.625
296.0 9.90625
297.0 10.015625
298.0 10.015625
299.0 9.453125
300.0 9.9296875
301.0 9.890625
302.0 9.84375
303.0 9.8203125
304.0 9.921875
305.0 9.671875
306.0 9.59375
307.0 4.171875
308.0 14.8359375
309.0 9.8515625
310.0 10.015625
311.0 10.0
312.0 6.4765625
313.0 13.5625
314.0 9.9296875
315.0 9.5546875
316.0 9.84375
317.0 9.625
318.0 9.7421875
319.0 9.890625
320.0 9.640625
321.0 9.65625
322.0 9.5390625
323.0 9.8125
324.0 9.3046875
325.0 7.2421875
326.0 12.1953125
327.0 9.65625
328.0 9.78125
329.0 9.6328125
330.0 9.59375
331.0 6.8984375
332.0 12.3671875
333.0 9.546875
334.0 9.84375
335.0 9.875
336.0 10.28125
337.0 5.34375
338.0 14.6953125
339.0 9.984375
340.0 9.328125
341.0 9.4921875
342.0 9.5546875
343.0 9.703125
344.0 9.8359375
345.0 9.4140625
346.0 9.5078125
347.0 9.9375
348.0 9.21875
349.0 9.0
350.0 9.953125
351.0 9.8984375
352.0 9.90625
353.0 8.2890625
354.0 11.921875
355.0 10.0
356.0 9.78125
357.0 8.859375
358.0 5.5859375
359.0 12.84375
360.0 9.875
361.0 8.6875
362.0 7.734375
363.0 7.9375
364.0 7.8515625
365.0 8.2734375
366.0 8.5546875
367.0 8.7109375
368.0 8.8984375
369.0 9.9375
370.0 9.5546875
371.0 5.0078125
372.0 14.515625
373.0 9.6640625
374.0 9.7890625
375.0 6.59375
376.0 11.53125
377.0 10.0859375
378.0 9.6640625
379.0 5.515625
380.0 14.140625
381.0 9.703125
382.0 8.5859375
383.0 9.6328125
384.0 9.6015625
385.0 9.4296875
386.0 9.625
387.0 10.109375
388.0 9.7890625
389.0 9.7578125
390.0 9.8125
391.0 9.4453125
392.0 9.7734375
393.0 9.671875
394.0 9.578125
395.0 9.703125
396.0 9.25
397.0 9.5234375
398.0 9.6640625
399.0 9.7890625
400.0 9.7734375
401.0 9.953125
402.0 9.7578125
403.0 9.5703125
404.0 9.5234375
405.0 9.9375
406.0 9.8046875
407.0 9.3984375
408.0 5.1015625
409.0 14.421875
410.0 10.28125
411.0 9.953125
412.0 10.1640625
413.0 9.84375
414.0 9.7265625
415.0 9.9921875
416.0 9.84375
417.0 9.75
418.0 10.3828125
419.0 9.71875
420.0 9.8046875
421.0 9.703125
422.0 9.75
423.0 9.59375
424.0 9.8125
425.0 7.734375
426.0 7.9921875
427.0 10.1328125
428.0 9.7734375
429.0 9.953125
430.0 9.7890625
431.0 9.625
432.0 10.0234375
433.0 9.3046875
434.0 9.7734375
435.0 9.375
436.0 9.65625
437.0 8.890625
438.0 9.75
439.0 9.9921875
440.0 9.546875
441.0 9.8671875
442.0 9.8984375
443.0 9.515625
444.0 9.6875
445.0 9.890625
446.0 9.7265625
447.0 9.65625
448.0 9.8984375
449.0 9.5390625
450.0 9.671875
451.0 9.4453125
452.0 9.8125
453.0 9.1484375
454.0 9.8359375
455.0 9.8515625
456.0 9.3984375
457.0 9.484375
458.0 9.3046875
459.0 9.3046875
460.0 9.4140625
461.0 4.8046875
462.0 13.8984375
463.0 9.2109375
464.0 9.3671875
465.0 9.59375
466.0 9.3984375
467.0 9.1484375
468.0 9.59375
469.0 9.8046875
470.0 9.34375
471.0 9.5234375
472.0 9.65625
473.0 9.625
474.0 9.78125
475.0 9.421875
476.0 9.5234375
477.0 9.921875
478.0 8.0
479.0 10.7734375
480.0 9.28125
481.0 9.5703125
482.0 9.671875
483.0 9.640625
484.0 9.78125
485.0 10.0703125
486.0 9.703125
487.0 9.71875
488.0 9.6875
489.0 9.625
490.0 9.6328125
491.0 9.8046875
492.0 9.375
493.0 6.2109375
494.0 13.109375
495.0 9.640625
496.0 9.3671875
497.0 5.6640625
498.0 13.7109375
499.0 9.578125
500.0 9.6328125
501.0 9.953125
502.0 9.7265625
503.0 9.640625
504.0 9.5390625
505.0 9.5546875
506.0 9.8359375
507.0 9.5703125
508.0 9.9609375
509.0 9.75
510.0 9.4765625
511.0 9.4921875
512.0 8.4453125
513.0 10.03125
514.0 9.75
515.0 5.3515625
516.0 13.53125
517.0 9.6640625
518.0 9.96875
519.0 9.21875
520.0 9.5390625
521.0 5.34375
522.0 13.5703125
523.0 9.546875
524.0 9.1484375
525.0 9.3359375
526.0 9.4921875
527.0 9.1953125
528.0 9.28125
529.0 9.390625
530.0 9.046875
531.0 9.4609375
532.0 9.453125
533.0 9.546875
534.0 9.390625
535.0 9.640625
536.0 9.3125
537.0 9.421875
538.0 9.2734375
539.0 9.78125
540.0 9.390625
541.0 9.4140625
542.0 3.6484375
543.0 11.234375
544.0 13.1484375
545.0 9.8125
546.0 9.7578125
547.0 9.3359375
548.0 9.5234375
549.0 9.6640625
550.0 9.78125
551.0 9.453125
552.0 9.1953125
553.0 9.59375
554.0 8.953125
555.0 9.4453125
556.0 9.671875
557.0 4.6875
558.0 13.8828125
559.0 9.5078125
560.0 9.25
561.0 7.09375
562.0 12.2890625
563.0 9.421875
564.0 9.6953125
565.0 9.625
566.0 9.640625
567.0 9.75
568.0 9.953125
569.0 9.59375
570.0 9.9296875
571.0 9.4765625
572.0 9.78125
573.0 9.59375
574.0 7.25
575.0 11.8046875
576.0 9.6328125
577.0 9.3984375
578.0 9.59375
579.0 9.703125
580.0 9.6953125
581.0 9.90625
582.0 9.65625
583.0 9.8359375
584.0 9.5703125
585.0 9.3125
586.0 9.3671875
587.0 8.9453125
588.0 9.25
589.0 9.3359375
590.0 9.5703125
591.0 9.7578125
592.0 9.59375
593.0 4.8046875
594.0 14.2421875
595.0 9.7734375
596.0 9.984375
597.0 9.1953125
598.0 9.8046875
599.0 9.7421875
