0.0 7.8671875
1.0 7.4296875
2.0 7.6328125
3.0 7.8515625
4.0 5.1953125
5.0 9.75
6.0 7.6015625
7.0 7.6328125
8.0 7.7265625
9.0 7.4609375
10.0 2.7421875
11.0 12.9296875
12.0 7.8515625
13.0 6.3515625
14.0 8.7109375
15.0 7.6015625
16.0 7.671875
17.0 7.5703125
18.0 7.390625
19.0 6.4453125
20.0 8.9140625
21.0 7.375
22.0 7.6171875
23.0 7.640625
24.0 7.796875
25.0 7.5390625
26.0 7.5859375
27.0 7.4609375
28.0 7.765625
29.0 7.125
30.0 7.7578125
31.0 7.703125
32.0 7.8671875
33.0 7.546875
34.0 2.90625
35.0 12.4609375
36.0 7.4921875
37.0 7.4375
38.0 3.0390625
39.0 12.46875
40.0 7.4375
41.0 7.4921875
42.0 7.9921875
43.0 7.6171875
44.0 7.609375
45.0 7.71875
46.0 7.4375
47.0 7.2890625
48.0 7.6171875
49.0 7.734375
50.0 7.5546875
51.0 4.75
52.0 10.65625
53.0 7.65625
54.0 7.1328125
55.0 3.3984375
56.0 12.0234375
57.0 7.640625
58.0 7.765625
59.0 7.6875
60.0 7.8828125
61.0 7.5546875
62.0 7.5234375
63.0 7.6640625
64.0 7.6171875
65.0 7.6875
66.0 7.765625
67.0 7.8984375
68.0 7.703125
69.0 7.734375
70.0 7.5546875
71.0 7.5390625
72.0 7.5390625
73.0 7.7578125
74.0 7.6640625
75.0 7.546875
76.0 7.90625
77.0 7.6171875
78.0 7.6640625
79.0 7.78125
80.0 7.7265625
81.0 7.546875
82.0 7.3984375
83.0 7.6015625
84.0 7.703125
85.0 3.8515625
86.0 11.65625
87.0 7.3984375
88.0 7.546875
89.0 7.4609375
90.0 7.71875
91.0 7.875
92.0 7.6015625
93.0 7.65625
94.0 7.546875
95.0 7.796875
96.0 7.734375
97.0 7.6640625
98.0 7.6328125
99.0 7.8203125
100.0 7.75
101.0 7.546875
102.0 7.3046875
103.0 7.71875
104.0 7.8984375
105.0 7.6640625
106.0 7.5546875
107.0 7.765625
108.0 7.984375
109.0 7.578125
110.0 7.703125
111.0 7.515625
112.0 7.28125
113.0 8.015625
114.0 7.4921875
115.0 7.8203125
116.0 7.6640625
117.0 6.3046875
118.0 9.03125
119.0 6.3828125
120.0 8.703125
121.0 7.546875
122.0 7.4609375
123.0 7.78125
124.0 7.3671875
125.0 7.8203125
126.0 7.78125
127.0 7.8359375
128.0 7.8828125
129.0 7.65625
130.0 7.671875
131.0 7.8984375
132.0 7.640625
133.0 6.1171875
134.0 9.1171875
135.0 7.765625
136.0 7.875
137.0 6.3359375
138.0 9.1875
139.0 7.5703125
140.0 7.5859375
141.0 7.578125
142.0 7.7890625
143.0 7.5546875
144.0 7.84375
145.0 7.671875
146.0 7.09375
147.0 7.6875
148.0 7.7890625
149.0 7.453125
150.0 7.390625
151.0 3.3671875
152.0 11.9921875
153.0 7.8203125
154.0 7.3125
155.0 5.890625
156.0 8.296875
157.0 7.5078125
158.0 7.3125
159.0 7.6953125
160.0 7.5859375
161.0 6.390625
162.0 8.6875
163.0 7.4921875
164.0 7.4296875
165.0 7.5234375
166.0 7.421875
167.0 7.5234375
168.0 7.515625
169.0 7.375
170.0 7.421875
171.0 7.671875
172.0 7.3671875
173.0 7.4296875
174.0 5.40625
175.0 9.4140625
176.0 7.5546875
177.0 7.40625
178.0 7.4921875
179.0 7.78125
180.0 7.9921875
181.0 7.375
182.0 7.640625
183.0 7.6953125
184.0 7.3359375
185.0 6.3515625
186.0 8.6875
187.0 7.5390625
188.0 7.453125
189.0 7.5703125
190.0 7.6875
191.0 7.4609375
192.0 7.2578125
193.0 7.453125
194.0 7.4296875
195.0 7.6953125
196.0 7.6953125
197.0 7.4296875
198.0 5.3359375
199.0 9.9296875
200.0 7.4296875
201.0 7.5078125
202.0 7.3359375
203.0 7.4375
204.0 7.6171875
205.0 7.4921875
206.0 7.78125
207.0 4.953125
208.0 10.6484375
209.0 7.578125
210.0 7.5703125
211.0 7.6171875
212.0 7.578125
213.0 7.6875
214.0 7.7890625
215.0 7.3671875
216.0 7.734375
217.0 7.25
218.0 7.8984375
219.0 7.65625
220.0 6.421875
221.0 8.71875
222.0 7.421875
223.0 7.1796875
224.0 7.109375
225.0 7.5390625
226.0 4.46875
227.0 11.4609375
228.0 7.4296875
229.0 7.71875
230.0 7.2734375
231.0 6.4375
232.0 8.8984375
233.0 7.2109375
234.0 7.484375
235.0 7.8125
236.0 7.4609375
237.0 7.515625
238.0 7.2265625
239.0 6.2421875
240.0 8.7890625
241.0 7.515625
242.0 7.8671875
243.0 7.703125
244.0 7.8125
245.0 7.75
246.0 7.578125
247.0 7.578125
248.0 7.6171875
249.0 6.5703125
250.0 8.765625
251.0 7.640625
252.0 8.03125
253.0 7.359375
254.0 7.421875
255.0 7.6171875
256.0 7.3125
257.0 7.5546875
258.0 7.71875
259.0 7.6875
260.0 7.5234375
261.0 7.5546875
262.0 7.453125
263.0 7.421875
264.0 5.765625
265.0 9.4453125
266.0 7.453125
267.0 6.421875
268.0 8.7421875
269.0 7.4921875
270.0 5.0703125
271.0 10.4921875
272.0 7.5703125
273.0 7.6953125
274.0 7.6875
275.0 7.5234375
276.0 7.5703125
277.0 7.5546875
278.0 7.390625
279.0 7.6953125
280.0 7.734375
281.0 6.5703125
282.0 8.8984375
283.0 7.34375
284.0 7.734375
285.0 6.234375
286.0 6.203125
287.0 7.2109375
288.0 7.21875
289.0 7.609375
290.0 7.9296875
291.0 7.4609375
292.0 7.3359375
293.0 7.3125
294.0 2.453125
295.0 12.828125
296.0 7.6015625
297.0 7.5078125
298.0 5.546875
299.0 9.625
300.0 7.5078125
301.0 7.5546875
302.0 7.734375
303.0 7.6328125
304.0 7.78125
305.0 7.71875
306.0 7.8828125
307.0 7.609375
308.0 7.6875
309.0 7.5859375
310.0 7.4296875
311.0 6.65625
312.0 8.2109375
313.0 7.703125
314.0 7.796875
315.0 7.609375
316.0 6.078125
317.0 9.1640625
318.0 7.5078125
319.0 7.46875
320.0 7.671875
321.0 7.3203125
322.0 7.6640625
323.0 7.6875
324.0 7.640625
325.0 7.3046875
326.0 7.8984375
327.0 7.2890625
328.0 5.28125
329.0 9.578125
330.0 7.609375
331.0 7.7890625
332.0 7.6171875
333.0 7.65625
334.0 2.890625
335.0 12.6640625
336.0 7.8203125
337.0 7.6875
338.0 7.8828125
339.0 7.3671875
340.0 7.5703125
341.0 6.9921875
342.0 7.40625
343.0 7.515625
344.0 7.6328125
345.0 7.6328125
346.0 6.75
347.0 6.921875
348.0 7.2421875
349.0 7.5859375
350.0 7.578125
351.0 5.84375
352.0 8.2734375
353.0 7.5546875
354.0 7.34375
355.0 6.234375
356.0 8.734375
357.0 7.46875
358.0 7.8125
359.0 6.59375
360.0 8.9453125
361.0 7.796875
362.0 7.4375
363.0 7.671875
364.0 7.515625
365.0 6.109375
366.0 8.7734375
367.0 7.5390625
368.0 7.7578125
369.0 6.703125
370.0 8.7421875
371.0 7.7890625
372.0 7.7890625
373.0 6.6875
374.0 8.796875
375.0 7.671875
376.0 7.6171875
377.0 7.8671875
378.0 7.640625
379.0 7.6640625
380.0 7.3125
381.0 7.421875
382.0 7.453125
383.0 6.4453125
384.0 8.5
385.0 6.6640625
386.0 7.8828125
387.0 7.140625
388.0 6.8828125
389.0 7.21875
390.0 7.015625
391.0 7.359375
392.0 7.1953125
393.0 7.578125
394.0 7.21875
395.0 7.484375
396.0 7.8125
397.0 7.6328125
398.0 7.390625
399.0 7.703125
400.0 7.734375
401.0 7.734375
402.0 7.2890625
403.0 7.6953125
404.0 7.3046875
405.0 7.8828125
406.0 7.46875
407.0 7.4921875
408.0 7.3125
409.0 7.484375
410.0 7.484375
411.0 7.7578125
412.0 7.7578125
413.0 6.421875
414.0 8.703125
415.0 7.4921875
416.0 7.5234375
417.0 7.6875
418.0 7.8359375
419.0 7.7265625
420.0 7.5859375
421.0 7.765625
422.0 7.6875
423.0 7.546875
424.0 7.65625
425.0 7.4296875
426.0 7.6875
427.0 8.1953125
428.0 7.9296875
429.0 7.453125
430.0 7.5390625
431.0 7.609375
432.0 7.5703125
433.0 6.6328125
434.0 8.8359375
435.0 7.6640625
436.0 7.6015625
437.0 7.2578125
438.0 7.46875
439.0 7.4375
440.0 7.25
441.0 7.71875
442.0 7.453125
443.0 7.5234375
444.0 7.6171875
445.0 7.6875
446.0 7.5546875
447.0 2.296875
448.0 13.0546875
449.0 7.2890625
450.0 7.453125
451.0 4.4296875
452.0 10.6171875
453.0 7.5703125
454.0 7.3203125
455.0 7.4296875
456.0 7.3125
457.0 6.625
458.0 8.890625
459.0 7.6171875
460.0 7.28125
461.0 7.4921875
462.0 7.578125
463.0 7.5546875
464.0 7.484375
465.0 7.984375
466.0 7.390625
467.0 7.796875
468.0 7.46875
469.0 7.6328125
470.0 7.6171875
471.0 7.9140625
472.0 7.578125
473.0 5.4609375
474.0 7.015625
475.0 6.2421875
476.0 9.6640625
477.0 6.6640625
478.0 8.5390625
479.0 7.40625
480.0 7.3671875
481.0 7.703125
482.0 7.375
483.0 7.8359375
484.0 7.4921875
485.0 7.4921875
486.0 7.40625
487.0 7.65625
488.0 7.4921875
489.0 7.640625
490.0 7.390625
491.0 3.6953125
492.0 11.7109375
493.0 7.2890625
494.0 7.4921875
495.0 7.2890625
496.0 7.2890625
497.0 6.4765625
498.0 8.671875
499.0 7.703125
500.0 7.578125
501.0 7.5859375
502.0 7.5078125
503.0 7.8359375
504.0 7.546875
505.0 7.4609375
506.0 7.453125
507.0 7.703125
508.0 7.609375
509.0 7.2890625
510.0 5.234375
511.0 9.453125
512.0 7.78125
513.0 6.6015625
514.0 7.6015625
515.0 7.4609375
516.0 7.71875
517.0 7.515625
518.0 7.421875
519.0 7.28125
520.0 7.7578125
521.0 7.34375
522.0 7.703125
523.0 7.5390625
524.0 7.40625
525.0 7.359375
526.0 7.6171875
527.0 6.765625
528.0 8.40625
529.0 7.5546875
530.0 7.546875
531.0 7.5703125
532.0 6.2578125
533.0 9.1953125
534.0 7.375
535.0 7.3671875
536.0 7.546875
537.0 7.609375
538.0 7.390625
539.0 7.578125
540.0 7.75
541.0 7.359375
542.0 7.4921875
543.0 7.421875
544.0 7.609375
545.0 7.578125
546.0 7.9375
547.0 7.4375
548.0 7.6953125
549.0 7.6171875
550.0 7.71875
551.0 7.0703125
552.0 7.796875
553.0 7.75
554.0 7.5546875
555.0 5.1953125
556.0 10.5859375
557.0 7.4375
558.0 7.671875
559.0 7.2578125
560.0 7.6171875
561.0 7.5078125
562.0 7.6640625
563.0 7.515625
564.0 7.703125
565.0 7.640625
566.0 7.5078125
567.0 7.78125
568.0 7.796875
569.0 5.484375
570.0 9.7421875
571.0 7.40625
572.0 7.671875
573.0 7.4921875
574.0 5.7265625
575.0 9.7421875
576.0 7.546875
577.0 7.4609375
578.0 7.765625
579.0 7.5546875
580.0 7.578125
581.0 7.578125
582.0 7.5078125
583.0 7.5859375
584.0 7.453125
585.0 7.671875
586.0 7.6015625
587.0 7.5390625
588.0 7.796875
589.0 7.3984375
590.0 7.8203125
591.0 7.3671875
592.0 5.7265625
593.0 9.3671875
594.0 7.453125
595.0 7.4921875
596.0 7.90625
597.0 7.75
598.0 7.6171875
599.0 7.4375
