0.0 4.8046875
1.0 5.234375
2.0 5.140625
3.0 4.921875
4.0 5.0546875
5.0 5.203125
6.0 5.171875
7.0 5.2265625
8.0 4.796875
9.0 2.8984375
10.0 8.0
11.0 5.2265625
12.0 5.0703125
13.0 5.25
14.0 2.3671875
15.0 8.8203125
16.0 5.375
17.0 6.2109375
18.0 5.875
19.0 5.6015625
20.0 5.0703125
21.0 5.484375
22.0 5.25
23.0 5.5234375
24.0 5.8515625
25.0 5.5546875
26.0 5.0546875
27.0 1.2890625
28.0 5.84375
29.0 2.6015625
30.0 5.2578125
31.0 5.109375
32.0 5.140625
33.0 4.984375
34.0 4.6015625
35.0 5.734375
36.0 5.0703125
37.0 5.109375
38.0 5.1640625
39.0 5.3203125
40.0 5.2578125
41.0 5.0078125
42.0 5.546875
43.0 5.796875
44.0 5.8828125
45.0 5.8203125
46.0 5.5859375
47.0 5.34375
48.0 5.671875
49.0 5.53125
50.0 5.578125
51.0 5.5234375
52.0 5.2890625
53.0 2.96875
54.0 7.9140625
55.0 5.25
56.0 5.1640625
57.0 5.3046875
58.0 4.8671875
59.0 5.4375
60.0 5.3515625
61.0 5.28125
62.0 5.3359375
63.0 5.234375
64.0 5.0859375
65.0 4.9453125
66.0 4.84375
67.0 4.9609375
68.0 4.984375
69.0 4.890625
70.0 4.875
71.0 4.8046875
72.0 2.8671875
73.0 6.828125
74.0 4.7734375
75.0 5.0546875
76.0 5.25
77.0 1.6875
78.0 5.5546875
79.0 1.9765625
80.0 4.171875
81.0 5.1328125
82.0 4.984375
83.0 4.84375
84.0 4.984375
85.0 4.7734375
86.0 0.0
87.0 8.8984375
88.0 3.8515625
89.0 4.0078125
90.0 3.3125
91.0 0.0
92.0 7.6875
93.0 4.0234375
94.0 3.8046875
95.0 3.609375
96.0 3.4609375
97.0 3.3671875
98.0 3.53125
99.0 4.1875
100.0 4.5390625
101.0 4.3828125
102.0 4.65625
103.0 0.9453125
104.0 9.21875
105.0 5.0390625
106.0 4.875
107.0 4.78125
108.0 2.546875
109.0 6.4375
110.0 5.28125
111.0 4.890625
112.0 4.921875
113.0 4.8984375
114.0 5.25
115.0 5.15625
116.0 4.9609375
117.0 4.9609375
118.0 4.78125
119.0 4.2734375
120.0 2.28125
121.0 0.0
122.0 5.7265625
123.0 3.4453125
124.0 3.8203125
125.0 4.46875
126.0 4.6484375
127.0 5.3984375
128.0 4.953125
129.0 5.453125
130.0 5.15625
131.0 5.453125
132.0 5.1328125
133.0 4.875
134.0 4.6640625
135.0 5.5625
136.0 5.40625
137.0 5.6015625
138.0 1.796875
139.0 1.734375
140.0 1.4921875
141.0 3.765625
142.0 3.28125
143.0 1.2421875
144.0 1.6171875
145.0 3.8203125
146.0 4.46875
147.0 4.578125
148.0 1.109375
149.0 4.6328125
150.0 4.21875
151.0 4.859375
152.0 1.3125
153.0 0.7890625
154.0 0.6640625
155.0 0.84375
156.0 1.2265625
157.0 4.171875
158.0 5.25
159.0 5.109375
160.0 0.703125
161.0 9.546875
162.0 4.796875
163.0 5.53125
164.0 5.3203125
165.0 5.3671875
166.0 5.3984375
167.0 5.8125
168.0 5.4921875
169.0 5.3046875
170.0 5.15625
171.0 5.53125
172.0 5.1875
173.0 5.3515625
174.0 4.5703125
175.0 0.9453125
176.0 8.8203125
177.0 5.015625
178.0 4.984375
179.0 4.9609375
180.0 4.9765625
181.0 5.0703125
182.0 5.1328125
183.0 5.5546875
184.0 5.4296875
185.0 5.078125
186.0 5.25
187.0 4.984375
188.0 1.5703125
189.0 8.1796875
190.0 4.65625
191.0 3.671875
192.0 1.2109375
193.0 0.0
194.0 7.7265625
195.0 3.7265625
196.0 3.6484375
197.0 2.328125
198.0 3.890625
199.0 4.65625
200.0 3.921875
201.0 3.609375
202.0 4.546875
203.0 4.578125
204.0 4.21875
205.0 3.53125
206.0 0.484375
207.0 0.0
208.0 7.1796875
209.0 1.703125
210.0 4.6328125
211.0 4.5
212.0 4.265625
213.0 4.625
214.0 3.515625
215.0 4.921875
216.0 5.15625
217.0 5.0390625
218.0 5.0078125
219.0 4.953125
220.0 4.609375
221.0 3.8046875
222.0 6.1796875
223.0 5.1328125
224.0 5.0859375
225.0 1.9765625
226.0 7.8203125
227.0 4.8046875
228.0 5.078125
229.0 4.921875
230.0 4.0546875
231.0 4.7421875
232.0 3.6953125
233.0 2.4296875
234.0 2.671875
235.0 4.3984375
236.0 4.5
237.0 4.3359375
238.0 2.4921875
239.0 6.8046875
240.0 4.7578125
241.0 4.6015625
242.0 4.4296875
243.0 4.578125
244.0 4.5390625
245.0 3.0390625
246.0 5.140625
247.0 4.09375
248.0 4.2734375
249.0 4.453125
250.0 4.3984375
251.0 4.296875
252.0 4.1875
253.0 3.3828125
254.0 3.734375
255.0 4.4453125
256.0 4.484375
257.0 4.3203125
258.0 3.4375
259.0 5.4609375
260.0 4.6328125
261.0 4.7734375
262.0 4.453125
263.0 4.625
264.0 4.3359375
265.0 4.296875
266.0 4.609375
267.0 2.984375
268.0 3.796875
269.0 4.1875
270.0 4.3828125
271.0 4.3671875
272.0 4.2734375
273.0 4.234375
274.0 4.265625
275.0 4.203125
276.0 4.65625
277.0 4.8984375
278.0 5.046875
279.0 4.296875
280.0 4.4296875
281.0 4.6875
282.0 4.578125
283.0 4.6640625
284.0 4.3828125
285.0 1.40625
286.0 8.1640625
287.0 5.171875
288.0 5.0546875
289.0 5.109375
290.0 4.859375
291.0 4.8125
292.0 3.59375
293.0 2.0859375
294.0 6.2734375
295.0 4.75
296.0 4.859375
297.0 4.875
298.0 4.9453125
299.0 4.65625
300.0 4.296875
301.0 5.3125
302.0 5.4296875
303.0 5.375
304.0 5.2265625
305.0 4.84375
306.0 2.625
307.0 7.40625
308.0 5.125
309.0 5.234375
310.0 5.125
311.0 5.109375
312.0 2.1875
313.0 7.546875
314.0 4.7578125
315.0 4.890625
316.0 4.7265625
317.0 5.015625
318.0 4.796875
319.0 5.1640625
320.0 4.8125
321.0 4.90625
322.0 5.21875
323.0 4.8984375
324.0 4.8046875
325.0 1.609375
326.0 7.6640625
327.0 4.125
328.0 5.125
329.0 5.109375
330.0 4.828125
331.0 0.71875
332.0 8.5703125
333.0 4.609375
334.0 4.4140625
335.0 3.9375
336.0 4.5625
337.0 4.78125
338.0 4.6328125
339.0 3.84375
340.0 2.3671875
341.0 6.2421875
342.0 5.0703125
343.0 5.140625
344.0 5.0859375
345.0 5.4296875
346.0 4.7109375
347.0 5.0234375
348.0 5.1015625
349.0 4.9453125
350.0 5.3359375
351.0 5.1015625
352.0 5.078125
353.0 1.640625
354.0 8.375
355.0 5.3828125
356.0 5.234375
357.0 3.7265625
358.0 7.1640625
359.0 4.8984375
360.0 5.2578125
361.0 5.3046875
362.0 5.25
363.0 5.0390625
364.0 4.859375
365.0 5.203125
366.0 4.90625
367.0 5.1328125
368.0 4.9921875
369.0 4.8125
370.0 4.53125
371.0 5.125
372.0 5.1640625
373.0 5.015625
374.0 5.1015625
375.0 4.890625
376.0 4.78125
377.0 4.453125
378.0 4.25
379.0 5.1640625
380.0 5.1640625
381.0 5.0546875
382.0 5.15625
383.0 5.109375
384.0 5.203125
385.0 4.90625
386.0 4.4140625
387.0 4.5625
388.0 4.5390625
389.0 4.46875
390.0 4.3046875
391.0 4.3359375
392.0 0.84375
393.0 8.921875
394.0 4.90625
395.0 5.2265625
396.0 5.3671875
397.0 3.171875
398.0 7.2109375
399.0 5.0390625
400.0 5.046875
401.0 4.9609375
402.0 5.1640625
403.0 5.125
404.0 5.078125
405.0 4.9609375
406.0 4.6875
407.0 4.09375
408.0 4.0625
409.0 4.3984375
410.0 1.9765625
411.0 6.6171875
412.0 4.9453125
413.0 4.6875
414.0 4.7578125
415.0 4.59375
416.0 3.9453125
417.0 5.8203125
418.0 4.7578125
419.0 4.7109375
420.0 4.7578125
421.0 5.0546875
422.0 5.3125
423.0 4.8984375
424.0 4.8046875
425.0 4.7265625
426.0 4.1328125
427.0 4.0390625
428.0 4.0234375
429.0 0.3984375
430.0 8.8828125
431.0 4.859375
432.0 4.6015625
433.0 0.5078125
434.0 8.1640625
435.0 4.8046875
436.0 4.3515625
437.0 4.3828125
438.0 4.453125
439.0 4.90625
440.0 4.890625
441.0 5.1640625
442.0 4.0859375
443.0 1.890625
444.0 1.5859375
445.0 3.4375
446.0 0.0
447.0 6.1875
448.0 4.3359375
449.0 4.90625
450.0 4.6484375
451.0 4.828125
452.0 4.90625
453.0 5.140625
454.0 5.0234375
455.0 5.234375
456.0 4.7578125
457.0 4.390625
458.0 1.703125
459.0 7.6171875
460.0 5.28125
461.0 5.0546875
462.0 4.7578125
463.0 4.3046875
464.0 5.4609375
465.0 5.109375
466.0 4.3671875
467.0 4.625
468.0 4.3515625
469.0 3.546875
470.0 4.1796875
471.0 5.1953125
472.0 5.34375
473.0 5.203125
474.0 5.0390625
475.0 5.6640625
476.0 5.5234375
477.0 3.0390625
478.0 6.765625
479.0 5.5
480.0 5.9140625
481.0 6.09375
482.0 1.9375
483.0 9.6953125
484.0 5.6171875
485.0 5.0703125
486.0 5.484375
487.0 5.765625
488.0 5.203125
489.0 4.875
490.0 4.8359375
491.0 5.4921875
492.0 5.75
493.0 6.0078125
494.0 5.90625
495.0 5.9765625
496.0 5.3125
497.0 4.84375
498.0 5.484375
499.0 5.484375
500.0 5.15625
501.0 5.125
502.0 5.6484375
503.0 6.0390625
504.0 6.1171875
505.0 5.96875
506.0 5.375
507.0 5.3828125
508.0 5.578125
509.0 5.8203125
510.0 4.1484375
511.0 6.59375
512.0 5.0078125
513.0 5.7109375
514.0 5.5234375
515.0 5.53125
516.0 5.9375
517.0 5.9140625
518.0 5.6953125
519.0 5.53125
520.0 5.0859375
521.0 5.3203125
522.0 5.765625
523.0 6.1875
524.0 6.078125
525.0 5.7109375
526.0 3.171875
527.0 7.9609375
528.0 5.109375
529.0 5.5625
530.0 5.46875
531.0 5.703125
532.0 5.6015625
533.0 6.078125
534.0 6.0234375
535.0 6.203125
536.0 4.9296875
537.0 4.390625
538.0 4.6796875
539.0 5.28125
540.0 5.3828125
541.0 5.6953125
542.0 1.078125
543.0 10.28125
544.0 5.671875
545.0 4.4765625
546.0 2.515625
547.0 5.2890625
548.0 4.796875
549.0 5.140625
550.0 5.2265625
551.0 5.1875
552.0 5.9765625
553.0 5.8125
554.0 5.9296875
555.0 4.6796875
556.0 3.6953125
557.0 4.3984375
558.0 4.609375
559.0 1.0
560.0 8.828125
561.0 5.3125
562.0 5.6640625
563.0 5.6328125
564.0 5.7109375
565.0 5.609375
566.0 4.921875
567.0 1.1171875
568.0 8.2265625
569.0 4.953125
570.0 5.3671875
571.0 5.96875
572.0 6.203125
573.0 5.875
574.0 5.5234375
575.0 5.515625
576.0 4.8125
577.0 3.9453125
578.0 6.0078125
579.0 5.2890625
580.0 5.0078125
581.0 3.46875
582.0 5.4375
583.0 5.46875
584.0 6.0390625
585.0 5.9609375
586.0 5.21875
587.0 4.859375
588.0 4.7734375
589.0 5.3359375
590.0 5.4921875
591.0 5.796875
592.0 5.8125
593.0 5.8515625
594.0 4.9453125
595.0 6.5390625
596.0 4.9609375
597.0 4.9296875
598.0 5.015625
599.0 3.671875
