0.0 5.046875
1.0 4.546875
2.0 5.078125
3.0 4.3046875
4.0 4.828125
5.0 5.28125
6.0 4.3359375
7.0 4.0546875
8.0 1.71875
9.0 1.59375
10.0 4.296875
11.0 4.8359375
12.0 0.96875
13.0 7.3984375
14.0 3.40625
15.0 2.0390625
16.0 7.1328125
17.0 5.203125
18.0 4.8046875
19.0 5.2265625
20.0 4.71875
21.0 4.21875
22.0 3.46875
23.0 3.90625
24.0 4.7734375
25.0 4.1328125
26.0 2.5703125
27.0 0.0
28.0 5.203125
29.0 1.7890625
30.0 2.1640625
31.0 4.5703125
32.0 6.078125
33.0 6.203125
34.0 6.1484375
35.0 5.7578125
36.0 5.5625
37.0 5.78125
38.0 5.578125
39.0 5.5234375
40.0 5.375
41.0 2.9609375
42.0 0.0
43.0 0.0
44.0 0.0
45.0 6.265625
46.0 4.6484375
47.0 5.234375
48.0 5.0703125
49.0 3.9453125
50.0 2.1015625
51.0 8.234375
52.0 5.2890625
53.0 5.3203125
54.0 5.6171875
55.0 5.6171875
56.0 6.171875
57.0 5.9609375
58.0 6.0390625
59.0 5.3828125
60.0 4.75
61.0 2.921875
62.0 6.953125
63.0 6.3515625
64.0 5.7890625
65.0 5.7890625
66.0 5.0390625
67.0 5.1328125
68.0 2.0390625
69.0 7.6640625
70.0 1.890625
71.0 2.546875
72.0 3.0
73.0 4.5390625
74.0 5.3515625
75.0 5.2578125
76.0 1.9140625
77.0 8.421875
78.0 3.796875
79.0 6.828125
80.0 5.171875
81.0 5.6171875
82.0 5.6484375
83.0 5.8203125
84.0 5.5859375
85.0 5.546875
86.0 5.578125
87.0 5.484375
88.0 5.5859375
89.0 5.6953125
90.0 5.9453125
91.0 6.0
92.0 5.40625
93.0 5.046875
94.0 6.0
95.0 6.0
96.0 6.0546875
97.0 5.90625
98.0 5.9765625
99.0 5.53125
100.0 5.9140625
101.0 5.734375
102.0 5.78125
103.0 5.2265625
104.0 5.234375
105.0 5.78125
106.0 2.1640625
107.0 9.3984375
108.0 5.4296875
109.0 5.6328125
110.0 5.546875
111.0 2.9609375
112.0 8.2421875
113.0 5.9921875
114.0 5.890625
115.0 6.09375
116.0 5.875
117.0 5.1640625
118.0 5.90625
119.0 5.7109375
120.0 5.2265625
121.0 6.125
122.0 5.8125
123.0 3.9140625
124.0 8.2109375
125.0 5.90625
126.0 6.0859375
127.0 5.9140625
128.0 5.9140625
129.0 5.875
130.0 5.6796875
131.0 5.7109375
132.0 5.734375
133.0 5.0703125
134.0 5.4375
135.0 5.890625
136.0 6.0
137.0 5.609375
138.0 5.0703125
139.0 5.5859375
140.0 5.578125
141.0 5.453125
142.0 5.46875
143.0 5.90625
144.0 6.03125
145.0 1.390625
146.0 10.4453125
147.0 5.9140625
148.0 5.78125
149.0 6.1796875
150.0 5.875
151.0 5.9140625
152.0 5.1328125
153.0 5.4921875
154.0 5.46875
155.0 5.3671875
156.0 5.2890625
157.0 5.6484375
158.0 5.4375
159.0 5.671875
160.0 2.046875
161.0 9.265625
162.0 5.6640625
163.0 5.9296875
164.0 5.4296875
165.0 5.75
166.0 5.484375
167.0 5.515625
168.0 5.9375
169.0 5.765625
170.0 5.53125
171.0 5.765625
172.0 6.0
173.0 5.9140625
174.0 5.90625
175.0 5.90625
176.0 5.8828125
177.0 5.6484375
178.0 2.1171875
179.0 0.0
180.0 6.3046875
181.0 5.75
182.0 5.0390625
183.0 4.2734375
184.0 5.6953125
185.0 5.6796875
186.0 2.1953125
187.0 9.1484375
188.0 2.375
189.0 9.3125
190.0 5.828125
191.0 5.8515625
192.0 5.6640625
193.0 5.890625
194.0 4.6640625
195.0 6.9609375
196.0 5.609375
197.0 5.34375
198.0 5.25
199.0 5.5546875
200.0 3.1171875
201.0 3.875
202.0 4.6484375
203.0 4.6796875
204.0 6.1875
205.0 5.3359375
206.0 4.71875
207.0 5.578125
208.0 5.3203125
209.0 6.8828125
210.0 4.28125
211.0 3.4765625
212.0 0.5234375
213.0 7.578125
214.0 4.5390625
215.0 4.15625
216.0 4.171875
217.0 4.0078125
218.0 4.3203125
219.0 5.9765625
220.0 5.78125
221.0 5.8125
222.0 5.875
223.0 3.609375
224.0 4.9453125
225.0 5.75
226.0 5.9140625
227.0 5.671875
228.0 5.0390625
229.0 2.4921875
230.0 4.53125
231.0 5.8125
232.0 5.9921875
233.0 5.9609375
234.0 5.40625
235.0 2.1875
236.0 6.78125
237.0 4.7578125
238.0 3.515625
239.0 4.953125
240.0 5.9921875
241.0 5.7890625
242.0 5.96875
243.0 5.4609375
244.0 5.53125
245.0 5.9296875
246.0 5.9609375
247.0 5.75
248.0 5.6640625
249.0 1.34375
250.0 9.8671875
251.0 5.734375
252.0 6.0546875
253.0 5.6953125
254.0 5.8203125
255.0 5.734375
256.0 5.7109375
257.0 5.5625
258.0 5.3125
259.0 5.6015625
260.0 5.609375
261.0 4.8046875
262.0 5.4609375
263.0 5.8125
264.0 5.90625
265.0 6.03125
266.0 5.9296875
267.0 6.1875
268.0 5.609375
269.0 5.0546875
270.0 6.234375
271.0 6.0390625
272.0 2.390625
273.0 10.0234375
274.0 6.2578125
275.0 6.265625
276.0 4.9765625
277.0 4.9765625
278.0 5.578125
279.0 5.7890625
280.0 5.8515625
281.0 5.859375
282.0 5.203125
283.0 1.921875
284.0 9.484375
285.0 5.0703125
286.0 5.9296875
287.0 6.1875
288.0 5.7890625
289.0 5.9375
290.0 2.4609375
291.0 10.015625
292.0 6.0390625
293.0 5.6171875
294.0 5.765625
295.0 5.9609375
296.0 5.4609375
297.0 5.8125
298.0 2.28125
299.0 9.4921875
300.0 5.8203125
301.0 6.03125
302.0 5.9765625
303.0 5.734375
304.0 6.0
305.0 5.8515625
306.0 6.0
307.0 5.796875
308.0 5.7578125
309.0 5.7265625
310.0 5.6328125
311.0 5.671875
312.0 4.3359375
313.0 7.0703125
314.0 5.8515625
315.0 5.734375
316.0 5.734375
317.0 6.1171875
318.0 2.2109375
319.0 9.328125
320.0 5.6796875
321.0 6.0078125
322.0 5.9609375
323.0 5.890625
324.0 5.78125
325.0 5.9140625
326.0 5.96875
327.0 6.0859375
328.0 5.84375
329.0 5.84375
330.0 5.734375
331.0 5.7265625
332.0 2.5625
333.0 9.4765625
334.0 5.6015625
335.0 5.9375
336.0 5.6328125
337.0 5.9375
338.0 2.4296875
339.0 8.8359375
340.0 5.453125
341.0 5.6328125
342.0 5.6640625
343.0 5.7578125
344.0 5.84375
345.0 5.890625
346.0 5.828125
347.0 5.6953125
348.0 5.6484375
349.0 5.78125
350.0 5.640625
351.0 5.6953125
352.0 5.765625
353.0 4.90625
354.0 5.765625
355.0 5.609375
356.0 5.78125
357.0 5.1875
358.0 5.7578125
359.0 5.6953125
360.0 5.375
361.0 5.8515625
362.0 5.6953125
363.0 5.7109375
364.0 5.3828125
365.0 1.4453125
366.0 7.8828125
367.0 2.8515625
368.0 1.765625
369.0 2.0078125
370.0 4.0703125
371.0 3.140625
372.0 1.03125
373.0 6.5859375
374.0 4.1796875
375.0 5.234375
376.0 3.46875
377.0 2.609375
378.0 3.3515625
379.0 4.3046875
380.0 2.4609375
381.0 3.4765625
382.0 4.21875
383.0 3.40625
384.0 4.546875
385.0 4.7265625
386.0 5.7890625
387.0 5.546875
388.0 5.2890625
389.0 5.5625
390.0 5.4921875
391.0 2.21875
392.0 7.796875
393.0 5.0390625
394.0 3.25
395.0 3.6796875
396.0 5.046875
397.0 5.609375
398.0 4.0703125
399.0 4.0234375
400.0 5.15625
401.0 5.7890625
402.0 3.5546875
403.0 8.5078125
404.0 4.9765625
405.0 3.84375
406.0 3.40625
407.0 3.1015625
408.0 3.609375
409.0 4.0625
410.0 4.578125
411.0 4.390625
412.0 1.296875
413.0 0.0
414.0 6.625
415.0 3.4140625
416.0 3.7578125
417.0 4.4765625
418.0 4.4765625
419.0 4.15625
420.0 2.8671875
421.0 0.0
422.0 6.0078125
423.0 5.7109375
424.0 4.7265625
425.0 5.9375
426.0 5.796875
427.0 5.484375
428.0 5.5625
429.0 5.4921875
430.0 5.7109375
431.0 5.609375
432.0 5.5546875
433.0 3.8203125
434.0 2.5390625
435.0 4.5625
436.0 2.3125
437.0 8.2421875
438.0 5.828125
439.0 5.609375
440.0 5.765625
441.0 4.625
442.0 0.765625
443.0 8.6875
444.0 4.90625
445.0 5.1015625
446.0 1.953125
447.0 8.0546875
448.0 5.6953125
449.0 5.640625
450.0 6.1875
451.0 5.6171875
452.0 5.828125
453.0 5.828125
454.0 5.9140625
455.0 6.0546875
456.0 2.34375
457.0 8.6484375
458.0 5.8203125
459.0 6.0234375
460.0 6.125
461.0 5.9609375
462.0 5.9375
463.0 6.171875
464.0 6.1875
465.0 6.2578125
466.0 6.2109375
467.0 5.75
468.0 6.0078125
469.0 6.0546875
470.0 6.4453125
471.0 6.484375
472.0 5.8125
473.0 6.8671875
474.0 2.578125
475.0 0.0
476.0 4.7109375
477.0 0.8046875
478.0 1.96875
479.0 2.328125
480.0 4.6796875
481.0 2.7578125
482.0 1.5859375
483.0 0.9296875
484.0 0.71875
485.0 1.7734375
486.0 2.4140625
487.0 0.9296875
488.0 0.0
489.0 5.421875
490.0 2.28125
491.0 1.8984375
492.0 2.0390625
493.0 5.0390625
494.0 4.8671875
495.0 4.6640625
496.0 5.109375
497.0 5.546875
498.0 5.96875
499.0 5.7109375
500.0 5.5546875
501.0 5.6953125
502.0 6.234375
503.0 5.4921875
504.0 5.84375
505.0 5.484375
506.0 1.1484375
507.0 9.8359375
508.0 5.5625
509.0 5.515625
510.0 2.3984375
511.0 8.984375
512.0 5.8515625
513.0 5.6484375
514.0 5.671875
515.0 5.8125
516.0 5.75
517.0 5.875
518.0 6.15625
519.0 5.859375
520.0 6.171875
521.0 6.109375
522.0 5.9375
523.0 5.6015625
524.0 5.84375
525.0 6.1875
526.0 5.6953125
527.0 6.0546875
528.0 5.6953125
529.0 5.90625
530.0 5.9296875
531.0 6.078125
532.0 5.515625
533.0 5.9609375
534.0 5.5
535.0 5.8203125
536.0 2.6328125
537.0 9.34375
538.0 5.7890625
539.0 5.8203125
540.0 5.96875
541.0 5.765625
542.0 5.9375
543.0 5.734375
544.0 6.0078125
545.0 5.875
546.0 5.8203125
547.0 6.2109375
548.0 6.296875
549.0 6.0625
550.0 6.109375
551.0 4.125
552.0 4.3671875
553.0 8.8203125
554.0 2.4296875
555.0 9.328125
556.0 5.6953125
557.0 5.90625
558.0 6.3359375
559.0 6.203125
560.0 6.2265625
561.0 6.15625
562.0 6.15625
563.0 6.1484375
564.0 6.4765625
565.0 6.1875
566.0 5.96875
567.0 4.5703125
568.0 3.875
569.0 8.984375
570.0 2.5234375
571.0 9.546875
572.0 5.578125
573.0 5.796875
574.0 2.59375
575.0 9.375
576.0 5.7109375
577.0 5.96875
578.0 6.2578125
579.0 6.09375
580.0 6.0234375
581.0 6.0
582.0 5.609375
583.0 5.78125
584.0 5.53125
585.0 5.7890625
586.0 5.9453125
587.0 5.1015625
588.0 7.125
589.0 6.1171875
590.0 5.90625
591.0 4.3515625
592.0 2.1015625
593.0 0.0
594.0 5.7890625
595.0 2.96875
596.0 4.8671875
597.0 5.1640625
598.0 4.359375
599.0 3.7265625
