0.0 7.9375
1.0 6.8046875
2.0 6.0859375
3.0 5.7109375
4.0 6.59375
5.0 6.7109375
6.0 7.21875
7.0 6.78125
8.0 6.6640625
9.0 6.6171875
10.0 7.0078125
11.0 7.0625
12.0 7.2890625
13.0 7.15625
14.0 7.5390625
15.0 7.734375
16.0 7.3125
17.0 7.5390625
18.0 7.1328125
19.0 6.859375
20.0 7.21875
21.0 8.09375
22.0 8.078125
23.0 7.375
24.0 7.2578125
25.0 7.46875
26.0 7.796875
27.0 2.65625
28.0 11.4296875
29.0 7.3984375
30.0 7.703125
31.0 7.40625
32.0 7.21875
33.0 7.2890625
34.0 7.4921875
35.0 7.34375
36.0 7.8359375
37.0 7.4375
38.0 7.71875
39.0 8.0859375
40.0 7.1875
41.0 7.546875
42.0 7.40625
43.0 7.1328125
44.0 7.6640625
45.0 7.5546875
46.0 7.5078125
47.0 7.7578125
48.0 7.4921875
49.0 7.734375
50.0 7.34375
51.0 7.0390625
52.0 7.8984375
53.0 7.5703125
54.0 7.71875
55.0 7.640625
56.0 7.65625
57.0 7.3671875
58.0 3.0234375
59.0 12.0390625
60.0 7.640625
61.0 7.1640625
62.0 7.640625
63.0 8.265625
64.0 8.109375
65.0 7.984375
66.0 8.765625
67.0 8.3515625
68.0 7.875
69.0 7.6171875
70.0 7.75
71.0 8.5
72.0 8.140625
73.0 8.4375
74.0 8.328125
75.0 8.1640625
76.0 3.46875
77.0 13.15625
78.0 8.5078125
79.0 6.3203125
80.0 10.0859375
81.0 8.09375
82.0 7.6953125
83.0 7.796875
84.0 7.453125
85.0 7.5546875
86.0 7.40625
87.0 7.1953125
88.0 6.8828125
89.0 7.671875
90.0 7.046875
91.0 7.6875
92.0 8.203125
93.0 7.515625
94.0 7.78125
95.0 7.5859375
96.0 7.4296875
97.0 7.4609375
98.0 7.7578125
99.0 7.96875
100.0 3.46875
101.0 10.3125
102.0 7.1640625
103.0 4.9765625
104.0 6.7421875
105.0 7.6953125
106.0 7.78125
107.0 8.03125
108.0 3.59375
109.0 10.234375
110.0 7.2890625
111.0 6.890625
112.0 8.03125
113.0 7.84375
114.0 8.53125
115.0 8.6171875
116.0 8.921875
117.0 9.03125
118.0 8.5625
119.0 8.96875
120.0 8.859375
121.0 7.3203125
122.0 8.71875
123.0 8.203125
124.0 8.5390625
125.0 8.4765625
126.0 2.671875
127.0 11.953125
128.0 6.6484375
129.0 9.0078125
130.0 9.25
131.0 8.5625
132.0 9.25
133.0 8.7890625
134.0 8.734375
135.0 8.65625
136.0 8.9453125
137.0 8.140625
138.0 4.2109375
139.0 10.703125
140.0 8.2421875
141.0 8.5859375
142.0 8.40625
143.0 8.8046875
144.0 8.1484375
145.0 8.6875
146.0 8.6875
147.0 8.53125
148.0 8.8515625
149.0 9.375
150.0 8.1796875
151.0 8.140625
152.0 7.5390625
153.0 7.71875
154.0 9.1796875
155.0 8.5078125
156.0 8.46875
157.0 8.328125
158.0 1.7734375
159.0 7.875
160.0 6.828125
161.0 7.8984375
162.0 8.09375
163.0 8.34375
164.0 8.2109375
165.0 8.3203125
166.0 6.7109375
167.0 10.0859375
168.0 8.828125
169.0 8.625
170.0 8.4453125
171.0 3.609375
172.0 12.671875
173.0 8.375
174.0 8.7109375
175.0 8.3828125
176.0 8.1484375
177.0 7.2265625
178.0 8.5546875
179.0 8.71875
180.0 8.8828125
181.0 8.4609375
182.0 8.390625
183.0 9.0703125
184.0 8.75
185.0 8.4921875
186.0 8.078125
187.0 8.59375
188.0 8.0546875
189.0 3.640625
190.0 10.5546875
191.0 8.5859375
192.0 8.9453125
193.0 8.1953125
194.0 8.5859375
195.0 8.3203125
196.0 7.8125
197.0 6.8828125
198.0 8.421875
199.0 8.078125
200.0 9.0078125
201.0 8.9375
202.0 5.5234375
203.0 10.859375
204.0 7.9140625
205.0 8.8359375
206.0 8.34375
207.0 8.2890625
208.0 8.5390625
209.0 8.4375
210.0 8.6015625
211.0 8.625
212.0 8.5078125
213.0 7.9609375
214.0 7.84375
215.0 8.3515625
216.0 8.46875
217.0 6.84375
218.0 9.078125
219.0 7.78125
220.0 7.5703125
221.0 8.03125
222.0 7.5078125
223.0 7.15625
224.0 8.015625
225.0 8.234375
226.0 8.7890625
227.0 8.8203125
228.0 8.765625
229.0 8.703125
230.0 8.421875
231.0 8.6484375
232.0 8.6875
233.0 8.5546875
234.0 8.6015625
235.0 8.625
236.0 8.4375
237.0 8.5859375
238.0 8.3125
239.0 8.4140625
240.0 8.625
241.0 8.4375
242.0 8.671875
243.0 8.7421875
244.0 8.5
245.0 8.4375
246.0 8.4609375
247.0 8.3515625
248.0 8.1328125
249.0 8.1796875
250.0 8.4765625
251.0 8.4140625
252.0 8.1171875
253.0 8.2109375
254.0 8.4375
255.0 8.328125
256.0 8.2890625
257.0 8.6796875
258.0 8.2890625
259.0 8.2109375
260.0 8.171875
261.0 8.4140625
262.0 8.2734375
263.0 8.34375
264.0 8.390625
265.0 8.375
266.0 8.4375
267.0 8.59375
268.0 8.5
269.0 8.40625
270.0 8.390625
271.0 8.2109375
272.0 8.4609375
273.0 8.8515625
274.0 8.8671875
275.0 5.4609375
276.0 11.5
277.0 7.984375
278.0 7.6875
279.0 7.9375
280.0 7.8671875
281.0 8.046875
282.0 8.3125
283.0 8.234375
284.0 8.2734375
285.0 8.4765625
286.0 8.203125
287.0 8.2421875
288.0 8.71875
289.0 8.65625
290.0 8.5703125
291.0 6.9765625
292.0 10.1796875
293.0 8.390625
294.0 8.046875
295.0 8.3203125
296.0 8.46875
297.0 8.3828125
298.0 8.4921875
299.0 8.8203125
300.0 8.390625
301.0 8.421875
302.0 8.2421875
303.0 8.40625
304.0 8.2421875
305.0 8.4453125
306.0 4.6015625
307.0 12.125
308.0 8.0234375
309.0 8.34375
310.0 8.2265625
311.0 8.2109375
312.0 8.2109375
313.0 8.40625
314.0 8.3125
315.0 8.390625
316.0 8.328125
317.0 8.2421875
318.0 8.2890625
319.0 8.1953125
320.0 8.4921875
321.0 8.203125
322.0 8.4609375
323.0 8.5703125
324.0 8.234375
325.0 8.2265625
326.0 8.03125
327.0 8.2734375
328.0 8.046875
329.0 8.078125
330.0 7.796875
331.0 7.3359375
332.0 7.8828125
333.0 7.8125
334.0 7.4375
335.0 7.7578125
336.0 7.78125
337.0 7.5859375
338.0 7.515625
339.0 7.65625
340.0 7.6171875
341.0 8.1953125
342.0 7.6640625
343.0 7.6171875
344.0 7.8125
345.0 7.7265625
346.0 7.4375
347.0 7.703125
348.0 5.2890625
349.0 10.015625
350.0 7.6171875
351.0 7.578125
352.0 5.34375
353.0 11.28125
354.0 8.2578125
355.0 8.4609375
356.0 8.2890625
357.0 8.734375
358.0 8.71875
359.0 8.7734375
360.0 8.5546875
361.0 8.7734375
362.0 7.4921875
363.0 9.625
364.0 8.9453125
365.0 8.53125
366.0 8.9140625
367.0 9.0078125
368.0 8.8515625
369.0 9.0078125
370.0 8.265625
371.0 8.6171875
372.0 8.5546875
373.0 8.46875
374.0 8.5546875
375.0 8.59375
376.0 8.390625
377.0 8.3515625
378.0 8.3828125
379.0 8.640625
380.0 8.2890625
381.0 8.046875
382.0 7.40625
383.0 8.203125
384.0 9.359375
385.0 9.453125
386.0 9.1640625
387.0 9.3984375
388.0 9.5703125
389.0 9.5546875
390.0 8.984375
391.0 9.0
392.0 9.265625
393.0 8.703125
394.0 4.0078125
395.0 14.3359375
396.0 8.8046875
397.0 8.1484375
398.0 6.3359375
399.0 0.421875
400.0 10.671875
401.0 7.03125
402.0 7.2734375
403.0 6.953125
404.0 7.0625
405.0 7.7890625
406.0 8.03125
407.0 7.515625
408.0 6.03125
409.0 4.9296875
410.0 6.171875
411.0 7.5703125
412.0 5.9765625
413.0 9.59375
414.0 8.4609375
415.0 7.765625
416.0 6.3046875
417.0 7.7578125
418.0 7.0703125
419.0 7.5234375
420.0 7.9921875
421.0 7.640625
422.0 7.7578125
423.0 7.8203125
424.0 7.5390625
425.0 7.96875
426.0 7.8828125
427.0 8.015625
428.0 7.8359375
429.0 7.5703125
430.0 7.546875
431.0 8.2109375
432.0 8.8984375
433.0 8.6171875
434.0 8.421875
435.0 8.390625
436.0 5.453125
437.0 11.7265625
438.0 7.96875
439.0 7.9453125
440.0 8.328125
441.0 8.671875
442.0 8.5078125
443.0 8.53125
444.0 8.4609375
445.0 8.5390625
446.0 8.4609375
447.0 8.5859375
448.0 8.1328125
449.0 8.34375
450.0 8.4609375
451.0 8.71875
452.0 8.2734375
453.0 7.8828125
454.0 8.1640625
455.0 7.515625
456.0 2.984375
457.0 12.6015625
458.0 8.1796875
459.0 8.2109375
460.0 7.8671875
461.0 3.96875
462.0 11.1171875
463.0 8.109375
464.0 7.8671875
465.0 7.8515625
466.0 7.6953125
467.0 7.34375
468.0 8.1796875
469.0 7.65625
470.0 7.8828125
471.0 7.8828125
472.0 7.765625
473.0 8.265625
474.0 5.109375
475.0 11.328125
476.0 8.0
477.0 7.8984375
478.0 7.640625
479.0 7.6640625
480.0 7.421875
481.0 7.78125
482.0 8.03125
483.0 8.4140625
484.0 8.046875
485.0 8.0546875
486.0 8.3125
487.0 7.9453125
488.0 7.8984375
489.0 8.015625
490.0 5.5
491.0 10.625
492.0 8.0546875
493.0 7.03125
494.0 9.25
495.0 8.109375
496.0 8.03125
497.0 8.3125
498.0 8.3125
499.0 8.1484375
500.0 8.1640625
501.0 8.1796875
502.0 7.8828125
503.0 7.2421875
504.0 7.609375
505.0 8.1796875
506.0 8.1484375
507.0 8.7109375
508.0 7.875
509.0 8.2265625
510.0 8.4921875
511.0 8.375
512.0 8.421875
513.0 8.6484375
514.0 8.390625
515.0 8.1171875
516.0 8.46875
517.0 7.8203125
518.0 8.265625
519.0 8.265625
520.0 7.9453125
521.0 7.5546875
522.0 8.4609375
523.0 8.296875
524.0 7.6875
525.0 8.0859375
526.0 7.8828125
527.0 8.3515625
528.0 7.7265625
529.0 8.09375
530.0 7.90625
531.0 7.9140625
532.0 8.078125
533.0 8.3125
534.0 8.3828125
535.0 8.2578125
536.0 8.109375
537.0 8.03125
538.0 8.171875
539.0 8.34375
540.0 8.390625
541.0 8.328125
542.0 8.1171875
543.0 7.609375
544.0 8.1484375
545.0 7.7265625
546.0 7.8671875
547.0 7.015625
548.0 7.40625
549.0 7.703125
550.0 7.78125
551.0 7.8515625
552.0 8.1171875
553.0 8.2578125
554.0 8.328125
555.0 7.6640625
556.0 7.484375
557.0 7.6015625
558.0 7.5078125
559.0 7.453125
560.0 7.1875
561.0 3.171875
562.0 11.875
563.0 6.9453125
564.0 4.0390625
565.0 12.5859375
566.0 9.09375
567.0 8.5390625
568.0 9.09375
569.0 9.3125
570.0 8.6015625
571.0 8.296875
572.0 8.1171875
573.0 8.2734375
574.0 8.5234375
575.0 8.859375
576.0 8.6796875
577.0 8.7890625
578.0 8.953125
579.0 8.71875
580.0 8.7890625
581.0 7.90625
582.0 8.4140625
583.0 8.390625
584.0 7.765625
585.0 8.2109375
586.0 8.5859375
587.0 8.671875
588.0 8.4453125
589.0 8.5234375
590.0 8.5
591.0 8.3828125
592.0 8.703125
593.0 9.0625
594.0 8.6875
595.0 8.921875
596.0 9.0078125
597.0 8.7890625
598.0 9.0
599.0 8.984375
