0.0 0.0
1.0 5.8125
2.0 1.9453125
3.0 0.421875
4.0 0.6640625
5.0 1.015625
6.0 1.4375
7.0 1.59375
8.0 3.2890625
9.0 3.6484375
10.0 2.515625
11.0 0.7265625
12.0 0.0
13.0 5.5625
14.0 2.046875
15.0 1.9765625
16.0 1.5390625
17.0 2.4765625
18.0 2.328125
19.0 2.2421875
20.0 0.71875
21.0 0.0
22.0 5.96875
23.0 2.4296875
24.0 2.4921875
25.0 1.640625
26.0 1.390625
27.0 1.4921875
28.0 1.7890625
29.0 2.1796875
30.0 2.8203125
31.0 1.2890625
32.0 1.203125
33.0 0.0
34.0 0.0
35.0 0.0
36.0 0.0
37.0 3.9375
38.0 0.765625
39.0 0.4921875
40.0 0.0
41.0 0.515625
42.0 0.8125
43.0 0.3671875
44.0 0.34375
45.0 0.640625
46.0 1.8515625
47.0 1.59375
48.0 2.578125
49.0 3.0859375
50.0 2.234375
51.0 2.4765625
52.0 2.7578125
53.0 2.8125
54.0 1.8046875
55.0 5.890625
56.0 2.578125
57.0 2.5703125
58.0 2.484375
59.0 0.15625
60.0 6.125
61.0 1.890625
62.0 1.7421875
63.0 1.0859375
64.0 0.703125
65.0 1.1640625
66.0 2.296875
67.0 3.140625
68.0 4.234375
69.0 2.84375
70.0 2.0703125
71.0 1.609375
72.0 0.0
73.0 7.3984375
74.0 2.671875
75.0 3.84375
76.0 3.1015625
77.0 2.265625
78.0 0.0
79.0 6.1796875
80.0 2.4609375
81.0 1.890625
82.0 4.8359375
83.0 4.7109375
84.0 3.9453125
85.0 3.515625
86.0 4.7734375
87.0 4.6953125
88.0 0.75
89.0 6.5625
90.0 4.3359375
91.0 4.984375
92.0 4.3984375
93.0 4.515625
94.0 4.6796875
95.0 4.625
96.0 4.609375
97.0 4.5
98.0 4.46875
99.0 3.5546875
100.0 3.5625
101.0 3.6171875
102.0 2.4609375
103.0 0.8203125
104.0 9.2421875
105.0 2.0859375
106.0 4.6015625
107.0 5.796875
108.0 4.3828125
109.0 4.125
110.0 4.1875
111.0 4.0
112.0 4.546875
113.0 4.71875
114.0 4.8984375
115.0 4.6484375
116.0 4.5078125
117.0 4.484375
118.0 4.6796875
119.0 4.6640625
120.0 4.59375
121.0 2.8359375
122.0 7.15625
123.0 4.3984375
124.0 4.578125
125.0 3.8828125
126.0 3.21875
127.0 6.5078125
128.0 5.21875
129.0 4.453125
130.0 4.203125
131.0 4.65625
132.0 4.328125
133.0 4.4296875
134.0 4.21875
135.0 4.3359375
136.0 4.3046875
137.0 2.6328125
138.0 7.0703125
139.0 4.1875
140.0 4.390625
141.0 3.875
142.0 4.1484375
143.0 4.6953125
144.0 4.8359375
145.0 3.8046875
146.0 4.6484375
147.0 4.5
148.0 4.5
149.0 4.78125
150.0 4.2734375
151.0 1.625
152.0 7.046875
153.0 4.1875
154.0 3.7265625
155.0 3.40625
156.0 1.5625
157.0 0.0
158.0 8.0234375
159.0 3.8515625
160.0 2.65625
161.0 2.7890625
162.0 4.0703125
163.0 3.875
164.0 3.765625
165.0 3.8046875
166.0 4.203125
167.0 4.3671875
168.0 3.3828125
169.0 2.0078125
170.0 0.9609375
171.0 0.0
172.0 7.0703125
173.0 4.3359375
174.0 3.65625
175.0 2.65625
176.0 0.75
177.0 4.3359375
178.0 2.5703125
179.0 2.4453125
180.0 4.0625
181.0 4.0859375
182.0 3.7109375
183.0 3.765625
184.0 2.9375
185.0 2.6015625
186.0 2.328125
187.0 2.5234375
188.0 2.9375
189.0 3.6953125
190.0 1.96875
191.0 0.0
192.0 7.28125
193.0 3.40625
194.0 0.671875
195.0 0.0
196.0 4.3671875
197.0 3.734375
198.0 2.953125
199.0 2.359375
200.0 2.2109375
201.0 3.9921875
202.0 2.6015625
203.0 2.7421875
204.0 3.0
205.0 4.8046875
206.0 4.3046875
207.0 3.3515625
208.0 3.328125
209.0 3.375
210.0 5.7578125
211.0 4.7578125
212.0 4.5390625
213.0 4.5078125
214.0 3.3515625
215.0 3.4609375
216.0 2.90625
217.0 0.0
218.0 7.6015625
219.0 3.3984375
220.0 3.1796875
221.0 2.6015625
222.0 2.7109375
223.0 3.2265625
224.0 3.046875
225.0 2.71875
226.0 0.0
227.0 7.2265625
228.0 4.5078125
229.0 5.3671875
230.0 4.7265625
231.0 3.5546875
232.0 3.1953125
233.0 3.34375
234.0 3.3828125
235.0 3.25
236.0 3.2265625
237.0 1.890625
238.0 4.609375
239.0 1.96875
240.0 4.59375
241.0 3.4609375
242.0 3.3984375
243.0 3.34375
244.0 3.1171875
245.0 3.3671875
246.0 4.1171875
247.0 4.578125
248.0 4.609375
249.0 3.0546875
250.0 7.1796875
251.0 4.75
252.0 5.109375
253.0 4.8125
254.0 3.1640625
255.0 3.4296875
256.0 4.5078125
257.0 2.8671875
258.0 6.0859375
259.0 2.8984375
260.0 0.9296875
261.0 0.984375
262.0 2.515625
263.0 2.609375
264.0 2.4765625
265.0 1.796875
266.0 1.359375
267.0 1.7734375
268.0 1.046875
269.0 1.671875
270.0 2.4921875
271.0 2.1171875
272.0 0.609375
273.0 0.0
274.0 6.2890625
275.0 2.015625
276.0 3.0703125
277.0 2.4609375
278.0 1.9453125
279.0 1.8359375
280.0 2.0
281.0 2.78125
282.0 1.8359375
283.0 0.875
284.0 0.0625
285.0 0.0
286.0 6.2578125
287.0 3.3671875
288.0 4.4140625
289.0 2.5625
290.0 3.734375
291.0 3.90625
292.0 3.4375
293.0 4.5390625
294.0 3.1640625
295.0 3.34375
296.0 4.46875
297.0 1.859375
298.0 0.0
299.0 7.65625
300.0 3.203125
301.0 3.703125
302.0 3.3671875
303.0 4.2109375
304.0 3.625
305.0 4.9296875
306.0 3.8515625
307.0 1.8515625
308.0 6.703125
309.0 4.2421875
310.0 4.8984375
311.0 4.7734375
312.0 4.0625
313.0 4.296875
314.0 4.71875
315.0 4.171875
316.0 3.109375
317.0 2.359375
318.0 2.921875
319.0 2.7265625
320.0 1.2421875
321.0 6.71875
322.0 5.046875
323.0 4.1328125
324.0 5.078125
325.0 3.5
326.0 1.9375
327.0 0.0
328.0 5.078125
329.0 3.1484375
330.0 2.3671875
331.0 2.2421875
332.0 2.25
333.0 2.4765625
334.0 2.875
335.0 2.9296875
336.0 2.5625
337.0 2.5234375
338.0 2.625
339.0 2.6640625
340.0 2.890625
341.0 0.6328125
342.0 0.0
343.0 7.46875
344.0 2.125
345.0 2.4609375
346.0 1.8359375
347.0 1.0234375
348.0 0.0
349.0 0.0
350.0 0.0
351.0 0.0
352.0 5.140625
353.0 2.4296875
354.0 2.8125
355.0 2.34375
356.0 1.234375
357.0 2.09375
358.0 2.4296875
359.0 2.5078125
360.0 2.671875
361.0 3.0
362.0 2.8203125
363.0 2.625
364.0 2.9296875
365.0 2.6328125
366.0 0.5234375
367.0 0.0
368.0 5.2734375
369.0 4.5625
370.0 4.3828125
371.0 4.9609375
372.0 3.9921875
373.0 1.8671875
374.0 0.0
375.0 5.9140625
376.0 2.7578125
377.0 2.0
378.0 4.9609375
379.0 1.046875
380.0 1.3828125
381.0 1.7109375
382.0 1.1328125
383.0 2.625
384.0 2.265625
385.0 3.40625
386.0 3.4375
387.0 2.984375
388.0 2.1953125
389.0 2.0
390.0 1.625
391.0 1.5703125
392.0 0.8828125
393.0 0.0
394.0 0.0
395.0 5.2890625
396.0 2.1484375
397.0 2.2734375
398.0 2.515625
399.0 2.4296875
400.0 2.1796875
401.0 2.1796875
402.0 1.265625
403.0 0.0
404.0 6.0234375
405.0 2.546875
406.0 2.5703125
407.0 2.328125
408.0 1.96875
409.0 1.7890625
410.0 1.7109375
411.0 2.59375
412.0 2.59375
413.0 2.4453125
414.0 2.5234375
415.0 1.765625
416.0 1.8515625
417.0 1.671875
418.0 0.1875
419.0 0.0
420.0 5.5234375
421.0 2.234375
422.0 1.7578125
423.0 1.953125
424.0 1.8515625
425.0 0.6328125
426.0 0.0
427.0 5.0234375
428.0 2.234375
429.0 1.96875
430.0 2.0625
431.0 2.015625
432.0 1.828125
433.0 1.5859375
434.0 1.890625
435.0 2.359375
436.0 2.1953125
437.0 2.0
438.0 1.71875
439.0 0.65625
440.0 4.6484375
441.0 4.8359375
442.0 1.5859375
443.0 1.0625
444.0 1.3203125
445.0 1.7578125
446.0 1.640625
447.0 1.734375
448.0 1.71875
449.0 1.8515625
450.0 1.828125
451.0 2.0
452.0 0.0
453.0 4.84375
454.0 1.8046875
455.0 1.5390625
456.0 1.46875
457.0 1.6875
458.0 2.1875
459.0 1.8046875
460.0 1.7578125
461.0 1.4453125
462.0 0.6328125
463.0 0.0
464.0 0.0
465.0 5.4609375
466.0 1.5390625
467.0 1.2578125
468.0 2.25
469.0 2.1796875
470.0 2.4609375
471.0 4.0625
472.0 5.015625
473.0 4.953125
474.0 5.0234375
475.0 5.21875
476.0 4.4453125
477.0 0.9375
478.0 6.0234375
479.0 2.8984375
480.0 3.578125
481.0 3.90625
482.0 2.8203125
483.0 2.5625
484.0 2.3984375
485.0 0.0
486.0 0.046875
487.0 5.6171875
488.0 1.96875
489.0 2.359375
490.0 2.375
491.0 1.3125
492.0 1.8046875
493.0 2.4921875
494.0 2.453125
495.0 2.15625
496.0 2.515625
497.0 2.4921875
498.0 2.59375
499.0 0.0
500.0 5.140625
501.0 2.4453125
502.0 2.671875
503.0 2.6015625
504.0 2.375
505.0 2.5703125
506.0 2.3125
507.0 1.4921875
508.0 0.0
509.0 3.203125
510.0 4.71875
511.0 2.3046875
512.0 2.375
513.0 2.1875
514.0 2.1875
515.0 2.359375
516.0 1.9765625
517.0 2.34375
518.0 2.4765625
519.0 2.5078125
520.0 2.484375
521.0 2.84375
522.0 2.359375
523.0 1.2265625
524.0 0.0
525.0 6.6640625
526.0 2.5703125
527.0 2.328125
528.0 2.046875
529.0 0.84375
530.0 0.0
531.0 6.2109375
532.0 2.75
533.0 2.78125
534.0 3.046875
535.0 2.96875
536.0 2.78125
537.0 2.65625
538.0 2.578125
539.0 2.3359375
540.0 2.03125
541.0 2.046875
542.0 2.4296875
543.0 1.71875
544.0 4.7734375
545.0 3.6171875
546.0 2.75
547.0 2.640625
548.0 2.546875
549.0 2.59375
550.0 2.65625
551.0 2.59375
552.0 2.515625
553.0 0.2421875
554.0 5.1953125
555.0 2.4921875
556.0 2.21875
557.0 2.3046875
558.0 2.421875
559.0 2.5390625
560.0 2.3125
561.0 2.390625
562.0 2.671875
563.0 2.4296875
564.0 2.6015625
565.0 2.6875
566.0 2.6640625
567.0 0.421875
568.0 0.0
569.0 5.1875
570.0 1.6484375
571.0 0.9921875
572.0 1.5546875
573.0 2.296875
574.0 2.21875
575.0 0.4921875
576.0 0.0
577.0 5.0078125
578.0 1.921875
579.0 2.2734375
580.0 3.2265625
581.0 4.296875
582.0 5.5859375
583.0 5.1953125
584.0 5.25
585.0 5.3671875
586.0 5.9296875
587.0 5.21875
588.0 5.6953125
589.0 5.7265625
590.0 4.890625
591.0 5.8203125
592.0 5.3046875
593.0 4.2734375
594.0 4.859375
595.0 4.6875
596.0 1.765625
597.0 8.359375
598.0 4.609375
599.0 4.859375
