0.0 5.2265625
1.0 0.875
2.0 8.71875
3.0 4.9296875
4.0 4.546875
5.0 2.3984375
6.0 6.9453125
7.0 4.546875
8.0 4.6484375
9.0 4.9453125
10.0 4.90625
11.0 5.125
12.0 5.0078125
13.0 5.2578125
14.0 5.046875
15.0 5.3828125
16.0 5.125
17.0 5.1875
18.0 5.28125
19.0 4.953125
20.0 4.6796875
21.0 5.15625
22.0 5.25
23.0 5.2578125
24.0 5.21875
25.0 5.3203125
26.0 4.90625
27.0 4.890625
28.0 1.3203125
29.0 8.6015625
30.0 4.8359375
31.0 4.9765625
32.0 4.9453125
33.0 4.90625
34.0 1.7734375
35.0 7.9296875
36.0 4.4765625
37.0 4.8984375
38.0 5.0546875
39.0 5.3046875
40.0 5.046875
41.0 5.109375
42.0 3.90625
43.0 4.65625
44.0 4.09375
45.0 4.9609375
46.0 4.0625
47.0 0.75
48.0 7.9453125
49.0 4.984375
50.0 4.6640625
51.0 4.8046875
52.0 3.625
53.0 5.3125
54.0 4.796875
55.0 4.59375
56.0 4.8125
57.0 4.515625
58.0 5.28125
59.0 5.2578125
60.0 5.2265625
61.0 5.1015625
62.0 5.2734375
63.0 5.4375
64.0 5.3359375
65.0 4.7578125
66.0 0.0
67.0 7.578125
68.0 1.375
69.0 4.859375
70.0 4.5703125
71.0 4.6796875
72.0 4.7109375
73.0 4.5703125
74.0 0.1875
75.0 6.9453125
76.0 2.921875
77.0 2.7578125
78.0 0.609375
79.0 8.0
80.0 3.078125
81.0 4.1875
82.0 1.1796875
83.0 2.0078125
84.0 2.9296875
85.0 3.328125
86.0 2.8515625
87.0 6.703125
88.0 4.7578125
89.0 2.7109375
90.0 3.4140625
91.0 4.5625
92.0 2.8671875
93.0 6.78125
94.0 4.71875
95.0 4.6953125
96.0 4.7265625
97.0 4.8984375
98.0 4.984375
99.0 5.046875
100.0 4.8984375
101.0 5.046875
102.0 5.3359375
103.0 5.078125
104.0 4.828125
105.0 4.7734375
106.0 3.4140625
107.0 2.6015625
108.0 3.59375
109.0 4.9609375
110.0 4.984375
111.0 5.1953125
112.0 5.078125
113.0 4.9921875
114.0 4.8671875
115.0 4.90625
116.0 3.609375
117.0 2.984375
118.0 2.921875
119.0 0.0
120.0 7.046875
121.0 2.625
122.0 2.953125
123.0 4.5390625
124.0 4.359375
125.0 4.578125
126.0 1.8203125
127.0 6.140625
128.0 4.3515625
129.0 4.9609375
130.0 3.59375
131.0 4.328125
132.0 3.25
133.0 3.3671875
134.0 0.0
135.0 0.0
136.0 0.0
137.0 0.0
138.0 0.0
139.0 0.0
140.0 0.0
141.0 0.0
142.0 7.03125
143.0 5.7890625
144.0 5.8125
145.0 5.671875
146.0 5.765625
147.0 5.3984375
148.0 5.484375
149.0 5.546875
150.0 5.4375
151.0 5.3515625
152.0 5.3671875
153.0 5.375
154.0 5.1953125
155.0 4.6796875
156.0 0.9609375
157.0 8.375
158.0 5.015625
159.0 5.234375
160.0 0.96875
161.0 8.7890625
162.0 2.1328125
163.0 7.2421875
164.0 4.5
165.0 4.546875
166.0 4.3671875
167.0 4.71875
168.0 4.3359375
169.0 3.0234375
170.0 4.5625
171.0 4.46875
172.0 4.546875
173.0 4.9609375
174.0 5.0390625
175.0 4.984375
176.0 0.6328125
177.0 9.5078125
178.0 4.515625
179.0 4.25
180.0 5.484375
181.0 5.015625
182.0 4.84375
183.0 4.6640625
184.0 4.984375
185.0 4.8984375
186.0 4.625
187.0 4.8046875
188.0 4.796875
189.0 4.7265625
190.0 4.75
191.0 4.71875
192.0 4.84375
193.0 0.5859375
194.0 9.125
195.0 4.9609375
196.0 5.1875
197.0 4.78125
198.0 2.84375
199.0 6.5859375
200.0 4.3515625
201.0 4.0859375
202.0 3.9140625
203.0 3.9375
204.0 3.7890625
205.0 4.1171875
206.0 2.2109375
207.0 5.765625
208.0 3.4609375
209.0 3.4921875
210.0 3.171875
211.0 3.703125
212.0 4.21875
213.0 4.4453125
214.0 3.015625
215.0 3.4296875
216.0 3.703125
217.0 4.0703125
218.0 3.90625
219.0 0.2421875
220.0 6.15625
221.0 1.359375
222.0 1.9140625
223.0 3.578125
224.0 3.3984375
225.0 3.859375
226.0 3.96875
227.0 3.2890625
228.0 3.4921875
229.0 3.2890625
230.0 0.96875
231.0 6.5390625
232.0 3.171875
233.0 3.5234375
234.0 2.2421875
235.0 5.5
236.0 3.53125
237.0 4.09375
238.0 4.71875
239.0 4.9296875
240.0 4.3984375
241.0 4.546875
242.0 5.0390625
243.0 4.625
244.0 4.7265625
245.0 4.828125
246.0 5.078125
247.0 2.21875
248.0 6.6328125
249.0 4.6015625
250.0 4.6640625
251.0 4.796875
252.0 1.171875
253.0 8.4375
254.0 4.8046875
255.0 4.8046875
256.0 4.3046875
257.0 4.6640625
258.0 4.890625
259.0 4.625
260.0 4.7265625
261.0 4.46875
262.0 5.015625
263.0 5.078125
264.0 1.609375
265.0 5.9921875
266.0 2.1875
267.0 4.796875
268.0 5.0390625
269.0 4.171875
270.0 5.078125
271.0 5.046875
272.0 2.546875
273.0 0.0
274.0 8.265625
275.0 5.3671875
276.0 5.3671875
277.0 5.6484375
278.0 5.6484375
279.0 5.46875
280.0 5.203125
281.0 1.28125
282.0 7.28125
283.0 4.8046875
284.0 5.6796875
285.0 5.5234375
286.0 5.5
287.0 4.390625
288.0 0.734375
289.0 9.046875
290.0 5.5625
291.0 5.9140625
292.0 5.8203125
293.0 2.515625
294.0 7.9609375
295.0 4.9609375
296.0 2.9921875
297.0 6.6640625
298.0 4.9609375
299.0 4.921875
300.0 5.1328125
301.0 5.1953125
302.0 5.015625
303.0 5.0234375
304.0 4.984375
305.0 4.796875
306.0 4.4140625
307.0 5.1328125
308.0 5.125
309.0 5.0546875
310.0 4.6484375
311.0 0.2578125
312.0 9.59375
313.0 3.859375
314.0 2.421875
315.0 6.46875
316.0 4.8984375
317.0 4.84375
318.0 4.84375
319.0 4.796875
320.0 4.71875
321.0 4.7734375
322.0 4.7265625
323.0 4.7734375
324.0 4.65625
325.0 4.890625
326.0 4.6015625
327.0 3.2890625
328.0 0.0
329.0 8.6484375
330.0 4.6953125
331.0 3.015625
332.0 6.1875
333.0 4.875
334.0 4.9609375
335.0 4.5
336.0 2.6640625
337.0 4.1328125
338.0 4.0234375
339.0 4.5
340.0 4.6484375
341.0 4.8671875
342.0 4.7734375
343.0 5.0078125
344.0 4.625
345.0 0.9296875
346.0 8.3203125
347.0 4.234375
348.0 3.734375
349.0 4.71875
350.0 4.296875
351.0 3.3515625
352.0 3.6796875
353.0 4.859375
354.0 4.9765625
355.0 4.828125
356.0 5.1328125
357.0 5.1015625
358.0 5.0390625
359.0 4.9921875
360.0 4.6484375
361.0 4.5
362.0 0.65625
363.0 9.3359375
364.0 4.9453125
365.0 4.921875
366.0 4.6875
367.0 2.3359375
368.0 7.4296875
369.0 4.3671875
370.0 4.59375
371.0 4.828125
372.0 4.8125
373.0 4.7734375
374.0 4.8125
375.0 4.609375
376.0 4.546875
377.0 4.4453125
378.0 4.6484375
379.0 4.484375
380.0 3.4375
381.0 5.8828125
382.0 5.046875
383.0 4.90625
384.0 4.6875
385.0 1.5546875
386.0 7.5078125
387.0 4.828125
388.0 4.3359375
389.0 4.5625
390.0 4.859375
391.0 4.984375
392.0 4.8359375
393.0 4.65625
394.0 4.609375
395.0 4.3359375
396.0 4.625
397.0 4.3515625
398.0 0.9375
399.0 7.8828125
400.0 4.609375
401.0 4.8046875
402.0 5.046875
403.0 4.921875
404.0 4.5625
405.0 1.2421875
406.0 8.078125
407.0 4.6953125
408.0 4.9453125
409.0 4.7578125
410.0 2.8125
411.0 6.0078125
412.0 4.234375
413.0 4.5625
414.0 4.1015625
415.0 4.5625
416.0 4.609375
417.0 4.59375
418.0 4.28125
419.0 4.2421875
420.0 2.7265625
421.0 6.0234375
422.0 4.359375
423.0 4.515625
424.0 4.46875
425.0 4.3984375
426.0 4.515625
427.0 4.21875
428.0 3.3125
429.0 2.921875
430.0 1.7109375
431.0 2.8203125
432.0 4.5390625
433.0 4.5625
434.0 2.953125
435.0 6.3203125
436.0 4.453125
437.0 4.4296875
438.0 4.4765625
439.0 4.6328125
440.0 4.53125
441.0 0.546875
442.0 8.6171875
443.0 4.71875
444.0 4.7734375
445.0 4.453125
446.0 4.53125
447.0 4.609375
448.0 4.5703125
449.0 4.7109375
450.0 4.28125
451.0 4.3203125
452.0 4.6328125
453.0 4.7421875
454.0 2.453125
455.0 6.9453125
456.0 4.8359375
457.0 4.796875
458.0 4.5
459.0 2.4296875
460.0 5.8515625
461.0 2.3125
462.0 4.171875
463.0 4.984375
464.0 4.6328125
465.0 3.0
466.0 1.5859375
467.0 5.9921875
468.0 5.109375
469.0 5.3984375
470.0 5.2890625
471.0 5.2890625
472.0 5.4375
473.0 5.3125
474.0 5.203125
475.0 5.2265625
476.0 5.3203125
477.0 5.0703125
478.0 5.078125
479.0 1.8203125
480.0 8.109375
481.0 4.5703125
482.0 4.84375
483.0 4.828125
484.0 4.65625
485.0 2.28125
486.0 7.453125
487.0 4.8984375
488.0 4.9453125
489.0 5.0546875
490.0 5.0390625
491.0 5.21875
492.0 4.6796875
493.0 5.046875
494.0 5.0859375
495.0 5.1875
496.0 5.203125
497.0 5.0234375
498.0 1.109375
499.0 8.9140625
500.0 4.9453125
501.0 4.9765625
502.0 1.609375
503.0 8.5234375
504.0 5.0859375
505.0 5.046875
506.0 4.859375
507.0 5.015625
508.0 4.9921875
509.0 5.0546875
510.0 4.921875
511.0 4.9609375
512.0 5.1640625
513.0 5.15625
514.0 5.0078125
515.0 0.140625
516.0 9.8515625
517.0 5.0859375
518.0 5.078125
519.0 5.234375
520.0 0.03125
521.0 9.5234375
522.0 4.8984375
523.0 5.4921875
524.0 4.9765625
525.0 5.140625
526.0 3.265625
527.0 6.921875
528.0 5.0234375
529.0 4.8125
530.0 4.7578125
531.0 4.6015625
532.0 4.7578125
533.0 4.25
534.0 4.71875
535.0 4.6015625
536.0 4.9921875
537.0 4.9921875
538.0 3.0703125
539.0 6.3046875
540.0 4.7578125
541.0 4.65625
542.0 3.1015625
543.0 6.6640625
544.0 5.0703125
545.0 4.9921875
546.0 4.78125
547.0 4.5703125
548.0 4.84375
549.0 4.7734375
550.0 4.546875
551.0 4.5703125
552.0 4.7265625
553.0 4.6328125
554.0 4.7734375
555.0 4.8046875
556.0 1.8046875
557.0 7.7890625
558.0 4.875
559.0 4.609375
560.0 3.46875
561.0 6.1796875
562.0 4.9765625
563.0 5.1953125
564.0 5.21875
565.0 5.1328125
566.0 4.828125
567.0 4.90625
568.0 5.125
569.0 5.0703125
570.0 4.8984375
571.0 5.140625
572.0 5.1328125
573.0 4.7109375
574.0 5.3125
575.0 5.171875
576.0 4.953125
577.0 5.171875
578.0 5.2578125
579.0 5.2265625
580.0 5.078125
581.0 2.6328125
582.0 7.0078125
583.0 4.8046875
584.0 5.140625
585.0 4.9921875
586.0 2.453125
587.0 7.4375
588.0 5.3359375
589.0 5.109375
590.0 5.0703125
591.0 5.15625
592.0 5.0390625
593.0 4.7421875
594.0 4.828125
595.0 4.421875
596.0 4.75
597.0 4.7734375
598.0 2.546875
599.0 6.0546875
