0.0 4.8984375
1.0 2.59375
2.0 1.28125
3.0 4.3671875
4.0 4.2421875
5.0 2.9375
6.0 4.1171875
7.0 3.7890625
8.0 3.21875
9.0 4.9609375
10.0 2.9375
11.0 3.1640625
12.0 4.8671875
13.0 2.96875
14.0 4.3671875
15.0 3.3671875
16.0 3.859375
17.0 3.8828125
18.0 0.8515625
19.0 7.5234375
20.0 4.9453125
21.0 4.8984375
22.0 5.0390625
23.0 5.0078125
24.0 4.6484375
25.0 2.1171875
26.0 5.0703125
27.0 2.2734375
28.0 3.0703125
29.0 4.875
30.0 5.0234375
31.0 4.9296875
32.0 4.90625
33.0 4.7578125
34.0 4.5390625
35.0 4.234375
36.0 4.6015625
37.0 4.5
38.0 4.53125
39.0 0.2109375
40.0 8.5859375
41.0 4.6015625
42.0 4.6328125
43.0 4.6796875
44.0 4.3046875
45.0 2.3125
46.0 6.0078125
47.0 3.890625
48.0 4.578125
49.0 4.234375
50.0 4.46875
51.0 4.4765625
52.0 4.8671875
53.0 4.359375
54.0 4.296875
55.0 4.421875
56.0 2.2734375
57.0 0.40625
58.0 6.6328125
59.0 4.8359375
60.0 4.4765625
61.0 4.890625
62.0 4.875
63.0 5.21875
64.0 4.84375
65.0 4.984375
66.0 5.1328125
67.0 5.1015625
68.0 5.375
69.0 4.8671875
70.0 3.1953125
71.0 7.359375
72.0 5.484375
73.0 5.3828125
74.0 5.140625
75.0 5.0390625
76.0 2.1875
77.0 7.96875
78.0 5.0703125
79.0 5.1875
80.0 5.2890625
81.0 4.8359375
82.0 5.0234375
83.0 4.84375
84.0 4.3515625
85.0 4.2734375
86.0 4.359375
87.0 3.9140625
88.0 4.7421875
89.0 4.6953125
90.0 0.71875
91.0 8.109375
92.0 4.4453125
93.0 3.4140625
94.0 1.7734375
95.0 6.703125
96.0 4.1328125
97.0 4.4765625
98.0 4.3203125
99.0 3.6484375
100.0 2.984375
101.0 3.578125
102.0 2.421875
103.0 2.7265625
104.0 0.7265625
105.0 6.3359375
106.0 4.125
107.0 4.484375
108.0 4.59375
109.0 4.25
110.0 4.203125
111.0 4.515625
112.0 4.7109375
113.0 4.5703125
114.0 4.796875
115.0 5.015625
116.0 4.75
117.0 3.765625
118.0 5.2734375
119.0 4.9765625
120.0 4.9453125
121.0 4.8671875
122.0 4.875
123.0 5.0390625
124.0 3.0859375
125.0 7.09375
126.0 2.875
127.0 7.3125
128.0 5.0546875
129.0 5.1875
130.0 3.0
131.0 7.2109375
132.0 4.9765625
133.0 4.84375
134.0 5.1328125
135.0 4.5703125
136.0 5.1875
137.0 4.8359375
138.0 4.7578125
139.0 4.8125
140.0 4.8984375
141.0 4.8984375
142.0 2.7421875
143.0 6.828125
144.0 4.7265625
145.0 4.0234375
146.0 3.875
147.0 4.328125
148.0 4.3984375
149.0 4.90625
150.0 2.0703125
151.0 1.6171875
152.0 3.2890625
153.0 4.65625
154.0 2.625
155.0 6.0078125
156.0 4.171875
157.0 5.046875
158.0 4.8671875
159.0 4.3828125
160.0 4.0
161.0 4.7421875
162.0 2.921875
163.0 6.7109375
164.0 4.46875
165.0 4.3984375
166.0 4.421875
167.0 4.3203125
168.0 4.7578125
169.0 4.4453125
170.0 4.3359375
171.0 2.984375
172.0 4.328125
173.0 4.1328125
174.0 3.9375
175.0 4.6796875
176.0 3.828125
177.0 5.46875
178.0 4.6015625
179.0 4.59375
180.0 4.6328125
181.0 3.765625
182.0 0.546875
183.0 7.8125
184.0 4.6796875
185.0 4.546875
186.0 3.8203125
187.0 3.671875
188.0 4.5703125
189.0 4.25
190.0 4.546875
191.0 4.9296875
192.0 4.859375
193.0 4.859375
194.0 4.7734375
195.0 0.328125
196.0 8.5703125
197.0 3.890625
198.0 4.3515625
199.0 4.8984375
200.0 4.890625
201.0 4.6796875
202.0 4.578125
203.0 4.75
204.0 4.4140625
205.0 1.6875
206.0 5.6796875
207.0 4.8046875
208.0 4.7109375
209.0 4.71875
210.0 4.6875
211.0 4.5703125
212.0 1.7578125
213.0 8.046875
214.0 5.1640625
215.0 4.796875
216.0 4.8046875
217.0 5.1953125
218.0 4.9296875
219.0 5.0703125
220.0 4.84375
221.0 5.0546875
222.0 4.796875
223.0 4.1875
224.0 2.3046875
225.0 6.9296875
226.0 3.6953125
227.0 4.7421875
228.0 5.140625
229.0 4.90625
230.0 5.0703125
231.0 4.8359375
232.0 5.15625
233.0 5.25
234.0 4.7734375
235.0 3.9921875
236.0 1.96875
237.0 0.0
238.0 9.453125
239.0 4.609375
240.0 3.96875
241.0 4.03125
242.0 4.2109375
243.0 4.6640625
244.0 4.1484375
245.0 5.2578125
246.0 3.859375
247.0 2.8203125
248.0 4.5390625
249.0 4.7578125
250.0 4.7109375
251.0 4.7109375
252.0 4.515625
253.0 4.3671875
254.0 3.140625
255.0 3.4296875
256.0 4.15625
257.0 0.0078125
258.0 5.078125
259.0 4.53125
260.0 2.3671875
261.0 6.2109375
262.0 4.0546875
263.0 3.953125
264.0 4.5
265.0 4.3671875
266.0 4.296875
267.0 4.609375
268.0 4.8046875
269.0 4.5390625
270.0 4.609375
271.0 4.8671875
272.0 4.8984375
273.0 4.9921875
274.0 5.0078125
275.0 0.90625
276.0 9.2734375
277.0 4.890625
278.0 4.875
279.0 4.796875
280.0 0.1953125
281.0 8.8203125
282.0 4.53125
283.0 4.546875
284.0 4.6328125
285.0 4.7265625
286.0 2.3125
287.0 6.9453125
288.0 4.4140625
289.0 4.5078125
290.0 2.8984375
291.0 7.0078125
292.0 5.0859375
293.0 5.140625
294.0 5.109375
295.0 4.6484375
296.0 4.9453125
297.0 4.8125
298.0 4.9765625
299.0 4.75
300.0 4.7421875
301.0 4.3359375
302.0 4.7578125
303.0 4.6953125
304.0 4.6328125
305.0 0.9296875
306.0 7.984375
307.0 4.453125
308.0 4.5625
309.0 3.6953125
310.0 5.3125
311.0 4.515625
312.0 4.21875
313.0 4.328125
314.0 3.4296875
315.0 3.640625
316.0 4.53125
317.0 4.5078125
318.0 4.953125
319.0 4.90625
320.0 4.921875
321.0 4.8671875
322.0 5.0390625
323.0 2.4765625
324.0 7.3203125
325.0 4.9765625
326.0 4.984375
327.0 5.0546875
328.0 4.71875
329.0 2.625
330.0 6.5625
331.0 4.984375
332.0 4.453125
333.0 4.5390625
334.0 4.3046875
335.0 4.3203125
336.0 4.6640625
337.0 4.5
338.0 4.515625
339.0 4.546875
340.0 4.5390625
341.0 4.8046875
342.0 2.265625
343.0 7.2734375
344.0 2.03125
345.0 2.1328125
346.0 1.9375
347.0 0.5390625
348.0 4.9453125
349.0 4.953125
350.0 4.84375
351.0 4.3984375
352.0 4.6015625
353.0 4.421875
354.0 4.8671875
355.0 4.7421875
356.0 4.7578125
357.0 4.9921875
358.0 4.9765625
359.0 5.1328125
360.0 4.9453125
361.0 4.7734375
362.0 4.53125
363.0 5.1640625
364.0 5.2578125
365.0 5.53125
366.0 5.171875
367.0 5.1015625
368.0 4.953125
369.0 4.03125
370.0 1.5703125
371.0 1.6484375
372.0 0.0
373.0 0.0
374.0 5.546875
375.0 1.6484375
376.0 1.5078125
377.0 2.484375
378.0 1.5546875
379.0 4.5
380.0 5.1640625
381.0 5.1875
382.0 2.8984375
383.0 7.4609375
384.0 4.6015625
385.0 2.4453125
386.0 2.90625
387.0 2.7109375
388.0 2.609375
389.0 2.59375
390.0 2.8125
391.0 2.6875
392.0 2.8125
393.0 2.4765625
394.0 2.3359375
395.0 2.28125
396.0 2.1875
397.0 0.0
398.0 5.25
399.0 2.4765625
400.0 2.640625
401.0 2.90625
402.0 2.609375
403.0 1.265625
404.0 0.0
405.0 8.1796875
406.0 4.78125
407.0 4.8125
408.0 5.0703125
409.0 4.7265625
410.0 4.4296875
411.0 4.7265625
412.0 4.3515625
413.0 4.609375
414.0 4.6640625
415.0 4.453125
416.0 5.0078125
417.0 5.0234375
418.0 1.7890625
419.0 8.078125
420.0 4.6015625
421.0 4.890625
422.0 5.140625
423.0 2.03125
424.0 5.7890625
425.0 6.40625
426.0 3.8828125
427.0 2.921875
428.0 2.7734375
429.0 3.109375
430.0 4.1171875
431.0 3.953125
432.0 3.9921875
433.0 4.7578125
434.0 4.1015625
435.0 3.828125
436.0 3.7265625
437.0 4.515625
438.0 4.6328125
439.0 0.1875
440.0 8.328125
441.0 3.625
442.0 3.9453125
443.0 4.46875
444.0 1.2265625
445.0 8.890625
446.0 5.078125
447.0 5.1640625
448.0 5.046875
449.0 4.9765625
450.0 4.9765625
451.0 4.7421875
452.0 4.21875
453.0 4.4765625
454.0 4.6953125
455.0 4.9296875
456.0 5.140625
457.0 3.4765625
458.0 5.8125
459.0 3.671875
460.0 4.0390625
461.0 4.7734375
462.0 4.6640625
463.0 0.2578125
464.0 7.5703125
465.0 1.359375
466.0 4.0
467.0 4.7421875
468.0 4.78125
469.0 3.625
470.0 3.28125
471.0 4.1015625
472.0 3.1484375
473.0 4.59375
474.0 4.6640625
475.0 4.796875
476.0 4.0859375
477.0 3.921875
478.0 4.6328125
479.0 4.875
480.0 4.7109375
481.0 4.828125
482.0 4.3984375
483.0 4.84375
484.0 5.0078125
485.0 2.8671875
486.0 6.984375
487.0 4.8046875
488.0 4.6953125
489.0 5.1015625
490.0 0.65625
491.0 8.0
492.0 2.0078125
493.0 4.0234375
494.0 4.3203125
495.0 4.890625
496.0 5.1015625
497.0 4.609375
498.0 4.6796875
499.0 4.875
500.0 4.328125
501.0 3.46875
502.0 1.4453125
503.0 0.0
504.0 6.7109375
505.0 2.578125
506.0 2.1328125
507.0 2.234375
508.0 2.84375
509.0 2.3125
510.0 0.0703125
511.0 0.0
512.0 5.9140625
513.0 0.0
514.0 4.2734375
515.0 2.34375
516.0 2.1953125
517.0 2.28125
518.0 1.2890625
519.0 3.046875
520.0 2.4296875
521.0 5.1328125
522.0 4.1875
523.0 4.3828125
524.0 4.625
525.0 4.9453125
526.0 4.9296875
527.0 4.7578125
528.0 4.7578125
529.0 3.171875
530.0 6.5
531.0 4.6953125
532.0 4.3203125
533.0 4.15625
534.0 4.84375
535.0 3.9375
536.0 4.25
537.0 4.9765625
538.0 5.1015625
539.0 4.90625
540.0 4.8671875
541.0 4.921875
542.0 4.328125
543.0 4.7734375
544.0 3.265625
545.0 7.40625
546.0 3.109375
547.0 7.4609375
548.0 5.0859375
549.0 4.6875
550.0 4.9765625
551.0 4.6484375
552.0 3.1953125
553.0 4.2734375
554.0 4.390625
555.0 4.6796875
556.0 2.84375
557.0 5.9453125
558.0 3.828125
559.0 3.046875
560.0 2.3671875
561.0 2.1171875
562.0 3.265625
563.0 3.5859375
564.0 2.296875
565.0 1.8671875
566.0 1.671875
567.0 1.625
568.0 1.4609375
569.0 3.046875
570.0 3.171875
571.0 0.421875
572.0 7.765625
573.0 3.046875
574.0 0.8359375
575.0 1.296875
576.0 2.1484375
577.0 0.1328125
578.0 4.4765625
579.0 2.5234375
580.0 2.59375
581.0 2.4921875
582.0 2.4453125
583.0 2.3671875
584.0 1.96875
585.0 2.4609375
586.0 2.546875
587.0 2.421875
588.0 2.1640625
589.0 2.25
590.0 2.375
591.0 0.703125
592.0 0.0
593.0 7.2265625
594.0 3.40625
595.0 5.15625
596.0 5.0078125
597.0 4.828125
598.0 5.28125
599.0 5.140625
