0.0 6.8984375
1.0 7.3984375
2.0 7.2265625
3.0 5.8515625
4.0 8.9765625
5.0 7.078125
6.0 7.0625
7.0 7.078125
8.0 7.359375
9.0 7.3359375
10.0 7.3671875
11.0 7.2734375
12.0 7.609375
13.0 3.8828125
14.0 10.3125
15.0 7.21875
16.0 7.09375
17.0 7.25
18.0 7.2421875
19.0 7.2265625
20.0 7.484375
21.0 7.4296875
22.0 6.7109375
23.0 6.8984375
24.0 6.4765625
25.0 7.3984375
26.0 6.9609375
27.0 2.1015625
28.0 11.4765625
29.0 7.109375
30.0 7.3125
31.0 6.75
32.0 2.421875
33.0 11.578125
34.0 7.046875
35.0 6.625
36.0 7.40625
37.0 6.921875
38.0 7.21875
39.0 7.3046875
40.0 7.140625
41.0 7.2734375
42.0 7.4609375
43.0 7.4296875
44.0 7.359375
45.0 6.5390625
46.0 7.65625
47.0 7.28125
48.0 7.3046875
49.0 7.375
50.0 5.4375
51.0 9.453125
52.0 7.578125
53.0 7.046875
54.0 6.75
55.0 6.84375
56.0 7.09375
57.0 7.2109375
58.0 7.15625
59.0 7.2265625
60.0 7.2265625
61.0 7.4296875
62.0 4.6640625
63.0 9.34375
64.0 6.703125
65.0 6.890625
66.0 7.0625
67.0 2.984375
68.0 11.390625
69.0 7.0625
70.0 7.03125
71.0 7.0078125
72.0 7.15625
73.0 7.015625
74.0 6.703125
75.0 7.1640625
76.0 6.7734375
77.0 6.859375
78.0 6.765625
79.0 7.0703125
80.0 7.03125
81.0 6.6796875
82.0 7.6171875
83.0 7.5234375
84.0 7.3203125
85.0 6.9921875
86.0 7.1328125
87.0 7.0625
88.0 7.09375
89.0 7.2421875
90.0 7.0703125
91.0 7.125
92.0 7.15625
93.0 7.46875
94.0 7.25
95.0 7.2109375
96.0 2.3984375
97.0 11.546875
98.0 6.9609375
99.0 6.390625
100.0 7.9375
101.0 7.34375
102.0 7.25
103.0 3.9453125
104.0 10.1953125
105.0 6.9921875
106.0 7.5234375
107.0 6.859375
108.0 7.8359375
109.0 7.4375
110.0 7.2734375
111.0 7.453125
112.0 6.6484375
113.0 7.0625
114.0 7.2578125
115.0 6.6640625
116.0 7.03125
117.0 7.03125
118.0 6.78125
119.0 6.890625
120.0 6.921875
121.0 6.2265625
122.0 7.3125
123.0 6.703125
124.0 7.09375
125.0 7.1953125
126.0 7.28125
127.0 6.734375
128.0 6.7734375
129.0 6.78125
130.0 7.015625
131.0 7.140625
132.0 6.5
133.0 6.8984375
134.0 2.71875
135.0 11.0625
136.0 7.2890625
137.0 6.921875
138.0 6.9765625
139.0 7.0078125
140.0 6.984375
141.0 7.421875
142.0 6.5625
143.0 6.703125
144.0 6.734375
145.0 6.4375
146.0 6.84375
147.0 6.296875
148.0 7.6875
149.0 7.3359375
150.0 6.1875
151.0 7.0703125
152.0 7.34375
153.0 7.4375
154.0 6.6484375
155.0 6.109375
156.0 6.59375
157.0 7.03125
158.0 6.2109375
159.0 6.0859375
160.0 7.5078125
161.0 6.984375
162.0 6.984375
163.0 6.15625
164.0 7.15625
165.0 6.984375
166.0 7.4375
167.0 6.765625
168.0 7.0703125
169.0 7.0625
170.0 6.3515625
171.0 6.9453125
172.0 6.8359375
173.0 3.1796875
174.0 11.3046875
175.0 7.1875
176.0 7.1640625
177.0 7.2734375
178.0 6.9609375
179.0 7.046875
180.0 7.3203125
181.0 6.9296875
182.0 7.359375
183.0 7.375
184.0 7.375
185.0 7.140625
186.0 6.7421875
187.0 6.9765625
188.0 6.9765625
189.0 6.8828125
190.0 7.0625
191.0 7.1328125
192.0 6.7421875
193.0 7.15625
194.0 7.1875
195.0 7.0625
196.0 7.25
197.0 5.9140625
198.0 8.3203125
199.0 7.3125
200.0 7.046875
201.0 7.40625
202.0 7.046875
203.0 7.3671875
204.0 6.9921875
205.0 6.9921875
206.0 7.28125
207.0 6.796875
208.0 7.2734375
209.0 7.1953125
210.0 6.796875
211.0 6.734375
212.0 6.921875
213.0 5.6640625
214.0 8.2578125
215.0 7.0625
216.0 6.65625
217.0 6.9609375
218.0 7.046875
219.0 6.9921875
220.0 7.15625
221.0 6.796875
222.0 7.078125
223.0 6.8125
224.0 7.515625
225.0 7.140625
226.0 7.15625
227.0 6.9140625
228.0 7.015625
229.0 7.078125
230.0 7.1953125
231.0 6.765625
232.0 7.2890625
233.0 6.84375
234.0 7.21875
235.0 7.5703125
236.0 7.125
237.0 7.1640625
238.0 2.21875
239.0 11.9296875
240.0 7.3125
241.0 6.9453125
242.0 6.71875
243.0 6.8046875
244.0 2.2109375
245.0 11.6328125
246.0 6.953125
247.0 7.1796875
248.0 6.4140625
249.0 7.21875
250.0 6.8984375
251.0 6.4375
252.0 6.953125
253.0 7.125
254.0 7.0703125
255.0 7.0703125
256.0 7.21875
257.0 6.5546875
258.0 7.3046875
259.0 6.8828125
260.0 7.1875
261.0 6.921875
262.0 6.953125
263.0 7.078125
264.0 7.1328125
265.0 2.28125
266.0 11.484375
267.0 6.953125
268.0 7.0078125
269.0 5.6484375
270.0 8.5625
271.0 6.125
272.0 7.421875
273.0 7.3203125
274.0 6.84375
275.0 7.4375
276.0 6.8671875
277.0 6.8359375
278.0 7.015625
279.0 7.3046875
280.0 7.0703125
281.0 7.046875
282.0 7.1015625
283.0 7.1640625
284.0 6.78125
285.0 2.671875
286.0 10.984375
287.0 7.1796875
288.0 7.34375
289.0 7.2265625
290.0 7.3125
291.0 7.078125
292.0 5.453125
293.0 8.4453125
294.0 7.453125
295.0 7.1796875
296.0 7.21875
297.0 7.390625
298.0 7.2109375
299.0 7.15625
300.0 6.84375
301.0 7.484375
302.0 6.765625
303.0 7.1640625
304.0 7.21875
305.0 3.34375
306.0 10.5625
307.0 7.09375
308.0 6.890625
309.0 7.390625
310.0 7.703125
311.0 6.703125
312.0 7.875
313.0 7.421875
314.0 7.3359375
315.0 6.7421875
316.0 7.8984375
317.0 6.9921875
318.0 7.46875
319.0 7.25
320.0 7.3984375
321.0 7.453125
322.0 7.6171875
323.0 7.125
324.0 7.4296875
325.0 7.0625
326.0 7.1015625
327.0 6.8671875
328.0 8.1328125
329.0 7.2578125
330.0 7.2421875
331.0 7.3203125
332.0 7.5078125
333.0 7.359375
334.0 7.375
335.0 7.4375
336.0 6.8828125
337.0 7.2265625
338.0 7.2421875
339.0 7.6171875
340.0 7.09375
341.0 7.3671875
342.0 7.3359375
343.0 2.4140625
344.0 11.9375
345.0 7.2109375
346.0 7.09375
347.0 7.375
348.0 7.40625
349.0 7.3984375
350.0 7.09375
351.0 7.5390625
352.0 7.453125
353.0 7.125
354.0 7.4921875
355.0 7.28125
356.0 7.1875
357.0 7.5390625
358.0 7.0703125
359.0 7.2421875
360.0 7.1015625
361.0 7.3359375
362.0 7.40625
363.0 7.2890625
364.0 7.03125
365.0 7.421875
366.0 7.2109375
367.0 7.28125
368.0 6.359375
369.0 6.984375
370.0 7.0078125
371.0 7.515625
372.0 7.1015625
373.0 7.5859375
374.0 7.0625
375.0 7.46875
376.0 7.1875
377.0 6.40625
378.0 7.796875
379.0 7.6015625
380.0 7.3046875
381.0 7.390625
382.0 7.390625
383.0 6.828125
384.0 7.1953125
385.0 7.5703125
386.0 7.125
387.0 7.4296875
388.0 7.3046875
389.0 7.2578125
390.0 7.1953125
391.0 7.2734375
392.0 7.21875
393.0 7.0703125
394.0 7.5859375
395.0 7.125
396.0 7.484375
397.0 7.25
398.0 7.1640625
399.0 7.46875
400.0 7.3359375
401.0 5.2578125
402.0 8.75
403.0 7.15625
404.0 6.71875
405.0 7.421875
406.0 6.171875
407.0 8.203125
408.0 7.125
409.0 6.9140625
410.0 6.8046875
411.0 7.2890625
412.0 6.8359375
413.0 7.40625
414.0 7.03125
415.0 6.6015625
416.0 6.8671875
417.0 6.78125
418.0 6.9765625
419.0 3.640625
420.0 10.4609375
421.0 6.71875
422.0 7.0078125
423.0 7.0625
424.0 6.828125
425.0 4.0546875
426.0 10.1015625
427.0 6.9140625
428.0 7.2421875
429.0 7.1328125
430.0 6.796875
431.0 7.0078125
432.0 7.0625
433.0 7.25
434.0 6.8359375
435.0 6.5859375
436.0 7.453125
437.0 6.8984375
438.0 7.1875
439.0 6.5703125
440.0 7.34375
441.0 6.984375
442.0 7.5078125
443.0 6.9140625
444.0 7.078125
445.0 7.3125
446.0 7.3125
447.0 7.1796875
448.0 7.1875
449.0 6.9765625
450.0 7.28125
451.0 6.71875
452.0 7.5078125
453.0 7.078125
454.0 7.28125
455.0 7.078125
456.0 7.25
457.0 6.859375
458.0 7.2109375
459.0 7.0703125
460.0 7.0625
461.0 7.5390625
462.0 7.3984375
463.0 7.15625
464.0 7.65625
465.0 7.3046875
466.0 7.0078125
467.0 7.015625
468.0 7.1875
469.0 7.03125
470.0 7.34375
471.0 7.125
472.0 7.5859375
473.0 7.078125
474.0 6.8671875
475.0 7.1953125
476.0 6.9453125
477.0 7.140625
478.0 7.078125
479.0 7.2421875
480.0 7.3046875
481.0 6.921875
482.0 7.2421875
483.0 7.15625
484.0 7.3359375
485.0 5.671875
486.0 8.3828125
487.0 7.421875
488.0 7.109375
489.0 7.375
490.0 7.359375
491.0 7.015625
492.0 3.0
493.0 11.515625
494.0 5.109375
495.0 9.6015625
496.0 6.984375
497.0 7.3125
498.0 6.9921875
499.0 7.109375
500.0 7.140625
501.0 7.46875
502.0 7.28125
503.0 7.3359375
504.0 7.25
505.0 7.1796875
506.0 7.359375
507.0 7.4296875
508.0 3.9921875
509.0 9.8046875
510.0 3.6796875
511.0 10.5859375
512.0 7.453125
513.0 7.40625
514.0 7.2265625
515.0 7.09375
516.0 7.421875
517.0 7.2421875
518.0 7.359375
519.0 7.5234375
520.0 7.3203125
521.0 7.515625
522.0 7.3125
523.0 7.2265625
524.0 7.1640625
525.0 7.390625
526.0 7.2265625
527.0 7.421875
528.0 7.4296875
529.0 5.078125
530.0 9.421875
531.0 7.4375
532.0 7.1328125
533.0 7.2890625
534.0 7.453125
535.0 7.5078125
536.0 7.1796875
537.0 7.1640625
538.0 7.1953125
539.0 7.125
540.0 7.2421875
541.0 6.9921875
542.0 8.03125
543.0 7.3046875
544.0 6.9296875
545.0 7.1640625
546.0 7.359375
547.0 6.1875
548.0 8.328125
549.0 7.484375
550.0 7.3671875
551.0 7.484375
552.0 7.5859375
553.0 7.3203125
554.0 7.6171875
555.0 7.140625
556.0 7.71875
557.0 6.890625
558.0 7.09375
559.0 7.4296875
560.0 7.4296875
561.0 6.8671875
562.0 7.40625
563.0 7.484375
564.0 7.1640625
565.0 7.3359375
566.0 7.4296875
567.0 7.09375
568.0 7.671875
569.0 7.2109375
570.0 7.7890625
571.0 7.2109375
572.0 7.5546875
573.0 7.484375
574.0 7.390625
575.0 7.125
576.0 7.40625
577.0 7.34375
578.0 7.3671875
579.0 7.28125
580.0 7.2890625
581.0 6.859375
582.0 7.6953125
583.0 7.390625
584.0 7.5859375
585.0 7.4375
586.0 7.4296875
587.0 7.421875
588.0 7.109375
589.0 7.640625
590.0 7.2265625
591.0 7.109375
592.0 7.015625
593.0 7.484375
594.0 7.5390625
595.0 5.53125
596.0 8.65625
597.0 6.7421875
598.0 7.2109375
599.0 7.078125
