0.0 4.21875
1.0 5.078125
2.0 4.5390625
3.0 5.015625
4.0 5.0234375
5.0 4.78125
6.0 4.8359375
7.0 4.9765625
8.0 4.328125
9.0 5.6328125
10.0 4.625
11.0 5.84375
12.0 5.1328125
13.0 5.484375
14.0 5.0703125
15.0 4.84375
16.0 4.7265625
17.0 5.3203125
18.0 4.84375
19.0 2.671875
20.0 3.1953125
21.0 2.5234375
22.0 5.46875
23.0 4.390625
24.0 4.5625
25.0 4.0234375
26.0 4.6484375
27.0 4.2734375
28.0 4.3828125
29.0 4.421875
30.0 4.578125
31.0 4.6328125
32.0 4.6015625
33.0 4.8984375
34.0 4.3828125
35.0 1.328125
36.0 7.46875
37.0 4.1875
38.0 4.0625
39.0 1.5703125
40.0 6.7421875
41.0 3.8046875
42.0 3.703125
43.0 4.8125
44.0 4.359375
45.0 4.3984375
46.0 4.5703125
47.0 4.7734375
48.0 3.9921875
49.0 3.7890625
50.0 4.875
51.0 4.28125
52.0 4.234375
53.0 4.4140625
54.0 4.46875
55.0 4.796875
56.0 4.28125
57.0 0.8125
58.0 7.8515625
59.0 4.6640625
60.0 4.4453125
61.0 4.6328125
62.0 5.140625
63.0 4.875
64.0 0.984375
65.0 7.84375
66.0 4.359375
67.0 4.0234375
68.0 4.6875
69.0 4.84375
70.0 4.7109375
71.0 4.1171875
72.0 4.203125
73.0 4.1015625
74.0 4.15625
75.0 4.1015625
76.0 3.6484375
77.0 0.3984375
78.0 5.21875
79.0 4.3359375
80.0 3.796875
81.0 3.796875
82.0 4.203125
83.0 4.421875
84.0 0.2890625
85.0 9.25
86.0 4.484375
87.0 4.359375
88.0 4.234375
89.0 4.28125
90.0 3.9140625
91.0 3.6484375
92.0 4.2109375
93.0 4.5703125
94.0 4.625
95.0 4.7109375
96.0 4.90625
97.0 0.2890625
98.0 9.2265625
99.0 4.1875
100.0 4.2734375
101.0 4.3046875
102.0 2.5390625
103.0 5.6953125
104.0 4.796875
105.0 3.8046875
106.0 4.3984375
107.0 4.3671875
108.0 5.0546875
109.0 4.0
110.0 3.1796875
111.0 4.6484375
112.0 4.859375
113.0 3.0234375
114.0 4.5703125
115.0 4.6015625
116.0 1.5703125
117.0 7.7265625
118.0 4.9921875
119.0 4.71875
120.0 4.65625
121.0 0.9296875
122.0 8.8203125
123.0 4.453125
124.0 4.8046875
125.0 4.875
126.0 4.7734375
127.0 4.515625
128.0 4.9765625
129.0 5.3515625
130.0 4.984375
131.0 4.6875
132.0 4.875
133.0 4.5390625
134.0 2.8515625
135.0 4.0703125
136.0 6.734375
137.0 4.359375
138.0 4.578125
139.0 4.5078125
140.0 0.515625
141.0 9.1484375
142.0 3.65625
143.0 4.21875
144.0 4.546875
145.0 4.546875
146.0 4.453125
147.0 3.7109375
148.0 3.7265625
149.0 4.9921875
150.0 4.1171875
151.0 4.65625
152.0 4.84375
153.0 2.5390625
154.0 6.7109375
155.0 4.9296875
156.0 4.28125
157.0 4.3984375
158.0 4.609375
159.0 2.6953125
160.0 7.6640625
161.0 5.828125
162.0 4.921875
163.0 4.8984375
164.0 5.5234375
165.0 5.21875
166.0 5.046875
167.0 3.8828125
168.0 1.015625
169.0 1.9140625
170.0 4.7578125
171.0 4.0703125
172.0 1.6484375
173.0 6.2421875
174.0 3.625
175.0 3.703125
176.0 3.890625
177.0 3.84375
178.0 0.0
179.0 7.84375
180.0 4.203125
181.0 4.28125
182.0 3.734375
183.0 4.5
184.0 4.453125
185.0 4.25
186.0 4.0859375
187.0 4.296875
188.0 4.09375
189.0 3.953125
190.0 3.3125
191.0 3.3515625
192.0 3.296875
193.0 4.0625
194.0 3.4375
195.0 2.6875
196.0 2.0
197.0 6.453125
198.0 4.484375
199.0 4.5078125
200.0 4.46875
201.0 4.7265625
202.0 4.8125
203.0 4.828125
204.0 4.5
205.0 4.6953125
206.0 4.0703125
207.0 1.2109375
208.0 7.765625
209.0 3.9140625
210.0 4.7109375
211.0 4.75
212.0 4.7265625
213.0 4.8046875
214.0 4.5703125
215.0 5.015625
216.0 5.2890625
217.0 5.15625
218.0 4.8046875
219.0 2.65625
220.0 6.0390625
221.0 4.8125
222.0 5.0546875
223.0 5.0390625
224.0 4.609375
225.0 4.1328125
226.0 0.8671875
227.0 8.015625
228.0 4.5078125
229.0 5.640625
230.0 5.8125
231.0 6.1484375
232.0 5.8828125
233.0 5.6171875
234.0 5.40625
235.0 5.125
236.0 5.9140625
237.0 6.3046875
238.0 5.96875
239.0 3.765625
240.0 8.359375
241.0 5.4296875
242.0 6.359375
243.0 5.5625
244.0 1.8203125
245.0 9.1015625
246.0 5.0546875
247.0 5.40625
248.0 5.21875
249.0 4.609375
250.0 5.1015625
251.0 5.3046875
252.0 4.6640625
253.0 4.6015625
254.0 4.1015625
255.0 3.0546875
256.0 2.65625
257.0 0.3359375
258.0 0.0
259.0 3.296875
260.0 7.5859375
261.0 2.640625
262.0 6.6484375
263.0 4.859375
264.0 4.90625
265.0 5.3828125
266.0 5.0234375
267.0 5.3046875
268.0 5.3203125
269.0 6.328125
270.0 5.6328125
271.0 5.765625
272.0 5.1953125
273.0 5.9296875
274.0 5.3671875
275.0 5.7890625
276.0 5.5859375
277.0 5.6171875
278.0 5.3125
279.0 5.2265625
280.0 5.078125
281.0 6.2890625
282.0 4.6640625
283.0 5.25
284.0 4.3984375
285.0 2.4609375
286.0 2.1328125
287.0 1.59375
288.0 3.6796875
289.0 5.1015625
290.0 3.21875
291.0 2.453125
292.0 1.9140625
293.0 2.6875
294.0 4.7578125
295.0 3.8828125
296.0 7.2265625
297.0 2.84375
298.0 2.984375
299.0 4.9296875
300.0 5.3125
301.0 5.78125
302.0 5.2890625
303.0 4.4296875
304.0 4.3359375
305.0 4.0390625
306.0 3.9453125
307.0 6.7421875
308.0 4.25
309.0 4.0
310.0 4.8671875
311.0 4.9296875
312.0 4.265625
313.0 3.671875
314.0 3.875
315.0 4.1875
316.0 4.9921875
317.0 5.828125
318.0 5.734375
319.0 5.1953125
320.0 2.625
321.0 7.71875
322.0 5.4375
323.0 5.109375
324.0 3.6796875
325.0 6.2890625
326.0 5.015625
327.0 4.65625
328.0 4.9609375
329.0 4.7734375
330.0 4.890625
331.0 5.453125
332.0 4.9765625
333.0 5.5859375
334.0 4.9296875
335.0 5.015625
336.0 2.6328125
337.0 5.203125
338.0 4.5078125
339.0 5.0390625
340.0 5.25
341.0 5.9765625
342.0 5.453125
343.0 5.796875
344.0 5.4296875
345.0 5.046875
346.0 5.203125
347.0 4.7734375
348.0 4.6875
349.0 1.9140625
350.0 7.609375
351.0 5.6171875
352.0 5.53125
353.0 5.46875
354.0 5.234375
355.0 5.6796875
356.0 5.640625
357.0 5.7578125
358.0 5.765625
359.0 5.6328125
360.0 1.703125
361.0 9.03125
362.0 5.3046875
363.0 6.4453125
364.0 6.6171875
365.0 6.109375
366.0 4.90625
367.0 1.9453125
368.0 8.734375
369.0 4.2421875
370.0 6.234375
371.0 6.15625
372.0 6.3046875
373.0 5.671875
374.0 5.6796875
375.0 4.0234375
376.0 6.6328125
377.0 5.90625
378.0 6.0546875
379.0 4.875
380.0 4.3046875
381.0 5.0234375
382.0 6.0390625
383.0 5.6171875
384.0 4.484375
385.0 6.0078125
386.0 5.5546875
387.0 5.875
388.0 4.90625
389.0 6.15625
390.0 4.7265625
391.0 5.171875
392.0 4.1171875
393.0 5.515625
394.0 5.125
395.0 4.8359375
396.0 4.0546875
397.0 3.6953125
398.0 4.265625
399.0 4.796875
400.0 5.3359375
401.0 4.53125
402.0 3.4375
403.0 4.1796875
404.0 5.2265625
405.0 4.921875
406.0 4.59375
407.0 5.9375
408.0 4.625
409.0 4.7421875
410.0 3.1796875
411.0 4.5
412.0 4.9453125
413.0 4.515625
414.0 4.7109375
415.0 5.0546875
416.0 4.921875
417.0 5.2734375
418.0 4.8359375
419.0 4.6484375
420.0 4.5
421.0 4.0390625
422.0 2.2421875
423.0 6.859375
424.0 5.015625
425.0 4.59375
426.0 4.59375
427.0 4.0625
428.0 4.359375
429.0 4.1328125
430.0 2.328125
431.0 0.2890625
432.0 0.0
433.0 6.0625
434.0 1.921875
435.0 2.6328125
436.0 2.71875
437.0 2.875
438.0 3.796875
439.0 4.3984375
440.0 1.71875
441.0 0.9609375
442.0 0.875
443.0 3.3203125
444.0 5.46875
445.0 4.296875
446.0 0.7578125
447.0 0.0
448.0 0.3671875
449.0 7.3203125
450.0 5.015625
451.0 2.3125
452.0 2.1328125
453.0 2.8671875
454.0 5.171875
455.0 5.0390625
456.0 4.890625
457.0 3.53125
458.0 3.9921875
459.0 3.5546875
460.0 5.6171875
461.0 5.8203125
462.0 5.375
463.0 5.875
464.0 5.484375
465.0 1.046875
466.0 10.140625
467.0 5.7109375
468.0 6.3203125
469.0 5.9140625
470.0 5.3828125
471.0 5.9609375
472.0 5.875
473.0 5.734375
474.0 5.6484375
475.0 5.890625
476.0 5.640625
477.0 5.8203125
478.0 3.6953125
479.0 7.3203125
480.0 5.4609375
481.0 6.296875
482.0 5.171875
483.0 3.1640625
484.0 6.9921875
485.0 4.546875
486.0 4.1171875
487.0 4.3671875
488.0 5.3359375
489.0 4.8984375
490.0 4.6484375
491.0 4.9609375
492.0 5.28125
493.0 4.9609375
494.0 5.046875
495.0 4.6875
496.0 4.890625
497.0 3.8828125
498.0 6.1171875
499.0 4.859375
500.0 5.0390625
501.0 5.40625
502.0 4.921875
503.0 4.234375
504.0 4.6953125
505.0 4.8125
506.0 4.84375
507.0 5.9140625
508.0 6.8046875
509.0 5.9140625
510.0 5.8125
511.0 5.2265625
512.0 3.1015625
513.0 7.390625
514.0 5.15625
515.0 5.375
516.0 5.75
517.0 5.421875
518.0 5.734375
519.0 6.09375
520.0 5.859375
521.0 5.703125
522.0 5.171875
523.0 5.78125
524.0 6.65625
525.0 4.5625
526.0 4.0078125
527.0 5.734375
528.0 3.8203125
529.0 2.1796875
530.0 2.375
531.0 3.859375
532.0 4.5703125
533.0 3.375
534.0 3.1328125
535.0 3.34375
536.0 5.1640625
537.0 4.5078125
538.0 3.5234375
539.0 2.0390625
540.0 4.1484375
541.0 5.140625
542.0 5.515625
543.0 5.7890625
544.0 5.4921875
545.0 5.078125
546.0 4.953125
547.0 5.6484375
548.0 5.203125
549.0 5.734375
550.0 5.890625
551.0 5.9375
552.0 6.2109375
553.0 5.34375
554.0 5.171875
555.0 4.921875
556.0 4.8125
557.0 4.9453125
558.0 5.2578125
559.0 4.859375
560.0 4.9453125
561.0 5.40625
562.0 5.6796875
563.0 5.546875
564.0 5.9921875
565.0 5.21875
566.0 2.984375
567.0 6.0234375
568.0 1.0546875
569.0 3.9921875
570.0 5.8203125
571.0 5.9453125
572.0 5.90625
573.0 5.6640625
574.0 6.109375
575.0 5.6171875
576.0 4.875
577.0 5.5
578.0 4.0234375
579.0 5.3828125
580.0 5.3203125
581.0 5.203125
582.0 5.5234375
583.0 5.1953125
584.0 5.40625
585.0 5.4609375
586.0 5.6328125
587.0 5.15625
588.0 4.84375
589.0 5.140625
590.0 2.7421875
591.0 7.1796875
592.0 5.0390625
593.0 5.0390625
594.0 5.0390625
595.0 5.140625
596.0 2.0625
597.0 8.328125
598.0 4.984375
599.0 4.8671875
