0.0 10.40625
1.0 6.4765625
2.0 6.71875
3.0 5.78125
4.0 4.0859375
5.0 5.234375
6.0 5.2578125
7.0 5.3046875
8.0 5.3359375
9.0 5.828125
10.0 6.03125
11.0 5.78125
12.0 3.84375
13.0 8.796875
14.0 1.8203125
15.0 9.3046875
16.0 4.625
17.0 4.7265625
18.0 5.1640625
19.0 5.6640625
20.0 5.5546875
21.0 4.9296875
22.0 5.203125
23.0 5.671875
24.0 5.453125
25.0 6.390625
26.0 5.671875
27.0 5.640625
28.0 5.1015625
29.0 5.375
30.0 4.609375
31.0 3.796875
32.0 3.921875
33.0 3.6953125
34.0 0.03125
35.0 6.5
36.0 5.4296875
37.0 5.609375
38.0 5.546875
39.0 5.671875
40.0 2.4765625
41.0 8.078125
42.0 5.3671875
43.0 5.484375
44.0 5.75
45.0 4.984375
46.0 4.859375
47.0 4.6328125
48.0 5.125
49.0 4.9453125
50.0 4.9453125
51.0 5.015625
52.0 5.015625
53.0 4.328125
54.0 0.6328125
55.0 7.375
56.0 4.125
57.0 5.578125
58.0 5.203125
59.0 2.25
60.0 8.5
61.0 5.578125
62.0 4.3046875
63.0 4.8046875
64.0 4.1171875
65.0 6.5703125
66.0 5.421875
67.0 4.9609375
68.0 5.046875
69.0 4.5703125
70.0 4.4296875
71.0 4.921875
72.0 4.984375
73.0 4.921875
74.0 5.0859375
75.0 5.28125
76.0 4.921875
77.0 5.015625
78.0 5.515625
79.0 1.828125
80.0 8.953125
81.0 5.0546875
82.0 5.3359375
83.0 5.15625
84.0 2.6875
85.0 6.2265625
86.0 4.0859375
87.0 0.28125
88.0 3.2265625
89.0 4.3203125
90.0 2.1015625
91.0 2.3671875
92.0 3.6171875
93.0 4.0703125
94.0 2.1171875
95.0 3.7578125
96.0 4.8125
97.0 4.453125
98.0 4.0625
99.0 4.359375
100.0 4.6640625
101.0 4.484375
102.0 3.5546875
103.0 0.5390625
104.0 0.0
105.0 7.375
106.0 4.265625
107.0 3.953125
108.0 3.8515625
109.0 1.0
110.0 0.0
111.0 6.953125
112.0 4.15625
113.0 3.625
114.0 3.7421875
115.0 3.953125
116.0 3.859375
117.0 2.390625
118.0 0.6328125
119.0 0.0
120.0 4.5
121.0 2.09375
122.0 2.328125
123.0 2.8203125
124.0 3.1171875
125.0 3.1171875
126.0 2.046875
127.0 1.9140625
128.0 1.8203125
129.0 1.8828125
130.0 2.0703125
131.0 2.0390625
132.0 2.046875
133.0 2.7734375
134.0 1.0859375
135.0 0.0
136.0 2.1484375
137.0 4.7109375
138.0 1.7421875
139.0 2.234375
140.0 2.0703125
141.0 1.5859375
142.0 0.0
143.0 7.0625
144.0 2.015625
145.0 2.359375
146.0 3.1640625
147.0 3.046875
148.0 3.2890625
149.0 3.0234375
150.0 2.9375
151.0 2.3984375
152.0 3.015625
153.0 2.0703125
154.0 1.8984375
155.0 0.0
156.0 0.0
157.0 6.0390625
158.0 2.015625
159.0 2.1796875
160.0 2.640625
161.0 1.859375
162.0 1.5703125
163.0 1.390625
164.0 0.9296875
165.0 0.0
166.0 0.0
167.0 4.4765625
168.0 1.8671875
169.0 1.7734375
170.0 1.8046875
171.0 1.4609375
172.0 1.6875
173.0 1.734375
174.0 1.3125
175.0 1.9765625
176.0 1.96875
177.0 1.8515625
178.0 1.9140625
179.0 1.40625
180.0 0.8046875
181.0 0.0
182.0 0.0703125
183.0 0.0
184.0 0.0
185.0 0.0
186.0 0.0
187.0 16.84375
188.0 1.96875
189.0 2.1875
190.0 2.0
191.0 2.8671875
192.0 3.7734375
193.0 3.5
194.0 4.09375
195.0 3.4453125
196.0 3.578125
197.0 2.8125
198.0 2.7109375
199.0 3.40625
200.0 2.375
201.0 2.5703125
202.0 1.5859375
203.0 1.4921875
204.0 1.796875
205.0 2.1875
206.0 2.609375
207.0 2.8671875
208.0 2.0078125
209.0 1.4609375
210.0 1.2890625
211.0 1.734375
212.0 2.515625
213.0 4.6875
214.0 4.0703125
215.0 2.0625
216.0 7.0390625
217.0 4.3359375
218.0 3.578125
219.0 3.0703125
220.0 1.6875
221.0 3.296875
222.0 2.1796875
223.0 0.9609375
224.0 0.0
225.0 6.796875
226.0 1.8203125
227.0 1.53125
228.0 1.28125
229.0 1.1171875
230.0 0.0
231.0 3.765625
232.0 2.3671875
233.0 2.1484375
234.0 1.8359375
235.0 2.546875
236.0 1.4609375
237.0 0.0
238.0 4.6875
239.0 3.2265625
240.0 2.5390625
241.0 2.96875
242.0 3.2265625
243.0 3.1640625
244.0 3.4609375
245.0 2.875
246.0 3.1171875
247.0 2.890625
248.0 2.90625
249.0 3.28125
250.0 3.1328125
251.0 2.9296875
252.0 0.0
253.0 6.3203125
254.0 3.875
255.0 2.6640625
256.0 2.0390625
257.0 2.5234375
258.0 1.1640625
259.0 4.453125
260.0 2.96875
261.0 2.8125
262.0 3.4296875
263.0 3.2265625
264.0 2.921875
265.0 2.71875
266.0 2.640625
267.0 0.2109375
268.0 4.125
269.0 2.6640625
270.0 0.734375
271.0 0.0
272.0 4.578125
273.0 3.3515625
274.0 3.4375
275.0 3.546875
276.0 3.2265625
277.0 3.890625
278.0 3.9921875
279.0 3.59375
280.0 3.9453125
281.0 3.8203125
282.0 3.1015625
283.0 2.546875
284.0 2.546875
285.0 2.7265625
286.0 1.4140625
287.0 0.0
288.0 7.421875
289.0 3.265625
290.0 2.4765625
291.0 2.6328125
292.0 2.0625
293.0 0.390625
294.0 0.0
295.0 6.0234375
296.0 2.1484375
297.0 2.875
298.0 3.1796875
299.0 2.8515625
300.0 2.375
301.0 3.46875
302.0 2.84375
303.0 2.671875
304.0 2.640625
305.0 0.9375
306.0 1.7890625
307.0 0.0
308.0 4.5078125
309.0 2.0859375
310.0 2.4296875
311.0 2.0859375
312.0 1.4921875
313.0 1.296875
314.0 2.0078125
315.0 3.3984375
316.0 2.328125
317.0 5.3125
318.0 3.25
319.0 3.0390625
320.0 2.5625
321.0 3.4375
322.0 2.84375
323.0 2.7265625
324.0 2.6953125
325.0 2.7578125
326.0 2.7734375
327.0 3.1484375
328.0 3.6171875
329.0 3.8203125
330.0 0.6640625
331.0 6.359375
332.0 3.859375
333.0 3.703125
334.0 3.5859375
335.0 3.0546875
336.0 2.34375
337.0 0.71875
338.0 0.0
339.0 6.59375
340.0 1.9765625
341.0 2.78125
342.0 4.4765625
343.0 2.8984375
344.0 4.84375
345.0 3.8828125
346.0 3.1171875
347.0 2.84375
348.0 2.4296875
349.0 2.0
350.0 0.5703125
351.0 6.7421875
352.0 4.09375
353.0 2.609375
354.0 2.59375
355.0 3.4921875
356.0 2.8515625
357.0 2.640625
358.0 3.203125
359.0 3.171875
360.0 2.8359375
361.0 2.5234375
362.0 0.6015625
363.0 6.796875
364.0 2.1796875
365.0 3.1953125
366.0 3.4453125
367.0 2.6875
368.0 3.890625
369.0 4.1328125
370.0 3.515625
371.0 3.9375
372.0 4.328125
373.0 4.65625
374.0 3.59375
375.0 3.6796875
376.0 0.0
377.0 7.9453125
378.0 3.921875
379.0 4.265625
380.0 4.9921875
381.0 3.28125
382.0 0.0
383.0 6.984375
384.0 3.4609375
385.0 2.7421875
386.0 2.3046875
387.0 3.0390625
388.0 0.4921875
389.0 4.7578125
390.0 3.0546875
391.0 3.5859375
392.0 3.4140625
393.0 3.3515625
394.0 2.0625
395.0 1.4765625
396.0 3.0234375
397.0 3.4921875
398.0 3.4296875
399.0 1.8046875
400.0 4.15625
401.0 3.96875
402.0 2.3125
403.0 5.9296875
404.0 4.84375
405.0 4.65625
406.0 4.171875
407.0 3.328125
408.0 2.4765625
409.0 0.1796875
410.0 8.0625
411.0 3.234375
412.0 3.078125
413.0 3.1328125
414.0 3.0546875
415.0 2.71875
416.0 2.6328125
417.0 1.4140625
418.0 1.015625
419.0 1.640625
420.0 2.4140625
421.0 3.9140625
422.0 1.1796875
423.0 0.0
424.0 7.1875
425.0 1.828125
426.0 3.4609375
427.0 2.9609375
428.0 1.9375
429.0 3.2265625
430.0 2.359375
431.0 3.3515625
432.0 3.875
433.0 2.6328125
434.0 2.4296875
435.0 1.5859375
436.0 1.609375
437.0 0.0
438.0 6.2890625
439.0 3.7421875
440.0 3.25
441.0 2.953125
442.0 2.96875
443.0 2.515625
444.0 2.8046875
445.0 0.5234375
446.0 5.3515625
447.0 2.6875
448.0 1.359375
449.0 1.3203125
450.0 3.0703125
451.0 4.25
452.0 5.0546875
453.0 1.5859375
454.0 4.625
455.0 4.3515625
456.0 1.8203125
457.0 1.7890625
458.0 1.734375
459.0 3.4375
460.0 1.2578125
461.0 1.1484375
462.0 1.65625
463.0 2.4453125
464.0 1.8203125
465.0 2.5390625
466.0 4.2109375
467.0 3.890625
468.0 3.796875
469.0 0.9453125
470.0 6.6171875
471.0 3.4765625
472.0 1.7578125
473.0 2.34375
474.0 5.234375
475.0 2.3984375
476.0 5.1953125
477.0 5.3203125
478.0 4.0
479.0 5.9765625
480.0 3.84375
481.0 5.6328125
482.0 4.4765625
483.0 4.859375
484.0 5.3203125
485.0 4.5390625
486.0 5.203125
487.0 4.828125
488.0 4.03125
489.0 4.9609375
490.0 3.4921875
491.0 5.25
492.0 4.1328125
493.0 4.7578125
494.0 4.6015625
495.0 3.46875
496.0 4.3984375
497.0 5.046875
498.0 4.65625
499.0 4.7109375
500.0 3.6953125
501.0 4.4296875
502.0 3.703125
503.0 2.3359375
504.0 3.4375
505.0 2.7890625
506.0 0.734375
507.0 7.1953125
508.0 3.046875
509.0 2.78125
510.0 1.2890625
511.0 0.0
512.0 5.9765625
513.0 1.8515625
514.0 2.0
515.0 2.4140625
516.0 3.9375
517.0 2.4453125
518.0 1.96875
519.0 3.90625
520.0 2.609375
521.0 2.5234375
522.0 3.2265625
523.0 3.7890625
524.0 0.3359375
525.0 6.9765625
526.0 2.96875
527.0 3.4765625
528.0 2.1953125
529.0 1.09375
530.0 2.0703125
531.0 1.4765625
532.0 0.0
533.0 5.8828125
534.0 3.1484375
535.0 2.8671875
536.0 1.9453125
537.0 3.4375
538.0 4.6875
539.0 3.84375
540.0 7.15625
541.0 4.6015625
542.0 5.0703125
543.0 3.609375
544.0 8.171875
545.0 3.625
546.0 0.96875
547.0 2.1484375
548.0 5.3359375
549.0 2.4453125
550.0 3.0703125
551.0 3.859375
552.0 4.234375
553.0 1.796875
554.0 1.6796875
555.0 1.5703125
556.0 4.7109375
557.0 5.25
558.0 1.40625
559.0 0.0
560.0 6.1875
561.0 2.0625
562.0 1.7734375
563.0 0.3046875
564.0 0.0
565.0 5.7890625
566.0 3.265625
567.0 2.96875
568.0 2.3125
569.0 1.015625
570.0 3.1484375
571.0 5.9921875
572.0 5.421875
573.0 3.765625
574.0 3.5859375
575.0 5.203125
576.0 5.15625
577.0 5.5859375
578.0 4.0390625
579.0 1.2109375
580.0 8.1953125
581.0 4.53125
582.0 4.21875
583.0 4.5078125
584.0 3.3671875
585.0 0.3359375
586.0 8.2421875
587.0 3.640625
588.0 0.4609375
589.0 9.6015625
590.0 5.0859375
591.0 3.9765625
592.0 5.34375
593.0 4.9609375
594.0 4.609375
595.0 4.0625
596.0 3.828125
597.0 4.0078125
598.0 4.21875
599.0 3.671875
