0.0 9.8984375
1.0 9.5546875
2.0 9.65625
3.0 5.734375
4.0 13.59375
5.0 9.75
6.0 9.4609375
7.0 9.8671875
8.0 9.671875
9.0 9.484375
10.0 9.8046875
11.0 9.75
12.0 9.671875
13.0 9.78125
14.0 9.84375
15.0 9.7265625
16.0 9.484375
17.0 9.5546875
18.0 9.359375
19.0 9.78125
20.0 9.7421875
21.0 9.390625
22.0 4.8125
23.0 13.21875
24.0 9.4296875
25.0 9.1796875
26.0 9.421875
27.0 9.8515625
28.0 9.8203125
29.0 7.3671875
30.0 12.0859375
31.0 9.6640625
32.0 9.8359375
33.0 9.4921875
34.0 9.9921875
35.0 10.046875
36.0 9.8046875
37.0 9.7421875
38.0 9.8203125
39.0 5.6328125
40.0 13.390625
41.0 9.2265625
42.0 9.625
43.0 9.71875
44.0 9.6875
45.0 8.109375
46.0 5.4609375
47.0 3.9375
48.0 13.6484375
49.0 9.4921875
50.0 10.015625
51.0 9.8125
52.0 9.515625
53.0 9.984375
54.0 9.9296875
55.0 9.8984375
56.0 9.9921875
57.0 5.8125
58.0 13.6015625
59.0 9.6953125
60.0 9.671875
61.0 9.484375
62.0 9.5078125
63.0 9.4921875
64.0 9.59375
65.0 9.296875
66.0 9.78125
67.0 9.7421875
68.0 9.984375
69.0 9.75
70.0 9.90625
71.0 6.3515625
72.0 13.3515625
73.0 5.578125
74.0 13.3828125
75.0 9.6640625
76.0 9.78125
77.0 9.78125
78.0 9.71875
79.0 9.390625
80.0 9.8203125
81.0 9.625
82.0 9.7421875
83.0 9.671875
84.0 9.890625
85.0 9.8125
86.0 9.90625
87.0 10.1796875
88.0 9.7421875
89.0 9.7734375
90.0 9.7734375
91.0 9.5546875
92.0 9.984375
93.0 9.78125
94.0 9.9921875
95.0 9.625
96.0 9.7734375
97.0 10.0703125
98.0 9.703125
99.0 9.7734375
100.0 9.953125
101.0 9.84375
102.0 9.875
103.0 9.8203125
104.0 9.90625
105.0 9.6640625
106.0 9.8125
107.0 9.890625
108.0 9.9296875
109.0 9.6953125
110.0 9.984375
111.0 9.875
112.0 9.890625
113.0 9.953125
114.0 10.015625
115.0 9.921875
116.0 9.890625
117.0 9.703125
118.0 7.3125
119.0 12.515625
120.0 9.7890625
121.0 9.921875
122.0 9.671875
123.0 8.7734375
124.0 10.8046875
125.0 9.7734375
126.0 9.6015625
127.0 9.8359375
128.0 9.609375
129.0 9.7578125
130.0 9.71875
131.0 9.984375
132.0 9.5078125
133.0 9.6640625
134.0 9.8984375
135.0 10.1015625
136.0 9.546875
137.0 5.796875
138.0 13.6640625
139.0 9.265625
140.0 9.390625
141.0 4.7109375
142.0 14.6875
143.0 9.5390625
144.0 9.296875
145.0 9.1953125
146.0 9.34375
147.0 9.046875
148.0 10.203125
149.0 9.921875
150.0 9.5078125
151.0 9.8046875
152.0 9.8125
153.0 9.6328125
154.0 9.7578125
155.0 9.90625
156.0 10.078125
157.0 9.8046875
158.0 9.6875
159.0 9.7265625
160.0 9.8125
161.0 9.4140625
162.0 9.5703125
163.0 9.5546875
164.0 10.078125
165.0 9.4140625
166.0 8.8203125
167.0 10.109375
168.0 9.7734375
169.0 9.7890625
170.0 9.8125
171.0 9.96875
172.0 9.6015625
173.0 9.6015625
174.0 9.96875
175.0 5.75
176.0 13.6484375
177.0 5.8515625
178.0 13.5
179.0 9.6015625
180.0 9.4453125
181.0 9.609375
182.0 9.671875
183.0 9.9375
184.0 10.234375
185.0 9.8359375
186.0 9.546875
187.0 9.8203125
188.0 9.8203125
189.0 9.3125
190.0 9.421875
191.0 9.7734375
192.0 9.515625
193.0 9.609375
194.0 9.34375
195.0 9.2734375
196.0 9.2265625
197.0 9.6328125
198.0 9.4296875
199.0 9.453125
200.0 9.546875
201.0 9.265625
202.0 5.828125
203.0 13.3515625
204.0 9.3984375
205.0 9.3984375
206.0 9.4609375
207.0 9.3984375
208.0 9.4765625
209.0 9.2734375
210.0 9.28125
211.0 9.484375
212.0 9.3125
213.0 9.265625
214.0 9.4296875
215.0 9.375
216.0 9.3046875
217.0 9.78125
218.0 9.5390625
219.0 9.4453125
220.0 8.6484375
221.0 9.546875
222.0 9.4453125
223.0 9.4609375
224.0 9.8125
225.0 9.6640625
226.0 9.5703125
227.0 9.5390625
228.0 9.7890625
229.0 9.6640625
230.0 9.8984375
231.0 9.84375
232.0 9.96875
233.0 9.890625
234.0 10.015625
235.0 10.0
236.0 8.9140625
237.0 10.4765625
238.0 9.8515625
239.0 10.015625
240.0 10.109375
241.0 9.9375
242.0 9.8515625
243.0 5.21875
244.0 14.0703125
245.0 9.5546875
246.0 9.671875
247.0 10.0546875
248.0 9.5703125
249.0 9.625
250.0 9.7578125
251.0 9.9609375
252.0 9.8125
253.0 4.9921875
254.0 14.375
255.0 9.921875
256.0 10.03125
257.0 9.578125
258.0 9.7734375
259.0 9.96875
260.0 10.0703125
261.0 9.8359375
262.0 9.8359375
263.0 10.1015625
264.0 9.703125
265.0 9.6328125
266.0 9.7734375
267.0 9.921875
268.0 9.3125
269.0 9.4921875
270.0 9.7578125
271.0 9.2734375
272.0 9.9375
273.0 9.3671875
274.0 9.359375
275.0 9.6015625
276.0 9.4453125
277.0 9.515625
278.0 9.5390625
279.0 9.8515625
280.0 9.6640625
281.0 9.640625
282.0 9.8984375
283.0 9.875
284.0 9.6953125
285.0 9.9296875
286.0 9.8359375
287.0 9.609375
288.0 9.4609375
289.0 5.90625
290.0 13.6796875
291.0 10.0859375
292.0 9.578125
293.0 9.9609375
294.0 9.671875
295.0 9.7578125
296.0 9.7890625
297.0 9.984375
298.0 9.71875
299.0 9.703125
300.0 9.7578125
301.0 9.84375
302.0 10.03125
303.0 4.7734375
304.0 14.3203125
305.0 9.96875
306.0 9.5234375
307.0 5.6953125
308.0 14.0390625
309.0 9.78125
310.0 9.625
311.0 10.0546875
312.0 9.4296875
313.0 10.046875
314.0 9.7421875
315.0 9.8515625
316.0 8.390625
317.0 10.0
318.0 9.640625
319.0 9.3984375
320.0 9.703125
321.0 10.03125
322.0 9.7265625
323.0 9.9296875
324.0 9.6953125
325.0 9.4765625
326.0 9.453125
327.0 9.6953125
328.0 10.1953125
329.0 9.609375
330.0 9.9375
331.0 9.9296875
332.0 10.015625
333.0 9.890625
334.0 9.421875
335.0 9.3125
336.0 9.546875
337.0 9.4921875
338.0 7.25
339.0 10.96875
340.0 9.2109375
341.0 5.3984375
342.0 12.765625
343.0 9.609375
344.0 9.484375
345.0 9.4453125
346.0 9.1796875
347.0 9.015625
348.0 9.2421875
349.0 9.0078125
350.0 8.703125
351.0 5.3359375
352.0 12.203125
353.0 9.0078125
354.0 8.09375
355.0 9.71875
356.0 9.7421875
357.0 5.5859375
358.0 12.2265625
359.0 8.765625
360.0 8.8515625
361.0 9.328125
362.0 9.6953125
363.0 8.3515625
364.0 9.6015625
365.0 9.71875
366.0 9.8984375
367.0 9.921875
368.0 9.6640625
369.0 9.65625
370.0 9.8203125
371.0 9.1796875
372.0 8.8984375
373.0 6.234375
374.0 8.046875
375.0 9.65625
376.0 9.375
377.0 6.9609375
378.0 10.6796875
379.0 9.4296875
380.0 8.8984375
381.0 9.1328125
382.0 9.0390625
383.0 5.8828125
384.0 11.359375
385.0 5.5546875
386.0 3.1796875
387.0 3.296875
388.0 8.640625
389.0 9.390625
390.0 9.75
391.0 9.671875
392.0 9.3359375
393.0 9.2109375
394.0 9.3984375
395.0 9.578125
396.0 8.265625
397.0 10.4921875
398.0 8.3828125
399.0 9.359375
400.0 9.25
401.0 4.8984375
402.0 13.921875
403.0 9.5390625
404.0 8.8515625
405.0 8.265625
406.0 9.90625
407.0 9.8125
408.0 9.3671875
409.0 9.1875
410.0 9.421875
411.0 9.3359375
412.0 9.2421875
413.0 9.5703125
414.0 8.1953125
415.0 10.1796875
416.0 9.09375
417.0 8.96875
418.0 9.875
419.0 9.1796875
420.0 9.3359375
421.0 7.09375
422.0 9.0703125
423.0 9.3125
424.0 9.0078125
425.0 9.328125
426.0 9.546875
427.0 9.5234375
428.0 8.59375
429.0 9.375
430.0 9.59375
431.0 5.6171875
432.0 12.34375
433.0 8.1796875
434.0 7.6953125
435.0 8.765625
436.0 8.9140625
437.0 9.6015625
438.0 9.6875
439.0 8.828125
440.0 9.15625
441.0 8.890625
442.0 9.5078125
443.0 9.7734375
444.0 9.390625
445.0 9.6953125
446.0 9.8671875
447.0 9.96875
448.0 9.5703125
449.0 5.828125
450.0 13.390625
451.0 9.578125
452.0 9.8984375
453.0 9.6328125
454.0 9.7890625
455.0 9.9609375
456.0 9.359375
457.0 9.7578125
458.0 9.7265625
459.0 9.453125
460.0 9.640625
461.0 5.6328125
462.0 13.3203125
463.0 5.703125
464.0 12.1953125
465.0 9.84375
466.0 10.140625
467.0 9.5234375
468.0 9.515625
469.0 9.6875
470.0 9.8125
471.0 9.8515625
472.0 9.4921875
473.0 9.6015625
474.0 9.453125
475.0 8.59375
476.0 9.0625
477.0 9.625
478.0 9.453125
479.0 9.1328125
480.0 9.328125
481.0 9.5078125
482.0 9.7578125
483.0 9.390625
484.0 9.640625
485.0 9.5078125
486.0 9.265625
487.0 9.1796875
488.0 9.1640625
489.0 9.5078125
490.0 9.1171875
491.0 9.6015625
492.0 8.6875
493.0 9.8125
494.0 9.2265625
495.0 9.9609375
496.0 7.9609375
497.0 10.953125
498.0 9.921875
499.0 9.65625
500.0 10.0
501.0 9.4765625
502.0 4.828125
503.0 14.8359375
504.0 9.6015625
505.0 9.5703125
506.0 9.875
507.0 9.8046875
508.0 9.7578125
509.0 9.6640625
510.0 9.65625
511.0 10.0
512.0 9.7421875
513.0 9.8515625
514.0 9.8046875
515.0 4.453125
516.0 13.859375
517.0 9.0625
518.0 4.8046875
519.0 13.21875
520.0 8.5546875
521.0 9.125
522.0 9.8359375
523.0 8.9765625
524.0 8.828125
525.0 10.078125
526.0 10.171875
527.0 9.875
528.0 9.5546875
529.0 9.8671875
530.0 9.3046875
531.0 4.9296875
532.0 12.515625
533.0 8.1484375
534.0 6.8671875
535.0 9.15625
536.0 9.3984375
537.0 9.390625
538.0 9.0
539.0 5.765625
540.0 13.1171875
541.0 4.6640625
542.0 11.2421875
543.0 7.453125
544.0 8.0234375
545.0 8.4921875
546.0 7.9609375
547.0 8.2265625
548.0 8.5234375
549.0 8.265625
550.0 8.625
551.0 9.125
552.0 9.1015625
553.0 9.4609375
554.0 9.421875
555.0 9.34375
556.0 7.7578125
557.0 8.7734375
558.0 8.1953125
559.0 8.34375
560.0 8.890625
561.0 8.34375
562.0 8.859375
563.0 5.8515625
564.0 12.3046875
565.0 9.3046875
566.0 9.4765625
567.0 9.8125
568.0 9.5546875
569.0 10.015625
570.0 9.6953125
571.0 9.3671875
572.0 9.875
573.0 5.8125
574.0 13.2890625
575.0 10.015625
576.0 10.1328125
577.0 10.0859375
578.0 10.1015625
579.0 9.9296875
580.0 10.3203125
581.0 9.65625
582.0 9.7421875
583.0 9.4765625
584.0 9.609375
585.0 9.9296875
586.0 9.6875
587.0 8.265625
588.0 11.5
589.0 9.65625
590.0 9.421875
591.0 9.4296875
592.0 9.609375
593.0 9.921875
594.0 9.5703125
595.0 9.96875
596.0 9.6328125
597.0 9.6328125
598.0 9.7578125
599.0 9.4921875
