0.0 9.03125
1.0 9.2265625
2.0 9.1875
3.0 6.3359375
4.0 11.921875
5.0 8.9140625
6.0 8.8828125
7.0 8.5703125
8.0 7.9375
9.0 5.609375
10.0 10.3671875
11.0 8.2734375
12.0 9.2265625
13.0 8.0
14.0 8.8359375
15.0 8.375
16.0 8.3125
17.0 8.796875
18.0 8.671875
19.0 8.6171875
20.0 8.6484375
21.0 8.59375
22.0 8.5546875
23.0 8.625
24.0 9.15625
25.0 9.265625
26.0 8.5859375
27.0 8.0859375
28.0 8.6015625
29.0 9.0
30.0 8.734375
31.0 8.046875
32.0 8.890625
33.0 8.71875
34.0 8.6015625
35.0 8.4453125
36.0 8.5390625
37.0 8.015625
38.0 8.46875
39.0 7.8125
40.0 8.2421875
41.0 8.0
42.0 8.4453125
43.0 8.2421875
44.0 8.0859375
45.0 8.0625
46.0 8.8671875
47.0 8.1328125
48.0 8.3828125
49.0 8.5
50.0 8.109375
51.0 8.015625
52.0 8.0546875
53.0 8.328125
54.0 7.9453125
55.0 8.2109375
56.0 8.2734375
57.0 8.4765625
58.0 8.328125
59.0 8.7109375
60.0 4.6875
61.0 12.8125
62.0 8.71875
63.0 8.625
64.0 8.6796875
65.0 8.65625
66.0 7.9296875
67.0 8.078125
68.0 8.2265625
69.0 7.703125
70.0 7.8203125
71.0 8.0546875
72.0 8.296875
73.0 7.796875
74.0 8.4609375
75.0 8.0625
76.0 8.703125
77.0 8.4609375
78.0 7.8671875
79.0 6.2421875
80.0 4.9296875
81.0 5.078125
82.0 6.75
83.0 6.421875
84.0 5.8828125
85.0 6.3671875
86.0 6.9296875
87.0 6.4375
88.0 7.0703125
89.0 7.0625
90.0 4.8359375
91.0 9.8359375
92.0 7.3046875
93.0 7.578125
94.0 8.078125
95.0 8.03125
96.0 8.0
97.0 5.3515625
98.0 11.125
99.0 8.203125
100.0 8.4609375
101.0 8.59375
102.0 8.65625
103.0 8.359375
104.0 8.5
105.0 8.421875
106.0 8.3125
107.0 7.65625
108.0 8.078125
109.0 8.0
110.0 8.2578125
111.0 8.4375
112.0 7.671875
113.0 8.328125
114.0 8.1640625
115.0 8.3828125
116.0 8.46875
117.0 8.5078125
118.0 8.671875
119.0 8.4609375
120.0 8.375
121.0 5.75
122.0 11.1171875
123.0 8.40625
124.0 8.34375
125.0 7.984375
126.0 7.5390625
127.0 7.8359375
128.0 7.96875
129.0 8.921875
130.0 8.9375
131.0 8.2421875
132.0 8.4609375
133.0 8.0625
134.0 8.5078125
135.0 7.75
136.0 8.1796875
137.0 8.1328125
138.0 8.046875
139.0 8.1484375
140.0 8.359375
141.0 7.8828125
142.0 8.5390625
143.0 7.703125
144.0 7.9453125
145.0 7.6328125
146.0 7.796875
147.0 7.21875
148.0 7.765625
149.0 7.5078125
150.0 8.40625
151.0 8.046875
152.0 8.1484375
153.0 8.03125
154.0 8.8359375
155.0 7.8671875
156.0 8.5390625
157.0 7.578125
158.0 8.53125
159.0 8.2421875
160.0 7.703125
161.0 8.203125
162.0 8.421875
163.0 8.0234375
164.0 8.3828125
165.0 8.046875
166.0 7.78125
167.0 8.3125
168.0 7.9921875
169.0 7.8203125
170.0 8.390625
171.0 8.390625
172.0 8.078125
173.0 8.3515625
174.0 8.1953125
175.0 8.1953125
176.0 8.40625
177.0 8.0234375
178.0 8.1328125
179.0 7.8671875
180.0 8.2890625
181.0 8.40625
182.0 8.2109375
183.0 8.34375
184.0 8.2734375
185.0 8.2890625
186.0 8.1796875
187.0 7.765625
188.0 7.46875
189.0 7.5703125
190.0 7.4375
191.0 7.7890625
192.0 8.2109375
193.0 8.078125
194.0 8.203125
195.0 7.7578125
196.0 7.671875
197.0 7.84375
198.0 7.125
199.0 2.875
200.0 11.9921875
201.0 7.6953125
202.0 7.734375
203.0 7.9921875
204.0 7.90625
205.0 7.4921875
206.0 7.640625
207.0 7.484375
208.0 8.03125
209.0 7.359375
210.0 7.9375
211.0 6.828125
212.0 7.6015625
213.0 7.5390625
214.0 7.546875
215.0 7.703125
216.0 7.3359375
217.0 7.28125
218.0 7.5390625
219.0 7.4921875
220.0 7.5859375
221.0 7.5390625
222.0 7.875
223.0 8.0625
224.0 7.9453125
225.0 7.5546875
226.0 8.2265625
227.0 7.984375
228.0 8.7421875
229.0 8.140625
230.0 7.9921875
231.0 8.1484375
232.0 8.3203125
233.0 7.84375
234.0 8.1796875
235.0 8.1640625
236.0 8.34375
237.0 7.8359375
238.0 7.84375
239.0 7.8984375
240.0 8.375
241.0 7.8125
242.0 7.984375
243.0 8.03125
244.0 7.9921875
245.0 8.109375
246.0 8.265625
247.0 8.1171875
248.0 8.203125
249.0 3.8046875
250.0 12.5859375
251.0 7.734375
252.0 8.5859375
253.0 8.1171875
254.0 8.4453125
255.0 8.203125
256.0 8.265625
257.0 8.75
258.0 8.09375
259.0 7.7578125
260.0 7.796875
261.0 8.234375
262.0 8.34375
263.0 8.5703125
264.0 8.09375
265.0 8.03125
266.0 8.2578125
267.0 8.1328125
268.0 7.9921875
269.0 4.828125
270.0 11.171875
271.0 7.96875
272.0 8.046875
273.0 8.09375
274.0 7.8984375
275.0 8.09375
276.0 8.109375
277.0 7.8984375
278.0 7.78125
279.0 8.2890625
280.0 8.359375
281.0 7.9375
282.0 5.4375
283.0 10.8046875
284.0 8.1484375
285.0 8.1328125
286.0 8.34375
287.0 8.203125
288.0 8.09375
289.0 7.9453125
290.0 7.96875
291.0 3.7890625
292.0 12.4375
293.0 8.171875
294.0 8.4921875
295.0 8.5546875
296.0 8.4765625
297.0 8.421875
298.0 8.03125
299.0 8.2578125
300.0 8.5703125
301.0 8.3515625
302.0 7.6875
303.0 8.234375
304.0 8.6484375
305.0 8.4453125
306.0 8.2265625
307.0 8.7109375
308.0 8.4765625
309.0 8.6875
310.0 8.5625
311.0 8.359375
312.0 8.3828125
313.0 8.3203125
314.0 6.171875
315.0 11.3671875
316.0 8.765625
317.0 8.234375
318.0 8.1171875
319.0 8.3515625
320.0 8.2734375
321.0 8.3515625
322.0 8.40625
323.0 8.046875
324.0 8.1796875
325.0 4.3046875
326.0 12.375
327.0 7.875
328.0 8.4921875
329.0 8.1328125
330.0 8.671875
331.0 8.2109375
332.0 8.3515625
333.0 8.5390625
334.0 8.2109375
335.0 8.375
336.0 8.734375
337.0 8.703125
338.0 8.7734375
339.0 8.8671875
340.0 8.71875
341.0 8.6875
342.0 8.953125
343.0 9.1640625
344.0 9.1328125
345.0 8.5859375
346.0 8.9140625
347.0 8.9375
348.0 8.859375
349.0 8.4453125
350.0 8.0625
351.0 8.53125
352.0 8.4140625
353.0 8.4140625
354.0 8.46875
355.0 8.296875
356.0 8.7890625
357.0 8.34375
358.0 8.3828125
359.0 8.1796875
360.0 8.3203125
361.0 7.546875
362.0 8.1171875
363.0 7.9140625
364.0 8.296875
365.0 7.96875
366.0 7.7265625
367.0 7.5234375
368.0 7.3984375
369.0 7.390625
370.0 7.640625
371.0 7.6171875
372.0 7.484375
373.0 7.734375
374.0 7.5234375
375.0 5.6171875
376.0 7.9375
377.0 8.234375
378.0 7.8984375
379.0 7.71875
380.0 8.0546875
381.0 7.84375
382.0 8.015625
383.0 7.9296875
384.0 7.703125
385.0 7.8359375
386.0 8.1796875
387.0 8.375
388.0 8.0625
389.0 7.609375
390.0 7.75
391.0 7.640625
392.0 7.734375
393.0 7.453125
394.0 7.84375
395.0 7.2890625
396.0 7.84375
397.0 7.734375
398.0 3.90625
399.0 11.296875
400.0 7.2734375
401.0 7.40625
402.0 7.484375
403.0 7.65625
404.0 7.6640625
405.0 7.984375
406.0 7.8828125
407.0 7.8828125
408.0 7.765625
409.0 7.40625
410.0 6.3203125
411.0 7.5546875
412.0 7.703125
413.0 7.546875
414.0 7.7578125
415.0 7.390625
416.0 8.03125
417.0 7.6953125
418.0 7.84375
419.0 7.4375
420.0 8.078125
421.0 8.1328125
422.0 8.2578125
423.0 8.140625
424.0 8.2421875
425.0 8.1328125
426.0 8.0546875
427.0 8.0234375
428.0 8.1328125
429.0 7.3359375
430.0 7.640625
431.0 7.78125
432.0 7.71875
433.0 7.78125
434.0 7.6875
435.0 7.5234375
436.0 7.71875
437.0 8.09375
438.0 7.7265625
439.0 6.65625
440.0 8.75
441.0 7.609375
442.0 8.234375
443.0 7.984375
444.0 8.234375
445.0 7.9140625
446.0 7.75
447.0 7.6015625
448.0 7.4296875
449.0 5.2265625
450.0 6.71875
451.0 7.3125
452.0 6.453125
453.0 7.375
454.0 7.6171875
455.0 6.46875
456.0 8.2109375
457.0 7.5234375
458.0 7.6171875
459.0 6.6640625
460.0 6.9140625
461.0 2.3984375
462.0 4.0859375
463.0 7.2265625
464.0 7.4609375
465.0 7.390625
466.0 7.125
467.0 7.25
468.0 7.21875
469.0 7.0390625
470.0 7.34375
471.0 7.25
472.0 7.640625
473.0 7.703125
474.0 3.0234375
475.0 12.4921875
476.0 7.765625
477.0 7.671875
478.0 7.796875
479.0 5.2734375
480.0 10.03125
481.0 7.4921875
482.0 7.90625
483.0 8.015625
484.0 7.6328125
485.0 7.5703125
486.0 6.8828125
487.0 7.3984375
488.0 8.03125
489.0 7.8125
490.0 7.40625
491.0 7.078125
492.0 7.375
493.0 6.6328125
494.0 6.703125
495.0 6.8046875
496.0 7.2109375
497.0 7.453125
498.0 7.2578125
499.0 6.6796875
500.0 7.15625
501.0 8.0859375
502.0 7.6875
503.0 7.6171875
504.0 8.0234375
505.0 8.203125
506.0 8.5859375
507.0 8.09375
508.0 7.8125
509.0 7.2890625
510.0 7.71875
511.0 7.9140625
512.0 8.4140625
513.0 8.4375
514.0 8.1796875
515.0 8.4140625
516.0 8.1171875
517.0 7.8359375
518.0 8.34375
519.0 5.375
520.0 10.9140625
521.0 8.0859375
522.0 8.5
523.0 8.265625
524.0 7.90625
525.0 7.6875
526.0 8.296875
527.0 8.5703125
528.0 8.328125
529.0 4.0078125
530.0 12.375
531.0 8.2734375
532.0 8.2890625
533.0 8.4921875
534.0 8.203125
535.0 8.2421875
536.0 8.0625
537.0 8.2734375
538.0 8.2421875
539.0 8.1484375
540.0 8.6875
541.0 8.40625
542.0 8.3828125
543.0 8.6171875
544.0 8.3125
545.0 8.09375
546.0 8.5390625
547.0 8.3515625
548.0 8.65625
549.0 8.2421875
550.0 8.4921875
551.0 4.0390625
552.0 12.5
553.0 8.109375
554.0 7.984375
555.0 7.75
556.0 7.65625
557.0 8.015625
558.0 8.4765625
559.0 8.046875
560.0 7.8828125
561.0 7.78125
562.0 8.1171875
563.0 8.171875
564.0 8.140625
565.0 8.171875
566.0 7.8203125
567.0 7.75
568.0 7.9609375
569.0 7.765625
570.0 8.015625
571.0 4.421875
572.0 7.609375
573.0 7.671875
574.0 7.578125
575.0 7.546875
576.0 7.9921875
577.0 8.2890625
578.0 8.265625
579.0 3.7109375
580.0 12.484375
581.0 8.1171875
582.0 8.6875
583.0 8.2421875
584.0 8.7734375
585.0 8.5234375
586.0 8.390625
587.0 8.296875
588.0 8.671875
589.0 8.1796875
590.0 8.234375
591.0 8.4453125
592.0 8.4765625
593.0 8.3203125
594.0 8.0
595.0 7.8515625
596.0 8.4609375
597.0 8.203125
598.0 4.4765625
599.0 12.109375
