0.0 4.9921875
1.0 4.6953125
2.0 0.8671875
3.0 8.171875
4.0 4.125
5.0 4.21875
6.0 4.203125
7.0 4.5390625
8.0 4.90625
9.0 5.109375
10.0 5.078125
11.0 5.0703125
12.0 5.0234375
13.0 5.125
14.0 2.3046875
15.0 7.6953125
16.0 5.015625
17.0 5.140625
18.0 5.046875
19.0 5.25
20.0 5.28125
21.0 5.4609375
22.0 5.109375
23.0 5.1875
24.0 5.0234375
25.0 4.453125
26.0 5.5
27.0 5.1953125
28.0 5.0390625
29.0 5.21875
30.0 5.3203125
31.0 5.15625
32.0 4.6796875
33.0 5.3125
34.0 5.125
35.0 5.140625
36.0 5.203125
37.0 5.1953125
38.0 5.34375
39.0 5.1875
40.0 5.1328125
41.0 5.1953125
42.0 4.71875
43.0 5.375
44.0 5.1875
45.0 5.28125
46.0 5.015625
47.0 5.4921875
48.0 5.2734375
49.0 5.140625
50.0 5.0546875
51.0 5.1015625
52.0 5.15625
53.0 5.2890625
54.0 5.421875
55.0 5.25
56.0 5.1953125
57.0 5.3359375
58.0 5.25
59.0 5.015625
60.0 5.1875
61.0 5.234375
62.0 5.3359375
63.0 5.2578125
64.0 5.203125
65.0 2.9609375
66.0 7.359375
67.0 5.25
68.0 5.3671875
69.0 5.4375
70.0 5.3046875
71.0 5.375
72.0 3.40625
73.0 6.8359375
74.0 5.15625
75.0 5.203125
76.0 5.3359375
77.0 5.1953125
78.0 5.40625
79.0 5.28125
80.0 5.1640625
81.0 5.0546875
82.0 5.1640625
83.0 5.15625
84.0 5.40625
85.0 2.3125
86.0 8.4765625
87.0 5.2734375
88.0 5.21875
89.0 5.171875
90.0 5.0859375
91.0 5.234375
92.0 2.875
93.0 7.703125
94.0 5.2578125
95.0 5.5625
96.0 5.4375
97.0 5.3359375
98.0 2.90625
99.0 7.3671875
100.0 5.2265625
101.0 5.5234375
102.0 5.21875
103.0 5.3515625
104.0 5.375
105.0 5.109375
106.0 5.3359375
107.0 4.9921875
108.0 5.3359375
109.0 5.28125
110.0 5.2265625
111.0 5.34375
112.0 4.1484375
113.0 6.4375
114.0 5.3984375
115.0 5.140625
116.0 5.28125
117.0 5.25
118.0 5.3125
119.0 5.0234375
120.0 5.1328125
121.0 5.203125
122.0 4.8671875
123.0 5.484375
124.0 4.921875
125.0 5.0390625
126.0 5.0703125
127.0 5.125
128.0 5.2734375
129.0 5.046875
130.0 4.9296875
131.0 5.0546875
132.0 4.9609375
133.0 5.1953125
134.0 5.1640625
135.0 4.9296875
136.0 1.390625
137.0 8.8359375
138.0 4.6796875
139.0 5.2734375
140.0 4.953125
141.0 4.875
142.0 5.0234375
143.0 5.140625
144.0 5.3515625
145.0 4.9921875
146.0 5.1953125
147.0 5.046875
148.0 5.1015625
149.0 5.015625
150.0 5.140625
151.0 5.1015625
152.0 2.7109375
153.0 8.046875
154.0 5.21875
155.0 5.234375
156.0 5.125
157.0 5.015625
158.0 5.25
159.0 5.203125
160.0 1.8046875
161.0 8.7734375
162.0 5.2734375
163.0 5.1875
164.0 5.046875
165.0 5.125
166.0 5.1640625
167.0 5.3125
168.0 4.09375
169.0 6.203125
170.0 5.3671875
171.0 5.4296875
172.0 5.3203125
173.0 5.25
174.0 5.015625
175.0 2.59375
176.0 8.2734375
177.0 5.34375
178.0 5.375
179.0 5.015625
180.0 5.3203125
181.0 5.078125
182.0 5.1953125
183.0 5.4296875
184.0 5.1953125
185.0 5.453125
186.0 5.3515625
187.0 5.578125
188.0 5.2890625
189.0 0.4296875
190.0 9.953125
191.0 5.2890625
192.0 5.3203125
193.0 5.2265625
194.0 2.296875
195.0 8.2109375
196.0 5.21875
197.0 5.3203125
198.0 5.5
199.0 5.421875
200.0 5.3515625
201.0 5.515625
202.0 5.3515625
203.0 5.484375
204.0 5.4921875
205.0 5.4921875
206.0 5.1953125
207.0 3.1484375
208.0 7.421875
209.0 5.3828125
210.0 5.3203125
211.0 5.203125
212.0 3.796875
213.0 6.359375
214.0 5.1328125
215.0 5.0703125
216.0 5.3125
217.0 5.375
218.0 5.1953125
219.0 5.109375
220.0 5.046875
221.0 5.171875
222.0 5.109375
223.0 4.9296875
224.0 3.84375
225.0 6.4375
226.0 5.046875
227.0 5.0859375
228.0 5.3125
229.0 4.8984375
230.0 4.8984375
231.0 5.1640625
232.0 5.21875
233.0 5.171875
234.0 5.0859375
235.0 5.21875
236.0 5.1015625
237.0 4.953125
238.0 0.765625
239.0 9.65625
240.0 5.0703125
241.0 5.609375
242.0 4.921875
243.0 5.640625
244.0 5.375
245.0 5.25
246.0 5.4609375
247.0 5.3125
248.0 5.3125
249.0 5.375
250.0 5.3125
251.0 5.3359375
252.0 5.1640625
253.0 5.1953125
254.0 5.34375
255.0 5.1640625
256.0 5.109375
257.0 1.984375
258.0 8.5703125
259.0 5.3984375
260.0 5.234375
261.0 2.0703125
262.0 8.46875
263.0 5.3359375
264.0 5.3125
265.0 5.3359375
266.0 5.28125
267.0 5.2265625
268.0 5.3828125
269.0 5.15625
270.0 5.1328125
271.0 5.3125
272.0 5.2265625
273.0 5.40625
274.0 1.3125
275.0 9.3671875
276.0 5.34375
277.0 5.4296875
278.0 5.34375
279.0 5.15625
280.0 2.984375
281.0 7.5234375
282.0 5.2890625
283.0 5.1015625
284.0 5.2734375
285.0 5.3046875
286.0 5.078125
287.0 5.1953125
288.0 4.9296875
289.0 5.46875
290.0 5.3203125
291.0 5.3515625
292.0 5.5234375
293.0 5.3515625
294.0 5.1875
295.0 5.2734375
296.0 5.2578125
297.0 5.3515625
298.0 5.34375
299.0 5.28125
300.0 5.140625
301.0 5.4375
302.0 5.0546875
303.0 1.28125
304.0 8.8828125
305.0 5.078125
306.0 5.1015625
307.0 5.3203125
308.0 3.1484375
309.0 6.921875
310.0 4.84375
311.0 4.984375
312.0 5.1015625
313.0 5.046875
314.0 5.0703125
315.0 5.0546875
316.0 1.921875
317.0 8.078125
318.0 4.9609375
319.0 5.1328125
320.0 5.0859375
321.0 4.9921875
322.0 5.21875
323.0 5.2578125
324.0 5.171875
325.0 5.234375
326.0 5.2734375
327.0 4.875
328.0 5.0234375
329.0 4.984375
330.0 3.0546875
331.0 7.1015625
332.0 5.0703125
333.0 5.1640625
334.0 5.3046875
335.0 5.078125
336.0 0.5234375
337.0 9.8671875
338.0 5.15625
339.0 5.1875
340.0 5.234375
341.0 5.3515625
342.0 5.375
343.0 5.2265625
344.0 5.15625
345.0 5.1015625
346.0 5.1953125
347.0 5.1015625
348.0 2.4140625
349.0 8.234375
350.0 5.3984375
351.0 5.2734375
352.0 5.2734375
353.0 5.21875
354.0 5.34375
355.0 5.21875
356.0 5.2578125
357.0 5.171875
358.0 1.59375
359.0 9.09375
360.0 5.21875
361.0 5.2890625
362.0 5.1953125
363.0 5.2265625
364.0 5.1328125
365.0 5.2265625
366.0 5.40625
367.0 5.1953125
368.0 5.2734375
369.0 5.0546875
370.0 4.828125
371.0 2.9609375
372.0 6.859375
373.0 5.4921875
374.0 5.1015625
375.0 5.4921875
376.0 5.015625
377.0 5.3515625
378.0 5.28125
379.0 5.046875
380.0 5.3125
381.0 5.3671875
382.0 5.0234375
383.0 5.4609375
384.0 5.1640625
385.0 5.15625
386.0 5.25
387.0 5.1328125
388.0 5.25
389.0 5.1640625
390.0 5.2578125
391.0 5.3203125
392.0 4.9921875
393.0 5.0703125
394.0 4.921875
395.0 5.0390625
396.0 5.1015625
397.0 1.4765625
398.0 8.5625
399.0 5.21875
400.0 5.125
401.0 4.984375
402.0 1.4453125
403.0 8.390625
404.0 5.0703125
405.0 5.0703125
406.0 5.109375
407.0 5.046875
408.0 5.15625
409.0 5.1640625
410.0 4.984375
411.0 5.015625
412.0 5.1015625
413.0 5.2890625
414.0 5.234375
415.0 4.515625
416.0 5.703125
417.0 5.0546875
418.0 5.171875
419.0 5.0703125
420.0 5.0390625
421.0 0.421875
422.0 9.625
423.0 4.9453125
424.0 4.9609375
425.0 4.984375
426.0 5.0859375
427.0 5.0234375
428.0 4.8359375
429.0 5.3203125
430.0 5.0546875
431.0 5.25
432.0 4.0703125
433.0 6.1484375
434.0 5.15625
435.0 5.1875
436.0 5.1640625
437.0 5.15625
438.0 5.1328125
439.0 5.2734375
440.0 5.3515625
441.0 5.28125
442.0 5.109375
443.0 4.8359375
444.0 5.3203125
445.0 5.234375
446.0 5.3984375
447.0 5.171875
448.0 5.3671875
449.0 5.1953125
450.0 5.125
451.0 5.140625
452.0 5.0546875
453.0 5.1875
454.0 5.2734375
455.0 5.3203125
456.0 2.7734375
457.0 7.6953125
458.0 5.0234375
459.0 5.1953125
460.0 5.109375
461.0 5.3203125
462.0 5.4296875
463.0 5.34375
464.0 2.125
465.0 8.8671875
466.0 5.25
467.0 5.3984375
468.0 5.3359375
469.0 5.171875
470.0 5.21875
471.0 5.1875
472.0 5.3671875
473.0 5.1953125
474.0 5.2734375
475.0 5.21875
476.0 5.15625
477.0 1.703125
478.0 8.2265625
479.0 4.84375
480.0 4.875
481.0 5.171875
482.0 5.0859375
483.0 4.890625
484.0 1.3515625
485.0 8.5078125
486.0 4.5625
487.0 4.9921875
488.0 5.0703125
489.0 5.0703125
490.0 4.71875
491.0 5.1640625
492.0 4.9609375
493.0 4.9765625
494.0 4.953125
495.0 5.125
496.0 5.171875
497.0 5.171875
498.0 5.1875
499.0 5.234375
500.0 5.1953125
501.0 5.1328125
502.0 4.984375
503.0 5.2734375
504.0 5.171875
505.0 2.96875
506.0 7.5546875
507.0 5.1640625
508.0 5.3203125
509.0 5.3125
510.0 5.0390625
511.0 0.390625
512.0 10.1015625
513.0 5.203125
514.0 5.28125
515.0 5.21875
516.0 4.90625
517.0 5.109375
518.0 4.234375
519.0 3.0390625
520.0 4.03125
521.0 0.3359375
522.0 5.6953125
523.0 2.328125
524.0 5.234375
525.0 5.3984375
526.0 5.34375
527.0 5.109375
528.0 5.40625
529.0 5.375
530.0 5.2890625
531.0 5.375
532.0 3.8828125
533.0 6.4453125
534.0 4.9921875
535.0 4.984375
536.0 5.171875
537.0 5.2578125
538.0 2.8984375
539.0 7.84375
540.0 4.953125
541.0 5.046875
542.0 5.0703125
543.0 5.0390625
544.0 5.1015625
545.0 5.1640625
546.0 5.171875
547.0 5.140625
548.0 4.984375
549.0 5.203125
550.0 2.3359375
551.0 7.734375
552.0 5.171875
553.0 4.984375
554.0 5.0078125
555.0 5.2265625
556.0 5.0390625
557.0 5.2734375
558.0 4.9296875
559.0 4.9453125
560.0 4.9296875
561.0 4.9296875
562.0 5.078125
563.0 5.078125
564.0 5.0390625
565.0 5.0234375
566.0 4.9453125
567.0 4.9453125
568.0 4.9296875
569.0 5.203125
570.0 1.59375
571.0 8.7734375
572.0 5.2734375
573.0 4.90625
574.0 0.5078125
575.0 9.59375
576.0 5.1015625
577.0 5.078125
578.0 5.25
579.0 5.171875
580.0 5.3046875
581.0 5.2578125
582.0 4.921875
583.0 4.90625
584.0 5.0234375
585.0 5.28125
586.0 5.0546875
587.0 1.3828125
588.0 9.125
589.0 5.15625
590.0 5.1328125
591.0 5.0859375
592.0 1.7421875
593.0 8.53125
594.0 4.953125
595.0 5.3828125
596.0 5.453125
597.0 5.078125
598.0 4.9921875
599.0 5.1328125
