0.0 8.53125
1.0 8.46875
2.0 7.5078125
3.0 9.671875
4.0 8.59375
5.0 8.640625
6.0 8.6875
7.0 8.7890625
8.0 8.6015625
9.0 8.5390625
10.0 8.5625
11.0 8.5390625
12.0 8.265625
13.0 8.421875
14.0 8.59375
15.0 4.796875
16.0 11.4609375
17.0 8.1328125
18.0 8.3828125
19.0 7.140625
20.0 9.8984375
21.0 8.2734375
22.0 8.296875
23.0 8.71875
24.0 8.5625
25.0 8.2265625
26.0 8.359375
27.0 8.5234375
28.0 8.3125
29.0 8.5234375
30.0 8.2734375
31.0 8.6484375
32.0 8.5703125
33.0 8.3203125
34.0 8.5078125
35.0 8.4765625
36.0 8.2109375
37.0 8.2578125
38.0 8.4453125
39.0 8.4921875
40.0 8.46875
41.0 8.5
42.0 8.59375
43.0 8.640625
44.0 8.5078125
45.0 8.4921875
46.0 8.375
47.0 8.2109375
48.0 8.421875
49.0 8.0234375
50.0 8.265625
51.0 8.2109375
52.0 8.0859375
53.0 8.4453125
54.0 8.2109375
55.0 8.421875
56.0 8.2109375
57.0 8.390625
58.0 8.2734375
59.0 3.5546875
60.0 12.828125
61.0 8.3125
62.0 8.3125
63.0 8.2578125
64.0 8.421875
65.0 8.0234375
66.0 8.2265625
67.0 8.40625
68.0 8.3125
69.0 8.1640625
70.0 8.1640625
71.0 8.1484375
72.0 8.296875
73.0 8.1796875
74.0 8.1953125
75.0 8.140625
76.0 8.1953125
77.0 8.1953125
78.0 8.265625
79.0 8.359375
80.0 8.4765625
81.0 8.109375
82.0 8.4375
83.0 8.4609375
84.0 8.375
85.0 8.3515625
86.0 8.2578125
87.0 8.265625
88.0 8.265625
89.0 8.5078125
90.0 8.5
91.0 8.4609375
92.0 8.109375
93.0 8.328125
94.0 8.4453125
95.0 8.5625
96.0 8.4765625
97.0 8.3828125
98.0 8.421875
99.0 8.359375
100.0 8.40625
101.0 6.4140625
102.0 6.6796875
103.0 8.328125
104.0 8.421875
105.0 8.4375
106.0 8.2109375
107.0 8.671875
108.0 8.5
109.0 8.3203125
110.0 8.3203125
111.0 8.1796875
112.0 8.4921875
113.0 8.390625
114.0 8.625
115.0 8.234375
116.0 8.53125
117.0 8.375
118.0 7.8828125
119.0 8.421875
120.0 8.296875
121.0 8.625
122.0 8.5625
123.0 8.6015625
124.0 8.359375
125.0 8.4140625
126.0 8.40625
127.0 8.328125
128.0 3.546875
129.0 13.3671875
130.0 8.65625
131.0 8.5078125
132.0 8.6015625
133.0 8.359375
134.0 8.390625
135.0 8.5
136.0 8.5078125
137.0 8.640625
138.0 8.53125
139.0 8.5703125
140.0 8.4453125
141.0 5.0390625
142.0 12.21875
143.0 8.1640625
144.0 8.3828125
145.0 8.5
146.0 7.390625
147.0 9.5078125
148.0 8.59375
149.0 8.34375
150.0 8.46875
151.0 8.5859375
152.0 8.359375
153.0 8.59375
154.0 8.5390625
155.0 8.2890625
156.0 8.796875
157.0 8.6796875
158.0 8.5390625
159.0 4.3203125
160.0 12.640625
161.0 8.53125
162.0 8.59375
163.0 8.765625
164.0 8.3125
165.0 8.359375
166.0 8.671875
167.0 8.6171875
168.0 8.5546875
169.0 8.5078125
170.0 8.421875
171.0 8.796875
172.0 8.6015625
173.0 8.5703125
174.0 8.53125
175.0 8.4765625
176.0 8.34375
177.0 7.375
178.0 9.625
179.0 8.5546875
180.0 8.6015625
181.0 8.4921875
182.0 8.4609375
183.0 8.265625
184.0 8.296875
185.0 8.5390625
186.0 8.5546875
187.0 8.59375
188.0 8.5546875
189.0 8.3203125
190.0 8.3515625
191.0 8.2578125
192.0 8.3828125
193.0 8.09375
194.0 8.328125
195.0 8.5546875
196.0 8.375
197.0 8.4140625
198.0 8.109375
199.0 8.53125
200.0 8.5390625
201.0 8.0546875
202.0 8.4140625
203.0 8.625
204.0 8.265625
205.0 8.1171875
206.0 8.4453125
207.0 8.171875
208.0 7.8984375
209.0 8.1328125
210.0 8.4140625
211.0 7.8984375
212.0 8.5625
213.0 8.2734375
214.0 8.40625
215.0 8.1796875
216.0 8.2578125
217.0 8.0625
218.0 8.1171875
219.0 8.0234375
220.0 8.0859375
221.0 7.96875
222.0 8.2265625
223.0 8.0546875
224.0 8.0625
225.0 7.703125
226.0 3.8203125
227.0 12.1875
228.0 8.2890625
229.0 8.0234375
230.0 8.265625
231.0 8.34375
232.0 8.421875
233.0 7.8984375
234.0 8.2421875
235.0 5.609375
236.0 10.9375
237.0 8.203125
238.0 7.9921875
239.0 8.265625
240.0 8.1640625
241.0 8.2734375
242.0 8.1484375
243.0 4.984375
244.0 11.4765625
245.0 8.3125
246.0 8.0
247.0 8.0859375
248.0 8.2890625
249.0 8.234375
250.0 8.46875
251.0 8.234375
252.0 8.0859375
253.0 8.5078125
254.0 8.640625
255.0 8.5546875
256.0 8.375
257.0 8.2578125
258.0 8.375
259.0 8.65625
260.0 8.5625
261.0 8.390625
262.0 8.53125
263.0 8.53125
264.0 8.265625
265.0 8.4453125
266.0 8.2578125
267.0 8.3203125
268.0 8.4609375
269.0 8.5
270.0 8.46875
271.0 8.375
272.0 8.5859375
273.0 8.3125
274.0 8.5078125
275.0 8.296875
276.0 8.53125
277.0 6.8671875
278.0 9.9921875
279.0 8.5625
280.0 8.34375
281.0 8.3203125
282.0 8.1484375
283.0 8.5625
284.0 8.421875
285.0 8.4765625
286.0 8.5078125
287.0 8.421875
288.0 8.4375
289.0 8.265625
290.0 8.4765625
291.0 8.390625
292.0 8.4453125
293.0 8.5078125
294.0 8.5
295.0 8.4765625
296.0 8.6171875
297.0 7.8515625
298.0 8.8515625
299.0 8.296875
300.0 8.4921875
301.0 8.3203125
302.0 9.03125
303.0 8.6875
304.0 8.4921875
305.0 4.9296875
306.0 11.9296875
307.0 8.5859375
308.0 8.4140625
309.0 8.4765625
310.0 8.765625
311.0 8.671875
312.0 8.2578125
313.0 8.5859375
314.0 8.796875
315.0 8.421875
316.0 8.7109375
317.0 8.4375
318.0 8.34375
319.0 8.65625
320.0 8.671875
321.0 8.3828125
322.0 8.7421875
323.0 8.5
324.0 8.5703125
325.0 8.5
326.0 8.65625
327.0 4.953125
328.0 12.2890625
329.0 8.59375
330.0 8.421875
331.0 8.6015625
332.0 8.4921875
333.0 8.625
334.0 8.5390625
335.0 8.3515625
336.0 8.7421875
337.0 8.71875
338.0 8.46875
339.0 8.375
340.0 8.2890625
341.0 8.5390625
342.0 8.375
343.0 8.7890625
344.0 8.765625
345.0 8.2890625
346.0 8.640625
347.0 8.2421875
348.0 8.265625
349.0 8.2890625
350.0 8.53125
351.0 8.5546875
352.0 8.3203125
353.0 8.4765625
354.0 4.5703125
355.0 12.453125
356.0 8.40625
357.0 8.359375
358.0 6.5703125
359.0 10.296875
360.0 8.6171875
361.0 8.4609375
362.0 8.234375
363.0 7.84375
364.0 8.1640625
365.0 8.1328125
366.0 8.4609375
367.0 8.6484375
368.0 8.3203125
369.0 8.171875
370.0 8.40625
371.0 8.2265625
372.0 7.9921875
373.0 8.0546875
374.0 8.296875
375.0 8.328125
376.0 8.34375
377.0 8.328125
378.0 8.296875
379.0 8.1640625
380.0 8.359375
381.0 8.1796875
382.0 8.1796875
383.0 8.2421875
384.0 8.5
385.0 8.140625
386.0 8.140625
387.0 8.09375
388.0 8.265625
389.0 8.296875
390.0 8.234375
391.0 8.1171875
392.0 8.359375
393.0 8.2265625
394.0 7.703125
395.0 8.96875
396.0 8.3125
397.0 8.046875
398.0 8.328125
399.0 8.109375
400.0 8.4609375
401.0 8.3203125
402.0 8.328125
403.0 8.296875
404.0 8.3515625
405.0 8.015625
406.0 3.546875
407.0 12.6640625
408.0 8.75
409.0 8.3125
410.0 8.421875
411.0 8.2578125
412.0 8.328125
413.0 8.2890625
414.0 8.2421875
415.0 8.40625
416.0 8.5
417.0 8.0625
418.0 8.640625
419.0 8.5859375
420.0 8.4140625
421.0 8.296875
422.0 8.09375
423.0 8.3515625
424.0 5.25
425.0 11.6875
426.0 8.2578125
427.0 8.4453125
428.0 5.1015625
429.0 11.59375
430.0 8.40625
431.0 8.2109375
432.0 8.375
433.0 8.375
434.0 8.3125
435.0 8.4375
436.0 8.3828125
437.0 8.09375
438.0 8.40625
439.0 8.2421875
440.0 8.03125
441.0 8.7890625
442.0 8.359375
443.0 8.3125
444.0 8.421875
445.0 7.484375
446.0 8.96875
447.0 8.421875
448.0 8.1484375
449.0 8.3125
450.0 8.109375
451.0 8.2265625
452.0 8.0859375
453.0 8.40625
454.0 8.296875
455.0 8.390625
456.0 7.5390625
457.0 9.296875
458.0 8.3828125
459.0 8.1640625
460.0 8.1796875
461.0 8.46875
462.0 8.265625
463.0 8.4140625
464.0 8.1796875
465.0 8.203125
466.0 8.2265625
467.0 8.3515625
468.0 8.34375
469.0 8.671875
470.0 8.3828125
471.0 8.4140625
472.0 8.296875
473.0 8.375
474.0 8.40625
475.0 8.375
476.0 7.96875
477.0 8.1484375
478.0 8.4140625
479.0 8.2734375
480.0 8.2890625
481.0 8.046875
482.0 8.359375
483.0 8.46875
484.0 8.5625
485.0 8.4375
486.0 8.234375
487.0 8.34375
488.0 8.34375
489.0 8.296875
490.0 8.390625
491.0 8.359375
492.0 8.375
493.0 8.5
494.0 8.5234375
495.0 8.2421875
496.0 7.6875
497.0 3.96875
498.0 7.5078125
499.0 8.4765625
500.0 8.6875
501.0 8.640625
502.0 8.296875
503.0 8.6796875
504.0 6.421875
505.0 5.421875
506.0 6.234375
507.0 8.1484375
508.0 8.140625
509.0 8.2421875
510.0 8.625
511.0 8.5
512.0 8.59375
513.0 8.4609375
514.0 8.390625
515.0 8.203125
516.0 8.4765625
517.0 8.625
518.0 8.34375
519.0 8.2421875
520.0 8.6171875
521.0 8.59375
522.0 8.390625
523.0 8.421875
524.0 8.796875
525.0 8.5078125
526.0 8.796875
527.0 8.3125
528.0 8.65625
529.0 8.765625
530.0 8.2734375
531.0 8.5078125
532.0 8.2421875
533.0 8.4609375
534.0 8.5078125
535.0 8.6015625
536.0 8.4921875
537.0 8.59375
538.0 8.46875
539.0 8.359375
540.0 8.5703125
541.0 8.8203125
542.0 6.0234375
543.0 11.2421875
544.0 8.6484375
545.0 8.7734375
546.0 8.5234375
547.0 8.4140625
548.0 7.5859375
549.0 8.421875
550.0 8.5
551.0 8.53125
552.0 8.2890625
553.0 8.4765625
554.0 8.5546875
555.0 8.71875
556.0 8.1640625
557.0 8.2421875
558.0 3.5859375
559.0 13.4453125
560.0 8.4765625
561.0 8.3515625
562.0 8.40625
563.0 8.6015625
564.0 8.5703125
565.0 8.1796875
566.0 8.265625
567.0 8.234375
568.0 8.2265625
569.0 8.1484375
570.0 8.2578125
571.0 8.5
572.0 8.0546875
573.0 8.5859375
574.0 8.375
575.0 8.2421875
576.0 8.4375
577.0 8.1796875
578.0 7.4375
579.0 5.0234375
580.0 10.3515625
581.0 8.328125
582.0 8.375
583.0 8.390625
584.0 8.3203125
585.0 8.203125
586.0 8.0546875
587.0 8.296875
588.0 8.328125
589.0 8.078125
590.0 8.296875
591.0 8.234375
592.0 6.2109375
593.0 9.890625
594.0 8.0546875
595.0 8.234375
596.0 7.9453125
597.0 4.1015625
598.0 12.453125
599.0 8.109375
