0.0 9.640625
1.0 9.21875
2.0 6.984375
3.0 11.21875
4.0 9.09375
5.0 8.9375
6.0 5.9375
7.0 12.609375
8.0 9.0625
9.0 9.0703125
10.0 9.328125
11.0 9.375
12.0 9.1953125
13.0 9.0625
14.0 9.0625
15.0 8.859375
16.0 9.2109375
17.0 8.96875
18.0 9.2109375
19.0 8.96875
20.0 8.8203125
21.0 9.015625
22.0 8.921875
23.0 8.6875
24.0 9.265625
25.0 9.2265625
26.0 9.2109375
27.0 5.828125
28.0 12.7109375
29.0 9.09375
30.0 9.0078125
31.0 9.1484375
32.0 9.375
33.0 9.1953125
34.0 9.2265625
35.0 9.3359375
36.0 9.296875
37.0 9.1328125
38.0 9.0078125
39.0 9.3046875
40.0 9.0625
41.0 9.640625
42.0 9.2734375
43.0 9.4609375
44.0 9.15625
45.0 9.1171875
46.0 9.296875
47.0 9.3671875
48.0 9.0703125
49.0 9.265625
50.0 9.6015625
51.0 9.0703125
52.0 9.4609375
53.0 9.1640625
54.0 4.1875
55.0 14.25
56.0 9.4296875
57.0 9.59375
58.0 9.1484375
59.0 9.6328125
60.0 9.2734375
61.0 8.953125
62.0 9.1484375
63.0 9.1875
64.0 9.2421875
65.0 9.1796875
66.0 9.125
67.0 8.46875
68.0 10.171875
69.0 9.1953125
70.0 9.1171875
71.0 8.8671875
72.0 9.2734375
73.0 9.046875
74.0 9.2421875
75.0 9.1796875
76.0 9.1875
77.0 8.8671875
78.0 9.1796875
79.0 8.7734375
80.0 9.0390625
81.0 8.96875
82.0 9.2734375
83.0 9.0078125
84.0 8.6875
85.0 9.1953125
86.0 9.046875
87.0 9.0390625
88.0 9.1015625
89.0 8.8515625
90.0 5.3125
91.0 12.8828125
92.0 9.1015625
93.0 9.1796875
94.0 9.0625
95.0 8.9765625
96.0 8.96875
97.0 9.1953125
98.0 9.046875
99.0 9.28125
100.0 9.21875
101.0 9.2109375
102.0 6.4375
103.0 11.4453125
104.0 9.0625
105.0 9.0625
106.0 9.3671875
107.0 9.125
108.0 9.296875
109.0 9.3671875
110.0 8.96875
111.0 9.0390625
112.0 9.4765625
113.0 9.1015625
114.0 9.375
115.0 9.296875
116.0 4.1171875
117.0 14.6484375
118.0 9.3671875
119.0 9.4609375
120.0 8.7109375
121.0 9.6875
122.0 9.2734375
123.0 9.359375
124.0 9.1015625
125.0 9.5390625
126.0 9.34375
127.0 9.1640625
128.0 9.265625
129.0 9.359375
130.0 9.390625
131.0 9.2734375
132.0 9.328125
133.0 9.375
134.0 9.328125
135.0 9.1875
136.0 9.3046875
137.0 9.4609375
138.0 9.09375
139.0 5.3828125
140.0 13.2734375
141.0 9.0390625
142.0 9.1953125
143.0 9.1484375
144.0 9.046875
145.0 9.1796875
146.0 9.15625
147.0 9.28125
148.0 9.0390625
149.0 9.1640625
150.0 9.0625
151.0 9.078125
152.0 8.953125
153.0 9.0703125
154.0 8.71875
155.0 8.9140625
156.0 8.0859375
157.0 9.59375
158.0 8.6796875
159.0 9.15625
160.0 8.796875
161.0 8.5546875
162.0 8.890625
163.0 9.09375
164.0 8.6171875
165.0 8.703125
166.0 8.75
167.0 8.65625
168.0 8.6484375
169.0 8.7421875
170.0 9.0078125
171.0 8.8828125
172.0 8.7890625
173.0 8.953125
174.0 8.828125
175.0 8.796875
176.0 5.015625
177.0 12.6953125
178.0 9.125
179.0 8.984375
180.0 9.0
181.0 9.0625
182.0 9.3984375
183.0 9.4765625
184.0 9.5078125
185.0 9.2265625
186.0 9.296875
187.0 9.1875
188.0 9.4609375
189.0 9.515625
190.0 9.1953125
191.0 9.2265625
192.0 8.8671875
193.0 9.125
194.0 9.21875
195.0 9.28125
196.0 9.3046875
197.0 9.1875
198.0 9.1015625
199.0 9.7265625
200.0 9.546875
201.0 9.2421875
202.0 9.5078125
203.0 9.359375
204.0 6.9453125
205.0 11.59375
206.0 9.25
207.0 9.28125
208.0 8.09375
209.0 10.4453125
210.0 9.453125
211.0 9.359375
212.0 9.1328125
213.0 9.34375
214.0 9.3984375
215.0 9.328125
216.0 9.2421875
217.0 8.8671875
218.0 9.0625
219.0 9.1015625
220.0 9.34375
221.0 9.2421875
222.0 6.78125
223.0 11.7421875
224.0 9.609375
225.0 9.265625
226.0 9.296875
227.0 8.8046875
228.0 7.390625
229.0 10.984375
230.0 8.890625
231.0 9.1171875
232.0 8.984375
233.0 8.9765625
234.0 8.8671875
235.0 9.1328125
236.0 9.15625
237.0 8.890625
238.0 9.2265625
239.0 9.046875
240.0 9.1328125
241.0 9.3046875
242.0 8.984375
243.0 9.296875
244.0 9.3125
245.0 9.1640625
246.0 9.015625
247.0 9.078125
248.0 9.2734375
249.0 9.046875
250.0 9.265625
251.0 9.3125
252.0 8.9765625
253.0 9.28125
254.0 9.1015625
255.0 9.2421875
256.0 8.890625
257.0 9.1484375
258.0 9.0078125
259.0 8.9453125
260.0 9.1953125
261.0 8.859375
262.0 9.21875
263.0 8.9140625
264.0 9.1484375
265.0 9.0078125
266.0 9.1171875
267.0 8.9140625
268.0 9.0703125
269.0 9.1640625
270.0 9.21875
271.0 6.796875
272.0 11.1796875
273.0 9.046875
274.0 5.640625
275.0 12.3046875
276.0 8.953125
277.0 8.765625
278.0 8.734375
279.0 9.2421875
280.0 9.03125
281.0 8.9375
282.0 9.09375
283.0 8.8046875
284.0 9.0
285.0 9.046875
286.0 9.1328125
287.0 9.09375
288.0 9.3359375
289.0 9.1484375
290.0 9.0
291.0 8.8984375
292.0 9.1484375
293.0 8.9375
294.0 7.1796875
295.0 11.3984375
296.0 9.3671875
297.0 9.1875
298.0 9.03125
299.0 3.8203125
300.0 13.6640625
301.0 8.9765625
302.0 9.1640625
303.0 9.15625
304.0 9.078125
305.0 9.1328125
306.0 8.890625
307.0 9.1953125
308.0 9.0
309.0 8.921875
310.0 8.6796875
311.0 7.7578125
312.0 9.9296875
313.0 9.0
314.0 8.8359375
315.0 8.828125
316.0 8.7734375
317.0 8.828125
318.0 8.71875
319.0 9.21875
320.0 9.0390625
321.0 9.1171875
322.0 9.15625
323.0 8.9140625
324.0 8.8046875
325.0 9.1328125
326.0 9.265625
327.0 9.21875
328.0 4.0859375
329.0 14.21875
330.0 9.296875
331.0 8.765625
332.0 5.78125
333.0 12.5
334.0 9.15625
335.0 9.0703125
336.0 9.0625
337.0 8.9765625
338.0 9.375
339.0 9.125
340.0 8.953125
341.0 9.1328125
342.0 8.9140625
343.0 9.0078125
344.0 9.1328125
345.0 9.1171875
346.0 9.3359375
347.0 9.390625
348.0 9.015625
349.0 9.375
350.0 9.2734375
351.0 9.046875
352.0 9.09375
353.0 9.34375
354.0 8.9765625
355.0 9.015625
356.0 9.1796875
357.0 9.0390625
358.0 9.125
359.0 9.25
360.0 8.9375
361.0 9.421875
362.0 9.1953125
363.0 9.375
364.0 8.96875
365.0 8.859375
366.0 8.890625
367.0 9.078125
368.0 9.15625
369.0 9.2109375
370.0 9.078125
371.0 9.453125
372.0 9.421875
373.0 9.09375
374.0 8.8671875
375.0 9.0390625
376.0 8.9375
377.0 9.1484375
378.0 9.1796875
379.0 9.3984375
380.0 9.046875
381.0 9.3125
382.0 9.0625
383.0 9.328125
384.0 9.1328125
385.0 4.984375
386.0 13.171875
387.0 8.7421875
388.0 8.359375
389.0 8.6171875
390.0 8.8671875
391.0 8.953125
392.0 8.9375
393.0 8.9375
394.0 8.96875
395.0 8.96875
396.0 8.8515625
397.0 5.0234375
398.0 13.109375
399.0 9.0703125
400.0 8.921875
401.0 9.2421875
402.0 8.859375
403.0 9.0390625
404.0 9.09375
405.0 9.078125
406.0 8.7734375
407.0 8.7421875
408.0 8.9453125
409.0 8.828125
410.0 9.15625
411.0 8.796875
412.0 9.6015625
413.0 9.1015625
414.0 9.2265625
415.0 8.859375
416.0 9.484375
417.0 9.28125
418.0 9.2734375
419.0 9.2734375
420.0 9.34375
421.0 9.515625
422.0 9.0625
423.0 9.2109375
424.0 9.359375
425.0 8.859375
426.0 9.1953125
427.0 9.125
428.0 9.2265625
429.0 9.125
430.0 9.0703125
431.0 9.078125
432.0 9.21875
433.0 9.2734375
434.0 9.09375
435.0 9.375
436.0 9.2421875
437.0 9.2109375
438.0 9.2421875
439.0 8.9375
440.0 8.984375
441.0 9.078125
442.0 9.359375
443.0 9.2421875
444.0 9.4609375
445.0 9.2421875
446.0 9.1796875
447.0 9.296875
448.0 8.8203125
449.0 9.296875
450.0 8.8828125
451.0 9.03125
452.0 9.046875
453.0 9.046875
454.0 9.28125
455.0 8.890625
456.0 8.8828125
457.0 8.96875
458.0 8.9375
459.0 8.9765625
460.0 8.65625
461.0 8.703125
462.0 8.8203125
463.0 8.8515625
464.0 8.2734375
465.0 8.390625
466.0 8.8671875
467.0 9.0078125
468.0 8.921875
469.0 8.828125
470.0 9.09375
471.0 9.09375
472.0 8.984375
473.0 8.703125
474.0 9.15625
475.0 8.796875
476.0 9.296875
477.0 8.6171875
478.0 8.8046875
479.0 9.1875
480.0 8.7890625
481.0 9.0703125
482.0 8.8515625
483.0 9.0703125
484.0 9.0390625
485.0 8.75
486.0 8.8984375
487.0 8.9140625
488.0 5.109375
489.0 12.21875
490.0 8.9140625
491.0 9.015625
492.0 7.1875
493.0 10.6171875
494.0 9.34375
495.0 9.2109375
496.0 8.8515625
497.0 9.1015625
498.0 9.0625
499.0 9.1640625
500.0 9.046875
501.0 9.1953125
502.0 9.2421875
503.0 9.1796875
504.0 9.34375
505.0 9.2734375
506.0 9.359375
507.0 8.984375
508.0 5.3671875
509.0 13.6875
510.0 9.4140625
511.0 9.4140625
512.0 4.15625
513.0 13.859375
514.0 9.1171875
515.0 8.953125
516.0 9.1640625
517.0 9.1171875
518.0 9.3671875
519.0 9.0625
520.0 9.2265625
521.0 9.2421875
522.0 9.328125
523.0 9.265625
524.0 9.2109375
525.0 9.4921875
526.0 9.3046875
527.0 9.3046875
528.0 9.3046875
529.0 9.265625
530.0 9.5703125
531.0 8.921875
532.0 9.03125
533.0 9.2421875
534.0 9.2734375
535.0 9.2421875
536.0 8.7421875
537.0 9.2421875
538.0 9.15625
539.0 9.390625
540.0 9.3125
541.0 8.96875
542.0 8.9765625
543.0 9.0390625
544.0 9.2109375
545.0 9.125
546.0 9.1328125
547.0 8.984375
548.0 9.015625
549.0 9.1796875
550.0 9.03125
551.0 8.9375
552.0 9.2734375
553.0 8.9375
554.0 4.1484375
555.0 13.6171875
556.0 9.0625
557.0 8.7734375
558.0 8.9140625
559.0 8.9453125
560.0 8.9140625
561.0 9.0625
562.0 8.9765625
563.0 9.1640625
564.0 9.5390625
565.0 9.1796875
566.0 9.5546875
567.0 9.0625
568.0 9.28125
569.0 9.2109375
570.0 8.9140625
571.0 9.3125
572.0 9.0390625
573.0 8.859375
574.0 9.375
575.0 9.15625
576.0 9.1171875
577.0 9.3125
578.0 9.265625
579.0 9.21875
580.0 9.2109375
581.0 9.4765625
582.0 4.9765625
583.0 13.6796875
584.0 9.015625
585.0 9.3125
586.0 9.6640625
587.0 9.0390625
588.0 9.015625
589.0 9.1484375
590.0 9.2734375
591.0 9.3359375
592.0 8.984375
593.0 9.3359375
594.0 9.3046875
595.0 9.3984375
596.0 8.625
597.0 9.4609375
598.0 8.5390625
599.0 10.21875
