0.0 4.28125
1.0 1.1796875
2.0 6.828125
3.0 5.3515625
4.0 4.2734375
5.0 4.390625
6.0 5.5234375
7.0 5.125
8.0 5.421875
9.0 5.15625
10.0 5.109375
11.0 5.3671875
12.0 6.15625
13.0 5.6640625
14.0 5.46875
15.0 5.6328125
16.0 3.6953125
17.0 7.8671875
18.0 5.28125
19.0 4.4453125
20.0 6.8828125
21.0 5.6484375
22.0 3.84375
23.0 3.765625
24.0 4.0078125
25.0 4.265625
26.0 4.1875
27.0 4.6875
28.0 4.609375
29.0 5.1328125
30.0 3.9765625
31.0 5.3671875
32.0 0.4921875
33.0 5.3515625
34.0 7.25
35.0 4.4765625
36.0 5.3046875
37.0 4.5703125
38.0 3.9765625
39.0 4.953125
40.0 4.9453125
41.0 4.7109375
42.0 3.921875
43.0 3.7265625
44.0 3.953125
45.0 4.59375
46.0 4.84375
47.0 1.890625
48.0 7.9296875
49.0 4.6640625
50.0 4.984375
51.0 3.7734375
52.0 5.234375
53.0 4.0625
54.0 4.46875
55.0 4.7265625
56.0 4.5390625
57.0 4.6875
58.0 4.125
59.0 4.8046875
60.0 3.203125
61.0 5.140625
62.0 4.3359375
63.0 3.84375
64.0 3.625
65.0 4.0390625
66.0 4.2109375
67.0 3.875
68.0 4.2109375
69.0 3.7421875
70.0 1.5625
71.0 0.0
72.0 7.21875
73.0 2.671875
74.0 2.65625
75.0 0.1953125
76.0 5.0234375
77.0 3.34375
78.0 2.9296875
79.0 2.65625
80.0 2.546875
81.0 2.5703125
82.0 1.3203125
83.0 0.78125
84.0 1.796875
85.0 2.65625
86.0 2.4453125
87.0 2.0859375
88.0 0.7578125
89.0 0.0
90.0 5.9765625
91.0 1.359375
92.0 1.34375
93.0 1.9453125
94.0 2.7734375
95.0 2.0703125
96.0 1.609375
97.0 0.0078125
98.0 0.0
99.0 0.0
100.0 5.2578125
101.0 2.890625
102.0 5.015625
103.0 4.9453125
104.0 4.578125
105.0 4.0625
106.0 4.984375
107.0 3.953125
108.0 4.296875
109.0 3.5859375
110.0 5.0078125
111.0 2.1484375
112.0 0.0
113.0 0.0
114.0 4.828125
115.0 1.8359375
116.0 2.296875
117.0 1.015625
118.0 2.5078125
119.0 2.9375
120.0 2.1484375
121.0 1.7890625
122.0 0.0
123.0 0.0
124.0 0.0
125.0 0.0
126.0 5.234375
127.0 0.8671875
128.0 2.484375
129.0 4.7421875
130.0 3.328125
131.0 2.375
132.0 3.4140625
133.0 1.921875
134.0 1.796875
135.0 1.8359375
136.0 1.984375
137.0 1.5859375
138.0 1.1796875
139.0 0.34375
140.0 0.0
141.0 7.03125
142.0 2.515625
143.0 1.390625
144.0 3.0859375
145.0 4.0859375
146.0 3.203125
147.0 2.1484375
148.0 0.0
149.0 0.0
150.0 0.671875
151.0 5.109375
152.0 3.828125
153.0 4.5703125
154.0 4.78125
155.0 4.3203125
156.0 4.3828125
157.0 3.96875
158.0 2.3671875
159.0 1.203125
160.0 2.34375
161.0 2.0390625
162.0 1.921875
163.0 0.4921875
164.0 0.0
165.0 0.0
166.0 4.6953125
167.0 2.3671875
168.0 2.7578125
169.0 2.421875
170.0 2.96875
171.0 3.328125
172.0 1.3203125
173.0 6.296875
174.0 3.34375
175.0 3.375
176.0 1.4765625
177.0 3.0234375
178.0 3.46875
179.0 3.015625
180.0 4.296875
181.0 2.15625
182.0 1.65625
183.0 2.9375
184.0 3.6953125
185.0 3.546875
186.0 2.21875
187.0 3.1796875
188.0 3.859375
189.0 0.9375
190.0 6.8125
191.0 4.265625
192.0 4.953125
193.0 4.125
194.0 0.4921875
195.0 8.1171875
196.0 1.0859375
197.0 6.03125
198.0 4.3359375
199.0 4.1796875
200.0 4.4453125
201.0 4.5625
202.0 4.1171875
203.0 3.109375
204.0 5.234375
205.0 3.21875
206.0 3.8828125
207.0 3.3828125
208.0 3.0
209.0 2.5703125
210.0 3.0703125
211.0 3.90625
212.0 3.53125
213.0 3.28125
214.0 3.3125
215.0 3.2890625
216.0 3.1796875
217.0 3.4375
218.0 3.4921875
219.0 0.34375
220.0 0.0
221.0 1.71875
222.0 5.2734375
223.0 2.7578125
224.0 2.34375
225.0 2.3046875
226.0 0.453125
227.0 5.78125
228.0 3.828125
229.0 4.5625
230.0 4.875
231.0 4.9765625
232.0 4.609375
233.0 4.5390625
234.0 4.2421875
235.0 4.3359375
236.0 4.0390625
237.0 4.8984375
238.0 5.046875
239.0 3.40625
240.0 0.0
241.0 7.21875
242.0 5.4375
243.0 3.765625
244.0 3.90625
245.0 3.9375
246.0 3.6484375
247.0 4.0
248.0 4.59375
249.0 3.296875
250.0 6.171875
251.0 4.6484375
252.0 4.796875
253.0 5.078125
254.0 5.4296875
255.0 5.0546875
256.0 4.25
257.0 4.4453125
258.0 4.921875
259.0 4.9921875
260.0 4.9765625
261.0 3.40625
262.0 3.3515625
263.0 5.0234375
264.0 4.171875
265.0 0.0
266.0 9.421875
267.0 4.8671875
268.0 4.3359375
269.0 4.8046875
270.0 1.28125
271.0 9.390625
272.0 4.5703125
273.0 5.734375
274.0 4.9765625
275.0 3.9765625
276.0 4.578125
277.0 5.1640625
278.0 4.71875
279.0 4.84375
280.0 4.6015625
281.0 2.640625
282.0 4.234375
283.0 5.046875
284.0 5.0078125
285.0 4.921875
286.0 5.171875
287.0 2.5625
288.0 7.2265625
289.0 4.75
290.0 1.1640625
291.0 6.921875
292.0 4.3828125
293.0 3.109375
294.0 3.328125
295.0 4.6953125
296.0 4.46875
297.0 4.5390625
298.0 3.7578125
299.0 1.9375
300.0 2.7109375
301.0 3.96875
302.0 3.5625
303.0 2.671875
304.0 5.046875
305.0 5.5859375
306.0 3.4140625
307.0 3.609375
308.0 4.9296875
309.0 2.8984375
310.0 6.796875
311.0 5.3125
312.0 5.5
313.0 5.078125
314.0 5.453125
315.0 5.578125
316.0 5.6484375
317.0 5.8203125
318.0 5.78125
319.0 5.2578125
320.0 5.0546875
321.0 4.9765625
322.0 3.140625
323.0 7.875
324.0 4.90625
325.0 3.8203125
326.0 5.53125
327.0 5.9765625
328.0 4.8984375
329.0 1.609375
330.0 0.0
331.0 8.421875
332.0 5.3984375
333.0 5.2578125
334.0 4.6640625
335.0 2.65625
336.0 2.1328125
337.0 2.1796875
338.0 2.4921875
339.0 2.3984375
340.0 2.625
341.0 4.234375
342.0 1.765625
343.0 6.984375
344.0 3.078125
345.0 2.7265625
346.0 4.0859375
347.0 4.1484375
348.0 5.3828125
349.0 5.1953125
350.0 5.1328125
351.0 3.734375
352.0 2.4296875
353.0 0.46875
354.0 7.9296875
355.0 5.859375
356.0 6.3671875
357.0 5.2265625
358.0 4.2109375
359.0 1.1328125
360.0 8.5859375
361.0 2.6640625
362.0 6.984375
363.0 4.359375
364.0 1.765625
365.0 4.65625
366.0 5.0703125
367.0 5.765625
368.0 4.90625
369.0 3.90625
370.0 3.859375
371.0 4.0078125
372.0 4.328125
373.0 5.2265625
374.0 4.7578125
375.0 4.8671875
376.0 5.0546875
377.0 4.46875
378.0 5.75
379.0 5.46875
380.0 5.0703125
381.0 5.0078125
382.0 3.8046875
383.0 5.4375
384.0 5.0234375
385.0 5.421875
386.0 6.3515625
387.0 5.6640625
388.0 2.578125
389.0 0.0
390.0 5.1875
391.0 3.859375
392.0 5.0546875
393.0 4.390625
394.0 4.296875
395.0 0.25
396.0 7.1875
397.0 2.421875
398.0 3.578125
399.0 1.5546875
400.0 4.171875
401.0 4.8046875
402.0 4.8984375
403.0 5.015625
404.0 4.65625
405.0 4.8046875
406.0 2.96875
407.0 0.75
408.0 7.2265625
409.0 5.1953125
410.0 5.3671875
411.0 5.828125
412.0 5.6015625
413.0 4.0
414.0 4.2109375
415.0 3.859375
416.0 3.1328125
417.0 2.8046875
418.0 3.546875
419.0 4.28125
420.0 3.1484375
421.0 6.1875
422.0 4.5
423.0 4.5703125
424.0 5.109375
425.0 4.6484375
426.0 4.65625
427.0 4.8359375
428.0 5.25
429.0 5.1328125
430.0 5.453125
431.0 5.1875
432.0 4.75
433.0 4.5078125
434.0 4.53125
435.0 4.84375
436.0 2.359375
437.0 6.1171875
438.0 3.6953125
439.0 6.0859375
440.0 4.3046875
441.0 4.6953125
442.0 4.4296875
443.0 1.3125
444.0 8.5546875
445.0 4.2734375
446.0 3.40625
447.0 2.90625
448.0 2.7890625
449.0 2.6875
450.0 3.59375
451.0 5.234375
452.0 4.46875
453.0 4.1796875
454.0 5.234375
455.0 5.8203125
456.0 5.484375
457.0 4.7578125
458.0 4.984375
459.0 5.1875
460.0 5.140625
461.0 4.359375
462.0 4.65625
463.0 4.265625
464.0 4.46875
465.0 4.328125
466.0 3.96875
467.0 0.0
468.0 6.9921875
469.0 4.5390625
470.0 3.46875
471.0 2.359375
472.0 2.4609375
473.0 1.671875
474.0 0.0
475.0 8.40625
476.0 4.6953125
477.0 4.453125
478.0 5.375
479.0 5.171875
480.0 5.609375
481.0 4.2421875
482.0 4.6484375
483.0 0.90625
484.0 3.4921875
485.0 1.140625
486.0 2.84375
487.0 3.2578125
488.0 2.7734375
489.0 2.7109375
490.0 2.390625
491.0 4.0625
492.0 4.828125
493.0 5.1640625
494.0 4.7109375
495.0 4.7109375
496.0 4.4453125
497.0 4.8671875
498.0 4.3046875
499.0 5.671875
500.0 5.2734375
501.0 5.078125
502.0 5.4375
503.0 5.4296875
504.0 4.2109375
505.0 6.828125
506.0 4.3671875
507.0 5.53125
508.0 5.515625
509.0 5.7578125
510.0 5.734375
511.0 5.484375
512.0 5.4375
513.0 5.28125
514.0 4.4296875
515.0 4.8359375
516.0 4.9921875
517.0 5.3125
518.0 2.8359375
519.0 7.1796875
520.0 5.28125
521.0 5.0546875
522.0 4.875
523.0 4.1171875
524.0 2.015625
525.0 7.6015625
526.0 5.2890625
527.0 4.875
528.0 4.5625
529.0 4.546875
530.0 4.890625
531.0 4.578125
532.0 4.8359375
533.0 3.890625
534.0 1.9140625
535.0 0.90625
536.0 6.2265625
537.0 5.125
538.0 4.9296875
539.0 4.7578125
540.0 5.1328125
541.0 5.1328125
542.0 5.2265625
543.0 4.53125
544.0 3.765625
545.0 4.78125
546.0 5.3828125
547.0 3.953125
548.0 2.4140625
549.0 2.9609375
550.0 5.0078125
551.0 3.234375
552.0 2.0625
553.0 2.71875
554.0 3.046875
555.0 0.1796875
556.0 7.5234375
557.0 4.4140625
558.0 4.3515625
559.0 4.125
560.0 4.0
561.0 4.2421875
562.0 3.140625
563.0 3.921875
564.0 5.453125
565.0 5.6328125
566.0 5.0546875
567.0 4.8984375
568.0 2.1796875
569.0 8.1328125
570.0 3.953125
571.0 2.390625
572.0 3.0859375
573.0 1.65625
574.0 7.6015625
575.0 4.75
576.0 4.0
577.0 3.953125
578.0 4.546875
579.0 4.8359375
580.0 3.25
581.0 0.484375
582.0 0.0
583.0 4.859375
584.0 1.171875
585.0 3.4375
586.0 5.4375
587.0 5.5
588.0 5.4296875
589.0 5.34375
590.0 5.53125
591.0 5.1953125
592.0 5.015625
593.0 5.4296875
594.0 3.96875
595.0 1.953125
596.0 0.640625
597.0 0.0
598.0 6.1796875
599.0 1.171875
