0.0 9.3046875
1.0 9.3359375
2.0 9.4609375
3.0 9.59375
4.0 9.4765625
5.0 9.625
6.0 9.421875
7.0 9.0390625
8.0 9.8984375
9.0 9.375
10.0 9.6328125
11.0 9.6953125
12.0 9.875
13.0 9.8671875
14.0 9.6953125
15.0 9.7421875
16.0 9.65625
17.0 9.296875
18.0 9.703125
19.0 9.6875
20.0 9.15625
21.0 9.265625
22.0 9.5546875
23.0 9.703125
24.0 9.8125
25.0 9.8515625
26.0 9.8515625
27.0 9.515625
28.0 9.59375
29.0 9.4140625
30.0 10.4921875
31.0 9.71875
32.0 9.8203125
33.0 5.3125
34.0 13.9921875
35.0 9.640625
36.0 9.5234375
37.0 9.7578125
38.0 9.890625
39.0 9.71875
40.0 9.609375
41.0 9.59375
42.0 9.890625
43.0 9.5390625
44.0 9.2734375
45.0 9.609375
46.0 9.6953125
47.0 9.4140625
48.0 9.703125
49.0 9.4765625
50.0 5.15625
51.0 13.734375
52.0 9.34375
53.0 9.375
54.0 9.7265625
55.0 9.390625
56.0 9.421875
57.0 9.2109375
58.0 9.8125
59.0 9.4765625
60.0 9.6875
61.0 9.6015625
62.0 9.6015625
63.0 9.6640625
64.0 9.3671875
65.0 9.7890625
66.0 9.5078125
67.0 9.484375
68.0 7.1953125
69.0 11.9765625
70.0 9.6640625
71.0 9.59375
72.0 9.546875
73.0 9.71875
74.0 9.59375
75.0 10.1328125
76.0 9.390625
77.0 9.78125
78.0 9.5078125
79.0 9.8125
80.0 9.75
81.0 9.359375
82.0 9.71875
83.0 9.8046875
84.0 9.7578125
85.0 6.03125
86.0 13.3359375
87.0 9.484375
88.0 9.34375
89.0 9.4140625
90.0 9.640625
91.0 9.078125
92.0 9.953125
93.0 9.578125
94.0 9.84375
95.0 9.5546875
96.0 9.671875
97.0 9.453125
98.0 9.5546875
99.0 9.6640625
100.0 9.5703125
101.0 9.9921875
102.0 9.0
103.0 9.4765625
104.0 9.4140625
105.0 9.671875
106.0 9.8046875
107.0 9.546875
108.0 9.4609375
109.0 9.703125
110.0 8.8671875
111.0 9.5703125
112.0 9.6875
113.0 9.9921875
114.0 9.15625
115.0 9.4296875
116.0 9.671875
117.0 9.546875
118.0 9.71875
119.0 9.703125
120.0 9.28125
121.0 9.3046875
122.0 9.84375
123.0 9.671875
124.0 9.8203125
125.0 9.3984375
126.0 9.25
127.0 9.484375
128.0 9.21875
129.0 9.484375
130.0 9.1484375
131.0 9.421875
132.0 9.421875
133.0 9.609375
134.0 9.2734375
135.0 9.4921875
136.0 9.6875
137.0 9.2421875
138.0 9.5234375
139.0 9.2265625
140.0 9.71875
141.0 9.28125
142.0 9.65625
143.0 9.125
144.0 9.1796875
145.0 9.1796875
146.0 9.5390625
147.0 9.3984375
148.0 9.1875
149.0 9.1953125
150.0 9.1171875
151.0 9.1953125
152.0 9.1015625
153.0 8.8984375
154.0 5.4296875
155.0 12.53125
156.0 9.390625
157.0 8.9765625
158.0 9.390625
159.0 9.5078125
160.0 9.25
161.0 8.9453125
162.0 9.21875
163.0 9.4765625
164.0 9.375
165.0 9.3671875
166.0 9.09375
167.0 9.1484375
168.0 9.078125
169.0 9.3984375
170.0 8.96875
171.0 6.9609375
172.0 11.3125
173.0 9.15625
174.0 9.015625
175.0 8.765625
176.0 9.15625
177.0 8.5703125
178.0 8.5703125
179.0 8.8984375
180.0 8.8984375
181.0 9.046875
182.0 8.9140625
183.0 8.265625
184.0 8.765625
185.0 8.8046875
186.0 9.2734375
187.0 9.28125
188.0 9.421875
189.0 9.3125
190.0 9.3984375
191.0 9.421875
192.0 8.9453125
193.0 9.2265625
194.0 9.0625
195.0 9.21875
196.0 9.1875
197.0 9.359375
198.0 9.4296875
199.0 9.1640625
200.0 9.2421875
201.0 8.8359375
202.0 9.1875
203.0 9.25
204.0 8.8046875
205.0 8.71875
206.0 9.046875
207.0 9.03125
208.0 8.9765625
209.0 9.0
210.0 8.4765625
211.0 9.15625
212.0 9.09375
213.0 8.9765625
214.0 9.1640625
215.0 9.34375
216.0 9.3671875
217.0 9.2734375
218.0 9.21875
219.0 9.390625
220.0 9.5390625
221.0 9.4921875
222.0 9.5390625
223.0 9.2421875
224.0 8.9375
225.0 8.9453125
226.0 9.4453125
227.0 9.3671875
228.0 8.9453125
229.0 8.921875
230.0 9.28125
231.0 9.390625
232.0 9.2421875
233.0 9.046875
234.0 9.4296875
235.0 9.1640625
236.0 4.5078125
237.0 14.078125
238.0 8.8515625
239.0 9.1875
240.0 9.2421875
241.0 5.9921875
242.0 12.3984375
243.0 9.265625
244.0 9.1328125
245.0 9.4453125
246.0 9.1015625
247.0 9.6875
248.0 8.953125
249.0 9.59375
250.0 9.4609375
251.0 9.0703125
252.0 9.296875
253.0 9.4921875
254.0 8.0234375
255.0 10.46875
256.0 9.0703125
257.0 9.359375
258.0 9.390625
259.0 6.0390625
260.0 12.640625
261.0 9.703125
262.0 9.2109375
263.0 9.125
264.0 9.6015625
265.0 9.3125
266.0 9.1328125
267.0 9.0078125
268.0 9.8203125
269.0 9.515625
270.0 8.5546875
271.0 8.3515625
272.0 9.453125
273.0 9.375
274.0 9.1484375
275.0 9.2734375
276.0 9.5703125
277.0 8.8515625
278.0 9.15625
279.0 9.34375
280.0 9.328125
281.0 9.3125
282.0 9.3125
283.0 9.0078125
284.0 6.3046875
285.0 12.6640625
286.0 9.4765625
287.0 8.9765625
288.0 9.2734375
289.0 9.6953125
290.0 7.046875
291.0 9.015625
292.0 9.515625
293.0 9.328125
294.0 9.28125
295.0 9.3125
296.0 9.078125
297.0 9.453125
298.0 9.3046875
299.0 9.1953125
300.0 9.5703125
301.0 9.125
302.0 9.1328125
303.0 9.1875
304.0 9.59375
305.0 9.2421875
306.0 9.390625
307.0 9.21875
308.0 9.0
309.0 9.1484375
310.0 9.0703125
311.0 9.375
312.0 9.1328125
313.0 9.671875
314.0 9.609375
315.0 9.4296875
316.0 9.2265625
317.0 9.0
318.0 9.3359375
319.0 9.390625
320.0 9.6015625
321.0 9.0703125
322.0 9.5234375
323.0 6.703125
324.0 11.9765625
325.0 9.1328125
326.0 9.0703125
327.0 9.390625
328.0 9.5703125
329.0 9.25
330.0 9.5078125
331.0 9.421875
332.0 9.640625
333.0 9.4765625
334.0 9.703125
335.0 9.71875
336.0 9.59375
337.0 9.671875
338.0 9.9296875
339.0 9.6640625
340.0 9.5546875
341.0 9.84375
342.0 8.984375
343.0 9.046875
344.0 9.125
345.0 9.2734375
346.0 9.8359375
347.0 9.375
348.0 9.5546875
349.0 9.75
350.0 9.75
351.0 9.7578125
352.0 9.703125
353.0 9.4296875
354.0 5.515625
355.0 13.78125
356.0 9.5703125
357.0 9.78125
358.0 9.8203125
359.0 9.6328125
360.0 9.453125
361.0 8.8671875
362.0 9.65625
363.0 9.7421875
364.0 9.25
365.0 9.90625
366.0 9.7734375
367.0 6.265625
368.0 12.6328125
369.0 9.015625
370.0 9.7421875
371.0 9.328125
372.0 9.8046875
373.0 9.7265625
374.0 9.671875
375.0 9.703125
376.0 9.4296875
377.0 9.609375
378.0 9.5234375
379.0 9.8671875
380.0 9.6953125
381.0 9.4296875
382.0 9.5546875
383.0 9.5078125
384.0 9.6328125
385.0 9.6015625
386.0 9.84375
387.0 9.359375
388.0 9.8671875
389.0 9.359375
390.0 9.640625
391.0 9.7890625
392.0 9.7421875
393.0 9.7890625
394.0 10.0
395.0 9.3359375
396.0 8.7734375
397.0 8.7109375
398.0 9.5703125
399.0 9.7265625
400.0 9.5703125
401.0 9.6640625
402.0 9.875
403.0 9.8671875
404.0 9.8046875
405.0 9.7421875
406.0 9.9375
407.0 9.59375
408.0 9.7265625
409.0 9.65625
410.0 9.8359375
411.0 9.6953125
412.0 9.875
413.0 9.3984375
414.0 9.7578125
415.0 9.890625
416.0 9.6953125
417.0 9.75
418.0 10.03125
419.0 9.546875
420.0 9.4453125
421.0 9.609375
422.0 9.7890625
423.0 9.5390625
424.0 9.1953125
425.0 9.7421875
426.0 9.3984375
427.0 9.921875
428.0 9.640625
429.0 9.5546875
430.0 9.703125
431.0 9.625
432.0 9.9609375
433.0 9.6640625
434.0 9.71875
435.0 9.8359375
436.0 9.28125
437.0 9.984375
438.0 9.4453125
439.0 9.4296875
440.0 9.484375
441.0 9.71875
442.0 9.90625
443.0 9.578125
444.0 9.7421875
445.0 10.015625
446.0 9.296875
447.0 9.3046875
448.0 8.7734375
449.0 10.4296875
450.0 9.7734375
451.0 9.78125
452.0 9.6953125
453.0 9.7265625
454.0 9.9296875
455.0 9.609375
456.0 9.5078125
457.0 9.4609375
458.0 9.2109375
459.0 9.4296875
460.0 10.0
461.0 9.6328125
462.0 9.890625
463.0 9.8203125
464.0 9.671875
465.0 9.125
466.0 9.90625
467.0 9.4765625
468.0 10.0
469.0 9.515625
470.0 9.4765625
471.0 9.4453125
472.0 9.3671875
473.0 9.671875
474.0 9.7421875
475.0 9.1484375
476.0 6.3359375
477.0 12.796875
478.0 8.296875
479.0 8.96875
480.0 9.078125
481.0 9.484375
482.0 9.046875
483.0 9.3125
484.0 9.1796875
485.0 8.265625
486.0 9.5234375
487.0 8.7109375
488.0 8.9765625
489.0 7.6015625
490.0 10.921875
491.0 9.8125
492.0 9.4296875
493.0 5.515625
494.0 13.46875
495.0 9.4609375
496.0 9.0390625
497.0 9.4140625
498.0 9.1015625
499.0 9.34375
500.0 9.1484375
501.0 8.796875
502.0 9.375
503.0 9.0390625
504.0 9.0703125
505.0 9.09375
506.0 8.9765625
507.0 9.3359375
508.0 9.4765625
509.0 9.296875
510.0 9.1171875
511.0 8.96875
512.0 9.3125
513.0 9.1015625
514.0 9.390625
515.0 9.4296875
516.0 9.390625
517.0 8.890625
518.0 8.8203125
519.0 9.1484375
520.0 8.9453125
521.0 9.390625
522.0 9.1015625
523.0 9.3125
524.0 8.8203125
525.0 9.1796875
526.0 9.2109375
527.0 8.9140625
528.0 9.0625
529.0 9.359375
530.0 9.875
531.0 9.4765625
532.0 9.7265625
533.0 9.0625
534.0 9.09375
535.0 9.4140625
536.0 9.359375
537.0 9.375
538.0 8.859375
539.0 8.984375
540.0 8.734375
541.0 8.3125
542.0 8.5
543.0 8.8671875
544.0 8.96875
545.0 8.5
546.0 8.640625
547.0 8.4921875
548.0 8.8515625
549.0 8.8359375
550.0 9.1640625
551.0 9.2265625
552.0 9.1640625
553.0 9.375
554.0 9.1484375
555.0 9.1015625
556.0 9.03125
557.0 9.0390625
558.0 9.328125
559.0 9.1953125
560.0 9.1328125
561.0 8.9375
562.0 9.1328125
563.0 7.1328125
564.0 9.25
565.0 9.640625
566.0 9.453125
567.0 9.59375
568.0 9.1953125
569.0 4.0859375
570.0 14.3359375
571.0 9.1796875
572.0 9.3125
573.0 9.390625
574.0 9.15625
575.0 9.1640625
576.0 9.15625
577.0 9.046875
578.0 8.828125
579.0 8.6796875
580.0 8.9453125
581.0 8.96875
582.0 8.921875
583.0 8.921875
584.0 9.0078125
585.0 9.1015625
586.0 8.8515625
587.0 8.65625
588.0 9.0625
589.0 9.1796875
590.0 9.015625
591.0 8.9765625
592.0 9.0703125
593.0 6.953125
594.0 11.0390625
595.0 8.75
596.0 9.0625
597.0 8.9765625
598.0 7.84375
599.0 9.4140625
