0.0 1.8828125
1.0 2.0625
2.0 1.8203125
3.0 0.078125
4.0 0.0
5.0 6.2265625
6.0 2.0859375
7.0 2.0390625
8.0 1.9375
9.0 2.15625
10.0 2.0078125
11.0 2.15625
12.0 0.0625
13.0 0.03125
14.0 6.40625
15.0 2.0078125
16.0 2.21875
17.0 1.9765625
18.0 1.984375
19.0 2.015625
20.0 2.015625
21.0 2.25
22.0 2.1640625
23.0 1.8515625
24.0 1.734375
25.0 1.328125
26.0 0.0
27.0 0.0
28.0 4.8046875
29.0 1.265625
30.0 1.328125
31.0 0.78125
32.0 0.6328125
33.0 0.84375
34.0 0.609375
35.0 0.5703125
36.0 1.4375
37.0 1.234375
38.0 1.765625
39.0 1.359375
40.0 0.0
41.0 5.53125
42.0 2.3125
43.0 1.0859375
44.0 1.3515625
45.0 1.859375
46.0 1.7734375
47.0 2.640625
48.0 1.4921875
49.0 2.265625
50.0 1.953125
51.0 1.109375
52.0 1.953125
53.0 2.296875
54.0 0.390625
55.0 0.0
56.0 6.8046875
57.0 1.7421875
58.0 1.0234375
59.0 1.109375
60.0 1.3515625
61.0 1.2578125
62.0 0.0
63.0 0.0
64.0 6.3671875
65.0 2.296875
66.0 2.9921875
67.0 3.21875
68.0 3.96875
69.0 4.0625
70.0 4.1875
71.0 0.8828125
72.0 1.7421875
73.0 3.6796875
74.0 0.359375
75.0 3.0546875
76.0 4.1796875
77.0 0.5546875
78.0 7.9921875
79.0 3.96875
80.0 4.3046875
81.0 3.625
82.0 0.3125
83.0 7.3203125
84.0 4.0859375
85.0 3.515625
86.0 2.03125
87.0 3.296875
88.0 3.4453125
89.0 3.5
90.0 3.6953125
91.0 3.703125
92.0 3.515625
93.0 2.4140625
94.0 0.0
95.0 0.0
96.0 5.6328125
97.0 3.875
98.0 3.578125
99.0 2.6640625
100.0 0.0
101.0 0.0
102.0 5.9140625
103.0 4.28125
104.0 4.4140625
105.0 4.0703125
106.0 1.828125
107.0 0.453125
108.0 0.6171875
109.0 2.7890625
110.0 4.1171875
111.0 3.921875
112.0 2.3671875
113.0 3.4609375
114.0 0.0
115.0 6.5
116.0 0.25
117.0 0.140625
118.0 0.046875
119.0 0.0
120.0 0.0
121.0 1.109375
122.0 2.4140625
123.0 0.3046875
124.0 0.0
125.0 4.625
126.0 2.0078125
127.0 3.203125
128.0 0.6953125
129.0 3.7421875
130.0 0.21875
131.0 0.1953125
132.0 0.4921875
133.0 0.3984375
134.0 0.3125
135.0 0.2578125
136.0 2.8125
137.0 1.9453125
138.0 0.2109375
139.0 0.3125
140.0 0.4921875
141.0 0.546875
142.0 0.71875
143.0 0.359375
144.0 0.84375
145.0 1.7109375
146.0 0.3359375
147.0 0.2421875
148.0 0.1328125
149.0 1.71875
150.0 2.2421875
151.0 0.0
152.0 0.21875
153.0 0.9453125
154.0 8.828125
155.0 1.921875
156.0 1.0625
157.0 0.1640625
158.0 0.2890625
159.0 0.0703125
160.0 0.109375
161.0 0.015625
162.0 0.2734375
163.0 6.890625
164.0 1.953125
165.0 1.5390625
166.0 0.2421875
167.0 0.3671875
168.0 0.3671875
169.0 0.2421875
170.0 0.28125
171.0 0.71875
172.0 0.4921875
173.0 0.3125
174.0 0.2265625
175.0 0.8046875
176.0 0.84375
177.0 0.0390625
178.0 0.0703125
179.0 0.046875
180.0 6.1796875
181.0 0.7890625
182.0 0.1640625
183.0 3.96875
184.0 1.1953125
185.0 4.0
186.0 3.46875
187.0 0.421875
188.0 5.0078125
189.0 0.0625
190.0 0.046875
191.0 0.140625
192.0 0.046875
193.0 0.0390625
194.0 0.0
195.0 1.1171875
196.0 1.6171875
197.0 2.0859375
198.0 2.046875
199.0 0.703125
200.0 0.78125
201.0 1.5
202.0 1.859375
203.0 2.0
204.0 1.4140625
205.0 0.6328125
206.0 0.0
207.0 5.5859375
208.0 1.7578125
209.0 0.078125
210.0 0.40625
211.0 0.7890625
212.0 2.0078125
213.0 2.125
214.0 0.546875
215.0 0.3359375
216.0 0.3984375
217.0 0.578125
218.0 0.8125
219.0 0.2578125
220.0 0.140625
221.0 0.546875
222.0 0.5234375
223.0 0.3125
224.0 0.6875
225.0 0.0
226.0 0.1640625
227.0 0.1796875
228.0 0.046875
229.0 0.109375
230.0 0.0703125
231.0 0.0
232.0 0.0
233.0 0.0
234.0 0.0
235.0 0.0
236.0 0.0
237.0 0.0
238.0 0.0
239.0 0.0
240.0 0.0
241.0 0.0
242.0 0.0
243.0 0.0
244.0 0.0
245.0 0.0
246.0 0.0
247.0 0.0
248.0 0.0
249.0 0.0
250.0 0.0
251.0 0.1015625
252.0 4.5625
253.0 0.375
254.0 0.2890625
255.0 0.2109375
256.0 0.3359375
257.0 0.6171875
258.0 1.8203125
259.0 2.0859375
260.0 1.0625
261.0 0.6015625
262.0 0.875
263.0 0.34375
264.0 0.28125
265.0 0.703125
266.0 0.71875
267.0 0.6640625
268.0 0.40625
269.0 0.4609375
270.0 0.2421875
271.0 1.140625
272.0 0.0
273.0 0.5234375
274.0 6.75
275.0 0.2109375
276.0 0.078125
277.0 0.2578125
278.0 0.109375
279.0 0.0703125
280.0 0.0390625
281.0 0.1953125
282.0 0.078125
283.0 0.8828125
284.0 4.796875
285.0 0.2265625
286.0 0.1015625
287.0 0.046875
288.0 0.109375
289.0 1.03125
290.0 2.453125
291.0 1.234375
292.0 0.3046875
293.0 0.71875
294.0 0.2734375
295.0 0.484375
296.0 0.1875
297.0 0.421875
298.0 0.28125
299.0 0.328125
300.0 2.0
301.0 2.515625
302.0 0.8671875
303.0 0.6953125
304.0 0.734375
305.0 0.2890625
306.0 0.328125
307.0 0.046875
308.0 0.046875
309.0 0.015625
310.0 0.0703125
311.0 0.0625
312.0 0.0703125
313.0 0.046875
314.0 0.078125
315.0 0.0
316.0 6.40625
317.0 3.1484375
318.0 3.8203125
319.0 0.1953125
320.0 1.0
321.0 0.2421875
322.0 0.5390625
323.0 0.4296875
324.0 0.2890625
325.0 1.8046875
326.0 0.0
327.0 0.2265625
328.0 0.21875
329.0 0.6640625
330.0 4.234375
331.0 0.0703125
332.0 1.3828125
333.0 2.515625
334.0 1.859375
335.0 0.5859375
336.0 0.40625
337.0 0.4609375
338.0 0.578125
339.0 0.578125
340.0 0.671875
341.0 0.0
342.0 0.21875
343.0 0.0703125
344.0 4.1484375
345.0 2.953125
346.0 1.9140625
347.0 0.3046875
348.0 0.375
349.0 0.421875
350.0 0.46875
351.0 1.2578125
352.0 3.2265625
353.0 1.4765625
354.0 0.2265625
355.0 0.71875
356.0 3.0859375
357.0 3.90625
358.0 1.015625
359.0 0.5234375
360.0 0.90625
361.0 0.984375
362.0 0.5703125
363.0 0.2890625
364.0 0.640625
365.0 0.8515625
366.0 0.3359375
367.0 0.2265625
368.0 0.8046875
369.0 0.15625
370.0 1.171875
371.0 0.0
372.0 3.375
373.0 5.4375
374.0 3.8046875
375.0 3.84375
376.0 0.5234375
377.0 0.1875
378.0 0.125
379.0 0.8046875
380.0 0.8125
381.0 7.28125
382.0 3.46875
383.0 1.34375
384.0 0.0
385.0 0.7578125
386.0 4.203125
387.0 0.0078125
388.0 0.8671875
389.0 0.3359375
390.0 1.5859375
391.0 3.9375
392.0 1.1171875
393.0 2.1171875
394.0 3.515625
395.0 1.140625
396.0 0.34375
397.0 0.6015625
398.0 1.109375
399.0 3.7265625
400.0 2.1953125
401.0 4.6015625
402.0 0.140625
403.0 2.4296875
404.0 3.796875
405.0 2.1328125
406.0 2.2421875
407.0 3.6171875
408.0 2.9609375
409.0 1.59375
410.0 0.390625
411.0 0.4375
412.0 3.4453125
413.0 2.5078125
414.0 0.3046875
415.0 0.2578125
416.0 0.7890625
417.0 0.2109375
418.0 0.140625
419.0 0.0703125
420.0 0.0
421.0 0.0
422.0 5.2734375
423.0 0.1015625
424.0 0.25
425.0 0.359375
426.0 2.125
427.0 1.59375
428.0 0.40625
429.0 0.640625
430.0 0.40625
431.0 3.4375
432.0 1.4921875
433.0 0.2734375
434.0 0.4609375
435.0 0.90625
436.0 0.75
437.0 0.4296875
438.0 1.1640625
439.0 0.8515625
440.0 4.421875
441.0 2.984375
442.0 0.0
443.0 3.828125
444.0 0.0625
445.0 0.0625
446.0 1.5859375
447.0 2.7734375
448.0 2.9375
449.0 1.2890625
450.0 0.578125
451.0 0.6875
452.0 0.2578125
453.0 1.390625
454.0 3.5
455.0 0.5390625
456.0 0.4921875
457.0 0.75
458.0 1.5078125
459.0 3.90625
460.0 1.953125
461.0 0.3125
462.0 1.6484375
463.0 0.0
464.0 7.2734375
465.0 3.5546875
466.0 3.296875
467.0 0.328125
468.0 0.2109375
469.0 0.703125
470.0 1.1796875
471.0 0.0703125
472.0 4.1171875
473.0 0.0
474.0 1.359375
475.0 2.7734375
476.0 1.4140625
477.0 2.6015625
478.0 2.78125
479.0 0.5390625
480.0 4.78125
481.0 3.015625
482.0 2.4765625
483.0 0.40625
484.0 2.609375
485.0 2.6640625
486.0 0.6640625
487.0 0.671875
488.0 3.234375
489.0 2.7265625
490.0 3.8046875
491.0 1.34375
492.0 3.734375
493.0 3.703125
494.0 2.59375
495.0 0.2578125
496.0 0.2578125
497.0 1.1953125
498.0 0.3984375
499.0 0.375
500.0 1.5078125
501.0 0.0
502.0 1.8203125
503.0 8.2109375
504.0 2.6328125
505.0 1.4921875
506.0 3.234375
507.0 2.8515625
508.0 3.1484375
509.0 1.2890625
510.0 1.0859375
511.0 0.9609375
512.0 1.5703125
513.0 2.7265625
514.0 1.4921875
515.0 1.2265625
516.0 2.21875
517.0 1.046875
518.0 1.0234375
519.0 1.1328125
520.0 1.3203125
521.0 2.234375
522.0 0.9921875
523.0 2.0078125
524.0 2.1484375
525.0 0.0078125
526.0 0.0
527.0 0.0
528.0 2.0859375
529.0 10.796875
530.0 0.1015625
531.0 0.0
532.0 0.0
533.0 0.0
534.0 0.0
535.0 0.0
536.0 0.0
537.0 0.0
538.0 0.125
539.0 0.8203125
540.0 0.5234375
541.0 0.5859375
542.0 0.5859375
543.0 0.5859375
544.0 0.546875
545.0 0.8671875
546.0 0.734375
547.0 0.5859375
548.0 0.5859375
549.0 0.6171875
550.0 0.6015625
551.0 0.984375
552.0 1.03125
553.0 1.0
554.0 1.078125
555.0 1.0
556.0 1.2421875
557.0 1.109375
558.0 1.046875
559.0 0.8515625
560.0 0.9375
561.0 0.984375
562.0 0.9921875
563.0 0.9453125
564.0 0.390625
565.0 0.0
566.0 0.0
567.0 0.0
568.0 0.0
569.0 0.0
570.0 0.0
571.0 0.0
572.0 0.0
573.0 0.0
574.0 0.0
575.0 0.0
576.0 0.0
577.0 0.0
578.0 0.0
579.0 0.0
580.0 0.0
581.0 0.0
582.0 0.0
583.0 0.0
584.0 0.0
585.0 0.0
586.0 24.4296875
587.0 4.3046875
588.0 4.1015625
589.0 1.0546875
590.0 7.546875
591.0 3.9765625
592.0 3.734375
593.0 1.2265625
594.0 5.140625
595.0 1.4609375
596.0 2.21875
597.0 3.3515625
598.0 2.234375
599.0 2.3671875
