0.0 7.6015625
1.0 7.6640625
2.0 7.3984375
3.0 6.6640625
4.0 6.0546875
5.0 6.5390625
6.0 6.5859375
7.0 7.6328125
8.0 7.484375
9.0 7.421875
10.0 7.4921875
11.0 7.5234375
12.0 7.640625
13.0 7.15625
14.0 7.71875
15.0 7.4296875
16.0 7.6640625
17.0 7.90625
18.0 7.5390625
19.0 7.515625
20.0 7.984375
21.0 7.8125
22.0 7.09375
23.0 8.1484375
24.0 8.0234375
25.0 7.9609375
26.0 5.46875
27.0 9.875
28.0 8.109375
29.0 8.2734375
30.0 7.90625
31.0 8.1484375
32.0 8.171875
33.0 8.09375
34.0 8.140625
35.0 7.578125
36.0 8.234375
37.0 8.1328125
38.0 8.109375
39.0 8.09375
40.0 4.1875
41.0 11.7578125
42.0 8.4453125
43.0 8.1796875
44.0 3.140625
45.0 13.15625
46.0 7.5546875
47.0 7.5859375
48.0 8.3515625
49.0 8.3203125
50.0 8.1953125
51.0 8.1484375
52.0 7.84375
53.0 7.796875
54.0 4.78125
55.0 11.5390625
56.0 7.9296875
57.0 8.0
58.0 7.5234375
59.0 6.3515625
60.0 5.515625
61.0 6.171875
62.0 6.3828125
63.0 7.3671875
64.0 7.2578125
65.0 8.03125
66.0 8.5390625
67.0 8.203125
68.0 8.09375
69.0 8.2890625
70.0 8.234375
71.0 7.6875
72.0 8.1328125
73.0 8.3203125
74.0 8.09375
75.0 8.3125
76.0 8.03125
77.0 8.1171875
78.0 8.0234375
79.0 8.2734375
80.0 8.078125
81.0 8.34375
82.0 8.078125
83.0 7.6875
84.0 7.84375
85.0 7.8515625
86.0 7.8515625
87.0 7.765625
88.0 7.71875
89.0 7.5078125
90.0 4.46875
91.0 11.3125
92.0 7.578125
93.0 8.109375
94.0 4.28125
95.0 10.7890625
96.0 7.5546875
97.0 7.9921875
98.0 6.328125
99.0 6.59375
100.0 7.2578125
101.0 6.953125
102.0 7.1796875
103.0 7.28125
104.0 6.6015625
105.0 7.28125
106.0 7.40625
107.0 2.6875
108.0 9.7734375
109.0 6.2890625
110.0 7.765625
111.0 7.34375
112.0 5.234375
113.0 9.328125
114.0 7.6875
115.0 7.2421875
116.0 7.8828125
117.0 8.1796875
118.0 7.8984375
119.0 8.0234375
120.0 7.8203125
121.0 7.7265625
122.0 4.2421875
123.0 11.0859375
124.0 7.4921875
125.0 7.453125
126.0 7.734375
127.0 6.3671875
128.0 7.796875
129.0 7.4921875
130.0 8.1640625
131.0 7.5546875
132.0 7.546875
133.0 7.34375
134.0 7.015625
135.0 2.375
136.0 6.5625
137.0 10.5078125
138.0 7.7578125
139.0 7.9375
140.0 7.984375
141.0 5.21875
142.0 5.78125
143.0 7.375
144.0 7.7265625
145.0 7.2421875
146.0 7.515625
147.0 7.75
148.0 7.2734375
149.0 6.984375
150.0 3.4296875
151.0 10.8046875
152.0 7.09375
153.0 7.046875
154.0 6.9296875
155.0 6.65625
156.0 6.140625
157.0 2.0
158.0 10.6953125
159.0 5.9296875
160.0 6.0234375
161.0 5.5234375
162.0 8.0234375
163.0 6.9609375
164.0 7.5703125
165.0 7.71875
166.0 7.2890625
167.0 7.2109375
168.0 7.0078125
169.0 4.328125
170.0 10.25
171.0 7.546875
172.0 7.703125
173.0 7.984375
174.0 7.7578125
175.0 7.8828125
176.0 7.484375
177.0 7.3984375
178.0 4.59375
179.0 11.0078125
180.0 7.578125
181.0 7.8125
182.0 4.515625
183.0 11.28125
184.0 8.09375
185.0 6.296875
186.0 4.984375
187.0 8.0625
188.0 4.9453125
189.0 11.0859375
190.0 8.015625
191.0 7.6328125
192.0 7.8359375
193.0 7.9296875
194.0 8.0625
195.0 8.0546875
196.0 8.2265625
197.0 6.1171875
198.0 6.484375
199.0 7.3671875
200.0 5.484375
201.0 5.1015625
202.0 6.5546875
203.0 6.3046875
204.0 7.1015625
205.0 7.578125
206.0 7.6875
207.0 8.0625
208.0 7.78125
209.0 7.75
210.0 8.2421875
211.0 7.8515625
212.0 4.953125
213.0 9.3125
214.0 7.3046875
215.0 6.703125
216.0 6.8359375
217.0 6.8671875
218.0 7.3359375
219.0 7.09375
220.0 7.1015625
221.0 7.1328125
222.0 7.125
223.0 6.234375
224.0 8.265625
225.0 7.03125
226.0 6.453125
227.0 6.7421875
228.0 7.359375
229.0 3.0546875
230.0 10.4296875
231.0 7.609375
232.0 4.3359375
233.0 9.1640625
234.0 7.21875
235.0 7.3671875
236.0 7.609375
237.0 7.4609375
238.0 7.4921875
239.0 7.25
240.0 7.5546875
241.0 7.4296875
242.0 7.71875
243.0 7.140625
244.0 6.0859375
245.0 3.921875
246.0 5.9140625
247.0 6.3046875
248.0 7.5078125
249.0 7.40625
250.0 7.390625
251.0 7.375
252.0 7.03125
253.0 7.2578125
254.0 7.6171875
255.0 7.4921875
256.0 7.0703125
257.0 7.03125
258.0 7.15625
259.0 6.65625
260.0 7.3125
261.0 7.0703125
262.0 7.15625
263.0 7.734375
264.0 7.5390625
265.0 3.4765625
266.0 10.0546875
267.0 7.3359375
268.0 7.390625
269.0 7.46875
270.0 7.6640625
271.0 7.421875
272.0 7.40625
273.0 7.3046875
274.0 4.125
275.0 10.3984375
276.0 7.3203125
277.0 7.5859375
278.0 7.875
279.0 6.40625
280.0 6.2890625
281.0 7.5234375
282.0 7.78125
283.0 7.765625
284.0 8.2734375
285.0 7.96875
286.0 7.984375
287.0 8.203125
288.0 4.7109375
289.0 11.3828125
290.0 8.2109375
291.0 7.9453125
292.0 8.0
293.0 6.8359375
294.0 9.2421875
295.0 8.09375
296.0 7.9140625
297.0 8.234375
298.0 7.96875
299.0 8.03125
300.0 8.171875
301.0 7.9296875
302.0 8.3125
303.0 8.1953125
304.0 8.1796875
305.0 7.96875
306.0 3.7109375
307.0 9.7265625
308.0 4.6640625
309.0 3.9921875
310.0 1.34375
311.0 0.0
312.0 5.34375
313.0 3.96875
314.0 4.578125
315.0 4.859375
316.0 4.09375
317.0 3.7578125
318.0 4.21875
319.0 5.234375
320.0 6.0390625
321.0 7.875
322.0 8.015625
323.0 6.6171875
324.0 5.9375
325.0 1.8359375
326.0 10.0546875
327.0 7.2265625
328.0 7.390625
329.0 6.8984375
330.0 2.4140625
331.0 7.984375
332.0 3.0234375
333.0 5.0078125
334.0 5.875
335.0 5.6328125
336.0 7.9609375
337.0 6.421875
338.0 5.78125
339.0 2.90625
340.0 12.2578125
341.0 7.21875
342.0 5.6171875
343.0 3.640625
344.0 8.8046875
345.0 8.203125
346.0 8.078125
347.0 8.046875
348.0 8.359375
349.0 8.171875
350.0 7.765625
351.0 8.1953125
352.0 8.421875
353.0 7.984375
354.0 8.296875
355.0 8.203125
356.0 7.0078125
357.0 7.7578125
358.0 7.9140625
359.0 7.765625
360.0 7.90625
361.0 8.0
362.0 6.75
363.0 9.125
364.0 7.96875
365.0 6.9296875
366.0 2.3046875
367.0 8.75
368.0 8.09375
369.0 7.4375
370.0 7.6953125
371.0 7.875
372.0 7.8515625
373.0 7.875
374.0 8.2265625
375.0 7.8125
376.0 7.875
377.0 7.4921875
378.0 6.8984375
379.0 2.0625
380.0 6.7421875
381.0 7.734375
382.0 7.3125
383.0 7.1875
384.0 7.5390625
385.0 7.1796875
386.0 7.6171875
387.0 7.765625
388.0 7.9296875
389.0 7.7265625
390.0 7.8515625
391.0 7.640625
392.0 7.7578125
393.0 7.71875
394.0 8.0625
395.0 7.5859375
396.0 6.109375
397.0 9.1328125
398.0 7.140625
399.0 4.0859375
400.0 10.203125
401.0 5.84375
402.0 4.8984375
403.0 7.84375
404.0 5.9296875
405.0 4.453125
406.0 4.4453125
407.0 5.28125
408.0 8.015625
409.0 7.96875
410.0 7.984375
411.0 7.78125
412.0 7.9921875
413.0 8.296875
414.0 7.84375
415.0 7.7265625
416.0 7.7265625
417.0 8.3828125
418.0 7.71875
419.0 8.0859375
420.0 8.0
421.0 8.0
422.0 8.3203125
423.0 8.2421875
424.0 8.5390625
425.0 8.2109375
426.0 4.9921875
427.0 11.484375
428.0 8.2890625
429.0 8.3515625
430.0 8.078125
431.0 8.140625
432.0 7.8359375
433.0 8.2109375
434.0 8.015625
435.0 8.078125
436.0 4.625
437.0 10.7421875
438.0 7.3359375
439.0 7.5234375
440.0 7.2109375
441.0 7.703125
442.0 8.1796875
443.0 7.9609375
444.0 7.359375
445.0 7.6328125
446.0 7.8984375
447.0 7.46875
448.0 7.734375
449.0 7.4921875
450.0 4.3984375
451.0 8.34375
452.0 7.1328125
453.0 7.0703125
454.0 7.078125
455.0 3.015625
456.0 11.5703125
457.0 6.828125
458.0 7.03125
459.0 6.9609375
460.0 7.6015625
461.0 6.46875
462.0 4.7265625
463.0 5.0546875
464.0 4.546875
465.0 4.578125
466.0 4.9453125
467.0 6.0859375
468.0 7.2109375
469.0 5.40625
470.0 4.609375
471.0 6.2109375
472.0 6.828125
473.0 7.09375
474.0 7.1953125
475.0 5.0234375
476.0 8.0546875
477.0 7.4375
478.0 6.625
479.0 6.828125
480.0 7.2421875
481.0 6.9453125
482.0 7.765625
483.0 7.515625
484.0 6.4453125
485.0 7.421875
486.0 7.6875
487.0 7.5703125
488.0 7.390625
489.0 7.734375
490.0 7.5390625
491.0 7.2109375
492.0 7.1796875
493.0 4.4765625
494.0 8.6015625
495.0 5.6953125
496.0 6.3359375
497.0 6.859375
498.0 7.046875
499.0 7.046875
500.0 7.8125
501.0 6.8046875
502.0 4.953125
503.0 10.90625
504.0 7.7265625
505.0 7.671875
506.0 8.09375
507.0 7.9609375
508.0 7.7890625
509.0 8.0
510.0 6.859375
511.0 6.953125
512.0 4.8125
513.0 4.9609375
514.0 6.9296875
515.0 7.359375
516.0 7.2734375
517.0 2.75
518.0 12.3046875
519.0 6.6875
520.0 1.7890625
521.0 10.375
522.0 7.3125
523.0 7.71875
524.0 7.8203125
525.0 7.3203125
526.0 7.34375
527.0 7.640625
528.0 7.375
529.0 7.65625
530.0 7.5546875
531.0 7.8515625
532.0 7.84375
533.0 7.5390625
534.0 7.6171875
535.0 6.9921875
536.0 1.984375
537.0 0.0
538.0 6.1171875
539.0 7.109375
540.0 7.0078125
541.0 6.765625
542.0 6.8828125
543.0 5.9765625
544.0 5.8125
545.0 6.515625
546.0 6.1484375
547.0 6.46875
548.0 7.015625
549.0 7.015625
550.0 6.171875
551.0 8.8046875
552.0 5.6953125
553.0 6.0390625
554.0 5.7578125
555.0 4.6953125
556.0 6.9140625
557.0 6.5625
558.0 6.703125
559.0 6.15625
560.0 4.78125
561.0 6.6640625
562.0 6.46875
563.0 6.6015625
564.0 3.7734375
565.0 9.78125
566.0 7.109375
567.0 6.5390625
568.0 5.46875
569.0 6.2109375
570.0 5.9296875
571.0 5.8515625
572.0 6.3515625
573.0 7.515625
574.0 6.890625
575.0 7.2109375
576.0 7.1015625
577.0 5.8515625
578.0 2.7109375
579.0 8.984375
580.0 6.40625
581.0 7.46875
582.0 6.9453125
583.0 6.15625
584.0 7.4609375
585.0 6.859375
586.0 6.75
587.0 6.4140625
588.0 6.5859375
589.0 6.734375
590.0 7.40625
591.0 7.6953125
592.0 7.28125
593.0 6.421875
594.0 6.3828125
595.0 6.2421875
596.0 6.9921875
597.0 6.9765625
598.0 7.640625
599.0 7.3359375
