0.0 8.078125
1.0 7.9296875
2.0 8.046875
3.0 8.109375
4.0 8.0
5.0 8.046875
6.0 8.359375
7.0 8.046875
8.0 7.9140625
9.0 8.09375
10.0 8.171875
11.0 8.1953125
12.0 8.1171875
13.0 8.1640625
14.0 3.5234375
15.0 12.21875
16.0 8.234375
17.0 8.078125
18.0 8.171875
19.0 7.84375
20.0 8.03125
21.0 7.9140625
22.0 6.9921875
23.0 8.796875
24.0 8.0625
25.0 8.265625
26.0 8.1640625
27.0 7.703125
28.0 8.2890625
29.0 8.109375
30.0 8.234375
31.0 7.703125
32.0 7.9140625
33.0 8.09375
34.0 7.4296875
35.0 7.8671875
36.0 8.34375
37.0 8.0625
38.0 7.703125
39.0 7.734375
40.0 7.6640625
41.0 8.1953125
42.0 7.96875
43.0 8.046875
44.0 7.9140625
45.0 8.0
46.0 8.1484375
47.0 7.8984375
48.0 7.9296875
49.0 7.9453125
50.0 7.8203125
51.0 7.96875
52.0 8.375
53.0 7.9609375
54.0 8.0234375
55.0 7.8515625
56.0 7.703125
57.0 4.1328125
58.0 11.875
59.0 7.90625
60.0 8.03125
61.0 7.7578125
62.0 8.171875
63.0 7.9609375
64.0 8.1328125
65.0 8.2890625
66.0 7.9921875
67.0 8.2890625
68.0 7.875
69.0 8.40625
70.0 7.90625
71.0 7.9921875
72.0 8.078125
73.0 8.1328125
74.0 8.078125
75.0 4.9609375
76.0 10.28125
77.0 8.7421875
78.0 7.984375
79.0 8.0
80.0 8.265625
81.0 7.8359375
82.0 8.046875
83.0 7.7265625
84.0 7.9140625
85.0 7.75
86.0 6.8359375
87.0 9.015625
88.0 7.9140625
89.0 7.7890625
90.0 7.1328125
91.0 8.6171875
92.0 7.9921875
93.0 8.1171875
94.0 7.984375
95.0 8.03125
96.0 7.9453125
97.0 8.015625
98.0 8.0
99.0 8.0
100.0 7.578125
101.0 7.9296875
102.0 7.9375
103.0 7.8828125
104.0 7.7890625
105.0 7.8984375
106.0 7.0625
107.0 8.328125
108.0 7.8671875
109.0 7.484375
110.0 7.8125
111.0 7.6640625
112.0 7.671875
113.0 7.5703125
114.0 7.1015625
115.0 8.671875
116.0 7.96875
117.0 7.9375
118.0 8.109375
119.0 8.1328125
120.0 6.9453125
121.0 8.5625
122.0 7.78125
123.0 8.1640625
124.0 7.7265625
125.0 8.03125
126.0 7.7890625
127.0 8.015625
128.0 7.6875
129.0 7.875
130.0 7.8671875
131.0 8.2421875
132.0 7.15625
133.0 8.7109375
134.0 8.0
135.0 7.96875
136.0 7.359375
137.0 9.046875
138.0 8.015625
139.0 8.2890625
140.0 7.9375
141.0 8.234375
142.0 7.96875
143.0 8.109375
144.0 7.5078125
145.0 7.84375
146.0 7.765625
147.0 7.9453125
148.0 7.734375
149.0 7.75
150.0 8.0
151.0 4.1484375
152.0 11.6015625
153.0 7.9140625
154.0 7.8359375
155.0 3.2890625
156.0 12.7421875
157.0 8.2265625
158.0 8.046875
159.0 8.0546875
160.0 7.71875
161.0 7.8125
162.0 7.875
163.0 8.0625
164.0 7.8984375
165.0 7.9609375
166.0 7.71875
167.0 7.609375
168.0 7.28125
169.0 8.4609375
170.0 7.765625
171.0 7.90625
172.0 8.015625
173.0 7.9375
174.0 7.8984375
175.0 7.8515625
176.0 7.75
177.0 8.0
178.0 7.984375
179.0 8.234375
180.0 7.8671875
181.0 8.375
182.0 8.1953125
183.0 2.7265625
184.0 13.328125
185.0 7.9140625
186.0 8.1953125
187.0 8.046875
188.0 8.234375
189.0 8.4453125
190.0 8.09375
191.0 8.03125
192.0 8.34375
193.0 8.0625
194.0 7.3125
195.0 8.984375
196.0 7.2890625
197.0 8.625
198.0 7.8359375
199.0 8.171875
200.0 8.1171875
201.0 8.015625
202.0 8.015625
203.0 8.015625
204.0 7.875
205.0 8.2109375
206.0 8.140625
207.0 8.078125
208.0 8.03125
209.0 8.0859375
210.0 8.2265625
211.0 4.359375
212.0 11.7265625
213.0 7.6015625
214.0 6.9453125
215.0 9.1640625
216.0 8.2109375
217.0 7.765625
218.0 7.8203125
219.0 7.6875
220.0 7.9375
221.0 8.2265625
222.0 7.96875
223.0 7.84375
224.0 7.9609375
225.0 8.203125
226.0 7.25
227.0 8.7109375
228.0 7.375
229.0 8.9375
230.0 8.03125
231.0 8.234375
232.0 8.2734375
233.0 7.8515625
234.0 8.015625
235.0 8.1328125
236.0 7.1953125
237.0 8.0
238.0 7.03125
239.0 8.09375
240.0 7.671875
241.0 7.5234375
242.0 7.578125
243.0 7.8828125
244.0 8.0546875
245.0 8.0546875
246.0 7.875
247.0 8.1328125
248.0 8.34375
249.0 7.75
250.0 8.0625
251.0 7.9296875
252.0 7.9453125
253.0 4.453125
254.0 11.03125
255.0 7.96875
256.0 8.1796875
257.0 7.7578125
258.0 8.0
259.0 7.8359375
260.0 7.5703125
261.0 7.6640625
262.0 7.4609375
263.0 7.546875
264.0 7.7890625
265.0 7.28125
266.0 8.2109375
267.0 7.640625
268.0 7.375
269.0 7.078125
270.0 2.640625
271.0 11.6640625
272.0 6.859375
273.0 7.1875
274.0 7.5703125
275.0 7.6328125
276.0 7.5390625
277.0 7.578125
278.0 7.796875
279.0 7.796875
280.0 7.9140625
281.0 6.125
282.0 7.9453125
283.0 8.015625
284.0 8.078125
285.0 8.2109375
286.0 8.046875
287.0 8.34375
288.0 7.46875
289.0 8.734375
290.0 8.140625
291.0 8.1484375
292.0 8.109375
293.0 8.2109375
294.0 8.078125
295.0 7.984375
296.0 8.140625
297.0 8.078125
298.0 8.265625
299.0 7.984375
300.0 7.390625
301.0 8.5859375
302.0 8.03125
303.0 7.8671875
304.0 8.171875
305.0 7.5546875
306.0 8.0234375
307.0 7.90625
308.0 7.2265625
309.0 8.6796875
310.0 8.03125
311.0 7.71875
312.0 7.8203125
313.0 7.875
314.0 7.875
315.0 8.046875
316.0 7.9921875
317.0 7.8515625
318.0 8.0625
319.0 7.7265625
320.0 7.796875
321.0 7.7265625
322.0 5.8828125
323.0 9.8125
324.0 7.8671875
325.0 8.0546875
326.0 6.9609375
327.0 8.421875
328.0 7.90625
329.0 7.8515625
330.0 8.0546875
331.0 7.90625
332.0 7.9609375
333.0 7.75
334.0 7.2109375
335.0 8.5390625
336.0 7.40625
337.0 8.7421875
338.0 7.734375
339.0 8.265625
340.0 7.9296875
341.0 7.9609375
342.0 8.03125
343.0 8.1640625
344.0 7.9296875
345.0 7.8515625
346.0 8.0859375
347.0 8.0859375
348.0 8.0
349.0 8.234375
350.0 4.6796875
351.0 10.8828125
352.0 8.3828125
353.0 8.2890625
354.0 8.1640625
355.0 8.1796875
356.0 8.1171875
357.0 8.1640625
358.0 8.046875
359.0 7.984375
360.0 8.328125
361.0 8.1328125
362.0 3.890625
363.0 12.0859375
364.0 7.9921875
365.0 8.140625
366.0 7.984375
367.0 8.046875
368.0 7.9296875
369.0 7.96875
370.0 7.875
371.0 6.0390625
372.0 10.2265625
373.0 7.9140625
374.0 8.0234375
375.0 8.078125
376.0 8.078125
377.0 7.9609375
378.0 7.9140625
379.0 7.8984375
380.0 7.46875
381.0 8.7421875
382.0 8.0
383.0 7.5546875
384.0 7.78125
385.0 7.9296875
386.0 7.546875
387.0 8.5
388.0 8.1796875
389.0 8.1640625
390.0 7.671875
391.0 7.8203125
392.0 8.2734375
393.0 7.90625
394.0 8.0859375
395.0 8.1171875
396.0 8.1796875
397.0 8.328125
398.0 7.984375
399.0 7.9921875
400.0 5.703125
401.0 10.46875
402.0 8.0234375
403.0 8.234375
404.0 8.1484375
405.0 4.8671875
406.0 11.3671875
407.0 7.9140625
408.0 7.578125
409.0 8.8359375
410.0 8.140625
411.0 8.234375
412.0 7.9140625
413.0 8.2265625
414.0 8.171875
415.0 8.09375
416.0 8.1796875
417.0 7.9140625
418.0 8.1484375
419.0 8.4765625
420.0 7.4609375
421.0 8.703125
422.0 7.40625
423.0 8.6015625
424.0 8.1484375
425.0 8.140625
426.0 7.96875
427.0 7.90625
428.0 7.7890625
429.0 8.203125
430.0 7.4296875
431.0 8.4375
432.0 8.078125
433.0 7.8984375
434.0 7.9296875
435.0 8.046875
436.0 7.2890625
437.0 8.6484375
438.0 7.75
439.0 8.359375
440.0 7.90625
441.0 8.046875
442.0 8.0625
443.0 8.1640625
444.0 7.9375
445.0 8.34375
446.0 8.1328125
447.0 8.1484375
448.0 8.1484375
449.0 7.9453125
450.0 8.0
451.0 3.578125
452.0 12.6796875
453.0 8.1171875
454.0 7.984375
455.0 8.3125
456.0 8.0546875
457.0 7.8125
458.0 8.0859375
459.0 8.2421875
460.0 8.0546875
461.0 8.296875
462.0 8.140625
463.0 7.796875
464.0 7.4375
465.0 7.796875
466.0 7.7265625
467.0 7.7265625
468.0 7.8671875
469.0 8.1484375
470.0 8.0859375
471.0 7.5234375
472.0 8.8359375
473.0 7.9609375
474.0 8.078125
475.0 7.8203125
476.0 6.1875
477.0 9.8359375
478.0 7.8984375
479.0 7.9609375
480.0 8.1328125
481.0 7.875
482.0 7.7890625
483.0 7.71875
484.0 7.9375
485.0 8.0
486.0 8.0234375
487.0 7.90625
488.0 7.84375
489.0 6.2578125
490.0 9.2734375
491.0 8.03125
492.0 8.0859375
493.0 8.3515625
494.0 7.8203125
495.0 8.34375
496.0 8.1328125
497.0 7.8984375
498.0 8.140625
499.0 8.203125
500.0 8.3203125
501.0 8.0859375
502.0 8.015625
503.0 7.6640625
504.0 7.6875
505.0 7.9140625
506.0 8.03125
507.0 8.1484375
508.0 8.109375
509.0 8.015625
510.0 7.7265625
511.0 8.359375
512.0 7.9609375
513.0 8.171875
514.0 7.2734375
515.0 7.8984375
516.0 8.1796875
517.0 8.7109375
518.0 8.0546875
519.0 8.09375
520.0 8.0546875
521.0 7.9296875
522.0 7.578125
523.0 8.4140625
524.0 7.6875
525.0 8.6015625
526.0 7.7578125
527.0 7.7890625
528.0 8.203125
529.0 7.84375
530.0 7.78125
531.0 7.765625
532.0 7.765625
533.0 7.8828125
534.0 8.3125
535.0 8.0546875
536.0 7.7578125
537.0 7.9375
538.0 8.1484375
539.0 5.421875
540.0 10.671875
541.0 7.8203125
542.0 7.90625
543.0 8.2265625
544.0 7.28125
545.0 8.7890625
546.0 8.2890625
547.0 8.1484375
548.0 8.3515625
549.0 7.78125
550.0 7.9375
551.0 8.2734375
552.0 7.9453125
553.0 8.140625
554.0 7.46875
555.0 8.6875
556.0 7.640625
557.0 8.5859375
558.0 8.0859375
559.0 8.171875
560.0 8.1328125
561.0 8.3125
562.0 7.796875
563.0 7.9921875
564.0 7.8515625
565.0 8.1796875
566.0 8.1484375
567.0 8.3203125
568.0 8.3828125
569.0 8.03125
570.0 8.2578125
571.0 8.1796875
572.0 8.1328125
573.0 8.0
574.0 7.8515625
575.0 8.140625
576.0 8.046875
577.0 7.734375
578.0 7.9453125
579.0 7.90625
580.0 8.0234375
581.0 8.1640625
582.0 7.578125
583.0 8.140625
584.0 8.03125
585.0 7.8984375
586.0 8.09375
587.0 7.78125
588.0 7.484375
589.0 7.4375
590.0 7.4921875
591.0 7.7890625
592.0 7.71875
593.0 7.5390625
594.0 7.90625
595.0 7.484375
596.0 7.3984375
597.0 7.640625
598.0 7.2421875
599.0 2.78125
