0.0 4.03125
1.0 5.8828125
2.0 7.3984375
3.0 7.2265625
4.0 7.40625
5.0 7.21875
6.0 7.34375
7.0 7.3046875
8.0 7.046875
9.0 7.2734375
10.0 7.2109375
11.0 6.859375
12.0 6.0234375
13.0 4.1171875
14.0 4.84375
15.0 6.9921875
16.0 7.1953125
17.0 7.4609375
18.0 6.984375
19.0 7.4609375
20.0 7.7578125
21.0 7.609375
22.0 7.359375
23.0 6.3515625
24.0 6.2578125
25.0 5.671875
26.0 7.1875
27.0 7.40625
28.0 7.2421875
29.0 7.078125
30.0 6.859375
31.0 4.6953125
32.0 6.8046875
33.0 4.8984375
34.0 5.7109375
35.0 4.0546875
36.0 2.890625
37.0 3.3125
38.0 4.7265625
39.0 4.09375
40.0 3.53125
41.0 1.828125
42.0 4.796875
43.0 2.65625
44.0 2.1015625
45.0 3.8515625
46.0 2.4921875
47.0 1.5390625
48.0 2.921875
49.0 1.46875
50.0 0.0
51.0 0.0
52.0 5.734375
53.0 2.8046875
54.0 6.6875
55.0 6.625
56.0 6.984375
57.0 6.984375
58.0 6.46875
59.0 6.703125
60.0 7.15625
61.0 7.1640625
62.0 7.21875
63.0 7.3671875
64.0 7.3984375
65.0 6.9765625
66.0 6.2265625
67.0 6.8359375
68.0 7.03125
69.0 7.3046875
70.0 7.3125
71.0 4.71875
72.0 9.640625
73.0 7.09375
74.0 7.34375
75.0 6.828125
76.0 7.5546875
77.0 7.3984375
78.0 7.390625
79.0 7.453125
80.0 7.421875
81.0 6.09375
82.0 9.1875
83.0 7.84375
84.0 8.078125
85.0 7.390625
86.0 7.2578125
87.0 7.34375
88.0 7.5078125
89.0 7.4921875
90.0 6.84375
91.0 7.3125
92.0 5.609375
93.0 4.59375
94.0 3.671875
95.0 2.9296875
96.0 3.1953125
97.0 5.4609375
98.0 3.5234375
99.0 4.3203125
100.0 5.7265625
101.0 5.859375
102.0 4.546875
103.0 5.3046875
104.0 3.0546875
105.0 2.546875
106.0 3.234375
107.0 3.1640625
108.0 1.8828125
109.0 4.2421875
110.0 6.453125
111.0 6.3203125
112.0 5.1015625
113.0 5.53125
114.0 3.1953125
115.0 3.640625
116.0 6.0078125
117.0 7.21875
118.0 7.359375
119.0 7.109375
120.0 7.6328125
121.0 7.1875
122.0 6.734375
123.0 6.40625
124.0 5.3671875
125.0 6.6015625
126.0 6.6640625
127.0 6.234375
128.0 5.5234375
129.0 6.4453125
130.0 6.9921875
131.0 6.4765625
132.0 6.7109375
133.0 6.9765625
134.0 6.984375
135.0 7.2109375
136.0 7.5390625
137.0 7.2421875
138.0 7.609375
139.0 7.453125
140.0 7.25
141.0 6.8828125
142.0 6.421875
143.0 6.59375
144.0 6.6640625
145.0 7.2265625
146.0 6.8984375
147.0 6.5546875
148.0 6.6328125
149.0 2.328125
150.0 11.6953125
151.0 6.625
152.0 6.7734375
153.0 6.9921875
154.0 4.0
155.0 10.921875
156.0 7.6640625
157.0 7.2734375
158.0 7.109375
159.0 6.6484375
160.0 6.9296875
161.0 7.078125
162.0 7.21875
163.0 7.0703125
164.0 6.9140625
165.0 7.046875
166.0 7.28125
167.0 7.0078125
168.0 1.34375
169.0 12.640625
170.0 7.8125
171.0 7.25
172.0 2.015625
173.0 11.9765625
174.0 7.2265625
175.0 6.5078125
176.0 7.25
177.0 7.5703125
178.0 7.6328125
179.0 7.015625
180.0 6.7734375
181.0 7.3359375
182.0 7.125
183.0 6.984375
184.0 7.40625
185.0 7.6640625
186.0 7.5703125
187.0 7.484375
188.0 6.9921875
189.0 7.1640625
190.0 7.4609375
191.0 7.2734375
192.0 7.515625
193.0 8.203125
194.0 7.578125
195.0 7.4375
196.0 6.4765625
197.0 8.1796875
198.0 7.4921875
199.0 7.9609375
200.0 7.875
201.0 7.609375
202.0 7.8203125
203.0 7.6953125
204.0 3.4296875
205.0 11.859375
206.0 7.6875
207.0 7.46875
208.0 7.484375
209.0 7.1953125
210.0 7.2265625
211.0 7.3671875
212.0 7.1015625
213.0 4.46875
214.0 6.0390625
215.0 6.625
216.0 7.09375
217.0 6.7734375
218.0 7.484375
219.0 7.0625
220.0 6.9921875
221.0 6.9140625
222.0 6.0
223.0 1.8515625
224.0 6.84375
225.0 4.1171875
226.0 5.0078125
227.0 5.9765625
228.0 7.1953125
229.0 7.7890625
230.0 7.4609375
231.0 7.5234375
232.0 4.7734375
233.0 5.9765625
234.0 5.8515625
235.0 4.890625
236.0 4.7734375
237.0 4.53125
238.0 6.0078125
239.0 7.0078125
240.0 7.03125
241.0 6.734375
242.0 5.9765625
243.0 5.9453125
244.0 6.6640625
245.0 1.6875
246.0 9.7734375
247.0 7.3984375
248.0 6.6484375
249.0 7.5859375
250.0 7.2265625
251.0 5.015625
252.0 6.265625
253.0 5.34375
254.0 5.15625
255.0 6.2265625
256.0 7.4609375
257.0 6.9296875
258.0 5.9765625
259.0 6.0546875
260.0 6.8359375
261.0 6.03125
262.0 6.8125
263.0 3.7421875
264.0 8.671875
265.0 4.3515625
266.0 6.5078125
267.0 6.7734375
268.0 2.75
269.0 12.203125
270.0 5.53125
271.0 6.5546875
272.0 7.15625
273.0 7.3359375
274.0 7.0078125
275.0 6.9765625
276.0 6.328125
277.0 7.21875
278.0 7.3671875
279.0 7.5703125
280.0 6.40625
281.0 1.1171875
282.0 11.2734375
283.0 3.5234375
284.0 3.625
285.0 1.9375
286.0 0.0
287.0 9.078125
288.0 5.5625
289.0 4.6640625
290.0 7.0390625
291.0 7.5390625
292.0 7.578125
293.0 7.5703125
294.0 7.8515625
295.0 7.6328125
296.0 7.5390625
297.0 7.90625
298.0 7.5234375
299.0 7.8671875
300.0 7.4921875
301.0 7.5859375
302.0 7.8125
303.0 7.6015625
304.0 7.6328125
305.0 2.84375
306.0 11.8671875
307.0 3.7890625
308.0 0.0
309.0 0.0
310.0 5.0078125
311.0 5.140625
312.0 5.734375
313.0 1.8359375
314.0 1.109375
315.0 1.0234375
316.0 3.40625
317.0 7.375
318.0 8.1484375
319.0 5.3828125
320.0 5.734375
321.0 6.6875
322.0 7.1953125
323.0 7.15625
324.0 7.078125
325.0 6.9609375
326.0 6.8828125
327.0 7.2734375
328.0 7.1953125
329.0 4.7578125
330.0 8.4609375
331.0 3.9375
332.0 4.1875
333.0 6.515625
334.0 6.734375
335.0 6.734375
336.0 5.484375
337.0 2.8671875
338.0 0.0
339.0 0.0
340.0 0.0
341.0 0.0
342.0 0.0
343.0 5.9609375
344.0 4.875
345.0 7.765625
346.0 7.3671875
347.0 7.5234375
348.0 7.5859375
349.0 7.375
350.0 7.46875
351.0 7.75
352.0 7.2578125
353.0 7.6015625
354.0 7.6328125
355.0 7.7890625
356.0 7.3671875
357.0 7.6171875
358.0 5.7265625
359.0 5.4296875
360.0 7.3203125
361.0 7.6015625
362.0 7.5078125
363.0 7.6953125
364.0 7.71875
365.0 7.6328125
366.0 7.78125
367.0 7.90625
368.0 7.8125
369.0 7.578125
370.0 7.71875
371.0 7.578125
372.0 7.375
373.0 7.8203125
374.0 7.515625
375.0 7.7890625
376.0 7.7578125
377.0 7.734375
378.0 7.8359375
379.0 7.6640625
380.0 7.546875
381.0 7.140625
382.0 6.6640625
383.0 6.734375
384.0 7.2890625
385.0 7.6875
386.0 7.4609375
387.0 7.1640625
388.0 7.4296875
389.0 7.125
390.0 1.53125
391.0 12.9296875
392.0 7.34375
393.0 2.8359375
394.0 9.28125
395.0 7.578125
396.0 7.71875
397.0 7.640625
398.0 7.8125
399.0 7.6953125
400.0 6.8125
401.0 5.8515625
402.0 6.109375
403.0 5.9296875
404.0 5.8125
405.0 5.765625
406.0 5.34375
407.0 5.546875
408.0 5.5234375
409.0 3.1171875
410.0 10.25
411.0 6.859375
412.0 7.078125
413.0 7.2109375
414.0 6.9765625
415.0 6.8046875
416.0 6.828125
417.0 6.84375
418.0 5.9921875
419.0 5.578125
420.0 5.8828125
421.0 6.796875
422.0 5.4609375
423.0 4.15625
424.0 3.8828125
425.0 7.8359375
426.0 6.46875
427.0 6.84375
428.0 7.140625
429.0 7.8359375
430.0 6.9453125
431.0 3.078125
432.0 12.1015625
433.0 7.8359375
434.0 7.9921875
435.0 7.8984375
436.0 6.8828125
437.0 7.359375
438.0 7.375
439.0 7.3671875
440.0 7.671875
441.0 7.40625
442.0 7.3046875
443.0 7.421875
444.0 7.21875
445.0 5.9296875
446.0 7.7265625
447.0 2.421875
448.0 6.796875
449.0 6.5625
450.0 6.40625
451.0 7.21875
452.0 6.7421875
453.0 6.6328125
454.0 7.453125
455.0 7.109375
456.0 4.6796875
457.0 8.1328125
458.0 7.6328125
459.0 7.3203125
460.0 7.8203125
461.0 7.5390625
462.0 7.3984375
463.0 7.609375
464.0 7.5859375
465.0 7.2109375
466.0 7.4296875
467.0 7.46875
468.0 7.1328125
469.0 2.359375
470.0 7.8125
471.0 5.28125
472.0 4.90625
473.0 6.0
474.0 7.0390625
475.0 7.6328125
476.0 7.6015625
477.0 6.9765625
478.0 7.875
479.0 7.9296875
480.0 7.7890625
481.0 8.1171875
482.0 7.8671875
483.0 7.796875
484.0 7.4375
485.0 7.421875
486.0 7.3984375
487.0 6.0234375
488.0 6.0546875
489.0 4.890625
490.0 5.1328125
491.0 4.125
492.0 7.0390625
493.0 6.4140625
494.0 4.8046875
495.0 8.0625
496.0 7.078125
497.0 7.1015625
498.0 7.21875
499.0 7.21875
500.0 6.390625
501.0 5.90625
502.0 6.296875
503.0 6.703125
504.0 6.59375
505.0 5.3046875
506.0 3.3203125
507.0 8.0
508.0 7.4609375
509.0 7.0703125
510.0 7.15625
511.0 6.234375
512.0 6.140625
513.0 6.703125
514.0 7.109375
515.0 7.25
516.0 7.5546875
517.0 7.90625
518.0 7.84375
519.0 7.125
520.0 8.390625
521.0 7.5078125
522.0 7.875
523.0 7.2578125
524.0 7.3671875
525.0 6.5625
526.0 7.109375
527.0 7.5703125
528.0 7.3046875
529.0 7.484375
530.0 7.484375
531.0 7.359375
532.0 7.4375
533.0 6.2265625
534.0 6.828125
535.0 6.6015625
536.0 7.2734375
537.0 7.1640625
538.0 5.703125
539.0 8.1171875
540.0 5.875
541.0 6.4375
542.0 6.3515625
543.0 7.109375
544.0 6.9609375
545.0 7.2265625
546.0 7.40625
547.0 7.3203125
548.0 5.84375
549.0 6.75
550.0 6.078125
551.0 6.7109375
552.0 7.3984375
553.0 7.515625
554.0 7.40625
555.0 7.2578125
556.0 6.71875
557.0 5.0703125
558.0 6.8671875
559.0 7.15625
560.0 7.515625
561.0 7.2578125
562.0 7.515625
563.0 6.59375
564.0 5.0859375
565.0 4.9765625
566.0 6.484375
567.0 5.2890625
568.0 6.0390625
569.0 5.53125
570.0 5.75
571.0 5.6796875
572.0 6.1796875
573.0 5.9609375
574.0 4.359375
575.0 6.71875
576.0 6.8828125
577.0 6.7421875
578.0 6.859375
579.0 6.9765625
580.0 6.6328125
581.0 6.7421875
582.0 6.828125
583.0 7.2421875
584.0 6.03125
585.0 4.859375
586.0 8.140625
587.0 6.859375
588.0 7.3984375
589.0 6.890625
590.0 6.9453125
591.0 7.046875
592.0 6.6328125
593.0 6.2578125
594.0 1.3515625
595.0 8.65625
596.0 4.953125
597.0 2.4296875
598.0 2.6953125
599.0 5.5
