0.0 7.125
1.0 8.3125
2.0 8.1328125
3.0 8.03125
4.0 7.8203125
5.0 7.796875
6.0 8.0
7.0 7.984375
8.0 8.09375
9.0 8.046875
10.0 7.9609375
11.0 7.9609375
12.0 7.78125
13.0 8.0
14.0 7.5703125
15.0 8.046875
16.0 7.90625
17.0 7.9453125
18.0 7.90625
19.0 8.0625
20.0 3.1640625
21.0 12.6796875
22.0 7.8125
23.0 4.0
24.0 12.5625
25.0 8.046875
26.0 8.328125
27.0 8.015625
28.0 8.03125
29.0 7.96875
30.0 8.015625
31.0 7.9140625
32.0 7.40625
33.0 6.421875
34.0 3.1640625
35.0 8.6015625
36.0 10.21875
37.0 7.484375
38.0 7.46875
39.0 7.4375
40.0 7.4296875
41.0 7.1640625
42.0 7.4296875
43.0 7.078125
44.0 7.4296875
45.0 7.703125
46.0 7.8125
47.0 7.8515625
48.0 7.640625
49.0 8.1171875
50.0 7.7578125
51.0 7.8359375
52.0 8.0234375
53.0 8.1171875
54.0 7.7890625
55.0 4.7265625
56.0 10.96875
57.0 7.71875
58.0 7.96875
59.0 7.6328125
60.0 8.0
61.0 7.9609375
62.0 7.8984375
63.0 7.6015625
64.0 7.421875
65.0 7.8125
66.0 7.9375
67.0 7.6328125
68.0 7.8359375
69.0 8.078125
70.0 5.3046875
71.0 10.6796875
72.0 7.9453125
73.0 7.8515625
74.0 8.078125
75.0 8.3125
76.0 8.3515625
77.0 8.0234375
78.0 7.6953125
79.0 7.796875
80.0 7.578125
81.0 7.6640625
82.0 7.3203125
83.0 7.7578125
84.0 8.09375
85.0 7.6171875
86.0 7.9453125
87.0 8.015625
88.0 4.3828125
89.0 11.6484375
90.0 8.1484375
91.0 7.6171875
92.0 4.6796875
93.0 10.625
94.0 8.0234375
95.0 7.96875
96.0 7.90625
97.0 7.90625
98.0 7.8984375
99.0 8.171875
100.0 8.234375
101.0 8.2421875
102.0 7.96875
103.0 4.921875
104.0 10.859375
105.0 8.2265625
106.0 8.3515625
107.0 7.8125
108.0 7.8671875
109.0 8.2265625
110.0 7.9453125
111.0 7.4921875
112.0 7.0703125
113.0 3.4140625
114.0 11.25
115.0 4.8125
116.0 9.7421875
117.0 7.2109375
118.0 7.546875
119.0 7.421875
120.0 7.8359375
121.0 7.7890625
122.0 7.609375
123.0 7.90625
124.0 8.0859375
125.0 8.09375
126.0 8.375
127.0 8.03125
128.0 8.046875
129.0 5.1640625
130.0 7.8125
131.0 10.671875
132.0 7.9296875
133.0 8.09375
134.0 7.9453125
135.0 8.1328125
136.0 8.1328125
137.0 7.9921875
138.0 7.8125
139.0 7.96875
140.0 7.703125
141.0 7.046875
142.0 4.890625
143.0 4.4140625
144.0 5.96875
145.0 4.7578125
146.0 10.3984375
147.0 7.9921875
148.0 7.875
149.0 8.0234375
150.0 7.8359375
151.0 7.875
152.0 8.0
153.0 8.046875
154.0 7.734375
155.0 7.8359375
156.0 7.4609375
157.0 5.140625
158.0 10.9765625
159.0 7.96875
160.0 8.3203125
161.0 8.1484375
162.0 8.34375
163.0 8.0625
164.0 7.8984375
165.0 8.09375
166.0 8.109375
167.0 8.0234375
168.0 8.1171875
169.0 7.703125
170.0 8.0859375
171.0 7.8671875
172.0 6.0
173.0 9.125
174.0 7.84375
175.0 8.5078125
176.0 7.875
177.0 8.3828125
178.0 8.34375
179.0 6.9921875
180.0 6.0078125
181.0 6.421875
182.0 7.796875
183.0 7.8671875
184.0 7.6171875
185.0 7.5859375
186.0 7.1328125
187.0 7.6328125
188.0 6.8125
189.0 8.53125
190.0 7.609375
191.0 7.40625
192.0 7.4375
193.0 7.65625
194.0 7.546875
195.0 3.375
196.0 12.0390625
197.0 7.84375
198.0 7.40625
199.0 7.7265625
200.0 7.5078125
201.0 4.8125
202.0 9.8984375
203.0 5.9609375
204.0 8.5546875
205.0 7.3984375
206.0 7.5859375
207.0 7.3046875
208.0 7.2109375
209.0 4.7734375
210.0 9.78125
211.0 7.140625
212.0 6.8828125
213.0 6.984375
214.0 5.484375
215.0 3.625
216.0 3.7265625
217.0 4.4765625
218.0 3.3515625
219.0 3.7890625
220.0 3.28125
221.0 2.7890625
222.0 2.875
223.0 2.921875
224.0 4.2421875
225.0 3.703125
226.0 3.875
227.0 2.6328125
228.0 5.3203125
229.0 4.921875
230.0 3.828125
231.0 3.96875
232.0 3.2890625
233.0 3.296875
234.0 1.46875
235.0 6.953125
236.0 6.078125
237.0 6.4765625
238.0 7.0625
239.0 7.1796875
240.0 7.2421875
241.0 5.125
242.0 5.1015625
243.0 4.9609375
244.0 6.625
245.0 5.3828125
246.0 5.515625
247.0 8.171875
248.0 6.3203125
249.0 6.3203125
250.0 4.6953125
251.0 7.1328125
252.0 5.6953125
253.0 6.484375
254.0 4.1875
255.0 4.0546875
256.0 4.890625
257.0 4.359375
258.0 7.15625
259.0 6.734375
260.0 6.71875
261.0 6.953125
262.0 6.8359375
263.0 6.1171875
264.0 3.4765625
265.0 9.578125
266.0 4.984375
267.0 7.84375
268.0 7.25
269.0 6.59375
270.0 6.84375
271.0 6.9921875
272.0 6.9921875
273.0 7.1875
274.0 8.0
275.0 7.75
276.0 6.3203125
277.0 4.453125
278.0 5.28125
279.0 7.8828125
280.0 3.0703125
281.0 6.296875
282.0 7.84375
283.0 8.1796875
284.0 8.046875
285.0 7.8984375
286.0 6.1484375
287.0 8.0546875
288.0 8.140625
289.0 8.0234375
290.0 8.046875
291.0 5.8515625
292.0 5.84375
293.0 8.0546875
294.0 6.4375
295.0 9.640625
296.0 7.7578125
297.0 7.8359375
298.0 7.9140625
299.0 5.375
300.0 11.125
301.0 8.1484375
302.0 7.703125
303.0 7.5703125
304.0 8.0
305.0 8.1953125
306.0 7.453125
307.0 7.9921875
308.0 7.515625
309.0 5.3046875
310.0 9.90625
311.0 7.1953125
312.0 7.1796875
313.0 7.4609375
314.0 7.875
315.0 8.1328125
316.0 6.6015625
317.0 2.484375
318.0 3.4609375
319.0 6.9609375
320.0 8.1484375
321.0 8.046875
322.0 8.1953125
323.0 7.28125
324.0 8.796875
325.0 8.4921875
326.0 7.9609375
327.0 8.0234375
328.0 7.7265625
329.0 6.2734375
330.0 5.7109375
331.0 6.953125
332.0 7.609375
333.0 7.9609375
334.0 8.265625
335.0 5.5234375
336.0 9.671875
337.0 5.890625
338.0 7.875
339.0 6.15625
340.0 7.3359375
341.0 8.296875
342.0 8.015625
343.0 7.734375
344.0 8.1484375
345.0 5.453125
346.0 9.8046875
347.0 7.671875
348.0 7.90625
349.0 8.1328125
350.0 7.78125
351.0 7.6640625
352.0 7.6953125
353.0 7.8125
354.0 7.8125
355.0 7.6328125
356.0 7.9296875
357.0 8.0859375
358.0 7.9921875
359.0 8.0234375
360.0 7.9453125
361.0 8.0234375
362.0 8.0546875
363.0 8.015625
364.0 8.1796875
365.0 8.078125
366.0 7.9609375
367.0 7.84375
368.0 8.0
369.0 5.4375
370.0 1.953125
371.0 0.0
372.0 7.6171875
373.0 8.015625
374.0 7.75
375.0 7.8671875
376.0 7.9921875
377.0 7.7578125
378.0 7.703125
379.0 7.6875
380.0 3.1640625
381.0 12.4921875
382.0 5.4296875
383.0 4.75
384.0 6.4765625
385.0 7.671875
386.0 7.7890625
387.0 8.3125
388.0 7.046875
389.0 7.15625
390.0 6.1171875
391.0 6.2421875
392.0 6.4453125
393.0 7.140625
394.0 7.15625
395.0 6.421875
396.0 2.8359375
397.0 12.21875
398.0 7.515625
399.0 7.8828125
400.0 8.078125
401.0 7.6875
402.0 4.0
403.0 12.046875
404.0 8.3203125
405.0 8.40625
406.0 7.875
407.0 7.9140625
408.0 8.1484375
409.0 5.0390625
410.0 9.890625
411.0 6.859375
412.0 7.78125
413.0 4.359375
414.0 4.0078125
415.0 5.6328125
416.0 8.171875
417.0 7.671875
418.0 6.46875
419.0 4.3515625
420.0 5.84375
421.0 4.8359375
422.0 6.453125
423.0 7.109375
424.0 4.171875
425.0 4.0390625
426.0 6.9609375
427.0 5.2265625
428.0 10.671875
429.0 6.328125
430.0 5.1328125
431.0 4.171875
432.0 4.0625
433.0 6.2890625
434.0 8.0625
435.0 8.2421875
436.0 8.0234375
437.0 7.703125
438.0 8.4375
439.0 5.6015625
440.0 10.4765625
441.0 7.796875
442.0 7.703125
443.0 7.96875
444.0 7.640625
445.0 7.5546875
446.0 6.6484375
447.0 7.078125
448.0 8.203125
449.0 7.8671875
450.0 7.8125
451.0 6.859375
452.0 7.40625
453.0 4.953125
454.0 10.7265625
455.0 8.296875
456.0 5.84375
457.0 2.4609375
458.0 0.0
459.0 5.2265625
460.0 2.5703125
461.0 3.3515625
462.0 2.546875
463.0 3.046875
464.0 2.984375
465.0 4.7734375
466.0 7.5390625
467.0 5.3203125
468.0 11.0234375
469.0 7.90625
470.0 8.3515625
471.0 6.6484375
472.0 9.6953125
473.0 7.6328125
474.0 7.8125
475.0 8.2578125
476.0 8.0234375
477.0 8.140625
478.0 8.0546875
479.0 5.7890625
480.0 5.2890625
481.0 3.84375
482.0 5.5859375
483.0 5.109375
484.0 6.8125
485.0 8.1171875
486.0 8.140625
487.0 8.140625
488.0 8.2109375
489.0 8.203125
490.0 8.2734375
491.0 8.1328125
492.0 8.2265625
493.0 8.078125
494.0 7.9140625
495.0 8.0234375
496.0 6.6171875
497.0 9.5078125
498.0 7.9921875
499.0 8.1796875
500.0 7.4921875
501.0 7.453125
502.0 8.1171875
503.0 7.8125
504.0 8.0625
505.0 7.4921875
506.0 6.078125
507.0 5.6796875
508.0 5.4921875
509.0 5.578125
510.0 2.453125
511.0 3.7265625
512.0 3.7890625
513.0 4.5390625
514.0 4.9296875
515.0 5.0546875
516.0 5.3046875
517.0 7.1015625
518.0 8.0
519.0 8.0234375
520.0 7.7578125
521.0 8.2109375
522.0 7.7578125
523.0 7.09375
524.0 0.09375
525.0 0.0
526.0 5.6328125
527.0 5.515625
528.0 6.8046875
529.0 7.5078125
530.0 7.3671875
531.0 3.859375
532.0 0.0
533.0 7.0625
534.0 7.4375
535.0 7.5859375
536.0 7.84375
537.0 8.1484375
538.0 7.4921875
539.0 7.7890625
540.0 7.703125
541.0 6.8828125
542.0 7.75
543.0 7.5859375
544.0 7.46875
545.0 7.3203125
546.0 7.6171875
547.0 6.8125
548.0 2.6875
549.0 10.828125
550.0 7.2109375
551.0 4.265625
552.0 2.4453125
553.0 1.4140625
554.0 4.59375
555.0 1.1171875
556.0 5.96875
557.0 7.46875
558.0 6.0859375
559.0 7.6328125
560.0 7.9375
561.0 8.015625
562.0 7.8203125
563.0 7.9453125
564.0 8.03125
565.0 7.8125
566.0 7.7890625
567.0 8.2265625
568.0 7.84375
569.0 7.3671875
570.0 7.5546875
571.0 7.9609375
572.0 7.6015625
573.0 7.15625
574.0 7.015625
575.0 4.2421875
576.0 4.2421875
577.0 6.5859375
578.0 6.3046875
579.0 7.6015625
580.0 7.9140625
581.0 7.578125
582.0 7.3125
583.0 7.9609375
584.0 8.015625
585.0 7.8984375
586.0 7.84375
587.0 7.8984375
588.0 7.9609375
589.0 4.90625
590.0 11.09375
591.0 4.890625
592.0 11.0234375
593.0 7.796875
594.0 7.96875
595.0 7.90625
596.0 7.5703125
597.0 8.03125
598.0 7.09375
599.0 7.359375
