0.0 2.3359375
1.0 2.015625
2.0 1.640625
3.0 1.9453125
4.0 2.0703125
5.0 1.953125
6.0 1.5859375
7.0 0.0
8.0 0.1328125
9.0 6.3671875
10.0 1.921875
11.0 2.1015625
12.0 1.859375
13.0 1.4921875
14.0 2.421875
15.0 2.5703125
16.0 2.578125
17.0 2.578125
18.0 2.1484375
19.0 1.4140625
20.0 0.703125
21.0 0.0
22.0 5.4296875
23.0 2.375
24.0 2.296875
25.0 2.4296875
26.0 2.3671875
27.0 2.328125
28.0 2.5625
29.0 2.1171875
30.0 0.015625
31.0 5.53125
32.0 1.1640625
33.0 2.4765625
34.0 3.109375
35.0 2.046875
36.0 2.875
37.0 1.3125
38.0 4.1484375
39.0 2.5234375
40.0 2.875
41.0 2.875
42.0 2.6328125
43.0 1.625
44.0 2.28125
45.0 1.828125
46.0 1.921875
47.0 2.1953125
48.0 2.34375
49.0 2.3046875
50.0 2.2109375
51.0 0.78125
52.0 0.0
53.0 5.6328125
54.0 0.078125
55.0 1.8203125
56.0 1.65625
57.0 2.1171875
58.0 2.15625
59.0 1.9375
60.0 1.8984375
61.0 2.0
62.0 1.8671875
63.0 2.046875
64.0 2.359375
65.0 2.4140625
66.0 0.015625
67.0 0.0
68.0 0.4375
69.0 0.0
70.0 0.0
71.0 0.0
72.0 0.0
73.0 15.8046875
74.0 2.3984375
75.0 2.3671875
76.0 2.1015625
77.0 2.03125
78.0 1.9453125
79.0 1.9140625
80.0 2.09375
81.0 2.578125
82.0 2.59375
83.0 2.125
84.0 1.359375
85.0 1.6875
86.0 1.8671875
87.0 1.8515625
88.0 1.984375
89.0 1.859375
90.0 1.796875
91.0 2.34375
92.0 2.28125
93.0 1.9453125
94.0 1.8828125
95.0 1.9140625
96.0 2.0390625
97.0 2.1796875
98.0 1.9453125
99.0 1.9453125
100.0 1.9765625
101.0 2.0078125
102.0 1.9453125
103.0 1.7734375
104.0 2.1171875
105.0 2.3125
106.0 2.4296875
107.0 2.5390625
108.0 2.7265625
109.0 2.7578125
110.0 0.5859375
111.0 5.078125
112.0 2.78125
113.0 2.59375
114.0 2.6328125
115.0 2.1875
116.0 2.8046875
117.0 2.2734375
118.0 0.421875
119.0 0.0
120.0 6.7109375
121.0 2.7890625
122.0 2.875
123.0 2.90625
124.0 3.1171875
125.0 2.7421875
126.0 3.0
127.0 3.0234375
128.0 2.9296875
129.0 2.9296875
130.0 2.96875
131.0 2.1171875
132.0 0.0
133.0 6.4765625
134.0 2.453125
135.0 2.8359375
136.0 2.4921875
137.0 2.84375
138.0 3.5859375
139.0 3.671875
140.0 3.1953125
141.0 0.6015625
142.0 5.546875
143.0 2.890625
144.0 2.671875
145.0 2.8125
146.0 3.640625
147.0 3.59375
148.0 3.625
149.0 3.8046875
150.0 3.4140625
151.0 3.203125
152.0 3.1484375
153.0 2.9921875
154.0 3.4140625
155.0 2.8125
156.0 0.0
157.0 7.09375
158.0 2.9921875
159.0 2.7109375
160.0 2.4296875
161.0 0.0
162.0 7.078125
163.0 3.5625
164.0 3.515625
165.0 3.4609375
166.0 3.46875
167.0 3.0859375
168.0 2.875
169.0 1.8828125
170.0 2.515625
171.0 2.390625
172.0 3.1328125
173.0 3.25
174.0 1.34375
175.0 0.0
176.0 5.203125
177.0 2.609375
178.0 2.1328125
179.0 2.8984375
180.0 2.5078125
181.0 0.5859375
182.0 0.0
183.0 6.0078125
184.0 1.640625
185.0 2.3046875
186.0 2.8203125
187.0 3.4296875
188.0 3.234375
189.0 3.25
190.0 2.9609375
191.0 2.8203125
192.0 2.1796875
193.0 2.4140625
194.0 1.6796875
195.0 0.1953125
196.0 0.2890625
197.0 7.15625
198.0 2.8359375
199.0 2.1015625
200.0 1.890625
201.0 2.125
202.0 0.5234375
203.0 0.0
204.0 6.5859375
205.0 2.1171875
206.0 2.5234375
207.0 0.609375
208.0 1.1171875
209.0 1.96875
210.0 0.9921875
211.0 1.203125
212.0 1.765625
213.0 1.9765625
214.0 1.4921875
215.0 2.34375
216.0 2.1796875
217.0 0.2109375
218.0 0.09375
219.0 7.1328125
220.0 2.65625
221.0 2.625
222.0 2.015625
223.0 0.0
224.0 5.109375
225.0 1.9140625
226.0 0.2578125
227.0 0.8828125
228.0 2.640625
229.0 2.8125
230.0 2.6328125
231.0 2.984375
232.0 1.6796875
233.0 1.5078125
234.0 1.8515625
235.0 2.234375
236.0 2.28125
237.0 2.6953125
238.0 2.421875
239.0 2.296875
240.0 2.421875
241.0 0.8359375
242.0 1.234375
243.0 0.6640625
244.0 2.03125
245.0 3.546875
246.0 1.96875
247.0 0.0
248.0 0.515625
249.0 7.2890625
250.0 3.0703125
251.0 2.6328125
252.0 0.9453125
253.0 0.0
254.0 6.5703125
255.0 2.65625
256.0 2.5390625
257.0 2.6953125
258.0 2.59375
259.0 2.0078125
260.0 0.0
261.0 1.7578125
262.0 0.0
263.0 0.0
264.0 3.46875
265.0 0.0
266.0 8.59375
267.0 0.90625
268.0 0.90625
269.0 0.7890625
270.0 0.734375
271.0 0.8671875
272.0 0.7578125
273.0 0.90625
274.0 1.2265625
275.0 1.375
276.0 1.6484375
277.0 1.7890625
278.0 2.2109375
279.0 2.0390625
280.0 2.8671875
281.0 2.7890625
282.0 2.4921875
283.0 2.5078125
284.0 2.484375
285.0 2.6640625
286.0 2.8203125
287.0 2.6875
288.0 2.609375
289.0 2.640625
290.0 2.4140625
291.0 1.9765625
292.0 2.1328125
293.0 3.203125
294.0 3.25
295.0 0.90625
296.0 5.3828125
297.0 2.65625
298.0 2.5078125
299.0 2.421875
300.0 2.453125
301.0 2.5625
302.0 1.7578125
303.0 0.0
304.0 5.9921875
305.0 2.609375
306.0 2.3984375
307.0 2.0078125
308.0 1.625
309.0 2.7109375
310.0 2.875
311.0 2.8515625
312.0 2.8515625
313.0 3.0390625
314.0 2.625
315.0 2.5078125
316.0 1.0546875
317.0 4.9453125
318.0 2.953125
319.0 2.59375
320.0 2.953125
321.0 3.265625
322.0 2.7109375
323.0 1.2109375
324.0 0.0
325.0 6.71875
326.0 3.0703125
327.0 3.0
328.0 3.078125
329.0 2.8671875
330.0 2.7734375
331.0 2.5234375
332.0 2.8203125
333.0 3.5234375
334.0 0.359375
335.0 0.8671875
336.0 1.9375
337.0 2.9609375
338.0 1.359375
339.0 0.0
340.0 6.2734375
341.0 2.5390625
342.0 2.59375
343.0 2.8515625
344.0 2.8515625
345.0 0.0
346.0 6.3046875
347.0 2.7734375
348.0 2.6875
349.0 2.625
350.0 2.2734375
351.0 2.5234375
352.0 2.4296875
353.0 2.4296875
354.0 2.8671875
355.0 2.375
356.0 2.3671875
357.0 1.9765625
358.0 1.921875
359.0 0.140625
360.0 0.0
361.0 6.296875
362.0 1.8359375
363.0 1.921875
364.0 2.1953125
365.0 1.953125
366.0 1.9765625
367.0 0.0
368.0 4.6328125
369.0 0.0
370.0 5.21875
371.0 2.4296875
372.0 2.3671875
373.0 0.5390625
374.0 0.703125
375.0 0.8203125
376.0 0.8984375
377.0 0.9609375
378.0 1.03125
379.0 1.03125
380.0 2.5703125
381.0 2.3125
382.0 2.375
383.0 2.125
384.0 0.0
385.0 6.234375
386.0 2.296875
387.0 1.3515625
388.0 1.5859375
389.0 1.7578125
390.0 0.9609375
391.0 0.0
392.0 5.234375
393.0 2.9375
394.0 2.8046875
395.0 2.7734375
396.0 2.34375
397.0 2.671875
398.0 2.546875
399.0 0.0
400.0 6.03125
401.0 2.625
402.0 2.1796875
403.0 2.515625
404.0 2.0078125
405.0 1.2578125
406.0 2.03125
407.0 2.65625
408.0 2.609375
409.0 2.7109375
410.0 2.671875
411.0 2.6328125
412.0 2.484375
413.0 1.296875
414.0 0.0
415.0 5.5234375
416.0 2.375
417.0 2.0078125
418.0 2.9609375
419.0 2.6953125
420.0 0.421875
421.0 5.3515625
422.0 3.0
423.0 3.046875
424.0 3.203125
425.0 3.46875
426.0 3.3203125
427.0 3.1171875
428.0 3.3828125
429.0 2.8203125
430.0 2.8203125
431.0 2.7578125
432.0 2.8515625
433.0 3.015625
434.0 2.0078125
435.0 0.0
436.0 7.5703125
437.0 2.6015625
438.0 2.546875
439.0 2.5234375
440.0 2.4296875
441.0 1.7109375
442.0 4.796875
443.0 2.7734375
444.0 3.1953125
445.0 2.6328125
446.0 2.6015625
447.0 2.578125
448.0 2.5625
449.0 2.390625
450.0 2.515625
451.0 2.71875
452.0 2.7109375
453.0 2.921875
454.0 2.5234375
455.0 0.375
456.0 0.0
457.0 6.421875
458.0 2.515625
459.0 1.328125
460.0 2.4140625
461.0 2.421875
462.0 1.921875
463.0 1.046875
464.0 0.0
465.0 0.0
466.0 0.0
467.0 0.0
468.0 0.0
469.0 5.53125
470.0 1.2421875
471.0 2.3359375
472.0 2.09375
473.0 1.8671875
474.0 1.859375
475.0 2.3359375
476.0 2.7890625
477.0 2.8359375
478.0 1.6796875
479.0 2.046875
480.0 1.8671875
481.0 1.53125
482.0 0.0
483.0 5.2890625
484.0 3.015625
485.0 2.7578125
486.0 2.4453125
487.0 1.7578125
488.0 1.3203125
489.0 0.7890625
490.0 0.0
491.0 5.2265625
492.0 2.7578125
493.0 2.625
494.0 2.6015625
495.0 2.15625
496.0 2.15625
497.0 1.828125
498.0 2.1171875
499.0 2.484375
500.0 2.546875
501.0 1.8671875
502.0 2.4140625
503.0 2.6640625
504.0 1.421875
505.0 0.0
506.0 3.046875
507.0 3.9921875
508.0 0.8046875
509.0 0.0
510.0 0.0
511.0 0.0
512.0 0.0
513.0 0.0
514.0 3.8515625
515.0 1.1171875
516.0 2.6953125
517.0 2.6875
518.0 1.7421875
519.0 4.1796875
520.0 2.75
521.0 2.578125
522.0 1.9140625
523.0 2.65625
524.0 2.3671875
525.0 2.8046875
526.0 3.0546875
527.0 3.015625
528.0 2.4921875
529.0 2.890625
530.0 2.8984375
531.0 3.0546875
532.0 3.2265625
533.0 3.2890625
534.0 2.65625
535.0 3.078125
536.0 2.9921875
537.0 2.9375
538.0 2.7890625
539.0 2.6328125
540.0 3.0703125
541.0 3.1015625
542.0 2.7734375
543.0 3.0390625
544.0 1.890625
545.0 0.0
546.0 5.4296875
547.0 3.0390625
548.0 3.078125
549.0 2.8515625
550.0 3.0859375
551.0 0.734375
552.0 3.5546875
553.0 1.4609375
554.0 2.7109375
555.0 2.8125
556.0 2.4296875
557.0 1.765625
558.0 2.625
559.0 3.078125
560.0 3.1015625
561.0 2.7578125
562.0 2.5390625
563.0 2.515625
564.0 2.65625
565.0 3.1171875
566.0 3.4609375
567.0 3.234375
568.0 3.28125
569.0 3.2578125
570.0 2.9375
571.0 2.8359375
572.0 2.8671875
573.0 2.1953125
574.0 4.5078125
575.0 3.1640625
576.0 3.1328125
577.0 3.046875
578.0 2.7109375
579.0 2.8671875
580.0 2.8125
581.0 3.1015625
582.0 2.8203125
583.0 3.078125
584.0 3.109375
585.0 3.078125
586.0 2.7734375
587.0 0.3046875
588.0 5.6484375
589.0 2.4453125
590.0 1.3828125
591.0 0.8359375
592.0 1.296875
593.0 2.71875
594.0 2.8671875
595.0 2.71875
596.0 0.375
597.0 5.125
598.0 1.5390625
599.0 1.1171875
