0.0 7.21875
1.0 6.8828125
2.0 6.8046875
3.0 6.796875
4.0 6.9921875
5.0 6.796875
6.0 7.0390625
7.0 6.8046875
8.0 6.7421875
9.0 6.484375
10.0 6.8828125
11.0 6.625
12.0 6.7109375
13.0 6.8984375
14.0 6.6171875
15.0 6.6484375
16.0 3.3203125
17.0 9.921875
18.0 6.8046875
19.0 6.9453125
20.0 6.8984375
21.0 7.1640625
22.0 3.375
23.0 10.6484375
24.0 7.1015625
25.0 7.15625
26.0 7.0703125
27.0 6.78125
28.0 7.390625
29.0 6.984375
30.0 7.2578125
31.0 7.2578125
32.0 6.5625
33.0 7.1328125
34.0 7.2265625
35.0 4.453125
36.0 9.96875
37.0 7.1640625
38.0 6.6328125
39.0 6.6171875
40.0 7.5078125
41.0 7.1640625
42.0 4.484375
43.0 9.078125
44.0 3.859375
45.0 10.1484375
46.0 6.9921875
47.0 7.3671875
48.0 6.703125
49.0 7.2890625
50.0 7.0703125
51.0 6.9921875
52.0 7.1875
53.0 6.8046875
54.0 6.984375
55.0 7.2578125
56.0 7.0703125
57.0 6.890625
58.0 7.15625
59.0 6.9296875
60.0 6.921875
61.0 6.796875
62.0 6.734375
63.0 6.625
64.0 6.5546875
65.0 6.71875
66.0 6.5859375
67.0 6.734375
68.0 6.7421875
69.0 2.7421875
70.0 10.1328125
71.0 6.5703125
72.0 6.5703125
73.0 6.5546875
74.0 6.765625
75.0 6.7109375
76.0 6.6328125
77.0 4.9609375
78.0 8.5
79.0 6.75
80.0 6.703125
81.0 6.59375
82.0 7.015625
83.0 6.8671875
84.0 6.734375
85.0 6.859375
86.0 6.6640625
87.0 6.859375
88.0 7.09375
89.0 6.9140625
90.0 6.859375
91.0 6.6875
92.0 6.9609375
93.0 6.734375
94.0 6.765625
95.0 6.921875
96.0 7.0078125
97.0 6.7421875
98.0 6.890625
99.0 6.7109375
100.0 6.7421875
101.0 6.6640625
102.0 6.53125
103.0 6.3671875
104.0 6.84375
105.0 2.515625
106.0 10.53125
107.0 6.53125
108.0 6.4765625
109.0 6.78125
110.0 6.703125
111.0 6.6796875
112.0 6.734375
113.0 7.2109375
114.0 7.0078125
115.0 7.0703125
116.0 7.109375
117.0 6.6640625
118.0 2.4921875
119.0 11.6640625
120.0 6.5703125
121.0 7.0625
122.0 7.1328125
123.0 7.078125
124.0 7.515625
125.0 5.21875
126.0 0.25
127.0 14.25
128.0 4.46875
129.0 5.2265625
130.0 5.75
131.0 5.5859375
132.0 5.9296875
133.0 6.359375
134.0 6.4140625
135.0 7.0078125
136.0 7.1015625
137.0 7.0625
138.0 7.140625
139.0 6.6171875
140.0 6.7734375
141.0 7.2265625
142.0 4.1796875
143.0 9.671875
144.0 7.09375
145.0 6.84375
146.0 7.140625
147.0 7.2265625
148.0 2.3671875
149.0 11.421875
150.0 7.2890625
151.0 7.390625
152.0 7.125
153.0 6.8359375
154.0 7.078125
155.0 6.859375
156.0 2.5390625
157.0 10.796875
158.0 7.3671875
159.0 7.15625
160.0 6.8359375
161.0 6.953125
162.0 6.71875
163.0 6.6640625
164.0 7.0078125
165.0 7.21875
166.0 3.515625
167.0 10.4921875
168.0 6.9453125
169.0 6.7421875
170.0 6.859375
171.0 6.8828125
172.0 7.09375
173.0 7.1328125
174.0 6.9609375
175.0 7.2421875
176.0 7.0703125
177.0 6.7734375
178.0 6.65625
179.0 6.9765625
180.0 6.8046875
181.0 6.71875
182.0 7.0703125
183.0 6.765625
184.0 6.765625
185.0 6.5625
186.0 6.6484375
187.0 6.6015625
188.0 6.6640625
189.0 6.8828125
190.0 6.5703125
191.0 6.65625
192.0 6.734375
193.0 6.4765625
194.0 2.015625
195.0 10.90625
196.0 6.625
197.0 6.78125
198.0 6.6171875
199.0 6.703125
200.0 6.8125
201.0 6.8671875
202.0 6.9296875
203.0 6.9140625
204.0 6.75
205.0 4.984375
206.0 9.078125
207.0 6.890625
208.0 7.1640625
209.0 7.0703125
210.0 6.734375
211.0 4.578125
212.0 9.15625
213.0 6.890625
214.0 7.1328125
215.0 7.046875
216.0 7.4609375
217.0 7.125
218.0 7.0703125
219.0 6.984375
220.0 7.0078125
221.0 6.78125
222.0 6.8828125
223.0 7.2265625
224.0 3.234375
225.0 10.8515625
226.0 6.8984375
227.0 7.125
228.0 5.203125
229.0 8.5
230.0 6.5859375
231.0 6.8125
232.0 7.0390625
233.0 7.0625
234.0 7.0703125
235.0 7.1953125
236.0 7.1328125
237.0 6.859375
238.0 6.8046875
239.0 6.8828125
240.0 6.9921875
241.0 6.8359375
242.0 2.5703125
243.0 11.828125
244.0 6.8125
245.0 3.1171875
246.0 10.828125
247.0 7.2265625
248.0 3.34375
249.0 10.640625
250.0 6.8359375
251.0 6.9921875
252.0 7.0703125
253.0 6.9140625
254.0 7.2734375
255.0 7.140625
256.0 7.2109375
257.0 6.6328125
258.0 7.0078125
259.0 6.8984375
260.0 6.9609375
261.0 7.2265625
262.0 3.5
263.0 10.8828125
264.0 7.3203125
265.0 7.1796875
266.0 3.6953125
267.0 10.5546875
268.0 7.3203125
269.0 7.28125
270.0 3.703125
271.0 9.7734375
272.0 7.3125
273.0 7.1953125
274.0 6.6640625
275.0 7.2109375
276.0 7.40625
277.0 7.421875
278.0 7.2890625
279.0 7.25
280.0 7.2890625
281.0 6.9609375
282.0 7.109375
283.0 6.9140625
284.0 7.1875
285.0 7.1875
286.0 7.1640625
287.0 7.46875
288.0 3.640625
289.0 10.546875
290.0 7.1796875
291.0 6.71875
292.0 6.296875
293.0 6.796875
294.0 6.6640625
295.0 6.9453125
296.0 6.84375
297.0 6.78125
298.0 6.8671875
299.0 6.6875
300.0 6.40625
301.0 6.6015625
302.0 3.7890625
303.0 9.34375
304.0 3.296875
305.0 9.8671875
306.0 6.5703125
307.0 6.71875
308.0 6.6171875
309.0 6.484375
310.0 6.5546875
311.0 6.7109375
312.0 6.6171875
313.0 6.625
314.0 6.6875
315.0 6.8046875
316.0 6.9140625
317.0 6.953125
318.0 3.609375
319.0 10.1015625
320.0 6.703125
321.0 6.8671875
322.0 6.9140625
323.0 2.96875
324.0 7.484375
325.0 10.296875
326.0 6.9453125
327.0 6.4765625
328.0 7.0625
329.0 6.9140625
330.0 7.0625
331.0 7.0078125
332.0 7.0703125
333.0 7.1015625
334.0 6.9453125
335.0 6.78125
336.0 7.0078125
337.0 6.8125
338.0 4.4453125
339.0 9.609375
340.0 7.09375
341.0 7.078125
342.0 6.84375
343.0 6.6171875
344.0 7.2734375
345.0 6.953125
346.0 6.6015625
347.0 6.625
348.0 6.9765625
349.0 7.078125
350.0 6.703125
351.0 6.9296875
352.0 7.1640625
353.0 7.4296875
354.0 7.078125
355.0 6.921875
356.0 5.8203125
357.0 8.140625
358.0 7.078125
359.0 6.859375
360.0 7.0390625
361.0 3.9921875
362.0 9.890625
363.0 7.390625
364.0 6.453125
365.0 6.625
366.0 6.6875
367.0 7.046875
368.0 6.8046875
369.0 6.703125
370.0 7.1015625
371.0 7.09375
372.0 6.6484375
373.0 7.0625
374.0 6.8984375
375.0 5.3828125
376.0 8.6171875
377.0 7.0078125
378.0 7.109375
379.0 6.8828125
380.0 4.984375
381.0 8.34375
382.0 7.078125
383.0 7.25
384.0 7.09375
385.0 7.2421875
386.0 3.7421875
387.0 10.1953125
388.0 6.4375
389.0 7.1796875
390.0 7.28125
391.0 7.109375
392.0 6.9296875
393.0 6.9296875
394.0 7.0390625
395.0 6.9296875
396.0 7.046875
397.0 6.9609375
398.0 6.859375
399.0 6.8046875
400.0 3.6796875
401.0 10.21875
402.0 6.7421875
403.0 7.1953125
404.0 5.3828125
405.0 8.265625
406.0 7.109375
407.0 7.125
408.0 6.5625
409.0 6.7734375
410.0 6.7421875
411.0 6.859375
412.0 6.765625
413.0 6.5703125
414.0 6.6875
415.0 6.78125
416.0 6.7109375
417.0 3.078125
418.0 10.5859375
419.0 6.84375
420.0 7.03125
421.0 6.71875
422.0 6.75
423.0 6.7109375
424.0 6.7734375
425.0 6.6640625
426.0 6.7109375
427.0 6.65625
428.0 6.75
429.0 6.859375
430.0 6.5625
431.0 6.5546875
432.0 6.453125
433.0 6.3828125
434.0 6.2890625
435.0 6.421875
436.0 6.7109375
437.0 6.6328125
438.0 6.265625
439.0 5.703125
440.0 7.359375
441.0 6.4375
442.0 6.484375
443.0 6.75
444.0 6.515625
445.0 5.7109375
446.0 7.4296875
447.0 6.46875
448.0 6.7734375
449.0 6.4765625
450.0 6.453125
451.0 6.5625
452.0 6.5625
453.0 6.421875
454.0 6.5
455.0 6.40625
456.0 6.5546875
457.0 4.0859375
458.0 8.984375
459.0 6.4375
460.0 6.5546875
461.0 6.265625
462.0 5.8515625
463.0 6.6796875
464.0 6.2578125
465.0 6.4375
466.0 6.5859375
467.0 6.6328125
468.0 6.453125
469.0 6.453125
470.0 3.59375
471.0 9.2734375
472.0 6.46875
473.0 6.625
474.0 6.5625
475.0 6.5078125
476.0 6.6328125
477.0 6.75
478.0 6.765625
479.0 6.9765625
480.0 6.921875
481.0 6.7734375
482.0 6.71875
483.0 7.1796875
484.0 6.9765625
485.0 2.65625
486.0 11.09375
487.0 7.109375
488.0 3.8203125
489.0 10.3125
490.0 6.53125
491.0 6.5859375
492.0 7.09375
493.0 7.15625
494.0 6.6484375
495.0 7.0390625
496.0 3.625
497.0 9.875
498.0 6.734375
499.0 6.8671875
500.0 6.7734375
501.0 6.890625
502.0 6.9453125
503.0 7.1796875
504.0 7.0703125
505.0 6.5703125
506.0 7.2578125
507.0 7.046875
508.0 7.1640625
509.0 6.890625
510.0 6.75
511.0 2.96875
512.0 10.4765625
513.0 6.890625
514.0 6.4453125
515.0 6.4375
516.0 6.9453125
517.0 6.984375
518.0 7.09375
519.0 7.1953125
520.0 6.84375
521.0 7.15625
522.0 6.984375
523.0 6.828125
524.0 6.84375
525.0 6.6796875
526.0 6.953125
527.0 7.1015625
528.0 3.4765625
529.0 9.484375
530.0 3.4140625
531.0 10.1015625
532.0 7.109375
533.0 6.8359375
534.0 6.8984375
535.0 6.625
536.0 6.9765625
537.0 7.078125
538.0 7.0390625
539.0 6.828125
540.0 7.25
541.0 7.109375
542.0 6.6484375
543.0 3.203125
544.0 10.296875
545.0 6.953125
546.0 7.09375
547.0 7.1015625
548.0 6.9765625
549.0 6.8671875
550.0 6.84375
551.0 6.9140625
552.0 6.6875
553.0 6.390625
554.0 6.828125
555.0 6.859375
556.0 6.6484375
557.0 6.9609375
558.0 4.359375
559.0 8.640625
560.0 6.8125
561.0 6.796875
562.0 6.8046875
563.0 6.78125
564.0 6.625
565.0 6.515625
566.0 6.7734375
567.0 6.9765625
568.0 6.6796875
569.0 6.453125
570.0 6.65625
571.0 6.8359375
572.0 3.84375
573.0 9.890625
574.0 6.9453125
575.0 7.03125
576.0 6.6328125
577.0 7.421875
578.0 7.0390625
579.0 6.5078125
580.0 7.03125
581.0 7.1875
582.0 7.1640625
583.0 7.25
584.0 3.7734375
585.0 10.1171875
586.0 6.6328125
587.0 7.2734375
588.0 6.9296875
589.0 7.1328125
590.0 7.40625
591.0 6.6328125
592.0 6.8984375
593.0 7.2734375
594.0 6.9453125
595.0 6.8125
596.0 6.859375
597.0 6.9296875
598.0 3.1953125
599.0 10.6796875
