0.0 1.375
1.0 0.984375
2.0 1.6875
3.0 1.9453125
4.0 1.03125
5.0 0.140625
6.0 0.0
7.0 0.0
8.0 0.0
9.0 4.46875
10.0 0.8125
11.0 1.2890625
12.0 0.0
13.0 0.484375
14.0 1.2109375
15.0 0.96875
16.0 0.5390625
17.0 0.6953125
18.0 0.9296875
19.0 1.140625
20.0 0.734375
21.0 0.8984375
22.0 1.015625
23.0 0.90625
24.0 0.9375
25.0 0.90625
26.0 1.2578125
27.0 1.296875
28.0 0.8203125
29.0 0.0
30.0 0.0
31.0 0.3671875
32.0 5.6484375
33.0 0.8671875
34.0 1.390625
35.0 0.7890625
36.0 1.1640625
37.0 0.609375
38.0 0.0
39.0 0.0
40.0 0.0
41.0 4.390625
42.0 0.96875
43.0 1.3515625
44.0 0.3984375
45.0 0.0
46.0 0.7890625
47.0 0.703125
48.0 1.609375
49.0 1.7109375
50.0 1.4921875
51.0 1.671875
52.0 2.65625
53.0 1.8515625
54.0 1.109375
55.0 1.6171875
56.0 2.1328125
57.0 0.03125
58.0 0.0
59.0 0.2421875
60.0 5.40625
61.0 1.5234375
62.0 1.859375
63.0 1.609375
64.0 1.203125
65.0 1.015625
66.0 1.5390625
67.0 1.5078125
68.0 1.5
69.0 0.515625
70.0 0.0
71.0 0.0
72.0 0.0
73.0 5.109375
74.0 0.0
75.0 0.0
76.0 3.4765625
77.0 1.2578125
78.0 1.0234375
79.0 1.34375
80.0 0.9453125
81.0 0.3046875
82.0 0.46875
83.0 0.5234375
84.0 0.7578125
85.0 1.96875
86.0 2.0859375
87.0 1.609375
88.0 1.4609375
89.0 1.203125
90.0 0.2421875
91.0 0.0
92.0 0.0
93.0 0.0
94.0 0.0
95.0 5.078125
96.0 1.375
97.0 0.0625
98.0 0.1796875
99.0 1.015625
100.0 1.203125
101.0 1.3203125
102.0 1.7734375
103.0 1.8515625
104.0 1.0234375
105.0 0.84375
106.0 0.90625
107.0 1.140625
108.0 1.5
109.0 1.5390625
110.0 1.8046875
111.0 1.375
112.0 0.1875
113.0 0.0
114.0 0.0
115.0 0.3359375
116.0 1.9140625
117.0 4.171875
118.0 0.1796875
119.0 0.359375
120.0 1.0
121.0 1.1953125
122.0 1.078125
123.0 0.9296875
124.0 0.78125
125.0 1.0859375
126.0 0.5078125
127.0 0.25
128.0 0.125
129.0 0.0
130.0 0.0
131.0 0.0
132.0 0.0
133.0 0.0
134.0 5.15625
135.0 0.640625
136.0 1.1640625
137.0 0.8046875
138.0 0.703125
139.0 0.875
140.0 1.3515625
141.0 1.3125
142.0 1.9765625
143.0 1.5859375
144.0 0.9453125
145.0 0.6328125
146.0 0.640625
147.0 0.0625
148.0 0.0
149.0 0.0
150.0 0.0
151.0 0.0
152.0 0.0
153.0 4.7578125
154.0 0.875
155.0 0.6015625
156.0 0.8828125
157.0 0.8828125
158.0 0.6171875
159.0 0.6875
160.0 0.6015625
161.0 0.6953125
162.0 0.8125
163.0 1.0
164.0 0.7265625
165.0 0.703125
166.0 0.8671875
167.0 0.6328125
168.0 0.3046875
169.0 0.0
170.0 0.0
171.0 0.0
172.0 0.0
173.0 4.75
174.0 0.8984375
175.0 0.9296875
176.0 1.03125
177.0 0.65625
178.0 0.4296875
179.0 0.40625
180.0 0.4921875
181.0 0.6875
182.0 0.640625
183.0 0.5546875
184.0 0.6953125
185.0 0.5703125
186.0 0.5546875
187.0 0.734375
188.0 0.0
189.0 0.0
190.0 0.0
191.0 0.0
192.0 0.0
193.0 0.0
194.0 0.046875
195.0 4.84375
196.0 0.375
197.0 0.4921875
198.0 0.4609375
199.0 0.3984375
200.0 0.4921875
201.0 0.6875
202.0 0.4609375
203.0 0.5390625
204.0 0.671875
205.0 0.6640625
206.0 0.640625
207.0 0.15625
208.0 0.0
209.0 0.0
210.0 0.0
211.0 0.0
212.0 0.0
213.0 0.0
214.0 4.25
215.0 0.7265625
216.0 0.65625
217.0 0.390625
218.0 0.7890625
219.0 0.578125
220.0 0.71875
221.0 0.5703125
222.0 0.65625
223.0 0.71875
224.0 0.71875
225.0 0.703125
226.0 0.5390625
227.0 0.4921875
228.0 0.4375
229.0 0.4609375
230.0 0.328125
231.0 0.0
232.0 0.0
233.0 0.0
234.0 4.4765625
235.0 0.8828125
236.0 1.03125
237.0 0.8203125
238.0 0.6015625
239.0 0.640625
240.0 0.8359375
241.0 0.734375
242.0 0.6953125
243.0 0.7265625
244.0 0.6953125
245.0 0.5390625
246.0 0.6015625
247.0 0.2734375
248.0 0.0
249.0 0.0
250.0 0.0
251.0 0.0
252.0 0.0
253.0 4.875
254.0 0.5703125
255.0 0.8125
256.0 0.6640625
257.0 0.8515625
258.0 0.984375
259.0 0.7890625
260.0 0.984375
261.0 1.1640625
262.0 0.9609375
263.0 1.1796875
264.0 1.0
265.0 0.5078125
266.0 0.0
267.0 0.0
268.0 0.0
269.0 4.8125
270.0 0.453125
271.0 0.0
272.0 0.0
273.0 0.0
274.0 0.0
275.0 4.234375
276.0 1.1484375
277.0 1.0
278.0 1.0234375
279.0 0.8828125
280.0 0.875
281.0 0.5546875
282.0 0.8203125
283.0 1.1171875
284.0 0.8203125
285.0 0.84375
286.0 0.8046875
287.0 0.6171875
288.0 0.515625
289.0 0.578125
290.0 0.9609375
291.0 1.0
292.0 0.1015625
293.0 0.0
294.0 0.0
295.0 0.0
296.0 4.828125
297.0 0.8125
298.0 1.1171875
299.0 1.4921875
300.0 1.5390625
301.0 1.6171875
302.0 1.4609375
303.0 1.6171875
304.0 0.8046875
305.0 0.0
306.0 0.0
307.0 4.265625
308.0 1.2265625
309.0 0.9375
310.0 0.4296875
311.0 0.0
312.0 0.15625
313.0 1.4140625
314.0 1.1640625
315.0 0.4375
316.0 0.34375
317.0 0.3984375
318.0 0.3125
319.0 0.375
320.0 0.484375
321.0 0.375
322.0 0.609375
323.0 1.0546875
324.0 0.9921875
325.0 0.703125
326.0 0.8515625
327.0 0.5859375
328.0 0.609375
329.0 0.78125
330.0 0.734375
331.0 0.7265625
332.0 0.28125
333.0 0.0
334.0 0.0
335.0 0.0
336.0 0.0
337.0 4.6328125
338.0 0.8359375
339.0 0.609375
340.0 1.203125
341.0 0.875
342.0 0.0
343.0 0.0
344.0 0.0
345.0 0.0
346.0 0.0
347.0 1.265625
348.0 4.0625
349.0 0.3125
350.0 0.0
351.0 0.6015625
352.0 1.015625
353.0 0.6875
354.0 0.7578125
355.0 1.9453125
356.0 1.1640625
357.0 1.0
358.0 1.1171875
359.0 0.734375
360.0 0.6328125
361.0 0.8515625
362.0 0.9140625
363.0 1.46875
364.0 1.4765625
365.0 1.59375
366.0 1.390625
367.0 0.96875
368.0 0.9921875
369.0 1.34375
370.0 0.8984375
371.0 0.7890625
372.0 0.6875
373.0 0.328125
374.0 0.1640625
375.0 0.328125
376.0 0.3984375
377.0 0.375
378.0 0.40625
379.0 0.0
380.0 0.0
381.0 0.0
382.0 0.0
383.0 0.0
384.0 0.0625
385.0 4.484375
386.0 0.46875
387.0 1.375
388.0 2.3359375
389.0 1.859375
390.0 1.4609375
391.0 1.4140625
392.0 1.4609375
393.0 1.671875
394.0 0.9375
395.0 0.2265625
396.0 0.0
397.0 0.0
398.0 4.7265625
399.0 1.828125
400.0 1.5234375
401.0 1.734375
402.0 1.8984375
403.0 1.7734375
404.0 1.5546875
405.0 1.7734375
406.0 1.7578125
407.0 1.1171875
408.0 0.5703125
409.0 0.0
410.0 0.0
411.0 0.0
412.0 3.1484375
413.0 0.0
414.0 3.7890625
415.0 0.21875
416.0 0.0
417.0 0.0
418.0 0.2734375
419.0 0.7890625
420.0 0.984375
421.0 0.65625
422.0 1.03125
423.0 1.3203125
424.0 1.1484375
425.0 0.8984375
426.0 0.875
427.0 0.9140625
428.0 0.609375
429.0 0.6171875
430.0 0.5546875
431.0 0.3359375
432.0 0.2734375
433.0 0.46875
434.0 0.4375
435.0 0.3046875
436.0 0.5078125
437.0 0.7265625
438.0 1.5546875
439.0 1.4765625
440.0 1.0625
441.0 0.90625
442.0 0.4921875
443.0 0.0
444.0 0.0
445.0 0.0
446.0 4.390625
447.0 1.203125
448.0 1.2265625
449.0 1.2265625
450.0 1.421875
451.0 1.296875
452.0 1.265625
453.0 1.5546875
454.0 1.7578125
455.0 1.4140625
456.0 1.5
457.0 0.421875
458.0 0.0
459.0 0.0
460.0 0.0
461.0 5.1015625
462.0 0.640625
463.0 2.25
464.0 2.03125
465.0 2.359375
466.0 1.1640625
467.0 2.0625
468.0 0.28125
469.0 3.3671875
470.0 2.359375
471.0 2.3359375
472.0 2.4296875
473.0 2.1171875
474.0 1.5234375
475.0 0.6875
476.0 0.8203125
477.0 1.1640625
478.0 1.015625
479.0 0.9140625
480.0 0.96875
481.0 0.703125
482.0 0.65625
483.0 0.0
484.0 0.0
485.0 0.0
486.0 3.953125
487.0 0.3359375
488.0 0.390625
489.0 0.140625
490.0 0.1796875
491.0 0.578125
492.0 0.7265625
493.0 0.9921875
494.0 0.8828125
495.0 0.9375
496.0 0.84375
497.0 0.6640625
498.0 0.9921875
499.0 0.9609375
500.0 0.84375
501.0 0.7265625
502.0 0.7578125
503.0 0.25
504.0 0.0
505.0 0.0
506.0 0.0
507.0 0.0
508.0 0.0
509.0 0.0
510.0 0.0
511.0 0.0
512.0 0.0
513.0 0.0
514.0 0.0
515.0 0.0
516.0 4.421875
517.0 0.515625
518.0 0.546875
519.0 0.1796875
520.0 0.2734375
521.0 0.8046875
522.0 0.84375
523.0 0.734375
524.0 0.8046875
525.0 0.75
526.0 1.171875
527.0 1.2578125
528.0 1.0546875
529.0 0.34375
530.0 0.125
531.0 0.2109375
532.0 0.4296875
533.0 0.578125
534.0 0.0703125
535.0 0.0
536.0 0.0
537.0 0.0
538.0 0.0
539.0 0.0
540.0 4.6328125
541.0 0.609375
542.0 0.453125
543.0 0.65625
544.0 1.4375
545.0 1.40625
546.0 1.1640625
547.0 0.4921875
548.0 0.0
549.0 0.0
550.0 0.0
551.0 4.6328125
552.0 1.265625
553.0 0.65625
554.0 0.6015625
555.0 0.4296875
556.0 0.9921875
557.0 1.140625
558.0 0.7265625
559.0 0.671875
560.0 1.3828125
561.0 1.4765625
562.0 1.671875
563.0 1.2265625
564.0 0.1953125
565.0 0.0
566.0 0.0
567.0 0.0
568.0 0.0
569.0 0.0
570.0 0.0
571.0 4.3671875
572.0 0.28125
573.0 0.3671875
574.0 0.3984375
575.0 0.5234375
576.0 0.65625
577.0 0.0390625
578.0 0.0
579.0 0.0
580.0 0.6640625
581.0 0.3125
582.0 0.3984375
583.0 0.7265625
584.0 0.703125
585.0 1.2265625
586.0 1.796875
587.0 2.0
588.0 1.5
589.0 1.4140625
590.0 0.875
591.0 0.9375
592.0 0.984375
593.0 0.40625
594.0 0.2265625
595.0 0.0
596.0 0.0
597.0 0.0
598.0 0.0
599.0 0.0
