0.0 0.0
1.0 0.0
2.0 0.0
3.0 0.0
4.0 0.0
5.0 0.0
6.0 0.0
7.0 0.0
8.0 4.4140625
9.0 0.421875
10.0 0.6015625
11.0 0.2265625
12.0 0.3984375
13.0 0.421875
14.0 0.3125
15.0 0.2578125
16.0 0.3125
17.0 0.359375
18.0 0.46875
19.0 0.28125
20.0 0.3125
21.0 0.375
22.0 0.421875
23.0 0.359375
24.0 0.375
25.0 0.25
26.0 0.2890625
27.0 0.3671875
28.0 0.4375
29.0 0.28125
30.0 0.21875
31.0 0.3125
32.0 0.03125
33.0 0.0
34.0 0.0
35.0 0.0
36.0 0.0
37.0 0.0
38.0 0.0
39.0 0.0
40.0 5.1640625
41.0 0.7265625
42.0 0.5859375
43.0 1.359375
44.0 0.78125
45.0 0.2890625
46.0 0.2734375
47.0 0.21875
48.0 0.1953125
49.0 0.359375
50.0 0.484375
51.0 0.375
52.0 0.8984375
53.0 0.9140625
54.0 0.6640625
55.0 0.0
56.0 0.0
57.0 0.0
58.0 0.0
59.0 0.0
60.0 0.0
61.0 0.0
62.0 0.0
63.0 0.0
64.0 0.0
65.0 0.0
66.0 0.0
67.0 4.46875
68.0 0.421875
69.0 0.2890625
70.0 0.3671875
71.0 0.25
72.0 0.40625
73.0 0.09375
74.0 0.0
75.0 0.0
76.0 0.0
77.0 0.0
78.0 0.0
79.0 0.3671875
80.0 0.375
81.0 0.2890625
82.0 0.453125
83.0 0.2578125
84.0 0.34375
85.0 0.34375
86.0 0.375
87.0 0.5234375
88.0 0.4609375
89.0 0.2578125
90.0 0.2421875
91.0 0.28125
92.0 0.34375
93.0 0.4375
94.0 0.2890625
95.0 0.359375
96.0 0.328125
97.0 0.34375
98.0 0.3984375
99.0 0.2265625
100.0 0.375
101.0 0.34375
102.0 0.328125
103.0 0.3984375
104.0 0.3359375
105.0 0.484375
106.0 0.3671875
107.0 0.21875
108.0 0.2421875
109.0 0.390625
110.0 0.390625
111.0 0.109375
112.0 0.0
113.0 0.0
114.0 0.0
115.0 0.0
116.0 0.0
117.0 0.0
118.0 0.0
119.0 0.0
120.0 4.53125
121.0 1.1796875
122.0 1.8515625
123.0 1.0234375
124.0 1.4609375
125.0 2.3984375
126.0 1.5703125
127.0 1.171875
128.0 0.0
129.0 0.0
130.0 5.140625
131.0 1.2109375
132.0 1.171875
133.0 0.9140625
134.0 0.6953125
135.0 0.65625
136.0 0.2890625
137.0 0.1015625
138.0 0.2890625
139.0 0.40625
140.0 0.359375
141.0 0.34375
142.0 1.0625
143.0 0.6328125
144.0 0.046875
145.0 0.0
146.0 0.0
147.0 0.0
148.0 0.0
149.0 0.0
150.0 0.0
151.0 0.0
152.0 0.0
153.0 0.0
154.0 0.0
155.0 0.0
156.0 0.0
157.0 4.609375
158.0 0.8125
159.0 1.1328125
160.0 0.2578125
161.0 0.0
162.0 0.0
163.0 0.0625
164.0 0.25
165.0 0.15625
166.0 0.328125
167.0 0.3671875
168.0 0.78125
169.0 0.5078125
170.0 0.3046875
171.0 0.28125
172.0 0.328125
173.0 0.703125
174.0 0.5859375
175.0 0.8984375
176.0 0.578125
177.0 0.5546875
178.0 0.2578125
179.0 0.125
180.0 0.1796875
181.0 0.390625
182.0 0.2265625
183.0 0.375
184.0 0.4296875
185.0 0.2109375
186.0 0.390625
187.0 0.8203125
188.0 0.40625
189.0 0.0078125
190.0 0.0
191.0 0.0
192.0 0.0
193.0 0.0
194.0 0.0
195.0 0.0
196.0 0.0
197.0 0.0
198.0 0.0
199.0 0.0
200.0 0.0
201.0 4.5
202.0 0.359375
203.0 0.390625
204.0 0.390625
205.0 0.2890625
206.0 0.546875
207.0 0.40625
208.0 0.5859375
209.0 0.2734375
210.0 0.1953125
211.0 0.21875
212.0 0.3046875
213.0 0.3671875
214.0 0.5234375
215.0 0.2421875
216.0 0.03125
217.0 0.0
218.0 0.0
219.0 0.0
220.0 0.0
221.0 0.0
222.0 0.0
223.0 0.0
224.0 0.0
225.0 0.0
226.0 0.0
227.0 0.0
228.0 2.8203125
229.0 0.0
230.0 4.171875
231.0 0.9296875
232.0 1.0546875
233.0 1.140625
234.0 0.7578125
235.0 1.0859375
236.0 0.90625
237.0 0.8671875
238.0 0.9921875
239.0 1.2421875
240.0 0.0
241.0 0.0
242.0 0.0
243.0 0.0
244.0 0.0
245.0 4.46875
246.0 0.21875
247.0 0.3046875
248.0 0.2890625
249.0 0.328125
250.0 0.4921875
251.0 0.2421875
252.0 0.25
253.0 0.390625
254.0 0.328125
255.0 0.328125
256.0 0.3125
257.0 0.3125
258.0 0.34375
259.0 0.359375
260.0 0.390625
261.0 0.125
262.0 0.0
263.0 0.0
264.0 0.0
265.0 0.0
266.0 0.0
267.0 0.0
268.0 4.53125
269.0 0.6640625
270.0 0.8046875
271.0 0.765625
272.0 0.6953125
273.0 0.4375
274.0 0.2421875
275.0 0.2890625
276.0 0.640625
277.0 0.640625
278.0 0.4375
279.0 0.0
280.0 0.0
281.0 0.0
282.0 0.0
283.0 0.0
284.0 0.0
285.0 0.0
286.0 4.265625
287.0 0.375
288.0 0.1953125
289.0 0.328125
290.0 0.3359375
291.0 0.5078125
292.0 0.25
293.0 0.2734375
294.0 0.4296875
295.0 0.5234375
296.0 0.65625
297.0 1.0
298.0 0.8671875
299.0 0.5703125
300.0 0.0
301.0 0.0
302.0 0.0
303.0 0.0
304.0 5.34375
305.0 1.9765625
306.0 0.390625
307.0 0.2421875
308.0 0.2265625
309.0 0.359375
310.0 0.3671875
311.0 0.453125
312.0 0.3125
313.0 0.359375
314.0 0.328125
315.0 0.3359375
316.0 0.359375
317.0 0.390625
318.0 0.109375
319.0 0.0
320.0 0.0
321.0 0.0
322.0 0.0
323.0 0.0
324.0 0.0
325.0 0.0
326.0 0.0
327.0 0.0
328.0 1.5703125
329.0 4.546875
330.0 0.3359375
331.0 0.2734375
332.0 0.1328125
333.0 0.375
334.0 0.3125
335.0 0.453125
336.0 0.4375
337.0 0.3046875
338.0 0.2890625
339.0 0.390625
340.0 0.40625
341.0 0.84375
342.0 0.484375
343.0 0.0
344.0 4.5625
345.0 2.2734375
346.0 2.0703125
347.0 2.4296875
348.0 1.609375
349.0 1.8828125
350.0 2.265625
351.0 1.9375
352.0 1.859375
353.0 1.7734375
354.0 1.390625
355.0 2.1875
356.0 0.0
357.0 0.0
358.0 5.34375
359.0 1.765625
360.0 2.2734375
361.0 1.5078125
362.0 2.0078125
363.0 2.1484375
364.0 1.8828125
365.0 0.984375
366.0 0.0
367.0 4.78125
368.0 1.0234375
369.0 0.8984375
370.0 1.0625
371.0 1.5234375
372.0 1.3828125
373.0 1.3125
374.0 1.296875
375.0 1.0
376.0 1.0234375
377.0 1.078125
378.0 1.34375
379.0 0.0
380.0 0.0
381.0 4.859375
382.0 1.859375
383.0 2.375
384.0 2.453125
385.0 1.34375
386.0 1.5078125
387.0 2.4609375
388.0 2.8359375
389.0 2.1953125
390.0 0.0
391.0 0.0
392.0 6.2265625
393.0 0.8046875
394.0 3.1796875
395.0 2.421875
396.0 1.59375
397.0 2.03125
398.0 2.5703125
399.0 2.125
400.0 2.15625
401.0 2.5078125
402.0 2.515625
403.0 2.2109375
404.0 1.0546875
405.0 0.0
406.0 5.6328125
407.0 2.1328125
408.0 1.7578125
409.0 1.5703125
410.0 2.0703125
411.0 1.4453125
412.0 1.8984375
413.0 2.359375
414.0 1.5078125
415.0 0.0
416.0 0.0
417.0 5.609375
418.0 0.0625
419.0 3.2890625
420.0 1.59375
421.0 1.7890625
422.0 1.828125
423.0 1.328125
424.0 1.8515625
425.0 2.1484375
426.0 1.2109375
427.0 1.4453125
428.0 1.734375
429.0 2.125
430.0 2.328125
431.0 2.8515625
432.0 3.1796875
433.0 2.4765625
434.0 0.0
435.0 6.2734375
436.0 3.1484375
437.0 2.8125
438.0 2.1171875
439.0 0.0
440.0 6.3046875
441.0 2.984375
442.0 3.609375
443.0 3.4609375
444.0 2.625
445.0 2.8046875
446.0 2.671875
447.0 2.7421875
448.0 3.6171875
449.0 2.4921875
450.0 2.921875
451.0 2.7421875
452.0 1.0
453.0 4.890625
454.0 3.1015625
455.0 3.4453125
456.0 3.5234375
457.0 3.265625
458.0 2.1953125
459.0 4.6328125
460.0 3.0390625
461.0 2.0078125
462.0 1.171875
463.0 1.171875
464.0 2.625
465.0 2.7578125
466.0 2.25
467.0 1.5234375
468.0 1.9140625
469.0 1.0859375
470.0 1.421875
471.0 1.921875
472.0 0.0
473.0 6.0
474.0 2.625
475.0 3.015625
476.0 3.4375
477.0 2.21875
478.0 1.71875
479.0 0.34375
480.0 0.0
481.0 5.109375
482.0 2.4296875
483.0 3.015625
484.0 3.34375
485.0 2.1640625
486.0 2.375
487.0 2.359375
488.0 1.9453125
489.0 2.4765625
490.0 2.359375
491.0 1.7734375
492.0 3.0390625
493.0 2.7890625
494.0 0.4609375
495.0 4.859375
496.0 0.3671875
497.0 5.1640625
498.0 3.1328125
499.0 2.8359375
500.0 2.265625
501.0 2.71875
502.0 1.765625
503.0 2.1796875
504.0 2.0
505.0 1.9453125
506.0 1.7109375
507.0 1.7421875
508.0 2.0
509.0 0.75
510.0 0.0
511.0 0.0
512.0 5.3203125
513.0 0.96875
514.0 0.0625
515.0 2.15625
516.0 3.0234375
517.0 2.015625
518.0 1.6796875
519.0 1.3125
520.0 1.703125
521.0 2.4296875
522.0 1.703125
523.0 1.7890625
524.0 1.828125
525.0 0.4375
526.0 0.0
527.0 0.0
528.0 5.109375
529.0 1.5546875
530.0 0.3671875
531.0 0.546875
532.0 1.5390625
533.0 2.015625
534.0 1.6171875
535.0 1.359375
536.0 1.5390625
537.0 1.5546875
538.0 1.8984375
539.0 1.46875
540.0 0.75
541.0 0.9140625
542.0 0.8046875
543.0 0.8359375
544.0 0.703125
545.0 0.0
546.0 0.0
547.0 0.0
548.0 4.515625
549.0 1.40625
550.0 1.2421875
551.0 0.90625
552.0 0.9609375
553.0 0.9609375
554.0 2.1171875
555.0 2.234375
556.0 2.71875
557.0 1.671875
558.0 0.484375
559.0 0.0625
560.0 0.0
561.0 0.0
562.0 4.828125
563.0 1.4453125
564.0 1.46875
565.0 1.1484375
566.0 1.03125
567.0 0.6328125
568.0 0.515625
569.0 1.078125
570.0 0.46875
571.0 0.453125
572.0 0.2578125
573.0 0.6640625
574.0 0.5703125
575.0 0.078125
576.0 0.0
577.0 0.0
578.0 0.0
579.0 4.84375
580.0 0.984375
581.0 0.8515625
582.0 0.7890625
583.0 1.2578125
584.0 0.8203125
585.0 0.7265625
586.0 0.5703125
587.0 0.3359375
588.0 0.8671875
589.0 1.2578125
590.0 0.5078125
591.0 0.0
592.0 0.0
593.0 0.0
594.0 5.1015625
595.0 0.65625
596.0 0.640625
597.0 1.4375
598.0 1.4609375
599.0 0.875
