0.0 0.34375
1.0 0.4375
2.0 0.3125
3.0 0.25
4.0 0.390625
5.0 0.4375
6.0 0.3125
7.0 0.2734375
8.0 0.65625
9.0 1.921875
10.0 0.8828125
11.0 0.3046875
12.0 0.2890625
13.0 0.2421875
14.0 0.2578125
15.0 0.40625
16.0 0.2734375
17.0 0.34375
18.0 0.25
19.0 0.65625
20.0 0.4296875
21.0 0.3046875
22.0 0.1796875
23.0 0.0
24.0 0.0
25.0 0.0
26.0 0.0
27.0 0.0
28.0 0.0
29.0 0.0
30.0 0.0
31.0 0.0
32.0 4.0546875
33.0 1.5546875
34.0 0.8515625
35.0 0.359375
36.0 0.34375
37.0 0.2890625
38.0 0.2109375
39.0 0.328125
40.0 0.4296875
41.0 0.2578125
42.0 0.28125
43.0 0.390625
44.0 0.2890625
45.0 0.359375
46.0 0.34375
47.0 0.640625
48.0 0.2734375
49.0 0.25
50.0 0.7578125
51.0 0.2734375
52.0 0.0
53.0 0.0
54.0 0.0
55.0 0.0
56.0 0.0
57.0 0.0
58.0 0.0
59.0 0.0
60.0 0.0
61.0 0.0
62.0 0.0
63.0 0.0
64.0 0.0
65.0 0.15625
66.0 4.6328125
67.0 0.2578125
68.0 0.3359375
69.0 0.359375
70.0 0.390625
71.0 0.4296875
72.0 0.3359375
73.0 0.2421875
74.0 0.421875
75.0 0.5234375
76.0 0.2734375
77.0 0.3359375
78.0 0.3984375
79.0 0.46875
80.0 0.2734375
81.0 0.4375
82.0 0.1015625
83.0 0.0
84.0 0.0
85.0 0.0
86.0 0.0
87.0 0.0
88.0 0.0
89.0 0.0
90.0 4.171875
91.0 0.375
92.0 0.4296875
93.0 0.34375
94.0 0.078125
95.0 0.0
96.0 0.0
97.0 0.0
98.0 0.0
99.0 0.0
100.0 2.9296875
101.0 0.3125
102.0 0.3671875
103.0 0.4921875
104.0 0.109375
105.0 0.2734375
106.0 0.2890625
107.0 0.2890625
108.0 0.359375
109.0 0.3359375
110.0 0.3671875
111.0 0.34375
112.0 0.375
113.0 0.328125
114.0 0.2890625
115.0 0.3125
116.0 0.3046875
117.0 0.390625
118.0 0.46875
119.0 0.140625
120.0 0.0
121.0 0.0
122.0 0.0
123.0 0.0
124.0 0.0
125.0 0.0
126.0 0.0
127.0 0.0
128.0 3.3671875
129.0 0.1796875
130.0 0.3671875
131.0 0.328125
132.0 0.328125
133.0 0.3984375
134.0 0.3125
135.0 0.2578125
136.0 0.3125
137.0 0.2421875
138.0 0.4296875
139.0 0.2421875
140.0 0.359375
141.0 0.3671875
142.0 0.375
143.0 0.328125
144.0 0.375
145.0 0.359375
146.0 0.390625
147.0 0.359375
148.0 0.390625
149.0 0.40625
150.0 0.609375
151.0 0.28125
152.0 0.1796875
153.0 0.0
154.0 0.0
155.0 0.0
156.0 0.0
157.0 0.0
158.0 0.0
159.0 0.0
160.0 0.0
161.0 0.0
162.0 0.0
163.0 0.0
164.0 0.0
165.0 4.59375
166.0 0.2265625
167.0 0.40625
168.0 0.578125
169.0 0.21875
170.0 0.2578125
171.0 0.3671875
172.0 0.2734375
173.0 0.0
174.0 0.0
175.0 0.0
176.0 0.0
177.0 0.0
178.0 0.0
179.0 0.0
180.0 0.140625
181.0 0.3125
182.0 0.3359375
183.0 0.421875
184.0 0.1953125
185.0 0.0
186.0 0.0
187.0 0.0
188.0 2.2109375
189.0 0.25
190.0 0.21875
191.0 0.4296875
192.0 0.7265625
193.0 1.03125
194.0 0.2109375
195.0 0.2109375
196.0 0.25
197.0 0.8515625
198.0 1.640625
199.0 0.375
200.0 0.375
201.0 0.2578125
202.0 0.3671875
203.0 0.4296875
204.0 0.2109375
205.0 0.453125
206.0 0.5703125
207.0 0.2578125
208.0 0.28125
209.0 0.546875
210.0 0.3125
211.0 0.2578125
212.0 0.34375
213.0 0.3046875
214.0 0.359375
215.0 0.4921875
216.0 0.328125
217.0 0.21875
218.0 0.1328125
219.0 0.0
220.0 0.0
221.0 0.0
222.0 0.0
223.0 0.0
224.0 0.0
225.0 0.0
226.0 0.0
227.0 0.0
228.0 0.0
229.0 0.0
230.0 4.4296875
231.0 0.34375
232.0 0.3671875
233.0 0.3671875
234.0 0.3125
235.0 0.3671875
236.0 0.3671875
237.0 0.2890625
238.0 0.390625
239.0 0.2109375
240.0 0.3046875
241.0 0.2734375
242.0 0.2890625
243.0 0.3046875
244.0 0.3125
245.0 0.46875
246.0 0.2421875
247.0 0.078125
248.0 0.0
249.0 0.0
250.0 0.0
251.0 0.0
252.0 0.0
253.0 0.0
254.0 0.0
255.0 0.0
256.0 0.0
257.0 4.609375
258.0 0.2734375
259.0 0.2109375
260.0 0.3359375
261.0 0.3671875
262.0 0.34375
263.0 0.3125
264.0 0.5859375
265.0 0.328125
266.0 0.2734375
267.0 0.359375
268.0 0.390625
269.0 0.2421875
270.0 0.2265625
271.0 0.3984375
272.0 0.34375
273.0 0.390625
274.0 0.328125
275.0 0.3671875
276.0 0.3125
277.0 0.0
278.0 0.0
279.0 0.0
280.0 0.0
281.0 0.0
282.0 0.0
283.0 0.0
284.0 0.0
285.0 0.0
286.0 0.0
287.0 0.0
288.0 0.0
289.0 4.53125
290.0 0.40625
291.0 0.8515625
292.0 1.40625
293.0 0.2265625
294.0 0.1953125
295.0 0.0703125
296.0 0.28125
297.0 0.1015625
298.0 0.0
299.0 0.0
300.0 0.0
301.0 0.0
302.0 0.0
303.0 0.0
304.0 0.0
305.0 0.0
306.0 0.0
307.0 3.859375
308.0 0.359375
309.0 0.6015625
310.0 0.2890625
311.0 0.3125
312.0 0.421875
313.0 0.2734375
314.0 0.3671875
315.0 0.375
316.0 0.390625
317.0 0.34375
318.0 0.3046875
319.0 0.390625
320.0 0.5078125
321.0 0.28125
322.0 0.390625
323.0 0.34375
324.0 0.3125
325.0 0.3359375
326.0 0.3125
327.0 0.328125
328.0 0.421875
329.0 0.2578125
330.0 0.0
331.0 0.0
332.0 0.0
333.0 0.0
334.0 0.0
335.0 0.0
336.0 0.0
337.0 0.0
338.0 0.0
339.0 0.0
340.0 0.0
341.0 0.0
342.0 0.0
343.0 4.484375
344.0 0.2265625
345.0 0.3125
346.0 0.34375
347.0 0.3359375
348.0 0.3671875
349.0 0.34375
350.0 0.2890625
351.0 0.375
352.0 0.3359375
353.0 0.3046875
354.0 0.375
355.0 0.375
356.0 0.359375
357.0 0.375
358.0 0.25
359.0 0.0
360.0 0.0
361.0 0.0
362.0 0.0
363.0 0.0
364.0 0.0
365.0 0.0
366.0 0.0
367.0 0.0
368.0 1.5859375
369.0 0.0
370.0 4.03125
371.0 0.2265625
372.0 0.2265625
373.0 0.3046875
374.0 0.875
375.0 0.1875
376.0 0.15625
377.0 0.2265625
378.0 0.046875
379.0 0.0
380.0 0.0
381.0 0.0
382.0 0.0
383.0 0.0
384.0 3.5859375
385.0 0.453125
386.0 0.1875
387.0 0.2890625
388.0 0.359375
389.0 0.2734375
390.0 0.4375
391.0 0.328125
392.0 0.2109375
393.0 0.515625
394.0 0.421875
395.0 0.21875
396.0 0.28125
397.0 0.4296875
398.0 0.390625
399.0 0.2890625
400.0 0.390625
401.0 0.3984375
402.0 0.2890625
403.0 0.5703125
404.0 0.671875
405.0 0.609375
406.0 0.3984375
407.0 0.2265625
408.0 0.0
409.0 0.0
410.0 0.0
411.0 0.0
412.0 0.0
413.0 0.0
414.0 0.0
415.0 0.0
416.0 0.0
417.0 0.0
418.0 0.0
419.0 0.0390625
420.0 2.296875
421.0 0.0
422.0 0.0
423.0 0.0
424.0 3.765625
425.0 0.359375
426.0 0.3671875
427.0 0.015625
428.0 0.0
429.0 0.0
430.0 0.0
431.0 0.0
432.0 0.0
433.0 0.0
434.0 0.1875
435.0 0.34375
436.0 0.375
437.0 0.359375
438.0 0.359375
439.0 0.3671875
440.0 0.3984375
441.0 0.25
442.0 0.390625
443.0 0.3671875
444.0 0.3671875
445.0 0.34375
446.0 0.359375
447.0 0.5234375
448.0 0.46875
449.0 0.390625
450.0 0.3046875
451.0 0.3671875
452.0 0.34375
453.0 0.359375
454.0 0.3671875
455.0 0.3671875
456.0 0.375
457.0 0.390625
458.0 0.34375
459.0 0.390625
460.0 0.375
461.0 0.2421875
462.0 0.375
463.0 0.359375
464.0 0.3359375
465.0 0.3671875
466.0 0.3984375
467.0 0.2890625
468.0 0.2890625
469.0 0.40625
470.0 0.25
471.0 0.0
472.0 0.0
473.0 0.0
474.0 0.0
475.0 0.0
476.0 0.0
477.0 0.0
478.0 0.0
479.0 0.0
480.0 0.0
481.0 0.0
482.0 0.0
483.0 4.90625
484.0 0.34375
485.0 0.3671875
486.0 0.4296875
487.0 0.6171875
488.0 1.09375
489.0 0.5859375
490.0 0.6640625
491.0 0.6953125
492.0 0.7890625
493.0 0.8515625
494.0 1.3828125
495.0 1.2578125
496.0 0.984375
497.0 1.5390625
498.0 1.0234375
499.0 0.2109375
500.0 0.0
501.0 0.0
502.0 2.625
503.0 3.734375
504.0 0.90625
505.0 1.0
506.0 1.0234375
507.0 1.5859375
508.0 1.4921875
509.0 0.8671875
510.0 0.9609375
511.0 1.4375
512.0 1.2109375
513.0 0.0
514.0 0.0
515.0 0.0
516.0 0.0
517.0 4.6953125
518.0 0.3359375
519.0 0.484375
520.0 0.90625
521.0 1.3203125
522.0 0.4609375
523.0 0.140625
524.0 0.2109375
525.0 0.34375
526.0 0.359375
527.0 0.4375
528.0 0.4921875
529.0 0.5703125
530.0 0.375
531.0 0.40625
532.0 0.1796875
533.0 0.0
534.0 0.0
535.0 0.0
536.0 0.0
537.0 0.0
538.0 0.0
539.0 0.0
540.0 0.0
541.0 4.0234375
542.0 0.0
543.0 0.0
544.0 0.0
545.0 0.0
546.0 0.0
547.0 0.0
548.0 3.0390625
549.0 0.28125
550.0 0.40625
551.0 0.609375
552.0 0.1640625
553.0 0.2734375
554.0 0.3984375
555.0 0.2421875
556.0 0.390625
557.0 0.25
558.0 0.3125
559.0 0.3671875
560.0 0.4296875
561.0 0.2890625
562.0 0.359375
563.0 0.390625
564.0 0.0078125
565.0 0.0
566.0 0.0
567.0 0.0
568.0 0.0
569.0 0.0
570.0 0.0
571.0 0.0
572.0 0.0
573.0 0.0
574.0 0.0
575.0 0.0
576.0 4.46875
577.0 0.2421875
578.0 0.328125
579.0 0.34375
580.0 0.359375
581.0 0.5078125
582.0 0.28125
583.0 0.328125
584.0 0.390625
585.0 0.328125
586.0 0.3671875
587.0 0.3046875
588.0 0.390625
589.0 0.28125
590.0 0.25
591.0 0.375
592.0 0.40625
593.0 0.4609375
594.0 0.25
595.0 0.34375
596.0 0.34375
597.0 0.390625
598.0 0.390625
599.0 0.3671875
