0.0 7.125
1.0 5.5546875
2.0 8.6484375
3.0 7.015625
4.0 7.0625
5.0 7.125
6.0 2.4296875
7.0 11.8359375
8.0 7.0625
9.0 4.7421875
10.0 9.296875
11.0 7.21875
12.0 6.828125
13.0 6.6484375
14.0 6.84375
15.0 4.796875
16.0 9.3125
17.0 7.28125
18.0 7.1953125
19.0 4.8125
20.0 9.375
21.0 7.0390625
22.0 7.140625
23.0 7.0625
24.0 7.0625
25.0 4.65625
26.0 8.8515625
27.0 7.125
28.0 7.09375
29.0 7.0625
30.0 6.8984375
31.0 7.078125
32.0 7.1796875
33.0 7.2890625
34.0 7.2265625
35.0 7.03125
36.0 7.125
37.0 5.140625
38.0 9.484375
39.0 6.9609375
40.0 7.2265625
41.0 5.078125
42.0 9.453125
43.0 7.2734375
44.0 7.2265625
45.0 7.2421875
46.0 7.1328125
47.0 7.2890625
48.0 6.953125
49.0 7.0703125
50.0 7.2109375
51.0 7.125
52.0 7.5859375
53.0 7.484375
54.0 7.5234375
55.0 7.28125
56.0 1.8359375
57.0 12.7421875
58.0 7.2890625
59.0 3.3203125
60.0 11.203125
61.0 4.953125
62.0 9.8359375
63.0 7.3125
64.0 7.2265625
65.0 7.21875
66.0 7.3046875
67.0 7.546875
68.0 7.2578125
69.0 7.3125
70.0 7.3359375
71.0 7.21875
72.0 7.015625
73.0 6.953125
74.0 7.2734375
75.0 7.2578125
76.0 2.3359375
77.0 12.203125
78.0 7.25
79.0 7.15625
80.0 7.046875
81.0 7.2265625
82.0 7.0390625
83.0 7.3046875
84.0 7.359375
85.0 7.3046875
86.0 7.5234375
87.0 7.2890625
88.0 7.28125
89.0 7.1875
90.0 7.1953125
91.0 7.359375
92.0 7.4375
93.0 2.03125
94.0 12.4921875
95.0 7.0390625
96.0 6.890625
97.0 7.1875
98.0 7.2421875
99.0 7.3671875
100.0 7.078125
101.0 7.453125
102.0 7.3125
103.0 7.4375
104.0 7.3359375
105.0 7.3359375
106.0 7.3125
107.0 7.125
108.0 7.515625
109.0 7.5859375
110.0 7.34375
111.0 4.921875
112.0 9.328125
113.0 7.2421875
114.0 7.2109375
115.0 7.078125
116.0 7.1328125
117.0 5.2265625
118.0 9.7265625
119.0 5.0390625
120.0 9.6015625
121.0 7.1640625
122.0 7.2734375
123.0 7.359375
124.0 7.28125
125.0 7.453125
126.0 7.34375
127.0 7.2578125
128.0 7.0078125
129.0 7.34375
130.0 7.0625
131.0 7.3359375
132.0 7.1015625
133.0 7.46875
134.0 2.1953125
135.0 12.3828125
136.0 7.3671875
137.0 4.4296875
138.0 9.6953125
139.0 7.2109375
140.0 7.03125
141.0 7.28125
142.0 7.3046875
143.0 7.125
144.0 7.1640625
145.0 7.0703125
146.0 7.3359375
147.0 6.8671875
148.0 7.40625
149.0 6.5
150.0 8.0859375
151.0 7.1796875
152.0 7.21875
153.0 7.3671875
154.0 7.453125
155.0 7.34375
156.0 7.1640625
157.0 7.078125
158.0 7.359375
159.0 7.3203125
160.0 7.421875
161.0 7.1796875
162.0 7.359375
163.0 7.4609375
164.0 7.109375
165.0 7.15625
166.0 7.09375
167.0 3.578125
168.0 10.96875
169.0 7.109375
170.0 7.1328125
171.0 7.1328125
172.0 7.3046875
173.0 7.2421875
174.0 7.4921875
175.0 7.421875
176.0 7.46875
177.0 7.1796875
178.0 7.3359375
179.0 7.4296875
180.0 4.03125
181.0 10.6796875
182.0 7.1015625
183.0 7.28125
184.0 3.46875
185.0 10.984375
186.0 7.421875
187.0 7.1328125
188.0 7.1796875
189.0 7.109375
190.0 7.1640625
191.0 7.5078125
192.0 7.1015625
193.0 7.1875
194.0 7.2578125
195.0 7.1015625
196.0 7.3125
197.0 7.3984375
198.0 7.390625
199.0 7.3046875
200.0 7.4609375
201.0 7.640625
202.0 7.1015625
203.0 3.28125
204.0 11.1328125
205.0 7.21875
206.0 7.1953125
207.0 7.734375
208.0 7.5859375
209.0 7.4921875
210.0 7.3203125
211.0 7.4375
212.0 7.5234375
213.0 7.2578125
214.0 7.4921875
215.0 7.453125
216.0 4.0703125
217.0 10.828125
218.0 7.28125
219.0 6.0390625
220.0 8.796875
221.0 7.2890625
222.0 7.4375
223.0 7.3984375
224.0 7.3671875
225.0 7.5546875
226.0 7.359375
227.0 7.5078125
228.0 7.25
229.0 4.84375
230.0 9.4765625
231.0 7.0703125
232.0 7.390625
233.0 7.125
234.0 7.09375
235.0 7.3359375
236.0 7.25
237.0 7.3671875
238.0 7.1875
239.0 6.515625
240.0 8.5703125
241.0 7.515625
242.0 7.4375
243.0 7.375
244.0 7.3125
245.0 7.2890625
246.0 7.5078125
247.0 4.8671875
248.0 9.7734375
249.0 7.1953125
250.0 7.421875
251.0 7.2109375
252.0 7.09375
253.0 7.3125
254.0 6.890625
255.0 7.2265625
256.0 7.21875
257.0 7.40625
258.0 7.3125
259.0 7.2578125
260.0 7.390625
261.0 4.8984375
262.0 9.6640625
263.0 7.2421875
264.0 7.5234375
265.0 5.1640625
266.0 9.484375
267.0 7.453125
268.0 7.2421875
269.0 7.3203125
270.0 7.46875
271.0 6.8984375
272.0 6.8046875
273.0 7.03125
274.0 7.2265625
275.0 7.109375
276.0 7.1640625
277.0 7.0390625
278.0 3.1640625
279.0 11.5390625
280.0 7.359375
281.0 6.828125
282.0 7.078125
283.0 6.984375
284.0 7.484375
285.0 7.359375
286.0 7.0625
287.0 7.2890625
288.0 7.421875
289.0 5.015625
290.0 9.4453125
291.0 7.3984375
292.0 7.28125
293.0 7.3359375
294.0 7.46875
295.0 6.859375
296.0 7.2890625
297.0 5.0703125
298.0 9.3671875
299.0 5.0234375
300.0 9.4921875
301.0 7.140625
302.0 7.15625
303.0 7.0390625
304.0 7.0078125
305.0 7.2734375
306.0 7.1953125
307.0 7.046875
308.0 7.0703125
309.0 7.1328125
310.0 7.1875
311.0 7.2265625
312.0 6.9140625
313.0 6.03125
314.0 7.78125
315.0 7.28125
316.0 7.4296875
317.0 7.0703125
318.0 7.1953125
319.0 4.796875
320.0 9.7421875
321.0 7.3984375
322.0 7.2734375
323.0 7.2890625
324.0 7.359375
325.0 5.1015625
326.0 9.5234375
327.0 5.0546875
328.0 9.6328125
329.0 7.28125
330.0 7.359375
331.0 7.34375
332.0 7.2421875
333.0 7.3359375
334.0 7.4921875
335.0 7.28125
336.0 7.375
337.0 7.15625
338.0 7.3203125
339.0 7.546875
340.0 7.2578125
341.0 5.078125
342.0 9.578125
343.0 7.1875
344.0 7.375
345.0 5.1953125
346.0 8.7734375
347.0 7.359375
348.0 7.4609375
349.0 7.421875
350.0 7.5546875
351.0 7.2734375
352.0 7.421875
353.0 7.609375
354.0 7.484375
355.0 7.46875
356.0 7.484375
357.0 7.703125
358.0 6.3828125
359.0 7.9921875
360.0 7.3359375
361.0 7.390625
362.0 7.2890625
363.0 4.828125
364.0 10.0703125
365.0 7.4609375
366.0 7.34375
367.0 7.3359375
368.0 7.2890625
369.0 7.375
370.0 7.5390625
371.0 7.28125
372.0 7.375
373.0 5.234375
374.0 9.484375
375.0 7.3984375
376.0 7.6875
377.0 7.3125
378.0 7.4609375
379.0 7.3125
380.0 7.5546875
381.0 7.5859375
382.0 7.359375
383.0 7.2265625
384.0 7.28125
385.0 7.3125
386.0 7.1796875
387.0 7.453125
388.0 7.390625
389.0 7.5546875
390.0 7.6640625
391.0 7.21875
392.0 7.3359375
393.0 7.2578125
394.0 7.5234375
395.0 7.2578125
396.0 7.3671875
397.0 7.40625
398.0 7.65625
399.0 7.2421875
400.0 5.3671875
401.0 8.984375
402.0 7.3046875
403.0 7.1953125
404.0 7.3671875
405.0 7.4375
406.0 7.3046875
407.0 7.5390625
408.0 7.40625
409.0 7.3203125
410.0 7.1640625
411.0 7.28125
412.0 7.5390625
413.0 7.2578125
414.0 7.5078125
415.0 7.4296875
416.0 7.2421875
417.0 7.359375
418.0 7.4296875
419.0 4.265625
420.0 10.53125
421.0 7.3125
422.0 7.390625
423.0 7.1875
424.0 7.2578125
425.0 7.390625
426.0 7.484375
427.0 7.078125
428.0 7.078125
429.0 7.6640625
430.0 7.375
431.0 7.3359375
432.0 7.390625
433.0 7.2421875
434.0 7.4296875
435.0 5.0078125
436.0 9.640625
437.0 7.1796875
438.0 7.4921875
439.0 7.609375
440.0 7.5078125
441.0 5.21875
442.0 9.2421875
443.0 7.3671875
444.0 7.15625
445.0 5.234375
446.0 9.78125
447.0 7.2421875
448.0 7.453125
449.0 7.3359375
450.0 7.3046875
451.0 7.3203125
452.0 7.2421875
453.0 4.984375
454.0 9.65625
455.0 7.6171875
456.0 7.484375
457.0 7.359375
458.0 7.2109375
459.0 7.4296875
460.0 7.34375
461.0 7.421875
462.0 7.34375
463.0 7.359375
464.0 7.65625
465.0 7.4921875
466.0 7.2265625
467.0 5.859375
468.0 8.71875
469.0 7.3203125
470.0 7.5390625
471.0 7.1015625
472.0 7.2265625
473.0 7.0703125
474.0 6.9453125
475.0 3.34375
476.0 10.7421875
477.0 7.125
478.0 7.21875
479.0 7.0703125
480.0 6.9765625
481.0 7.2578125
482.0 6.828125
483.0 5.7265625
484.0 6.6484375
485.0 6.84375
486.0 7.21875
487.0 7.2734375
488.0 7.125
489.0 2.1484375
490.0 12.1015625
491.0 7.1328125
492.0 7.1015625
493.0 4.609375
494.0 8.921875
495.0 7.21875
496.0 7.0390625
497.0 7.046875
498.0 6.59375
499.0 7.015625
500.0 6.2109375
501.0 4.3359375
502.0 9.84375
503.0 7.5078125
504.0 7.3125
505.0 7.25
506.0 7.3984375
507.0 6.9453125
508.0 7.3125
509.0 7.15625
510.0 7.28125
511.0 7.2421875
512.0 7.4609375
513.0 7.515625
514.0 7.21875
515.0 3.953125
516.0 10.7109375
517.0 7.15625
518.0 7.375
519.0 7.2578125
520.0 7.09375
521.0 7.6875
522.0 7.2578125
523.0 6.6015625
524.0 6.6171875
525.0 6.203125
526.0 7.0078125
527.0 7.5390625
528.0 7.21875
529.0 7.453125
530.0 7.546875
531.0 4.890625
532.0 8.4609375
533.0 7.0703125
534.0 6.9609375
535.0 7.1875
536.0 6.71875
537.0 7.125
538.0 6.8359375
539.0 6.515625
540.0 4.625
541.0 8.4140625
542.0 6.53125
543.0 4.9921875
544.0 9.09375
545.0 5.0390625
546.0 8.4375
547.0 6.421875
548.0 7.1640625
549.0 6.8046875
550.0 6.75
551.0 6.6015625
552.0 7.0625
553.0 6.2578125
554.0 7.0078125
555.0 6.8828125
556.0 6.6796875
557.0 6.8125
558.0 6.6875
559.0 7.046875
560.0 7.140625
561.0 6.703125
562.0 6.8671875
563.0 6.953125
564.0 7.1328125
565.0 7.15625
566.0 7.09375
567.0 7.15625
568.0 7.28125
569.0 7.1953125
570.0 7.09375
571.0 7.0703125
572.0 6.9609375
573.0 6.9609375
574.0 7.1328125
575.0 5.21875
576.0 8.953125
577.0 7.15625
578.0 7.2265625
579.0 7.046875
580.0 6.9453125
581.0 7.0390625
582.0 6.765625
583.0 5.140625
584.0 9.125
585.0 7.09375
586.0 7.375
587.0 7.1953125
588.0 6.9453125
589.0 6.9765625
590.0 7.0703125
591.0 6.953125
592.0 6.984375
593.0 6.7421875
594.0 6.921875
595.0 7.09375
596.0 6.7734375
597.0 6.9453125
598.0 6.8671875
599.0 1.8359375
