0.0 26.53144560546875
1.0 23.6226787109375
2.0 27.440730078125
3.0 23.97431943359375
4.0 26.54126005859375
5.0 24.4343986328125
6.0 18.91466328125
7.0 31.47326865234375
8.0 16.524444921875
9.0 27.1702603515625
10.0 23.48968876953125
11.0 26.01453193359375
12.0 24.0030115234375
13.0 26.98665009765625
14.0 24.66216279296875
15.0 25.56596640625
16.0 23.0309373046875
17.0 26.9512486328125
18.0 23.99823349609375
19.0 26.96890400390625
20.0 24.10471611328125
21.0 26.85161103515625
22.0 24.05062412109375
23.0 26.059187109375
24.0 23.90233876953125
25.0 26.81901123046875
26.0 23.53186064453125
27.0 26.44158505859375
28.0 24.77804375
29.0 25.7600283203125
30.0 23.189777734375
31.0 26.7920716796875
32.0 23.80204130859375
33.0 27.11435673828125
34.0 24.185300390625
35.0 24.90002958984375
36.0 23.96399775390625
37.0 27.15351123046875
38.0 23.0556525390625
39.0 26.25670810546875
40.0 26.0009978515625
41.0 23.618209765625
42.0 26.94672568359375
43.0 23.32786591796875
44.0 26.09507236328125
45.0 22.74377841796875
46.0 26.7730146484375
47.0 24.55935859375
48.0 26.541687109375
49.0 23.8573126953125
50.0 24.78638701171875
51.0 23.86264560546875
52.0 26.82781142578125
53.0 23.6180849609375
54.0 27.141548046875
55.0 22.90141103515625
56.0 27.1448478515625
57.0 24.00779345703125
58.0 26.94973349609375
59.0 24.12916708984375
60.0 26.8588732421875
61.0 22.68171650390625
62.0 25.9952291015625
63.0 23.1887193359375
64.0 26.86946484375
65.0 24.09104306640625
66.0 25.19734853515625
67.0 23.36129775390625
68.0 26.93531875
69.0 23.75647763671875
70.0 26.4364623046875
71.0 22.95811962890625
72.0 24.28820068359375
73.0 24.12223984375
74.0 26.86468740234375
75.0 24.643214453125
76.0 23.34495576171875
77.0 25.3582080078125
78.0 22.12357158203125
79.0 26.72131826171875
80.0 24.74875947265625
81.0 27.2169556640625
82.0 24.21285439453125
83.0 24.97985546875
84.0 24.14707109375
85.0 26.7038748046875
86.0 23.515558203125
87.0 25.53762197265625
88.0 22.68239736328125
89.0 26.516703125
90.0 24.5826275390625
91.0 27.2340900390625
92.0 24.10660791015625
93.0 26.856701953125
94.0 24.06978271484375
95.0 27.0109623046875
96.0 26.43303037109375
97.0 23.96462861328125
98.0 25.869438671875
99.0 22.257042578125
100.0 26.7269748046875
101.0 23.46359892578125
102.0 26.19097451171875
103.0 23.44335693359375
104.0 25.1847296875
105.0 23.99580771484375
106.0 27.10781845703125
107.0 22.96233798828125
108.0 26.1965361328125
109.0 24.29907998046875
110.0 23.40471328125
111.0 26.97765615234375
112.0 23.69593037109375
113.0 26.4061388671875
114.0 23.52309462890625
115.0 25.996869140625
116.0 18.4478494140625
117.0 30.77422685546875
118.0 23.95309677734375
119.0 26.4142716796875
120.0 23.91307119140625
121.0 26.40920302734375
122.0 25.86030556640625
123.0 22.87420732421875
124.0 26.36659775390625
125.0 23.6122791015625
126.0 26.496067578125
127.0 23.14484658203125
128.0 24.56521142578125
129.0 24.194795703125
130.0 26.61154462890625
131.0 23.80847548828125
132.0 26.692526953125
133.0 23.23906943359375
134.0 26.5955978515625
135.0 23.748463671875
136.0 26.58117607421875
137.0 23.77748544921875
138.0 25.09119755859375
139.0 23.31860361328125
140.0 26.94435888671875
141.0 23.79754140625
142.0 26.4088205078125
143.0 23.968586328125
144.0 26.78815322265625
145.0 23.41957216796875
146.0 26.38438876953125
147.0 26.79233095703125
148.0 23.5008130859375
149.0 20.977765234375
150.0 29.06471484375
151.0 25.03723759765625
152.0 24.215241796875
153.0 26.8077310546875
154.0 23.0151583984375
155.0 26.96560400390625
156.0 24.10077099609375
157.0 26.95897333984375
158.0 23.08606142578125
159.0 26.860309375
160.0 24.331649609375
161.0 26.3430970703125
162.0 23.95757861328125
163.0 27.27857255859375
164.0 23.00417685546875
165.0 25.84609453125
166.0 23.5942888671875
167.0 26.91219619140625
168.0 24.10762138671875
169.0 26.31692666015625
170.0 23.79852041015625
171.0 18.6426896484375
172.0 21.20770322265625
173.0 21.85027734375
174.0 27.06448154296875
175.0 22.9611173828125
176.0 26.9486771484375
177.0 24.02991640625
178.0 26.56925078125
179.0 24.535139453125
180.0 25.05563388671875
181.0 26.130815234375
182.0 23.8385431640625
183.0 25.12188564453125
184.0 26.64745126953125
185.0 23.0503251953125
186.0 25.306941796875
187.0 23.87216376953125
188.0 25.5220197265625
189.0 25.85463251953125
190.0 24.1792380859375
191.0 25.643580078125
192.0 23.19929541015625
193.0 27.05507138671875
194.0 24.37159140625
195.0 26.47317392578125
196.0 23.8001234375
197.0 25.7560451171875
198.0 24.17085556640625
199.0 26.78372236328125
200.0 22.8308123046875
201.0 26.38425908203125
202.0 22.7711876953125
203.0 25.55999287109375
204.0 23.2006078125
205.0 24.12791220703125
206.0 25.1022619140625
207.0 23.30862109375
208.0 25.9229166015625
209.0 24.00315341796875
210.0 27.31198671875
211.0 22.222749609375
212.0 16.95382841796875
213.0 29.7727462890625
214.0 24.00417041015625
215.0 21.14873720703125
216.0 25.85599921875
217.0 21.11092138671875
218.0 27.0392802734375
219.0 23.16332646484375
220.0 25.2301259765625
221.0 24.33328662109375
222.0 22.825597265625
223.0 25.125408203125
224.0 22.7545697265625
225.0 25.39754033203125
226.0 23.45635244140625
227.0 27.223031640625
228.0 18.711646484375
229.0 29.17807744140625
230.0 26.506965625
231.0 26.681440625
232.0 24.00642109375
233.0 21.47541103515625
234.0 29.3804966796875
235.0 25.631095703125
236.0 24.19325068359375
237.0 26.6079880859375
238.0 23.54220908203125
239.0 26.43128974609375
240.0 23.7869287109375
241.0 26.2056
242.0 23.97547373046875
243.0 27.09654443359375
244.0 24.00076005859375
245.0 26.6065794921875
246.0 21.9664501953125
247.0 25.89231025390625
248.0 24.18604794921875
249.0 26.0732953125
250.0 24.362055078125
251.0 25.284
252.0 21.13208662109375
253.0 25.1064298828125
254.0 22.3324607421875
255.0 25.2961806640625
256.0 18.5521287109375
257.0 30.43829609375
258.0 24.8713708984375
259.0 22.55316142578125
260.0 27.07074970703125
261.0 23.789338671875
262.0 26.47198271484375
263.0 24.19496181640625
264.0 26.9488212890625
265.0 24.41831923828125
266.0 26.57520595703125
267.0 24.454686328125
268.0 26.86271337890625
269.0 23.36652001953125
270.0 26.644763671875
271.0 24.271595703125
272.0 25.1166326171875
273.0 24.97127939453125
274.0 26.76253349609375
275.0 23.261426171875
276.0 26.548652734375
277.0 24.10203857421875
278.0 26.5883931640625
279.0 24.16920966796875
280.0 25.8956974609375
281.0 23.5648712890625
282.0 25.83758515625
283.0 23.84365302734375
284.0 25.28354443359375
285.0 26.97099052734375
286.0 23.68392958984375
287.0 26.60224677734375
288.0 23.28082158203125
289.0 26.4582052734375
290.0 24.2424564453125
291.0 25.21113623046875
292.0 23.28891142578125
293.0 25.859483203125
294.0 24.02439892578125
295.0 26.740286328125
296.0 20.64935576171875
297.0 26.7608765625
298.0 25.92488740234375
299.0 21.74393916015625
300.0 25.72101123046875
301.0 23.99321591796875
302.0 23.8882158203125
303.0 26.33354189453125
304.0 24.1327908203125
305.0 26.4083267578125
306.0 24.75791884765625
307.0 26.70745107421875
308.0 24.245057421875
309.0 26.17133232421875
310.0 25.58285517578125
311.0 22.995591796875
312.0 26.18838359375
313.0 24.26904267578125
314.0 25.9963537109375
315.0 23.35119873046875
316.0 24.784253125
317.0 23.40792041015625
318.0 26.22618974609375
319.0 24.02431474609375
320.0 25.87544580078125
321.0 26.82873642578125
322.0 23.17370224609375
323.0 25.72022001953125
324.0 23.67858037109375
325.0 26.011698046875
326.0 23.33421640625
327.0 25.83636884765625
328.0 24.33828037109375
329.0 26.61782724609375
330.0 23.37017373046875
331.0 26.30977509765625
332.0 23.34983017578125
333.0 26.91046396484375
334.0 16.36725478515625
335.0 33.4934529296875
336.0 23.2615658203125
337.0 25.57503955078125
338.0 26.44067509765625
339.0 24.234785546875
340.0 26.16101669921875
341.0 23.76103740234375
342.0 26.522876953125
343.0 22.883416796875
344.0 25.849425
345.0 23.640017578125
346.0 26.7594166015625
347.0 23.73045107421875
348.0 26.0249541015625
349.0 22.4657630859375
350.0 24.86085703125
351.0 24.23834619140625
352.0 24.55721962890625
353.0 23.32900107421875
354.0 26.5467025390625
355.0 23.38888544921875
356.0 21.12704052734375
357.0 24.09434873046875
358.0 23.08002353515625
359.0 25.60428359375
360.0 23.24032421875
361.0 26.5446107421875
362.0 24.35804462890625
363.0 25.74532216796875
364.0 24.0618384765625
365.0 27.2359775390625
366.0 21.3459166015625
367.0 21.782721484375
368.0 23.2147490234375
369.0 26.57230693359375
370.0 24.1916111328125
371.0 26.07949814453125
372.0 26.16384736328125
373.0 22.3618904296875
374.0 26.3361599609375
375.0 23.90342080078125
376.0 25.11942353515625
377.0 25.157019140625
378.0 23.98703525390625
379.0 25.98237646484375
380.0 23.67845029296875
381.0 25.98013818359375
382.0 24.11278916015625
383.0 26.258258203125
384.0 23.44118818359375
385.0 26.5389326171875
386.0 23.80821083984375
387.0 27.18862802734375
388.0 22.91920576171875
389.0 26.6521205078125
390.0 23.964684765625
391.0 27.00779150390625
392.0 24.279132421875
393.0 26.7217150390625
394.0 23.75270302734375
395.0 26.98101357421875
396.0 23.960229296875
397.0 25.77417763671875
398.0 26.3784767578125
399.0 24.03811044921875
400.0 26.99365771484375
401.0 24.102800390625
402.0 25.381212890625
403.0 23.32301455078125
404.0 26.7900990234375
405.0 24.26669453125
406.0 27.14600087890625
407.0 22.98142587890625
408.0 26.61507021484375
409.0 23.77549560546875
410.0 27.12880361328125
411.0 23.8388390625
412.0 27.02943662109375
413.0 23.33744130859375
414.0 24.7095767578125
415.0 26.1960556640625
416.0 24.0469568359375
417.0 26.49200224609375
418.0 24.03893427734375
419.0 26.51024306640625
420.0 23.75398291015625
421.0 26.54369833984375
422.0 23.8339123046875
423.0 27.20543154296875
424.0 22.85874248046875
425.0 27.4541283203125
426.0 24.4126419921875
427.0 26.7927365234375
428.0 24.06446884765625
429.0 26.63581416015625
430.0 20.718403515625
431.0 27.4878232421875
432.0 26.14863056640625
433.0 24.14571953125
434.0 26.46203681640625
435.0 24.15252236328125
436.0 26.61792177734375
437.0 23.635096875
438.0 20.21907255859375
439.0 17.5726755859375
440.0 22.68341708984375
441.0 26.342551171875
442.0 23.65750576171875
443.0 25.94177900390625
444.0 24.1631083984375
445.0 26.778171875
446.0 26.7527822265625
447.0 24.31459892578125
448.0 25.94346572265625
449.0 23.93555634765625
450.0 26.24589892578125
451.0 24.479664453125
452.0 23.01719033203125
453.0 26.9811306640625
454.0 27.28341875
455.0 23.753538671875
456.0 26.63712705078125
457.0 23.53123525390625
458.0 26.88864521484375
459.0 23.88620400390625
460.0 25.4162708984375
461.0 24.4807923828125
462.0 26.0347513671875
463.0 22.56368486328125
464.0 25.56790859375
465.0 23.7147986328125
466.0 26.29285048828125
467.0 23.5973330078125
468.0 27.00248974609375
469.0 24.361728515625
470.0 25.54669248046875
471.0 26.3959802734375
472.0 24.65623212890625
473.0 26.44664033203125
474.0 23.38591689453125
475.0 27.271478515625
476.0 23.61935244140625
477.0 27.29458466796875
478.0 24.13547958984375
479.0 26.504282421875
480.0 23.99750068359375
481.0 26.5408998046875
482.0 24.1247208984375
483.0 26.12280810546875
484.0 24.55133388671875
485.0 26.71656162109375
486.0 23.495657421875
487.0 25.85086953125
488.0 24.04558427734375
489.0 26.8165908203125
490.0 23.9489427734375
491.0 26.72462236328125
492.0 23.7419646484375
493.0 26.560258203125
494.0 24.4197419921875
495.0 26.71988837890625
496.0 24.40744970703125
497.0 26.40046962890625
498.0 26.97844658203125
499.0 23.48883310546875
500.0 23.9699380859375
501.0 25.8877078125
502.0 27.2397046875
503.0 24.11336484375
504.0 25.33684228515625
505.0 24.11168193359375
506.0 26.46670947265625
507.0 21.589530859375
508.0 28.5251849609375
509.0 25.2703021484375
510.0 21.53643173828125
511.0 28.63260048828125
512.0 23.40042724609375
513.0 25.1216955078125
514.0 23.58846865234375
515.0 26.69133173828125
516.0 24.10305693359375
517.0 26.50622333984375
518.0 23.63533642578125
519.0 26.64028828125
520.0 26.31797333984375
521.0 24.2034482421875
522.0 24.640505078125
523.0 25.74094228515625
524.0 23.87754326171875
525.0 26.27226611328125
526.0 24.00774482421875
527.0 26.58472421875
528.0 23.90144150390625
529.0 26.2284720703125
530.0 24.73490087890625
531.0 27.14881650390625
532.0 23.76361904296875
533.0 27.0049505859375
534.0 23.77297939453125
535.0 26.16161708984375
536.0 26.2795263671875
537.0 23.83566142578125
538.0 26.79302060546875
539.0 24.39457890625
540.0 26.678255859375
541.0 23.44786474609375
542.0 26.59064873046875
543.0 22.83616337890625
544.0 26.6244939453125
545.0 22.7645978515625
546.0 26.13621220703125
547.0 23.52022998046875
548.0 26.6745599609375
549.0 24.04779365234375
550.0 25.89242861328125
551.0 24.80700556640625
552.0 26.6299861328125
553.0 23.6089357421875
554.0 27.15823515625
555.0 25.63638173828125
556.0 24.1957537109375
557.0 26.97717275390625
558.0 24.1933326171875
559.0 26.09243134765625
560.0 24.14820390625
561.0 26.21789326171875
562.0 24.32624560546875
563.0 26.6578974609375
564.0 24.32275087890625
565.0 26.55742626953125
566.0 23.32790888671875
567.0 24.2290341796875
568.0 26.80049775390625
569.0 26.39250908203125
570.0 24.25840869140625
571.0 26.1656494140625
572.0 23.96558486328125
573.0 26.434394921875
574.0 23.4803234375
575.0 26.16436787109375
576.0 24.6170240234375
577.0 26.4060326171875
578.0 23.67688818359375
579.0 25.89549404296875
580.0 23.66071162109375
581.0 26.88575654296875
582.0 24.06249541015625
583.0 25.94126240234375
584.0 23.18235517578125
585.0 26.94067724609375
586.0 24.0738857421875
587.0 20.248185546875
588.0 31.32043173828125
589.0 22.83481494140625
590.0 26.14334697265625
591.0 23.70634033203125
592.0 27.07406455078125
593.0 23.90152197265625
594.0 25.8787853515625
595.0 26.7285173828125
596.0 23.8831263671875
597.0 26.6913533203125
598.0 23.9094787109375
599.0 27.351619921875
600.0 23.9370978515625
601.0 25.57964560546875
602.0 23.1876841796875
603.0 24.3300265625
604.0 22.0129
605.0 24.0370447265625
606.0 23.5312853515625
607.0 26.10051494140625
608.0 23.4169064453125
609.0 26.76740732421875
610.0 23.85934658203125
611.0 26.85726064453125
612.0 26.2375208984375
613.0 23.38486298828125
614.0 26.76947216796875
615.0 23.40689033203125
616.0 26.5966013671875
617.0 24.4024603515625
618.0 27.21959814453125
619.0 23.735730078125
620.0 26.62627353515625
621.0 25.24097373046875
622.0 23.98398134765625
623.0 27.5097412109375
624.0 23.3964447265625
625.0 27.14750986328125
626.0 23.17747451171875
627.0 25.8290857421875
628.0 24.43297646484375
629.0 26.34765361328125
630.0 25.66934189453125
631.0 24.46830986328125
632.0 26.65909443359375
633.0 23.008536328125
634.0 26.39855947265625
635.0 23.39073701171875
636.0 27.32190458984375
637.0 24.55251123046875
638.0 26.5436408203125
639.0 25.579268359375
640.0 22.829698828125
641.0 25.5117275390625
642.0 22.80366630859375
643.0 26.90000205078125
644.0 23.80735546875
645.0 26.81373896484375
646.0 24.463659765625
647.0 25.3459728515625
648.0 23.6447251953125
649.0 26.58181533203125
650.0 24.049348046875
651.0 27.27027578125
652.0 24.671138671875
653.0 26.44533056640625
654.0 24.13777734375
655.0 27.5170787109375
656.0 15.854100390625
657.0 32.11193876953125
658.0 26.89316337890625
659.0 14.87381181640625
660.0 35.68332275390625
661.0 24.187348046875
662.0 25.8156349609375
663.0 27.3028244140625
664.0 22.9205890625
665.0 27.11817744140625
666.0 24.4652447265625
667.0 26.948923828125
668.0 18.2169619140625
669.0 31.33154873046875
670.0 26.27837353515625
671.0 22.4300197265625
672.0 26.40151357421875
673.0 24.34804873046875
674.0 26.8428455078125
675.0 23.774932421875
676.0 27.29870654296875
677.0 24.29863271484375
678.0 26.2637611328125
679.0 24.1514123046875
680.0 27.325656640625
681.0 23.75345185546875
682.0 27.18920615234375
683.0 23.93624365234375
684.0 25.4983599609375
685.0 24.785696484375
686.0 23.51201201171875
687.0 25.33979765625
688.0 22.82557412109375
689.0 26.99076689453125
690.0 23.20740009765625
691.0 27.01890751953125
692.0 23.40426806640625
693.0 26.6803966796875
694.0 24.01399248046875
695.0 25.7716400390625
696.0 22.67649150390625
697.0 24.1551490234375
698.0 23.69640947265625
699.0 27.078899609375
700.0 26.41091318359375
701.0 23.5680939453125
702.0 26.67447822265625
703.0 23.771769921875
704.0 24.581544140625
705.0 25.51188779296875
706.0 23.50199248046875
707.0 26.16211298828125
708.0 23.2306833984375
709.0 26.2102482421875
710.0 22.9086806640625
711.0 25.10008408203125
712.0 22.55983564453125
713.0 24.99233486328125
714.0 23.07063896484375
715.0 24.91706376953125
716.0 23.81039326171875
717.0 23.76772900390625
718.0 17.82505263671875
719.0 29.42322578125
720.0 25.5363400390625
721.0 22.186928125
722.0 26.46741318359375
723.0 24.91409091796875
724.0 22.79907685546875
725.0 25.3448322265625
726.0 20.74436533203125
727.0 22.71948203125
728.0 25.47660029296875
729.0 23.60607880859375
730.0 25.34921357421875
731.0 23.1869638671875
732.0 23.432658984375
733.0 25.150242578125
734.0 22.15841513671875
735.0 26.67781513671875
736.0 26.73790625
737.0 22.815048828125
738.0 24.98615458984375
739.0 26.60072275390625
740.0 24.01653251953125
741.0 26.06859833984375
742.0 23.77968759765625
743.0 26.96425126953125
744.0 24.1870521484375
745.0 26.37133330078125
746.0 23.31483154296875
747.0 26.53752939453125
748.0 24.385757421875
749.0 25.47479267578125
750.0 23.498307421875
751.0 25.1793740234375
752.0 23.059749609375
753.0 26.2956232421875
754.0 24.25488671875
755.0 26.95668515625
756.0 23.8903416015625
757.0 26.83446875
758.0 23.5857294921875
759.0 26.4409498046875
760.0 23.7530833984375
761.0 25.3471275390625
762.0 26.41610234375
763.0 24.2987244140625
764.0 26.10861640625
765.0 24.0872541015625
766.0 27.122294140625
767.0 24.181408203125
768.0 26.4106490234375
769.0 23.52835048828125
770.0 27.62260439453125
771.0 23.64574306640625
772.0 27.22899140625
773.0 24.61866591796875
774.0 27.04403447265625
775.0 16.972883984375
776.0 31.57445830078125
777.0 23.99579658203125
778.0 26.54186845703125
779.0 22.83431552734375
780.0 27.0360166015625
781.0 26.52695234375
782.0 22.944498046875
783.0 26.967803515625
784.0 23.490254296875
785.0 26.7570521484375
786.0 24.0733642578125
787.0 26.64014736328125
788.0 23.234690625
789.0 26.76652841796875
790.0 23.7597125
791.0 26.07155751953125
792.0 24.20775263671875
793.0 26.45063134765625
794.0 23.38001513671875
795.0 27.2183736328125
796.0 24.21613759765625
797.0 26.42597021484375
798.0 24.00263466796875
799.0 27.0136572265625
