0.0 0.43737783203125
1.0 0.90354140625
2.0 0.75854033203125
3.0 1.685361328125
4.0 2.49921376953125
5.0 0.359852734375
6.0 1.51979140625
7.0 14.704435546875
8.0 19.4447921875
9.0 0.50287412109375
10.0 1.01238251953125
11.0 0.12519072265625
12.0 0.2922287109375
13.0 0.0625076171875
14.0 0.08351904296875
15.0 0.2281255859375
16.0 0.063927734375
17.0 0.0
18.0 0.0
19.0 0.0
20.0 0.0
21.0 0.0
22.0 0.0
23.0 0.0
24.0 0.0
25.0 0.0
26.0 0.0
27.0 0.0
28.0 0.0
29.0 0.0
30.0 0.0
31.0 0.7777140625
32.0 1.65434150390625
33.0 0.1145095703125
34.0 3.80169765625
35.0 6.9822509765625
36.0 1.8597923828125
37.0 1.8778974609375
38.0 1.32117939453125
39.0 0.34726845703125
40.0 2.5969826171875
41.0 0.7087501953125
42.0 0.80297080078125
43.0 0.76094814453125
44.0 0.468894921875
45.0 0.51109306640625
46.0 11.22314873046875
47.0 8.388156640625
48.0 0.3438796875
49.0 1.33525087890625
50.0 32.7419791015625
51.0 1.854958203125
52.0 0.651727734375
53.0 1.10339130859375
54.0 33.144056640625
55.0 40.4651107421875
56.0 42.1827087890625
57.0 37.34219345703125
58.0 34.0399982421875
59.0 41.2184775390625
60.0 33.57529541015625
61.0 10.050638671875
62.0 1.81345029296875
63.0 2.21389501953125
64.0 19.6706890625
65.0 19.73267607421875
66.0 14.09049736328125
67.0 5.23916328125
68.0 24.337907421875
69.0 1.955541015625
70.0 2.16940048828125
71.0 0.90651953125
72.0 2.37149267578125
73.0 6.26625810546875
74.0 23.40671162109375
75.0 15.03779921875
76.0 47.80378271484375
77.0 10.91378291015625
78.0 28.7146544921875
79.0 12.3952779296875
80.0 23.390315625
81.0 27.88150830078125
82.0 35.5394416015625
83.0 19.97974990234375
84.0 22.6671751953125
85.0 0.07301328125
86.0 0.65676875
87.0 4.14732763671875
88.0 2.32721298828125
89.0 1.18904873046875
90.0 6.777367578125
91.0 5.1167763671875
92.0 12.03345654296875
93.0 9.0234796875
94.0 12.12340068359375
95.0 37.966194140625
96.0 2.76255517578125
97.0 0.54225908203125
98.0 0.730483984375
99.0 0.7144470703125
100.0 0.07766728515625
101.0 0.9162521484375
102.0 2.6188505859375
103.0 2.0012251953125
104.0 2.910373828125
105.0 2.6242490234375
106.0 0.49048076171875
107.0 2.78299111328125
108.0 5.6536529296875
109.0 2.87546474609375
110.0 4.4472064453125
111.0 0.09367373046875
112.0 0.4900818359375
113.0 2.27716064453125
114.0 11.00121318359375
115.0 1.355911328125
116.0 2.81484013671875
117.0 6.5162296875
118.0 2.61542490234375
119.0 2.39589208984375
120.0 8.04183740234375
121.0 1.04545908203125
122.0 19.5196951171875
123.0 11.9315619140625
124.0 5.73413525390625
125.0 0.95386748046875
126.0 5.59364521484375
127.0 7.782603515625
128.0 32.00385009765625
129.0 16.43045947265625
130.0 1.228824609375
131.0 0.71976845703125
132.0 0.25003046875
133.0 0.54080390625
134.0 1.14795478515625
135.0 3.68777861328125
136.0 2.4046515625
137.0 2.5734939453125
138.0 12.7848115234375
139.0 11.039719921875
140.0 4.38185126953125
141.0 1.9921951171875
142.0 1.97171025390625
143.0 1.611398828125
144.0 1.45434765625
145.0 4.868466796875
146.0 6.5706255859375
147.0 15.78657353515625
148.0 18.53671025390625
149.0 5.71379326171875
150.0 37.75434296875
151.0 30.90877822265625
152.0 36.834790625
153.0 47.99476845703125
154.0 41.989224609375
155.0 34.860958203125
156.0 35.61479072265625
157.0 35.5290890625
158.0 10.11480654296875
159.0 22.9573443359375
160.0 26.422840625
161.0 48.20795478515625
162.0 38.84022822265625
163.0 33.22639853515625
164.0 40.317658203125
165.0 45.2756759765625
166.0 32.9026583984375
167.0 40.84932451171875
168.0 36.703903515625
169.0 15.692558203125
170.0 27.73325224609375
171.0 40.9590427734375
172.0 38.6791603515625
173.0 33.5164587890625
174.0 37.00600849609375
175.0 40.93721044921875
176.0 29.3523087890625
177.0 43.41361328125
178.0 12.86692890625
179.0 10.877503515625
180.0 10.18653291015625
181.0 5.3295431640625
182.0 7.2592607421875
183.0 10.20238359375
184.0 5.983409765625
185.0 47.40775126953125
186.0 38.77148974609375
187.0 42.14812666015625
188.0 36.24683330078125
189.0 39.9317845703125
190.0 16.716509375
191.0 21.28209892578125
192.0 24.3639947265625
193.0 8.01137734375
194.0 37.44188837890625
195.0 14.10274462890625
196.0 3.78402626953125
197.0 35.11539375
198.0 26.8136064453125
199.0 42.88883740234375
200.0 27.16566083984375
201.0 41.6161662109375
202.0 23.97636796875
203.0 29.57389892578125
204.0 17.62590546875
205.0 17.0850802734375
206.0 7.77512294921875
207.0 16.93996728515625
208.0 1.450757421875
209.0 13.35363056640625
210.0 0.01194697265625
211.0 0.438430859375
212.0 0.05217744140625
213.0 0.0416716796875
214.0 0.05217744140625
215.0 0.031166015625
216.0 0.0
217.0 0.0
218.0 0.0
219.0 0.0
220.0 0.0
221.0 0.0
222.0 0.0
223.0 0.0
224.0 0.0
225.0 0.0
226.0 0.0
227.0 0.0
228.0 0.0
229.0 0.0
230.0 0.0
231.0 0.0
232.0 0.0
233.0 0.0
234.0 0.0
235.0 0.0
236.0 0.0
237.0 0.0
238.0 0.0
239.0 0.0
240.0 0.0
241.0 0.0
242.0 0.0
243.0 0.11130546875
244.0 0.78463720703125
245.0 0.33354951171875
246.0 1.07167724609375
247.0 0.93398076171875
248.0 1.150889453125
249.0 0.851362109375
250.0 0.77453798828125
251.0 0.88458779296875
252.0 1.53194091796875
253.0 0.91945205078125
254.0 0.8050025390625
255.0 1.24558037109375
256.0 0.99171953125
257.0 1.15303994140625
258.0 0.77543173828125
259.0 0.5933837890625
260.0 0.82310478515625
261.0 1.1239439453125
262.0 0.4909240234375
263.0 1.0726583984375
264.0 3.02067275390625
265.0 7.124700390625
266.0 11.997368359375
267.0 12.59628681640625
268.0 7.86185146484375
269.0 1.51279443359375
270.0 0.7392349609375
271.0 1.02268466796875
272.0 2.25848818359375
273.0 9.378312109375
274.0 26.18613564453125
275.0 16.74751015625
276.0 13.80416025390625
277.0 9.6811015625
278.0 9.16872744140625
279.0 6.33027724609375
280.0 14.46763701171875
281.0 16.3059798828125
282.0 34.90448212890625
283.0 22.1884802734375
284.0 19.34840400390625
285.0 17.6660935546875
286.0 18.2602908203125
287.0 29.77266279296875
288.0 12.5793076171875
289.0 8.92052841796875
290.0 4.03797138671875
291.0 0.76701640625
292.0 1.35999765625
293.0 2.93790009765625
294.0 2.59220546875
295.0 0.845519921875
296.0 9.6235275390625
297.0 9.0131939453125
298.0 6.0727283203125
299.0 0.3438796875
300.0 0.25003056640625
301.0 0.59396357421875
302.0 0.39152529296875
303.0 1.157531640625
304.0 0.741165234375
305.0 0.42652138671875
306.0 31.210728515625
307.0 9.81978134765625
308.0 0.71349033203125
309.0 2.53953837890625
310.0 4.67144765625
311.0 32.57640634765625
312.0 27.01781083984375
313.0 12.59765302734375
314.0 14.69270966796875
315.0 3.2756056640625
316.0 4.58221298828125
317.0 5.00832607421875
318.0 7.5649568359375
319.0 3.1171568359375
320.0 11.95553603515625
321.0 3.27212509765625
322.0 0.94968427734375
323.0 2.13839716796875
324.0 1.6561671875
325.0 4.43511357421875
326.0 3.1026888671875
327.0 5.93068818359375
328.0 7.669292578125
329.0 0.7240591796875
330.0 19.46831884765625
331.0 36.28554599609375
332.0 25.9321681640625
333.0 31.57534638671875
334.0 22.1838998046875
335.0 16.5351091796875
336.0 28.9811765625
337.0 39.75735390625
338.0 33.7711875
339.0 37.8030146484375
340.0 34.56317490234375
341.0 14.03357685546875
342.0 17.1762443359375
343.0 14.49134287109375
344.0 8.548873828125
345.0 43.05865087890625
346.0 23.705668359375
347.0 26.1466046875
348.0 10.1740521484375
349.0 24.2447439453125
350.0 24.46690322265625
351.0 27.51451943359375
352.0 27.10290576171875
353.0 34.84783408203125
354.0 25.6125990234375
355.0 15.73565673828125
356.0 40.15076240234375
357.0 36.46057216796875
358.0 22.79418310546875
359.0 5.24715419921875
360.0 2.25150302734375
361.0 20.00680498046875
362.0 27.2063076171875
363.0 11.99762392578125
364.0 25.1291146484375
365.0 22.66403955078125
366.0 44.07191591796875
367.0 34.77334970703125
368.0 23.06240341796875
369.0 38.1402599609375
370.0 12.54672119140625
371.0 34.43630302734375
372.0 19.91464306640625
373.0 14.34085830078125
374.0 1.35240029296875
375.0 30.06030615234375
376.0 16.517730078125
377.0 22.15427314453125
378.0 12.48281259765625
379.0 4.27790634765625
380.0 5.68063974609375
381.0 6.1639263671875
382.0 21.0691736328125
383.0 25.4466015625
384.0 13.14543310546875
385.0 5.71694912109375
386.0 10.888458203125
387.0 6.24245615234375
388.0 2.236919140625
389.0 0.04523720703125
390.0 0.25020595703125
391.0 0.1773681640625
392.0 0.0208359375
393.0 0.1043548828125
394.0 0.28189853515625
395.0 0.1353455078125
396.0 0.03116611328125
397.0 0.0416716796875
398.0 0.05217734375
399.0 0.0
400.0 0.0
401.0 0.0
402.0 0.0
403.0 0.0
404.0 0.0
405.0 0.0
406.0 0.0
407.0 0.0
408.0 0.0
409.0 0.0
410.0 0.0
411.0 0.0
412.0 0.0
413.0 0.0
414.0 0.0
415.0 0.0
416.0 0.0
417.0 0.0
418.0 0.0
419.0 0.0
420.0 0.0
421.0 0.0
422.0 0.0
423.0 0.0
424.0 0.0
425.0 0.0
426.0 0.0
427.0 0.0
428.0 0.0
429.0 0.0
430.0 0.0
431.0 0.1229869140625
432.0 1.62365234375
433.0 0.99266435546875
434.0 0.5730744140625
435.0 0.79995732421875
436.0 0.637191796875
437.0 0.73668125
438.0 0.7004041015625
439.0 0.8360509765625
440.0 1.1096216796875
441.0 1.23635888671875
442.0 0.72028798828125
443.0 0.666325
444.0 0.59154326171875
445.0 0.77607685546875
446.0 0.5338484375
447.0 0.72227255859375
448.0 0.83936416015625
449.0 1.0559986328125
450.0 0.77855625
451.0 0.53291240234375
452.0 1.15418349609375
453.0 0.8353427734375
454.0 6.2421919921875
455.0 17.6332431640625
456.0 19.3283306640625
457.0 31.02478095703125
458.0 19.15362080078125
459.0 32.48431708984375
460.0 21.80725166015625
461.0 27.82731181640625
462.0 25.735788671875
463.0 27.5872044921875
464.0 10.69940390625
465.0 2.17976220703125
466.0 7.7769421875
467.0 25.08089775390625
468.0 21.62251591796875
469.0 8.34300224609375
470.0 11.86818798828125
471.0 14.30498173828125
472.0 19.93889931640625
473.0 8.93211435546875
474.0 21.21161328125
475.0 13.145623828125
476.0 4.93642587890625
477.0 5.83405751953125
478.0 19.3177798828125
479.0 24.48367509765625
480.0 24.3153830078125
481.0 0.39640810546875
482.0 15.95583037109375
483.0 18.058322265625
484.0 42.23896865234375
485.0 23.57899794921875
486.0 12.898219921875
487.0 8.13455400390625
488.0 5.3688775390625
489.0 3.34424970703125
490.0 12.48428798828125
491.0 7.09602314453125
492.0 12.612901171875
493.0 3.831125
494.0 3.367430078125
495.0 12.72130322265625
496.0 27.74913935546875
497.0 2.82687431640625
498.0 32.5386361328125
499.0 22.170303125
500.0 43.0583923828125
501.0 21.95096904296875
502.0 13.68014833984375
503.0 18.176433984375
504.0 34.42798544921875
505.0 24.31991015625
506.0 35.735394921875
507.0 40.72264248046875
508.0 24.688894921875
509.0 25.98699619140625
510.0 28.2960251953125
511.0 41.03281357421875
512.0 36.4001138671875
513.0 29.4154775390625
514.0 24.7750033203125
515.0 13.3819419921875
516.0 10.36807373046875
517.0 33.4967677734375
518.0 10.50730244140625
519.0 4.6669921875
520.0 12.53022109375
521.0 10.24453466796875
522.0 1.35845751953125
523.0 0.074260546875
524.0 0.2811966796875
525.0 5.32174677734375
526.0 0.22937001953125
527.0 13.68997685546875
528.0 3.3682439453125
529.0 14.2693478515625
530.0 19.15859677734375
531.0 1.113194921875
532.0 6.012275
533.0 2.22809423828125
534.0 0.795458203125
535.0 0.4028677734375
536.0 17.96277705078125
537.0 6.261538671875
538.0 0.24592939453125
539.0 8.9472732421875
540.0 23.7699033203125
541.0 40.4016966796875
542.0 29.74565185546875
543.0 9.66577138671875
544.0 10.2319126953125
545.0 33.487562890625
546.0 33.58652470703125
547.0 47.93716611328125
548.0 38.2045322265625
549.0 23.02986357421875
550.0 54.94865283203125
551.0 27.5448115234375
552.0 7.92333720703125
553.0 5.20853876953125
554.0 7.8621837890625
555.0 0.4120275390625
556.0 32.909980859375
557.0 27.73427939453125
558.0 41.83690732421875
559.0 16.5220005859375
560.0 18.50030126953125
561.0 23.3681009765625
562.0 41.98467509765625
563.0 27.852090625
564.0 34.3146765625
565.0 42.6555140625
566.0 45.08880615234375
567.0 55.62161474609375
568.0 40.68692080078125
569.0 31.242496484375
570.0 25.672975
571.0 28.24963994140625
572.0 38.04692998046875
573.0 36.7967392578125
574.0 31.88545107421875
575.0 30.8965435546875
576.0 6.65276591796875
577.0 16.1081265625
578.0 9.26549873046875
579.0 6.28275986328125
580.0 18.4865564453125
581.0 15.19200166015625
582.0 8.56332685546875
583.0 22.68962177734375
584.0 14.774721484375
585.0 17.525578515625
586.0 18.04151240234375
587.0 12.77755576171875
588.0 0.60176875
589.0 7.2878646484375
590.0 0.5214234375
591.0 3.66946396484375
592.0 11.278743359375
593.0 29.2898201171875
594.0 29.05612841796875
595.0 20.53473564453125
596.0 30.36004775390625
597.0 41.326751171875
598.0 26.092890234375
599.0 45.452342578125
600.0 28.83328505859375
601.0 38.91929599609375
602.0 30.93737392578125
603.0 45.09270224609375
604.0 26.57372470703125
605.0 28.699737890625
606.0 3.9367673828125
607.0 1.09660947265625
608.0 12.1358810546875
609.0 38.1311361328125
610.0 34.66211494140625
611.0 46.4290625
612.0 32.48195693359375
613.0 35.35695966796875
614.0 17.36930439453125
615.0 26.2771359375
616.0 26.57087880859375
617.0 7.30492138671875
618.0 39.86541533203125
619.0 14.3817111328125
620.0 30.72325927734375
621.0 7.75326845703125
622.0 12.17928720703125
623.0 22.6536927734375
624.0 3.46006162109375
625.0 1.39554931640625
626.0 1.1397984375
627.0 3.0588220703125
628.0 18.0329787109375
629.0 19.797799609375
630.0 1.6654646484375
631.0 5.67722099609375
632.0 1.37883544921875
633.0 0.82363115234375
634.0 0.3023833984375
635.0 0.01033017578125
636.0 0.94917294921875
637.0 0.08334345703125
638.0 0.83413701171875
639.0 0.9128220703125
640.0 0.2546890625
641.0 0.7828369140625
642.0 1.81737216796875
643.0 2.71539580078125
644.0 2.16397119140625
645.0 0.2293701171875
646.0 0.1353455078125
647.0 0.53175361328125
648.0 0.0414962890625
649.0 0.0414962890625
650.0 0.364891015625
651.0 0.216163671875
652.0 0.94160625
653.0 5.26198369140625
654.0 1.04468583984375
655.0 0.04167177734375
656.0 0.0
657.0 0.0
658.0 0.0
659.0 0.0
660.0 0.0
661.0 0.0
662.0 0.0
663.0 0.0
664.0 0.0
665.0 0.0
666.0 0.0
667.0 0.0
668.0 0.0
669.0 0.0
670.0 0.0
671.0 0.0
672.0 0.0
673.0 0.0
674.0 0.0
675.0 0.0
676.0 0.0
677.0 0.0
678.0 0.0
679.0 0.0
680.0 0.0
681.0 0.0
682.0 0.0
683.0 0.0
684.0 0.0
685.0 0.0
686.0 0.0
687.0 0.0
688.0 0.0
689.0 0.0
690.0 0.0
691.0 0.0
692.0 0.0
693.0 0.0
694.0 0.0
695.0 0.0
696.0 0.0
697.0 0.0
698.0 0.85985166015625
699.0 0.64800771484375
700.0 0.772284375
701.0 0.71934501953125
702.0 0.52054599609375
703.0 0.71721611328125
704.0 1.051412109375
705.0 1.05221708984375
706.0 0.91518427734375
707.0 1.100008203125
708.0 0.89013134765625
709.0 0.62471630859375
710.0 0.79713076171875
711.0 0.9913498046875
712.0 0.63593310546875
713.0 0.774476171875
714.0 0.67300302734375
715.0 1.2278826171875
716.0 0.720710546875
717.0 1.05420478515625
718.0 0.98665849609375
719.0 0.74974072265625
720.0 0.61439501953125
721.0 1.43960576171875
722.0 0.14567568359375
723.0 0.531753515625
724.0 6.28454931640625
725.0 8.5532607421875
726.0 9.590543359375
727.0 17.76969775390625
728.0 23.79919140625
729.0 31.20420517578125
730.0 16.46399228515625
731.0 0.69878076171875
732.0 1.2044392578125
733.0 6.10838681640625
734.0 14.9737310546875
735.0 26.33893603515625
736.0 13.524726953125
737.0 24.02837646484375
738.0 22.443909375
739.0 27.2112263671875
740.0 4.0816869140625
741.0 1.23089599609375
742.0 1.36096962890625
743.0 3.66396689453125
744.0 7.6001552734375
745.0 10.5295103515625
746.0 36.8387806640625
747.0 2.7634646484375
748.0 6.7156412109375
749.0 8.19642978515625
750.0 11.7692400390625
751.0 15.7120361328125
752.0 30.09185009765625
753.0 26.2523341796875
754.0 23.01492294921875
755.0 2.26610400390625
756.0 9.7035779296875
757.0 4.3527421875
758.0 0.0
759.0 0.0
760.0 0.01033017578125
761.0 0.44788369140625
762.0 0.01033017578125
763.0 0.09384921875
764.0 0.10417939453125
765.0 0.0414962890625
766.0 0.1773681640625
767.0 0.0416716796875
768.0 0.07283779296875
769.0 0.0
770.0 0.0
771.0 0.0
772.0 0.0
773.0 0.0
774.0 0.0
775.0 0.0
776.0 0.0
777.0 0.0
778.0 0.0
779.0 0.0
780.0 0.0
781.0 0.0
782.0 0.0
783.0 0.0
784.0 0.0
785.0 0.0
786.0 0.0
787.0 0.0
788.0 0.0
789.0 0.0
790.0 0.0
791.0 0.0
792.0 0.0
793.0 0.0
794.0 0.0
795.0 0.0
796.0 0.0
797.0 0.0
798.0 0.0
799.0 0.0
