388.232
149	1037	13	311.1	3.9	1.24219	5
148	1021	22	306.3	6.6	1.21094	5
147	1010	26	303	7.8	6.89062	5
146	1007	22	302.1	6.6	6.89062	4
145	997	25	299.1	7.5	3.21875	4
144	990	25	297	7.5	1.50781	4
143	983	25	294.9	7.5	2.75781	4
142	977	24	293.1	7.2	1.05469	4
141	965	29	289.5	8.7	2.52344	4
140	958	29	287.401	8.7	1.77344	4
139	953	27	285.901	8.1	2.8125	4
138	949	24	284.701	7.2	2.99219	4
137	944	22	283.201	6.6	2.65625	4
136	939	20	281.701	6	3.80469	4
135	918	34	275.401	10.2	0.617188	4
134	906	39	271.801	11.7	1.26562	4
133	883	55	264.901	16.5	4.94531	4
132	881	50	264.302	15	4.94531	4
131	864	60	259.202	18	1.74219	4
130	859	58	257.702	17.4	3.82031	4
129	856	54	256.802	16.2	3	4
128	852	51	255.602	15.3	3.08594	4
127	846	50	253.802	15	1.53906	4
126	839	50	251.702	15	2.98438	4
125	835	47	250.502	14.1	2.60938	4
124	832	43	249.602	12.9	5.55469	4
123	830	38	249.002	11.4	5.55469	4
122	780	81	234.002	24.3	0.914062	4
121	764	90	229.202	27	1.625	4
120	756	91	226.802	27.3	4.83594	4
119	738	102	221.401	30.6	1.78906	4
118	731	102	219.301	30.6	1.05469	4
117	723	103	216.901	30.9	2.54688	4
116	717	102	215.101	30.6	1.70312	4
115	708	104	212.401	31.2	1.3125	4
114	703	102	210.901	30.6	6.32812	4
113	701	97	210.301	29.1	6.32812	4
112	691	100	207.301	30	1.98438	4
111	686	98	205.801	29.4	2.59375	4
110	680	97	204.001	29.1	2.00781	4
109	675	95	202.501	28.5	2.53906	4
108	672	91	201.601	27.3	5.28906	4
107	670	86	201.001	25.8	5.28906	4
106	658	91	197.401	27.3	1.25781	4
105	641	101	192.301	30.3	1.58594	4
104	633	102	189.901	30.6	2.78125	4
103	629	99	188.701	29.7	2.92188	4
102	624	97	187.201	29.1	1.89062	4
101	622	92	186.601	27.6	6.22656	4
100	613	94	183.901	28.2	1.46875	4
99	606	94	181.801	28.2	1.46094	4
98	585	108	175.501	32.4	1.10938	4
97	578	108	173.401	32.4	4.89844	4
96	562	117	168.601	35.1	1.49219	4
95	553	119	165.901	35.7	2.82031	4
94	549	116	164.701	34.8	3.02344	4
93	544	114	163.201	34.2	2.51562	4
92	539	112	161.701	33.6	2.71094	4
91	535	109	160.501	32.7	3.25	4
90	530	107	159.001	32.1	2.16406	4
89	526	104	157.801	31.2	6.67969	4
88	524	99	157.201	29.7	6.67969	4
87	515	101	154.501	30.3	2.89844	4
86	511	98	153.301	29.4	3.29688	4
85	507	95	152.101	28.5	3.35156	4
84	505	90	151.501	27	6.60156	4
83	498	90	149.401	27	2.64062	4
82	494	87	148.201	26.1	3.53125	4
81	490	84	147.001	25.2	3.23438	4
80	486	81	145.801	24.3	2.08594	4
79	480	80	144.001	24	2.26562	4
78	476	77	142.801	23.1	3.28906	4
77	473	73	141.901	21.9	4.44531	4
76	470	69	141.001	20.7	4.44531	4
75	463	69	138.901	20.7	2.21875	4
74	459	66	137.701	19.8	5.22656	4
73	457	61	137.101	18.3	5.22656	4
72	452	59	135.601	17.7	4.03125	4
71	449	55	134.701	16.5	3.05469	4
70	443	54	132.901	16.2	2.10156	4
69	438	52	131.401	15.6	2.92969	4
68	434	49	130.201	14.7	3.10156	4
67	430	46	129.001	13.8	3.13281	4
66	425	44	127.501	13.2	2.53906	4
65	420	42	126.001	12.6	2.60156	4
64	416	39	124.801	11.7	3.11719	4
63	413	35	123.9	10.5	4.74219	4
62	411	30	123.3	9	4.74219	4
61	406	28	121.8	8.4	4.5	4
60	398	29	119.4	8.7	1.65625	4
59	392	28	117.6	8.4	2.75781	4
58	387	26	116.1	7.8	2.71875	4
57	381	25	114.3	7.5	2.19531	4
56	373	26	111.9	7.8	1.82031	4
55	366	26	109.8	7.8	1.91406	4
54	362	23	108.6	6.9	4.89844	4
53	356	22	106.8	6.6	1.3125	4
52	348	23	104.4	6.9	1.92188	4
51	340	24	102	7.2	1.5625	4
50	338	19	101.4	5.7	6.29688	4
49	326	24	97.8002	7.2	1.53906	4
48	312	31	93.6002	9.3	2	4
47	307	29	92.1002	8.7	2.875	4
46	302	27	90.6002	8.1	2.57031	4
45	297	25	89.1001	7.5	2.28125	4
44	293	22	87.9001	6.6	5.67969	4
43	291	17	87.3001	5.1	5.67969	4
42	283	18	84.9001	5.4	2.17969	4
41	277	17	83.1001	5.1	2.32812	4
40	273	14	81.9001	4.2	5.92969	4
39	271	9	81.3001	2.7	5.92969	4
38	263	10	78.9	3	2.125	4
37	257	9	77.1	2.7	2.11719	4
36	250	9	75	2.7	2.17969	4
35	244	8	73.2	2.4	2.09375	4
34	236	9	70.8	2.7	1.85156	4
33	229	9	68.6999	2.7	1.6875	4
32	221	10	66.2999	3	1.70312	4
31	214	10	64.1999	3	2.47656	4
30	206	11	61.7999	3.3	1.79688	4
29	197	13	59.0999	3.9	1.05469	4
28	166	37	49.7999	11.1	5.14062	4
27	164	32	49.1999	9.6	5.14062	4
26	149	40	44.6999	12	0.992188	4
25	140	42	41.9999	12.6	2.41406	4
24	134	41	40.1999	12.3	1.85938	4
23	128	40	38.4	12	2.21094	4
22	122	39	36.6	11.7	2.15625	4
21	117	37	35.1	11.1	2.77344	4
20	115	32	34.5	9.6	6.92969	4
19	110	30	33	9	0.570312	4
18	101	32	30.3	9.6	1.70312	4
17	95	31	28.5	9.3	1.74219	4
16	90	29	27	8.7	5.78125	4
15	88	24	26.4	7.2	5.78125	4
14	81	24	24.3	7.2	1.53125	4
13	75	23	22.5	6.9	2.59375	4
12	70	21	21	6.3	2.25	4
11	64	20	19.2	6	2.00781	4
10	58	19	17.4	5.7	2.48438	4
9	52	18	15.6	5.4	2.24219	4
8	46	17	13.8	5.1	5.17188	4
7	44	12	13.2	3.6	5.17188	4
6	30	19	9	5.7	1.96875	4
5	24	18	7.2	5.4	2.42188	4
4	20	15	6	4.5	3.16406	4
3	18	10	5.4	3	6.05469	4
2	6	15	1.8	4.5	2.6875	3
1	4	10	1.2	3	2.6875	3
0	1	6	0.3	1.8	2.15625	1

