442.543
149	1042	8	312.6	2.4	1.98438	6
148	1030	13	309	3.9	2.17969	5
147	1022	14	306.6	4.2	2.6875	5
146	1015	14	304.5	4.2	2.84375	5
145	1008	14	302.4	4.2	2.625	5
144	1004	11	301.2	3.3	5.84375	5
143	993	15	297.9	4.5	2.48438	5
142	985	16	295.5	4.8	2.49219	5
141	979	15	293.7	4.5	6.79688	5
140	969	18	290.7	5.4	2.16406	5
139	961	19	288.301	5.7	2.75781	5
138	953	20	285.901	6	2.6875	5
137	946	20	283.801	6	2.51562	5
136	942	17	282.601	5.1	7.00781	5
135	933	19	279.901	5.7	2.32812	5
134	925	20	277.501	6	2.69531	5
133	918	20	275.401	6	2.89062	5
132	911	20	273.301	6	2.67188	5
131	905	19	271.501	5.7	4.99219	5
130	897	20	269.101	6	2.89062	5
129	891	19	267.301	5.7	3.02344	5
128	885	18	265.501	5.4	3.07031	5
127	878	18	263.402	5.4	2.92188	5
126	871	18	261.302	5.4	2.92188	5
125	864	18	259.202	5.4	2.89844	5
124	858	17	257.402	5.1	4.32812	5
123	850	18	255.002	5.4	2.98438	5
122	843	18	252.902	5.4	2.75	5
121	838	16	251.402	4.8	5.20312	5
120	829	18	248.702	5.4	2.67188	5
119	822	18	246.602	5.4	2.57812	5
118	814	19	244.202	5.7	2.39062	5
117	810	16	243.002	4.8	5.19531	5
116	792	27	237.602	8.1	2.72656	5
115	784	28	235.202	8.4	2.33594	5
114	776	29	232.802	8.7	2.75	5
113	769	29	230.702	8.7	2.53906	5
112	763	28	228.902	8.4	6.50781	5
111	760	24	228.002	7.2	6.50781	5
110	748	29	224.402	8.7	2.64062	5
109	740	30	222.001	9	2.42969	5
108	737	26	221.101	7.8	6.4375	5
107	726	30	217.801	9	2.60156	5
106	718	31	215.401	9.3	2.66406	5
105	711	31	213.301	9.3	3.11719	5
104	702	33	210.601	9.9	1.01562	5
103	689	39	206.701	11.7	5.92969	5
102	675	46	202.501	13.8	2.0625	5
101	667	47	200.101	14.1	2.66406	5
100	659	48	197.701	14.4	2.6875	5
99	655	45	196.501	13.5	6.60156	5
98	645	48	193.501	14.4	2.72656	5
97	638	48	191.401	14.4	2.71094	5
96	631	48	189.301	14.4	2.67188	5
95	624	48	187.201	14.4	2.89844	5
94	617	48	185.101	14.4	2.74219	5
93	609	49	182.701	14.7	2.64062	5
92	604	47	181.201	14.1	4.38281	5
91	594	50	178.201	15	2.53906	5
90	591	46	177.301	13.8	6.89844	5
89	579	51	173.701	15.3	2.9375	5
88	572	51	171.601	15.3	2.78125	5
87	565	51	169.501	15.3	2.35938	5
86	554	55	166.201	16.5	2.39844	5
85	547	55	164.101	16.5	2.75781	5
84	544	51	163.201	15.3	6.6875	5
83	533	55	159.901	16.5	2.63281	5
82	526	55	157.801	16.5	3.03906	4
81	523	51	156.901	15.3	7.45312	4
80	522	45	156.601	13.5	7.45312	4
79	521	39	156.301	11.7	7.45312	4
78	520	33	156.001	9.9	7.45312	4
77	512	34	153.601	10.2	2.99219	4
76	508	31	152.401	9.3	2.82031	4
75	504	28	151.201	8.4	2.98438	4
74	500	25	150.001	7.5	3.11719	4
73	496	22	148.801	6.6	2.78906	5
72	489	22	146.701	6.6	2.60938	5
71	482	22	144.601	6.6	2.72656	5
70	476	21	142.801	6.3	5.875	5
69	466	24	139.801	7.2	2.54688	5
68	459	24	137.701	7.2	2.80469	5
67	453	23	135.901	6.9	5.64844	5
66	450	19	135.001	5.7	5.64844	5
65	440	22	132.001	6.6	2.65625	5
64	433	22	129.901	6.6	2.96875	5
63	426	22	127.801	6.6	2.96875	5
62	419	22	125.701	6.6	2.96094	5
61	412	22	123.6	6.6	2.875	5
60	406	21	121.8	6.3	5.27344	5
59	398	22	119.4	6.6	2.71875	5
58	391	22	117.3	6.6	2.67188	5
57	385	21	115.5	6.3	4.15625	5
56	380	19	114	5.7	4.0625	5
55	370	22	111	6.6	2.75	5
54	362	23	108.6	6.9	2.71094	5
53	355	23	106.5	6.9	2.89062	5
52	348	23	104.4	6.9	2.5625	5
51	339	25	101.7	7.5	4.17969	5
50	333	24	99.9003	7.2	6.97656	5
49	330	20	99.0002	6	6.97656	5
48	319	24	95.7002	7.2	2.67188	5
47	312	24	93.6002	7.2	2.95312	5
46	306	23	91.8002	6.9	3.21875	5
45	300	22	90.0002	6.6	3.23438	5
44	294	21	88.2001	6.3	1.55469	5
43	287	21	86.1001	6.3	3.07812	5
42	281	20	84.3001	6	3.01562	5
41	275	19	82.5001	5.7	3.01562	5
40	269	18	80.7001	5.4	2.92969	5
39	263	17	78.9	5.1	5.33594	5
38	260	13	78	3.9	5.33594	5
37	251	15	75.3	4.5	2.92188	5
36	244	15	73.2	4.5	2.8125	5
35	237	15	71.1	4.5	2.57812	5
34	230	15	68.9999	4.5	2.71094	5
33	225	13	67.4999	3.9	6.42188	5
32	213	18	63.8999	5.4	2.57031	5
31	202	22	60.5999	6.6	1.75781	5
30	194	23	58.1999	6.9	2.75	5
29	187	23	56.0999	6.9	2.69531	5
28	180	23	53.9999	6.9	2.50781	5
27	173	23	51.8999	6.9	4.64844	5
26	165	24	49.4999	7.2	2.71094	5
25	157	25	47.0999	7.5	2.52344	5
24	150	25	44.9999	7.5	3.10156	5
23	144	24	43.1999	7.2	3	5
22	141	20	42.2999	6	6.03125	5
21	137	17	41.0999	5.1	4.66406	5
20	126	21	37.8	6.3	2.89062	5
19	119	21	35.7	6.3	3.03906	5
18	113	20	33.9	6	3.02344	5
17	106	20	31.8	6	2.71094	5
16	100	19	30	5.7	6.02344	5
15	97	15	29.1	4.5	6.02344	5
14	88	17	26.4	5.1	2.60156	5
13	81	17	24.3	5.1	2.86719	5
12	74	17	22.2	5.1	2.82031	5
11	65	19	19.5	5.7	1.86719	5
10	59	18	17.7	5.4	7.28125	5
9	57	13	17.1	3.9	7.28125	5
8	46	17	13.8	5.1	2.6875	5
7	39	17	11.7	5.1	2.67188	5
6	33	16	9.9	4.8	6.60156	5
5	30	12	9	3.6	6.60156	5
4	20	15	6	4.5	2.80469	4
3	15	13	4.5	3.9	2.77344	4
2	11	10	3.3	3	2.89844	4
1	6	8	1.8	2.4	2.67188	4
0	1	6	0.3	1.8	2.6875	1

