548.896
149	1040	9	312	2.7	4.60938	8
148	1024	18	307.2	5.4	6.74219	8
147	1009	26	302.7	7.8	5.30469	8
146	998	30	299.4	9	4.5625	8
145	987	34	296.1	10.2	4.8125	8
144	978	36	293.4	10.8	8.23438	7
143	969	38	290.7	11.4	4.44531	7
142	959	41	287.701	12.3	4.35938	7
141	950	43	285.001	12.9	5.85938	7
140	940	46	282.001	13.8	4.5	7
139	934	45	280.201	13.5	6.92188	7
138	927	45	278.101	13.5	4.92969	7
137	916	49	274.801	14.7	5.53125	7
136	907	51	272.101	15.3	4.15625	7
135	897	54	269.101	16.2	5.64844	7
134	885	59	265.501	17.7	5.96094	7
133	878	59	263.402	17.7	5.54688	7
132	871	59	261.302	17.7	5.66406	7
131	864	59	259.202	17.7	4.95312	7
130	857	59	257.102	17.7	7.60156	7
129	848	61	254.402	18.3	6.36719	7
128	843	59	252.902	17.7	11.0078	7
127	840	55	252.002	16.5	11.0078	7
126	832	56	249.602	16.8	5.75	7
125	826	55	247.802	16.5	6.84375	7
124	820	54	246.002	16.2	6.64844	7
123	814	53	244.202	15.9	5.9375	7
122	808	52	242.402	15.6	7.03125	7
121	802	51	240.602	15.3	5.89062	7
120	796	50	238.802	15	6.71094	7
119	785	54	235.502	16.2	6.23438	7
118	781	51	234.302	15.3	10.1484	7
117	774	51	232.202	15.3	6.05469	7
116	767	51	230.102	15.3	5.55469	8
115	759	52	227.702	15.6	6.53125	8
114	751	53	225.302	15.9	5.63281	8
113	742	55	222.602	16.5	5.4375	7
112	735	55	220.501	16.5	5.53125	7
111	728	55	218.401	16.5	5.85938	7
110	721	55	216.301	16.5	5.875	7
109	715	54	214.501	16.2	6.50781	7
108	709	53	212.701	15.9	4.75781	7
107	702	53	210.601	15.9	5.78906	7
106	695	53	208.501	15.9	5.54688	7
105	691	50	207.301	15	10.4688	7
104	684	50	205.201	15	6.65625	7
103	680	47	204.001	14.1	10.5234	7
102	671	49	201.301	14.7	4.72656	7
101	666	47	199.801	14.1	23.9922	7
100	665	41	199.501	12.3	23.9922	7
99	664	35	199.201	10.5	23.9922	7
98	651	41	195.301	12.3	6.10938	7
97	645	40	193.501	12	6.53125	7
96	639	39	191.701	11.7	6.07812	7
95	633	38	189.901	11.4	6.33594	8
94	625	39	187.501	11.7	6.64844	8
93	618	39	185.401	11.7	7.98438	8
92	611	39	183.301	11.7	7.55469	8
91	604	39	181.201	11.7	6.76562	8
90	596	40	178.801	12	6.57031	8
89	589	40	176.701	12	6.59375	8
88	582	40	174.601	12	6.51562	8
87	575	40	172.501	12	10.0547	8
86	566	42	169.801	12.6	6.86719	8
85	559	42	167.701	12.6	8.5	8
84	553	41	165.901	12.3	6.89844	8
83	547	40	164.101	12	9.0625	8
82	540	40	162.001	12	7.375	7
81	535	38	160.501	11.4	7.51562	7
80	530	36	159.001	10.8	7.61719	7
79	525	34	157.501	10.2	7.39062	7
78	520	32	156.001	9.6	7.16406	7
77	513	32	153.901	9.6	6.97656	7
76	508	30	152.401	9	7.78906	7
75	502	29	150.601	8.7	7.25781	7
74	496	28	148.801	8.4	7.16406	7
73	490	27	147.001	8.1	6.33594	7
72	484	26	145.201	7.8	6.97656	7
71	478	25	143.401	7.5	6.92188	7
70	472	24	141.601	7.2	6.40625	7
69	466	23	139.801	6.9	6.5	7
68	460	22	138.001	6.6	7.07031	7
67	454	21	136.201	6.3	6.33594	7
66	448	20	134.401	6	5.78906	7
65	441	20	132.301	6	5.63281	7
64	435	19	130.501	5.7	6.67969	7
63	429	18	128.701	5.4	5.97656	7
62	424	16	127.201	4.8	9.21094	7
61	417	16	125.101	4.8	5.85156	7
60	411	15	123.3	4.5	6.46875	7
59	405	14	121.5	4.2	6.79688	7
58	398	14	119.4	4.2	4.71875	7
57	391	14	117.3	4.2	6.58594	7
56	384	14	115.2	4.2	5.84375	7
55	378	13	113.4	3.9	7.10938	7
54	370	14	111	4.2	5.40625	7
53	364	13	109.2	3.9	6.53906	7
52	356	14	106.8	4.2	8.79688	7
51	348	15	104.4	4.5	5.99219	7
50	342	14	102.6	4.2	6	7
49	336	13	100.8	3.9	6.66406	7
48	330	12	99.0002	3.6	6.36719	7
47	323	12	96.9002	3.6	5.64062	7
46	316	12	94.8002	3.6	6.32812	7
45	310	11	93.0002	3.3	6.70312	7
44	303	11	90.9002	3.3	5.36719	7
43	296	11	88.8001	3.3	5.36719	7
42	290	10	87.0001	3	6.91406	7
41	281	12	84.3001	3.6	4.83594	7
40	272	14	81.6001	4.2	4.78125	7
39	263	16	78.9	4.8	4.39062	7
38	253	19	75.9	5.7	4.39844	7
37	246	19	73.8	5.7	6.14062	7
36	238	20	71.4	6	4.35156	7
35	231	20	69.2999	6	7.09375	7
34	218	26	65.3999	7.8	3.17969	7
33	208	29	62.3999	8.7	4.45312	7
32	199	31	59.6999	9.3	3.625	7
31	190	33	56.9999	9.9	3.76562	6
30	185	31	55.4999	9.3	8.46094	6
29	180	29	53.9999	8.7	8.70312	6
28	177	25	53.0999	7.5	8.70312	6
27	172	23	51.5999	6.9	7.07031	6
26	168	20	50.3999	6	7.0625	6
25	164	17	49.1999	5.1	6.6875	7
24	158	16	47.3999	4.8	6.07812	7
23	151	16	45.2999	4.8	5.85938	7
22	145	15	43.4999	4.5	6.44531	7
21	139	14	41.6999	4.2	5.48438	7
20	132	14	39.5999	4.2	5.75781	7
19	126	13	37.8	3.9	5.82812	7
18	119	13	35.7	3.9	5.07812	7
17	111	14	33.3	4.2	5.375	7
16	104	14	31.2	4.2	5.17188	7
15	97	14	29.1	4.2	4.66406	7
14	90	14	27	4.2	6.29688	7
13	84	13	25.2	3.9	7.54688	7
12	77	13	23.1	3.9	5.88281	6
11	73	10	21.9	3	2.625	6
10	66	10	19.8	3	5.3125	6
9	61	8	18.3	2.4	5.53125	6
8	55	7	16.5	2.1	3.23438	6
7	42	13	12.6	3.9	2.54688	6
6	28	20	8.4	6	1.9375	6
5	17	24	5.1	7.2	3.77344	5
4	14	20	4.2	6	5.91406	5
3	11	16	3.3	4.8	5.14062	5
2	7	13	2.1	3.9	4.67969	5
1	3	10	0.9	3	6	5
0	0	6	0	1.8	6.36719	1

