544.493
149	1041	8	312.3	2.4	4.25	7
148	1030	12	309	3.6	5.27344	8
147	1021	14	306.3	4.2	6.33594	8
146	1013	15	303.9	4.5	6.15625	8
145	1005	16	301.5	4.8	6.60156	8
144	998	16	299.4	4.8	10	8
143	989	18	296.7	5.4	6.39062	8
142	981	19	294.3	5.7	6.1875	8
141	973	20	291.9	6	6.63281	8
140	966	20	289.8	6	6.84375	8
139	959	20	287.701	6	6.5625	8
138	951	21	285.301	6.3	6.1875	8
137	943	22	282.901	6.6	6.48438	8
136	935	23	280.501	6.9	6.53125	8
135	930	21	279.001	6.3	10.4766	8
134	921	23	276.301	6.9	6.6875	8
133	914	23	274.201	6.9	8.3125	8
132	906	24	271.801	7.2	6.86719	8
131	899	24	269.701	7.2	7.3125	8
130	891	25	267.301	7.5	6.48438	8
129	883	26	264.901	7.8	5.04688	8
128	873	29	261.902	8.7	5.73438	8
127	864	31	259.202	9.3	6.05469	8
126	856	32	256.802	9.6	6.67969	7
125	850	31	255.002	9.3	6.47656	7
124	845	29	253.502	8.7	9.83594	7
123	836	31	250.802	9.3	6.00781	7
122	831	29	249.302	8.7	8.59375	7
121	824	29	247.202	8.7	5.60938	7
120	818	28	245.402	8.4	6.08594	7
119	812	27	243.602	8.1	4.0625	7
118	805	27	241.502	8.1	7.17969	7
117	798	27	239.402	8.1	6.17188	7
116	791	27	237.302	8.1	5.46875	7
115	784	27	235.202	8.1	5.61719	7
114	777	27	233.102	8.1	5.5625	7
113	770	27	231.002	8.1	5.25781	7
112	764	26	229.202	7.8	6.94531	7
111	758	25	227.402	7.5	6.57031	7
110	752	24	225.602	7.2	6.33594	7
109	746	23	223.802	6.9	5.85938	7
108	741	21	222.301	6.3	9.34375	7
107	734	21	220.201	6.3	5.60156	7
106	728	20	218.401	6	7.1875	7
105	722	19	216.601	5.7	6.35938	7
104	716	18	214.801	5.4	6.02344	7
103	710	17	213.001	5.1	6.17969	7
102	703	17	210.901	5.1	5.21875	7
101	697	16	209.101	4.8	8.5	7
100	688	18	206.401	5.4	5.07812	7
99	682	17	204.601	5.1	9.75781	7
98	675	17	202.501	5.1	5.19531	7
97	668	17	200.401	5.1	5.25	7
96	661	17	198.301	5.1	5.85938	7
95	655	16	196.501	4.8	6.65625	7
94	649	15	194.701	4.5	6.0625	7
93	643	14	192.901	4.2	5.78906	7
92	636	14	190.801	4.2	6.05469	7
91	630	13	189.001	3.9	6.03125	7
90	624	12	187.201	3.6	6.5625	7
89	620	9	186.001	2.7	9.125	7
88	612	10	183.601	3	5.63281	7
87	605	10	181.501	3	5.01562	7
86	597	11	179.101	3.3	5.125	7
85	590	11	177.001	3.3	5.5625	7
84	583	11	174.901	3.3	4.95312	7
83	576	11	172.801	3.3	6.27344	7
82	568	12	170.401	3.6	4.45312	7
81	560	13	168.001	3.9	5.10156	7
80	552	14	165.601	4.2	5.34375	7
79	546	13	163.801	3.9	10.2969	7
78	539	13	161.701	3.9	7.00781	7
77	532	13	159.601	3.9	5.03906	7
76	524	14	157.201	4.2	4.6875	7
75	517	14	155.101	4.2	5.36719	7
74	511	13	153.301	3.9	6.28906	7
73	505	12	151.501	3.6	7.16406	7
72	498	12	149.401	3.6	5.66406	7
71	493	10	147.901	3	1.5625	7
70	483	13	144.901	3.9	5.32031	7
69	476	13	142.801	3.9	5.78906	7
68	469	13	140.701	3.9	6.23438	7
67	463	12	138.901	3.6	6.26562	7
66	456	12	136.801	3.6	5.19531	7
65	449	12	134.701	3.6	7.64062	7
64	442	12	132.601	3.6	5.63281	7
63	435	12	130.501	3.6	5.71094	7
62	429	11	128.701	3.3	6.17969	7
61	422	11	126.601	3.3	5.13281	7
60	414	12	124.201	3.6	5.30469	7
59	408	11	122.4	3.3	2.29688	7
58	400	12	120	3.6	5.34375	7
57	393	12	117.9	3.6	6.39062	7
56	386	12	115.8	3.6	5.70312	7
55	380	11	114	3.3	6.6875	7
54	374	10	112.2	3	6.48438	7
53	367	10	110.1	3	2.44531	7
52	360	10	108	3	5.75781	7
51	354	9	106.2	2.7	6.5625	7
50	348	8	104.4	2.4	6.07812	7
49	333	16	99.9003	4.8	7.09375	7
48	327	15	98.1002	4.5	5.82031	7
47	320	15	96.0002	4.5	5.07031	7
46	308	20	92.4002	6	3.91406	6
45	303	18	90.9002	5.4	7.9375	6
44	300	14	90.0002	4.2	7.9375	6
43	269	38	80.7001	11.4	5.22656	6
42	264	36	79.2	10.8	5.79688	6
41	260	33	78	9.9	6.96094	6
40	256	30	76.8	9	5.88281	6
39	251	28	75.3	8.4	5.9375	6
38	246	26	73.8	7.8	5.08594	6
37	226	39	67.7999	11.7	5.28906	6
36	220	38	65.9999	11.4	8.26562	6
35	217	34	65.0999	10.2	8.26562	6
34	208	36	62.3999	10.8	4.30469	6
33	202	35	60.5999	10.5	5.16406	6
32	197	33	59.0999	9.9	5.90625	6
31	191	32	57.2999	9.6	5.08594	6
30	185	31	55.4999	9.3	5.19531	6
29	179	30	53.6999	9	4.89062	6
28	173	29	51.8999	8.7	5.85938	6
27	161	34	48.2999	10.2	3.59375	6
26	154	34	46.1999	10.2	4.96094	6
25	148	33	44.3999	9.9	2.21094	6
24	142	32	42.5999	9.6	5.60156	6
23	137	30	41.0999	9	5.19531	6
22	131	29	39.2999	8.7	1.375	6
21	125	28	37.5	8.4	4.97656	6
20	119	27	35.7	8.1	5.61719	6
19	113	26	33.9	7.8	4.35938	6
18	107	25	32.1	7.5	4.84375	6
17	101	24	30.3	7.2	4.53125	6
16	94	24	28.2	7.2	4.75781	6
15	88	23	26.4	6.9	5.13281	6
14	84	20	25.2	6	7.28906	6
13	77	20	23.1	6	4.625	6
12	71	19	21.3	5.7	5.04688	6
11	65	18	19.5	5.4	4.95312	6
10	59	17	17.7	5.1	8.5625	6
9	54	15	16.2	4.5	2.125	6
8	48	14	14.4	4.2	4.66406	6
7	42	13	12.6	3.9	5.02344	6
6	36	12	10.8	3.6	2.0625	6
5	29	12	8.7	3.6	5.14062	6
4	23	11	6.9	3.3	5.05469	6
3	17	10	5.1	3	4.875	6
2	11	9	3.3	2.7	4.78125	6
1	6	7	1.8	2.1	7.70312	6
0	0	6	0	1.8	5.60938	1

