627.585
149	1025	24	307.5	7.2	10.2812	9
148	1019	23	305.7	6.9	10.3203	9
147	1013	22	303.9	6.6	10.875	9
146	1006	22	301.8	6.6	10.1172	9
145	1000	21	300	6.3	9.96094	9
144	994	20	298.2	6	13.4141	9
143	987	20	296.1	6	10.1172	9
142	981	19	294.3	5.7	10.0781	9
141	975	18	292.5	5.4	10.25	9
140	968	18	290.4	5.4	9.78906	9
139	961	18	288.301	5.4	9.89844	9
138	954	18	286.201	5.4	10.0312	9
137	947	18	284.101	5.4	8.6875	9
136	940	18	282.001	5.4	9.30469	9
135	933	18	279.901	5.4	9.59375	9
134	926	18	277.801	5.4	9.95312	9
133	919	18	275.701	5.4	10.0234	9
132	912	18	273.601	5.4	10.2344	9
131	905	18	271.501	5.4	9.54688	9
130	898	18	269.401	5.4	9.85156	9
129	891	18	267.301	5.4	9.875	9
128	885	17	265.501	5.1	11.4609	9
127	878	17	263.402	5.1	9.57812	9
126	871	17	261.302	5.1	9.875	9
125	864	17	259.202	5.1	8.42188	9
124	857	17	257.102	5.1	10.1797	9
123	851	16	255.302	4.8	11.9766	9
122	844	16	253.202	4.8	10.0312	9
121	837	16	251.102	4.8	9.90625	9
120	830	16	249.002	4.8	9.89844	9
119	823	16	246.902	4.8	9.33594	9
118	816	16	244.802	4.8	9.96094	9
117	809	16	242.702	4.8	9.78125	9
116	803	15	240.902	4.5	8.76562	9
115	796	15	238.802	4.5	10.0469	9
114	790	14	237.002	4.2	10.1094	9
113	783	14	234.902	4.2	9.89844	9
112	776	14	232.802	4.2	10.0156	9
111	769	14	230.702	4.2	9.42969	9
110	762	14	228.602	4.2	10.0156	9
109	756	13	226.802	3.9	13.0625	9
108	748	14	224.402	4.2	9.57031	9
107	741	14	222.301	4.2	9.49219	9
106	734	14	220.201	4.2	9.77344	9
105	727	14	218.101	4.2	9.54688	9
104	720	14	216.001	4.2	9.67188	9
103	713	14	213.901	4.2	9.82031	9
102	707	13	212.101	3.9	11.2812	9
101	700	13	210.001	3.9	9.8125	9
100	693	13	207.901	3.9	10.0781	9
99	686	13	205.801	3.9	9.66406	9
98	679	13	203.701	3.9	9.60156	9
97	672	13	201.601	3.9	9.90625	9
96	665	13	199.501	3.9	9.83594	9
95	658	13	197.401	3.9	9.625	9
94	651	13	195.301	3.9	9.47656	9
93	644	13	193.201	3.9	9.77344	9
92	638	12	191.401	3.6	11.2031	9
91	631	12	189.301	3.6	9.82031	9
90	624	12	187.201	3.6	9.60938	9
89	617	12	185.101	3.6	8.82031	9
88	610	12	183.001	3.6	10.0859	9
87	604	11	181.201	3.3	11.2109	9
86	597	11	179.101	3.3	11.2734	9
85	590	11	177.001	3.3	9.25	9
84	583	11	174.901	3.3	9.60938	9
83	576	11	172.801	3.3	9.80469	9
82	569	11	170.701	3.3	9.48438	9
81	562	11	168.601	3.3	9.49219	9
80	555	11	166.501	3.3	6.92188	9
79	550	9	165.001	2.7	14.3125	9
78	542	10	162.601	3	9.36719	9
77	535	10	160.501	3	9.36719	9
76	528	10	158.401	3	7.45312	9
75	521	10	156.301	3	9.60938	9
74	514	10	154.201	3	9.27344	9
73	507	10	152.101	3	9.47656	9
72	500	10	150.001	3	9.57031	9
71	493	10	147.901	3	9.72656	9
70	486	10	145.801	3	11.1172	9
69	480	9	144.001	2.7	10.8516	9
68	472	10	141.601	3	9.9375	9
67	465	10	139.501	3	9.85156	9
66	458	10	137.401	3	9.33594	9
65	451	10	135.301	3	9.65625	9
64	444	10	133.201	3	9.86719	9
63	437	10	131.101	3	9.63281	9
62	430	10	129.001	3	9.27344	9
61	423	10	126.901	3	9.84375	9
60	416	10	124.801	3	9.45312	9
59	410	9	123	2.7	10.6484	9
58	402	10	120.6	3	8.86719	9
57	395	10	118.5	3	9.07031	9
56	388	10	116.4	3	9.57031	9
55	381	10	114.3	3	9.48438	9
54	374	10	112.2	3	7.28125	9
53	367	10	110.1	3	9.27344	9
52	360	10	108	3	7.52344	9
51	353	10	105.9	3	9.60938	9
50	346	10	103.8	3	9.27344	9
49	339	10	101.7	3	9.54688	9
48	332	10	99.6003	3	8.13281	9
47	325	10	97.5002	3	9.55469	9
46	318	10	95.4002	3	9.67188	9
45	311	10	93.3002	3	9.16406	9
44	304	10	91.2002	3	9.39062	9
43	297	10	89.1001	3	9.55469	9
42	290	10	87.0001	3	9.14844	9
41	283	10	84.9001	3	9.07031	9
40	276	10	82.8001	3	9.39844	9
39	269	10	80.7001	3	9.35938	9
38	262	10	78.6	3	9.42969	9
37	255	10	76.5	3	9.74219	9
36	248	10	74.4	3	9.65625	9
35	241	10	72.3	3	9.84375	9
34	235	9	70.5	2.7	7.6875	9
33	228	9	68.3999	2.7	9.65625	9
32	221	9	66.2999	2.7	7.42188	9
31	214	9	64.1999	2.7	9.75781	9
30	207	9	62.0999	2.7	8.03125	9
29	200	9	59.9999	2.7	8.96875	9
28	192	10	57.5999	3	7.57812	9
27	180	15	53.9999	4.5	7.91406	9
26	172	16	51.5999	4.8	8.19531	9
25	164	17	49.1999	5.1	8.19531	9
24	157	17	47.0999	5.1	9.65625	9
23	150	17	44.9999	5.1	9.60938	9
22	143	17	42.8999	5.1	9.59375	9
21	137	16	41.0999	4.8	11.4766	9
20	130	16	39	4.8	9.46094	9
19	124	15	37.2	4.5	12.125	9
18	117	15	35.1	4.5	9.57031	9
17	110	15	33	4.5	9.875	9
16	103	15	30.9	4.5	9.80469	9
15	96	15	28.8	4.5	9.82031	9
14	90	14	27	4.2	14.6172	9
13	84	13	25.2	3.9	4.95312	9
12	77	13	23.1	3.9	9.84375	9
11	70	13	21	3.9	9.42188	9
10	63	13	18.9	3.9	10.1641	9
9	56	13	16.8	3.9	9.85156	9
8	49	13	14.7	3.9	10.0312	9
7	42	13	12.6	3.9	9.66406	9
6	36	12	10.8	3.6	7.83594	9
5	29	12	8.7	3.6	10.25	9
4	23	11	6.9	3.3	9.875	9
3	17	10	5.1	3	10.2812	9
2	10	10	3	3	9.95312	8
1	5	8	1.5	2.4	11.9062	8
0	0	6	0	1.8	9.875	1

