627.585
149	1037	12	311.1	3.6	11.5156	9
148	1030	12	309	3.6	9.57812	9
147	1023	12	306.9	3.6	9.86719	9
146	1016	12	304.8	3.6	9.01562	9
145	1009	12	302.7	3.6	9.39062	9
144	1002	12	300.6	3.6	9.57031	9
143	995	12	298.5	3.6	9.60156	9
142	989	11	296.7	3.3	14.7812	9
141	982	11	294.6	3.3	9.52344	9
140	975	11	292.5	3.3	9.42969	9
139	968	11	290.4	3.3	9.42188	9
138	961	11	288.301	3.3	9.03125	9
137	954	11	286.201	3.3	9.67188	9
136	947	11	284.101	3.3	9.64062	9
135	940	11	282.001	3.3	9.1875	9
134	933	11	279.901	3.3	9.26562	9
133	926	11	277.801	3.3	9.54688	9
132	921	9	276.301	2.7	14.2266	9
131	913	10	273.901	3	9.44531	9
130	906	10	271.801	3	9.10156	9
129	899	10	269.701	3	9.30469	9
128	892	10	267.601	3	9.03906	9
127	885	10	265.501	3	8.88281	9
126	878	10	263.402	3	8.71875	9
125	871	10	261.302	3	9.44531	9
124	864	10	259.202	3	9.21875	9
123	857	10	257.102	3	8.77344	9
122	850	10	255.002	3	9.75781	9
121	843	10	252.902	3	9.78125	9
120	836	10	250.802	3	9.33594	9
119	829	10	248.702	3	9.49219	9
118	822	10	246.602	3	9.42188	9
117	815	10	244.502	3	9.27344	9
116	808	10	242.402	3	9.51562	9
115	801	10	240.302	3	9.47656	9
114	794	10	238.202	3	9.07031	9
113	787	10	236.102	3	9.52344	9
112	780	10	234.002	3	9.55469	9
111	773	10	231.902	3	9.6875	9
110	766	10	229.802	3	9.03125	9
109	759	10	227.702	3	9.65625	9
108	752	10	225.602	3	9.16406	9
107	745	10	223.502	3	9.77344	9
106	740	8	222.001	2.4	13.2344	9
105	732	9	219.601	2.7	9.125	9
104	725	9	217.501	2.7	9.22656	9
103	718	9	215.401	2.7	9.36719	9
102	711	9	213.301	2.7	9.32812	9
101	704	9	211.201	2.7	9.14844	9
100	697	9	209.101	2.7	9.47656	9
99	690	9	207.001	2.7	8.89062	9
98	683	9	204.901	2.7	9.35938	9
97	676	9	202.801	2.7	9.19531	9
96	670	8	201.001	2.4	12.2578	9
95	663	8	198.901	2.4	9.30469	9
94	656	8	196.801	2.4	9.33594	9
93	649	8	194.701	2.4	9.36719	9
92	642	8	192.601	2.4	6.94531	9
91	634	9	190.201	2.7	9.09375	9
90	627	9	188.101	2.7	9.17969	9
89	620	9	186.001	2.7	9.04688	9
88	613	9	183.901	2.7	9.03125	9
87	606	9	181.801	2.7	8.27344	9
86	599	9	179.701	2.7	9.21875	9
85	592	9	177.601	2.7	9.39062	9
84	585	9	175.501	2.7	9.52344	9
83	578	9	173.401	2.7	9.22656	9
82	571	9	171.301	2.7	9.59375	9
81	564	9	169.201	2.7	9.28125	9
80	557	9	167.101	2.7	9.04688	9
79	550	9	165.001	2.7	9.28125	9
78	543	9	162.901	2.7	12.9453	9
77	536	9	160.801	2.7	9.14844	9
76	529	9	158.701	2.7	9.11719	9
75	522	9	156.601	2.7	9.83594	9
74	515	9	154.501	2.7	9.39844	9
73	508	9	152.401	2.7	9.16406	9
72	501	9	150.301	2.7	9.26562	9
71	494	9	148.201	2.7	9.26562	9
70	487	9	146.101	2.7	9.33594	9
69	480	9	144.001	2.7	9.25	9
68	473	9	141.901	2.7	8.94531	9
67	466	9	139.801	2.7	9.55469	9
66	459	9	137.701	2.7	9.52344	9
65	452	9	135.601	2.7	9.625	9
64	445	9	133.501	2.7	9.50781	9
63	438	9	131.401	2.7	9.3125	9
62	432	8	129.601	2.4	14.6484	9
61	425	8	127.501	2.4	9.55469	9
60	418	8	125.401	2.4	9.46094	9
59	411	8	123.3	2.4	9	9
58	404	8	121.2	2.4	9.27344	9
57	397	8	119.1	2.4	9.19531	9
56	390	8	117	2.4	9.07812	9
55	384	7	115.2	2.1	13.5312	9
54	375	9	112.5	2.7	9.21094	9
53	368	9	110.4	2.7	8.82812	9
52	361	9	108.3	2.7	9.45312	9
51	354	9	106.2	2.7	9.54688	9
50	347	9	104.1	2.7	9.39062	9
49	340	9	102	2.7	9.39844	9
48	333	9	99.9003	2.7	9.13281	9
47	326	9	97.8002	2.7	9.09375	9
46	319	9	95.7002	2.7	9.15625	9
45	312	9	93.6002	2.7	9.04688	9
44	305	9	91.5002	2.7	9.44531	9
43	298	9	89.4001	2.7	9	9
42	292	8	87.6001	2.4	13.8828	9
41	284	9	85.2001	2.7	9.11719	9
40	277	9	83.1001	2.7	8.85938	9
39	270	9	81.0001	2.7	9.07812	9
38	263	9	78.9	2.7	9.0625	9
37	256	9	76.8	2.7	9.3125	9
36	249	9	74.7	2.7	9.3125	9
35	242	9	72.6	2.7	9.39844	9
34	235	9	70.5	2.7	9.21875	9
33	228	9	68.3999	2.7	9.07812	9
32	221	9	66.2999	2.7	9.55469	9
31	214	9	64.1999	2.7	9.10156	9
30	207	9	62.0999	2.7	9.64062	9
29	200	9	59.9999	2.7	8.9375	9
28	193	9	57.8999	2.7	9.36719	9
27	186	9	55.7999	2.7	9.25	9
26	179	9	53.6999	2.7	8.96875	9
25	172	9	51.5999	2.7	9.19531	9
24	165	9	49.4999	2.7	9.03125	9
23	158	9	47.3999	2.7	9.29688	9
22	151	9	45.2999	2.7	9.33594	9
21	144	9	43.1999	2.7	9.22656	9
20	137	9	41.0999	2.7	8.94531	9
19	130	9	39	2.7	9.29688	9
18	123	9	36.9	2.7	9.28125	9
17	116	9	34.8	2.7	8.96875	9
16	109	9	32.7	2.7	9.25	9
15	102	9	30.6	2.7	9.29688	9
14	95	9	28.5	2.7	9.27344	9
13	89	8	26.7	2.4	13.1406	9
12	81	9	24.3	2.7	9.09375	9
11	74	9	22.2	2.7	9.3125	9
10	67	9	20.1	2.7	9.0625	9
9	60	9	18	2.7	9.32812	9
8	53	9	15.9	2.7	8.96875	9
7	46	9	13.8	2.7	9.57812	9
6	40	8	12	2.4	10.6094	9
5	33	8	9.9	2.4	9.28125	9
4	26	8	7.8	2.4	9.03906	9
3	19	8	5.7	2.4	9.03125	9
2	12	8	3.6	2.4	9.28125	8
1	6	7	1.8	2.1	9.07031	8
0	0	6	0	1.8	9.1875	1

