626.577
149	1041	8	312.3	2.4	9.01562	9
148	1034	8	310.2	2.4	9.07812	9
147	1027	8	308.1	2.4	8.64844	9
146	1020	8	306	2.4	7.79688	9
145	1014	7	304.2	2.1	14.3594	9
144	1005	9	301.5	2.7	9.21094	9
143	998	9	299.4	2.7	9.03906	9
142	991	9	297.3	2.7	9.15625	9
141	984	9	295.2	2.7	9.25	9
140	977	9	293.1	2.7	9.00781	9
139	970	9	291	2.7	9.28125	9
138	963	9	288.901	2.7	9.29688	9
137	957	8	287.101	2.4	13.1562	9
136	949	9	284.701	2.7	8.89062	9
135	942	9	282.601	2.7	8.94531	9
134	935	9	280.501	2.7	9.07031	9
133	928	9	278.401	2.7	9.25	9
132	921	9	276.301	2.7	9.27344	9
131	914	9	274.201	2.7	10.1484	9
130	906	10	271.801	3	9.00781	9
129	899	10	269.701	3	12.5625	9
128	891	11	267.301	3.3	8.86719	9
127	884	11	265.201	3.3	9.19531	9
126	877	11	263.102	3.3	9.17969	9
125	870	11	261.002	3.3	9.25	9
124	863	11	258.902	3.3	9.07031	9
123	856	11	256.802	3.3	10.6406	9
122	848	12	254.402	3.6	8.29688	9
121	841	12	252.302	3.6	9.50781	9
120	834	12	250.202	3.6	9.13281	9
119	827	12	248.102	3.6	9.49219	9
118	820	12	246.002	3.6	9.0625	9
117	813	12	243.902	3.6	8.78906	9
116	806	12	241.802	3.6	10.3438	9
115	799	12	239.702	3.6	9.07031	9
114	792	12	237.602	3.6	9.09375	9
113	785	12	235.502	3.6	9.21094	9
112	778	12	233.402	3.6	8.9375	9
111	771	12	231.302	3.6	9.33594	9
110	764	12	229.202	3.6	9.36719	9
109	757	12	227.102	3.6	9.26562	9
108	750	12	225.002	3.6	8.24219	9
107	743	12	222.902	3.6	12.9141	9
106	736	12	220.801	3.6	9.04688	9
105	729	12	218.701	3.6	8.96875	9
104	722	12	216.601	3.6	9.19531	9
103	715	12	214.501	3.6	9.3125	9
102	708	12	212.401	3.6	9.17969	9
101	701	12	210.301	3.6	9.15625	9
100	694	12	208.201	3.6	10.1797	9
99	686	13	205.801	3.9	9.25	9
98	679	13	203.701	3.9	8.09375	9
97	672	13	201.601	3.9	9.3125	9
96	665	13	199.501	3.9	9.51562	9
95	658	13	197.401	3.9	9.57031	9
94	651	13	195.301	3.9	9.0625	9
93	644	13	193.201	3.9	9.14844	9
92	637	13	191.101	3.9	9.17969	9
91	630	13	189.001	3.9	7.79688	9
90	623	13	186.901	3.9	9.09375	9
89	616	13	184.801	3.9	8.9375	9
88	609	13	182.701	3.9	8.85938	9
87	602	13	180.601	3.9	10.5	9
86	595	13	178.501	3.9	8.96875	9
85	588	13	176.401	3.9	9.09375	9
84	581	13	174.301	3.9	8.95312	9
83	574	13	172.201	3.9	9.0625	9
82	567	13	170.101	3.9	8.89062	9
81	560	13	168.001	3.9	10.1172	9
80	553	13	165.901	3.9	9.29688	9
79	546	13	163.801	3.9	9.16406	9
78	539	13	161.701	3.9	9.54688	9
77	532	13	159.601	3.9	7.85156	9
76	525	13	157.501	3.9	9.57031	9
75	518	13	155.401	3.9	9.28125	9
74	511	13	153.301	3.9	9.17969	9
73	504	13	151.201	3.9	9.14844	9
72	497	13	149.101	3.9	9.44531	9
71	490	13	147.001	3.9	7.82031	9
70	483	13	144.901	3.9	9.28125	9
69	476	13	142.801	3.9	10.4297	9
68	469	13	140.701	3.9	13.9219	9
67	462	13	138.601	3.9	9.34375	9
66	455	13	136.501	3.9	9.52344	9
65	448	13	134.401	3.9	8.5	9
64	441	13	132.301	3.9	9.28125	9
63	434	13	130.201	3.9	9.36719	9
62	427	13	128.101	3.9	9.3125	9
61	420	13	126.001	3.9	9.53906	9
60	413	13	123.9	3.9	9.375	9
59	406	13	121.8	3.9	9.54688	9
58	400	12	120	3.6	10.4453	9
57	393	12	117.9	3.6	9.14844	8
56	388	10	116.4	3	9.26562	8
55	383	8	114.9	2.4	10.1484	9
54	376	8	112.8	2.4	10.3516	9
53	369	8	110.7	2.4	13.2656	9
52	362	8	108.6	2.4	9.16406	9
51	355	8	106.5	2.4	9.24219	9
50	348	8	104.4	2.4	9.10156	9
49	341	8	102.3	2.4	9.27344	9
48	334	8	100.2	2.4	9	9
47	327	8	98.1002	2.4	9	9
46	320	8	96.0002	2.4	9.01562	9
45	313	8	93.9002	2.4	9.19531	9
44	306	8	91.8002	2.4	6.70312	9
43	298	9	89.4001	2.7	9.39844	9
42	291	9	87.3001	2.7	9.36719	9
41	284	9	85.2001	2.7	9.13281	9
40	277	9	83.1001	2.7	9.32812	9
39	270	9	81.0001	2.7	9.01562	9
38	263	9	78.9	2.7	10.7031	9
37	256	9	76.8	2.7	9.30469	9
36	249	9	74.7	2.7	9.21094	9
35	242	9	72.6	2.7	9.34375	9
34	237	7	71.1	2.1	14.4844	9
33	229	8	68.6999	2.4	9.39844	9
32	222	8	66.5999	2.4	9.6875	9
31	215	8	64.4999	2.4	9.22656	9
30	208	8	62.3999	2.4	9.15625	9
29	201	8	60.2999	2.4	8.98438	9
28	194	8	58.1999	2.4	9.16406	9
27	187	8	56.0999	2.4	10.5312	9
26	180	8	53.9999	2.4	9.16406	9
25	173	8	51.8999	2.4	8.14844	9
24	166	8	49.7999	2.4	9.24219	9
23	159	8	47.6999	2.4	8.86719	9
22	152	8	45.5999	2.4	9.03906	9
21	145	8	43.4999	2.4	9.1875	9
20	138	8	41.3999	2.4	8.02344	9
19	131	8	39.2999	2.4	9.375	9
18	124	8	37.2	2.4	9.29688	9
17	117	8	35.1	2.4	9.47656	9
16	110	8	33	2.4	9.01562	9
15	103	8	30.9	2.4	9.11719	9
14	96	8	28.8	2.4	8.83594	9
13	89	8	26.7	2.4	10.4375	9
12	82	8	24.6	2.4	9.10156	9
11	75	8	22.5	2.4	9.25	9
10	68	8	20.4	2.4	9.27344	9
9	61	8	18.3	2.4	9.03906	9
8	54	8	16.2	2.4	8.94531	9
7	47	8	14.1	2.4	10.3984	9
6	39	9	11.7	2.7	8.9375	9
5	32	9	9.6	2.7	9.07031	9
4	25	9	7.5	2.7	8.97656	9
3	18	9	5.4	2.7	9.03906	9
2	11	9	3.3	2.7	7.50781	9
1	4	9	1.2	2.7	9.03906	7
0	0	6	0	1.8	8.94531	1

