627.585
149	1035	14	310.5	4.2	9.92969	9
148	1028	14	308.4	4.2	9.84375	9
147	1021	14	306.3	4.2	9.65625	9
146	1014	14	304.2	4.2	9.875	9
145	1007	14	302.1	4.2	10.0859	9
144	1001	13	300.3	3.9	9.92188	9
143	994	13	298.2	3.9	9.98438	9
142	988	12	296.4	3.6	8.01562	9
141	981	12	294.3	3.6	9.55469	9
140	974	12	292.2	3.6	10.0703	9
139	967	12	290.1	3.6	9.89844	9
138	960	12	288.001	3.6	9.92188	9
137	953	12	285.901	3.6	10.0469	9
136	946	12	283.801	3.6	9.65625	9
135	939	12	281.701	3.6	9.63281	9
134	932	12	279.601	3.6	10.1094	9
133	925	12	277.501	3.6	9.63281	9
132	918	12	275.401	3.6	9.98438	9
131	912	11	273.601	3.3	10.2578	9
130	906	10	271.801	3	10.0703	9
129	899	10	269.701	3	9.70312	9
128	892	10	267.601	3	10	9
127	885	10	265.501	3	9.3125	9
126	878	10	263.402	3	9.95312	9
125	871	10	261.302	3	6.77344	9
124	865	9	259.502	2.7	13.8672	9
123	857	10	257.102	3	9.57031	9
122	850	10	255.002	3	9.39844	9
121	843	10	252.902	3	9.84375	9
120	836	10	250.802	3	9.78906	9
119	829	10	248.702	3	9.72656	9
118	822	10	246.602	3	8.88281	9
117	815	10	244.502	3	9.89062	9
116	808	10	242.402	3	9.74219	9
115	801	10	240.302	3	10.0312	9
114	794	10	238.202	3	9.67188	9
113	787	10	236.102	3	9.59375	9
112	780	10	234.002	3	9.63281	9
111	773	10	231.902	3	9.51562	9
110	766	10	229.802	3	9.14844	9
109	759	10	227.702	3	13.9531	9
108	752	10	225.602	3	9.09375	9
107	745	10	223.502	3	9.8125	9
106	738	10	221.401	3	9.83594	9
105	731	10	219.301	3	9.27344	9
104	724	10	217.201	3	9.63281	9
103	717	10	215.101	3	9.54688	9
102	710	10	213.001	3	9.63281	9
101	703	10	210.901	3	8.98438	9
100	696	10	208.801	3	9.19531	9
99	690	9	207.001	2.7	11.5156	9
98	683	9	204.901	2.7	14.6406	9
97	677	8	203.101	2.4	4.35938	9
96	670	8	201.001	2.4	9.59375	9
95	663	8	198.901	2.4	9.07812	9
94	656	8	196.801	2.4	9.47656	9
93	649	8	194.701	2.4	9.33594	9
92	642	8	192.601	2.4	9.34375	9
91	635	8	190.501	2.4	9.55469	9
90	628	8	188.401	2.4	9.21094	9
89	621	8	186.301	2.4	4.26562	9
88	613	9	183.901	2.7	9.41406	9
87	606	9	181.801	2.7	9.35938	9
86	599	9	179.701	2.7	7.85156	9
85	592	9	177.601	2.7	9.6875	9
84	585	9	175.501	2.7	9.74219	9
83	578	9	173.401	2.7	9.80469	9
82	571	9	171.301	2.7	9.72656	9
81	564	9	169.201	2.7	9.33594	9
80	558	8	167.401	2.4	5.03906	9
79	550	9	165.001	2.7	9.24219	9
78	543	9	162.901	2.7	9.375	9
77	536	9	160.801	2.7	9.22656	9
76	529	9	158.701	2.7	9.33594	9
75	522	9	156.601	2.7	9.49219	9
74	515	9	154.501	2.7	9.74219	9
73	508	9	152.401	2.7	9.30469	9
72	501	9	150.301	2.7	9.50781	9
71	494	9	148.201	2.7	9.50781	9
70	487	9	146.101	2.7	9.35938	9
69	480	9	144.001	2.7	7.83594	9
68	473	9	141.901	2.7	9.48438	9
67	466	9	139.801	2.7	9.55469	9
66	459	9	137.701	2.7	9.72656	9
65	452	9	135.601	2.7	9.42969	9
64	445	9	133.501	2.7	9.47656	9
63	438	9	131.401	2.7	9.42188	9
62	431	9	129.301	2.7	9.55469	9
61	424	9	127.201	2.7	9.96094	9
60	417	9	125.101	2.7	9.19531	9
59	410	9	123	2.7	9.84375	9
58	403	9	120.9	2.7	9.59375	9
57	396	9	118.8	2.7	9.34375	9
56	389	9	116.7	2.7	9.21875	9
55	382	9	114.6	2.7	9.27344	9
54	375	9	112.5	2.7	9.78125	9
53	368	9	110.4	2.7	8.65625	9
52	361	9	108.3	2.7	9.75	9
51	353	10	105.9	3	8.82031	9
50	346	10	103.8	3	10.2344	9
49	339	10	101.7	3	9.65625	9
48	332	10	99.6003	3	8	9
47	324	11	97.2002	3.3	9.54688	9
46	317	11	95.1002	3.3	9.63281	9
45	310	11	93.0002	3.3	9.75	9
44	303	11	90.9002	3.3	9.15625	9
43	296	11	88.8001	3.3	9.35938	9
42	290	10	87.0001	3	11.1328	9
41	282	11	84.6001	3.3	9.66406	9
40	275	11	82.5001	3.3	9.875	9
39	268	11	80.4001	3.3	9.21875	9
38	261	11	78.3	3.3	9.25	9
37	254	11	76.2	3.3	9.15625	9
36	247	11	74.1	3.3	9.63281	9
35	240	11	72	3.3	8.53906	9
34	233	11	69.8999	3.3	9.44531	9
33	226	11	67.7999	3.3	9.39844	9
32	219	11	65.6999	3.3	9.19531	9
31	212	11	63.5999	3.3	11.2969	9
30	204	12	61.1999	3.6	8.78906	9
29	197	12	59.0999	3.6	8.83594	9
28	190	12	56.9999	3.6	9.10156	9
27	183	12	54.8999	3.6	8.98438	9
26	176	12	52.7999	3.6	13.9844	9
25	169	12	50.6999	3.6	8.92188	9
24	162	12	48.5999	3.6	9.75	9
23	155	12	46.4999	3.6	8.9375	9
22	148	12	44.3999	3.6	9.92969	9
21	141	12	42.2999	3.6	9.70312	9
20	134	12	40.1999	3.6	9.66406	9
19	127	12	38.1	3.6	9.59375	9
18	120	12	36	3.6	10.1328	9
17	113	12	33.9	3.6	9.49219	9
16	106	12	31.8	3.6	9.42969	9
15	100	11	30	3.3	13.5078	9
14	94	10	28.2	3	6.17188	9
13	87	10	26.1	3	9.72656	9
12	80	10	24	3	9.71875	9
11	73	10	21.9	3	8.55469	9
10	66	10	19.8	3	8.85938	9
9	59	10	17.7	3	8.65625	9
8	52	10	15.6	3	8.35938	9
7	45	10	13.5	3	9.44531	9
6	38	10	11.4	3	9.67188	9
5	31	10	9.3	3	8.50781	9
4	24	10	7.2	3	9.89844	9
3	17	10	5.1	3	9.51562	9
2	10	10	3	3	9.90625	8
1	5	8	1.5	2.4	9.42188	8
0	0	6	0	1.8	9.21875	1

