89.635
149	1046	10	313.799	3	0.4375	6
148	968	81	290.4	24.3	0.40625	6
147	885	157	265.501	47.0999	0.429688	6
146	811	224	243.302	67.1999	4.10156	6
145	712	316	213.601	94.8002	0.359375	6
144	613	408	183.901	122.4	4.10156	6
143	532	482	159.601	144.601	0.484375	6
142	458	549	137.401	164.701	0.328125	6
141	386	614	115.8	184.201	3.21875	6
140	312	681	93.6002	204.301	2.6875	6
139	260	726	78	217.801	2.90625	6
138	175	804	52.4999	241.202	0.46875	5
137	154	818	46.1999	245.402	4.71094	5
136	77	888	23.1	266.401	0.421875	4
135	62	896	18.6	268.801	4.32812	3
134	61	890	18.3	267.001	4.32812	3
133	60	884	18	265.201	4.32812	1
132	60	877	18	263.102	4.32812	1
131	60	870	18	261.002	4.32812	1
130	60	863	18	258.902	4.32812	1
129	60	856	18	256.802	4.32812	1
128	60	849	18	254.702	4.32812	1
127	60	842	18	252.602	4.32812	1
126	60	835	18	250.502	4.32812	1
125	60	828	18	248.402	4.32812	1
124	60	821	18	246.302	4.32812	1
123	60	814	18	244.202	4.32812	1
122	60	807	18	242.102	4.32812	1
121	60	800	18	240.002	4.32812	1
120	60	793	18	237.902	4.32812	1
119	60	786	18	235.802	4.32812	1
118	60	779	18	233.702	4.32812	1
117	60	772	18	231.602	4.32812	1
116	60	765	18	229.502	4.32812	1
115	60	758	18	227.402	4.32812	1
114	60	751	18	225.302	4.32812	1
113	60	744	18	223.202	4.32812	1
112	60	737	18	221.101	4.32812	1
111	60	730	18	219.001	4.32812	1
110	60	723	18	216.901	4.32812	1
109	60	716	18	214.801	4.32812	1
108	60	709	18	212.701	4.32812	1
107	60	702	18	210.601	4.32812	1
106	60	695	18	208.501	4.32812	1
105	60	688	18	206.401	4.32812	1
104	60	681	18	204.301	4.32812	1
103	60	674	18	202.201	4.32812	1
102	60	667	18	200.101	4.32812	1
101	60	660	18	198.001	4.32812	1
100	60	653	18	195.901	4.32812	1
99	60	646	18	193.801	4.32812	1
98	60	639	18	191.701	4.32812	1
97	60	632	18	189.601	4.32812	1
96	60	625	18	187.501	4.32812	1
95	60	618	18	185.401	4.32812	1
94	60	611	18	183.301	4.32812	1
93	60	604	18	181.201	4.32812	1
92	60	597	18	179.101	4.32812	1
91	60	590	18	177.001	4.32812	1
90	60	583	18	174.901	4.32812	1
89	60	576	18	172.801	4.32812	1
88	60	569	18	170.701	4.32812	1
87	60	562	18	168.601	4.32812	1
86	60	555	18	166.501	4.32812	1
85	60	548	18	164.401	4.32812	1
84	60	541	18	162.301	4.32812	1
83	60	534	18	160.201	4.32812	1
82	60	527	18	158.101	4.32812	1
81	60	520	18	156.001	4.32812	1
80	60	513	18	153.901	4.32812	1
79	60	506	18	151.801	4.32812	1
78	60	499	18	149.701	4.32812	1
77	60	492	18	147.601	4.32812	1
76	60	485	18	145.501	4.32812	1
75	60	478	18	143.401	4.32812	1
74	60	471	18	141.301	4.32812	1
73	60	464	18	139.201	4.32812	1
72	60	457	18	137.101	4.32812	1
71	60	450	18	135.001	4.32812	1
70	60	443	18	132.901	4.32812	1
69	60	436	18	130.801	4.32812	1
68	60	429	18	128.701	4.32812	1
67	60	422	18	126.601	4.32812	1
66	60	415	18	124.501	4.32812	1
65	60	408	18	122.4	4.32812	1
64	60	401	18	120.3	4.32812	1
63	60	394	18	118.2	4.32812	1
62	60	387	18	116.1	4.32812	1
61	60	380	18	114	4.32812	1
60	60	373	18	111.9	4.32812	1
59	60	366	18	109.8	4.32812	1
58	60	359	18	107.7	4.32812	1
57	60	352	18	105.6	4.32812	1
56	60	345	18	103.5	4.32812	1
55	60	338	18	101.4	4.32812	1
54	60	331	18	99.3002	4.32812	1
53	60	324	18	97.2002	4.32812	1
52	60	317	18	95.1002	4.32812	1
51	60	310	18	93.0002	4.32812	1
50	60	303	18	90.9002	4.32812	1
49	60	296	18	88.8001	4.32812	1
48	60	289	18	86.7001	4.32812	1
47	60	282	18	84.6001	4.32812	1
46	60	275	18	82.5001	4.32812	1
45	60	268	18	80.4001	4.32812	1
44	60	261	18	78.3	4.32812	1
43	60	254	18	76.2	4.32812	1
42	60	247	18	74.1	4.32812	1
41	60	240	18	72	4.32812	1
40	60	233	18	69.8999	4.32812	1
39	60	226	18	67.7999	4.32812	1
38	60	219	18	65.6999	4.32812	1
37	60	212	18	63.5999	4.32812	1
36	60	205	18	61.4999	4.32812	1
35	60	198	18	59.3999	4.32812	1
34	60	191	18	57.2999	4.32812	1
33	60	184	18	55.1999	4.32812	1
32	60	177	18	53.0999	4.32812	1
31	60	170	18	50.9999	4.32812	1
30	60	163	18	48.8999	4.32812	1
29	60	156	18	46.7999	4.32812	1
28	60	149	18	44.6999	4.32812	1
27	60	142	18	42.5999	4.32812	1
26	60	135	18	40.4999	4.32812	1
25	60	128	18	38.4	4.32812	1
24	60	121	18	36.3	4.32812	1
23	60	114	18	34.2	4.32812	1
22	60	107	18	32.1	4.32812	1
21	60	100	18	30	4.32812	1
20	60	93	18	27.9	4.32812	1
19	60	86	18	25.8	4.32812	1
18	60	79	18	23.7	4.32812	1
17	60	72	18	21.6	4.32812	1
16	60	65	18	19.5	4.32812	1
15	60	58	18	17.4	4.32812	1
14	60	51	18	15.3	4.32812	1
13	60	44	18	13.2	4.32812	1
12	60	37	18	11.1	4.32812	1
11	60	30	18	9	4.32812	1
10	60	23	18	6.9	4.32812	1
9	60	16	18	4.8	4.32812	1
8	60	9	18	2.7	4.32812	1
7	25	37	7.5	11.1	0.34375	0
6	23	32	6.9	9.6	0.398438	0
5	21	27	6.3	8.1	0.398438	0
4	19	22	5.7	6.6	0.359375	0
3	17	17	5.1	5.1	0.359375	0
2	15	12	4.5	3.6	0.390625	0
1	13	7	3.9	2.1	0.421875	1
0	7	6	2.1	1.8	0.34375	1

