205.85
149	1044	9	313.2	2.7	0.34375	8
148	928	118	278.401	35.4	4.20312	8
147	844	195	253.202	58.4999	1.13281	8
146	781	251	234.302	75.3	0.6875	8
145	708	317	212.401	95.1002	0.960938	8
144	654	364	196.201	109.2	0.945312	8
143	537	474	161.101	142.201	0.484375	8
142	455	549	136.501	164.701	5.02344	8
141	410	587	123	176.101	5.10156	8
140	356	634	106.8	190.201	5.17188	8
139	324	659	97.2002	197.701	4.71875	8
138	267	709	80.1001	212.701	0.578125	8
137	220	749	65.9999	224.702	2.00781	8
136	177	785	53.0999	235.502	0.9375	8
135	123	832	36.9	249.602	0.304688	8
134	53	895	15.9	268.501	1.96875	6
133	38	903	11.4	270.901	5.64844	2
132	38	896	11.4	268.801	5.64844	2
131	38	889	11.4	266.701	5.64844	2
130	38	882	11.4	264.602	5.64844	2
129	38	875	11.4	262.502	5.64844	2
128	38	868	11.4	260.402	5.64844	2
127	38	861	11.4	258.302	5.64844	2
126	38	854	11.4	256.202	5.64844	2
125	38	847	11.4	254.102	5.64844	2
124	38	840	11.4	252.002	5.64844	2
123	38	833	11.4	249.902	5.64844	2
122	38	826	11.4	247.802	5.64844	2
121	38	819	11.4	245.702	5.64844	2
120	38	812	11.4	243.602	5.64844	2
119	38	805	11.4	241.502	5.64844	2
118	38	798	11.4	239.402	5.64844	2
117	38	791	11.4	237.302	5.64844	2
116	38	784	11.4	235.202	5.64844	2
115	38	777	11.4	233.102	5.64844	2
114	38	770	11.4	231.002	5.64844	2
113	38	763	11.4	228.902	5.64844	2
112	38	756	11.4	226.802	5.64844	2
111	38	749	11.4	224.702	5.64844	2
110	38	742	11.4	222.602	5.64844	2
109	38	735	11.4	220.501	5.64844	2
108	38	728	11.4	218.401	5.64844	2
107	38	721	11.4	216.301	5.64844	2
106	38	714	11.4	214.201	5.64844	2
105	38	707	11.4	212.101	5.64844	2
104	38	700	11.4	210.001	5.64844	2
103	38	693	11.4	207.901	5.64844	2
102	38	686	11.4	205.801	5.64844	2
101	38	679	11.4	203.701	5.64844	2
100	38	672	11.4	201.601	5.64844	2
99	38	665	11.4	199.501	5.64844	2
98	38	658	11.4	197.401	5.64844	2
97	38	651	11.4	195.301	5.64844	2
96	38	644	11.4	193.201	5.64844	2
95	38	637	11.4	191.101	5.64844	2
94	38	630	11.4	189.001	5.64844	2
93	38	623	11.4	186.901	5.64844	2
92	38	616	11.4	184.801	5.64844	2
91	38	609	11.4	182.701	5.64844	2
90	38	602	11.4	180.601	5.64844	2
89	38	595	11.4	178.501	5.64844	2
88	38	588	11.4	176.401	5.64844	2
87	38	581	11.4	174.301	5.64844	2
86	38	574	11.4	172.201	5.64844	2
85	38	567	11.4	170.101	5.64844	2
84	38	560	11.4	168.001	5.64844	2
83	38	553	11.4	165.901	5.64844	2
82	38	546	11.4	163.801	5.64844	2
81	38	539	11.4	161.701	5.64844	2
80	38	532	11.4	159.601	5.64844	2
79	38	525	11.4	157.501	5.64844	2
78	38	518	11.4	155.401	5.64844	2
77	38	511	11.4	153.301	5.64844	2
76	38	504	11.4	151.201	5.64844	2
75	38	497	11.4	149.101	5.64844	2
74	38	490	11.4	147.001	5.64844	2
73	38	483	11.4	144.901	5.64844	2
72	38	476	11.4	142.801	5.64844	2
71	38	469	11.4	140.701	5.64844	2
70	38	462	11.4	138.601	5.64844	2
69	38	455	11.4	136.501	5.64844	2
68	38	448	11.4	134.401	5.64844	2
67	38	441	11.4	132.301	5.64844	2
66	38	434	11.4	130.201	5.64844	2
65	38	427	11.4	128.101	5.64844	2
64	38	420	11.4	126.001	5.64844	2
63	38	413	11.4	123.9	5.64844	2
62	38	406	11.4	121.8	5.64844	2
61	38	399	11.4	119.7	5.64844	2
60	38	392	11.4	117.6	5.64844	2
59	38	385	11.4	115.5	5.64844	2
58	38	378	11.4	113.4	5.64844	2
57	38	371	11.4	111.3	5.64844	2
56	38	364	11.4	109.2	5.64844	2
55	38	357	11.4	107.1	5.64844	2
54	38	350	11.4	105	5.64844	2
53	38	343	11.4	102.9	5.64844	2
52	38	336	11.4	100.8	5.64844	2
51	38	329	11.4	98.7002	5.64844	2
50	38	322	11.4	96.6002	5.64844	2
49	38	315	11.4	94.5002	5.64844	2
48	38	308	11.4	92.4002	5.64844	2
47	38	301	11.4	90.3002	5.64844	2
46	38	294	11.4	88.2001	5.64844	2
45	38	287	11.4	86.1001	5.64844	2
44	38	280	11.4	84.0001	5.64844	2
43	38	273	11.4	81.9001	5.64844	2
42	38	266	11.4	79.8	5.64844	2
41	38	259	11.4	77.7	5.64844	2
40	38	252	11.4	75.6	5.64844	2
39	38	245	11.4	73.5	5.64844	2
38	38	238	11.4	71.4	5.64844	2
37	38	231	11.4	69.2999	5.64844	2
36	38	224	11.4	67.1999	5.64844	2
35	38	217	11.4	65.0999	5.64844	2
34	38	210	11.4	62.9999	5.64844	2
33	38	203	11.4	60.8999	5.64844	2
32	38	196	11.4	58.7999	5.64844	2
31	38	189	11.4	56.6999	5.64844	2
30	38	182	11.4	54.5999	5.64844	2
29	38	175	11.4	52.4999	5.64844	2
28	38	168	11.4	50.3999	5.64844	2
27	38	161	11.4	48.2999	5.64844	2
26	38	154	11.4	46.1999	5.64844	2
25	38	147	11.4	44.0999	5.64844	2
24	38	140	11.4	41.9999	5.64844	2
23	38	133	11.4	39.8999	5.64844	2
22	38	126	11.4	37.8	5.64844	2
21	38	119	11.4	35.7	5.64844	2
20	38	112	11.4	33.6	5.64844	2
19	38	105	11.4	31.5	5.64844	2
18	38	98	11.4	29.4	5.64844	2
17	38	91	11.4	27.3	5.64844	2
16	38	84	11.4	25.2	5.64844	2
15	38	77	11.4	23.1	5.64844	2
14	38	70	11.4	21	5.64844	2
13	38	63	11.4	18.9	5.64844	2
12	38	56	11.4	16.8	5.64844	2
11	38	49	11.4	14.7	5.64844	2
10	38	42	11.4	12.6	5.64844	2
9	38	35	11.4	10.5	5.64844	2
8	38	28	11.4	8.4	5.64844	2
7	38	21	11.4	6.3	5.64844	2
6	38	14	11.4	4.2	5.64844	2
5	38	7	11.4	2.1	5.64844	4
4	28	10	8.4	3	1.42188	4
3	19	12	5.7	3.6	0.90625	4
2	6	18	1.8	5.4	3.91406	3
1	5	12	1.5	3.6	3.91406	3
0	4	6	1.2	1.8	3.91406	1

