477.871
149	1042	7	312.6	2.1	3.55469	6
148	1033	9	309.9	2.7	3.13281	6
147	1024	11	307.2	3.3	3.47656	6
146	1015	13	304.5	3.9	4.05469	6
145	1006	15	301.8	4.5	3.46094	6
144	998	16	299.4	4.8	3.65625	6
143	990	17	297	5.1	3.40625	6
142	984	16	295.2	4.8	6.40625	6
141	971	22	291.3	6.6	3.28906	6
140	962	24	288.601	7.2	2.9375	6
139	953	26	285.901	7.8	3.38281	6
138	944	28	283.201	8.4	3.14844	6
137	935	30	280.501	9	3.32031	6
136	926	32	277.801	9.6	3.3125	6
135	918	33	275.401	9.9	4.57812	6
134	908	36	272.401	10.8	3.54688	6
133	901	36	270.301	10.8	6.05469	6
132	891	39	267.301	11.7	3.46094	6
131	882	41	264.602	12.3	3.17969	6
130	873	43	261.902	12.9	3.21875	6
129	864	45	259.202	13.5	3.65625	6
128	858	44	257.402	13.2	7.10938	6
127	847	48	254.102	14.4	2.83594	6
126	838	50	251.402	15	3.64844	6
125	830	51	249.002	15.3	3.59375	6
124	822	52	246.602	15.6	3.72656	6
123	813	54	243.902	16.2	3.28125	6
122	807	53	242.102	15.9	6.74219	6
121	797	56	239.102	16.8	3.69531	6
120	788	58	236.402	17.4	3.32031	6
119	779	60	233.702	18	3.17969	6
118	772	60	231.602	18	6.92969	6
117	762	63	228.602	18.9	3.47656	6
116	755	63	226.502	18.9	5.53125	6
115	745	66	223.502	19.8	3.40625	6
114	736	68	220.801	20.4	3.25	6
113	728	69	218.401	20.7	4.00781	6
112	720	70	216.001	21	3.84375	6
111	712	71	213.601	21.3	3.17188	6
110	700	76	210.001	22.8	1.89062	5
109	695	74	208.501	22.2	4.36719	5
108	691	71	207.301	21.3	4.47656	5
107	687	68	206.101	20.4	4.24219	5
106	683	65	204.901	19.5	4.23438	5
105	679	62	203.701	18.6	4.38281	5
104	675	59	202.501	17.7	4.39844	5
103	672	55	201.601	16.5	6.67969	5
102	668	52	200.401	15.6	2.27344	5
101	663	50	198.901	15	4.57031	5
100	659	47	197.701	14.1	4.32812	5
99	655	44	196.501	13.2	4.32031	5
98	650	42	195.001	12.6	4.10156	5
97	645	40	193.501	12	4.07031	5
96	638	40	191.401	12	2.21875	5
95	630	41	189.001	12.3	2.60938	5
94	624	40	187.201	12	3.14062	5
93	620	37	186.001	11.1	4.54688	5
92	617	33	185.101	9.9	6.97656	5
91	612	31	183.601	9.3	4.53906	5
90	608	28	182.401	8.4	4.27344	5
89	604	25	181.201	7.5	4.42188	5
88	600	22	180.001	6.6	4.46875	5
87	597	18	179.101	5.4	6.73438	5
86	591	17	177.301	5.1	4.15625	5
85	587	14	176.101	4.2	4.27344	5
84	583	11	174.901	3.3	4.27344	5
83	579	8	173.701	2.4	6.11719	6
82	572	8	171.601	2.4	4.35938	6
81	565	8	169.501	2.4	4.02344	6
80	558	8	167.401	2.4	4.14844	6
79	551	8	165.301	2.4	4.00781	6
78	545	7	163.501	2.1	6.58594	6
77	536	9	160.801	2.7	3.64844	6
76	530	8	159.001	2.4	5.88281	6
75	519	12	155.701	3.6	4.00781	6
74	512	12	153.601	3.6	3.9375	6
73	504	13	151.201	3.9	3.92188	6
72	496	14	148.801	4.2	3.08594	6
71	487	16	146.101	4.8	3.88281	6
70	480	16	144.001	4.8	5.125	6
69	470	19	141.001	5.7	3.875	6
68	461	21	138.301	6.3	4.33594	6
67	452	23	135.601	6.9	4.72656	6
66	443	25	132.901	7.5	2.44531	6
65	435	26	130.501	7.8	7.63281	6
64	426	28	127.801	8.4	4.20312	6
63	416	31	124.801	9.3	3.69531	6
62	407	33	122.1	9.9	2.60156	6
61	400	33	120	9.9	5.13281	6
60	392	34	117.6	10.2	6.24219	6
59	379	40	113.7	12	2.14844	6
58	371	41	111.3	12.3	6.55469	6
57	359	46	107.7	13.8	3.07031	6
56	349	49	104.7	14.7	3.625	6
55	341	50	102.3	15	3.55469	6
54	332	52	99.6003	15.6	3.3125	6
53	323	54	96.9002	16.2	6.26562	6
52	313	57	93.9002	17.1	3.07031	6
51	303	60	90.9002	18	3.25	6
50	294	62	88.2001	18.6	3.58594	6
49	286	63	85.8001	18.9	6.20312	5
48	278	64	83.4001	19.2	2.60156	5
47	272	63	81.6001	18.9	3.25781	5
46	266	62	79.8	18.6	3.36719	5
45	260	61	78	18.3	3.22656	5
44	254	60	76.2	18	3.16406	5
43	247	60	74.1	18	1.46875	5
42	241	59	72.3	17.7	3.40625	5
41	235	58	70.5	17.4	3.17969	5
40	229	57	68.6999	17.1	3.38281	5
39	223	56	66.8999	16.8	3.02344	5
38	217	55	65.0999	16.5	3.375	5
37	211	54	63.2999	16.2	3.67969	5
36	205	53	61.4999	15.9	3.13281	5
35	200	51	59.9999	15.3	5.20312	5
34	196	48	58.7999	14.4	1.76562	5
33	189	48	56.6999	14.4	3.625	5
32	184	46	55.1999	13.8	3.82031	5
31	179	44	53.6999	13.2	3.52344	5
30	174	42	52.1999	12.6	3.60938	5
29	169	40	50.6999	12	4.32812	5
28	163	39	48.8999	11.7	3.14844	5
27	157	38	47.0999	11.4	3.32812	5
26	151	37	45.2999	11.1	3.38281	5
25	145	36	43.4999	10.8	3.02344	5
24	139	35	41.6999	10.5	3.65625	5
23	132	35	39.5999	10.5	3.25781	5
22	126	34	37.8	10.2	3.01562	5
21	119	34	35.7	10.2	2.9375	5
20	113	33	33.9	9.9	3.28125	5
19	108	31	32.4	9.3	3.78906	5
18	102	30	30.6	9	3.41406	5
17	98	27	29.4	8.1	4.83594	5
16	91	27	27.3	8.1	3.10156	5
15	86	25	25.8	7.5	5.1875	5
14	79	25	23.7	7.5	2.96875	5
13	73	24	21.9	7.2	3.34375	5
12	67	23	20.1	6.9	3.46094	5
11	61	22	18.3	6.6	3.39844	5
10	55	21	16.5	6.3	3.11719	5
9	49	20	14.7	6	3.28125	5
8	43	19	12.9	5.7	3.10156	5
7	38	17	11.4	5.1	5.08594	5
6	32	16	9.6	4.8	3.46094	5
5	26	15	7.8	4.5	3.57812	5
4	21	13	6.3	3.9	3.65625	5
3	17	10	5.1	3	4.84375	5
2	10	10	3	3	3.46094	5
1	4	9	1.2	2.7	3.3125	4
0	0	6	0	1.8	3.49219	1

