475.802
149	1043	7	312.9	2.1	3.67969	6
148	1036	7	310.8	2.1	4.75	6
147	1028	8	308.4	2.4	2.63281	6
146	1011	18	303.3	5.4	3.5	6
145	1005	17	301.5	5.1	6.89844	6
144	994	21	298.2	6.3	3.85156	6
143	987	21	296.1	6.3	3.85938	6
142	975	26	292.5	7.8	4.32031	6
141	968	26	290.4	7.8	5.25781	6
140	962	25	288.601	7.5	5.23438	6
139	957	23	287.101	6.9	5.48438	6
138	951	22	285.301	6.6	4.71875	6
137	945	21	283.501	6.3	5.02344	6
136	939	20	281.701	6	6.02344	6
135	932	20	279.601	6	4.45312	6
134	925	20	277.501	6	4	6
133	916	22	274.801	6.6	7.84375	6
132	904	27	271.201	8.1	2.21875	6
131	894	30	268.201	9	3.4375	6
130	886	31	265.801	9.3	3.07812	6
129	876	34	262.802	10.2	4.53906	6
128	868	35	260.402	10.5	7.10938	6
127	859	37	257.702	11.1	3.59375	6
126	850	39	255.002	11.7	3.60938	6
125	844	38	253.202	11.4	5.22656	6
124	838	37	251.402	11.1	4.82812	6
123	832	36	249.602	10.8	4.67969	6
122	826	35	247.802	10.5	4.95312	6
121	821	33	246.302	9.9	6.74219	6
120	810	37	243.002	11.1	2.1875	6
119	804	36	241.202	10.8	7.45312	6
118	795	38	238.502	11.4	4.54688	6
117	787	39	236.102	11.7	2.57812	6
116	775	44	232.502	13.2	4.08594	6
115	768	44	230.402	13.2	3.54688	6
114	762	43	228.602	12.9	6.66406	6
113	753	45	225.902	13.5	4.75781	6
112	746	45	223.802	13.5	4.05469	6
111	739	45	221.701	13.5	5.88281	6
110	731	46	219.301	13.8	4.21875	6
109	724	46	217.201	13.8	4.14844	6
108	716	47	214.801	14.1	3.20312	6
107	708	48	212.401	14.4	4.97656	6
106	701	48	210.301	14.4	2.71875	6
105	685	57	205.501	17.1	1.60938	6
104	672	63	201.601	18.9	3.67969	5
103	667	61	200.101	18.3	3.70312	5
102	662	59	198.601	17.7	3.64062	5
101	657	57	197.101	17.1	3.52344	5
100	653	54	195.901	16.2	6.66406	5
99	650	50	195.001	15	6.66406	5
98	642	51	192.601	15.3	3.55469	5
97	637	49	191.101	14.7	3.75781	5
96	633	46	189.901	13.8	7.40625	5
95	631	41	189.301	12.3	7.40625	5
94	624	41	187.201	12.3	2.6875	5
93	619	39	185.701	11.7	4.125	5
92	614	37	184.201	11.1	3.76562	5
91	606	38	181.801	11.4	2.65625	5
90	600	37	180.001	11.1	3.40625	5
89	591	39	177.301	11.7	2.60156	5
88	586	37	175.801	11.1	4.99219	5
87	579	37	173.701	11.1	2	5
86	571	38	171.301	11.4	3.70312	5
85	566	36	169.801	10.8	4.03125	5
84	562	33	168.601	9.9	4.79688	5
83	559	29	167.701	8.7	8.44531	5
82	557	24	167.101	7.2	8.44531	6
81	544	30	163.201	9	3.625	6
80	532	35	159.601	10.5	3.26562	6
79	523	37	156.901	11.1	3.57812	6
78	516	37	154.801	11.1	7.72656	6
77	505	41	151.501	12.3	2.54688	6
76	496	43	148.801	12.9	3.20312	6
75	489	43	146.701	12.9	5.3125	6
74	482	43	144.601	12.9	5.54688	6
73	477	41	143.101	12.3	5.10938	6
72	470	41	141.001	12.3	4.08594	6
71	464	40	139.201	12	4.74219	6
70	458	39	137.401	11.7	4.5	6
69	452	38	135.601	11.4	5.4375	6
68	442	41	132.601	12.3	4.09375	6
67	435	41	130.501	12.3	4.11719	6
66	425	44	127.501	13.2	1.71875	6
65	415	47	124.501	14.1	6.21094	6
64	409	46	122.7	13.8	4.53125	6
63	403	45	120.9	13.5	8.28906	6
62	400	41	120	12.3	8.28906	6
61	392	42	117.6	12.6	4.90625	6
60	385	42	115.5	12.6	4.57031	6
59	379	41	113.7	12.3	5.52344	6
58	374	39	112.2	11.7	5.69531	6
57	368	38	110.4	11.4	4.36719	6
56	359	40	107.7	12	7.14062	6
55	350	42	105	12.6	4.21875	6
54	344	41	103.2	12.3	4.94531	6
53	338	40	101.4	12	4.33594	6
52	331	40	99.3002	12	3.73438	6
51	325	39	97.5002	11.7	5.05469	6
50	319	38	95.7002	11.4	5.05469	6
49	313	37	93.9002	11.1	7.6875	6
48	306	37	91.8002	11.1	4.92188	6
47	300	36	90.0002	10.8	4.85938	6
46	297	32	89.1001	9.6	9.92188	6
45	290	32	87.0001	9.6	4.94531	6
44	284	31	85.2001	9.3	4.42188	6
43	278	30	83.4001	9	5.36719	6
42	272	29	81.6001	8.7	3.90625	6
41	262	32	78.6	9.6	3.51562	6
40	253	34	75.9	10.2	3.13281	6
39	242	38	72.6	11.4	3.07812	6
38	231	42	69.2999	12.6	7.96094	5
37	224	42	67.1999	12.6	3.39844	5
36	218	41	65.3999	12.3	3.19531	5
35	213	39	63.8999	11.7	3.71094	5
34	209	36	62.6999	10.8	6.58594	5
33	205	33	61.4999	9.9	1.94531	5
32	200	31	59.9999	9.3	4.90625	5
31	196	28	58.7999	8.4	4.60938	5
30	193	24	57.8999	7.2	7.69531	5
29	191	19	57.2999	5.7	7.69531	5
28	183	20	54.8999	6	4.42188	5
27	179	17	53.6999	5.1	4.86719	5
26	174	15	52.1999	4.5	3.71094	5
25	169	13	50.6999	3.9	4.48438	5
24	165	10	49.4999	3	4.27344	5
23	157	11	47.0999	3.3	1.71875	5
22	149	12	44.6999	3.6	5.32031	5
21	136	18	40.7999	5.4	1.05469	5
20	120	27	36	8.1	3.4375	5
19	115	25	34.5	7.5	3.84375	5
18	110	23	33	6.9	3.34375	5
17	102	24	30.6	7.2	2.17969	5
16	98	21	29.4	6.3	5.84375	5
15	85	27	25.5	8.1	2.45312	5
14	77	28	23.1	8.4	2.47656	4
13	72	26	21.6	7.8	2.67188	4
12	68	23	20.4	6.9	3.05469	4
11	64	20	19.2	6	3.40625	4
10	62	15	18.6	4.5	6.14062	4
9	60	10	18	3	6.14062	4
8	52	11	15.6	3.3	2.10156	4
7	46	10	13.8	3	2.23438	4
6	39	10	11.7	3	1.625	4
5	32	10	9.6	3	1.94531	4
4	25	10	7.5	3	1.4375	4
3	19	9	5.7	2.7	5.22656	4
2	9	12	2.7	3.6	0.804688	2
1	4	10	1.2	3	1.08594	2
0	1	6	0.3	1.8	1.38281	1

