0.0 0.0625076171875
1.0 0.479576171875
2.0 0.34387978515625
3.0 0.0833435546875
4.0 0.3848494140625
5.0 0.14567568359375
6.0 0.406036328125
7.0 0.2185134765625
8.0 0.41706845703125
9.0 0.58856396484375
10.0 0.255881640625
11.0 0.114706640625
12.0 0.22937021484375
13.0 0.156005859375
14.0 0.249855078125
15.0 0.15618134765625
16.0 1.15876005859375
17.0 0.39547978515625
18.0 0.1777701171875
19.0 0.15600595703125
20.0 0.0623322265625
21.0 0.0414962890625
22.0 0.0
23.0 0.0
24.0 0.0
25.0 0.0
26.0 0.0
27.0 0.0
28.0 0.0
29.0 0.0
30.0 0.0
31.0 0.0
32.0 0.0
33.0 0.0
34.0 0.0
35.0 0.0
36.0 0.0
37.0 0.0
38.0 0.0
39.0 0.0
40.0 0.0
41.0 0.0
42.0 0.0
43.0 0.0
44.0 0.0
45.0 0.0
46.0 0.0
47.0 0.0
48.0 0.0
49.0 0.0
50.0 0.0
51.0 0.0
52.0 0.0
53.0 0.0
54.0 0.0
55.0 0.0
56.0 0.0
57.0 0.0
58.0 0.0
59.0 0.0
60.0 0.0
61.0 0.0
62.0 0.0
63.0 0.0
64.0 0.0
65.0 0.0
66.0 0.0
67.0 0.0
68.0 0.0
69.0 0.0
70.0 0.0
71.0 0.0
72.0 0.0
73.0 0.0
74.0 0.0
75.0 0.0
76.0 0.0
77.0 0.0
78.0 0.0
79.0 0.0
80.0 0.0
81.0 0.0
82.0 0.0
83.0 0.0
84.0 0.0
85.0 0.0
86.0 0.13499462890625
87.0 0.281196484375
88.0 0.406036328125
89.0 0.30220791015625
90.0 1.14427001953125
91.0 0.19902998046875
92.0 0.31166064453125
93.0 0.33354951171875
94.0 0.27051533203125
95.0 0.39570615234375
96.0 0.2915267578125
97.0 0.35368349609375
98.0 0.312187109375
99.0 5.3476791015625
100.0 9.40993740234375
101.0 0.2644169921875
102.0 0.3015060546875
103.0 0.26018525390625
104.0 0.20818330078125
105.0 0.36489111328125
106.0 0.10382841796875
107.0 0.37320234375
108.0 0.167828515625
109.0 0.22884375
110.0 0.17666640625
111.0 0.1563568359375
112.0 0.21868896484375
113.0 0.22960634765625
114.0 0.23853359375
115.0 0.22822705078125
116.0 0.16735673828125
117.0 0.145324609375
118.0 0.2706908203125
119.0 0.19556904296875
120.0 0.24093154296875
121.0 0.21840546875
122.0 0.242191796875
123.0 0.1326111328125
124.0 0.207832421875
125.0 0.1145095703125
126.0 0.208183203125
127.0 0.21886435546875
128.0 4.90696064453125
129.0 14.598770703125
130.0 3.99490166015625
131.0 0.1773681640625
132.0 10.70106259765625
133.0 13.332634765625
134.0 9.95896611328125
135.0 7.00967744140625
136.0 19.066165625
137.0 16.60363681640625
138.0 10.79095205078125
139.0 14.26104619140625
140.0 5.9109787109375
141.0 1.52762158203125
142.0 12.20119423828125
143.0 5.9475103515625
144.0 4.67946357421875
145.0 9.75715
146.0 14.7389419921875
147.0 11.72393857421875
148.0 12.56026298828125
149.0 8.490819921875
150.0 9.1274240234375
151.0 7.49703720703125
152.0 8.20827177734375
153.0 7.805979296875
154.0 0.063497265625
155.0 5.20407861328125
156.0 19.51058828125
157.0 1.23420107421875
158.0 2.61329794921875
159.0 4.0648728515625
160.0 7.135898046875
161.0 6.933444921875
162.0 5.0922107421875
163.0 8.22378984375
164.0 5.01435166015625
165.0 0.8353248046875
166.0 0.4679810546875
167.0 3.5375123046875
168.0 5.11832763671875
169.0 13.79391962890625
170.0 2.76284091796875
171.0 7.17916416015625
172.0 16.13945341796875
173.0 13.57649892578125
174.0 18.33863681640625
175.0 0.0
176.0 0.0
177.0 0.0
178.0 0.0
179.0 0.2922287109375
180.0 30.0623341796875
181.0 10.13771923828125
182.0 12.05248427734375
183.0 6.474114453125
184.0 9.88923076171875
185.0 6.5083228515625
186.0 1.4808279296875
187.0 2.48097509765625
188.0 8.83858232421875
189.0 13.1260328125
190.0 6.75502177734375
191.0 7.99024482421875
192.0 8.51105390625
193.0 0.3448345703125
194.0 8.59424892578125
195.0 7.0611943359375
196.0 14.9995830078125
197.0 30.67208427734375
198.0 46.18688984375
199.0 28.97225634765625
200.0 28.6177171875
201.0 39.79895859375
202.0 34.3977681640625
203.0 43.10459208984375
204.0 34.01939384765625
205.0 7.47450908203125
206.0 29.212523828125
207.0 37.60140087890625
208.0 35.7444916015625
209.0 42.04497021484375
210.0 22.1340296875
211.0 20.4241220703125
212.0 10.84026708984375
213.0 6.50578193359375
214.0 2.975134375
215.0 0.43812041015625
216.0 1.73043056640625
217.0 0.51091767578125
218.0 1.0383626953125
219.0 15.84322392578125
220.0 33.92542568359375
221.0 22.92690751953125
222.0 21.7344990234375
223.0 26.22568427734375
224.0 21.03254970703125
225.0 36.61528564453125
226.0 43.08818134765625
227.0 40.30848125
228.0 42.9349646484375
229.0 34.99082392578125
230.0 25.37061328125
231.0 26.244637109375
232.0 33.406386328125
233.0 17.9765083984375
234.0 5.7328837890625
235.0 22.2310318359375
236.0 5.16983798828125
237.0 3.09151796875
238.0 1.04993095703125
239.0 5.57624443359375
240.0 5.77676318359375
241.0 17.47145439453125
242.0 20.31196787109375
243.0 21.750238671875
244.0 25.6159732421875
245.0 29.21771806640625
246.0 27.62029990234375
247.0 22.26976435546875
248.0 10.5675775390625
249.0 32.49913115234375
250.0 26.0840453125
251.0 6.7651296875
252.0 9.15739169921875
253.0 13.187690234375
254.0 9.425012890625
255.0 20.3473361328125
256.0 36.96673115234375
257.0 10.529247265625
258.0 17.86518154296875
259.0 16.54574580078125
260.0 26.58884248046875
261.0 23.28200302734375
262.0 3.47906142578125
263.0 2.27374267578125
264.0 0.8658294921875
265.0 0.78213505859375
266.0 4.77373466796875
267.0 17.9597904296875
268.0 30.91551904296875
269.0 23.54832568359375
270.0 27.441101171875
271.0 25.93993916015625
272.0 9.378216796875
273.0 13.73214970703125
274.0 28.01440576171875
275.0 26.72618837890625
276.0 13.81643056640625
277.0 34.97796064453125
278.0 26.92044912109375
279.0 28.74861669921875
280.0 20.92031728515625
281.0 22.24586376953125
282.0 18.9595154296875
283.0 15.1169068359375
284.0 6.25253271484375
285.0 2.66634248046875
286.0 0.301478125
287.0 1.37001552734375
288.0 7.0164888671875
289.0 1.2006818359375
290.0 0.0103302734375
291.0 1.35520927734375
292.0 0.4904328125
293.0 0.458915625
294.0 0.5630951171875
295.0 14.07426669921875
296.0 28.95372900390625
297.0 18.32612265625
298.0 4.47734375
299.0 0.38088505859375
300.0 0.28861416015625
301.0 0.86379052734375
302.0 5.75400810546875
303.0 12.8866255859375
304.0 1.224465234375
305.0 0.72855380859375
306.0 1.1776658203125
307.0 2.42991962890625
308.0 1.3290142578125
309.0 2.2181193359375
310.0 8.98701328125
311.0 21.2108845703125
312.0 34.72697392578125
313.0 9.65560673828125
314.0 17.26320166015625
315.0 20.24059609375
316.0 20.69763876953125
317.0 8.818164453125
318.0 22.8990388671875
319.0 20.19639013671875
320.0 1.70168251953125
321.0 41.521737109375
322.0 26.16078505859375
323.0 39.41474833984375
324.0 30.94496552734375
325.0 9.55529912109375
326.0 20.04225625
327.0 0.7060185546875
328.0 7.43399814453125
329.0 1.47486416015625
330.0 0.56845576171875
331.0 0.333725
332.0 0.35473623046875
333.0 0.2712173828125
334.0 0.1073431640625
335.0 0.08000419921875
336.0 0.0936736328125
337.0 0.0
338.0 0.0
339.0 0.0
340.0 0.0
341.0 0.0
342.0 0.0
343.0 0.0
344.0 0.0
345.0 0.0
346.0 0.0
347.0 0.0
348.0 0.0
349.0 0.0
350.0 0.0
351.0 0.0
352.0 0.0
353.0 0.0
354.0 0.0
355.0 0.0
356.0 0.0
357.0 0.0
358.0 0.0
359.0 0.0
360.0 0.0
361.0 0.0
362.0 0.11899462890625
363.0 0.506081640625
364.0 0.17719267578125
365.0 0.63567744140625
366.0 0.6523005859375
367.0 0.20222578125
368.0 0.791083203125
369.0 0.62528095703125
370.0 0.50123837890625
371.0 0.45856181640625
372.0 0.14585419921875
373.0 0.8634580078125
374.0 0.85646708984375
375.0 0.37539677734375
376.0 0.53632099609375
377.0 0.26629892578125
378.0 0.6361083984375
379.0 1.10465244140625
380.0 0.339489453125
381.0 0.46207763671875
382.0 0.76077275390625
383.0 0.17719267578125
384.0 0.46810146484375
385.0 0.46924599609375
386.0 0.5632705078125
387.0 0.2505568359375
388.0 0.50041201171875
389.0 0.84920673828125
390.0 0.42371181640625
391.0 0.58067333984375
392.0 0.47093037109375
393.0 0.32426591796875
394.0 0.57106484375
395.0 0.38729072265625
396.0 0.86539765625
397.0 0.5438125
398.0 0.43406982421875
399.0 0.70086708984375
400.0 0.0903697265625
401.0 0.42774970703125
402.0 0.125015234375
403.0 0.23987568359375
404.0 0.1830763671875
405.0 0.26498271484375
406.0 0.187873828125
407.0 0.28154755859375
408.0 0.448585546875
409.0 0.218864453125
410.0 0.2603607421875
411.0 0.1982041015625
412.0 0.08334345703125
413.0 0.1773681640625
414.0 0.16668701171875
415.0 0.1771927734375
416.0 0.2192154296875
417.0 0.22954560546875
418.0 0.40673828125
419.0 0.28137216796875
420.0 0.28154755859375
421.0 0.18787392578125
422.0 0.198028515625
423.0 0.1668625
424.0 0.18734736328125
425.0 0.13552099609375
426.0 0.3444060546875
427.0 0.25003056640625
428.0 0.4692458984375
429.0 0.292053125
430.0 0.25020595703125
431.0 0.20835869140625
432.0 0.10400390625
433.0 0.20853427734375
434.0 0.1353455078125
435.0 3.9301072265625
436.0 4.792274609375
437.0 0.3230439453125
438.0 0.53157802734375
439.0 0.27086650390625
440.0 0.46871953125
441.0 3.7439484375
442.0 4.64347353515625
443.0 5.6758927734375
444.0 0.60904873046875
445.0 0.21868896484375
446.0 0.0
447.0 0.0
448.0 0.0
449.0 0.0
450.0 0.0
451.0 0.0
452.0 0.0
453.0 0.0
454.0 0.0
455.0 0.0
456.0 0.0
457.0 0.0
458.0 0.0
459.0 0.0
460.0 0.0
461.0 0.0
462.0 0.0
463.0 0.0
464.0 0.0
465.0 0.0
466.0 0.0
467.0 0.0
468.0 0.0
469.0 0.0
470.0 0.0
471.0 0.0
472.0 0.0
473.0 0.0
474.0 0.0
475.0 0.0
476.0 0.0
477.0 0.01033017578125
478.0 0.1873474609375
479.0 0.43790439453125
480.0 1.7367439453125
481.0 0.27628701171875
482.0 1.86570126953125
483.0 4.84681611328125
484.0 4.562171484375
485.0 0.08316796875
486.0 1.21174990234375
487.0 1.05008330078125
488.0 0.97035986328125
489.0 2.451277734375
490.0 0.39676767578125
491.0 0.58190390625
492.0 0.729762109375
493.0 1.17227705078125
494.0 2.43700888671875
495.0 1.69086455078125
496.0 2.46214296875
497.0 2.2198474609375
498.0 0.29412197265625
499.0 0.53192900390625
500.0 0.6361083984375
501.0 1.119425
502.0 0.70485478515625
503.0 4.55393046875
504.0 1.47272666015625
505.0 1.23592666015625
506.0 1.2561541015625
507.0 1.2723923828125
508.0 1.392684375
509.0 1.20866845703125
510.0 1.17757119140625
511.0 0.6685703125
512.0 0.59391015625
513.0 0.1557978515625
514.0 1.4131728515625
515.0 0.4456484375
516.0 1.28714072265625
517.0 0.40702607421875
518.0 0.83283125
519.0 0.6823951171875
520.0 1.46528583984375
521.0 1.23480478515625
522.0 1.89933662109375
523.0 0.45581923828125
524.0 1.76062236328125
525.0 0.62447119140625
526.0 2.5625412109375
527.0 1.06167529296875
528.0 5.97864638671875
529.0 2.38042470703125
530.0 2.15631044921875
531.0 1.2654435546875
532.0 2.14927998046875
533.0 0.5963583984375
534.0 0.6252517578125
535.0 0.72890478515625
536.0 2.12179736328125
537.0 1.84452080078125
538.0 15.609021484375
539.0 18.3040251953125
540.0 7.463500390625
541.0 0.08316806640625
542.0 6.2403724609375
543.0 6.3664654296875
544.0 4.737075
545.0 4.565590234375
546.0 5.2823
547.0 5.14211318359375
548.0 4.7613484375
549.0 2.76912978515625
550.0 5.30753916015625
551.0 0.3766015625
552.0 7.99273330078125
553.0 10.552908984375
554.0 17.31983466796875
555.0 8.43585712890625
556.0 0.69367314453125
557.0 0.1736517578125
558.0 0.50076298828125
559.0 0.395881640625
560.0 0.59443662109375
561.0 0.1355208984375
562.0 1.24973701171875
563.0 1.39905146484375
564.0 0.93682431640625
565.0 0.9180951171875
566.0 0.44876103515625
567.0 1.0437240234375
568.0 0.33390048828125
569.0 0.83134853515625
570.0 0.33581142578125
571.0 0.54225927734375
572.0 0.1355208984375
573.0 1.73043056640625
574.0 4.2658005859375
575.0 1.731620703125
576.0 6.068006640625
577.0 6.6787333984375
578.0 5.0964310546875
579.0 3.76120224609375
580.0 1.57033984375
581.0 3.10489638671875
582.0 0.72112265625
583.0 2.86991357421875
584.0 2.0739716796875
585.0 0.44427509765625
586.0 0.25119072265625
587.0 0.4273986328125
588.0 0.5312271484375
589.0 1.98800732421875
590.0 0.2335580078125
591.0 0.79234736328125
592.0 0.3336673828125
593.0 0.39588154296875
594.0 0.45891572265625
595.0 0.678306640625
596.0 0.3232193359375
597.0 0.0
598.0 0.0
599.0 0.0
600.0 0.0
601.0 0.0
602.0 0.0
603.0 0.0
604.0 0.0
605.0 0.0
606.0 0.0
607.0 0.0
608.0 0.0
609.0 0.0
610.0 0.0
611.0 0.0
612.0 0.0
613.0 0.0
614.0 0.0
615.0 0.0
616.0 0.0
617.0 0.0
618.0 0.0
619.0 0.0
620.0 0.0
621.0 0.0
622.0 0.0
623.0 0.0
624.0 0.0
625.0 0.0
626.0 0.0
627.0 0.0
628.0 0.0
629.0 0.0
630.0 0.0
631.0 0.0
632.0 0.0
633.0 0.0
634.0 0.0
635.0 0.0
636.0 0.0
637.0 0.0
638.0 0.0
639.0 0.0
640.0 0.0
641.0 0.0
642.0 0.0
643.0 0.0
644.0 0.0
645.0 0.0
646.0 0.0
647.0 0.0
648.0 0.0
649.0 0.0
650.0 0.0
651.0 0.0
652.0 1.56954833984375
653.0 1.9546205078125
654.0 2.87855576171875
655.0 3.1722728515625
656.0 1.29970205078125
657.0 1.116473046875
658.0 1.27897724609375
659.0 1.43701123046875
660.0 1.20358623046875
661.0 1.88908544921875
662.0 2.36884755859375
663.0 7.49245537109375
664.0 9.43475537109375
665.0 10.4138494140625
666.0 7.40105615234375
667.0 2.30543525390625
668.0 4.029183984375
669.0 10.45346904296875
670.0 10.451172265625
671.0 10.70222939453125
672.0 10.192019921875
673.0 10.810760546875
674.0 12.3073462890625
675.0 13.27808642578125
676.0 11.72337265625
677.0 12.60676005859375
678.0 14.03424248046875
679.0 13.931412890625
680.0 12.1538123046875
681.0 10.743854296875
682.0 14.94684453125
683.0 12.30489111328125
684.0 10.2666158203125
685.0 13.4098888671875
686.0 12.17315009765625
687.0 13.89875615234375
688.0 12.77320322265625
689.0 13.050767578125
690.0 12.91159150390625
691.0 8.09228076171875
692.0 8.36259853515625
693.0 0.71621630859375
694.0 1.88001123046875
695.0 1.0913537109375
696.0 3.12165927734375
697.0 3.9747154296875
698.0 11.92050615234375
699.0 15.08202783203125
700.0 5.5842107421875
701.0 10.4029541015625
702.0 13.14758681640625
703.0 13.92712763671875
704.0 14.61461357421875
705.0 14.92378798828125
706.0 16.6258181640625
707.0 14.85121611328125
708.0 15.5952099609375
709.0 15.796756640625
710.0 14.9156615234375
711.0 14.13050751953125
712.0 11.76617978515625
713.0 11.526775390625
714.0 12.7232392578125
715.0 9.608766015625
716.0 9.35479248046875
717.0 12.1625927734375
718.0 11.72058349609375
719.0 13.3606859375
720.0 12.4170208984375
721.0 12.79745888671875
722.0 13.21701552734375
723.0 13.93318046875
724.0 14.3885908203125
725.0 13.95965908203125
726.0 14.77777412109375
727.0 14.506945703125
728.0 13.1566154296875
729.0 14.2761365234375
730.0 14.6039638671875
731.0 12.31713251953125
732.0 13.91152197265625
733.0 13.3434236328125
734.0 15.23592041015625
735.0 13.9902318359375
736.0 14.95966201171875
737.0 14.8269076171875
738.0 13.98171611328125
739.0 15.36738251953125
740.0 15.24253408203125
741.0 13.47442216796875
742.0 13.67498271484375
743.0 14.6027189453125
744.0 14.14693544921875
745.0 13.36252509765625
746.0 14.1256234375
747.0 14.34967880859375
748.0 13.83290126953125
749.0 15.57653310546875
750.0 15.353415625
751.0 15.9005171875
752.0 13.2232490234375
753.0 14.1271796875
754.0 14.87325078125
755.0 13.2680828125
756.0 13.463440625
757.0 13.3886615234375
758.0 12.82213876953125
759.0 11.61212578125
760.0 14.5727263671875
761.0 14.333027734375
762.0 12.42600849609375
763.0 11.937818359375
764.0 14.5988615234375
765.0 14.2726044921875
766.0 13.1409861328125
767.0 13.99425771484375
768.0 15.4422849609375
769.0 13.83018359375
770.0 14.69605810546875
771.0 11.46138359375
772.0 12.67735322265625
773.0 12.28581962890625
774.0 12.04084404296875
775.0 13.0696171875
776.0 11.865693359375
777.0 11.8922279296875
778.0 15.4738232421875
779.0 14.6851431640625
780.0 12.37868232421875
781.0 8.59427265625
782.0 7.52605400390625
783.0 5.77382548828125
784.0 9.2155166015625
785.0 13.01871552734375
786.0 4.69069775390625
787.0 14.3079853515625
788.0 13.123895703125
789.0 11.62118193359375
790.0 11.8195521484375
791.0 12.9319548828125
792.0 14.12426943359375
793.0 10.9523537109375
794.0 11.54819736328125
795.0 11.8930458984375
796.0 13.81408798828125
797.0 15.13227861328125
798.0 14.201668359375
799.0 15.95192666015625
