0.0 2.47070703125
1.0 0.3393912109375
2.0 11.76196796875
3.0 4.15622080078125
4.0 27.14804970703125
5.0 17.46539462890625
6.0 12.20259521484375
7.0 21.05874443359375
8.0 14.488591796875
9.0 18.46049501953125
10.0 19.796574609375
11.0 20.58937177734375
12.0 25.55354736328125
13.0 32.4185673828125
14.0 26.480679296875
15.0 9.0796580078125
16.0 18.9537865234375
17.0 18.64028896484375
18.0 9.3549775390625
19.0 0.379072265625
20.0 0.58893779296875
21.0 0.737649609375
22.0 0.30526572265625
23.0 0.66300810546875
24.0 0.19983330078125
25.0 1.71638095703125
26.0 1.57503916015625
27.0 0.835667578125
28.0 4.4009001953125
29.0 16.993312890625
30.0 22.1711224609375
31.0 22.0968640625
32.0 21.69324130859375
33.0 14.38042529296875
34.0 13.887196875
35.0 15.42028955078125
36.0 15.4215484375
37.0 17.4326484375
38.0 19.28614091796875
39.0 20.7911728515625
40.0 8.4271923828125
41.0 13.47829912109375
42.0 25.81238154296875
43.0 11.6896982421875
44.0 21.39917021484375
45.0 22.111187109375
46.0 15.0784830078125
47.0 14.1089421875
48.0 7.3445478515625
49.0 7.63207841796875
50.0 12.1586419921875
51.0 7.011007421875
52.0 8.09692109375
53.0 1.9002697265625
54.0 3.11360009765625
55.0 4.55987333984375
56.0 6.60669296875
57.0 8.1211333984375
58.0 11.91867392578125
59.0 3.29909501953125
60.0 3.7387458984375
61.0 9.87717353515625
62.0 11.96305224609375
63.0 3.4926361328125
64.0 16.02447001953125
65.0 11.36211728515625
66.0 9.4522015625
67.0 14.00655322265625
68.0 11.50133759765625
69.0 13.2826537109375
70.0 9.67294296875
71.0 16.484073828125
72.0 14.310219921875
73.0 14.99627744140625
74.0 12.789175390625
75.0 9.00208310546875
76.0 0.2083087890625
77.0 2.4522103515625
78.0 0.71554462890625
79.0 14.8238857421875
80.0 17.1898310546875
81.0 13.0342568359375
82.0 11.68332568359375
83.0 18.65464453125
84.0 14.50282138671875
85.0 9.17005009765625
86.0 24.20266884765625
87.0 8.95594365234375
88.0 19.1449830078125
89.0 18.13619130859375
90.0 15.132534765625
91.0 13.1270228515625
92.0 13.23943271484375
93.0 15.86639970703125
94.0 16.0004685546875
95.0 6.701697265625
96.0 7.20855166015625
97.0 11.8846716796875
98.0 15.69764697265625
99.0 14.98863330078125
100.0 15.8752705078125
101.0 6.4497125
102.0 10.8526451171875
103.0 12.07851376953125
104.0 15.48697265625
105.0 9.96149462890625
106.0 17.74213486328125
107.0 16.438233203125
108.0 15.3874806640625
109.0 11.03000693359375
110.0 0.86714111328125
111.0 17.5052677734375
112.0 14.84965556640625
113.0 14.41005380859375
114.0 16.65066142578125
115.0 17.43120615234375
116.0 6.43705400390625
117.0 5.259434375
118.0 2.091445703125
119.0 2.1277841796875
120.0 0.38919853515625
121.0 6.92980087890625
122.0 8.51079130859375
123.0 7.55543623046875
124.0 14.4689796875
125.0 9.86404296875
126.0 9.79043955078125
127.0 10.18646201171875
128.0 14.2284587890625
129.0 9.74631611328125
130.0 15.94902734375
131.0 14.1372921875
132.0 13.7244576171875
133.0 7.3581373046875
134.0 18.083477734375
135.0 16.2483107421875
136.0 15.38279794921875
137.0 12.9304078125
138.0 11.6137306640625
139.0 11.9473294921875
140.0 14.33446083984375
141.0 11.0430560546875
142.0 14.25974794921875
143.0 12.44773232421875
144.0 13.66482705078125
145.0 16.99068095703125
146.0 16.43967919921875
147.0 13.7010587890625
148.0 5.45822568359375
149.0 5.2418591796875
150.0 2.83093974609375
151.0 19.1475564453125
152.0 18.20618583984375
153.0 19.2698333984375
154.0 18.82908515625
155.0 18.27716865234375
156.0 9.5099474609375
157.0 6.31082216796875
158.0 2.06538388671875
159.0 4.41213984375
160.0 17.39405703125
161.0 18.58149208984375
162.0 12.75806005859375
163.0 15.7729373046875
164.0 8.5610564453125
165.0 14.99444052734375
166.0 17.2640134765625
167.0 15.30121474609375
168.0 13.13649453125
169.0 11.392830859375
170.0 14.41286064453125
171.0 6.37280478515625
172.0 10.56797783203125
173.0 6.1085017578125
174.0 2.67519560546875
175.0 8.65737392578125
176.0 9.44996201171875
177.0 11.9625302734375
178.0 7.13064228515625
179.0 21.15352109375
180.0 20.22951162109375
181.0 16.09740205078125
182.0 20.52204541015625
183.0 14.41908408203125
184.0 19.9561888671875
185.0 19.53266796875
186.0 15.22411884765625
187.0 14.93607216796875
188.0 10.9363685546875
189.0 22.971989453125
190.0 21.70651376953125
191.0 20.420189453125
192.0 13.753425390625
193.0 19.93079091796875
194.0 13.4087109375
195.0 16.9340291015625
196.0 20.87267578125
197.0 25.1788220703125
198.0 24.62821298828125
199.0 19.96180556640625
200.0 16.4394298828125
201.0 17.51650048828125
202.0 9.0534916015625
203.0 16.739971875
204.0 6.136440625
205.0 15.00674072265625
206.0 15.54928056640625
207.0 14.9353013671875
208.0 19.02145419921875
209.0 10.61341904296875
210.0 6.27969541015625
211.0 6.1219873046875
212.0 4.94467509765625
213.0 18.90479228515625
214.0 26.20183203125
215.0 24.47837841796875
216.0 28.977252734375
217.0 22.69385888671875
218.0 14.79214130859375
219.0 9.57926591796875
220.0 12.4541462890625
221.0 1.55907490234375
222.0 16.8116875
223.0 24.8779548828125
224.0 15.26800712890625
225.0 20.65651572265625
226.0 16.24803955078125
227.0 16.92940810546875
228.0 16.9550763671875
229.0 21.32153271484375
230.0 17.4376052734375
231.0 17.05338955078125
232.0 19.3557212890625
233.0 22.33641982421875
234.0 20.97434140625
235.0 22.13630439453125
236.0 4.76995498046875
237.0 9.0005337890625
238.0 6.00546904296875
239.0 2.88798623046875
240.0 4.8710654296875
241.0 15.89066064453125
242.0 21.41472041015625
243.0 9.4069775390625
244.0 8.48201357421875
245.0 10.13044853515625
246.0 15.460096875
247.0 13.31341875
248.0 20.96575478515625
249.0 16.92648154296875
250.0 17.58455283203125
251.0 17.00576708984375
252.0 19.44632919921875
253.0 13.48051748046875
254.0 15.28015341796875
255.0 13.96090400390625
256.0 13.56880517578125
257.0 10.780472265625
258.0 6.136207421875
259.0 11.64252607421875
260.0 12.30542568359375
261.0 15.52938544921875
262.0 14.88663447265625
263.0 7.5498064453125
264.0 9.00978154296875
265.0 10.66936181640625
266.0 0.0
267.0 0.0
268.0 0.0
269.0 31.26979638671875
270.0 11.35219794921875
271.0 13.4104072265625
272.0 18.848912890625
273.0 21.40428740234375
274.0 17.7478302734375
275.0 18.46721767578125
276.0 23.3224158203125
277.0 22.28866015625
278.0 19.52709326171875
279.0 14.45072861328125
280.0 17.1130859375
281.0 21.12197060546875
282.0 17.43706513671875
283.0 18.29334736328125
284.0 21.70603056640625
285.0 19.390358203125
286.0 17.33075078125
287.0 13.96249462890625
288.0 21.64995546875
289.0 18.50769150390625
290.0 13.932630859375
291.0 13.42941455078125
292.0 16.87645283203125
293.0 20.40078671875
294.0 20.46344697265625
295.0 20.3056431640625
296.0 16.9854728515625
297.0 13.48116083984375
298.0 19.74586318359375
299.0 6.620890625
300.0 0.41970322265625
301.0 11.15160859375
302.0 4.92629521484375
303.0 10.81656494140625
304.0 7.30185078125
305.0 6.63869501953125
306.0 21.18222646484375
307.0 15.68503935546875
308.0 13.388783203125
309.0 14.15812412109375
310.0 11.6895978515625
311.0 15.527853515625
312.0 15.2492693359375
313.0 21.4105701171875
314.0 12.82270927734375
315.0 19.1432388671875
316.0 18.87138408203125
317.0 20.16671650390625
318.0 9.0459486328125
319.0 16.41379736328125
320.0 13.79759248046875
321.0 14.99643046875
322.0 13.39042841796875
323.0 15.1049359375
324.0 16.466711328125
325.0 16.30955712890625
326.0 12.91192822265625
327.0 15.98594609375
328.0 17.5861814453125
329.0 15.1095861328125
330.0 9.4860322265625
331.0 19.43194287109375
332.0 15.45134091796875
333.0 15.865505859375
334.0 18.70422861328125
335.0 15.46916708984375
336.0 17.11234375
337.0 15.77202666015625
338.0 14.63443037109375
339.0 11.25629541015625
340.0 3.91992197265625
341.0 4.7893931640625
342.0 2.548205078125
343.0 5.57481279296875
344.0 3.4321322265625
345.0 11.46608291015625
346.0 12.281383984375
347.0 14.0074265625
348.0 20.27890224609375
349.0 6.72629052734375
350.0 20.9151982421875
351.0 23.20709326171875
352.0 27.016915234375
353.0 12.591069921875
354.0 12.2753859375
355.0 18.234930078125
356.0 29.896176953125
357.0 17.00979365234375
358.0 20.08125693359375
359.0 20.177875390625
360.0 11.83480830078125
361.0 7.638737890625
362.0 5.59209140625
363.0 6.8172484375
364.0 6.89062080078125
365.0 11.66657685546875
366.0 8.63133994140625
367.0 11.59326875
368.0 15.1291466796875
369.0 18.73262529296875
370.0 13.247619140625
371.0 15.70403291015625
372.0 16.29696103515625
373.0 19.34151865234375
374.0 20.65099775390625
375.0 20.7977783203125
376.0 16.36784677734375
377.0 15.71248076171875
378.0 17.60627568359375
379.0 20.97916767578125
380.0 15.99296025390625
381.0 16.03078671875
382.0 7.52005576171875
383.0 17.6187552734375
384.0 12.21849775390625
385.0 11.40180458984375
386.0 16.60054697265625
387.0 21.431199609375
388.0 13.54624970703125
389.0 19.4034080078125
390.0 9.9146455078125
391.0 17.25162275390625
392.0 20.09340791015625
393.0 17.2100349609375
394.0 16.95543447265625
395.0 16.93566435546875
396.0 16.719610546875
397.0 17.64385927734375
398.0 22.70934912109375
399.0 25.049480078125
400.0 19.29229912109375
401.0 5.460132421875
402.0 4.659918359375
403.0 23.3847072265625
404.0 13.4325458984375
405.0 1.7443015625
406.0 14.36123017578125
407.0 18.33108154296875
408.0 20.19967724609375
409.0 17.3619908203125
410.0 18.39208642578125
411.0 20.17919443359375
412.0 19.56076201171875
413.0 9.619321484375
414.0 12.36158984375
415.0 2.8993294921875
416.0 5.45810048828125
417.0 12.851252734375
418.0 5.89453017578125
419.0 7.41981806640625
420.0 1.95082431640625
421.0 0.1456755859375
422.0 2.4090576171875
423.0 1.223830859375
424.0 7.1283677734375
425.0 3.9918251953125
426.0 12.358123046875
427.0 11.463509765625
428.0 13.14897197265625
429.0 24.5755171875
430.0 9.1109375
431.0 16.0023626953125
432.0 19.96642646484375
433.0 7.34450087890625
434.0 0.83151396484375
435.0 3.66620380859375
436.0 8.13220205078125
437.0 0.0
438.0 0.0
439.0 0.0
440.0 0.0
441.0 0.0
442.0 23.0626677734375
443.0 11.28883203125
444.0 7.124467578125
445.0 0.24967958984375
446.0 0.29170224609375
447.0 15.6122900390625
448.0 13.2218166015625
449.0 1.768648828125
450.0 15.39041171875
451.0 17.508764453125
452.0 12.60277216796875
453.0 16.1023033203125
454.0 16.4406138671875
455.0 16.38777294921875
456.0 10.84768466796875
457.0 1.44361171875
458.0 10.2381828125
459.0 13.13406640625
460.0 12.66907392578125
461.0 9.84638564453125
462.0 6.32238662109375
463.0 3.61085029296875
464.0 9.2143669921875
465.0 8.52509140625
466.0 15.2096955078125
467.0 5.8257259765625
468.0 4.54633291015625
469.0 14.505503125
470.0 11.562798828125
471.0 11.35062998046875
472.0 0.6614693359375
473.0 3.3792392578125
474.0 7.96017939453125
475.0 9.887698046875
476.0 12.46185859375
477.0 16.0011748046875
478.0 4.22126201171875
479.0 4.7395439453125
480.0 11.34150751953125
481.0 11.429656640625
482.0 11.81523271484375
483.0 9.18829931640625
484.0 10.1478541015625
485.0 0.59197998046875
486.0 5.983665625
487.0 4.0454474609375
488.0 3.87955556640625
489.0 0.9180068359375
490.0 5.99306015625
491.0 9.89396796875
492.0 13.740326953125
493.0 10.48599990234375
494.0 2.34112783203125
495.0 0.57272333984375
496.0 0.1655107421875
497.0 0.08434443359375
498.0 0.3753966796875
499.0 0.23934931640625
500.0 0.71804814453125
501.0 0.8960619140625
502.0 0.22977734375
503.0 0.20819033203125
504.0 0.6863486328125
505.0 13.9124626953125
506.0 14.928336328125
507.0 12.6584119140625
508.0 6.430273828125
509.0 10.18174443359375
510.0 12.58331474609375
511.0 8.81789990234375
512.0 13.040158984375
513.0 12.7583056640625
514.0 13.0101130859375
515.0 16.18019287109375
516.0 9.945173828125
517.0 0.0726625
518.0 0.2601853515625
519.0 0.13517001953125
520.0 0.156005859375
521.0 0.2083587890625
522.0 8.170639453125
523.0 5.49562548828125
524.0 0.284052734375
525.0 7.119621484375
526.0 10.80128076171875
527.0 3.19941728515625
528.0 3.0331376953125
529.0 0.7131505859375
530.0 5.05940146484375
531.0 5.684591015625
532.0 5.58934560546875
533.0 3.50618486328125
534.0 7.50695673828125
535.0 4.3642384765625
536.0 3.17277294921875
537.0 0.53157802734375
538.0 0.03116611328125
539.0 0.1250154296875
540.0 0.8343568359375
541.0 1.66507109375
542.0 2.25115205078125
543.0 0.0
544.0 0.0
545.0 0.18484013671875
546.0 0.04167177734375
547.0 0.08334345703125
548.0 0.0
549.0 0.0
550.0 0.0
551.0 0.0
552.0 0.0
553.0 0.0
554.0 0.0
555.0 0.0
556.0 0.0
557.0 0.0
558.0 0.0
559.0 0.0
560.0 0.0
561.0 0.0
562.0 0.0
563.0 0.0
564.0 0.0
565.0 0.0
566.0 0.0
567.0 0.0
568.0 0.0
569.0 0.0
570.0 0.0
571.0 0.0
572.0 0.0
573.0 0.0
574.0 0.0
575.0 0.0
576.0 0.0
577.0 0.0
578.0 0.0
579.0 0.0
580.0 0.0
581.0 0.0
582.0 0.0
583.0 0.0
584.0 0.0
585.0 0.0
586.0 0.0
587.0 0.02083583984375
588.0 4.65760810546875
589.0 1.08346572265625
590.0 1.50053408203125
591.0 0.46871953125
592.0 0.38040185546875
593.0 0.2262435546875
594.0 0.49660322265625
595.0 0.22919462890625
596.0 0.2183380859375
597.0 1.678077734375
598.0 1.6070861328125
599.0 1.1703865234375
600.0 0.98043798828125
601.0 3.4608888671875
602.0 0.7733421875
603.0 0.33337392578125
604.0 1.07652236328125
605.0 0.38181357421875
606.0 6.75374736328125
607.0 2.79048779296875
608.0 5.30704677734375
609.0 11.86261669921875
610.0 13.01685625
611.0 12.37673154296875
612.0 9.40344638671875
613.0 13.41114287109375
614.0 13.2460083984375
615.0 13.16542998046875
616.0 14.393190234375
617.0 10.21710244140625
618.0 3.5955087890625
619.0 14.068578515625
620.0 8.03646171875
621.0 3.2593580078125
622.0 11.6716564453125
623.0 12.4275251953125
624.0 12.28598046875
625.0 1.79619951171875
626.0 12.09606181640625
627.0 6.71775
628.0 11.57700908203125
629.0 15.99639482421875
630.0 12.88592255859375
631.0 9.69563603515625
632.0 17.55461201171875
633.0 19.71299375
634.0 13.96412744140625
635.0 19.00658427734375
636.0 14.77407685546875
637.0 16.51700517578125
638.0 14.23310361328125
639.0 11.44655478515625
640.0 2.44717275390625
641.0 3.56277734375
642.0 15.849712890625
643.0 6.75333740234375
644.0 12.87541708984375
645.0 2.49720576171875
646.0 7.0010896484375
647.0 6.1498408203125
648.0 12.43495849609375
649.0 10.75286650390625
650.0 19.081730078125
651.0 1.9528640625
652.0 7.19952822265625
653.0 8.80939716796875
654.0 12.144655078125
655.0 0.46536845703125
656.0 2.8967130859375
657.0 1.10307314453125
658.0 7.02603505859375
659.0 17.33850224609375
660.0 11.306716796875
661.0 1.01323974609375
662.0 8.13541796875
663.0 15.839333984375
664.0 11.27726728515625
665.0 1.7435537109375
666.0 0.526216796875
667.0 5.43944208984375
668.0 10.8015923828125
669.0 8.46169541015625
670.0 11.14990830078125
671.0 4.51181044921875
672.0 1.18202587890625
673.0 2.83617001953125
674.0 1.96800166015625
675.0 1.2351455078125
676.0 0.71390830078125
677.0 1.34486640625
678.0 3.15524580078125
679.0 0.3022080078125
680.0 0.1563568359375
681.0 0.15583037109375
682.0 0.3752212890625
683.0 0.1876984375
684.0 1.36527255859375
685.0 0.36541748046875
686.0 0.80866328125
687.0 3.98303564453125
688.0 6.80357705078125
689.0 7.67602548828125
690.0 9.42424765625
691.0 13.34222392578125
692.0 3.227673828125
693.0 7.68459599609375
694.0 9.59752470703125
695.0 1.797184375
696.0 7.93437822265625
697.0 0.6314380859375
698.0 0.49043271484375
699.0 0.39254697265625
700.0 0.6387412109375
701.0 0.11433408203125
702.0 0.67637626953125
703.0 2.04654638671875
704.0 10.47130185546875
705.0 2.42814091796875
706.0 8.2477798828125
707.0 11.86991865234375
708.0 16.44136474609375
709.0 14.1538333984375
710.0 11.67946845703125
711.0 6.73323779296875
712.0 1.840341796875
713.0 7.0493337890625
714.0 9.3193970703125
715.0 4.54968046875
716.0 11.46010126953125
717.0 12.1139189453125
718.0 21.235003515625
719.0 17.81736220703125
720.0 27.24014091796875
721.0 21.059583984375
722.0 12.59026181640625
723.0 1.43577626953125
724.0 0.21166171875
725.0 1.5497669921875
726.0 2.13131953125
727.0 4.77721572265625
728.0 12.16722021484375
729.0 8.91200654296875
730.0 16.11829765625
731.0 7.70574560546875
732.0 11.9388701171875
733.0 3.01364921875
734.0 3.42344970703125
735.0 2.7627564453125
736.0 5.05296640625
737.0 3.10681787109375
738.0 3.51872607421875
739.0 5.86595419921875
740.0 5.28705078125
741.0 0.0
742.0 0.0
743.0 0.0
744.0 0.0
745.0 0.0
746.0 0.0
747.0 0.0
748.0 0.0
749.0 0.0
750.0 0.0
751.0 0.0
752.0 0.0
753.0 0.0
754.0 0.0
755.0 0.0
756.0 0.0
757.0 0.0
758.0 0.0
759.0 0.0
760.0 0.0
761.0 0.0
762.0 0.0
763.0 0.0
764.0 0.0
765.0 0.05217744140625
766.0 1.43890380859375
767.0 1.30020908203125
768.0 4.403462109375
769.0 1.15174404296875
770.0 1.04837568359375
771.0 0.80528203125
772.0 1.17769921875
773.0 1.14841220703125
774.0 1.08435009765625
775.0 0.71349619140625
776.0 0.4683685546875
777.0 0.729080078125
778.0 1.05034208984375
779.0 0.61512421875
780.0 1.158633984375
781.0 1.153797265625
782.0 2.18289921875
783.0 6.5530806640625
784.0 0.63316845703125
785.0 4.91469990234375
786.0 5.479617578125
787.0 5.06572255859375
788.0 1.84872509765625
789.0 0.100069140625
790.0 0.0
791.0 0.0
792.0 1.670555078125
793.0 0.1353455078125
794.0 0.1043548828125
795.0 0.342951171875
796.0 0.333776171875
797.0 6.13087783203125
798.0 4.1453939453125
799.0 6.70711865234375
