0.0 9.27672080078125
1.0 8.229078515625
2.0 6.40191103515625
3.0 7.71759453125
4.0 7.17762119140625
5.0 8.83295615234375
6.0 7.92983671875
7.0 8.9032009765625
8.0 5.75419501953125
9.0 7.18932568359375
10.0 7.82196123046875
11.0 6.330611328125
12.0 11.00687919921875
13.0 7.2514033203125
14.0 6.76777177734375
15.0 4.3567349609375
16.0 5.06462666015625
17.0 10.03801533203125
18.0 8.39961171875
19.0 7.1220638671875
20.0 8.69011044921875
21.0 8.83661728515625
22.0 7.3790150390625
23.0 5.57825625
24.0 6.894465625
25.0 6.13989248046875
26.0 5.62476689453125
27.0 9.13307724609375
28.0 9.34147451171875
29.0 9.0375857421875
30.0 5.47236728515625
31.0 6.09706279296875
32.0 3.150473046875
33.0 5.87039013671875
34.0 5.1948080078125
35.0 6.52745078125
36.0 3.87622626953125
37.0 5.48383046875
38.0 7.64085810546875
39.0 5.4348388671875
40.0 3.32676552734375
41.0 8.432796875
42.0 3.132380078125
43.0 2.5373626953125
44.0 4.07994482421875
45.0 6.61851904296875
46.0 4.8782521484375
47.0 6.267459375
48.0 4.3289912109375
49.0 12.15099501953125
50.0 2.954994921875
51.0 6.169309765625
52.0 6.3534611328125
53.0 7.330435546875
54.0 6.92077646484375
55.0 8.30607509765625
56.0 7.49235009765625
57.0 4.37746416015625
58.0 10.624845703125
59.0 9.2641943359375
60.0 8.9317669921875
61.0 9.9683888671875
62.0 7.064449609375
63.0 9.3685796875
64.0 8.38016630859375
65.0 8.24396201171875
66.0 7.03261787109375
67.0 5.87133447265625
68.0 2.56584892578125
69.0 7.9957787109375
70.0 7.84972119140625
71.0 5.94185087890625
72.0 8.1549255859375
73.0 5.8474501953125
74.0 9.6269794921875
75.0 7.40896005859375
76.0 6.75427685546875
77.0 8.67294443359375
78.0 7.3086953125
79.0 6.79479130859375
80.0 8.29734814453125
81.0 6.15830869140625
82.0 10.43976083984375
83.0 7.39708505859375
84.0 10.06741220703125
85.0 8.10277216796875
86.0 8.91310029296875
87.0 6.6476634765625
88.0 6.49628876953125
89.0 3.47475419921875
90.0 7.795316796875
91.0 7.53839287109375
92.0 12.39139755859375
93.0 8.30196083984375
94.0 9.20872822265625
95.0 9.49526845703125
96.0 7.8263916015625
97.0 6.36785107421875
98.0 9.18083837890625
99.0 7.1453802734375
100.0 5.08911044921875
101.0 5.51209599609375
102.0 6.0331943359375
103.0 3.858128125
104.0 6.00671279296875
105.0 4.35347822265625
106.0 5.56279365234375
107.0 4.8546296875
108.0 5.90959970703125
109.0 3.58790810546875
110.0 4.172528125
111.0 0.0
112.0 0.0
113.0 0.0
114.0 21.10760751953125
115.0 7.24842890625
116.0 12.821577734375
117.0 8.36832421875
118.0 7.4242806640625
119.0 3.36893349609375
120.0 4.651873828125
121.0 1.1780302734375
122.0 8.26807783203125
123.0 5.19174951171875
124.0 6.57877578125
125.0 6.4072623046875
126.0 5.38159951171875
127.0 8.5711326171875
128.0 7.37892919921875
129.0 4.07511591796875
130.0 5.19539755859375
131.0 2.9116474609375
132.0 4.38822119140625
133.0 2.87395224609375
134.0 4.10149609375
135.0 6.288266796875
136.0 5.6951189453125
137.0 8.2724486328125
138.0 8.663847265625
139.0 5.92163232421875
140.0 7.505405859375
141.0 4.16588955078125
142.0 3.20230185546875
143.0 1.71434697265625
144.0 5.01705419921875
145.0 5.55267216796875
146.0 4.67705693359375
147.0 5.225164453125
148.0 5.7071693359375
149.0 4.8092240234375
150.0 4.70499111328125
151.0 4.5303591796875
152.0 1.69824482421875
153.0 4.06750302734375
154.0 6.9476326171875
155.0 6.754351171875
156.0 6.90468251953125
157.0 7.21397763671875
158.0 7.61181875
159.0 5.08276435546875
160.0 6.6732923828125
161.0 7.31108388671875
162.0 6.51373544921875
163.0 1.98250703125
164.0 7.069578125
165.0 7.65499677734375
166.0 8.03852080078125
167.0 7.05049736328125
168.0 7.26647470703125
169.0 7.758930078125
170.0 7.24449296875
171.0 7.18687138671875
172.0 7.0982494140625
173.0 2.56969482421875
174.0 1.96188251953125
175.0 3.3832458984375
176.0 0.81513154296875
177.0 3.5166966796875
178.0 4.4339974609375
179.0 4.70575869140625
180.0 7.25423203125
181.0 4.50589638671875
182.0 2.9220623046875
183.0 2.0723701171875
184.0 3.1818736328125
185.0 3.42386220703125
186.0 1.72097783203125
187.0 1.90884580078125
188.0 1.05754677734375
189.0 1.5021134765625
190.0 3.4488052734375
191.0 1.60573720703125
192.0 4.29734052734375
193.0 2.4314607421875
194.0 1.0129263671875
195.0 3.23263427734375
196.0 4.15932177734375
197.0 5.10426162109375
198.0 4.2735265625
199.0 3.825426953125
200.0 3.93709580078125
201.0 3.508736328125
202.0 2.2734826171875
203.0 3.0029015625
204.0 5.344912890625
205.0 3.26340283203125
206.0 2.087818359375
207.0 2.77475107421875
208.0 3.142319921875
209.0 5.150682421875
210.0 2.6558564453125
211.0 2.540573046875
212.0 2.10495
213.0 5.3342896484375
214.0 2.60227197265625
215.0 6.20225
216.0 4.675571875
217.0 4.87437978515625
218.0 3.83302783203125
219.0 6.6725931640625
220.0 7.1411052734375
221.0 4.190468359375
222.0 2.9472935546875
223.0 5.37269599609375
224.0 4.4986419921875
225.0 6.02233115234375
226.0 4.87882802734375
227.0 4.68531279296875
228.0 6.343325
229.0 4.46847333984375
230.0 3.58012705078125
231.0 2.74740927734375
232.0 5.11177685546875
233.0 3.92993115234375
234.0 1.93065849609375
235.0 2.42332958984375
236.0 0.909182421875
237.0 4.24541240234375
238.0 2.72989111328125
239.0 3.3337796875
240.0 0.720816015625
241.0 2.1657341796875
242.0 2.18675498046875
243.0 2.05181181640625
244.0 1.606540234375
245.0 1.97930439453125
246.0 4.5894052734375
247.0 5.55659814453125
248.0 6.42713984375
249.0 6.49528056640625
250.0 4.3473400390625
251.0 7.2996775390625
252.0 4.56283505859375
253.0 6.718334765625
254.0 4.68792412109375
255.0 6.01681533203125
256.0 5.96349384765625
257.0 7.155171875
258.0 5.82437900390625
259.0 4.7177953125
260.0 3.6045017578125
261.0 6.5992642578125
262.0 3.64576904296875
263.0 4.98708583984375
264.0 7.60816396484375
265.0 4.33650263671875
266.0 3.4894466796875
267.0 4.8672498046875
268.0 2.8056927734375
269.0 0.81207275390625
270.0 0.59391015625
271.0 1.87010810546875
272.0 1.83709873046875
273.0 0.15413408203125
274.0 0.5745951171875
275.0 1.54232080078125
276.0 0.23998955078125
277.0 1.878941796875
278.0 0.1191431640625
279.0 2.1562978515625
280.0 5.93805146484375
281.0 5.95017587890625
282.0 4.8873037109375
283.0 4.9029146484375
284.0 4.25434619140625
285.0 9.12520576171875
286.0 7.6524783203125
287.0 3.51281259765625
288.0 1.15868251953125
289.0 8.9163287109375
290.0 4.8862640625
291.0 7.7715765625
292.0 1.89196240234375
293.0 6.44906767578125
294.0 6.136298828125
295.0 8.4675443359375
296.0 3.23002666015625
297.0 7.04498291015625
298.0 0.69598388671875
299.0 6.10826865234375
300.0 4.088068359375
301.0 7.23863525390625
302.0 7.24266171875
303.0 3.4330689453125
304.0 4.114133984375
305.0 5.38279833984375
306.0 9.0691830078125
307.0 5.86340517578125
308.0 3.9429236328125
309.0 0.39998544921875
310.0 6.21912724609375
311.0 3.3942607421875
312.0 3.2676158203125
313.0 7.85936015625
314.0 7.00506591796875
315.0 5.140850390625
316.0 0.43851044921875
317.0 2.31291904296875
318.0 4.7173330078125
319.0 4.47204150390625
320.0 1.68755625
321.0 8.8542763671875
322.0 5.3819966796875
323.0 7.3428875
324.0 7.785333984375
325.0 2.7018048828125
326.0 6.95428798828125
327.0 7.091793359375
328.0 9.3177966796875
329.0 7.60911787109375
330.0 3.65382353515625
331.0 0.60290390625
332.0 6.11992685546875
333.0 4.60727412109375
334.0 4.59315419921875
335.0 2.83889091796875
336.0 1.01421923828125
337.0 3.54432060546875
338.0 0.88542294921875
339.0 2.1164033203125
340.0 2.182571484375
341.0 0.7091048828125
342.0 1.95094541015625
343.0 3.4417947265625
344.0 6.30560595703125
345.0 4.0263642578125
346.0 2.329799609375
347.0 4.5733001953125
348.0 5.47537568359375
349.0 5.83430830078125
350.0 4.19467646484375
351.0 0.182130078125
352.0 4.68865283203125
353.0 3.77929931640625
354.0 4.4991037109375
355.0 4.32111357421875
356.0 1.2617
357.0 3.34962568359375
358.0 6.231346484375
359.0 7.887586328125
360.0 5.0705966796875
361.0 4.19342890625
362.0 5.04286884765625
363.0 5.2129931640625
364.0 6.39473525390625
365.0 0.0
366.0 0.0
367.0 0.0
368.0 0.0
369.0 0.0
370.0 20.70353974609375
371.0 2.5062484375
372.0 1.09448291015625
373.0 1.73964296875
374.0 1.29795205078125
375.0 0.92409921875
376.0 1.16342001953125
377.0 0.39720478515625
378.0 0.5686908203125
379.0 0.9602462890625
380.0 0.7210607421875
381.0 0.39586591796875
382.0 1.02898232421875
383.0 0.6754541015625
384.0 1.10937314453125
385.0 1.14179921875
386.0 1.19477353515625
387.0 2.9767712890625
388.0 4.06807197265625
389.0 4.16109765625
390.0 5.22709609375
391.0 3.4943236328125
392.0 6.17459404296875
393.0 8.5980896484375
394.0 6.014009375
395.0 6.43031103515625
396.0 4.28730654296875
397.0 3.823701171875
398.0 5.49505078125
399.0 4.35404140625
400.0 5.5460462890625
401.0 4.07798720703125
402.0 2.19747919921875
403.0 5.5816166015625
404.0 5.5036255859375
405.0 7.10143544921875
406.0 6.30634404296875
407.0 3.3501423828125
408.0 6.76985322265625
409.0 3.09779912109375
410.0 5.3566392578125
411.0 3.15926005859375
412.0 2.07826650390625
413.0 5.7809626953125
414.0 6.214660546875
415.0 2.75510986328125
416.0 5.03052568359375
417.0 1.30679013671875
418.0 4.217425
419.0 1.8342744140625
420.0 2.23466220703125
421.0 3.095758984375
422.0 0.93665830078125
423.0 7.33818564453125
424.0 6.15547041015625
425.0 6.4959771484375
426.0 3.023390234375
427.0 6.09471376953125
428.0 4.76112880859375
429.0 7.01030283203125
430.0 2.8014087890625
431.0 2.0996044921875
432.0 5.225928515625
433.0 4.9701033203125
434.0 6.7477533203125
435.0 6.18012294921875
436.0 1.66985380859375
437.0 7.35232119140625
438.0 6.362269921875
439.0 3.71164228515625
440.0 4.0763728515625
441.0 0.81175537109375
442.0 5.56447138671875
443.0 5.39365146484375
444.0 5.748790625
445.0 4.64115458984375
446.0 1.46967060546875
447.0 3.70351103515625
448.0 6.66468359375
449.0 8.57005322265625
450.0 3.82767294921875
451.0 2.51679384765625
452.0 6.343882421875
453.0 7.48587060546875
454.0 10.64514345703125
455.0 8.43409755859375
456.0 0.4338326171875
457.0 9.32748896484375
458.0 7.636834375
459.0 7.33198818359375
460.0 3.79117265625
461.0 7.3485501953125
462.0 4.7666248046875
463.0 4.88969814453125
464.0 9.55927626953125
465.0 9.1601150390625
466.0 1.44201513671875
467.0 8.52795185546875
468.0 10.92471748046875
469.0 7.910949609375
470.0 8.981534765625
471.0 4.1346708984375
472.0 2.0692322265625
473.0 9.6638158203125
474.0 10.4744373046875
475.0 10.3007642578125
476.0 2.79173330078125
477.0 5.89514345703125
478.0 9.8182982421875
479.0 6.88458623046875
480.0 8.18255126953125
481.0 6.51519765625
482.0 7.619444140625
483.0 5.9930833984375
484.0 7.6453380859375
485.0 5.8137630859375
486.0 8.76848359375
487.0 9.36980830078125
488.0 6.89845615234375
489.0 3.818030859375
490.0 3.23406611328125
491.0 5.16347080078125
492.0 9.21202177734375
493.0 5.9772162109375
494.0 6.13958125
495.0 4.97376396484375
496.0 3.65432958984375
497.0 6.09009833984375
498.0 11.142312109375
499.0 9.1907595703125
500.0 6.89372587890625
501.0 8.29366865234375
502.0 8.55170546875
503.0 5.2505650390625
504.0 5.6768119140625
505.0 9.15185224609375
506.0 8.1002296875
507.0 5.32342607421875
508.0 9.59728720703125
509.0 10.01693486328125
510.0 5.19565888671875
511.0 9.58895517578125
512.0 10.68502890625
513.0 7.0050416015625
514.0 6.71430205078125
515.0 3.10612490234375
516.0 10.61133017578125
517.0 10.3076013671875
518.0 7.8297638671875
519.0 7.24487470703125
520.0 4.67707490234375
521.0 9.04118154296875
522.0 5.00557607421875
523.0 7.03238173828125
524.0 4.31808486328125
525.0 3.2647376953125
526.0 4.14660751953125
527.0 1.701777734375
528.0 5.39046064453125
529.0 1.26309599609375
530.0 4.0818775390625
531.0 7.0097892578125
532.0 3.77719912109375
533.0 5.94547109375
534.0 7.162008203125
535.0 3.40255380859375
536.0 5.0125064453125
537.0 8.0980056640625
538.0 7.8212486328125
539.0 6.54907919921875
540.0 6.76607216796875
541.0 6.18490078125
542.0 8.90494443359375
543.0 4.69804794921875
544.0 8.56037236328125
545.0 6.80768955078125
546.0 5.38548076171875
547.0 7.65768916015625
548.0 4.42460966796875
549.0 4.7866560546875
550.0 8.6637716796875
551.0 6.19064794921875
552.0 6.614656640625
553.0 6.6692978515625
554.0 3.44169501953125
555.0 4.5037109375
556.0 9.1441767578125
557.0 9.9206302734375
558.0 6.906490234375
559.0 4.20548525390625
560.0 10.2095251953125
561.0 1.18236298828125
562.0 1.6185771484375
563.0 1.05040703125
564.0 1.8277044921875
565.0 1.2116265625
566.0 3.62344423828125
567.0 7.94126826171875
568.0 6.6671673828125
569.0 7.1797021484375
570.0 6.210920703125
571.0 9.1746427734375
572.0 4.74442431640625
573.0 1.32343291015625
574.0 2.0169744140625
575.0 2.2829142578125
576.0 3.1344833984375
577.0 5.1835236328125
578.0 4.854639453125
579.0 6.643034765625
580.0 4.53782470703125
581.0 6.71593203125
582.0 2.81590771484375
583.0 6.3553236328125
584.0 4.711773828125
585.0 7.28805068359375
586.0 5.68628701171875
587.0 7.64558662109375
588.0 7.081575390625
589.0 7.59755712890625
590.0 8.7054248046875
591.0 7.73817705078125
592.0 7.16577373046875
593.0 7.99886630859375
594.0 4.3357345703125
595.0 5.629879296875
596.0 5.3333435546875
597.0 4.64591513671875
598.0 2.56854697265625
599.0 1.4066544921875
600.0 1.13669580078125
601.0 0.40621181640625
602.0 0.4263458984375
603.0 3.16094267578125
604.0 4.1139751953125
605.0 1.01380908203125
606.0 4.64485849609375
607.0 0.56200498046875
608.0 7.3840310546875
609.0 6.369485546875
610.0 5.22425888671875
611.0 6.15421611328125
612.0 2.15554130859375
613.0 0.31831728515625
614.0 0.64821943359375
615.0 2.15288974609375
616.0 0.4845208984375
617.0 0.50386708984375
618.0 6.7165732421875
619.0 4.580398046875
620.0 5.94590615234375
621.0 7.869829296875
622.0 4.27701064453125
623.0 0.23934931640625
624.0 0.47680361328125
625.0 2.880330078125
626.0 2.5092505859375
627.0 2.2707921875
628.0 2.10026953125
629.0 4.43575546875
630.0 4.3853201171875
631.0 2.94916484375
632.0 3.134960546875
633.0 3.5787107421875
634.0 3.50297275390625
635.0 4.161108984375
636.0 2.0263623046875
637.0 0.88229921875
638.0 1.2305572265625
639.0 0.0826416015625
640.0 1.08710673828125
641.0 7.28304482421875
642.0 3.86435810546875
643.0 0.3974255859375
644.0 0.4979447265625
645.0 0.3510232421875
646.0 5.38648486328125
647.0 3.63013212890625
648.0 6.99443251953125
649.0 5.8818658203125
650.0 5.2355869140625
651.0 7.11478203125
652.0 4.62468720703125
653.0 4.3008484375
654.0 4.189768359375
655.0 4.95977119140625
656.0 5.2929916015625
657.0 5.07844189453125
658.0 2.52888994140625
659.0 5.718357421875
660.0 0.81739990234375
661.0 3.57484443359375
662.0 4.6484419921875
663.0 6.86886376953125
664.0 6.20921240234375
665.0 5.43303544921875
666.0 7.6228966796875
667.0 5.40680947265625
668.0 2.9297361328125
669.0 6.60073486328125
670.0 4.07373759765625
671.0 4.1347314453125
672.0 4.5624083984375
673.0 6.7635638671875
674.0 1.41774033203125
675.0 2.302656640625
676.0 5.81273603515625
677.0 5.331051953125
678.0 5.8425142578125
679.0 2.74138388671875
680.0 9.317880859375
681.0 4.22271376953125
682.0 7.0980166015625
683.0 4.95058916015625
684.0 5.40828037109375
685.0 6.5715142578125
686.0 3.45621201171875
687.0 5.894155859375
688.0 6.81660927734375
689.0 2.618073046875
690.0 5.76737412109375
691.0 4.812773046875
692.0 4.2168072265625
693.0 3.160569921875
694.0 2.8122203125
695.0 4.18464453125
696.0 3.0050541015625
697.0 1.5608783203125
698.0 0.80033876953125
699.0 0.08316796875
700.0 0.07248681640625
701.0 0.11415859375
702.0 0.07266240234375
703.0 0.08316806640625
704.0 0.0934982421875
705.0 0.12818486328125
706.0 0.11019521484375
707.0 0.925972265625
708.0 0.34352880859375
709.0 0.81207265625
710.0 1.528040625
711.0 2.92744931640625
712.0 2.1942216796875
713.0 0.93849951171875
714.0 0.46740830078125
715.0 0.66423330078125
716.0 3.42206044921875
717.0 6.3735517578125
718.0 4.124976953125
719.0 0.23702353515625
720.0 0.87409873046875
721.0 3.42228369140625
722.0 6.9883294921875
723.0 6.89233203125
724.0 7.85432646484375
725.0 8.63832490234375
726.0 7.95111328125
727.0 0.0
728.0 0.0
729.0 0.0
730.0 24.1790755859375
731.0 5.647366015625
732.0 5.7309857421875
733.0 5.7323455078125
734.0 6.02970263671875
735.0 6.38492158203125
736.0 8.794462109375
737.0 8.656142578125
738.0 10.26871123046875
739.0 6.0224197265625
740.0 6.01011826171875
741.0 4.94749912109375
742.0 7.59628203125
743.0 11.005393359375
744.0 8.2898712890625
745.0 7.1215814453125
746.0 10.32996474609375
747.0 11.83652783203125
748.0 5.851405859375
749.0 7.15803984375
750.0 9.104586328125
751.0 6.54519169921875
752.0 6.35983583984375
753.0 7.50765234375
754.0 9.14673193359375
755.0 6.4545978515625
756.0 5.06819296875
757.0 7.0857966796875
758.0 8.41601845703125
759.0 8.0025845703125
760.0 6.0906849609375
761.0 8.75084130859375
762.0 4.66554111328125
763.0 5.22100458984375
764.0 6.1246546875
765.0 2.57694296875
766.0 4.5102365234375
767.0 3.27556904296875
768.0 5.360829296875
769.0 3.81679765625
770.0 2.71339365234375
771.0 3.96633916015625
772.0 5.92193408203125
773.0 4.33126181640625
774.0 5.39700458984375
775.0 4.21119853515625
776.0 2.72192177734375
777.0 6.4462322265625
778.0 4.70281923828125
779.0 3.28451171875
780.0 2.724586328125
781.0 3.36505576171875
782.0 1.0387365234375
783.0 4.3753685546875
784.0 5.09218779296875
785.0 7.569411328125
786.0 6.98608427734375
787.0 6.2213798828125
788.0 8.17409931640625
789.0 6.84092265625
790.0 8.0705185546875
791.0 7.62192080078125
792.0 5.0577591796875
793.0 7.73007958984375
794.0 2.6113587890625
795.0 7.54201103515625
796.0 8.87897958984375
797.0 4.7972845703125
798.0 5.865327734375
799.0 6.32133642578125
