0.0 25.5464171875
1.0 22.7313732421875
2.0 25.11014248046875
3.0 21.0360689453125
4.0 23.37132177734375
5.0 19.4860896484375
6.0 25.58860068359375
7.0 21.92994384765625
8.0 26.05329736328125
9.0 21.5089970703125
10.0 25.0992708984375
11.0 17.67150888671875
12.0 30.8625423828125
13.0 25.00423486328125
14.0 21.55120419921875
15.0 22.24336103515625
16.0 23.3008697265625
17.0 22.00083232421875
18.0 23.484337109375
19.0 16.5549890625
20.0 14.93661708984375
21.0 10.79073203125
22.0 14.71625771484375
23.0 18.56619765625
24.0 15.10058984375
25.0 15.778491796875
26.0 15.64894423828125
27.0 15.31571748046875
28.0 17.2260564453125
29.0 18.69427294921875
30.0 20.816209375
31.0 18.96163037109375
32.0 20.785105859375
33.0 18.15316025390625
34.0 16.50044990234375
35.0 12.20142373046875
36.0 21.2854220703125
37.0 21.047653125
38.0 22.3309921875
39.0 12.6633099609375
40.0 24.9795287109375
41.0 15.88499619140625
42.0 28.224603125
43.0 19.23347890625
44.0 22.42874375
45.0 17.92379755859375
46.0 32.4201650390625
47.0 24.10136201171875
48.0 15.80918271484375
49.0 23.60685927734375
50.0 20.90342646484375
51.0 25.25760107421875
52.0 21.26998154296875
53.0 15.2444677734375
54.0 17.4738267578125
55.0 21.7762734375
56.0 16.94098388671875
57.0 13.75708076171875
58.0 13.21290771484375
59.0 13.6488177734375
60.0 12.22751767578125
61.0 19.99211962890625
62.0 18.02128125
63.0 16.96454912109375
64.0 24.734751953125
65.0 16.0218962890625
66.0 21.06816162109375
67.0 22.7597787109375
68.0 11.8257525390625
69.0 19.414523046875
70.0 22.38940947265625
71.0 22.1787015625
72.0 23.46040224609375
73.0 22.2011580078125
74.0 21.915852734375
75.0 14.9588640625
76.0 20.815255859375
77.0 20.39197431640625
78.0 22.19983173828125
79.0 19.55087060546875
80.0 22.277177734375
81.0 21.3029068359375
82.0 23.4851677734375
83.0 26.14130712890625
84.0 20.22161005859375
85.0 20.6742533203125
86.0 19.74762646484375
87.0 21.7489873046875
88.0 20.5977771484375
89.0 17.77582275390625
90.0 16.893380078125
91.0 17.15753525390625
92.0 21.0916443359375
93.0 17.37008955078125
94.0 16.39711376953125
95.0 26.1709189453125
96.0 20.6188650390625
97.0 24.7639046875
98.0 21.6573345703125
99.0 26.180740625
100.0 19.86775546875
101.0 17.97372763671875
102.0 18.50026455078125
103.0 22.821155859375
104.0 22.4683146484375
105.0 24.9152919921875
106.0 26.3325341796875
107.0 16.4692916015625
108.0 20.143420703125
109.0 27.5573998046875
110.0 24.7577998046875
111.0 18.67973212890625
112.0 18.46323125
113.0 22.82947236328125
114.0 25.38389423828125
115.0 25.88824521484375
116.0 19.0438134765625
117.0 16.8973662109375
118.0 32.1595451171875
119.0 20.61984677734375
120.0 23.240273828125
121.0 25.42226318359375
122.0 24.48756474609375
123.0 25.4688759765625
124.0 22.6543474609375
125.0 22.9551462890625
126.0 14.94350615234375
127.0 24.59836669921875
128.0 16.89374501953125
129.0 23.7606970703125
130.0 12.7103021484375
131.0 14.211503515625
132.0 20.66671103515625
133.0 24.92779873046875
134.0 22.578543359375
135.0 24.4786162109375
136.0 18.725414453125
137.0 20.92558642578125
138.0 20.02581591796875
139.0 23.876613671875
140.0 20.95631982421875
141.0 22.216212109375
142.0 22.34252421875
143.0 21.32779296875
144.0 25.06759453125
145.0 20.47623154296875
146.0 22.10645029296875
147.0 25.14272626953125
148.0 26.48125068359375
149.0 20.60617431640625
150.0 19.53058671875
151.0 24.58317421875
152.0 24.1697546875
153.0 15.120840625
154.0 23.58476044921875
155.0 22.59101083984375
156.0 22.943230078125
157.0 21.48444892578125
158.0 14.9180306640625
159.0 23.07902568359375
160.0 23.4039986328125
161.0 14.537013671875
162.0 15.1703130859375
163.0 18.1063421875
164.0 19.1899185546875
165.0 17.8678029296875
166.0 25.7165986328125
167.0 28.2213080078125
168.0 24.7124306640625
169.0 21.16635439453125
170.0 16.4132830078125
171.0 13.21730732421875
172.0 14.86578955078125
173.0 23.0203380859375
174.0 16.04006865234375
175.0 14.79653515625
176.0 19.96428115234375
177.0 19.21068916015625
178.0 25.7089173828125
179.0 20.5251939453125
180.0 23.867912890625
181.0 19.069316796875
182.0 20.79770498046875
183.0 27.45518408203125
184.0 23.3426328125
185.0 25.101205078125
186.0 21.8156978515625
187.0 26.9513171875
188.0 25.47402978515625
189.0 28.4517826171875
190.0 26.12463935546875
191.0 29.38825
192.0 25.5020861328125
193.0 28.30737138671875
194.0 28.50573720703125
195.0 24.52244814453125
196.0 24.6923595703125
197.0 22.010037109375
198.0 21.87446201171875
199.0 18.59145361328125
200.0 23.66623330078125
201.0 23.3586806640625
202.0 26.28395849609375
203.0 23.78034013671875
204.0 20.85621982421875
205.0 18.72044482421875
206.0 21.87514111328125
207.0 25.98397724609375
208.0 23.74784033203125
209.0 17.3382861328125
210.0 29.9170150390625
211.0 25.09739794921875
212.0 30.2712580078125
213.0 20.54070224609375
214.0 24.39820576171875
215.0 24.93515458984375
216.0 29.52599541015625
217.0 22.91499326171875
218.0 27.572471484375
219.0 27.157292578125
220.0 28.2783435546875
221.0 26.24067060546875
222.0 22.5907228515625
223.0 22.423410546875
224.0 16.85475927734375
225.0 34.3950380859375
226.0 21.578298046875
227.0 26.4687828125
228.0 27.6904044921875
229.0 30.35697919921875
230.0 25.623444140625
231.0 26.4580806640625
232.0 22.9008103515625
233.0 17.30394501953125
234.0 25.574571484375
235.0 21.07195830078125
236.0 24.02438154296875
237.0 23.087556640625
238.0 20.83271279296875
239.0 29.06350986328125
240.0 24.67767529296875
241.0 16.74103427734375
242.0 17.5892880859375
243.0 14.0501119140625
244.0 28.96519521484375
245.0 19.1084384765625
246.0 14.5080328125
247.0 20.50508798828125
248.0 20.89852392578125
249.0 21.1139681640625
250.0 19.8709408203125
251.0 22.81710869140625
252.0 23.02201494140625
253.0 27.68361474609375
254.0 22.21270634765625
255.0 25.60680556640625
256.0 27.07705673828125
257.0 23.71126923828125
258.0 16.442266796875
259.0 14.47866806640625
260.0 23.27356767578125
261.0 22.31902578125
262.0 20.83475595703125
263.0 24.2107462890625
264.0 26.3283841796875
265.0 14.90723798828125
266.0 15.64319638671875
267.0 12.48550556640625
268.0 17.57883447265625
269.0 19.61632412109375
270.0 16.49071533203125
271.0 20.09310732421875
272.0 13.85409873046875
273.0 20.2254513671875
274.0 22.63375439453125
275.0 20.68110810546875
276.0 20.98499951171875
277.0 14.2041490234375
278.0 12.411860546875
279.0 15.41550537109375
280.0 15.25292509765625
281.0 17.6376841796875
282.0 18.979137890625
283.0 23.8979849609375
284.0 20.72111142578125
285.0 24.597221875
286.0 21.54093779296875
287.0 19.225529296875
288.0 15.84352529296875
289.0 12.26076298828125
290.0 12.10580830078125
291.0 16.62533984375
292.0 17.1176412109375
293.0 14.86478837890625
294.0 15.79702978515625
295.0 21.29615419921875
296.0 13.13709599609375
297.0 12.3634298828125
298.0 9.9957419921875
299.0 16.85196591796875
300.0 22.316271484375
301.0 20.1428439453125
302.0 24.0078669921875
303.0 16.01201611328125
304.0 17.11624638671875
305.0 15.20134267578125
306.0 9.13466650390625
307.0 11.714493359375
308.0 13.2605681640625
309.0 13.59082607421875
310.0 17.7736912109375
311.0 15.2998267578125
312.0 16.5047869140625
313.0 18.84003359375
314.0 20.747417578125
315.0 18.52093046875
316.0 12.99860283203125
317.0 16.0300982421875
318.0 16.538146875
319.0 17.44284150390625
320.0 18.347270703125
321.0 20.4872171875
322.0 21.42560322265625
323.0 14.60831826171875
324.0 22.6273673828125
325.0 25.14070888671875
326.0 13.0594982421875
327.0 13.4624759765625
328.0 17.35564326171875
329.0 23.29376103515625
330.0 21.53066318359375
331.0 20.1160720703125
332.0 20.7490248046875
333.0 17.4357669921875
334.0 13.45787568359375
335.0 12.72673046875
336.0 10.6640498046875
337.0 10.03126220703125
338.0 12.9677896484375
339.0 13.2241880859375
340.0 15.207696875
341.0 15.977935546875
342.0 16.25286552734375
343.0 21.43351416015625
344.0 21.13359853515625
345.0 16.96202900390625
346.0 14.95601826171875
347.0 16.4985849609375
348.0 20.87207880859375
349.0 20.2109375
350.0 18.2567857421875
351.0 17.46215693359375
352.0 22.9941453125
353.0 22.87207197265625
354.0 16.9388291015625
355.0 14.55380634765625
356.0 6.2287763671875
357.0 8.7577982421875
358.0 17.81719833984375
359.0 21.418650390625
360.0 20.30467138671875
361.0 28.473940234375
362.0 22.4888197265625
363.0 24.1316560546875
364.0 17.057645703125
365.0 21.088727734375
366.0 18.98808154296875
367.0 13.55210478515625
368.0 14.14541845703125
369.0 19.55285927734375
370.0 18.37167080078125
371.0 21.2974779296875
372.0 22.42443935546875
373.0 20.722796484375
374.0 19.17681259765625
375.0 18.14800576171875
376.0 20.86497919921875
377.0 18.44206728515625
378.0 13.4581240234375
379.0 23.6850521484375
380.0 17.6700939453125
381.0 25.42463173828125
382.0 22.069185546875
383.0 19.35837841796875
384.0 17.32443515625
385.0 13.7428646484375
386.0 15.66579560546875
387.0 10.74978857421875
388.0 11.27358046875
389.0 10.26487431640625
390.0 15.570075
391.0 22.6366048828125
392.0 23.1736009765625
393.0 18.70063486328125
394.0 13.49664755859375
395.0 14.96109443359375
396.0 15.4511693359375
397.0 11.0541716796875
398.0 14.7702548828125
399.0 25.22447275390625
400.0 22.10817021484375
401.0 25.17012939453125
402.0 22.07416220703125
403.0 24.6713876953125
404.0 16.18146669921875
405.0 18.7167912109375
406.0 25.00708115234375
407.0 20.1753068359375
408.0 25.70836630859375
409.0 23.82923408203125
410.0 21.77551376953125
411.0 23.50189521484375
412.0 19.71136552734375
413.0 11.80019169921875
414.0 17.14676181640625
415.0 25.67985498046875
416.0 20.2516875
417.0 25.1605359375
418.0 25.44318583984375
419.0 23.784695703125
420.0 20.923194921875
421.0 18.08244091796875
422.0 17.053259765625
423.0 20.454048828125
424.0 23.30641953125
425.0 27.35438681640625
426.0 26.87370751953125
427.0 27.2945115234375
428.0 28.77517421875
429.0 22.10946416015625
430.0 22.23334599609375
431.0 14.19328408203125
432.0 21.06969296875
433.0 19.3096994140625
434.0 17.80407421875
435.0 23.11645478515625
436.0 14.68118720703125
437.0 21.1360388671875
438.0 19.43331767578125
439.0 13.17273642578125
440.0 26.59825263671875
441.0 27.8081470703125
442.0 25.66411484375
443.0 27.238134375
444.0 26.74869580078125
445.0 26.594634375
446.0 22.62123037109375
447.0 24.99012734375
448.0 16.26355654296875
449.0 26.1334560546875
450.0 23.94041318359375
451.0 25.3467994140625
452.0 15.80526953125
453.0 21.1179287109375
454.0 24.9518859375
455.0 25.74017158203125
456.0 28.3967748046875
457.0 25.77007763671875
458.0 29.59310048828125
459.0 26.9836779296875
460.0 23.27968017578125
461.0 28.3073517578125
462.0 23.4525986328125
463.0 25.09897763671875
464.0 27.6278958984375
465.0 20.86691845703125
466.0 23.951366796875
467.0 16.61176103515625
468.0 22.50712822265625
469.0 19.464677734375
470.0 16.42910341796875
471.0 19.754712890625
472.0 23.41949931640625
473.0 21.5841166015625
474.0 17.50861640625
475.0 25.30602578125
476.0 24.07655146484375
477.0 21.3637224609375
478.0 17.0257712890625
479.0 15.3758474609375
480.0 23.11270576171875
481.0 23.24479521484375
482.0 23.23263720703125
483.0 14.55385830078125
484.0 28.487077734375
485.0 20.33007705078125
486.0 16.99450380859375
487.0 24.0323451171875
488.0 23.3855521484375
489.0 18.81407412109375
490.0 23.3688923828125
491.0 22.15639990234375
492.0 25.270222265625
493.0 21.73450673828125
494.0 22.81113837890625
495.0 23.89583935546875
496.0 21.6214671875
497.0 22.73104013671875
498.0 21.43181220703125
499.0 24.7217486328125
500.0 17.90826259765625
501.0 21.3316505859375
502.0 21.110775390625
503.0 19.58696455078125
504.0 23.94448037109375
505.0 23.1733158203125
506.0 24.98227353515625
507.0 22.1325970703125
508.0 26.1989451171875
509.0 16.7894048828125
510.0 20.69796298828125
511.0 20.9985037109375
512.0 16.1992880859375
513.0 17.9468984375
514.0 20.06135888671875
515.0 20.16982392578125
516.0 15.03407373046875
517.0 19.57458203125
518.0 19.72376982421875
519.0 17.26979150390625
520.0 20.65379931640625
521.0 17.24333447265625
522.0 25.17787587890625
523.0 24.05136103515625
524.0 24.119745703125
525.0 24.4348984375
526.0 24.57831494140625
527.0 18.97363095703125
528.0 24.7757263671875
529.0 17.29836484375
530.0 18.34432666015625
531.0 24.0981796875
532.0 20.8009287109375
533.0 26.8681017578125
534.0 21.94323935546875
535.0 24.03799853515625
536.0 27.05533193359375
537.0 14.115801953125
538.0 27.78947919921875
539.0 20.28862041015625
540.0 22.8579966796875
541.0 16.322748828125
542.0 10.69475771484375
543.0 23.99386943359375
544.0 26.31230087890625
545.0 19.40098037109375
546.0 22.8755419921875
547.0 21.375973828125
548.0 17.3697154296875
549.0 18.8753287109375
550.0 20.62910947265625
551.0 24.32327265625
552.0 19.36605654296875
553.0 19.9589326171875
554.0 23.1331361328125
555.0 23.022330078125
556.0 23.0815599609375
557.0 17.5459677734375
558.0 20.55753544921875
559.0 21.77813623046875
560.0 16.361388671875
561.0 22.41588701171875
562.0 18.97037763671875
563.0 18.3734921875
564.0 16.2540724609375
565.0 22.908223046875
566.0 16.54413720703125
567.0 15.4812943359375
568.0 18.70612412109375
569.0 18.20958154296875
570.0 19.93417587890625
571.0 16.6265126953125
572.0 20.29550361328125
573.0 23.0387689453125
574.0 18.10161259765625
575.0 20.541516796875
576.0 21.01928583984375
577.0 21.697805859375
578.0 24.00818984375
579.0 23.41677109375
580.0 18.606630078125
581.0 19.889612109375
582.0 17.642251953125
583.0 23.2051490234375
584.0 16.87381494140625
585.0 15.03582939453125
586.0 20.23828779296875
587.0 18.1505740234375
588.0 21.26878525390625
589.0 21.55567412109375
590.0 24.5106138671875
591.0 27.6459150390625
592.0 23.19703447265625
593.0 21.26596640625
594.0 22.65368310546875
595.0 18.43051044921875
596.0 17.15289619140625
597.0 24.2592490234375
598.0 23.360993359375
599.0 23.71250439453125
600.0 26.98039609375
601.0 15.07156318359375
602.0 29.67353818359375
603.0 20.8523587890625
604.0 21.06144853515625
605.0 25.69688955078125
606.0 16.60307802734375
607.0 14.76364775390625
608.0 11.77391259765625
609.0 18.83276494140625
610.0 21.803020703125
611.0 15.940328125
612.0 12.85953095703125
613.0 16.14235556640625
614.0 17.6559306640625
615.0 19.18926806640625
616.0 20.53685390625
617.0 19.86422373046875
618.0 20.67998193359375
619.0 18.4963123046875
620.0 19.79860947265625
621.0 17.41650966796875
622.0 14.03877578125
623.0 15.85757421875
624.0 21.6494154296875
625.0 13.572966015625
626.0 28.65135810546875
627.0 13.29228701171875
628.0 28.002101171875
629.0 20.68696669921875
630.0 24.600791015625
631.0 23.4545640625
632.0 17.8492814453125
633.0 22.41986044921875
634.0 22.48785478515625
635.0 25.6285513671875
636.0 22.97315302734375
637.0 25.44740439453125
638.0 24.8339962890625
639.0 23.91113896484375
640.0 22.86264404296875
641.0 20.28013017578125
642.0 26.6221326171875
643.0 21.06478486328125
644.0 23.20230166015625
645.0 20.99648681640625
646.0 17.32215546875
647.0 22.76694228515625
648.0 20.6106240234375
649.0 18.31208134765625
650.0 20.2257728515625
651.0 19.13229423828125
652.0 20.97500380859375
653.0 17.0259375
654.0 15.19793125
655.0 14.1004455078125
656.0 15.00161435546875
657.0 19.50154453125
658.0 20.506802734375
659.0 19.23857138671875
660.0 17.30139462890625
661.0 19.07298603515625
662.0 18.1782619140625
663.0 19.57185791015625
664.0 17.48039853515625
665.0 19.5569458984375
666.0 20.98059384765625
667.0 23.4363501953125
668.0 24.7925263671875
669.0 21.86281171875
670.0 19.787233203125
671.0 21.4075953125
672.0 16.6707134765625
673.0 21.692209765625
674.0 21.45270830078125
675.0 23.1680478515625
676.0 18.83322001953125
677.0 13.3786232421875
678.0 20.12576630859375
679.0 11.745787109375
680.0 20.5068224609375
681.0 24.29504013671875
682.0 16.61511806640625
683.0 23.444898828125
684.0 20.34364248046875
685.0 23.62706904296875
686.0 21.19400615234375
687.0 21.47932978515625
688.0 18.41337568359375
689.0 27.7265474609375
690.0 20.39185283203125
691.0 18.324783984375
692.0 16.87679130859375
693.0 17.0762873046875
694.0 25.8892748046875
695.0 20.36539013671875
696.0 23.8032955078125
697.0 23.90017353515625
698.0 18.4843572265625
699.0 20.29098310546875
700.0 15.9813521484375
701.0 14.74354326171875
702.0 16.748288671875
703.0 13.16783095703125
704.0 11.41577001953125
705.0 18.8580046875
706.0 9.96494169921875
707.0 17.50159462890625
708.0 14.911825390625
709.0 16.7182697265625
710.0 20.73482275390625
711.0 21.8521458984375
712.0 20.599362109375
713.0 18.45298701171875
714.0 17.139453125
715.0 25.6807197265625
716.0 15.31115810546875
717.0 17.189026171875
718.0 18.492828125
719.0 12.3170830078125
720.0 20.21543701171875
721.0 20.59391826171875
722.0 14.99087822265625
723.0 16.4810646484375
724.0 17.5082642578125
725.0 16.56909619140625
726.0 20.89990478515625
727.0 16.6850263671875
728.0 18.26348759765625
729.0 20.2402798828125
730.0 21.43661181640625
731.0 24.65998427734375
732.0 22.90951611328125
733.0 23.65006220703125
734.0 15.28555478515625
735.0 14.570139453125
736.0 25.22957412109375
737.0 21.716932421875
738.0 23.2000818359375
739.0 17.22694892578125
740.0 21.26984326171875
741.0 26.62197939453125
742.0 22.42612900390625
743.0 16.43616474609375
744.0 19.35085107421875
745.0 14.61368291015625
746.0 16.65648935546875
747.0 16.8857396484375
748.0 20.92997451171875
749.0 15.1552447265625
750.0 22.18880322265625
751.0 17.219725390625
752.0 20.77439736328125
753.0 24.36649765625
754.0 22.15668173828125
755.0 20.0478248046875
756.0 19.319237109375
757.0 17.63298408203125
758.0 21.05769111328125
759.0 17.84636318359375
760.0 16.2960154296875
761.0 20.77766201171875
762.0 19.8149791015625
763.0 29.71016865234375
764.0 22.09449013671875
765.0 27.12024755859375
766.0 20.929434765625
767.0 25.3183740234375
768.0 21.8377705078125
769.0 22.95415810546875
770.0 26.23842666015625
771.0 19.0697482421875
772.0 24.28595830078125
773.0 21.50395126953125
774.0 22.14337744140625
775.0 15.44821552734375
776.0 17.39356953125
777.0 23.31445439453125
778.0 20.9078484375
779.0 20.35027490234375
780.0 21.65450283203125
781.0 20.20230341796875
782.0 18.4917400390625
783.0 20.088534375
784.0 20.838234765625
785.0 20.441271484375
786.0 20.17941533203125
787.0 13.33803984375
788.0 22.18474541015625
789.0 22.15380888671875
790.0 15.75199453125
791.0 28.85169990234375
792.0 24.4960400390625
793.0 23.06811904296875
794.0 22.76544501953125
795.0 17.51601005859375
796.0 15.65880380859375
797.0 15.02509091796875
798.0 15.41537646484375
799.0 14.11631435546875
