0.0 3.65961630859375
1.0 2.5388017578125
2.0 5.20971611328125
3.0 2.8170103515625
4.0 5.60788876953125
5.0 4.54203740234375
6.0 2.3921708984375
7.0 1.0409623046875
8.0 2.96292412109375
9.0 2.635976171875
10.0 3.8753583984375
11.0 4.31473564453125
12.0 1.29307412109375
13.0 2.04271865234375
14.0 3.6440517578125
15.0 1.8882875
16.0 3.91092734375
17.0 5.17891513671875
18.0 4.4449181640625
19.0 4.756006640625
20.0 4.9629107421875
21.0 4.8751490234375
22.0 4.5031486328125
23.0 5.9016939453125
24.0 7.52215732421875
25.0 10.3128681640625
26.0 6.87803974609375
27.0 8.6579755859375
28.0 10.69982568359375
29.0 7.02488798828125
30.0 10.7753322265625
31.0 8.2372029296875
32.0 8.56174248046875
33.0 9.5852775390625
34.0 11.1397560546875
35.0 8.8375009765625
36.0 6.0808923828125
37.0 10.86484150390625
38.0 11.1668884765625
39.0 8.66985712890625
40.0 12.02086484375
41.0 10.40412197265625
42.0 8.331598828125
43.0 8.69165166015625
44.0 7.26763310546875
45.0 10.82318095703125
46.0 7.5058578125
47.0 4.523189453125
48.0 4.1297919921875
49.0 5.9645283203125
50.0 7.9308771484375
51.0 6.257548828125
52.0 4.5471720703125
53.0 4.9590283203125
54.0 8.0359310546875
55.0 6.44363740234375
56.0 4.88654248046875
57.0 6.7775681640625
58.0 5.1623501953125
59.0 5.871596875
60.0 10.9939978515625
61.0 8.64661591796875
62.0 10.43275771484375
63.0 8.50622294921875
64.0 6.76730107421875
65.0 8.2829115234375
66.0 8.12193154296875
67.0 8.33450224609375
68.0 9.054003125
69.0 8.31929072265625
70.0 1.67297744140625
71.0 5.85107587890625
72.0 8.28563408203125
73.0 6.2596048828125
74.0 9.87075830078125
75.0 5.39001845703125
76.0 6.57120859375
77.0 4.3338505859375
78.0 3.77841025390625
79.0 3.62590576171875
80.0 3.60966064453125
81.0 3.638803125
82.0 7.8625587890625
83.0 4.45778857421875
84.0 1.14070751953125
85.0 1.5649720703125
86.0 0.21833798828125
87.0 0.49025712890625
88.0 1.36466220703125
89.0 1.19850146484375
90.0 1.730842578125
91.0 2.716179296875
92.0 0.6779091796875
93.0 2.7295240234375
94.0 8.9037576171875
95.0 8.61126103515625
96.0 9.9305134765625
97.0 7.0730158203125
98.0 7.95328525390625
99.0 10.5389291015625
100.0 12.64609736328125
101.0 7.20678115234375
102.0 8.42347216796875
103.0 13.32106328125
104.0 11.6706861328125
105.0 10.97343232421875
106.0 8.878505859375
107.0 4.24944990234375
108.0 3.3118708984375
109.0 4.5264060546875
110.0 13.81819189453125
111.0 11.330586328125
112.0 8.1317228515625
113.0 11.0343232421875
114.0 9.33566025390625
115.0 10.81693623046875
116.0 3.67746552734375
117.0 5.70930908203125
118.0 10.88858642578125
119.0 3.37715517578125
120.0 5.161473828125
121.0 3.38503115234375
122.0 9.1455056640625
123.0 5.75821953125
124.0 4.3178662109375
125.0 3.6304818359375
126.0 4.15612001953125
127.0 5.16840625
128.0 3.81707744140625
129.0 2.53147998046875
130.0 4.37635615234375
131.0 4.0136974609375
132.0 4.230112890625
133.0 4.84352265625
134.0 2.74242490234375
135.0 4.87611025390625
136.0 7.22482548828125
137.0 4.36793583984375
138.0 5.55124404296875
139.0 3.7405119140625
140.0 8.52576826171875
141.0 4.93131171875
142.0 4.91662529296875
143.0 3.5909017578125
144.0 7.93976240234375
145.0 8.81519228515625
146.0 10.54215322265625
147.0 10.45162333984375
148.0 10.46898212890625
149.0 8.2261439453125
150.0 9.40919775390625
151.0 10.197026171875
152.0 6.39328798828125
153.0 7.9009220703125
154.0 10.34026083984375
155.0 9.76146201171875
156.0 9.21207822265625
157.0 6.221198046875
158.0 9.8726509765625
159.0 11.7652814453125
160.0 5.50646845703125
161.0 7.51752275390625
162.0 6.71239970703125
163.0 7.96155810546875
164.0 9.46646044921875
165.0 7.26240625
166.0 12.67224912109375
167.0 12.13715458984375
168.0 9.65063154296875
169.0 7.34764990234375
170.0 6.57686298828125
171.0 7.302607421875
172.0 6.42991845703125
173.0 5.7345021484375
174.0 5.964869140625
175.0 5.61194501953125
176.0 5.32504013671875
177.0 5.89726484375
178.0 5.8538033203125
179.0 4.65592373046875
180.0 6.3479890625
181.0 5.59919365234375
182.0 5.28633662109375
183.0 5.83905498046875
184.0 3.893625390625
185.0 4.56800546875
186.0 4.97400546875
187.0 5.5420287109375
188.0 8.03595205078125
189.0 8.95769853515625
190.0 8.689183203125
191.0 10.688084375
192.0 5.86714326171875
193.0 5.8191416015625
194.0 8.7150228515625
195.0 8.57040859375
196.0 4.680941796875
197.0 5.03340302734375
198.0 4.79494013671875
199.0 5.09145927734375
200.0 5.26167197265625
201.0 8.9076060546875
202.0 6.3804388671875
203.0 6.83431806640625
204.0 4.7214220703125
205.0 8.02714501953125
206.0 7.911438671875
207.0 6.5599109375
208.0 5.2570625
209.0 4.7132189453125
210.0 4.232454296875
211.0 4.51422197265625
212.0 4.2614119140625
213.0 4.392594140625
214.0 4.0460078125
215.0 5.2522279296875
216.0 2.4593736328125
217.0 7.3308572265625
218.0 4.55575791015625
219.0 4.0706876953125
220.0 4.113580078125
221.0 4.2230208984375
222.0 4.20255185546875
223.0 4.53120263671875
224.0 6.93190693359375
225.0 7.53808798828125
226.0 6.051355078125
227.0 7.394975
228.0 4.63128271484375
229.0 5.29440576171875
230.0 5.91357421875
231.0 5.89593603515625
232.0 4.2109810546875
233.0 6.865402734375
234.0 3.80088359375
235.0 7.2612705078125
236.0 8.11088818359375
237.0 6.97946376953125
238.0 6.3248208984375
239.0 4.94009072265625
240.0 2.660565234375
241.0 6.28209482421875
242.0 4.23784580078125
243.0 8.00900615234375
244.0 4.5994169921875
245.0 3.8016958984375
246.0 5.902005078125
247.0 4.53857001953125
248.0 5.15050546875
249.0 4.57728623046875
250.0 5.086479296875
251.0 4.6787658203125
252.0 4.6171212890625
253.0 5.2053814453125
254.0 0.838850390625
255.0 3.93709140625
256.0 4.5968966796875
257.0 4.11586689453125
258.0 4.5137708984375
259.0 4.7142845703125
260.0 4.49497978515625
261.0 4.759800390625
262.0 5.83476630859375
263.0 6.1075228515625
264.0 8.1471923828125
265.0 6.04752646484375
266.0 8.093341796875
267.0 6.5858087890625
268.0 8.09109814453125
269.0 1.92068486328125
270.0 2.03141015625
271.0 0.0
272.0 0.0
273.0 0.38070126953125
274.0 2.68589775390625
275.0 0.1661607421875
276.0 0.54032890625
277.0 0.112926953125
278.0 0.032222265625
279.0 0.0625076171875
280.0 0.10417939453125
281.0 0.07266240234375
282.0 0.1460265625
283.0 0.05200185546875
284.0 1.05181953125
285.0 1.488402734375
286.0 2.48810322265625
287.0 3.17099521484375
288.0 2.04752080078125
289.0 0.1455001953125
290.0 1.2911224609375
291.0 0.55232998046875
292.0 0.740638671875
293.0 0.696861328125
294.0 0.11415859375
295.0 0.61369326171875
296.0 0.8565076171875
297.0 0.390662109375
298.0 2.05755146484375
299.0 9.03512734375
300.0 8.79835263671875
301.0 7.71844091796875
302.0 5.43614111328125
303.0 8.71485830078125
304.0 9.566659765625
305.0 7.7142443359375
306.0 5.343717578125
307.0 2.14863603515625
308.0 3.9773798828125
309.0 7.6094337890625
310.0 5.2955794921875
311.0 5.04716748046875
312.0 2.00700234375
313.0 4.66196279296875
314.0 5.37974609375
315.0 7.3496021484375
316.0 5.18436865234375
317.0 3.8286349609375
318.0 5.97623330078125
319.0 5.20839560546875
320.0 5.51586904296875
321.0 4.2627703125
322.0 3.0589353515625
323.0 6.977823828125
324.0 6.2675595703125
325.0 6.84459638671875
326.0 10.66594423828125
327.0 9.2262140625
328.0 4.2218123046875
329.0 2.795026171875
330.0 11.63870458984375
331.0 6.8532337890625
332.0 9.774625
333.0 4.7354458984375
334.0 2.88008876953125
335.0 8.1439689453125
336.0 7.7491671875
337.0 7.334011328125
338.0 7.08279697265625
339.0 0.606276953125
340.0 0.0934982421875
341.0 0.16668701171875
342.0 8.29100302734375
343.0 7.43132919921875
344.0 3.05246337890625
345.0 1.26743828125
346.0 1.31499111328125
347.0 5.31555361328125
348.0 7.59659619140625
349.0 2.8115751953125
350.0 3.00740595703125
351.0 0.12483974609375
352.0 0.25003056640625
353.0 3.7334591796875
354.0 4.74977177734375
355.0 2.70865576171875
356.0 0.10400380859375
357.0 4.657056640625
358.0 7.78422626953125
359.0 0.0
360.0 0.0
361.0 0.08485166015625
362.0 0.40286904296875
363.0 8.58625283203125
364.0 7.90009248046875
365.0 3.405425
366.0 0.21018232421875
367.0 5.331727734375
368.0 7.6380775390625
369.0 3.48871376953125
370.0 0.0
371.0 0.0
372.0 0.0
373.0 0.0
374.0 0.0
375.0 0.0
376.0 0.0
377.0 0.0
378.0 0.0
379.0 0.0
380.0 0.0
381.0 0.0
382.0 0.0
383.0 0.0
384.0 0.0
385.0 0.0
386.0 0.0
387.0 0.0
388.0 0.0
389.0 0.0
390.0 0.0
391.0 0.0
392.0 0.0
393.0 0.0
394.0 0.0
395.0 0.0
396.0 0.0
397.0 0.0
398.0 0.0
399.0 0.0
400.0 0.0
401.0 0.0
402.0 0.0
403.0 0.0
404.0 0.0
405.0 0.0
406.0 0.0
407.0 0.0
408.0 0.0
409.0 0.0
410.0 0.0
411.0 0.0
412.0 0.0
413.0 0.0
414.0 0.0
415.0 0.0
416.0 0.0
417.0 0.0
418.0 0.0
419.0 0.0
420.0 0.0
421.0 0.0
422.0 0.0
423.0 0.0
424.0 0.0
425.0 0.0
426.0 0.0
427.0 0.0
428.0 0.0
429.0 0.0
430.0 0.0
431.0 0.0
432.0 0.0
433.0 0.0
434.0 0.0
435.0 0.0
436.0 0.0
437.0 0.93270615234375
438.0 6.90865078125
439.0 5.1269068359375
440.0 3.586812109375
441.0 0.51759404296875
442.0 0.0103302734375
443.0 0.9554453125
444.0 3.75081748046875
445.0 8.98943046875
446.0 0.57269345703125
447.0 0.07075673828125
448.0 3.8713193359375
449.0 4.56737900390625
450.0 2.73522734375
451.0 1.40773779296875
452.0 0.348570703125
453.0 3.36918857421875
454.0 3.61845908203125
455.0 7.712026953125
456.0 6.35629560546875
457.0 9.22994228515625
458.0 8.3425861328125
459.0 7.1377365234375
460.0 5.93219072265625
461.0 3.7177888671875
462.0 2.9303359375
463.0 3.32028720703125
464.0 2.298526171875
465.0 6.38716865234375
466.0 4.848789453125
467.0 4.3747861328125
468.0 4.6991189453125
469.0 3.19700126953125
470.0 4.12433447265625
471.0 4.551505078125
472.0 4.257033203125
473.0 0.87797783203125
474.0 3.2989677734375
475.0 4.62319033203125
476.0 4.1507033203125
477.0 4.54293125
478.0 4.57184853515625
479.0 3.9961509765625
480.0 3.979952734375
481.0 4.76427841796875
482.0 4.78337412109375
483.0 2.10194267578125
484.0 0.2134951171875
485.0 1.462516015625
486.0 0.66587900390625
487.0 0.14550009765625
488.0 0.5637130859375
489.0 0.521598828125
490.0 0.08299248046875
491.0 0.80164423828125
492.0 0.57562939453125
493.0 0.468894921875
494.0 0.11468505859375
495.0 0.0623322265625
496.0 0.58375546875
497.0 0.63889912109375
498.0 0.28645478515625
499.0 0.54261015625
500.0 0.6571197265625
501.0 0.82292939453125
502.0 0.73612080078125
503.0 2.60084482421875
504.0 5.32721494140625
505.0 0.4193615234375
506.0 2.01053916015625
507.0 3.18526923828125
508.0 1.6854125
509.0 5.217186328125
510.0 3.32745859375
511.0 2.80607890625
512.0 3.70835078125
513.0 4.42007666015625
514.0 3.85791591796875
515.0 4.3428232421875
516.0 1.6297732421875
517.0 0.4795708984375
518.0 0.03099052734375
519.0 5.36620458984375
520.0 7.78942998046875
521.0 9.53539775390625
522.0 9.001294140625
523.0 6.83688916015625
524.0 4.7870435546875
525.0 4.05113740234375
526.0 0.01191396484375
527.0 0.05182646484375
528.0 0.0625076171875
529.0 1.803437890625
530.0 0.454534765625
531.0 0.06233212890625
532.0 2.44987529296875
533.0 6.4063134765625
534.0 7.3565205078125
535.0 3.80965068359375
536.0 3.36776103515625
537.0 0.20441474609375
538.0 0.1329966796875
539.0 1.4737091796875
540.0 4.17655595703125
541.0 5.53059619140625
542.0 3.32135732421875
543.0 2.83854130859375
544.0 3.71517666015625
545.0 4.17757626953125
546.0 6.070674609375
547.0 2.19719990234375
548.0 7.0451982421875
549.0 9.71495322265625
550.0 6.0125232421875
551.0 10.78562060546875
552.0 10.13412568359375
553.0 8.88595205078125
554.0 6.82786611328125
555.0 5.61777236328125
556.0 9.55486572265625
557.0 6.9461025390625
558.0 0.5150365234375
559.0 6.678776171875
560.0 7.0195994140625
561.0 4.00593759765625
562.0 8.236670703125
563.0 8.6816302734375
564.0 8.952321484375
565.0 5.8432681640625
566.0 6.1885826171875
567.0 5.6497291015625
568.0 1.75720966796875
569.0 7.7020904296875
570.0 4.9978201171875
571.0 6.0262943359375
572.0 1.8130080078125
573.0 3.504479296875
574.0 1.95604091796875
575.0 2.3403619140625
576.0 3.12264638671875
577.0 1.032871875
578.0 0.0
579.0 0.0
580.0 0.0
581.0 0.0
582.0 0.0
583.0 0.0
584.0 0.0
585.0 0.0
586.0 0.0
587.0 0.0
588.0 0.0
589.0 0.0
590.0 0.0
591.0 0.0
592.0 0.0
593.0 0.0
594.0 0.0
595.0 0.0
596.0 0.0
597.0 0.0
598.0 0.0
599.0 0.0
600.0 0.0
601.0 0.0
602.0 0.0
603.0 0.0
604.0 0.0
605.0 0.0
606.0 0.0
607.0 0.0
608.0 0.0
609.0 1.93021142578125
610.0 1.73829658203125
611.0 2.0077716796875
612.0 1.97047822265625
613.0 1.74311162109375
614.0 1.12654150390625
615.0 1.2141818359375
616.0 0.75524716796875
617.0 1.324887109375
618.0 0.8718033203125
619.0 1.45298349609375
620.0 0.391082421875
621.0 0.86231044921875
622.0 0.96816025390625
623.0 0.968125
624.0 1.01539892578125
625.0 1.2920232421875
626.0 2.44510888671875
627.0 15.1393205078125
628.0 10.3190890625
629.0 26.699428515625
630.0 21.591213671875
631.0 23.5640234375
632.0 23.079165234375
633.0 25.6551953125
634.0 21.91988984375
635.0 22.60492705078125
636.0 23.3625185546875
637.0 24.14960771484375
638.0 18.3022484375
639.0 26.272178125
640.0 22.52758466796875
641.0 21.6140490234375
642.0 29.85775205078125
643.0 22.43164833984375
644.0 22.76115859375
645.0 23.7584095703125
646.0 16.37408671875
647.0 20.51626884765625
648.0 22.72257724609375
649.0 18.30824765625
650.0 24.44826923828125
651.0 18.6280267578125
652.0 21.22513076171875
653.0 25.191151953125
654.0 19.19471904296875
655.0 28.1502326171875
656.0 23.28090498046875
657.0 23.8941912109375
658.0 23.66581572265625
659.0 26.05361162109375
660.0 27.28167548828125
661.0 24.7481814453125
662.0 29.36418291015625
663.0 24.0380751953125
664.0 23.77281708984375
665.0 19.88594111328125
666.0 20.08876474609375
667.0 20.100661328125
668.0 21.5819826171875
669.0 15.174200390625
670.0 26.9515287109375
671.0 24.981997265625
672.0 20.075069921875
673.0 19.47077509765625
674.0 23.9054279296875
675.0 21.0500138671875
676.0 23.76008828125
677.0 22.84165498046875
678.0 20.49720849609375
679.0 22.50629736328125
680.0 18.7646271484375
681.0 25.40214482421875
682.0 23.78219716796875
683.0 20.6140904296875
684.0 20.116705859375
685.0 18.568998046875
686.0 21.41374736328125
687.0 21.33028818359375
688.0 22.00551904296875
689.0 21.1070625
690.0 20.77191005859375
691.0 21.36248447265625
692.0 19.45848330078125
693.0 19.84073388671875
694.0 17.19848984375
695.0 18.08102353515625
696.0 22.36347109375
697.0 20.7195658203125
698.0 18.75713193359375
699.0 22.07491826171875
700.0 18.32073173828125
701.0 21.01104267578125
702.0 22.96195634765625
703.0 6.2655841796875
704.0 25.7685078125
705.0 24.75054443359375
706.0 20.675350390625
707.0 24.6489947265625
708.0 17.5805529296875
709.0 2.89178154296875
710.0 20.8034318359375
711.0 25.60070556640625
712.0 20.2871041015625
713.0 14.48187314453125
714.0 24.78927685546875
715.0 3.45188876953125
716.0 15.13472978515625
717.0 21.1067935546875
718.0 11.6223904296875
719.0 15.46350322265625
720.0 10.49151787109375
721.0 13.5073228515625
722.0 14.48021943359375
723.0 18.8929787109375
724.0 17.759797265625
725.0 13.90202099609375
726.0 20.89952607421875
727.0 25.49347314453125
728.0 17.8594513671875
729.0 18.88857783203125
730.0 25.1363322265625
731.0 19.55831533203125
732.0 25.60811953125
733.0 17.65291025390625
734.0 26.24144375
735.0 19.56345595703125
736.0 17.21542158203125
737.0 18.29595546875
738.0 16.45324169921875
739.0 16.92448896484375
740.0 24.92377685546875
741.0 14.9352185546875
742.0 32.92720703125
743.0 26.63974384765625
744.0 26.8044642578125
745.0 20.6714998046875
746.0 26.80150556640625
747.0 23.25177451171875
748.0 21.25036376953125
749.0 19.296801953125
750.0 22.96620546875
751.0 22.443846875
752.0 22.3283423828125
753.0 22.1275388671875
754.0 24.14890615234375
755.0 24.17543515625
756.0 23.224587890625
757.0 19.5001994140625
758.0 21.8160275390625
759.0 14.94463681640625
760.0 20.495629296875
761.0 20.29949541015625
762.0 20.15379775390625
763.0 19.4677767578125
764.0 20.737641015625
765.0 20.07936005859375
766.0 19.29056015625
767.0 11.92542265625
768.0 17.87306396484375
769.0 15.2841576171875
770.0 15.35088662109375
771.0 12.91894052734375
772.0 17.3952626953125
773.0 16.2148857421875
774.0 20.6094556640625
775.0 17.2832345703125
776.0 26.73730439453125
777.0 15.3418318359375
778.0 24.24814814453125
779.0 13.64772060546875
780.0 17.93670966796875
781.0 4.3735556640625
782.0 10.56558359375
783.0 18.552544140625
784.0 21.4527890625
785.0 9.03407099609375
786.0 13.4064697265625
787.0 26.57687587890625
788.0 27.408799609375
789.0 24.89966953125
790.0 11.76654296875
791.0 23.3778814453125
792.0 22.7912828125
793.0 25.6628255859375
794.0 13.18339091796875
795.0 21.75319873046875
796.0 19.813989453125
797.0 29.56595234375
798.0 18.045740234375
799.0 24.9794140625
