0.0 3.66507890625
1.0 4.5956583984375
2.0 2.2407021484375
3.0 9.71608671875
4.0 5.83583427734375
5.0 8.2285341796875
6.0 6.4722763671875
7.0 9.95799091796875
8.0 8.72334736328125
9.0 7.43586982421875
10.0 9.52588720703125
11.0 7.7065103515625
12.0 13.195155078125
13.0 7.84792822265625
14.0 9.83493642578125
15.0 10.513865625
16.0 10.932621484375
17.0 11.84592607421875
18.0 9.26922890625
19.0 5.25776787109375
20.0 3.82701650390625
21.0 5.05169716796875
22.0 4.35609443359375
23.0 4.20704384765625
24.0 8.05625703125
25.0 10.35712861328125
26.0 6.8865484375
27.0 7.055130859375
28.0 4.78134931640625
29.0 8.17984072265625
30.0 6.117000390625
31.0 4.92336298828125
32.0 3.8701029296875
33.0 7.62951318359375
34.0 5.0023701171875
35.0 4.728871875
36.0 8.89885439453125
37.0 11.36178994140625
38.0 6.77428955078125
39.0 6.35945439453125
40.0 9.3408369140625
41.0 7.66353330078125
42.0 8.73511796875
43.0 6.75888203125
44.0 6.68267646484375
45.0 4.9391068359375
46.0 5.66795693359375
47.0 7.27451630859375
48.0 7.39909130859375
49.0 10.15206044921875
50.0 6.4700990234375
51.0 11.14926962890625
52.0 7.45161650390625
53.0 6.92195654296875
54.0 12.0160107421875
55.0 6.07739814453125
56.0 6.2916109375
57.0 6.48171875
58.0 11.65918623046875
59.0 8.7018541015625
60.0 4.52739912109375
61.0 5.856783984375
62.0 4.46992333984375
63.0 4.65982802734375
64.0 7.915941796875
65.0 6.22284306640625
66.0 7.30975712890625
67.0 3.5563375
68.0 6.5537662109375
69.0 7.41086484375
70.0 12.09732470703125
71.0 11.50794794921875
72.0 9.24124677734375
73.0 8.92913115234375
74.0 10.35289716796875
75.0 7.8199298828125
76.0 8.61609052734375
77.0 10.2806974609375
78.0 4.9581673828125
79.0 9.19705751953125
80.0 10.2595736328125
81.0 3.7821486328125
82.0 10.738396875
83.0 7.69353056640625
84.0 8.535917578125
85.0 12.52699052734375
86.0 12.6065548828125
87.0 11.4173625
88.0 11.759805078125
89.0 6.5372671875
90.0 5.0703990234375
91.0 5.437010546875
92.0 9.762456640625
93.0 11.46817001953125
94.0 6.98345791015625
95.0 15.63293681640625
96.0 7.99204013671875
97.0 8.59505537109375
98.0 8.204285546875
99.0 3.427457421875
100.0 6.8209609375
101.0 4.35743447265625
102.0 4.75914169921875
103.0 4.532808203125
104.0 5.167676953125
105.0 3.587471875
106.0 3.8320947265625
107.0 5.3282119140625
108.0 4.23988203125
109.0 3.6271255859375
110.0 5.88581787109375
111.0 4.1922193359375
112.0 4.86196328125
113.0 4.1752712890625
114.0 6.49575439453125
115.0 4.20277265625
116.0 5.86880185546875
117.0 5.65485947265625
118.0 4.8000287109375
119.0 9.98851748046875
120.0 5.88751669921875
121.0 8.41048603515625
122.0 7.8929490234375
123.0 3.74685732421875
124.0 2.67241162109375
125.0 6.23110947265625
126.0 7.6519869140625
127.0 8.90547333984375
128.0 6.329751171875
129.0 5.59426494140625
130.0 4.88597080078125
131.0 4.1624056640625
132.0 3.649390234375
133.0 3.59780595703125
134.0 4.79030908203125
135.0 3.8874744140625
136.0 4.09101484375
137.0 6.1220970703125
138.0 5.7588541015625
139.0 7.5326779296875
140.0 9.416691015625
141.0 9.60806416015625
142.0 9.19609560546875
143.0 8.7429884765625
144.0 15.13940966796875
145.0 8.3381310546875
146.0 4.07712421875
147.0 3.87152451171875
148.0 7.74039814453125
149.0 4.6557314453125
150.0 4.44467783203125
151.0 4.604612890625
152.0 3.85101259765625
153.0 4.65638076171875
154.0 6.055207421875
155.0 7.5796
156.0 6.3337044921875
157.0 4.74110302734375
158.0 4.28091376953125
159.0 4.67529072265625
160.0 8.447305078125
161.0 0.0
162.0 0.0
163.0 0.0
164.0 0.0
165.0 0.0
166.0 0.0
167.0 0.0
168.0 0.0
169.0 0.0
170.0 0.0
171.0 0.0
172.0 0.0
173.0 0.0
174.0 0.0
175.0 0.0
176.0 0.0
177.0 0.0
178.0 0.0
179.0 27.3847869140625
180.0 2.79316298828125
181.0 2.8016357421875
182.0 3.69912197265625
183.0 4.0775275390625
184.0 2.8178544921875
185.0 4.9476732421875
186.0 4.09283662109375
187.0 4.42535009765625
188.0 4.10090986328125
189.0 3.47204814453125
190.0 4.94931845703125
191.0 4.23571650390625
192.0 4.9896724609375
193.0 4.94494970703125
194.0 4.70458828125
195.0 7.63555927734375
196.0 4.0080564453125
197.0 4.32903271484375
198.0 4.0323830078125
199.0 4.4173646484375
200.0 2.81383486328125
201.0 6.00916142578125
202.0 4.34126513671875
203.0 6.00710146484375
204.0 5.85897333984375
205.0 5.5518197265625
206.0 3.94880419921875
207.0 4.7157818359375
208.0 4.94393525390625
209.0 3.52892216796875
210.0 5.42060556640625
211.0 4.72793515625
212.0 4.07822333984375
213.0 4.47312705078125
214.0 3.49345966796875
215.0 5.09590234375
216.0 3.5634103515625
217.0 4.2193734375
218.0 3.67801904296875
219.0 4.52477109375
220.0 4.71646552734375
221.0 5.06392080078125
222.0 3.94125234375
223.0 2.688042578125
224.0 4.63516064453125
225.0 4.39719111328125
226.0 4.5490369140625
227.0 4.0241826171875
228.0 8.0726525390625
229.0 10.55949580078125
230.0 9.06565009765625
231.0 7.14942822265625
232.0 4.96792216796875
233.0 5.02877470703125
234.0 3.695771875
235.0 5.60232421875
236.0 4.43544501953125
237.0 4.073722265625
238.0 4.66356611328125
239.0 3.20362509765625
240.0 4.1274572265625
241.0 3.00049541015625
242.0 5.64599609375
243.0 5.50574990234375
244.0 4.43507568359375
245.0 2.833120703125
246.0 2.31881181640625
247.0 5.8197119140625
248.0 3.60143818359375
249.0 5.9772033203125
250.0 4.43023193359375
251.0 4.44778115234375
252.0 3.622278125
253.0 4.73756728515625
254.0 6.43116484375
255.0 4.3856701171875
256.0 6.3405400390625
257.0 5.31324091796875
258.0 7.62784384765625
259.0 0.32373193359375
260.0 4.7635033203125
261.0 4.29536259765625
262.0 8.4174205078125
263.0 7.94362080078125
264.0 8.2848
265.0 7.38629384765625
266.0 7.08450732421875
267.0 7.5727203125
268.0 4.734701953125
269.0 9.18708798828125
270.0 7.09797880859375
271.0 4.68496845703125
272.0 6.41527001953125
273.0 8.81368505859375
274.0 8.9130509765625
275.0 6.97531875
276.0 5.75756416015625
277.0 4.348639453125
278.0 3.7694171875
279.0 3.8104884765625
280.0 4.5437376953125
281.0 4.033555859375
282.0 5.6018328125
283.0 4.16372548828125
284.0 3.81595986328125
285.0 4.0411060546875
286.0 3.7953146484375
287.0 4.24933505859375
288.0 4.27811103515625
289.0 4.0551748046875
290.0 3.81004541015625
291.0 4.072308203125
292.0 4.26227509765625
293.0 4.3569763671875
294.0 4.62544521484375
295.0 3.85855185546875
296.0 4.36515546875
297.0 4.23632451171875
298.0 2.87022958984375
299.0 5.322015625
300.0 4.44885771484375
301.0 4.29028935546875
302.0 3.825496484375
303.0 3.15531767578125
304.0 5.04642431640625
305.0 4.38421142578125
306.0 3.9470029296875
307.0 4.50233837890625
308.0 4.2993322265625
309.0 3.77224951171875
310.0 3.88839638671875
311.0 4.4377390625
312.0 4.42543857421875
313.0 4.06341533203125
314.0 3.22026845703125
315.0 5.47758916015625
316.0 4.55001298828125
317.0 4.0964884765625
318.0 3.8433455078125
319.0 3.8815482421875
320.0 3.9872546875
321.0 4.0325154296875
322.0 3.7125435546875
323.0 3.43266337890625
324.0 4.23768564453125
325.0 4.042550390625
326.0 2.97195400390625
327.0 4.33140546875
328.0 5.6901146484375
329.0 3.77937763671875
330.0 3.80183447265625
331.0 4.25980283203125
332.0 1.8278552734375
333.0 2.6979501953125
334.0 2.8985134765625
335.0 0.63697421875
336.0 0.03116611328125
337.0 0.70484130859375
338.0 1.20119775390625
339.0 0.91029091796875
340.0 0.72442255859375
341.0 0.08747490234375
342.0 0.08281708984375
343.0 0.0828169921875
344.0 0.09332275390625
345.0 0.14443388671875
346.0 0.04203623046875
347.0 0.12435927734375
348.0 0.020965625
349.0 0.062156640625
350.0 0.1202890625
351.0 0.0971716796875
352.0 0.101472265625
353.0 0.0750771484375
354.0 0.05194306640625
355.0 0.12483974609375
356.0 0.01033017578125
357.0 0.01033017578125
358.0 0.05217744140625
359.0 0.030990625
360.0 0.030990625
361.0 0.08281708984375
362.0 0.0833435546875
363.0 0.0414962890625
364.0 0.2281416015625
365.0 0.14514921875
366.0 0.20130625
367.0 0.1514998046875
368.0 0.0934982421875
369.0 0.1352287109375
370.0 0.0726037109375
371.0 0.18682099609375
372.0 0.218864453125
373.0 0.07248681640625
374.0 0.06198115234375
375.0 0.22954560546875
376.0 0.35438525390625
377.0 0.7226251953125
378.0 0.3601384765625
379.0 0.197853125
380.0 0.385726953125
381.0 3.148985546875
382.0 5.0305701171875
383.0 5.41357744140625
384.0 3.91217666015625
385.0 3.83117978515625
386.0 4.02076982421875
387.0 4.09967265625
388.0 3.00069423828125
389.0 4.179083984375
390.0 3.4909177734375
391.0 3.00684560546875
392.0 3.63563408203125
393.0 3.694890234375
394.0 2.7424375
395.0 4.976926171875
396.0 4.15505244140625
397.0 4.2339853515625
398.0 6.19863671875
399.0 5.1171939453125
400.0 7.0943484375
401.0 4.44861533203125
402.0 2.17496943359375
403.0 1.9308767578125
404.0 3.7662833984375
405.0 2.91809599609375
406.0 3.92684208984375
407.0 4.118461328125
408.0 4.558569921875
409.0 3.35470712890625
410.0 3.67077646484375
411.0 4.393505859375
412.0 4.181390625
413.0 3.84468720703125
414.0 5.11154482421875
415.0 3.7209408203125
416.0 1.22752939453125
417.0 0.8141947265625
418.0 2.0413455078125
419.0 3.76330830078125
420.0 2.8935337890625
421.0 5.56016240234375
422.0 4.4471287109375
423.0 3.9407916015625
424.0 4.1032578125
425.0 4.06144296875
426.0 3.22462119140625
427.0 2.6494291015625
428.0 3.676869921875
429.0 3.26141884765625
430.0 3.50555068359375
431.0 2.74662880859375
432.0 2.90921845703125
433.0 2.6451314453125
434.0 3.490360546875
435.0 3.57234775390625
436.0 4.01362001953125
437.0 4.102389453125
438.0 3.90240615234375
439.0 4.5826921875
440.0 2.55254541015625
441.0 3.937058984375
442.0 2.45828095703125
443.0 5.28160029296875
444.0 4.175837109375
445.0 4.2145794921875
446.0 4.63895634765625
447.0 4.127545703125
448.0 3.74826748046875
449.0 4.121890234375
450.0 1.27774921875
451.0 2.5673951171875
452.0 0.41213544921875
453.0 0.20853408203125
454.0 0.2277908203125
455.0 0.07266220703125
456.0 0.1975021484375
457.0 0.44642392578125
458.0 4.36949853515625
459.0 4.15009921875
460.0 4.00897861328125
461.0 4.01557333984375
462.0 3.7312228515625
463.0 2.29370029296875
464.0 0.1720259765625
465.0 0.0
466.0 0.0
467.0 0.0
468.0 0.0
469.0 0.0
470.0 0.0
471.0 0.0
472.0 0.0
473.0 0.0
474.0 0.0
475.0 0.0
476.0 0.0
477.0 0.0
478.0 0.0
479.0 0.0
480.0 0.0
481.0 0.0
482.0 0.0
483.0 0.0
484.0 0.0
485.0 0.0
486.0 0.0
487.0 0.0
488.0 0.0
489.0 0.0
490.0 0.0
491.0 0.0
492.0 0.0
493.0 0.0
494.0 0.0
495.0 0.0
496.0 0.0
497.0 0.96702568359375
498.0 0.64514189453125
499.0 0.60448427734375
500.0 0.489730859375
501.0 0.53653486328125
502.0 0.699848828125
503.0 0.47180732421875
504.0 0.6754107421875
505.0 0.6671275390625
506.0 0.5312869140625
507.0 0.726239453125
508.0 0.367030078125
509.0 0.42704775390625
510.0 0.57897744140625
511.0 0.47209375
512.0 0.55223857421875
513.0 0.60093662109375
514.0 0.6058552734375
515.0 0.45920078125
516.0 0.8122482421875
517.0 1.0644759765625
518.0 0.58322900390625
519.0 1.25872802734375
520.0 0.63558212890625
521.0 1.18501025390625
522.0 0.59654482421875
523.0 0.51074228515625
524.0 0.583053515625
525.0 0.8186349609375
526.0 1.437423046875
527.0 0.60808525390625
528.0 3.41381083984375
529.0 6.7668951171875
530.0 11.802791796875
531.0 0.42907763671875
532.0 1.283675390625
533.0 3.3342669921875
534.0 2.7539109375
535.0 5.28087197265625
536.0 2.7733427734375
537.0 2.50414853515625
538.0 1.586125
539.0 3.37972880859375
540.0 14.09862958984375
541.0 8.7236333984375
542.0 1.660755078125
543.0 8.29163095703125
544.0 5.6510296875
545.0 4.0916486328125
546.0 5.9480515625
547.0 5.07276923828125
548.0 4.17226435546875
549.0 4.0609130859375
550.0 3.48468017578125
551.0 1.50211337890625
552.0 0.4694212890625
553.0 0.38537607421875
554.0 0.4590912109375
555.0 0.458740234375
556.0 0.43755341796875
557.0 0.16703798828125
558.0 0.62595361328125
559.0 1.54360966796875
560.0 0.208534375
561.0 0.99066923828125
562.0 2.28685390625
563.0 0.4981572265625
564.0 0.74715537109375
565.0 0.71188251953125
566.0 0.70947275390625
567.0 1.2510298828125
568.0 1.05144287109375
569.0 1.11545341796875
570.0 0.791026171875
571.0 0.35550830078125
572.0 2.5854033203125
573.0 5.70364765625
574.0 2.43216708984375
575.0 6.83384326171875
576.0 0.5422591796875
577.0 0.2293701171875
578.0 1.4371337890625
579.0 1.4385681640625
580.0 0.9078521484375
581.0 0.954275390625
582.0 3.05112626953125
583.0 7.0518265625
584.0 4.923759375
585.0 2.60490283203125
586.0 3.2885146484375
587.0 2.148551953125
588.0 1.64664814453125
589.0 2.0837486328125
590.0 2.09967880859375
591.0 2.24305966796875
592.0 0.6599708984375
593.0 2.56224287109375
594.0 0.1355208984375
595.0 0.1982041015625
596.0 0.21107734375
597.0 0.01811728515625
598.0 0.0
599.0 0.0
600.0 0.0
601.0 0.0
602.0 0.52768486328125
603.0 1.18487001953125
604.0 0.031166015625
605.0 0.02083583984375
606.0 0.0
607.0 0.0
608.0 0.01033017578125
609.0 0.031166015625
610.0 0.16633603515625
611.0 0.0726623046875
612.0 0.229019140625
613.0 4.34282509765625
614.0 0.0470751953125
615.0 0.0
616.0 0.0
617.0 0.0
618.0 0.0
619.0 0.0
620.0 0.0
621.0 0.0
622.0 0.0
623.0 0.0
624.0 0.0
625.0 0.0
626.0 0.0
627.0 0.0
628.0 0.0
629.0 0.0
630.0 0.0
631.0 0.0
632.0 0.0
633.0 0.0
634.0 0.0
635.0 0.0
636.0 0.0
637.0 0.0
638.0 0.0
639.0 0.0
640.0 0.0
641.0 0.0
642.0 0.0
643.0 0.0
644.0 0.0
645.0 0.0
646.0 0.0
647.0 0.0
648.0 0.0
649.0 0.0
650.0 0.0
651.0 0.0
652.0 0.0
653.0 0.0
654.0 0.0
655.0 0.0
656.0 0.0
657.0 0.0
658.0 0.0
659.0 0.0
660.0 0.0
661.0 0.0
662.0 0.0
663.0 0.0
664.0 0.0
665.0 0.0
666.0 0.0
667.0 0.0
668.0 0.0
669.0 0.0
670.0 0.0
671.0 0.0
672.0 3.42567431640625
673.0 27.48761865234375
674.0 18.3372552734375
675.0 7.80916708984375
676.0 19.05807509765625
677.0 11.4188080078125
678.0 21.57911552734375
679.0 6.95341044921875
680.0 13.73452568359375
681.0 11.27960205078125
682.0 16.3854634765625
683.0 24.22923623046875
684.0 18.9662806640625
685.0 9.14998857421875
686.0 6.7247427734375
687.0 13.7405904296875
688.0 6.4221369140625
689.0 12.64619443359375
690.0 16.11773046875
691.0 9.81442890625
692.0 15.4388123046875
693.0 10.7542267578125
694.0 11.3817361328125
695.0 16.74246552734375
696.0 7.32155322265625
697.0 18.17702890625
698.0 25.180216796875
699.0 20.90203935546875
700.0 4.7145107421875
701.0 1.03656416015625
702.0 8.64966572265625
703.0 5.9094779296875
704.0 1.4391767578125
705.0 9.50557880859375
706.0 0.67725380859375
707.0 0.81435390625
708.0 0.1668625
709.0 0.56256865234375
710.0 0.34405517578125
711.0 1.49615205078125
712.0 3.54176630859375
713.0 19.44984814453125
714.0 20.024935546875
715.0 22.86550400390625
716.0 13.93649765625
717.0 19.5033888671875
718.0 23.29315322265625
719.0 5.050619140625
720.0 6.91436826171875
721.0 0.3023833984375
722.0 0.3753966796875
723.0 1.44048310546875
724.0 1.277194921875
725.0 0.2249185546875
726.0 0.27086640625
727.0 0.125015234375
728.0 0.176841796875
729.0 0.09349814453125
730.0 0.13455205078125
731.0 0.22919462890625
732.0 0.1665115234375
733.0 0.2083587890625
734.0 0.13552099609375
735.0 0.24985498046875
736.0 1.73061806640625
737.0 1.5514130859375
738.0 1.20154287109375
739.0 1.3074298828125
740.0 0.933918359375
741.0 0.40638740234375
742.0 0.510566796875
743.0 0.3545609375
744.0 0.0625076171875
745.0 0.0
746.0 0.0
747.0 0.1043548828125
748.0 0.0625076171875
749.0 0.07301337890625
750.0 0.10417939453125
751.0 0.0625076171875
752.0 0.0
753.0 0.0
754.0 0.0
755.0 0.0
756.0 0.0
757.0 0.0
758.0 0.0
759.0 0.0
760.0 0.0
761.0 0.0
762.0 0.0
763.0 0.0
764.0 0.0
765.0 0.0
766.0 0.0
767.0 0.0
768.0 0.0
769.0 0.0
770.0 0.0
771.0 0.0
772.0 0.0
773.0 0.0
774.0 0.0
775.0 0.0
776.0 0.0
777.0 0.0
778.0 0.0
779.0 0.0
780.0 0.0
781.0 0.0
782.0 0.0
783.0 0.0
784.0 0.0
785.0 0.0
786.0 0.0
787.0 0.0
788.0 0.0
789.0 0.0
790.0 0.0
791.0 0.0
792.0 0.0
793.0 0.0
794.0 0.0
795.0 0.0
796.0 0.0
797.0 0.0
798.0 0.0
799.0 0.0
