0.0 1.72556875
1.0 1.72702998046875
2.0 2.2429455078125
3.0 0.6901177734375
4.0 1.588418359375
5.0 0.8526916015625
6.0 0.81435390625
7.0 1.620212109375
8.0 1.068969140625
9.0 0.24657158203125
10.0 0.04167177734375
11.0 0.11468505859375
12.0 0.01033017578125
13.0 0.0206603515625
14.0 0.17666630859375
15.0 0.03116611328125
16.0 0.0
17.0 0.0
18.0 0.0
19.0 0.0
20.0 0.0
21.0 0.0
22.0 0.0
23.0 0.0
24.0 0.0
25.0 0.0
26.0 0.0
27.0 0.0
28.0 0.0
29.0 0.0
30.0 0.0
31.0 0.0
32.0 0.0
33.0 0.0
34.0 0.0
35.0 0.0
36.0 0.0
37.0 0.0
38.0 0.0
39.0 0.0
40.0 0.0
41.0 0.0
42.0 0.0
43.0 0.0
44.0 0.0
45.0 0.0
46.0 0.0
47.0 0.0
48.0 0.0
49.0 0.0
50.0 0.0
51.0 0.0
52.0 0.0
53.0 0.0
54.0 0.44047841796875
55.0 0.0
56.0 0.0
57.0 0.56198779296875
58.0 1.0411462890625
59.0 0.9894408203125
60.0 0.8727498046875
61.0 0.30403857421875
62.0 0.437026953125
63.0 1.12373359375
64.0 0.41531357421875
65.0 0.642397265625
66.0 1.23660791015625
67.0 3.647371875
68.0 3.001136328125
69.0 0.9179080078125
70.0 0.06290986328125
71.0 0.0625076171875
72.0 0.71245283203125
73.0 1.6404220703125
74.0 1.61469267578125
75.0 5.1122326171875
76.0 3.30462275390625
77.0 3.82802099609375
78.0 2.50376533203125
79.0 4.50427138671875
80.0 0.253830859375
81.0 0.0206603515625
82.0 0.82421943359375
83.0 4.37472060546875
84.0 2.10760888671875
85.0 0.4667892578125
86.0 4.29645224609375
87.0 2.9364685546875
88.0 4.82973701171875
89.0 4.66315625
90.0 1.5276775390625
91.0 1.46001171875
92.0 3.54956025390625
93.0 2.59993271484375
94.0 2.0557669921875
95.0 1.6921919921875
96.0 2.634558984375
97.0 2.97723798828125
98.0 2.5726048828125
99.0 2.6923322265625
100.0 0.5195662109375
101.0 2.59268447265625
102.0 2.010721484375
103.0 1.93169970703125
104.0 1.51279140625
105.0 1.21217802734375
106.0 1.924441015625
107.0 1.85087724609375
108.0 1.12236357421875
109.0 1.23571669921875
110.0 1.5826619140625
111.0 1.84229892578125
112.0 1.60496357421875
113.0 0.4132279296875
114.0 1.94641376953125
115.0 2.50328232421875
116.0 2.1823947265625
117.0 2.48430322265625
118.0 6.75423486328125
119.0 3.49942412109375
120.0 1.02651337890625
121.0 4.4856240234375
122.0 10.3260294921875
123.0 11.85021591796875
124.0 9.83403740234375
125.0 6.24289482421875
126.0 7.58981142578125
127.0 6.23931865234375
128.0 7.840017578125
129.0 8.3984083984375
130.0 6.46885146484375
131.0 6.1868119140625
132.0 6.1692451171875
133.0 8.7936123046875
134.0 6.12970166015625
135.0 2.62409970703125
136.0 8.84582666015625
137.0 7.76173134765625
138.0 4.1296986328125
139.0 2.5185375
140.0 5.39732529296875
141.0 7.983530078125
142.0 6.22147255859375
143.0 8.46984248046875
144.0 4.942507421875
145.0 2.8424234375
146.0 6.95882509765625
147.0 2.84701552734375
148.0 1.43014189453125
149.0 0.54979814453125
150.0 0.02292509765625
151.0 0.21868896484375
152.0 1.05107119140625
153.0 0.0
154.0 0.0
155.0 0.0
156.0 0.0
157.0 0.0
158.0 0.0
159.0 0.0
160.0 0.0
161.0 0.0
162.0 0.0
163.0 0.0
164.0 0.0
165.0 0.0
166.0 0.0
167.0 0.0
168.0 0.0
169.0 0.0
170.0 0.0
171.0 0.0
172.0 0.0
173.0 0.0
174.0 0.0
175.0 0.0
176.0 0.0
177.0 0.0
178.0 0.0
179.0 0.0
180.0 0.0
181.0 0.0
182.0 0.0
183.0 0.0
184.0 0.0
185.0 0.0
186.0 0.0
187.0 0.0
188.0 0.0
189.0 0.0
190.0 0.0
191.0 0.0
192.0 0.0
193.0 0.0
194.0 0.7287087890625
195.0 0.8224310546875
196.0 0.29257197265625
197.0 0.39605712890625
198.0 0.64353994140625
199.0 0.69870703125
200.0 0.0
201.0 0.0
202.0 0.01033017578125
203.0 2.14344267578125
204.0 1.47971865234375
205.0 0.94808193359375
206.0 0.54779814453125
207.0 2.38579541015625
208.0 0.5405140625
209.0 0.52106279296875
210.0 0.343704296875
211.0 0.8628115234375
212.0 1.62969853515625
213.0 0.806730078125
214.0 0.979979296875
215.0 1.60236943359375
216.0 1.23696162109375
217.0 0.50454970703125
218.0 2.16956337890625
219.0 1.16691083984375
220.0 1.19027109375
221.0 0.716174609375
222.0 0.32286845703125
223.0 0.10978857421875
224.0 0.5925548828125
225.0 0.86523759765625
226.0 0.43632509765625
227.0 0.72718583984375
228.0 0.31355498046875
229.0 0.36665791015625
230.0 0.66571953125
231.0 0.8744625
232.0 2.04408525390625
233.0 2.8564451171875
234.0 2.10369384765625
235.0 4.8134791015625
236.0 1.43637900390625
237.0 1.390416015625
238.0 2.58577060546875
239.0 2.22962998046875
240.0 1.2942259765625
241.0 2.23055986328125
242.0 1.46884560546875
243.0 2.50690205078125
244.0 2.5954775390625
245.0 2.28438525390625
246.0 2.40876181640625
247.0 2.09371650390625
248.0 1.81987958984375
249.0 1.8749642578125
250.0 2.11419736328125
251.0 1.476669921875
252.0 2.08392314453125
253.0 0.740394140625
254.0 2.0164375
255.0 1.741190625
256.0 2.22471376953125
257.0 1.92137578125
258.0 2.88803828125
259.0 0.0
260.0 0.0
261.0 1.559007421875
262.0 1.955214453125
263.0 1.8376044921875
264.0 2.95060380859375
265.0 2.86031533203125
266.0 1.77331416015625
267.0 1.8728990234375
268.0 1.719915625
269.0 1.76859287109375
270.0 2.83955126953125
271.0 0.9298123046875
272.0 2.01423251953125
273.0 1.867790625
274.0 2.9305890625
275.0 2.7611888671875
276.0 1.3607583984375
277.0 2.659633203125
278.0 2.7898486328125
279.0 2.55752451171875
280.0 3.04167177734375
281.0 2.06718759765625
282.0 3.5319748046875
283.0 3.321004296875
284.0 4.83655791015625
285.0 1.39825947265625
286.0 3.3789267578125
287.0 0.3790537109375
288.0 4.015830859375
289.0 1.95616923828125
290.0 5.13121796875
291.0 0.82275390625
292.0 0.6965103515625
293.0 0.56186669921875
294.0 0.03099052734375
295.0 0.75755068359375
296.0 1.01359033203125
297.0 0.0
298.0 0.0
299.0 0.0
300.0 0.0
301.0 0.0
302.0 0.0
303.0 0.0
304.0 0.0
305.0 0.0
306.0 0.0
307.0 0.0
308.0 0.0
309.0 0.0
310.0 0.0
311.0 0.0
312.0 0.0
313.0 3.48571611328125
314.0 1.22002666015625
315.0 1.16296953125
316.0 1.02264384765625
317.0 1.56020732421875
318.0 1.61300380859375
319.0 1.5565412109375
320.0 1.6926423828125
321.0 1.54663095703125
322.0 0.568305859375
323.0 11.719609765625
324.0 1.2821212890625
325.0 1.990081640625
326.0 1.7270166015625
327.0 1.9286326171875
328.0 2.599034375
329.0 2.3725306640625
330.0 2.4158181640625
331.0 2.20067412109375
332.0 2.20282861328125
333.0 2.0317525390625
334.0 1.748901171875
335.0 2.9268966796875
336.0 2.25073271484375
337.0 1.8809861328125
338.0 1.8752376953125
339.0 2.0072775390625
340.0 0.10756015625
341.0 2.15508466796875
342.0 1.3458197265625
343.0 1.6967775390625
344.0 2.385509375
345.0 2.228281640625
346.0 2.34421298828125
347.0 2.19752421875
348.0 1.71137744140625
349.0 2.37859189453125
350.0 2.0582578125
351.0 2.436432421875
352.0 2.83124365234375
353.0 2.1151529296875
354.0 2.376679296875
355.0 2.811604296875
356.0 2.17658857421875
357.0 2.95160673828125
358.0 2.5415794921875
359.0 2.62064658203125
360.0 2.4493125
361.0 2.61215810546875
362.0 2.6018923828125
363.0 2.390312109375
364.0 1.16362236328125
365.0 1.888403515625
366.0 1.1280216796875
367.0 1.5476251953125
368.0 1.41200615234375
369.0 1.3542212890625
370.0 1.93115556640625
371.0 2.31430029296875
372.0 1.97473037109375
373.0 0.76345986328125
374.0 0.4866109375
375.0 2.425826171875
376.0 2.281348046875
377.0 2.1353876953125
378.0 1.8944005859375
379.0 1.78918095703125
380.0 2.019659375
381.0 2.26885205078125
382.0 2.36026533203125
383.0 1.6926376953125
384.0 0.693117578125
385.0 1.20236015625
386.0 2.0064162109375
387.0 2.3680376953125
388.0 0.71782890625
389.0 0.9019349609375
390.0 0.91427294921875
391.0 1.96479453125
392.0 2.0408712890625
393.0 2.1505576171875
394.0 1.70795
395.0 1.96490244140625
396.0 2.0706681640625
397.0 1.92623251953125
398.0 1.24022314453125
399.0 0.155830859375
400.0 0.57350029296875
401.0 1.71578232421875
402.0 1.567581640625
403.0 1.4695861328125
404.0 1.544743359375
405.0 1.618693359375
406.0 1.57621923828125
407.0 1.60743544921875
408.0 1.5806126953125
409.0 1.84898349609375
410.0 1.60356650390625
411.0 2.39777236328125
412.0 2.436757421875
413.0 2.635024609375
414.0 2.29949443359375
415.0 2.1965728515625
416.0 1.92700703125
417.0 1.50099345703125
418.0 1.1952359375
419.0 1.38004208984375
420.0 1.34125146484375
421.0 1.02122783203125
422.0 1.0138359375
423.0 1.13291259765625
424.0 2.1628583984375
425.0 1.137851171875
426.0 1.56758115234375
427.0 1.9078
428.0 2.03341865234375
429.0 2.80047763671875
430.0 2.75227158203125
431.0 2.94646435546875
432.0 3.02657900390625
433.0 2.09284951171875
434.0 3.05148583984375
435.0 2.9318025390625
436.0 3.43233193359375
437.0 2.67476572265625
438.0 3.44319384765625
439.0 3.55816796875
440.0 3.00666328125
441.0 2.29612978515625
442.0 2.40989677734375
443.0 1.50707431640625
444.0 1.7181384765625
445.0 1.90594814453125
446.0 2.558715234375
447.0 2.45031181640625
448.0 2.08644677734375
449.0 2.78628837890625
450.0 1.94868388671875
451.0 3.22901201171875
452.0 2.59661357421875
453.0 0.0
454.0 0.0
455.0 0.0
456.0 0.0
457.0 0.0
458.0 0.0
459.0 0.0
460.0 0.95329970703125
461.0 0.6133625
462.0 1.05809541015625
463.0 0.39798642578125
464.0 0.82514072265625
465.0 1.4131943359375
466.0 1.1063548828125
467.0 0.270985546875
468.0 0.17781181640625
469.0 1.40995
470.0 1.49677880859375
471.0 1.26206416015625
472.0 1.47378466796875
473.0 2.306765625
474.0 3.40870869140625
475.0 2.93522412109375
476.0 0.65005244140625
477.0 1.648066796875
478.0 1.6966453125
479.0 3.3651748046875
480.0 3.2006828125
481.0 3.3050837890625
482.0 3.19522041015625
483.0 1.97502802734375
484.0 0.0
485.0 0.0
486.0 0.0
487.0 0.0
488.0 0.0
489.0 0.0
490.0 0.0
491.0 0.0
492.0 0.0
493.0 0.86394453125
494.0 0.0555265625
495.0 0.48836064453125
496.0 0.676025390625
497.0 0.20870966796875
498.0 1.34207138671875
499.0 1.6679017578125
500.0 1.6066419921875
501.0 0.4437396484375
502.0 0.0
503.0 0.0
504.0 1.5490041015625
505.0 2.2351259765625
506.0 1.42540576171875
507.0 0.0413208984375
508.0 0.0516509765625
509.0 0.38760546875
510.0 2.8204859375
511.0 2.7948228515625
512.0 1.5596078125
513.0 2.0689326171875
514.0 2.140730859375
515.0 0.0
516.0 0.0
517.0 0.0
518.0 0.0
519.0 0.0
520.0 0.0
521.0 0.0
522.0 1.06233115234375
523.0 3.17699150390625
524.0 2.1695716796875
525.0 0.0
526.0 0.0
527.0 0.0
528.0 0.0
529.0 0.0
530.0 0.0
531.0 0.0
532.0 0.0
533.0 0.0
534.0 0.0
535.0 0.94346630859375
536.0 3.41670107421875
537.0 3.63859736328125
538.0 3.21339150390625
539.0 2.25843876953125
540.0 0.02274970703125
541.0 2.5246611328125
542.0 1.12242314453125
543.0 0.11859404296875
544.0 0.06215673828125
545.0 0.2058994140625
546.0 0.347021875
547.0 0.590770703125
548.0 1.9204935546875
549.0 2.93278115234375
550.0 3.58899501953125
551.0 4.37946025390625
552.0 3.44276376953125
553.0 3.93218447265625
554.0 4.394333203125
555.0 2.40807841796875
556.0 0.065565234375
557.0 0.0342908203125
558.0 0.67926337890625
559.0 2.05933828125
560.0 0.2705154296875
561.0 0.681000390625
562.0 2.3778375
563.0 1.83693525390625
564.0 2.53273154296875
565.0 4.05637939453125
566.0 4.4463857421875
567.0 3.52612919921875
568.0 0.1907029296875
569.0 0.3862533203125
570.0 0.0
571.0 0.0
572.0 0.0
573.0 0.0
574.0 0.0
575.0 1.931508984375
576.0 2.555822265625
577.0 1.60007158203125
578.0 2.8202232421875
579.0 0.85384365234375
580.0 1.20482060546875
581.0 0.0
582.0 0.0
583.0 1.1000900390625
584.0 4.26403974609375
585.0 2.0235638671875
586.0 1.61107822265625
587.0 2.63948798828125
588.0 2.280365234375
589.0 0.470797265625
590.0 2.3043876953125
591.0 3.081464453125
592.0 3.129025
593.0 2.39578740234375
594.0 0.53659130859375
595.0 2.6316482421875
596.0 1.4630171875
597.0 0.30185712890625
598.0 0.48990625
599.0 0.46801767578125
600.0 0.93691259765625
601.0 0.12501533203125
602.0 0.0623322265625
603.0 0.0103302734375
604.0 0.13381669921875
605.0 0.12912548828125
606.0 0.01702626953125
607.0 0.01033017578125
608.0 0.0103302734375
609.0 0.0
610.0 0.0
611.0 0.0
612.0 0.0
613.0 0.0
614.0 0.0
615.0 0.0
616.0 0.0
617.0 0.0
618.0 0.0
619.0 0.0
620.0 0.0
621.0 0.0
622.0 0.0
623.0 0.0
624.0 0.0
625.0 0.0
626.0 1.47414189453125
627.0 1.50323974609375
628.0 0.90784921875
629.0 0.13534541015625
630.0 2.01280087890625
631.0 1.69563349609375
632.0 1.77409677734375
633.0 1.62690126953125
634.0 1.8652234375
635.0 1.65003251953125
636.0 0.71115830078125
637.0 2.2549873046875
638.0 2.03482548828125
639.0 2.0873693359375
640.0 2.1927234375
641.0 2.223184765625
642.0 2.0188625
643.0 1.68450029296875
644.0 2.491778125
645.0 2.10027548828125
646.0 1.8927578125
647.0 1.5733712890625
648.0 1.95930693359375
649.0 1.469401171875
650.0 1.40010654296875
651.0 1.040844921875
652.0 1.305216015625
653.0 1.48918193359375
654.0 1.8188482421875
655.0 1.040395703125
656.0 1.61459970703125
657.0 1.23994638671875
658.0 1.28710537109375
659.0 1.8310578125
660.0 2.42369794921875
661.0 1.48834267578125
662.0 1.5292453125
663.0 1.65823662109375
664.0 1.7686021484375
665.0 1.6022333984375
666.0 2.1836546875
667.0 1.80232783203125
668.0 1.926784375
669.0 1.50937177734375
670.0 1.7192421875
671.0 2.6089205078125
672.0 2.4160498046875
673.0 1.6364169921875
674.0 2.13576591796875
675.0 2.47903125
676.0 2.3281474609375
677.0 1.9582048828125
678.0 1.8279251953125
679.0 2.6141373046875
680.0 2.6097849609375
681.0 1.548280078125
682.0 4.21997939453125
683.0 2.9743369140625
684.0 2.89702666015625
685.0 2.88409150390625
686.0 2.67316806640625
687.0 2.58787109375
688.0 1.55282001953125
689.0 2.86107822265625
690.0 2.16088251953125
691.0 2.66667529296875
692.0 2.2931734375
693.0 2.409016015625
694.0 2.12033349609375
695.0 2.41934716796875
696.0 2.846430859375
697.0 2.49814365234375
698.0 2.03188134765625
699.0 2.10430380859375
700.0 1.57023984375
701.0 2.605936328125
702.0 1.834310546875
703.0 1.6822009765625
704.0 0.97753623046875
705.0 1.070225390625
706.0 1.54920205078125
707.0 0.7797859375
708.0 0.76484501953125
709.0 0.57950654296875
710.0 0.44313740234375
711.0 0.58116748046875
712.0 0.26004296875
713.0 0.71714521484375
714.0 0.57192724609375
715.0 0.683105078125
716.0 0.53728974609375
717.0 0.0167396484375
718.0 0.394126953125
719.0 0.84271240234375
720.0 0.7578916015625
721.0 0.590019140625
722.0 0.844155078125
723.0 0.73786015625
724.0 0.74799033203125
725.0 0.5116513671875
726.0 0.1668625
727.0 0.839998828125
728.0 0.64079345703125
729.0 0.6521087890625
730.0 0.65097900390625
731.0 0.62895224609375
732.0 1.56176689453125
733.0 2.09696826171875
734.0 1.371298828125
735.0 1.69475810546875
736.0 1.8710427734375
737.0 2.214194140625
738.0 2.2473775390625
739.0 1.9500462890625
740.0 1.9751994140625
741.0 1.447444921875
742.0 2.02670576171875
743.0 2.664955078125
744.0 2.225674609375
745.0 2.95845263671875
746.0 2.59103544921875
747.0 2.5082892578125
748.0 2.46665283203125
749.0 1.902137890625
750.0 1.71018017578125
751.0 1.99816875
752.0 1.7704380859375
753.0 2.2947095703125
754.0 2.0139048828125
755.0 2.3783216796875
756.0 1.72692041015625
757.0 2.42923310546875
758.0 2.245099609375
759.0 2.3782533203125
760.0 2.630988671875
761.0 2.64025234375
762.0 2.8753365234375
763.0 2.4145240234375
764.0 2.640509375
765.0 2.5197869140625
766.0 1.79434599609375
767.0 1.79844375
768.0 2.2252703125
769.0 1.9032861328125
770.0 3.1137107421875
771.0 2.34296611328125
772.0 2.80384853515625
773.0 2.82671884765625
774.0 2.633257421875
775.0 2.32689482421875
776.0 2.46781298828125
777.0 3.08644892578125
778.0 2.5000662109375
779.0 2.18538349609375
780.0 2.5787984375
781.0 2.11760126953125
782.0 2.4405681640625
783.0 2.38418388671875
784.0 2.3444576171875
785.0 2.11920830078125
786.0 2.138032421875
787.0 1.806515234375
788.0 2.5602884765625
789.0 0.9795169921875
790.0 2.714472265625
791.0 2.90739423828125
792.0 2.92009755859375
793.0 3.2336359375
794.0 2.51540390625
795.0 2.67277373046875
796.0 2.6354994140625
797.0 3.1516966796875
798.0 2.87064482421875
799.0 2.67361904296875
