0.0 9.984587109375
1.0 15.9686345703125
2.0 18.77573095703125
3.0 17.3196607421875
4.0 21.24111728515625
5.0 27.4686236328125
6.0 14.97654658203125
7.0 14.786289453125
8.0 17.52048427734375
9.0 14.23663076171875
10.0 13.94085048828125
11.0 15.7389591796875
12.0 12.668237890625
13.0 4.23759208984375
14.0 0.65659326171875
15.0 2.22016142578125
16.0 0.42964072265625
17.0 4.7733509765625
18.0 0.0
19.0 0.0
20.0 0.01033017578125
21.0 0.0
22.0 0.0
23.0 0.0
24.0 0.0
25.0 0.0
26.0 0.0
27.0 0.0
28.0 0.0
29.0 0.0
30.0 0.0
31.0 0.0
32.0 0.0
33.0 0.0
34.0 0.0
35.0 0.0
36.0 0.0
37.0 0.0
38.0 0.0
39.0 0.0
40.0 0.0
41.0 0.0
42.0 0.0
43.0 0.0
44.0 0.0
45.0 0.0
46.0 0.0
47.0 0.0
48.0 0.0
49.0 0.0
50.0 0.0
51.0 0.0
52.0 0.0
53.0 0.0
54.0 0.0
55.0 0.0
56.0 0.0
57.0 0.0
58.0 0.0
59.0 0.0
60.0 0.0
61.0 0.0
62.0 0.0
63.0 0.0
64.0 0.0
65.0 0.0
66.0 0.0
67.0 0.0
68.0 0.0
69.0 0.0
70.0 0.0
71.0 0.0
72.0 0.0
73.0 0.0
74.0 0.0
75.0 0.0
76.0 0.0
77.0 0.0
78.0 0.0
79.0 0.0
80.0 0.0
81.0 0.0
82.0 0.0
83.0 0.0
84.0 0.0
85.0 0.0
86.0 0.0
87.0 0.0
88.0 0.0
89.0 0.0
90.0 0.0
91.0 0.0
92.0 0.0
93.0 0.0
94.0 0.0
95.0 0.0
96.0 0.0
97.0 0.0
98.0 0.0
99.0 0.0
100.0 0.0
101.0 0.0
102.0 0.0
103.0 0.0
104.0 0.0
105.0 0.0
106.0 0.0
107.0 0.0
108.0 0.0
109.0 0.0
110.0 0.0
111.0 0.32084921875
112.0 0.636197265625
113.0 0.54945322265625
114.0 0.35629326171875
115.0 1.22596240234375
116.0 0.4182544921875
117.0 0.125604296875
118.0 0.3647154296875
119.0 0.1982041015625
120.0 1.4662326171875
121.0 0.5312576171875
122.0 0.86542919921875
123.0 0.5841021484375
124.0 1.31786943359375
125.0 0.96286943359375
126.0 1.17507548828125
127.0 0.61593271484375
128.0 0.4685439453125
129.0 0.63505556640625
130.0 0.80896904296875
131.0 0.56731259765625
132.0 0.97826044921875
133.0 0.95560185546875
134.0 1.189421875
135.0 0.53244697265625
136.0 0.88208857421875
137.0 1.40213896484375
138.0 0.5480478515625
139.0 0.59391025390625
140.0 0.80209365234375
141.0 1.50567841796875
142.0 13.073674609375
143.0 21.512534375
144.0 33.00240986328125
145.0 40.3742884765625
146.0 11.52464482421875
147.0 16.38084072265625
148.0 22.21042490234375
149.0 21.70826640625
150.0 24.34188994140625
151.0 17.09600703125
152.0 29.099008984375
153.0 25.9914107421875
154.0 14.52258681640625
155.0 23.3983521484375
156.0 18.36129599609375
157.0 22.36012314453125
158.0 18.52456943359375
159.0 19.15224462890625
160.0 38.67721357421875
161.0 23.5743728515625
162.0 36.51652578125
163.0 14.33012734375
164.0 28.3741396484375
165.0 20.75164013671875
166.0 18.18698642578125
167.0 18.0172126953125
168.0 21.37138994140625
169.0 9.8478607421875
170.0 15.2406173828125
171.0 2.3116521484375
172.0 1.4759060546875
173.0 1.8972931640625
174.0 7.60555263671875
175.0 5.3770828125
176.0 0.0
177.0 0.0
178.0 0.0625076171875
179.0 0.08334345703125
180.0 0.0208359375
181.0 0.0
182.0 0.0
183.0 0.0
184.0 0.0
185.0 0.0
186.0 0.0
187.0 0.0
188.0 0.0
189.0 0.0
190.0 0.0
191.0 0.0
192.0 0.0
193.0 0.0
194.0 0.0
195.0 0.0
196.0 0.0
197.0 0.0
198.0 0.0
199.0 0.0
200.0 0.0
201.0 0.0
202.0 0.0
203.0 0.0
204.0 0.0
205.0 0.0
206.0 0.0
207.0 0.0
208.0 0.0
209.0 0.0414962890625
210.0 0.37504580078125
211.0 0.2395248046875
212.0 0.16668701171875
213.0 0.18699638671875
214.0 3.2006296875
215.0 4.899901171875
216.0 1.7037984375
217.0 1.38112900390625
218.0 0.14247587890625
219.0 0.7898052734375
220.0 1.5301060546875
221.0 1.5727125
222.0 0.1460265625
223.0 0.19785302734375
224.0 0.23899833984375
225.0 0.182490625
226.0 0.15998525390625
227.0 0.78143310546875
228.0 2.8866892578125
229.0 4.40793232421875
230.0 6.215268359375
231.0 4.58889736328125
232.0 4.431684375
233.0 4.24157255859375
234.0 3.6203732421875
235.0 5.01669306640625
236.0 0.6154181640625
237.0 0.30115498046875
238.0 0.15583037109375
239.0 0.24005126953125
240.0 0.44239814453125
241.0 0.94239794921875
242.0 0.19715107421875
243.0 0.50040888671875
244.0 1.48324912109375
245.0 8.400026171875
246.0 1.5143033203125
247.0 3.12181611328125
248.0 6.18939248046875
249.0 3.04210546875
250.0 4.07662158203125
251.0 3.16350927734375
252.0 3.2188791015625
253.0 0.2959142578125
254.0 0.3565873046875
255.0 1.24777509765625
256.0 1.4841556640625
257.0 2.837933203125
258.0 12.99749541015625
259.0 4.39785107421875
260.0 8.12254755859375
261.0 5.15737236328125
262.0 1.8026171875
263.0 1.0304068359375
264.0 4.1664708984375
265.0 0.70131572265625
266.0 0.822882421875
267.0 0.15728115234375
268.0 0.15583037109375
269.0 0.32269296875
270.0 1.0778533203125
271.0 0.0
272.0 0.0
273.0 0.489204296875
274.0 0.21903974609375
275.0 1.5716171875
276.0 7.968477734375
277.0 11.85407138671875
278.0 12.36887548828125
279.0 12.60217822265625
280.0 11.4684482421875
281.0 12.56388408203125
282.0 8.64013291015625
283.0 3.51619384765625
284.0 0.5422591796875
285.0 0.1969681640625
286.0 0.12502314453125
287.0 2.5588212890625
288.0 4.83750048828125
289.0 10.61468779296875
290.0 13.55492109375
291.0 11.170019921875
292.0 9.7773205078125
293.0 10.23833232421875
294.0 5.570967578125
295.0 0.63681025390625
296.0 0.1013826171875
297.0 0.13779130859375
298.0 0.24950390625
299.0 0.13534541015625
300.0 1.79373603515625
301.0 0.2868685546875
302.0 0.12501533203125
303.0 0.15600576171875
304.0 0.3023833984375
305.0 4.9392349609375
306.0 2.74762412109375
307.0 4.527651171875
308.0 3.55088564453125
309.0 9.56025224609375
310.0 12.3182017578125
311.0 12.44544501953125
312.0 8.921196484375
313.0 4.62852373046875
314.0 0.87545771484375
315.0 0.0
316.0 0.0
317.0 0.0
318.0 0.0
319.0 0.0
320.0 0.0
321.0 0.0
322.0 0.0
323.0 0.0
324.0 0.0
325.0 0.0
326.0 0.0
327.0 0.0
328.0 0.0
329.0 0.0
330.0 0.0
331.0 0.0
332.0 0.0
333.0 0.0
334.0 0.0
335.0 0.0
336.0 0.0
337.0 0.0
338.0 0.0
339.0 0.0
340.0 0.0
341.0 0.0
342.0 0.0
343.0 0.0
344.0 0.0
345.0 0.0
346.0 0.11293525390625
347.0 0.53280146484375
348.0 0.47675439453125
349.0 0.75800361328125
350.0 0.89977880859375
351.0 0.5933837890625
352.0 0.58322890625
353.0 0.78543203125
354.0 0.34467958984375
355.0 0.1770171875
356.0 0.19785302734375
357.0 0.16651162109375
358.0 0.3641890625
359.0 0.80279541015625
360.0 0.9466333984375
361.0 1.17551416015625
362.0 0.5529134765625
363.0 0.6464833984375
364.0 0.5311626953125
365.0 0.49988564453125
366.0 1.05107109375
367.0 0.48340126953125
368.0 0.48369375
369.0 0.49071455078125
370.0 0.61898310546875
371.0 0.73509833984375
372.0 0.34448125
373.0 0.8169693359375
374.0 1.00430986328125
375.0 0.63340478515625
376.0 0.57526904296875
377.0 0.65606689453125
378.0 0.4372025390625
379.0 0.33302294921875
380.0 0.44805908203125
381.0 0.46854404296875
382.0 0.50986484375
383.0 0.6814267578125
384.0 0.306467578125
385.0 2.075955859375
386.0 10.10118681640625
387.0 23.27077333984375
388.0 19.9635478515625
389.0 12.4872384765625
390.0 20.44145419921875
391.0 25.49140849609375
392.0 21.778555859375
393.0 13.8175123046875
394.0 26.23057490234375
395.0 22.0910171875
396.0 23.63856826171875
397.0 9.39736796875
398.0 8.80828291015625
399.0 13.35056455078125
400.0 15.73101123046875
401.0 13.25164453125
402.0 11.754743359375
403.0 3.5852587890625
404.0 21.00974091796875
405.0 14.52916298828125
406.0 24.51195009765625
407.0 24.62658896484375
408.0 16.08948046875
409.0 26.55734755859375
410.0 29.44582978515625
411.0 31.4886724609375
412.0 25.18603359375
413.0 19.5867578125
414.0 6.66774677734375
415.0 6.17363759765625
416.0 7.968406640625
417.0 1.3643599609375
418.0 0.04302685546875
419.0 0.1455001953125
420.0 0.0
421.0 0.0
422.0 0.0
423.0 0.07300712890625
424.0 0.0
425.0 0.0
426.0 0.0
427.0 0.0
428.0 0.0
429.0 0.0
430.0 0.0
431.0 0.0
432.0 0.0
433.0 0.0
434.0 0.0
435.0 0.0
436.0 0.0
437.0 0.0
438.0 0.0
439.0 0.0
440.0 0.0
441.0 0.0
442.0 0.0
443.0 0.0
444.0 0.0
445.0 0.0
446.0 0.0
447.0 0.0
448.0 0.0
449.0 0.0
450.0 0.0
451.0 0.0
452.0 0.0
453.0 0.0
454.0 0.0
455.0 0.0
456.0 0.0
457.0 0.0
458.0 0.0
459.0 0.0
460.0 0.0
461.0 0.0
462.0 0.0
463.0 0.0
464.0 0.0
465.0 0.0
466.0 0.0
467.0 0.0
468.0 0.0
469.0 0.0
470.0 0.0
471.0 0.0
472.0 0.0
473.0 0.0
474.0 0.0
475.0 0.0
476.0 0.0
477.0 0.0
478.0 0.0
479.0 0.0
480.0 0.0
481.0 0.0
482.0 0.10761787109375
483.0 0.4125771484375
484.0 0.47869873046875
485.0 0.68582880859375
486.0 0.96536240234375
487.0 0.48150625
488.0 0.19041484375
489.0 0.17684169921875
490.0 0.156005859375
491.0 0.2395248046875
492.0 0.33302314453125
493.0 0.84464267578125
494.0 0.89664453125
495.0 0.96876455078125
496.0 0.56276015625
497.0 0.65458046875
498.0 0.3807037109375
499.0 0.51584765625
500.0 0.547058203125
501.0 1.0414427734375
502.0 0.32304384765625
503.0 0.25003046875
504.0 0.27069091796875
505.0 0.125015234375
506.0 0.09384921875
507.0 0.031166015625
508.0 0.13534541015625
509.0 0.04167177734375
510.0 0.24005126953125
511.0 0.11468515625
512.0 0.35456083984375
513.0 0.15618134765625
514.0 0.0
515.0 0.0
516.0 0.0835189453125
517.0 0.07301328125
518.0 0.0
519.0 0.0
520.0 0.0
521.0 0.0
522.0 0.0
523.0 0.0
524.0 0.0
525.0 0.0
526.0 0.0
527.0 0.0
528.0 0.0
529.0 0.0
530.0 0.0
531.0 0.0
532.0 0.0
533.0 0.0
534.0 0.0
535.0 0.0
536.0 0.0
537.0 0.0
538.0 0.0
539.0 0.0
540.0 0.0
541.0 0.0
542.0 0.17532529296875
543.0 7.12330302734375
544.0 13.29029521484375
545.0 21.150740625
546.0 15.1055509765625
547.0 6.9208447265625
548.0 0.1668625
549.0 7.6702244140625
550.0 23.40599111328125
551.0 17.634941015625
552.0 20.74623408203125
553.0 6.0200537109375
554.0 10.3090990234375
555.0 16.2281998046875
556.0 9.89958408203125
557.0 17.00747890625
558.0 21.46728486328125
559.0 10.56572919921875
560.0 11.06814443359375
561.0 10.70609443359375
562.0 18.80949423828125
563.0 3.80127041015625
564.0 0.63174873046875
565.0 1.30478671875
566.0 0.67620087890625
567.0 0.48990625
568.0 20.38682744140625
569.0 21.3140029296875
570.0 24.47999375
571.0 29.798193359375
572.0 30.7214478515625
573.0 22.1591439453125
574.0 6.377656640625
575.0 1.29500576171875
576.0 7.6385810546875
577.0 0.5417328125
578.0 1.4493408203125
579.0 0.395881640625
580.0 0.6354064453125
581.0 15.45639375
582.0 6.117071484375
583.0 24.5763234375
584.0 33.95444931640625
585.0 25.3844796875
586.0 9.87187119140625
587.0 12.22697646484375
588.0 7.34820263671875
589.0 3.64868701171875
590.0 5.71102138671875
591.0 12.1681845703125
592.0 3.23490732421875
593.0 2.943124609375
594.0 2.180901953125
595.0 1.50709501953125
596.0 4.49806884765625
597.0 12.90073623046875
598.0 1.56041474609375
599.0 2.4190673828125
600.0 0.73386201171875
601.0 1.00354462890625
602.0 0.5727490234375
603.0 0.47169697265625
604.0 0.6293716796875
605.0 3.09382548828125
606.0 11.249527734375
607.0 1.021581640625
608.0 0.36015576171875
609.0 5.813346875
610.0 13.32219072265625
611.0 1.8595638671875
612.0 0.218864453125
613.0 0.38572685546875
614.0 0.17684169921875
615.0 3.78261015625
616.0 6.3841248046875
617.0 13.65099150390625
618.0 14.6398296875
619.0 24.68789658203125
620.0 15.9548765625
621.0 15.972490234375
622.0 13.7055296875
623.0 1.3691115234375
624.0 0.7506412109375
625.0 0.275215625
626.0 0.249855078125
627.0 0.25003056640625
628.0 0.33337412109375
629.0 14.92428173828125
630.0 13.95471083984375
631.0 4.24762060546875
632.0 5.69360009765625
633.0 4.434555078125
634.0 19.50422666015625
635.0 16.7865603515625
636.0 19.4619822265625
637.0 17.278998046875
638.0 5.78352998046875
639.0 0.18254375
640.0 7.11608896484375
641.0 2.46184189453125
642.0 15.34278662109375
643.0 18.32160302734375
644.0 27.35232529296875
645.0 9.567815625
646.0 22.33698955078125
647.0 5.83758076171875
648.0 14.70011044921875
649.0 5.5129216796875
650.0 15.19183046875
651.0 21.35060263671875
652.0 2.15303193359375
653.0 4.0441740234375
654.0 0.64608759765625
655.0 1.10316552734375
656.0 3.904578515625
657.0 13.72676328125
658.0 6.930862890625
659.0 14.1480205078125
660.0 20.4800982421875
661.0 14.2436904296875
662.0 22.276125
663.0 29.7897357421875
664.0 33.08045986328125
665.0 21.10468349609375
666.0 9.8865068359375
667.0 12.38979443359375
668.0 17.2135302734375
669.0 14.9975845703125
670.0 6.87764716796875
671.0 14.2979712890625
672.0 21.003046484375
673.0 14.81472568359375
674.0 6.5800224609375
675.0 12.61457373046875
676.0 14.4211595703125
677.0 15.6524775390625
678.0 33.80427255859375
679.0 18.67097509765625
680.0 17.0993673828125
681.0 18.12836962890625
682.0 0.35036787109375
683.0 0.7171421875
684.0 0.57087568359375
685.0 0.76401240234375
686.0 0.374910546875
687.0 2.688530078125
688.0 5.87784169921875
689.0 0.6764990234375
690.0 0.54391298828125
691.0 1.60582421875
692.0 1.1357021484375
693.0 1.66930107421875
694.0 0.85106416015625
695.0 0.51091767578125
696.0 0.9968765625
697.0 11.74578837890625
698.0 24.95279033203125
699.0 13.0043279296875
700.0 21.08959189453125
701.0 17.43556845703125
702.0 20.1268017578125
703.0 5.23131552734375
704.0 4.91947802734375
705.0 9.095267578125
706.0 21.6031376953125
707.0 23.23504501953125
708.0 5.86470791015625
709.0 5.09051005859375
710.0 10.6634724609375
711.0 5.15127939453125
712.0 3.23840029296875
713.0 0.46523994140625
714.0 0.36534873046875
715.0 0.0936736328125
716.0 1.23917197265625
717.0 1.15431708984375
718.0 8.92595478515625
719.0 1.454726171875
720.0 2.57840732421875
721.0 2.1654626953125
722.0 2.8091771484375
723.0 1.762123046875
724.0 9.9989853515625
725.0 18.79210732421875
726.0 20.088294140625
727.0 4.1428880859375
728.0 0.37562080078125
729.0 4.41089775390625
730.0 4.53892373046875
731.0 0.0835189453125
732.0 0.27086640625
733.0 0.26053623046875
734.0 0.29222861328125
735.0 0.40691376953125
736.0 0.1043548828125
737.0 0.13517001953125
738.0 0.0
739.0 0.0
740.0 0.0
741.0 0.0
742.0 0.0
743.0 0.0
744.0 0.0
745.0 0.0
746.0 0.0
747.0 0.0
748.0 0.0
749.0 0.0
750.0 0.0
751.0 0.0
752.0 0.0
753.0 0.0
754.0 0.0
755.0 0.0
756.0 0.0
757.0 0.0
758.0 0.0
759.0 0.0
760.0 0.0
761.0 0.0
762.0 0.0
763.0 0.0
764.0 0.0
765.0 0.0
766.0 0.0
767.0 0.0
768.0 0.0
769.0 0.0
770.0 0.0
771.0 0.0
772.0 0.0
773.0 0.0
774.0 0.0
775.0 0.0
776.0 0.0
777.0 0.0
778.0 0.0
779.0 0.0
780.0 0.0
781.0 0.0
782.0 0.0
783.0 0.0
784.0 0.0
785.0 0.0
786.0 0.0
787.0 0.0
788.0 0.0
789.0 0.0
790.0 0.0
791.0 0.0
792.0 0.757665625
793.0 0.2741490234375
794.0 0.624975390625
795.0 0.36499189453125
796.0 0.46871943359375
797.0 0.24967958984375
798.0 0.46942138671875
799.0 0.42669677734375
