0.0 21.8776154296875
1.0 22.512349609375
2.0 31.10250771484375
3.0 26.88233154296875
4.0 24.65601962890625
5.0 23.7770609375
6.0 27.2460203125
7.0 28.326205078125
8.0 27.1811826171875
9.0 28.23985888671875
10.0 27.1252029296875
11.0 31.26605439453125
12.0 28.50343994140625
13.0 23.48656630859375
14.0 24.6801337890625
15.0 14.6472349609375
16.0 32.18018046875
17.0 22.52214423828125
18.0 17.72362353515625
19.0 25.92531689453125
20.0 29.42424404296875
21.0 31.7520060546875
22.0 27.9179541015625
23.0 29.46050791015625
24.0 27.0386625
25.0 30.53867021484375
26.0 27.4477283203125
27.0 25.3214978515625
28.0 27.2751791015625
29.0 24.81814453125
30.0 24.34996083984375
31.0 24.2417908203125
32.0 29.16835810546875
33.0 23.91668466796875
34.0 29.50436845703125
35.0 27.29211943359375
36.0 27.003691015625
37.0 22.46617255859375
38.0 14.60451826171875
39.0 2.62423857421875
40.0 0.4125580078125
41.0 0.749916015625
42.0 15.39744833984375
43.0 27.59532890625
44.0 23.56121494140625
45.0 25.91851240234375
46.0 20.97676533203125
47.0 18.93984658203125
48.0 27.12309775390625
49.0 25.65985859375
50.0 26.5833498046875
51.0 19.7760416015625
52.0 16.74428505859375
53.0 9.80860888671875
54.0 12.65572021484375
55.0 12.3049521484375
56.0 14.8518810546875
57.0 19.7190111328125
58.0 12.9776517578125
59.0 13.160530078125
60.0 25.0621435546875
61.0 11.6278150390625
62.0 12.486446875
63.0 5.80619931640625
64.0 5.7914912109375
65.0 12.85443681640625
66.0 5.2449486328125
67.0 18.6669208984375
68.0 19.669926171875
69.0 20.36151962890625
70.0 5.80432626953125
71.0 7.2594794921875
72.0 24.0471859375
73.0 29.37004482421875
74.0 22.46435703125
75.0 27.95750185546875
76.0 25.94201611328125
77.0 23.7778853515625
78.0 29.635301953125
79.0 26.766212890625
80.0 25.7187537109375
81.0 14.6819251953125
82.0 22.92597685546875
83.0 16.09185
84.0 20.250694140625
85.0 11.1932755859375
86.0 17.2270744140625
87.0 24.1263078125
88.0 24.8764791015625
89.0 18.48993154296875
90.0 25.2680064453125
91.0 28.9126662109375
92.0 22.67558212890625
93.0 29.18170908203125
94.0 21.12142734375
95.0 27.006638671875
96.0 28.67484765625
97.0 23.94671142578125
98.0 28.7539314453125
99.0 25.7326298828125
100.0 20.417228515625
101.0 22.6232330078125
102.0 29.655833984375
103.0 25.88729013671875
104.0 27.115550390625
105.0 23.59799619140625
106.0 27.177918359375
107.0 26.67352421875
108.0 27.56167724609375
109.0 8.6054935546875
110.0 17.5685888671875
111.0 24.59972431640625
112.0 20.88800517578125
113.0 24.0883439453125
114.0 23.4621294921875
115.0 27.8636935546875
116.0 25.0406013671875
117.0 26.8289830078125
118.0 25.50452509765625
119.0 21.9953498046875
120.0 26.518090234375
121.0 29.590658203125
122.0 22.37572421875
123.0 29.1099369140625
124.0 22.8399888671875
125.0 31.07010732421875
126.0 22.8587826171875
127.0 27.92457490234375
128.0 24.26903603515625
129.0 30.0690587890625
130.0 25.906994140625
131.0 29.249750390625
132.0 26.91932421875
133.0 27.71258857421875
134.0 20.8412021484375
135.0 27.26298203125
136.0 25.92807138671875
137.0 30.23061357421875
138.0 29.093684375
139.0 24.8356720703125
140.0 25.95328388671875
141.0 19.68842353515625
142.0 27.9610515625
143.0 23.29753251953125
144.0 27.2772080078125
145.0 19.113760546875
146.0 22.65351103515625
147.0 33.13409033203125
148.0 25.94853994140625
149.0 27.00417392578125
150.0 22.41391259765625
151.0 26.931364453125
152.0 23.815556640625
153.0 29.5762564453125
154.0 26.25141181640625
155.0 27.8146076171875
156.0 25.816382421875
157.0 25.35717373046875
158.0 30.76899580078125
159.0 26.7679150390625
160.0 25.5254560546875
161.0 23.62255595703125
162.0 27.60307138671875
163.0 24.5429505859375
164.0 29.35379755859375
165.0 24.43007919921875
166.0 27.65719794921875
167.0 23.14437880859375
168.0 28.67881220703125
169.0 22.411159375
170.0 25.85111533203125
171.0 18.09471552734375
172.0 30.89517431640625
173.0 25.66302109375
174.0 27.924525
175.0 20.75953017578125
176.0 24.93365908203125
177.0 23.01582197265625
178.0 10.0413234375
179.0 25.126809765625
180.0 14.71993857421875
181.0 23.74608896484375
182.0 20.0063396484375
183.0 24.29915029296875
184.0 21.07786015625
185.0 21.5002640625
186.0 24.94236494140625
187.0 22.25600673828125
188.0 22.4988833984375
189.0 25.76949970703125
190.0 23.65813095703125
191.0 26.93504423828125
192.0 25.709521484375
193.0 26.0936322265625
194.0 22.324512890625
195.0 22.99839853515625
196.0 22.7285740234375
197.0 21.65209072265625
198.0 26.949335546875
199.0 25.8388556640625
200.0 25.16442451171875
201.0 23.83582890625
202.0 25.340711328125
203.0 24.0860056640625
204.0 26.630384375
205.0 23.21768603515625
206.0 25.48838134765625
207.0 19.19218662109375
208.0 30.16373076171875
209.0 25.5419779296875
210.0 20.98573857421875
211.0 21.97873818359375
212.0 20.69638046875
213.0 21.57855751953125
214.0 0.3937134765625
215.0 46.046556640625
216.0 23.39257841796875
217.0 19.6532509765625
218.0 23.8422724609375
219.0 21.03361640625
220.0 26.61311953125
221.0 26.40662548828125
222.0 22.722609765625
223.0 26.09759970703125
224.0 23.42468935546875
225.0 27.9395287109375
226.0 23.19139658203125
227.0 26.66551533203125
228.0 23.912716015625
229.0 26.71852646484375
230.0 25.68336552734375
231.0 24.0187634765625
232.0 22.08306708984375
233.0 23.17263466796875
234.0 17.14778818359375
235.0 31.327678125
236.0 23.758588671875
237.0 31.18679677734375
238.0 22.79108447265625
239.0 25.52842373046875
240.0 23.01800302734375
241.0 21.24293603515625
242.0 21.0564763671875
243.0 26.59737138671875
244.0 21.82783017578125
245.0 21.558035546875
246.0 29.81500419921875
247.0 23.28169208984375
248.0 19.757401171875
249.0 32.66990361328125
250.0 22.9395775390625
251.0 22.4999662109375
252.0 26.03514912109375
253.0 24.27401513671875
254.0 26.80467939453125
255.0 25.30016396484375
256.0 23.52432744140625
257.0 18.8484548828125
258.0 24.02996240234375
259.0 22.8230939453125
260.0 18.27747763671875
261.0 22.081637890625
262.0 17.7663560546875
263.0 16.3878009765625
264.0 22.7290640625
265.0 22.56535654296875
266.0 29.4571861328125
267.0 25.8402984375
268.0 25.6922412109375
269.0 23.907475390625
270.0 27.84854462890625
271.0 25.15057021484375
272.0 19.9266796875
273.0 23.7589716796875
274.0 25.36175107421875
275.0 27.45009423828125
276.0 25.092778125
277.0 26.933433203125
278.0 22.41481064453125
279.0 23.7636607421875
280.0 23.361466015625
281.0 27.8898697265625
282.0 23.518791015625
283.0 20.96382685546875
284.0 25.7245982421875
285.0 21.46609013671875
286.0 20.801470703125
287.0 23.64547763671875
288.0 27.60033779296875
289.0 27.59534365234375
290.0 14.058923828125
291.0 25.47966845703125
292.0 27.7197650390625
293.0 26.54529638671875
294.0 28.420083984375
295.0 25.3465166015625
296.0 14.7679064453125
297.0 19.99788466796875
298.0 18.242329296875
299.0 27.43791669921875
300.0 24.0785798828125
301.0 27.55898212890625
302.0 25.15907041015625
303.0 20.86399931640625
304.0 9.77910517578125
305.0 20.92319990234375
306.0 28.27739921875
307.0 26.166316015625
308.0 28.3648912109375
309.0 24.8089423828125
310.0 25.87057109375
311.0 25.46139140625
312.0 20.8272724609375
313.0 25.75853359375
314.0 22.50782822265625
315.0 22.9878392578125
316.0 26.47623017578125
317.0 23.41218359375
318.0 22.759849609375
319.0 15.58368798828125
320.0 18.864662109375
321.0 19.77789658203125
322.0 26.49003798828125
323.0 21.21819990234375
324.0 23.62429072265625
325.0 28.4299458984375
326.0 24.76417568359375
327.0 27.25148203125
328.0 23.63368857421875
329.0 27.8638005859375
330.0 25.03172666015625
331.0 26.582537890625
332.0 25.12778974609375
333.0 27.10605556640625
334.0 24.74339169921875
335.0 15.07004970703125
336.0 6.269675
337.0 49.80657451171875
338.0 24.6843203125
339.0 24.81394326171875
340.0 24.89727294921875
341.0 29.460140234375
342.0 27.127141015625
343.0 29.38113525390625
344.0 22.64174052734375
345.0 25.740490234375
346.0 22.68688505859375
347.0 27.71796767578125
348.0 23.42166943359375
349.0 26.61412294921875
350.0 23.27497109375
351.0 22.69629970703125
352.0 25.91478095703125
353.0 26.19879091796875
354.0 24.59675185546875
355.0 25.89031357421875
356.0 27.00057099609375
357.0 22.270715234375
358.0 28.9741689453125
359.0 25.55749169921875
360.0 20.53074140625
361.0 25.81217294921875
362.0 24.15829208984375
363.0 20.4480580078125
364.0 23.21550849609375
365.0 26.35962578125
366.0 24.52114658203125
367.0 24.50774609375
368.0 24.5333880859375
369.0 26.3614701171875
370.0 26.65152568359375
371.0 23.47539755859375
372.0 28.8806396484375
373.0 25.71696826171875
374.0 28.66630625
375.0 25.7439591796875
376.0 26.3704990234375
377.0 21.78681025390625
378.0 26.33518056640625
379.0 25.6491576171875
380.0 26.15501962890625
381.0 23.1131146484375
382.0 19.34025693359375
383.0 24.32879345703125
384.0 25.23080576171875
385.0 26.69819794921875
386.0 18.577066796875
387.0 19.204828515625
388.0 22.904462890625
389.0 16.76784072265625
390.0 19.02994970703125
391.0 24.906900390625
392.0 23.46547412109375
393.0 26.9605669921875
394.0 19.1957375
395.0 25.934954296875
396.0 21.1878736328125
397.0 27.15785986328125
398.0 25.81183251953125
399.0 25.28203203125
400.0 27.147180859375
401.0 23.54532119140625
402.0 24.32727294921875
403.0 24.20780615234375
404.0 26.98763994140625
405.0 22.80500341796875
406.0 23.36777109375
407.0 24.75286201171875
408.0 26.1516109375
409.0 26.146460546875
410.0 26.8916064453125
411.0 20.9308857421875
412.0 25.1135263671875
413.0 28.7893666015625
414.0 22.4866568359375
415.0 23.9176615234375
416.0 20.8332640625
417.0 24.50751796875
418.0 27.2249142578125
419.0 22.70719130859375
420.0 19.9945220703125
421.0 15.9762568359375
422.0 26.5268970703125
423.0 27.15658466796875
424.0 23.5599091796875
425.0 23.5012986328125
426.0 23.50993173828125
427.0 16.5713365234375
428.0 22.35374501953125
429.0 13.97872734375
430.0 21.56119169921875
431.0 24.36239697265625
432.0 23.66517578125
433.0 20.93318720703125
434.0 20.5871826171875
435.0 21.47312470703125
436.0 24.23371572265625
437.0 22.6866423828125
438.0 22.2954916015625
439.0 19.55802978515625
440.0 25.044039453125
441.0 21.488267578125
442.0 21.0326677734375
443.0 24.7738625
444.0 22.43665390625
445.0 22.2114017578125
446.0 20.1616490234375
447.0 23.80511962890625
448.0 18.2304095703125
449.0 28.2348953125
450.0 26.35922099609375
451.0 25.04668505859375
452.0 25.55957138671875
453.0 23.9062513671875
454.0 25.47536181640625
455.0 24.6293017578125
456.0 26.80452041015625
457.0 13.44321796875
458.0 38.794171875
459.0 17.04441689453125
460.0 25.7992365234375
461.0 17.58557470703125
462.0 31.43926982421875
463.0 21.87318369140625
464.0 21.25255546875
465.0 29.37322705078125
466.0 26.86511748046875
467.0 31.5225791015625
468.0 26.353262890625
469.0 25.19707421875
470.0 25.5290669921875
471.0 25.8644955078125
472.0 24.497167578125
473.0 24.388060546875
474.0 19.0405650390625
475.0 31.0528255859375
476.0 25.44333447265625
477.0 24.85665087890625
478.0 18.44436162109375
479.0 30.0855505859375
480.0 14.33728671875
481.0 4.868396484375
482.0 17.0617095703125
483.0 33.063748828125
484.0 24.18591123046875
485.0 21.52305595703125
486.0 22.92789013671875
487.0 22.87053447265625
488.0 25.8548626953125
489.0 23.83451416015625
490.0 28.65820439453125
491.0 25.53358330078125
492.0 19.68331494140625
493.0 30.32677255859375
494.0 25.86141328125
495.0 21.91666923828125
496.0 24.88864033203125
497.0 13.976935546875
498.0 22.76570859375
499.0 26.56269423828125
500.0 21.8387740234375
501.0 20.61628818359375
502.0 17.66909384765625
503.0 22.96788408203125
504.0 25.506330859375
505.0 21.35574951171875
506.0 22.82291103515625
507.0 22.6189634765625
508.0 26.45738876953125
509.0 14.5749111328125
510.0 20.92930126953125
511.0 22.88434462890625
512.0 22.11360908203125
513.0 13.767821484375
514.0 28.35067001953125
515.0 25.5750140625
516.0 28.3200880859375
517.0 26.79893037109375
518.0 27.69404921875
519.0 24.66061962890625
520.0 19.98402705078125
521.0 25.4530509765625
522.0 20.81503515625
523.0 15.34028291015625
524.0 26.0377064453125
525.0 23.33353720703125
526.0 27.6711470703125
527.0 24.94971494140625
528.0 28.1238501953125
529.0 25.0879603515625
530.0 25.8327736328125
531.0 26.00028720703125
532.0 9.6414798828125
533.0 28.92720048828125
534.0 16.09176767578125
535.0 25.30569033203125
536.0 5.801787109375
537.0 22.3926748046875
538.0 20.39551591796875
539.0 21.7008962890625
540.0 22.551207421875
541.0 25.339570703125
542.0 23.0448623046875
543.0 26.0222986328125
544.0 21.7700150390625
545.0 27.6320310546875
546.0 23.485498046875
547.0 22.61382822265625
548.0 28.02990029296875
549.0 26.63254541015625
550.0 25.0227052734375
551.0 24.91686435546875
552.0 19.4096751953125
553.0 26.80926943359375
554.0 28.3138693359375
555.0 24.465534765625
556.0 27.893103125
557.0 22.753646484375
558.0 23.8429501953125
559.0 22.7958716796875
560.0 27.78972392578125
561.0 21.255046875
562.0 25.7318025390625
563.0 26.78699501953125
564.0 24.97290625
565.0 24.7242404296875
566.0 18.1348478515625
567.0 15.68671015625
568.0 32.50653271484375
569.0 26.0383923828125
570.0 20.0913029296875
571.0 16.534823046875
572.0 23.0008072265625
573.0 21.32858125
574.0 26.04218837890625
575.0 23.22010439453125
576.0 26.13711708984375
577.0 22.092755859375
578.0 23.26530625
579.0 26.6910404296875
580.0 26.40392705078125
581.0 28.72486748046875
582.0 22.33591904296875
583.0 21.5494373046875
584.0 22.7910021484375
585.0 15.6453548828125
586.0 22.9681763671875
587.0 28.0275423828125
588.0 18.0599666015625
589.0 25.9735970703125
590.0 22.73721728515625
591.0 21.244959375
592.0 14.67741044921875
593.0 17.21329677734375
594.0 27.00742578125
595.0 25.42128408203125
596.0 26.99796142578125
597.0 22.660447265625
598.0 18.721757421875
599.0 25.28694404296875
600.0 27.89455166015625
601.0 24.97863095703125
602.0 18.352275
603.0 20.22043720703125
604.0 22.47117060546875
605.0 23.1165216796875
606.0 16.21386953125
607.0 5.4269154296875
608.0 5.475644140625
609.0 46.1729384765625
610.0 22.87757373046875
611.0 22.64446875
612.0 22.70509892578125
613.0 23.1334701171875
614.0 24.01636826171875
615.0 29.175041796875
616.0 25.66432158203125
617.0 25.98184345703125
618.0 28.21758974609375
619.0 27.76570576171875
620.0 22.85337685546875
621.0 27.26360693359375
622.0 25.71829296875
623.0 27.62063759765625
624.0 24.74906748046875
625.0 28.21860615234375
626.0 27.6926328125
627.0 30.26633251953125
628.0 26.684175
629.0 27.76567333984375
630.0 21.0241328125
631.0 29.02353232421875
632.0 25.48598935546875
633.0 25.8240130859375
634.0 20.93536533203125
635.0 13.844379296875
636.0 23.4597625
637.0 31.964266015625
638.0 25.48569541015625
639.0 26.424278125
640.0 20.75560771484375
641.0 23.21897919921875
642.0 28.466558984375
643.0 24.36923720703125
644.0 28.2885673828125
645.0 25.98422470703125
646.0 29.11790888671875
647.0 24.457585546875
648.0 28.47080029296875
649.0 24.57693173828125
650.0 26.248196875
651.0 22.8600384765625
652.0 25.213829296875
653.0 24.030331640625
654.0 26.85400126953125
655.0 24.893993359375
656.0 28.322593359375
657.0 24.69883896484375
658.0 28.2577025390625
659.0 24.165308203125
660.0 26.08861171875
661.0 23.98595654296875
662.0 27.99579755859375
663.0 24.349120703125
664.0 26.30748310546875
665.0 27.64290830078125
666.0 24.615616796875
667.0 26.45133984375
668.0 23.55871142578125
669.0 26.26050791015625
670.0 25.56218125
671.0 25.81287060546875
672.0 19.147813671875
673.0 28.465331640625
674.0 12.13402021484375
675.0 12.3447125
676.0 24.69912646484375
677.0 14.3630943359375
678.0 13.39697275390625
679.0 16.1444138671875
680.0 21.36804462890625
681.0 25.35493515625
682.0 20.75259638671875
683.0 25.41824921875
684.0 22.5375779296875
685.0 24.68408291015625
686.0 19.02345341796875
687.0 24.4579666015625
688.0 24.3811251953125
689.0 19.3875337890625
690.0 16.3473296875
691.0 23.69940185546875
692.0 32.464092578125
693.0 24.13115576171875
694.0 25.013870703125
695.0 17.48378408203125
696.0 24.1404107421875
697.0 27.1291458984375
698.0 22.55805517578125
699.0 20.5931142578125
700.0 17.10234462890625
701.0 19.4323107421875
702.0 24.00724716796875
703.0 20.52358515625
704.0 21.2935470703125
705.0 22.02682197265625
706.0 18.49100087890625
707.0 20.9937349609375
708.0 17.91695390625
709.0 19.15582685546875
710.0 20.15107138671875
711.0 17.42415146484375
712.0 16.6279560546875
713.0 18.71890751953125
714.0 13.89620830078125
715.0 14.47659052734375
716.0 16.8664474609375
717.0 16.88509921875
718.0 21.3360302734375
719.0 21.603393359375
720.0 20.0507650390625
721.0 22.87379716796875
722.0 18.73400576171875
723.0 23.02575498046875
724.0 20.4600474609375
725.0 19.3968923828125
726.0 22.37108017578125
727.0 22.0369310546875
728.0 22.37244482421875
729.0 21.94889541015625
730.0 21.9062501953125
731.0 16.605309375
732.0 21.85815166015625
733.0 21.91141328125
734.0 21.4604123046875
735.0 20.07278681640625
736.0 24.9137978515625
737.0 20.90459580078125
738.0 23.30929013671875
739.0 20.72243896484375
740.0 24.14397138671875
741.0 11.47097666015625
742.0 23.68158525390625
743.0 21.891572265625
744.0 20.99846142578125
745.0 13.3551236328125
746.0 22.344717578125
747.0 22.14806767578125
748.0 21.7534318359375
749.0 20.6022466796875
750.0 22.75802119140625
751.0 20.9714359375
752.0 23.97785498046875
753.0 14.15692412109375
754.0 12.298533203125
755.0 21.44405791015625
756.0 20.933695703125
757.0 20.6251638671875
758.0 21.425553125
759.0 20.5661115234375
760.0 24.9837822265625
761.0 23.49134091796875
762.0 25.88989521484375
763.0 23.12905791015625
764.0 24.08005546875
765.0 23.17786767578125
766.0 23.10456337890625
767.0 22.62349970703125
768.0 24.90875927734375
769.0 26.64964599609375
770.0 22.7488208984375
771.0 22.726020703125
772.0 22.84669375
773.0 21.5877357421875
774.0 26.09014501953125
775.0 25.31561884765625
776.0 21.64588505859375
777.0 17.946568359375
778.0 20.445405859375
779.0 13.2791296875
780.0 5.122091796875
781.0 38.0821943359375
782.0 24.510764453125
783.0 22.73089990234375
784.0 26.70280234375
785.0 21.78304306640625
786.0 16.91870615234375
787.0 26.7816861328125
788.0 15.029659375
789.0 25.489891796875
790.0 17.87346455078125
791.0 24.22643505859375
792.0 21.47256806640625
793.0 17.4337462890625
794.0 16.74197451171875
795.0 24.09678447265625
796.0 21.53076689453125
797.0 23.410805859375
798.0 15.63372509765625
799.0 18.5569912109375
