0.0 7.3691771484375
1.0 8.409005859375
2.0 6.1032015625
3.0 8.25911806640625
4.0 5.37547216796875
5.0 7.89495517578125
6.0 5.6811744140625
7.0 8.219501953125
8.0 9.048672265625
9.0 8.6315267578125
10.0 8.4670751953125
11.0 8.66362802734375
12.0 9.18006357421875
13.0 8.4634380859375
14.0 9.53014287109375
15.0 9.66580966796875
16.0 8.82261337890625
17.0 10.840749609375
18.0 10.61146201171875
19.0 9.66594951171875
20.0 8.7301970703125
21.0 8.51547490234375
22.0 7.8444640625
23.0 10.01090673828125
24.0 10.01716962890625
25.0 10.75666201171875
26.0 12.79236533203125
27.0 9.66422509765625
28.0 8.90157158203125
29.0 10.37517958984375
30.0 12.57065654296875
31.0 8.82194140625
32.0 12.480579296875
33.0 13.1468056640625
34.0 14.70507314453125
35.0 12.32114658203125
36.0 11.62918798828125
37.0 13.4816234375
38.0 12.02096982421875
39.0 13.09870927734375
40.0 12.52658818359375
41.0 12.80457724609375
42.0 12.29088369140625
43.0 11.25899912109375
44.0 13.88876298828125
45.0 11.5092431640625
46.0 11.59499951171875
47.0 10.41880390625
48.0 10.39785263671875
49.0 14.35102353515625
50.0 12.0542677734375
51.0 13.5594373046875
52.0 14.58437705078125
53.0 13.26527734375
54.0 15.49638125
55.0 15.13316171875
56.0 15.30175048828125
57.0 12.26037568359375
58.0 13.2214658203125
59.0 13.267069921875
60.0 11.61489609375
61.0 13.648012109375
62.0 12.18128408203125
63.0 13.6893876953125
64.0 11.6211138671875
65.0 14.5106859375
66.0 13.13533525390625
67.0 13.5044767578125
68.0 8.88477607421875
69.0 18.21800205078125
70.0 12.1120607421875
71.0 12.67349755859375
72.0 12.81715224609375
73.0 8.89550537109375
74.0 15.404200390625
75.0 13.9192962890625
76.0 11.2308767578125
77.0 12.44548515625
78.0 12.91278125
79.0 8.28408408203125
80.0 14.001925390625
81.0 11.40329921875
82.0 12.07198955078125
83.0 13.34143623046875
84.0 12.45927041015625
85.0 12.1508107421875
86.0 13.9578708984375
87.0 8.77203759765625
88.0 11.4052873046875
89.0 13.623215234375
90.0 11.881891796875
91.0 11.62555048828125
92.0 13.05922919921875
93.0 13.77141416015625
94.0 14.0188419921875
95.0 12.87514384765625
96.0 13.859038671875
97.0 13.4719119140625
98.0 10.89075107421875
99.0 10.33638173828125
100.0 11.15881494140625
101.0 8.82227734375
102.0 11.595646484375
103.0 13.89568505859375
104.0 14.61784619140625
105.0 15.05246884765625
106.0 12.82601640625
107.0 12.81291513671875
108.0 12.73121650390625
109.0 11.19555205078125
110.0 11.16552216796875
111.0 10.91916826171875
112.0 13.21654140625
113.0 12.3835970703125
114.0 13.299828125
115.0 8.84091123046875
116.0 8.07870322265625
117.0 14.77992373046875
118.0 14.940506640625
119.0 12.2459625
120.0 12.50574306640625
121.0 15.250753125
122.0 13.28895078125
123.0 13.79392451171875
124.0 12.671985546875
125.0 14.14894111328125
126.0 13.36812470703125
127.0 13.24804462890625
128.0 10.97209326171875
129.0 10.9606421875
130.0 10.5401638671875
131.0 11.16509326171875
132.0 11.826580859375
133.0 13.76441640625
134.0 11.94850888671875
135.0 12.14534462890625
136.0 13.56040322265625
137.0 13.02944423828125
138.0 12.90545
139.0 14.8241208984375
140.0 13.0454439453125
141.0 8.087411328125
142.0 10.94972041015625
143.0 11.22672275390625
144.0 11.29770400390625
145.0 10.5801548828125
146.0 13.026163671875
147.0 13.4404408203125
148.0 13.306348828125
149.0 14.35337880859375
150.0 10.9520986328125
151.0 12.29613642578125
152.0 11.56509404296875
153.0 12.36940751953125
154.0 12.25583984375
155.0 9.6468111328125
156.0 14.42372470703125
157.0 13.57319423828125
158.0 10.8158701171875
159.0 13.351842578125
160.0 10.773385546875
161.0 12.64736220703125
162.0 12.523733203125
163.0 12.67305205078125
164.0 11.9032048828125
165.0 11.180619921875
166.0 12.573923828125
167.0 13.31420166015625
168.0 11.91260341796875
169.0 11.46793388671875
170.0 8.65998583984375
171.0 12.563818359375
172.0 9.39257783203125
173.0 11.654556640625
174.0 12.87933486328125
175.0 12.4725625
176.0 10.62585126953125
177.0 12.24241806640625
178.0 12.5528984375
179.0 11.60633154296875
180.0 13.1539158203125
181.0 11.23366806640625
182.0 12.856726171875
183.0 11.5355353515625
184.0 9.8193103515625
185.0 5.22143974609375
186.0 11.1729375
187.0 7.84093291015625
188.0 9.41712109375
189.0 8.91311201171875
190.0 7.5688013671875
191.0 7.85477138671875
192.0 8.38611962890625
193.0 8.5282359375
194.0 8.1197599609375
195.0 7.728228125
196.0 6.938452734375
197.0 5.31368125
198.0 9.65158544921875
199.0 8.14187265625
200.0 8.90057880859375
201.0 8.72919501953125
202.0 8.2107005859375
203.0 8.438355859375
204.0 8.67808671875
205.0 7.07609609375
206.0 7.79903876953125
207.0 7.92597880859375
208.0 9.0898951171875
209.0 8.4225169921875
210.0 7.0456662109375
211.0 8.2595251953125
212.0 8.61905166015625
213.0 7.89426025390625
214.0 9.481278515625
215.0 11.8006015625
216.0 11.59400087890625
217.0 13.00638046875
218.0 11.674661328125
219.0 12.62391982421875
220.0 12.81811376953125
221.0 12.7077724609375
222.0 10.69006943359375
223.0 17.31115546875
224.0 13.4522634765625
225.0 12.69190107421875
226.0 10.95306435546875
227.0 9.28899580078125
228.0 16.29767177734375
229.0 13.87755322265625
230.0 12.688088671875
231.0 13.935032421875
232.0 11.8333150390625
233.0 13.0599208984375
234.0 12.72049267578125
235.0 11.76715263671875
236.0 12.49606220703125
237.0 14.28576875
238.0 13.130581640625
239.0 13.0549884765625
240.0 13.4147169921875
241.0 14.054976171875
242.0 13.72689326171875
243.0 11.91266640625
244.0 14.23512001953125
245.0 13.1878541015625
246.0 13.97030810546875
247.0 13.0251333984375
248.0 14.40761025390625
249.0 11.06029990234375
250.0 13.51748349609375
251.0 12.6280451171875
252.0 14.60205986328125
253.0 14.39059384765625
254.0 13.3330720703125
255.0 15.08057841796875
256.0 14.82373515625
257.0 13.48750322265625
258.0 0.0
259.0 0.0
260.0 33.30258837890625
261.0 13.86717314453125
262.0 11.2820537109375
263.0 11.64041142578125
264.0 12.93682578125
265.0 12.91503388671875
266.0 12.97486494140625
267.0 12.572416796875
268.0 13.64004541015625
269.0 9.5328076171875
270.0 13.21563623046875
271.0 14.914523828125
272.0 13.3116814453125
273.0 14.992805078125
274.0 17.149347265625
275.0 15.53706201171875
276.0 13.8952876953125
277.0 15.95197880859375
278.0 14.7018830078125
279.0 14.42025068359375
280.0 15.952728515625
281.0 16.13467890625
282.0 14.452197265625
283.0 12.3201486328125
284.0 12.311533203125
285.0 12.12547470703125
286.0 11.11621826171875
287.0 13.1320603515625
288.0 13.76152998046875
289.0 14.813131640625
290.0 12.94405966796875
291.0 15.265453515625
292.0 6.081774609375
293.0 9.7254224609375
294.0 12.34857734375
295.0 6.93017392578125
296.0 12.90923623046875
297.0 13.9077251953125
298.0 14.8040984375
299.0 12.4491697265625
300.0 13.6624115234375
301.0 15.84706640625
302.0 14.42908740234375
303.0 13.0577103515625
304.0 13.9321580078125
305.0 15.3296876953125
306.0 15.36070341796875
307.0 14.2712361328125
308.0 14.506587109375
309.0 14.7085275390625
310.0 15.2706013671875
311.0 13.82770732421875
312.0 14.248393359375
313.0 14.59714404296875
314.0 13.28112255859375
315.0 14.2111099609375
316.0 13.2854830078125
317.0 14.95152080078125
318.0 15.3192912109375
319.0 13.968475390625
320.0 14.72295146484375
321.0 14.89490439453125
322.0 12.949670703125
323.0 13.57107294921875
324.0 12.9811041015625
325.0 12.43552509765625
326.0 11.4299904296875
327.0 10.0722064453125
328.0 12.378705078125
329.0 13.49732119140625
330.0 13.28207958984375
331.0 13.9218564453125
332.0 12.54696396484375
333.0 7.6340041015625
334.0 11.9547501953125
335.0 10.56146689453125
336.0 15.6210640625
337.0 13.185370703125
338.0 11.44886708984375
339.0 11.62549287109375
340.0 8.170384375
341.0 11.68488154296875
342.0 10.54299052734375
343.0 9.779692578125
344.0 13.2352095703125
345.0 9.9651294921875
346.0 12.2401451171875
347.0 10.4490138671875
348.0 9.7974310546875
349.0 10.23483232421875
350.0 9.7516357421875
351.0 9.39305126953125
352.0 8.4477791015625
353.0 11.34765517578125
354.0 9.59071279296875
355.0 10.42901298828125
356.0 9.91639453125
357.0 9.11512451171875
358.0 10.028903125
359.0 9.936849609375
360.0 12.57389306640625
361.0 12.4434669921875
362.0 14.0463529296875
363.0 12.26935576171875
364.0 14.44167607421875
365.0 12.72774794921875
366.0 13.902857421875
367.0 12.94295771484375
368.0 13.23524375
369.0 11.636339453125
370.0 12.445422265625
371.0 12.013073828125
372.0 12.44589765625
373.0 9.64139404296875
374.0 13.77620771484375
375.0 12.71212109375
376.0 11.61449150390625
377.0 11.91129794921875
378.0 12.461455078125
379.0 13.83284580078125
380.0 11.33432998046875
381.0 12.3734189453125
382.0 13.146450390625
383.0 12.6884611328125
384.0 11.62760537109375
385.0 13.4473078125
386.0 14.3064248046875
387.0 12.60256904296875
388.0 13.2027580078125
389.0 13.43735634765625
390.0 13.9139892578125
391.0 13.2658388671875
392.0 14.41200224609375
393.0 12.7709240234375
394.0 14.60512255859375
395.0 12.86565361328125
396.0 14.32878369140625
397.0 10.79038740234375
398.0 9.6798787109375
399.0 7.5994328125
400.0 16.02241240234375
401.0 14.512580859375
402.0 12.57217958984375
403.0 13.043878125
404.0 12.5545619140625
405.0 13.746756640625
406.0 13.2837865234375
407.0 10.79898974609375
408.0 7.2427408203125
409.0 8.90771064453125
410.0 8.31873916015625
411.0 8.2098720703125
412.0 13.304652734375
413.0 15.8808482421875
414.0 15.20065556640625
415.0 16.39462724609375
416.0 13.87715947265625
417.0 9.0765650390625
418.0 10.07170966796875
419.0 9.60699599609375
420.0 8.97042900390625
421.0 9.22976484375
422.0 9.28242626953125
423.0 9.153701171875
424.0 9.483477734375
425.0 9.84137431640625
426.0 11.534018359375
427.0 11.3012330078125
428.0 16.0708037109375
429.0 11.25901728515625
430.0 12.89140185546875
431.0 14.4936787109375
432.0 16.15365341796875
433.0 12.53040732421875
434.0 15.08717138671875
435.0 13.88791650390625
436.0 12.834273828125
437.0 9.50490029296875
438.0 18.90446728515625
439.0 11.8090083984375
440.0 13.62676826171875
441.0 11.2885759765625
442.0 16.01089169921875
443.0 12.2228759765625
444.0 9.7636078125
445.0 13.1689890625
446.0 11.0008646484375
447.0 12.30149306640625
448.0 11.639156640625
449.0 11.19913251953125
450.0 13.174815234375
451.0 13.1202216796875
452.0 14.94831181640625
453.0 11.09236826171875
454.0 12.92308203125
455.0 14.0025322265625
456.0 10.7824091796875
457.0 12.09698916015625
458.0 13.8929080078125
459.0 12.3231470703125
460.0 11.039844921875
461.0 13.95352080078125
462.0 13.16404677734375
463.0 12.39086611328125
464.0 15.0397560546875
465.0 13.716917578125
466.0 12.2703671875
467.0 13.00334169921875
468.0 12.4253216796875
469.0 12.4806169921875
470.0 12.8616482421875
471.0 13.643484375
472.0 13.8697396484375
473.0 11.30268310546875
474.0 14.45774169921875
475.0 11.32061904296875
476.0 10.77044619140625
477.0 9.20349775390625
478.0 10.12251181640625
479.0 11.5590412109375
480.0 10.24740771484375
481.0 10.1555810546875
482.0 10.58674091796875
483.0 11.7111873046875
484.0 12.6273828125
485.0 9.4612044921875
486.0 8.25234560546875
487.0 11.3761689453125
488.0 8.99653876953125
489.0 10.26168037109375
490.0 9.31715439453125
491.0 11.076626953125
492.0 13.22689072265625
493.0 11.63667841796875
494.0 10.3227365234375
495.0 9.5654396484375
496.0 10.730487109375
497.0 11.79149326171875
498.0 8.237315625
499.0 10.80701025390625
500.0 10.21034228515625
501.0 10.5556259765625
502.0 11.758428125
503.0 7.1697876953125
504.0 11.46080732421875
505.0 8.4200470703125
506.0 2.88635
507.0 7.7829345703125
508.0 7.36854970703125
509.0 6.174725390625
510.0 6.98148134765625
511.0 5.302851171875
512.0 7.579976171875
513.0 9.18054287109375
514.0 8.3364806640625
515.0 7.56466923828125
516.0 5.3375513671875
517.0 6.6657658203125
518.0 8.41262880859375
519.0 8.80402568359375
520.0 8.18085166015625
521.0 7.6118
522.0 7.06937841796875
523.0 7.60316845703125
524.0 10.5911099609375
525.0 8.0025328125
526.0 7.22209306640625
527.0 8.9932580078125
528.0 8.20543076171875
529.0 7.66026572265625
530.0 11.43302822265625
531.0 9.1589765625
532.0 12.8976951171875
533.0 12.379122265625
534.0 11.7421341796875
535.0 10.27807548828125
536.0 10.019154296875
537.0 10.65861708984375
538.0 9.380944140625
539.0 13.9065513671875
540.0 9.95599931640625
541.0 10.86676015625
542.0 13.14594248046875
543.0 12.63735673828125
544.0 11.021791015625
545.0 9.4018921875
546.0 7.77227255859375
547.0 8.92134873046875
548.0 8.04006552734375
549.0 8.1320310546875
550.0 7.85859169921875
551.0 8.5723892578125
552.0 8.81874619140625
553.0 14.0668845703125
554.0 13.9212369140625
555.0 15.6710205078125
556.0 12.867195703125
557.0 15.3338416015625
558.0 12.87382998046875
559.0 12.88019853515625
560.0 12.5717529296875
561.0 14.11028623046875
562.0 16.34574033203125
563.0 11.4508421875
564.0 9.11986787109375
565.0 8.30988662109375
566.0 12.61327607421875
567.0 11.84196220703125
568.0 10.66509697265625
569.0 12.3294146484375
570.0 10.97183984375
571.0 10.352521484375
572.0 17.33344970703125
573.0 8.1860560546875
574.0 14.06472646484375
575.0 10.596103125
576.0 10.90683291015625
577.0 11.04736083984375
578.0 12.07293583984375
579.0 8.05532626953125
580.0 8.848598046875
581.0 8.69035927734375
582.0 8.0472638671875
583.0 7.63516806640625
584.0 9.92791220703125
585.0 7.024498828125
586.0 14.5578228515625
587.0 12.67271337890625
588.0 13.28189248046875
589.0 11.6734974609375
590.0 8.15471455078125
591.0 9.23302900390625
592.0 12.27193193359375
593.0 11.4053658203125
594.0 12.278259765625
595.0 13.07389873046875
596.0 11.975375
597.0 12.77869677734375
598.0 10.6957521484375
599.0 11.764950390625
600.0 9.7231642578125
601.0 8.9342060546875
602.0 9.80877568359375
603.0 8.72986142578125
604.0 9.70024033203125
605.0 7.7819009765625
606.0 7.70202724609375
607.0 11.9428673828125
608.0 15.52894990234375
609.0 13.480996875
610.0 13.39564072265625
611.0 14.1289392578125
612.0 11.224888671875
613.0 9.32299072265625
614.0 7.5742578125
615.0 8.35088779296875
616.0 8.11041220703125
617.0 7.91471728515625
618.0 10.55463876953125
619.0 13.0811958984375
620.0 9.94621435546875
621.0 7.09533193359375
622.0 12.7158638671875
623.0 12.168369921875
624.0 11.9863001953125
625.0 11.8488916015625
626.0 12.0102921875
627.0 13.59082255859375
628.0 10.2541607421875
629.0 11.2301583984375
630.0 13.79927275390625
631.0 16.307268359375
632.0 12.07601787109375
633.0 13.88399560546875
634.0 13.55470888671875
635.0 12.22788662109375
636.0 9.64950458984375
637.0 12.978408984375
638.0 12.5893984375
639.0 11.8356908203125
640.0 11.34097939453125
641.0 10.75006435546875
642.0 14.23828623046875
643.0 10.4097404296875
644.0 11.46468310546875
645.0 13.18685517578125
646.0 12.7277025390625
647.0 11.63160439453125
648.0 11.250037109375
649.0 12.19008515625
650.0 12.311317578125
651.0 13.8529607421875
652.0 8.79726337890625
653.0 14.390740234375
654.0 13.21111591796875
655.0 13.165518359375
656.0 11.242904296875
657.0 9.9290947265625
658.0 10.86211767578125
659.0 10.88824814453125
660.0 12.85064736328125
661.0 13.46385859375
662.0 11.162380078125
663.0 11.22901865234375
664.0 13.4995671875
665.0 11.7451384765625
666.0 11.76335341796875
667.0 12.17851845703125
668.0 13.75704189453125
669.0 12.7741666015625
670.0 13.59595302734375
671.0 10.78780498046875
672.0 13.32985927734375
673.0 9.24943525390625
674.0 10.50182666015625
675.0 11.30508212890625
676.0 11.62603359375
677.0 10.76385546875
678.0 12.938630078125
679.0 13.52070341796875
680.0 13.80183701171875
681.0 12.9578349609375
682.0 11.82388955078125
683.0 12.2637927734375
684.0 13.1144587890625
685.0 13.35115947265625
686.0 11.66421572265625
687.0 8.91751943359375
688.0 8.2958474609375
689.0 7.92398388671875
690.0 10.501201171875
691.0 9.08843837890625
692.0 10.40207861328125
693.0 12.70873408203125
694.0 12.18903623046875
695.0 11.71019248046875
696.0 8.82915732421875
697.0 11.90663232421875
698.0 12.32017509765625
699.0 9.7296861328125
700.0 9.0419060546875
701.0 7.07120458984375
702.0 3.506246484375
703.0 8.6941685546875
704.0 7.172062109375
705.0 9.37817373046875
706.0 8.55443369140625
707.0 8.03283740234375
708.0 8.23254287109375
709.0 8.010765625
710.0 8.43004990234375
711.0 8.7966076171875
712.0 8.28053828125
713.0 8.7818615234375
714.0 9.66498818359375
715.0 8.37422431640625
716.0 8.7721810546875
717.0 5.56325888671875
718.0 11.31183349609375
719.0 8.39673193359375
720.0 7.70139072265625
721.0 9.27989873046875
722.0 8.43602421875
723.0 8.07275244140625
724.0 8.5812482421875
725.0 11.61204873046875
726.0 13.2135076171875
727.0 12.9316748046875
728.0 13.21574755859375
729.0 12.2628880859375
730.0 13.555802734375
731.0 13.08394560546875
732.0 12.00908427734375
733.0 11.29921171875
734.0 12.14295166015625
735.0 10.78644033203125
736.0 11.79540927734375
737.0 7.523310546875
738.0 14.44227548828125
739.0 9.858284765625
740.0 13.7471505859375
741.0 13.9734716796875
742.0 10.48965537109375
743.0 11.47062958984375
744.0 12.07505224609375
745.0 12.68201083984375
746.0 12.88927265625
747.0 12.6383453125
748.0 10.27177333984375
749.0 12.88957744140625
750.0 12.74661328125
751.0 14.15950263671875
752.0 12.49968642578125
753.0 13.47304375
754.0 13.423482421875
755.0 10.89828984375
756.0 12.50711103515625
757.0 11.52484189453125
758.0 10.1525404296875
759.0 3.275816015625
760.0 8.252373828125
761.0 11.06173388671875
762.0 11.3606109375
763.0 9.65794169921875
764.0 10.98993203125
765.0 11.03314287109375
766.0 12.86957548828125
767.0 13.48731171875
768.0 14.17705927734375
769.0 14.13180693359375
770.0 12.78187197265625
771.0 10.5443263671875
772.0 13.339244921875
773.0 13.048019921875
774.0 12.50826591796875
775.0 12.427445703125
776.0 12.108352734375
777.0 13.92389892578125
778.0 12.4124732421875
779.0 10.49725830078125
780.0 12.8130404296875
781.0 9.59807578125
782.0 11.04730615234375
783.0 11.28683203125
784.0 13.15367783203125
785.0 13.27151279296875
786.0 10.75795380859375
787.0 13.39990029296875
788.0 12.11643984375
789.0 12.534387890625
790.0 13.424744921875
791.0 11.813902734375
792.0 9.86313583984375
793.0 10.98256474609375
794.0 12.2405255859375
795.0 12.1482685546875
796.0 12.34872021484375
797.0 8.8733361328125
798.0 11.62599560546875
799.0 9.54098642578125
