0.0 7.4161939453125
1.0 7.1834396484375
2.0 10.165500390625
3.0 8.522099609375
4.0 11.67330068359375
5.0 15.06073828125
6.0 12.6405953125
7.0 14.2118177734375
8.0 15.14359892578125
9.0 12.4371955078125
10.0 15.71401650390625
11.0 14.45187158203125
12.0 15.9315841796875
13.0 16.77844111328125
14.0 14.6728419921875
15.0 16.94700244140625
16.0 16.60044384765625
17.0 16.225279296875
18.0 16.80487158203125
19.0 15.81476376953125
20.0 15.4303314453125
21.0 15.24613046875
22.0 14.7951501953125
23.0 15.5611072265625
24.0 13.51342607421875
25.0 14.17624091796875
26.0 16.78818515625
27.0 16.74458046875
28.0 15.65707880859375
29.0 14.0500388671875
30.0 15.07849326171875
31.0 15.8488607421875
32.0 16.4330572265625
33.0 13.33140732421875
34.0 16.77173779296875
35.0 12.20899248046875
36.0 15.768501953125
37.0 10.699065234375
38.0 15.72459716796875
39.0 15.52178984375
40.0 13.51906728515625
41.0 12.1002271484375
42.0 12.74062490234375
43.0 14.882117578125
44.0 13.25886318359375
45.0 16.3583916015625
46.0 16.82620517578125
47.0 13.62189111328125
48.0 14.024807421875
49.0 13.21591103515625
50.0 5.9209365234375
51.0 24.07419443359375
52.0 10.40241572265625
53.0 17.87342119140625
54.0 5.0211474609375
55.0 9.30596865234375
56.0 17.45513466796875
57.0 17.62103369140625
58.0 15.20141279296875
59.0 15.956155859375
60.0 14.79455888671875
61.0 11.6293501953125
62.0 11.7603548828125
63.0 10.681204296875
64.0 13.860742578125
65.0 16.46903046875
66.0 13.3056546875
67.0 13.97568544921875
68.0 15.38782412109375
69.0 15.232719921875
70.0 16.64692275390625
71.0 15.0226833984375
72.0 14.33101005859375
73.0 15.2447638671875
74.0 14.0875658203125
75.0 12.20806181640625
76.0 16.479008984375
77.0 16.5001412109375
78.0 16.78700576171875
79.0 15.39070810546875
80.0 17.13702880859375
81.0 16.4811369140625
82.0 15.3269365234375
83.0 16.108630859375
84.0 16.6121619140625
85.0 15.41110087890625
86.0 18.85240380859375
87.0 14.6271537109375
88.0 12.80783154296875
89.0 16.070290625
90.0 16.464808984375
91.0 15.61088271484375
92.0 17.3777326171875
93.0 17.1559822265625
94.0 15.8353634765625
95.0 16.60382080078125
96.0 16.75635146484375
97.0 16.7886783203125
98.0 15.12819169921875
99.0 17.2889080078125
100.0 15.30820185546875
101.0 16.73875009765625
102.0 17.51181416015625
103.0 14.75633369140625
104.0 16.3179091796875
105.0 17.29488486328125
106.0 14.9236228515625
107.0 16.58053583984375
108.0 15.34643134765625
109.0 15.03648974609375
110.0 16.30301015625
111.0 16.060183203125
112.0 16.13939931640625
113.0 14.8090271484375
114.0 15.01234482421875
115.0 16.016312109375
116.0 12.034769140625
117.0 14.17702001953125
118.0 14.85939619140625
119.0 13.29305908203125
120.0 14.3764970703125
121.0 12.3949900390625
122.0 8.280259375
123.0 11.37373759765625
124.0 13.65082822265625
125.0 10.71694931640625
126.0 11.60380498046875
127.0 13.77748291015625
128.0 13.57079228515625
129.0 12.19635615234375
130.0 14.122875390625
131.0 13.29467392578125
132.0 10.82990380859375
133.0 14.1545830078125
134.0 13.08163603515625
135.0 10.3731123046875
136.0 9.12291884765625
137.0 14.05647265625
138.0 12.59831962890625
139.0 13.6368376953125
140.0 13.279340234375
141.0 13.0558673828125
142.0 13.8585779296875
143.0 14.72755224609375
144.0 11.0003205078125
145.0 13.420323828125
146.0 12.99042958984375
147.0 9.9812748046875
148.0 12.276197265625
149.0 13.2981517578125
150.0 11.86895673828125
151.0 9.96551982421875
152.0 11.68130224609375
153.0 11.9941345703125
154.0 11.55746689453125
155.0 9.79757109375
156.0 12.77198701171875
157.0 12.66682587890625
158.0 12.98524443359375
159.0 8.05006240234375
160.0 13.50414521484375
161.0 12.1954447265625
162.0 12.585864453125
163.0 11.66273544921875
164.0 10.85019501953125
165.0 12.80665791015625
166.0 13.6025859375
167.0 12.201762109375
168.0 13.18366240234375
169.0 13.16304794921875
170.0 11.75187353515625
171.0 14.6234400390625
172.0 13.617294921875
173.0 12.7514376953125
174.0 14.05611416015625
175.0 13.62715634765625
176.0 15.74015703125
177.0 13.87304833984375
178.0 15.05862587890625
179.0 14.27696435546875
180.0 12.50439306640625
181.0 14.7894892578125
182.0 14.84639267578125
183.0 13.4637408203125
184.0 13.99522978515625
185.0 13.32212470703125
186.0 12.32314794921875
187.0 13.85113173828125
188.0 14.1765626953125
189.0 12.48451318359375
190.0 13.02800087890625
191.0 13.47607919921875
192.0 13.17920478515625
193.0 10.8582560546875
194.0 12.8395400390625
195.0 11.92818798828125
196.0 12.9049216796875
197.0 11.72813388671875
198.0 9.53632841796875
199.0 14.7602845703125
200.0 10.3699763671875
201.0 10.77277177734375
202.0 12.41198466796875
203.0 13.9489208984375
204.0 13.79044248046875
205.0 12.966758203125
206.0 14.89041572265625
207.0 14.641648828125
208.0 13.65389443359375
209.0 16.36164599609375
210.0 15.1513517578125
211.0 13.67274697265625
212.0 15.99383671875
213.0 15.3226779296875
214.0 12.9250755859375
215.0 14.84781884765625
216.0 14.2849640625
217.0 12.635815625
218.0 14.321365234375
219.0 13.88166962890625
220.0 13.54091005859375
221.0 13.5488673828125
222.0 14.35786630859375
223.0 13.23673291015625
224.0 13.674623828125
225.0 14.69604951171875
226.0 14.3988416015625
227.0 13.6419478515625
228.0 14.060097265625
229.0 13.85578701171875
230.0 13.03807470703125
231.0 11.603274609375
232.0 13.429215234375
233.0 6.537846484375
234.0 5.319477734375
235.0 8.260013671875
236.0 12.8361568359375
237.0 10.9441310546875
238.0 13.761515234375
239.0 11.41491513671875
240.0 13.73950986328125
241.0 13.01953876953125
242.0 13.16040322265625
243.0 11.59447080078125
244.0 13.52874599609375
245.0 11.84930498046875
246.0 13.11136953125
247.0 11.8511255859375
248.0 13.01264140625
249.0 12.28381689453125
250.0 10.22844423828125
251.0 7.43990009765625
252.0 1.238019140625
253.0 2.0479734375
254.0 0.766624609375
255.0 1.30250556640625
256.0 1.8688978515625
257.0 1.98476982421875
258.0 1.09652001953125
259.0 2.43692001953125
260.0 2.682125
261.0 2.0128982421875
262.0 1.72585244140625
263.0 7.14395859375
264.0 15.69639599609375
265.0 17.5540974609375
266.0 14.27906630859375
267.0 12.23691181640625
268.0 12.60788583984375
269.0 11.56694990234375
270.0 13.5898921875
271.0 14.13142744140625
272.0 13.20500380859375
273.0 11.43293740234375
274.0 5.680809765625
275.0 9.57917021484375
276.0 13.02364619140625
277.0 9.931103125
278.0 8.4046005859375
279.0 13.7720541015625
280.0 13.15798251953125
281.0 15.46944384765625
282.0 14.2682083984375
283.0 11.80433291015625
284.0 12.0309826171875
285.0 10.74034892578125
286.0 9.95916064453125
287.0 12.25515869140625
288.0 15.29536748046875
289.0 14.620255078125
290.0 13.8088990234375
291.0 10.434172265625
292.0 7.4100533203125
293.0 12.66390263671875
294.0 14.1586029296875
295.0 13.224980859375
296.0 8.609591796875
297.0 10.00855732421875
298.0 9.84512333984375
299.0 9.60495771484375
300.0 4.67173037109375
301.0 2.30753486328125
302.0 3.08898720703125
303.0 8.45179755859375
304.0 11.31072236328125
305.0 12.1981794921875
306.0 12.87958798828125
307.0 12.39322734375
308.0 13.78817568359375
309.0 15.05007412109375
310.0 13.71150732421875
311.0 1.0761115234375
312.0 0.27086650390625
313.0 0.79974609375
314.0 2.73498837890625
315.0 13.142962109375
316.0 11.45422724609375
317.0 10.76168154296875
318.0 12.72287353515625
319.0 12.54106162109375
320.0 9.93364833984375
321.0 7.82871279296875
322.0 8.8586341796875
323.0 9.5631275390625
324.0 6.51337041015625
325.0 10.1426021484375
326.0 11.0081076171875
327.0 11.5237548828125
328.0 14.14404072265625
329.0 13.92914248046875
330.0 13.3681158203125
331.0 12.09492568359375
332.0 12.85744794921875
333.0 11.194544140625
334.0 12.65152451171875
335.0 11.4061890625
336.0 13.14652587890625
337.0 14.04145751953125
338.0 11.1645783203125
339.0 10.31820322265625
340.0 12.48785810546875
341.0 12.45400283203125
342.0 13.823140625
343.0 16.34821455078125
344.0 14.195328515625
345.0 16.7960115234375
346.0 17.82747197265625
347.0 19.2904609375
348.0 15.99132451171875
349.0 11.16258603515625
350.0 14.85255478515625
351.0 15.3375080078125
352.0 16.6635720703125
353.0 14.39848212890625
354.0 15.49842080078125
355.0 16.37316318359375
356.0 9.27650869140625
357.0 15.2343505859375
358.0 15.03128369140625
359.0 17.0154453125
360.0 15.90723701171875
361.0 15.21213525390625
362.0 17.45622255859375
363.0 13.55211484375
364.0 15.31539267578125
365.0 13.26685107421875
366.0 11.988328515625
367.0 13.108444140625
368.0 13.65529833984375
369.0 13.94483369140625
370.0 12.117160546875
371.0 15.19688271484375
372.0 10.6795638671875
373.0 7.96368115234375
374.0 17.74764794921875
375.0 14.14090048828125
376.0 12.09462646484375
377.0 13.291824609375
378.0 14.46536455078125
379.0 13.78461328125
380.0 16.18046357421875
381.0 16.37490615234375
382.0 12.84428056640625
383.0 14.91470361328125
384.0 16.3553462890625
385.0 17.06941611328125
386.0 0.58893916015625
387.0 3.93846015625
388.0 16.3388501953125
389.0 20.92300419921875
390.0 20.148862890625
391.0 17.73485263671875
392.0 14.769746484375
393.0 14.8346849609375
394.0 13.25837880859375
395.0 2.15858984375
396.0 4.1088466796875
397.0 14.9964462890625
398.0 10.29407333984375
399.0 9.07235673828125
400.0 1.8663767578125
401.0 3.1926275390625
402.0 5.26197138671875
403.0 4.98645908203125
404.0 2.571819140625
405.0 7.113459765625
406.0 18.4885162109375
407.0 19.8166162109375
408.0 15.90389453125
409.0 17.0918349609375
410.0 15.4226216796875
411.0 18.04346201171875
412.0 17.66130078125
413.0 16.8691556640625
414.0 11.65860830078125
415.0 14.67270869140625
416.0 16.3374478515625
417.0 14.9610048828125
418.0 18.15523974609375
419.0 16.50673935546875
420.0 17.96850244140625
421.0 16.4084228515625
422.0 17.62310048828125
423.0 10.82660009765625
424.0 23.3175873046875
425.0 17.89819208984375
426.0 15.0986771484375
427.0 16.8738990234375
428.0 15.74843720703125
429.0 14.87578466796875
430.0 14.43061337890625
431.0 16.03265302734375
432.0 15.97017763671875
433.0 17.1228068359375
434.0 17.56038095703125
435.0 16.1800224609375
436.0 16.72358212890625
437.0 18.03819921875
438.0 17.11279638671875
439.0 17.06208828125
440.0 16.14543779296875
441.0 16.77642158203125
442.0 16.08671572265625
443.0 16.0860880859375
444.0 16.62347412109375
445.0 17.2963056640625
446.0 19.0827443359375
447.0 16.86482587890625
448.0 15.96974609375
449.0 17.974442578125
450.0 15.6263400390625
451.0 15.72151875
452.0 16.05328828125
453.0 14.1488611328125
454.0 17.151490234375
455.0 18.13324208984375
456.0 15.60215791015625
457.0 16.8895384765625
458.0 16.07564873046875
459.0 14.37182548828125
460.0 15.258887109375
461.0 15.720945703125
462.0 18.11644814453125
463.0 17.84701435546875
464.0 15.01873212890625
465.0 16.15048271484375
466.0 16.36451943359375
467.0 15.27734970703125
468.0 14.08852919921875
469.0 15.63107353515625
470.0 14.96880361328125
471.0 13.9137732421875
472.0 14.685330078125
473.0 11.95158173828125
474.0 13.0656255859375
475.0 12.7590009765625
476.0 13.14925712890625
477.0 11.61495029296875
478.0 10.7900337890625
479.0 9.145373046875
480.0 4.68456162109375
481.0 9.6857771484375
482.0 13.4552623046875
483.0 11.08750517578125
484.0 13.57816416015625
485.0 12.1195966796875
486.0 6.779559765625
487.0 10.875226171875
488.0 14.1917064453125
489.0 13.6708396484375
490.0 13.61456337890625
491.0 12.37076240234375
492.0 11.63841123046875
493.0 12.89618662109375
494.0 13.39631572265625
495.0 12.17211005859375
496.0 12.8697326171875
497.0 14.2551173828125
498.0 14.02978515625
499.0 11.71533876953125
500.0 13.31378486328125
501.0 14.095856640625
502.0 12.51015771484375
503.0 14.78829375
504.0 13.1905728515625
505.0 14.31054111328125
506.0 11.8398119140625
507.0 13.89916416015625
508.0 13.00514599609375
509.0 9.49636123046875
510.0 3.3893078125
511.0 1.97596240234375
512.0 2.1133083984375
513.0 3.4163833984375
514.0 7.115135546875
515.0 15.09334345703125
516.0 12.71072587890625
517.0 14.36864599609375
518.0 14.6104646484375
519.0 15.77195
520.0 15.14408486328125
521.0 14.582810546875
522.0 15.4659873046875
523.0 13.7098578125
524.0 14.91017080078125
525.0 14.16397470703125
526.0 4.01747451171875
527.0 1.196234765625
528.0 2.56564404296875
529.0 1.9614779296875
530.0 2.00595986328125
531.0 2.29299912109375
532.0 2.800203515625
533.0 2.3864064453125
534.0 2.252537109375
535.0 4.1115349609375
536.0 1.6064681640625
537.0 2.16269306640625
538.0 1.83150107421875
539.0 1.812194921875
540.0 3.49809345703125
541.0 2.311238671875
542.0 2.09656708984375
543.0 3.58676025390625
544.0 1.70031083984375
545.0 12.26403505859375
546.0 17.44918779296875
547.0 20.78758095703125
548.0 21.0023533203125
549.0 21.466329296875
550.0 20.7650494140625
551.0 19.901151953125
552.0 19.4863380859375
553.0 17.4507765625
554.0 16.95980615234375
555.0 16.646525
556.0 15.91833154296875
557.0 17.1958181640625
558.0 8.846025390625
559.0 1.651744921875
560.0 41.6030513671875
561.0 18.6391505859375
562.0 16.50437734375
563.0 17.83477880859375
564.0 16.5246232421875
565.0 15.57238671875
566.0 16.72098642578125
567.0 14.9264326171875
568.0 18.22979638671875
569.0 16.297875390625
570.0 13.80032978515625
571.0 16.36786552734375
572.0 13.91197802734375
573.0 15.781480859375
574.0 15.18169345703125
575.0 13.3094568359375
576.0 15.21487412109375
577.0 15.88792109375
578.0 11.296640234375
579.0 9.85356865234375
580.0 14.30630322265625
581.0 13.40874833984375
582.0 17.00850458984375
583.0 7.03403388671875
584.0 12.87281884765625
585.0 16.225818359375
586.0 14.62149296875
587.0 14.527321484375
588.0 15.43576640625
589.0 15.9737986328125
590.0 12.736069140625
591.0 15.5640099609375
592.0 14.6057779296875
593.0 13.56425234375
594.0 14.1456974609375
595.0 15.441873046875
596.0 13.04900361328125
597.0 14.271493359375
598.0 9.9195521484375
599.0 12.54353876953125
600.0 13.86759990234375
601.0 13.183970703125
602.0 12.16828798828125
603.0 7.67657841796875
604.0 19.118523828125
605.0 13.0132490234375
606.0 10.41992890625
607.0 11.89159521484375
608.0 12.92591865234375
609.0 11.27987392578125
610.0 11.72739716796875
611.0 12.2188958984375
612.0 13.61477724609375
613.0 14.31247294921875
614.0 13.89010185546875
615.0 13.09744755859375
616.0 13.798480859375
617.0 13.07806640625
618.0 12.06541298828125
619.0 14.1702576171875
620.0 14.909310546875
621.0 12.49930283203125
622.0 13.701541796875
623.0 13.79872529296875
624.0 13.32315693359375
625.0 11.89233681640625
626.0 11.68961240234375
627.0 13.14560556640625
628.0 13.0100330078125
629.0 10.6729818359375
630.0 12.9492482421875
631.0 13.19851533203125
632.0 10.93082412109375
633.0 12.58009150390625
634.0 11.01913935546875
635.0 10.84344990234375
636.0 12.86888955078125
637.0 12.39142119140625
638.0 11.6245646484375
639.0 11.4023173828125
640.0 12.70022529296875
641.0 13.11830625
642.0 12.66698916015625
643.0 15.43680107421875
644.0 12.8079021484375
645.0 11.29199541015625
646.0 13.95571025390625
647.0 14.25594931640625
648.0 15.4384201171875
649.0 12.8936962890625
650.0 15.1898400390625
651.0 15.24690224609375
652.0 14.06847373046875
653.0 12.49857724609375
654.0 16.2375705078125
655.0 6.03663759765625
656.0 4.536976171875
657.0 12.976934375
658.0 13.74489970703125
659.0 16.28010712890625
660.0 16.65393154296875
661.0 15.3036248046875
662.0 16.87182890625
663.0 13.35462001953125
664.0 13.78706064453125
665.0 16.40727177734375
666.0 12.52558251953125
667.0 16.58697197265625
668.0 14.579133203125
669.0 12.80890400390625
670.0 14.68957314453125
671.0 12.7606048828125
672.0 12.65694248046875
673.0 14.2561888671875
674.0 15.263682421875
675.0 14.78263330078125
676.0 14.0342375
677.0 13.283726953125
678.0 15.65872783203125
679.0 15.29053583984375
680.0 15.45465
681.0 15.00691103515625
682.0 3.34266376953125
683.0 1.7292333984375
684.0 2.2375033203125
685.0 2.9732828125
686.0 2.33341220703125
687.0 3.93766572265625
688.0 8.28498935546875
689.0 6.90643525390625
690.0 5.52635224609375
691.0 5.19164873046875
692.0 12.125471875
693.0 11.1900484375
694.0 9.59387255859375
695.0 7.285422265625
696.0 3.0581978515625
697.0 3.23825908203125
698.0 1.7109365234375
699.0 2.22631103515625
700.0 2.07181181640625
701.0 4.76638662109375
702.0 12.26592001953125
703.0 9.7661703125
704.0 5.8636283203125
705.0 4.135131640625
706.0 6.49713134765625
707.0 7.2145931640625
708.0 6.058484375
709.0 2.57052607421875
710.0 1.90458818359375
711.0 3.52162587890625
712.0 9.54533251953125
713.0 10.405394140625
714.0 10.77658720703125
715.0 9.39755390625
716.0 13.00530458984375
717.0 11.77892216796875
718.0 11.2328009765625
719.0 7.8586091796875
720.0 12.5044833984375
721.0 10.83384453125
722.0 11.0701435546875
723.0 12.1335947265625
724.0 10.3127263671875
725.0 6.6876115234375
726.0 2.888044921875
727.0 5.46305888671875
728.0 7.4212078125
729.0 3.91088505859375
730.0 3.51074580078125
731.0 2.30991748046875
732.0 7.53069287109375
733.0 12.8566025390625
734.0 8.84815244140625
735.0 13.98574794921875
736.0 13.09580322265625
737.0 12.2840962890625
738.0 13.5111513671875
739.0 9.9049857421875
740.0 10.103410546875
741.0 10.29577236328125
742.0 13.64295390625
743.0 12.51369189453125
744.0 10.62639140625
745.0 11.11975478515625
746.0 7.50378662109375
747.0 11.9218462890625
748.0 11.52194658203125
749.0 13.69612841796875
750.0 13.5490947265625
751.0 13.18309619140625
752.0 16.044111328125
753.0 12.881351171875
754.0 4.38297314453125
755.0 10.95652802734375
756.0 13.74415185546875
757.0 8.66086572265625
758.0 11.70511845703125
759.0 10.89477646484375
760.0 0.0
761.0 0.0
762.0 26.1706412109375
763.0 11.77346875
764.0 12.40580693359375
765.0 10.46128984375
766.0 11.28328759765625
767.0 10.90929287109375
768.0 11.81623857421875
769.0 6.43254755859375
770.0 2.3034115234375
771.0 9.1908318359375
772.0 13.15840439453125
773.0 9.95468505859375
774.0 9.86699814453125
775.0 14.5769400390625
776.0 12.97588251953125
777.0 11.864814453125
778.0 11.89340693359375
779.0 12.12374658203125
780.0 9.6624349609375
781.0 13.2290673828125
782.0 15.209034375
783.0 14.1920189453125
784.0 15.14623720703125
785.0 15.40347705078125
786.0 16.3850865234375
787.0 14.040621484375
788.0 15.75576259765625
789.0 16.3985326171875
790.0 10.3287498046875
791.0 12.25258984375
792.0 14.78490146484375
793.0 13.72865068359375
794.0 14.79635615234375
795.0 15.5698505859375
796.0 13.60369658203125
797.0 12.72377041015625
798.0 14.3700208984375
799.0 10.176730859375
