0.0 9.924716796875
1.0 15.6727986328125
2.0 17.7701005859375
3.0 13.35708037109375
4.0 15.66894208984375
5.0 14.1983828125
6.0 17.25789609375
7.0 18.14278681640625
8.0 13.38440205078125
9.0 8.9897830078125
10.0 13.8927345703125
11.0 4.67949189453125
12.0 9.6255833984375
13.0 12.12203984375
14.0 0.0
15.0 0.0
16.0 21.8835841796875
17.0 1.99821123046875
18.0 0.45786279296875
19.0 3.58418017578125
20.0 2.09508203125
21.0 2.45760517578125
22.0 15.04171181640625
23.0 10.649994140625
24.0 13.8318892578125
25.0 12.29768212890625
26.0 12.0980541015625
27.0 13.005827734375
28.0 12.45274375
29.0 8.61760244140625
30.0 18.76690927734375
31.0 11.04779765625
32.0 14.12840791015625
33.0 19.18342890625
34.0 11.24100888671875
35.0 15.33050166015625
36.0 12.6978296875
37.0 18.4473158203125
38.0 8.50103955078125
39.0 14.03278837890625
40.0 14.18942666015625
41.0 12.47708857421875
42.0 12.03685859375
43.0 11.507269140625
44.0 15.2407375
45.0 16.8816728515625
46.0 10.3764845703125
47.0 15.71527353515625
48.0 15.46777490234375
49.0 12.81350986328125
50.0 13.2912126953125
51.0 13.42047216796875
52.0 17.08590048828125
53.0 13.11156298828125
54.0 11.1517955078125
55.0 13.25871611328125
56.0 15.440885546875
57.0 9.75621767578125
58.0 5.83140810546875
59.0 16.0282837890625
60.0 14.477725390625
61.0 11.5050638671875
62.0 17.77466552734375
63.0 15.75502470703125
64.0 18.2486669921875
65.0 13.6750283203125
66.0 11.922598046875
67.0 8.27634853515625
68.0 18.47181513671875
69.0 13.5710884765625
70.0 12.55404697265625
71.0 10.9608048828125
72.0 16.7928765625
73.0 13.18829091796875
74.0 11.97413857421875
75.0 20.6042974609375
76.0 16.8367787109375
77.0 11.28685029296875
78.0 19.17110654296875
79.0 17.91739140625
80.0 14.66209990234375
81.0 11.436775390625
82.0 13.1797326171875
83.0 20.6703267578125
84.0 18.19437646484375
85.0 8.83988271484375
86.0 7.83398857421875
87.0 9.90070224609375
88.0 13.86228544921875
89.0 12.87851513671875
90.0 12.3616927734375
91.0 7.43497236328125
92.0 7.0918083984375
93.0 2.9209830078125
94.0 4.7682220703125
95.0 8.42997373046875
96.0 20.9958392578125
97.0 13.28975185546875
98.0 10.5298228515625
99.0 15.58869384765625
100.0 15.583744140625
101.0 6.79624384765625
102.0 14.133139453125
103.0 15.35088662109375
104.0 18.66532890625
105.0 18.28275185546875
106.0 13.994894140625
107.0 19.94960341796875
108.0 25.90137744140625
109.0 15.9386568359375
110.0 16.56267177734375
111.0 20.5997556640625
112.0 20.22950302734375
113.0 14.1303263671875
114.0 10.2689853515625
115.0 20.53115146484375
116.0 7.40521943359375
117.0 20.33596796875
118.0 11.03614794921875
119.0 20.751912109375
120.0 16.18746982421875
121.0 6.44990009765625
122.0 9.4984658203125
123.0 9.704001171875
124.0 9.6173205078125
125.0 7.82786748046875
126.0 14.6736470703125
127.0 16.40108681640625
128.0 21.62467822265625
129.0 17.33270087890625
130.0 12.239465625
131.0 12.05449091796875
132.0 24.81170859375
133.0 15.46365712890625
134.0 15.18483037109375
135.0 16.16258232421875
136.0 8.23423974609375
137.0 13.94557001953125
138.0 5.92644072265625
139.0 1.53175146484375
140.0 1.75984189453125
141.0 3.06173359375
142.0 1.91707626953125
143.0 2.045183984375
144.0 1.27436875
145.0 7.6242958984375
146.0 6.286602734375
147.0 20.39686416015625
148.0 16.84791103515625
149.0 14.2732833984375
150.0 16.22532861328125
151.0 18.03963779296875
152.0 12.7596623046875
153.0 15.11843408203125
154.0 16.589330859375
155.0 20.39118203125
156.0 15.04506953125
157.0 12.07254169921875
158.0 17.8928841796875
159.0 19.5718568359375
160.0 13.5287775390625
161.0 14.4404892578125
162.0 9.07864326171875
163.0 13.49276943359375
164.0 15.068553125
165.0 16.64105283203125
166.0 16.93450419921875
167.0 17.11957998046875
168.0 13.650902734375
169.0 15.58437021484375
170.0 14.2546431640625
171.0 16.214549609375
172.0 14.55996875
173.0 19.8394736328125
174.0 10.802475390625
175.0 18.67980244140625
176.0 15.0645767578125
177.0 17.35009990234375
178.0 12.79760595703125
179.0 16.9593423828125
180.0 19.992625
181.0 17.49463681640625
182.0 17.8743935546875
183.0 15.231696875
184.0 12.46051748046875
185.0 8.8596791015625
186.0 9.566384375
187.0 2.975328515625
188.0 9.4913978515625
189.0 15.79673251953125
190.0 16.38341533203125
191.0 15.56165078125
192.0 14.8608951171875
193.0 14.60922734375
194.0 12.196137109375
195.0 13.49760478515625
196.0 14.33896669921875
197.0 14.91774423828125
198.0 13.432173046875
199.0 10.65164013671875
200.0 13.48706025390625
201.0 17.165878125
202.0 13.844610546875
203.0 11.8706572265625
204.0 13.310937890625
205.0 13.69965810546875
206.0 10.90389990234375
207.0 16.83917451171875
208.0 9.467572265625
209.0 11.47109775390625
210.0 3.38077744140625
211.0 5.8888712890625
212.0 7.54110830078125
213.0 4.226522265625
214.0 8.03707890625
215.0 0.07283779296875
216.0 0.0
217.0 0.0
218.0 0.0
219.0 0.0
220.0 0.0
221.0 0.0
222.0 0.0
223.0 0.0
224.0 0.0
225.0 0.0
226.0 0.0
227.0 0.0
228.0 0.0
229.0 0.0
230.0 0.0
231.0 0.0
232.0 0.0
233.0 0.0
234.0 0.0
235.0 0.0
236.0 0.0
237.0 0.0
238.0 0.0
239.0 0.0
240.0 0.0
241.0 0.0
242.0 0.0
243.0 0.0
244.0 0.0
245.0 0.0
246.0 0.0
247.0 0.0
248.0 0.0
249.0 0.0
250.0 0.0
251.0 0.0
252.0 0.0
253.0 0.0404798828125
254.0 1.32400693359375
255.0 0.66079052734375
256.0 0.65183984375
257.0 0.57277236328125
258.0 0.35003095703125
259.0 0.75079150390625
260.0 0.36764873046875
261.0 0.60296533203125
262.0 0.89138994140625
263.0 0.4738453125
264.0 0.2899765625
265.0 1.3823115234375
266.0 1.342426953125
267.0 1.15683671875
268.0 1.289392578125
269.0 0.84555693359375
270.0 0.7691771484375
271.0 0.34324306640625
272.0 0.3979271484375
273.0 0.45838935546875
274.0 0.46889501953125
275.0 0.48654228515625
276.0 0.159369921875
277.0 0.75853447265625
278.0 0.39811982421875
279.0 0.6359330078125
280.0 0.291877734375
281.0 0.29170234375
282.0 1.05906455078125
283.0 0.67031318359375
284.0 1.05247568359375
285.0 0.6047662109375
286.0 0.60050224609375
287.0 0.36862919921875
288.0 0.8701701171875
289.0 0.12960087890625
290.0 0.14567568359375
291.0 0.197701953125
292.0 1.239678125
293.0 2.0150810546875
294.0 0.8186546875
295.0 0.74042626953125
296.0 0.2126703125
297.0 0.09384921875
298.0 0.2603607421875
299.0 0.21868896484375
300.0 0.8547974609375
301.0 0.24965673828125
302.0 0.0523755859375
303.0 0.4902572265625
304.0 2.1163330078125
305.0 0.38590244140625
306.0 0.03116611328125
307.0 0.30238349609375
308.0 0.8341369140625
309.0 2.5907783203125
310.0 3.56094501953125
311.0 1.6705041015625
312.0 1.8236435546875
313.0 1.83034072265625
314.0 3.1720927734375
315.0 1.0829255859375
316.0 0.6216443359375
317.0 0.25020595703125
318.0 1.384497265625
319.0 9.753778125
320.0 18.40114052734375
321.0 7.85410068359375
322.0 17.2824046875
323.0 24.08529794921875
324.0 23.2617630859375
325.0 17.655312890625
326.0 17.0862646484375
327.0 6.78988896484375
328.0 17.7600015625
329.0 21.149753125
330.0 9.04111533203125
331.0 1.0004251953125
332.0 1.06839833984375
333.0 5.57186328125
334.0 24.0403388671875
335.0 33.1928498046875
336.0 27.7262876953125
337.0 25.3204216796875
338.0 36.799598828125
339.0 37.99323271484375
340.0 26.32364208984375
341.0 27.47392666015625
342.0 34.55604794921875
343.0 15.63476396484375
344.0 21.097088671875
345.0 25.632493359375
346.0 24.69754609375
347.0 26.1656875
348.0 8.81389697265625
349.0 33.35379296875
350.0 16.37140625
351.0 1.0186001953125
352.0 0.2490615234375
353.0 0.14585107421875
354.0 0.2083587890625
355.0 0.0625076171875
356.0 0.35421005859375
357.0 0.28154755859375
358.0 0.1038283203125
359.0 0.15635673828125
360.0 0.0416716796875
361.0 0.18718388671875
362.0 0.09904912109375
363.0 0.0
364.0 0.0
365.0 0.0
366.0 0.0
367.0 0.0
368.0 0.0
369.0 0.0
370.0 0.0
371.0 0.0
372.0 0.0
373.0 0.0
374.0 0.0
375.0 0.0
376.0 0.0
377.0 0.0
378.0 0.0
379.0 0.0
380.0 0.0
381.0 0.0
382.0 0.0
383.0 0.0
384.0 0.0
385.0 0.0
386.0 0.0
387.0 0.0
388.0 0.0
389.0 0.0
390.0 0.0
391.0 0.0
392.0 0.0
393.0 0.0
394.0 0.0
395.0 0.0
396.0 0.0
397.0 0.0
398.0 0.0
399.0 0.0
400.0 0.0
401.0 0.0
402.0 0.0
403.0 0.0
404.0 0.0
405.0 0.0
406.0 0.0
407.0 0.0
408.0 0.0
409.0 0.0
410.0 0.0
411.0 1.87698359375
412.0 0.64573681640625
413.0 0.93430166015625
414.0 0.496727734375
415.0 0.49620146484375
416.0 0.92445576171875
417.0 0.3673685546875
418.0 0.693515625
419.0 1.35147978515625
420.0 1.337293359375
421.0 0.52277119140625
422.0 1.34853818359375
423.0 0.80536689453125
424.0 0.5428560546875
425.0 0.81687158203125
426.0 0.682778515625
427.0 0.3853759765625
428.0 0.92717451171875
429.0 0.51720078125
430.0 0.79200576171875
431.0 1.8211955078125
432.0 0.95083896484375
433.0 1.5107673828125
434.0 0.71009599609375
435.0 0.72845361328125
436.0 0.50564150390625
437.0 0.525922265625
438.0 0.7712783203125
439.0 0.44770810546875
440.0 0.70859521484375
441.0 2.02633486328125
442.0 11.49647109375
443.0 20.72099794921875
444.0 38.279122265625
445.0 23.51488583984375
446.0 28.02187294921875
447.0 28.63306796875
448.0 7.919569140625
449.0 8.85196416015625
450.0 38.36512607421875
451.0 33.73036708984375
452.0 37.50465283203125
453.0 33.1322751953125
454.0 26.6703671875
455.0 43.4919328125
456.0 36.6309453125
457.0 40.3376046875
458.0 42.70093603515625
459.0 24.4221759765625
460.0 31.3484947265625
461.0 34.397056640625
462.0 17.6388625
463.0 45.349956640625
464.0 34.8132564453125
465.0 17.09759794921875
466.0 8.82509091796875
467.0 18.8104294921875
468.0 31.64759462890625
469.0 30.13621826171875
470.0 10.8467712890625
471.0 12.0179833984375
472.0 5.49708125
473.0 8.91589296875
474.0 13.4605685546875
475.0 4.3524400390625
476.0 13.97260986328125
477.0 13.39191796875
478.0 11.29118369140625
479.0 11.7032212890625
480.0 19.230540625
481.0 4.0895578125
482.0 0.34368447265625
483.0 12.293898828125
484.0 11.07041650390625
485.0 7.30479482421875
486.0 5.4244078125
487.0 0.5702896484375
488.0 9.88335263671875
489.0 18.97682705078125
490.0 12.563426953125
491.0 2.80672451171875
492.0 0.19785302734375
493.0 1.27969599609375
494.0 11.73958466796875
495.0 20.38340703125
496.0 9.9509677734375
497.0 3.87517294921875
498.0 18.20499755859375
499.0 32.36660537109375
500.0 40.01559833984375
501.0 35.07465341796875
502.0 16.22744248046875
503.0 7.70074697265625
504.0 8.7922916015625
505.0 1.7276953125
506.0 3.78062099609375
507.0 11.43127783203125
508.0 7.2919654296875
509.0 25.59546728515625
510.0 4.99950048828125
511.0 15.41831884765625
512.0 11.7192611328125
513.0 31.460062890625
514.0 9.99710263671875
515.0 12.23475673828125
516.0 2.26900751953125
517.0 22.8041265625
518.0 16.975271484375
519.0 0.0
520.0 0.0
521.0 1.40253896484375
522.0 0.29696611328125
523.0 0.1883353515625
524.0 0.0
525.0 0.0
526.0 0.1825546875
527.0 0.05217734375
528.0 0.08316796875
529.0 0.12519072265625
530.0 0.0
531.0 0.0
532.0 0.09384921875
533.0 0.0
534.0 0.0
535.0 0.0
536.0 0.0
537.0 0.0
538.0 0.0
539.0 0.0
540.0 0.0
541.0 0.0
542.0 0.0
543.0 0.0
544.0 0.0
545.0 0.0
546.0 0.0
547.0 0.0
548.0 0.0
549.0 0.0
550.0 0.0
551.0 0.0
552.0 0.0
553.0 0.0
554.0 0.0
555.0 0.0
556.0 0.0
557.0 0.0
558.0 0.0
559.0 0.0
560.0 0.0
561.0 0.0
562.0 0.0
563.0 0.0
564.0 0.0
565.0 0.0
566.0 0.0
567.0 0.0
568.0 0.0
569.0 0.08030087890625
570.0 0.9301515625
571.0 0.93743896484375
572.0 1.03795595703125
573.0 0.88857314453125
574.0 0.68758388671875
575.0 0.44788369140625
576.0 0.94938515625
577.0 0.6144771484375
578.0 0.540396484375
579.0 0.7212798828125
580.0 0.18717197265625
581.0 0.07283779296875
582.0 0.3543853515625
583.0 0.520896875
584.0 4.42410205078125
585.0 0.55619892578125
586.0 0.687934765625
587.0 0.5076814453125
588.0 0.23137802734375
589.0 0.59408447265625
590.0 0.5940869140625
591.0 0.82036357421875
592.0 0.65609228515625
593.0 0.209371875
594.0 0.52207314453125
595.0 0.666748046875
596.0 0.75889248046875
597.0 0.52207509765625
598.0 0.4475326171875
599.0 0.5186921875
600.0 1.06241318359375
601.0 1.36506435546875
602.0 1.389271875
603.0 6.13732900390625
604.0 16.06554306640625
605.0 25.72531044921875
606.0 30.397196875
607.0 24.27272548828125
608.0 19.73871025390625
609.0 4.48690791015625
610.0 20.5837759765625
611.0 8.0339759765625
612.0 12.29116337890625
613.0 16.9584857421875
614.0 18.51290048828125
615.0 0.180809765625
616.0 3.63018037109375
617.0 4.8736876953125
618.0 2.52429951171875
619.0 9.37431103515625
620.0 2.882822265625
621.0 5.20269892578125
622.0 4.90826865234375
623.0 4.3444384765625
624.0 5.94840244140625
625.0 2.690284765625
626.0 7.794830078125
627.0 5.25436396484375
628.0 7.276886328125
629.0 2.4987046875
630.0 7.779309765625
631.0 4.5862849609375
632.0 3.1885595703125
633.0 2.37743046875
634.0 2.6843150390625
635.0 2.42626513671875
636.0 0.51838828125
637.0 4.54163662109375
638.0 3.568130078125
639.0 5.29781484375
640.0 2.76967978515625
641.0 2.7319564453125
642.0 0.62507646484375
643.0 1.665180078125
644.0 2.76069169921875
645.0 1.589577734375
646.0 1.22498349609375
647.0 2.26117685546875
648.0 1.02165986328125
649.0 2.32592001953125
650.0 1.26702861328125
651.0 1.251290625
652.0 3.35004052734375
653.0 0.513502734375
654.0 2.62571904296875
655.0 0.3459951171875
656.0 0.08334345703125
657.0 0.08334345703125
658.0 0.0584837890625
659.0 0.13936923828125
660.0 0.12497041015625
661.0 0.06255244140625
662.0 0.1146849609375
663.0 0.0
664.0 0.0
665.0 0.0835189453125
666.0 0.0
667.0 0.0
668.0 0.0
669.0 0.0
670.0 0.0
671.0 0.0
672.0 0.0
673.0 0.0
674.0 0.0
675.0 0.0
676.0 0.0
677.0 0.0
678.0 0.0
679.0 0.0
680.0 0.0
681.0 0.0
682.0 0.0
683.0 0.0
684.0 0.0
685.0 0.0
686.0 0.0
687.0 0.0
688.0 0.0
689.0 0.0
690.0 0.0
691.0 0.0
692.0 0.0
693.0 0.0
694.0 0.0
695.0 0.0
696.0 0.0
697.0 0.0
698.0 0.0
699.0 0.0
700.0 0.0
701.0 0.0
702.0 0.0
703.0 0.0
704.0 0.0
705.0 0.0
706.0 0.0
707.0 0.0
708.0 1.3839615234375
709.0 0.69920537109375
710.0 1.01134931640625
711.0 1.35108134765625
712.0 0.9922759765625
713.0 0.48955546875
714.0 0.79409951171875
715.0 0.7356275390625
716.0 0.79215732421875
717.0 0.93489541015625
718.0 0.43974619140625
719.0 0.97109638671875
720.0 0.76686572265625
721.0 0.95907783203125
722.0 0.854336328125
723.0 0.54173271484375
724.0 1.030321484375
725.0 0.67510595703125
726.0 1.43500380859375
727.0 1.19150048828125
728.0 0.9660029296875
729.0 6.9603177734375
730.0 15.268140234375
731.0 27.749761328125
732.0 35.86997158203125
733.0 28.2416876953125
734.0 33.1106791015625
735.0 18.917151953125
736.0 29.927137890625
737.0 30.61697685546875
738.0 22.1537099609375
739.0 35.62877060546875
740.0 33.570125390625
741.0 17.74689482421875
742.0 22.70433876953125
743.0 31.81830078125
744.0 20.11123984375
745.0 18.3283673828125
746.0 30.22769169921875
747.0 32.74089033203125
748.0 29.4891001953125
749.0 38.80212041015625
750.0 32.3872029296875
751.0 36.03598408203125
752.0 28.114262890625
753.0 23.9327560546875
754.0 16.3809572265625
755.0 33.00986591796875
756.0 25.8637974609375
757.0 12.38337705078125
758.0 1.62200673828125
759.0 6.9272212890625
760.0 6.24116513671875
761.0 18.85826279296875
762.0 6.420313671875
763.0 20.2795392578125
764.0 23.61875751953125
765.0 8.0380138671875
766.0 15.06536396484375
767.0 17.95185791015625
768.0 22.5539521484375
769.0 24.7406119140625
770.0 16.89811953125
771.0 35.719439453125
772.0 28.52558525390625
773.0 13.64492548828125
774.0 22.23022080078125
775.0 18.56897451171875
776.0 34.340915625
777.0 17.56489560546875
778.0 8.28591875
779.0 21.22546220703125
780.0 1.2097091796875
781.0 0.8660048828125
782.0 5.51977548828125
783.0 14.2711880859375
784.0 25.26277138671875
785.0 24.13129892578125
786.0 9.8638177734375
787.0 22.666354296875
788.0 2.509792578125
789.0 0.47922509765625
790.0 0.94620244140625
791.0 20.37332080078125
792.0 16.07657138671875
793.0 15.13816044921875
794.0 21.4058646484375
795.0 20.72349248046875
796.0 0.4070892578125
797.0 0.0
798.0 0.0
799.0 0.63335625
