0.0 20.94181669921875
1.0 19.20377939453125
2.0 24.7955931640625
3.0 39.43702724609375
4.0 30.00736611328125
5.0 34.93023046875
6.0 24.609720703125
7.0 45.01814931640625
8.0 35.69202236328125
9.0 14.85224443359375
10.0 29.3607681640625
11.0 5.52252470703125
12.0 10.6034568359375
13.0 25.38094345703125
14.0 31.98043681640625
15.0 28.29825849609375
16.0 47.2987939453125
17.0 41.79909775390625
18.0 24.44122802734375
19.0 6.331760546875
20.0 4.955318359375
21.0 1.94020732421875
22.0 1.9891369140625
23.0 0.6064623046875
24.0 0.9930708984375
25.0 0.66762529296875
26.0 0.2674166015625
27.0 0.30583330078125
28.0 0.17719267578125
29.0 0.2395248046875
30.0 0.08334345703125
31.0 0.07301328125
32.0 0.3022080078125
33.0 0.0
34.0 0.0
35.0 0.18769833984375
36.0 0.13569638671875
37.0 0.2397001953125
38.0 0.176768359375
39.0 0.12543955078125
40.0 0.10435478515625
41.0 0.1240814453125
42.0 0.0837509765625
43.0 0.05217744140625
44.0 0.0625076171875
45.0 0.22937021484375
46.0 0.49060830078125
47.0 0.0
48.0 0.0
49.0 0.0
50.0 0.0
51.0 1.05895234375
52.0 13.5484939453125
53.0 19.00252705078125
54.0 26.52859599609375
55.0 41.1665318359375
56.0 24.7594458984375
57.0 23.20972158203125
58.0 5.38468876953125
59.0 28.13671943359375
60.0 33.78130546875
61.0 32.7789083984375
62.0 45.52899755859375
63.0 18.71164619140625
64.0 21.62177939453125
65.0 6.470208203125
66.0 33.04153359375
67.0 17.38262265625
68.0 41.5486314453125
69.0 36.20135390625
70.0 55.09964404296875
71.0 46.59033427734375
72.0 44.75185390625
73.0 48.3437107421875
74.0 45.356469140625
75.0 9.75913330078125
76.0 2.27444462890625
77.0 33.2437794921875
78.0 42.25815341796875
79.0 30.41082509765625
80.0 15.84158212890625
81.0 24.91618447265625
82.0 13.53054052734375
83.0 3.46489716796875
84.0 6.11341865234375
85.0 25.2191353515625
86.0 17.7410849609375
87.0 1.9923705078125
88.0 1.56180234375
89.0 23.680637109375
90.0 32.729605078125
91.0 42.03199169921875
92.0 45.78264638671875
93.0 47.29294716796875
94.0 32.80720908203125
95.0 19.81275185546875
96.0 36.137990625
97.0 20.54305185546875
98.0 34.67334951171875
99.0 24.230934375
100.0 33.97236201171875
101.0 44.370615234375
102.0 10.997470703125
103.0 16.816552734375
104.0 44.05704287109375
105.0 39.15280732421875
106.0 24.47411005859375
107.0 20.31492236328125
108.0 23.3179109375
109.0 22.39719140625
110.0 4.39841923828125
111.0 24.380523046875
112.0 17.72254169921875
113.0 1.9784552734375
114.0 11.11628251953125
115.0 29.10812763671875
116.0 33.67278779296875
117.0 13.2595552734375
118.0 16.2197005859375
119.0 15.4860783203125
120.0 12.23084609375
121.0 11.63917646484375
122.0 17.34220478515625
123.0 2.43531865234375
124.0 2.097251953125
125.0 3.8189146484375
126.0 10.92233642578125
127.0 36.45473779296875
128.0 21.08191396484375
129.0 27.75735654296875
130.0 28.66477861328125
131.0 30.7054033203125
132.0 27.12824423828125
133.0 26.06105810546875
134.0 10.29630458984375
135.0 22.2184896484375
136.0 20.37719658203125
137.0 10.701717578125
138.0 25.511868359375
139.0 20.57851181640625
140.0 33.96605771484375
141.0 19.67887900390625
142.0 25.451505859375
143.0 24.717383203125
144.0 1.4402244140625
145.0 32.1936779296875
146.0 41.382124609375
147.0 42.70178291015625
148.0 32.26375068359375
149.0 57.21383193359375
150.0 44.499562109375
151.0 45.50802900390625
152.0 41.80217939453125
153.0 26.24271689453125
154.0 30.80803681640625
155.0 45.31188427734375
156.0 32.5379509765625
157.0 38.436228125
158.0 37.981936328125
159.0 44.2575390625
160.0 49.64516005859375
161.0 14.03317431640625
162.0 49.10386826171875
163.0 44.9065318359375
164.0 47.6743205078125
165.0 25.08978056640625
166.0 30.84338876953125
167.0 27.0546763671875
168.0 23.4058501953125
169.0 9.68021240234375
170.0 9.97035400390625
171.0 12.04326865234375
172.0 10.20127451171875
173.0 7.91206357421875
174.0 6.52615478515625
175.0 7.588000390625
176.0 1.7021595703125
177.0 16.36332587890625
178.0 16.29953798828125
179.0 32.74491669921875
180.0 16.16617734375
181.0 8.54447314453125
182.0 4.8415908203125
183.0 36.7246078125
184.0 42.766951953125
185.0 31.648715234375
186.0 39.559630078125
187.0 49.591533203125
188.0 43.87019130859375
189.0 41.94541083984375
190.0 41.19901279296875
191.0 49.3804865234375
192.0 29.39065556640625
193.0 43.72976455078125
194.0 41.91522880859375
195.0 46.7165087890625
196.0 26.16385732421875
197.0 31.2547333984375
198.0 44.177444921875
199.0 40.6249546875
200.0 38.79266201171875
201.0 25.99231357421875
202.0 11.37190517578125
203.0 5.6673052734375
204.0 28.707482421875
205.0 46.0461916015625
206.0 44.43569287109375
207.0 20.26921845703125
208.0 24.545441796875
209.0 5.5680609375
210.0 16.95359560546875
211.0 24.057126171875
212.0 34.6736392578125
213.0 32.66548359375
214.0 41.35002294921875
215.0 24.90500654296875
216.0 14.8812216796875
217.0 23.3582361328125
218.0 25.96240810546875
219.0 12.5766013671875
220.0 9.22491591796875
221.0 0.72384296875
222.0 0.90732568359375
223.0 0.58428193359375
224.0 1.20497587890625
225.0 0.79349072265625
226.0 1.31253115234375
227.0 1.0231927734375
228.0 1.3979337890625
229.0 4.50686640625
230.0 3.55822001953125
231.0 20.73808271484375
232.0 15.99986337890625
233.0 13.8004916015625
234.0 12.559676171875
235.0 11.40075849609375
236.0 28.68368095703125
237.0 41.28533232421875
238.0 59.46531904296875
239.0 46.0766259765625
240.0 49.12522548828125
241.0 51.64489072265625
242.0 48.561330859375
243.0 56.94938173828125
244.0 50.49360576171875
245.0 51.25237080078125
246.0 52.798416796875
247.0 51.45820361328125
248.0 48.2754265625
249.0 47.3320880859375
250.0 42.90688642578125
251.0 48.33586923828125
252.0 50.6052283203125
253.0 39.3304994140625
254.0 39.3136076171875
255.0 39.11636103515625
256.0 44.8630544921875
257.0 46.86334736328125
258.0 49.00213974609375
259.0 44.2079142578125
260.0 59.182656640625
261.0 52.16205166015625
262.0 35.5135220703125
263.0 29.33384755859375
264.0 40.160492578125
265.0 51.366603515625
266.0 42.7025978515625
267.0 35.07620390625
268.0 35.86228017578125
269.0 21.76278251953125
270.0 36.8360205078125
271.0 39.2254666015625
272.0 39.04694423828125
273.0 34.9184662109375
274.0 46.487121875
275.0 29.0113720703125
276.0 27.11094638671875
277.0 6.90355341796875
278.0 8.5201267578125
279.0 8.0116880859375
280.0 6.77440185546875
281.0 4.02504912109375
282.0 9.60362880859375
283.0 3.52549697265625
284.0 43.59088955078125
285.0 30.76195810546875
286.0 2.67613408203125
287.0 5.01982529296875
288.0 27.62382744140625
289.0 35.89195205078125
290.0 41.68177373046875
291.0 14.2680546875
292.0 22.00643505859375
293.0 28.90068779296875
294.0 24.20116982421875
295.0 10.654073828125
296.0 20.9148330078125
297.0 26.6509833984375
298.0 35.153100390625
299.0 19.64491005859375
300.0 8.17476416015625
301.0 3.17952294921875
302.0 5.895568359375
303.0 9.37995947265625
304.0 31.3207283203125
305.0 31.8153796875
306.0 30.47575400390625
307.0 42.93494453125
308.0 20.38101181640625
309.0 53.850230078125
310.0 19.063763671875
311.0 41.456584375
312.0 43.5957634765625
313.0 19.312436328125
314.0 47.31508935546875
315.0 40.85476435546875
316.0 42.77943095703125
317.0 32.82546640625
318.0 27.35050625
319.0 13.20715546875
320.0 33.398578515625
321.0 3.2712060546875
322.0 4.2800228515625
323.0 5.02628984375
324.0 7.54356005859375
325.0 17.3160056640625
326.0 14.47538837890625
327.0 18.00120341796875
328.0 23.62199794921875
329.0 7.4652873046875
330.0 19.734112109375
331.0 11.452058984375
332.0 5.4466986328125
333.0 4.42743125
334.0 2.50865732421875
335.0 3.78245556640625
336.0 0.6263046875
337.0 0.55206298828125
338.0 2.5346298828125
339.0 3.815708203125
340.0 2.63050712890625
341.0 2.33291015625
342.0 3.49515869140625
343.0 1.3356017578125
344.0 0.6717224609375
345.0 0.95862568359375
346.0 0.50971015625
347.0 0.9166669921875
348.0 5.80136337890625
349.0 5.4185185546875
350.0 1.933109375
351.0 6.81674921875
352.0 16.696991015625
353.0 44.0670814453125
354.0 43.25664296875
355.0 35.222744140625
356.0 2.11154609375
357.0 2.595860546875
358.0 2.72681484375
359.0 8.61914267578125
360.0 2.80974794921875
361.0 14.0552296875
362.0 8.10162646484375
363.0 19.1275927734375
364.0 14.73588681640625
365.0 20.56242802734375
366.0 6.60431552734375
367.0 23.85637919921875
368.0 20.54476005859375
369.0 22.19549970703125
370.0 6.323958984375
371.0 7.988419921875
372.0 24.76068076171875
373.0 46.8201482421875
374.0 26.088208203125
375.0 22.44002314453125
376.0 45.9159220703125
377.0 38.60012119140625
378.0 45.466540625
379.0 32.92429345703125
380.0 43.90515791015625
381.0 50.0480951171875
382.0 41.76324921875
383.0 45.30586142578125
384.0 45.48383955078125
385.0 28.74171669921875
386.0 14.818688671875
387.0 5.2514974609375
388.0 3.07952119140625
389.0 0.0
390.0 0.0
391.0 0.12483984375
392.0 0.03116611328125
393.0 0.22901904296875
394.0 0.0
395.0 0.0
396.0 0.0
397.0 0.0
398.0 0.0
399.0 0.0
400.0 0.0
401.0 0.0
402.0 0.0
403.0 0.0
404.0 0.0
405.0 0.0
406.0 0.0
407.0 0.0
408.0 0.0
409.0 0.0
410.0 0.0
411.0 0.0
412.0 0.0
413.0 0.0
414.0 0.0
415.0 0.0
416.0 0.0
417.0 0.0
418.0 0.0
419.0 0.0
420.0 0.0
421.0 0.0
422.0 0.0
423.0 0.0
424.0 0.0
425.0 0.0
426.0 0.0
427.0 0.0
428.0 0.0
429.0 0.0
430.0 0.0
431.0 0.0
432.0 0.0
433.0 0.0
434.0 0.0
435.0 0.0
436.0 0.07301328125
437.0 1.29641435546875
438.0 0.6304654296875
439.0 0.50006103515625
440.0 1.42576591796875
441.0 0.97670029296875
442.0 0.70049990234375
443.0 0.68227373046875
444.0 0.43755341796875
445.0 0.874766796875
446.0 0.7417955078125
447.0 1.40586953125
448.0 0.7360748046875
449.0 0.664326953125
450.0 1.4237537109375
451.0 1.2722837890625
452.0 1.1249791015625
453.0 1.554243359375
454.0 0.8444767578125
455.0 1.02110400390625
456.0 1.19608544921875
457.0 1.20982666015625
458.0 1.0835125
459.0 0.80244443359375
460.0 0.91518193359375
461.0 0.66764296875
462.0 1.91396318359375
463.0 14.35960390625
464.0 10.33592900390625
465.0 8.248033984375
466.0 13.9726642578125
467.0 3.34510615234375
468.0 18.2107966796875
469.0 27.88631640625
470.0 21.83644072265625
471.0 21.80553916015625
472.0 16.63974453125
473.0 28.54573837890625
474.0 20.17311982421875
475.0 32.37555361328125
476.0 22.34268115234375
477.0 25.30782138671875
478.0 4.84671533203125
479.0 2.25063056640625
480.0 10.70850302734375
481.0 6.9261419921875
482.0 16.82430361328125
483.0 25.736425390625
484.0 24.5557408203125
485.0 16.49686591796875
486.0 32.19389697265625
487.0 32.75194248046875
488.0 50.15067734375
489.0 32.78485927734375
490.0 15.488241796875
491.0 21.57773056640625
492.0 41.19401796875
493.0 12.84411650390625
494.0 17.38144619140625
495.0 16.23393134765625
496.0 9.361946484375
497.0 22.634052734375
498.0 24.69810068359375
499.0 18.75442099609375
500.0 26.98008828125
501.0 11.3649216796875
502.0 35.61469951171875
503.0 25.727586328125
504.0 46.4056447265625
505.0 23.3895646484375
506.0 33.11538662109375
507.0 27.788744921875
508.0 27.95531318359375
509.0 23.326097265625
510.0 39.06584345703125
511.0 19.54352666015625
512.0 7.5871419921875
513.0 33.75618466796875
514.0 34.2102087890625
515.0 11.97577666015625
516.0 12.36561728515625
517.0 13.25775478515625
518.0 10.1268505859375
519.0 14.05822392578125
520.0 19.85694677734375
521.0 18.63959072265625
522.0 1.523033203125
523.0 1.23671025390625
524.0 1.669440625
525.0 6.70806669921875
526.0 4.48261494140625
527.0 6.96393828125
528.0 6.9645361328125
529.0 9.56978896484375
530.0 10.27178701171875
531.0 6.12859736328125
532.0 5.45778232421875
533.0 15.00489189453125
534.0 20.04387490234375
535.0 30.3175830078125
536.0 11.34275419921875
537.0 28.0337791015625
538.0 14.07337392578125
539.0 9.11336162109375
540.0 6.00962041015625
541.0 4.05463955078125
542.0 2.71469384765625
543.0 5.8576201171875
544.0 6.3658216796875
545.0 10.87726337890625
546.0 7.64122216796875
547.0 14.0995087890625
548.0 21.39022001953125
549.0 10.43789140625
550.0 12.47433427734375
551.0 4.76092578125
552.0 1.758133203125
553.0 1.56896181640625
554.0 0.20835888671875
555.0 0.0
556.0 0.0
557.0 0.0
558.0 0.0
559.0 0.70947265625
560.0 0.0
561.0 0.0
562.0 0.2713927734375
563.0 0.0
564.0 0.0
565.0 0.0
566.0 0.0
567.0 0.0
568.0 0.0
569.0 0.0
570.0 0.0
571.0 0.0
572.0 0.0
573.0 0.0
574.0 0.0
575.0 0.0
576.0 0.0
577.0 0.0
578.0 0.0
579.0 0.0
580.0 0.0
581.0 0.0
582.0 0.0
583.0 0.0
584.0 0.0
585.0 0.0
586.0 0.0
587.0 0.0
588.0 0.0
589.0 0.0
590.0 0.0
591.0 0.0
592.0 0.0
593.0 0.0
594.0 0.0
595.0 0.0
596.0 0.0
597.0 0.0
598.0 0.0
599.0 0.0
600.0 0.0
601.0 0.0
602.0 0.0
603.0 0.0
604.0 0.0
605.0 0.0
606.0 0.0
607.0 0.0
608.0 0.0
609.0 0.0
610.0 0.0
611.0 0.0
612.0 0.3947716796875
613.0 0.62513330078125
614.0 0.53122705078125
615.0 0.9327076171875
616.0 0.83198193359375
617.0 0.99422158203125
618.0 0.86477666015625
619.0 0.99625634765625
620.0 0.71070625
621.0 0.438255078125
622.0 0.66363388671875
623.0 0.9387474609375
624.0 0.68833662109375
625.0 0.80067587890625
626.0 0.82221103515625
627.0 0.480834765625
628.0 0.95692568359375
629.0 0.47957685546875
630.0 0.4177150390625
631.0 0.75463115234375
632.0 0.395881640625
633.0 0.6096595703125
634.0 0.52479375
635.0 0.5007240234375
636.0 0.4582138671875
637.0 0.64579306640625
638.0 0.70449873046875
639.0 0.43056162109375
640.0 0.73870849609375
641.0 0.61286142578125
642.0 0.2097169921875
643.0 0.42722314453125
644.0 0.42699140625
645.0 0.8278052734375
646.0 0.64074169921875
647.0 0.60384287109375
648.0 3.73958798828125
649.0 0.95397060546875
650.0 1.5910447265625
651.0 1.52337880859375
652.0 1.79549619140625
653.0 2.6596451171875
654.0 1.05685712890625
655.0 1.92706005859375
656.0 0.646438671875
657.0 1.8441634765625
658.0 5.66840751953125
659.0 10.98191083984375
660.0 12.01100849609375
661.0 11.79038095703125
662.0 20.13516728515625
663.0 18.40272392578125
664.0 1.05887646484375
665.0 5.49660732421875
666.0 1.09595849609375
667.0 2.41276708984375
668.0 1.84531142578125
669.0 0.87736767578125
670.0 6.4299087890625
671.0 2.34851064453125
672.0 0.64608779296875
673.0 3.673076171875
674.0 4.74407568359375
675.0 7.8768736328125
676.0 9.3468056640625
677.0 0.5203705078125
678.0 3.36106875
679.0 3.90297685546875
680.0 3.82559853515625
681.0 0.52368271484375
682.0 2.619903515625
683.0 2.30507626953125
684.0 0.7830205078125
685.0 2.6396865234375
686.0 1.39537939453125
687.0 1.02491640625
688.0 2.75419609375
689.0 1.60769658203125
690.0 4.9157103515625
691.0 2.7428130859375
692.0 0.89699541015625
693.0 28.6847205078125
694.0 14.68104013671875
695.0 37.01395400390625
696.0 9.1506197265625
697.0 1.6064681640625
698.0 15.1134244140625
699.0 1.5189755859375
700.0 2.926925
701.0 13.0912662109375
702.0 16.47752939453125
703.0 8.7106744140625
704.0 16.8552216796875
705.0 20.8638833984375
706.0 22.81670390625
707.0 11.76651962890625
708.0 16.939625390625
709.0 37.80027177734375
710.0 41.2403947265625
711.0 46.6669185546875
712.0 32.75646962890625
713.0 35.61243798828125
714.0 27.2749412109375
715.0 16.2457201171875
716.0 12.78076142578125
717.0 10.502029296875
718.0 1.2102259765625
719.0 8.4921240234375
720.0 26.76902421875
721.0 35.31964814453125
722.0 31.1465212890625
723.0 23.0724068359375
724.0 19.28008447265625
725.0 10.5800439453125
726.0 14.87367578125
727.0 24.6918462890625
728.0 33.6607126953125
729.0 17.10997861328125
730.0 17.387675390625
731.0 11.3200091796875
732.0 19.6133896484375
733.0 27.3651025390625
734.0 38.228691796875
735.0 29.795961328125
736.0 22.80065068359375
737.0 32.08048623046875
738.0 43.33012568359375
739.0 34.11633896484375
740.0 33.16497353515625
741.0 21.354108203125
742.0 39.0309802734375
743.0 39.62695615234375
744.0 40.84627607421875
745.0 38.88585400390625
746.0 37.23385859375
747.0 35.50739267578125
748.0 34.3060333984375
749.0 46.43046259765625
750.0 28.2590279296875
751.0 33.01475244140625
752.0 23.61484248046875
753.0 20.07832060546875
754.0 2.74512607421875
755.0 14.8601638671875
756.0 14.275606640625
757.0 17.27090322265625
758.0 11.8169376953125
759.0 0.0
760.0 0.0
761.0 2.1843294921875
762.0 0.18769833984375
763.0 0.02083583984375
764.0 0.26071171875
765.0 1.1986771484375
766.0 0.2743015625
767.0 3.1615611328125
768.0 37.12274990234375
769.0 0.72107353515625
770.0 15.56696689453125
771.0 4.6535453125
772.0 16.82043623046875
773.0 15.1903275390625
774.0 3.15579931640625
775.0 14.51978486328125
776.0 48.3187728515625
777.0 19.80221416015625
778.0 21.1951986328125
779.0 26.6970275390625
780.0 25.5239267578125
781.0 7.9294470703125
782.0 48.8339806640625
783.0 15.35665322265625
784.0 16.72090751953125
785.0 25.44434423828125
786.0 21.17583369140625
787.0 2.87655185546875
788.0 20.18973408203125
789.0 28.97179052734375
790.0 6.52567060546875
791.0 39.87753349609375
792.0 19.567554296875
793.0 1.3032076171875
794.0 48.653164453125
795.0 28.818136328125
796.0 28.6420267578125
797.0 45.13831845703125
798.0 26.7332857421875
799.0 38.4758890625
