0.0 0.0414962890625
1.0 0.04149619140625
2.0 0.02066044921875
3.0 0.0516509765625
4.0 0.02083583984375
5.0 0.0922509765625
6.0 0.032237890625
7.0 1.897396484375
8.0 0.13881259765625
9.0 0.052001953125
10.0 0.0726625
11.0 0.21851357421875
12.0 0.2496794921875
13.0 0.20853427734375
14.0 3.6278400390625
15.0 9.51642978515625
16.0 9.9853431640625
17.0 7.60247265625
18.0 6.92743046875
19.0 8.33969677734375
20.0 9.84291181640625
21.0 2.1029318359375
22.0 7.24460341796875
23.0 1.604484375
24.0 6.14370908203125
25.0 4.97198212890625
26.0 2.68588662109375
27.0 2.6742666015625
28.0 2.46292880859375
29.0 8.65035322265625
30.0 11.89931875
31.0 8.89941025390625
32.0 11.28639130859375
33.0 10.4288951171875
34.0 12.05281748046875
35.0 11.941633203125
36.0 10.98873623046875
37.0 11.0750775390625
38.0 12.79159091796875
39.0 13.858998046875
40.0 13.56962119140625
41.0 7.95263193359375
42.0 11.3158740234375
43.0 12.871423828125
44.0 14.167538671875
45.0 12.78605087890625
46.0 14.12958515625
47.0 12.0109361328125
48.0 9.22343076171875
49.0 16.35887626953125
50.0 13.015959375
51.0 10.27768330078125
52.0 12.26958046875
53.0 9.01934541015625
54.0 11.16417998046875
55.0 11.51608212890625
56.0 10.528918359375
57.0 13.18554775390625
58.0 14.060918359375
59.0 12.90640986328125
60.0 9.04104150390625
61.0 13.1137291015625
62.0 12.6455783203125
63.0 9.92607998046875
64.0 4.64710224609375
65.0 13.905853515625
66.0 9.23778515625
67.0 10.308325
68.0 11.2270673828125
69.0 11.88109443359375
70.0 6.4888859375
71.0 6.41563994140625
72.0 10.36724091796875
73.0 12.83200185546875
74.0 12.23785908203125
75.0 10.14621826171875
76.0 12.0461685546875
77.0 14.62983193359375
78.0 14.10634267578125
79.0 5.9816056640625
80.0 17.42187783203125
81.0 12.14801845703125
82.0 10.58925478515625
83.0 13.93919384765625
84.0 9.90026376953125
85.0 11.4342625
86.0 11.4055916015625
87.0 3.8391419921875
88.0 3.94224072265625
89.0 7.76578994140625
90.0 13.69533095703125
91.0 11.75226181640625
92.0 9.71693037109375
93.0 7.865323046875
94.0 12.3371705078125
95.0 10.3217671875
96.0 8.75801650390625
97.0 6.33412705078125
98.0 3.171136328125
99.0 3.41894716796875
100.0 3.1808689453125
101.0 1.96093720703125
102.0 14.74735673828125
103.0 4.13614345703125
104.0 6.699410546875
105.0 1.0589658203125
106.0 3.1492005859375
107.0 2.42799384765625
108.0 2.20195771484375
109.0 3.02894248046875
110.0 1.66928466796875
111.0 1.75179296875
112.0 2.497555078125
113.0 3.74435009765625
114.0 1.43995673828125
115.0 2.54760478515625
116.0 3.99061162109375
117.0 15.333058984375
118.0 7.659209765625
119.0 9.0146611328125
120.0 8.63612080078125
121.0 14.21076884765625
122.0 15.71559208984375
123.0 4.75580283203125
124.0 15.05640498046875
125.0 10.81215859375
126.0 9.6881623046875
127.0 14.6784408203125
128.0 14.39395625
129.0 11.81184990234375
130.0 9.28139912109375
131.0 7.53496328125
132.0 4.32134423828125
133.0 13.71295380859375
134.0 11.78696181640625
135.0 11.535586328125
136.0 11.26346328125
137.0 9.2743349609375
138.0 9.3211185546875
139.0 7.92467158203125
140.0 6.574889453125
141.0 1.76604501953125
142.0 10.21321005859375
143.0 4.45333427734375
144.0 0.82845322265625
145.0 1.99217763671875
146.0 6.34496875
147.0 14.0250201171875
148.0 4.232878125
149.0 3.06626142578125
150.0 12.91687900390625
151.0 10.374940234375
152.0 11.54631142578125
153.0 4.86748505859375
154.0 8.22570546875
155.0 8.97507392578125
156.0 11.01361982421875
157.0 11.4686310546875
158.0 11.74698388671875
159.0 9.16339482421875
160.0 8.56728251953125
161.0 12.99098564453125
162.0 12.06188251953125
163.0 7.859320703125
164.0 10.47497646484375
165.0 12.503565625
166.0 7.872699609375
167.0 13.05266259765625
168.0 0.0
169.0 0.0
170.0 26.11871875
171.0 11.5299646484375
172.0 12.5553673828125
173.0 12.1003146484375
174.0 12.17818984375
175.0 10.7601919921875
176.0 13.56184052734375
177.0 13.31840341796875
178.0 11.56339697265625
179.0 10.28765146484375
180.0 11.45062109375
181.0 11.606466796875
182.0 11.7363525390625
183.0 9.02022421875
184.0 12.121659765625
185.0 10.89147666015625
186.0 10.19227744140625
187.0 1.521901171875
188.0 0.238026171875
189.0 0.20915556640625
190.0 1.78144130859375
191.0 11.846583203125
192.0 10.838915234375
193.0 11.4243384765625
194.0 10.9920619140625
195.0 10.618390234375
196.0 10.50470087890625
197.0 11.570080859375
198.0 10.48610830078125
199.0 7.472970703125
200.0 11.6741533203125
201.0 1.0540498046875
202.0 6.3100197265625
203.0 0.13947373046875
204.0 0.03116611328125
205.0 0.13499443359375
206.0 0.07283779296875
207.0 0.093498046875
208.0 0.05200205078125
209.0 0.062156640625
210.0 0.0416716796875
211.0 0.052001953125
212.0 0.04149619140625
213.0 0.05456123046875
214.0 0.18426162109375
215.0 0.0625076171875
216.0 0.09349833984375
217.0 0.18664560546875
218.0 2.908447265625
219.0 3.4300208984375
220.0 3.674736328125
221.0 1.622316796875
222.0 11.35050712890625
223.0 14.298943359375
224.0 1.15975341796875
225.0 3.4123455078125
226.0 10.052301953125
227.0 14.6843201171875
228.0 12.51684580078125
229.0 11.38659765625
230.0 0.0
231.0 0.0
232.0 2.344507421875
233.0 15.49138984375
234.0 0.02083583984375
235.0 6.55077529296875
236.0 6.919448828125
237.0 11.40376611328125
238.0 11.640752734375
239.0 17.179966015625
240.0 14.8553720703125
241.0 14.78222724609375
242.0 12.936982421875
243.0 5.124389453125
244.0 0.9641462890625
245.0 10.9966623046875
246.0 15.43174580078125
247.0 14.67364619140625
248.0 15.9554521484375
249.0 14.766566796875
250.0 14.28066640625
251.0 14.83471064453125
252.0 14.90418779296875
253.0 13.72264814453125
254.0 17.343342578125
255.0 16.06157880859375
256.0 15.13634638671875
257.0 13.89555185546875
258.0 15.65237783203125
259.0 15.7726955078125
260.0 13.517065625
261.0 14.17589375
262.0 14.51240947265625
263.0 15.08097783203125
264.0 14.3701439453125
265.0 17.32127958984375
266.0 16.215036328125
267.0 14.9287830078125
268.0 17.48009072265625
269.0 19.2838740234375
270.0 16.313455859375
271.0 19.11581103515625
272.0 18.35677998046875
273.0 16.62664462890625
274.0 18.66847021484375
275.0 18.36593466796875
276.0 16.0002185546875
277.0 12.98240546875
278.0 20.95040517578125
279.0 19.18367197265625
280.0 16.68105908203125
281.0 14.038126171875
282.0 17.91587392578125
283.0 17.56643984375
284.0 15.191825
285.0 16.31644345703125
286.0 17.1669837890625
287.0 16.1157552734375
288.0 17.52888388671875
289.0 8.94218388671875
290.0 23.793598046875
291.0 17.6286591796875
292.0 19.80568837890625
293.0 17.8414556640625
294.0 16.3733779296875
295.0 19.301631640625
296.0 17.2596666015625
297.0 14.81843515625
298.0 16.27859287109375
299.0 13.74662216796875
300.0 14.899910546875
301.0 14.4808615234375
302.0 13.49097470703125
303.0 14.8240478515625
304.0 14.16681962890625
305.0 10.21428388671875
306.0 17.2460275390625
307.0 15.2434365234375
308.0 16.48290400390625
309.0 17.11796533203125
310.0 15.83795576171875
311.0 14.95376533203125
312.0 14.9781625
313.0 13.4124400390625
314.0 1.1965283203125
315.0 27.09466181640625
316.0 15.02551552734375
317.0 16.38036669921875
318.0 12.1553982421875
319.0 15.032924609375
320.0 14.761821484375
321.0 14.64381865234375
322.0 16.85533740234375
323.0 13.69980205078125
324.0 13.12692724609375
325.0 14.70498251953125
326.0 12.38770205078125
327.0 0.610848046875
328.0 26.59683017578125
329.0 15.35927763671875
330.0 7.524875390625
331.0 4.90271611328125
332.0 19.652473046875
333.0 15.31433671875
334.0 15.355319140625
335.0 15.01192783203125
336.0 15.7247048828125
337.0 15.04208056640625
338.0 11.31565146484375
339.0 11.07480107421875
340.0 0.2004181640625
341.0 1.12706767578125
342.0 0.0
343.0 0.0
344.0 0.0
345.0 30.4157853515625
346.0 6.82385400390625
347.0 7.292262109375
348.0 5.26234169921875
349.0 6.67204267578125
350.0 3.52525625
351.0 0.0
352.0 0.0
353.0 0.01033017578125
354.0 14.08312900390625
355.0 10.4921634765625
356.0 12.6413375
357.0 11.2583037109375
358.0 13.63673916015625
359.0 16.4509388671875
360.0 14.46039892578125
361.0 10.946504296875
362.0 11.3536748046875
363.0 2.64701005859375
364.0 21.53894189453125
365.0 8.858061328125
366.0 16.04542548828125
367.0 17.3679228515625
368.0 13.21684453125
369.0 4.88283291015625
370.0 3.144926171875
371.0 22.713651171875
372.0 11.93674306640625
373.0 15.0984798828125
374.0 13.82078173828125
375.0 6.99210341796875
376.0 14.097178125
377.0 14.99073505859375
378.0 14.8125623046875
379.0 16.10448759765625
380.0 10.61990947265625
381.0 2.74069736328125
382.0 0.06232451171875
383.0 7.837974609375
384.0 13.2086078125
385.0 8.96069091796875
386.0 11.09300751953125
387.0 17.5127205078125
388.0 14.6022095703125
389.0 9.20681787109375
390.0 10.95887412109375
391.0 14.61677666015625
392.0 14.918619140625
393.0 13.26461376953125
394.0 16.17381982421875
395.0 13.2150734375
396.0 10.56513046875
397.0 18.87033447265625
398.0 11.20047998046875
399.0 17.66900439453125
400.0 13.28782734375
401.0 7.85672763671875
402.0 15.003105078125
403.0 17.730431640625
404.0 11.79972392578125
405.0 14.16088662109375
406.0 14.40620751953125
407.0 4.05715390625
408.0 0.9395447265625
409.0 0.0
410.0 0.0
411.0 1.9479796875
412.0 29.6151447265625
413.0 12.1156736328125
414.0 11.621105078125
415.0 16.96146162109375
416.0 13.859756640625
417.0 7.4296935546875
418.0 8.59970673828125
419.0 7.43528447265625
420.0 6.3657138671875
421.0 11.1900859375
422.0 9.75016552734375
423.0 13.9066974609375
424.0 12.051007421875
425.0 11.00633818359375
426.0 16.75613740234375
427.0 15.0274279296875
428.0 13.028334375
429.0 15.102984765625
430.0 16.2604853515625
431.0 16.92704892578125
432.0 1.7887650390625
433.0 10.63856328125
434.0 18.49376455078125
435.0 0.0
436.0 0.0
437.0 1.78595419921875
438.0 3.6121298828125
439.0 7.10340869140625
440.0 13.1571619140625
441.0 11.01376259765625
442.0 5.65671474609375
443.0 22.3108388671875
444.0 14.88107041015625
445.0 9.4667251953125
446.0 6.98766806640625
447.0 14.75442529296875
448.0 5.35023359375
449.0 1.08279677734375
450.0 0.0
451.0 0.0
452.0 0.0
453.0 24.0967712890625
454.0 4.24081416015625
455.0 9.18195732421875
456.0 10.44086962890625
457.0 17.14147626953125
458.0 9.43934755859375
459.0 8.71589365234375
460.0 11.16921123046875
461.0 15.22644814453125
462.0 14.38057705078125
463.0 11.3609189453125
464.0 14.33402958984375
465.0 9.75807451171875
466.0 15.33331748046875
467.0 7.49952197265625
468.0 9.42032900390625
469.0 15.16120771484375
470.0 11.2934462890625
471.0 14.29750380859375
472.0 11.4620388671875
473.0 20.499171875
474.0 12.6377908203125
475.0 5.7963986328125
476.0 32.39586845703125
477.0 11.0539091796875
478.0 17.6303982421875
479.0 15.671458984375
480.0 9.00812294921875
481.0 2.1552724609375
482.0 27.88431259765625
483.0 13.13521171875
484.0 7.6121849609375
485.0 10.63221650390625
486.0 1.19216904296875
487.0 16.65217353515625
488.0 2.664041015625
489.0 11.7979771484375
490.0 3.00252939453125
491.0 0.803321875
492.0 11.40167998046875
493.0 8.84588115234375
494.0 14.0793119140625
495.0 12.96054072265625
496.0 7.37831953125
497.0 16.4137642578125
498.0 8.87087880859375
499.0 10.76985771484375
500.0 5.9946875
501.0 12.572409375
502.0 7.98484521484375
503.0 6.26666611328125
504.0 14.60930478515625
505.0 11.4071306640625
506.0 14.2283134765625
507.0 9.62284970703125
508.0 8.04558134765625
509.0 15.03632548828125
510.0 11.4486724609375
511.0 10.44337744140625
512.0 13.42940068359375
513.0 15.665568359375
514.0 12.74452314453125
515.0 6.4334859375
516.0 0.057508203125
517.0 25.03738359375
518.0 15.33209326171875
519.0 10.6818404296875
520.0 14.38487158203125
521.0 14.9874376953125
522.0 11.94036796875
523.0 15.1375896484375
524.0 8.98743681640625
525.0 5.1336974609375
526.0 23.10666650390625
527.0 12.31482939453125
528.0 0.0
529.0 0.0
530.0 22.53354697265625
531.0 5.5815890625
532.0 0.0
533.0 0.0
534.0 0.32634287109375
535.0 18.134587109375
536.0 6.90545537109375
537.0 5.90628818359375
538.0 7.31788291015625
539.0 1.8579025390625
540.0 0.84429169921875
541.0 9.88064736328125
542.0 11.3210646484375
543.0 15.294947265625
544.0 12.441891015625
545.0 8.96564775390625
546.0 11.5545427734375
547.0 9.5047009765625
548.0 14.3930552734375
549.0 9.225303515625
550.0 0.906626171875
551.0 8.548916015625
552.0 7.37587294921875
553.0 11.50111279296875
554.0 13.426519140625
555.0 12.75465625
556.0 14.56192900390625
557.0 13.84984365234375
558.0 11.65022724609375
559.0 7.6881921875
560.0 11.45046103515625
561.0 14.36016083984375
562.0 15.361343359375
563.0 13.084003125
564.0 8.24245595703125
565.0 8.99578486328125
566.0 4.24582890625
567.0 4.5012134765625
568.0 6.6097083984375
569.0 16.2619564453125
570.0 14.12970078125
571.0 14.93483330078125
572.0 9.80208017578125
573.0 3.50355263671875
574.0 2.95361044921875
575.0 12.4283482421875
576.0 13.07946865234375
577.0 8.85402578125
578.0 0.8961703125
579.0 4.5979845703125
580.0 0.0
581.0 0.0
582.0 0.0
583.0 0.0
584.0 0.0
585.0 0.77395498046875
586.0 1.07453935546875
587.0 0.53175361328125
588.0 0.0
589.0 0.0
590.0 0.0
591.0 5.50365888671875
592.0 4.57278544921875
593.0 1.50811025390625
594.0 3.332605859375
595.0 2.08196474609375
596.0 1.0291951171875
597.0 0.25417724609375
598.0 0.45405087890625
599.0 3.01556142578125
600.0 1.53029638671875
601.0 13.600048828125
602.0 12.05152421875
603.0 13.18278212890625
604.0 12.294116015625
605.0 13.20019375
606.0 14.301311328125
607.0 15.40995498046875
608.0 16.1315716796875
609.0 15.1624271484375
610.0 11.04709931640625
611.0 11.12378486328125
612.0 11.0831427734375
613.0 11.1170171875
614.0 7.47309365234375
615.0 13.95498671875
616.0 12.9377349609375
617.0 15.7877529296875
618.0 16.0849283203125
619.0 14.81992119140625
620.0 9.871691015625
621.0 0.0
622.0 0.0
623.0 17.6511533203125
624.0 2.42418583984375
625.0 15.886897265625
626.0 15.101248828125
627.0 13.96119921875
628.0 7.34729248046875
629.0 4.96286279296875
630.0 4.323404296875
631.0 5.261193359375
632.0 6.015350390625
633.0 8.74614306640625
634.0 6.72646484375
635.0 4.82431396484375
636.0 2.01319716796875
637.0 2.7339392578125
638.0 9.1056482421875
639.0 5.8963466796875
640.0 1.34711923828125
641.0 0.09384921875
642.0 0.0
643.0 0.0
644.0 3.9915337890625
645.0 1.2521107421875
646.0 3.86742412109375
647.0 4.39689638671875
648.0 4.52413955078125
649.0 3.17079150390625
650.0 11.505520703125
651.0 6.78284521484375
652.0 6.262812109375
653.0 10.1374720703125
654.0 11.49540068359375
655.0 14.4841484375
656.0 16.0239873046875
657.0 11.33529296875
658.0 14.13394013671875
659.0 15.92872734375
660.0 14.626205078125
661.0 12.42993798828125
662.0 14.731349609375
663.0 15.5462205078125
664.0 15.29234716796875
665.0 13.01989638671875
666.0 5.62395751953125
667.0 14.75266630859375
668.0 14.39887998046875
669.0 2.28596904296875
670.0 26.44086171875
671.0 13.20464560546875
672.0 12.83188623046875
673.0 16.6489837890625
674.0 13.7133927734375
675.0 17.76021494140625
676.0 15.3683091796875
677.0 15.9723341796875
678.0 16.399923828125
679.0 8.50405234375
680.0 3.43495947265625
681.0 22.87469921875
682.0 7.354587109375
683.0 15.494042578125
684.0 9.92594775390625
685.0 14.68470478515625
686.0 13.44854482421875
687.0 6.55835498046875
688.0 7.66727451171875
689.0 6.34255615234375
690.0 23.74070732421875
691.0 13.465852734375
692.0 11.06256689453125
693.0 15.85685107421875
694.0 15.15005029296875
695.0 11.84296015625
696.0 9.35827099609375
697.0 18.59303623046875
698.0 15.1429931640625
699.0 15.09232998046875
700.0 11.654396875
701.0 8.5638732421875
702.0 10.6269033203125
703.0 9.3927828125
704.0 14.0042115234375
705.0 17.63606162109375
706.0 16.3950953125
707.0 15.663228125
708.0 14.49403828125
709.0 14.21402861328125
710.0 10.00333984375
711.0 0.0
712.0 0.0
713.0 28.630619921875
714.0 8.10754169921875
715.0 20.28330537109375
716.0 16.35240009765625
717.0 16.49705166015625
718.0 18.4865435546875
719.0 10.51355
720.0 16.70363525390625
721.0 0.0
722.0 0.0
723.0 26.6646154296875
724.0 11.0047787109375
725.0 18.123802734375
726.0 0.683890625
727.0 6.1674337890625
728.0 21.77079794921875
729.0 15.61835390625
730.0 13.33685634765625
731.0 16.12497001953125
732.0 6.50397275390625
733.0 0.031166015625
734.0 13.1918208984375
735.0 14.18898173828125
736.0 16.2316666015625
737.0 8.80859951171875
738.0 13.973891796875
739.0 12.33212783203125
740.0 19.4489625
741.0 13.06970087890625
742.0 0.370207421875
743.0 21.5351990234375
744.0 16.2976048828125
745.0 17.63752216796875
746.0 15.54659248046875
747.0 17.81499501953125
748.0 13.9044619140625
749.0 14.9860599609375
750.0 13.57686279296875
751.0 13.31270244140625
752.0 8.34317646484375
753.0 0.03116611328125
754.0 2.00410048828125
755.0 3.03834755859375
756.0 6.03278525390625
757.0 11.22770087890625
758.0 11.697845703125
759.0 12.994411328125
760.0 15.87045283203125
761.0 11.27180673828125
762.0 10.4208537109375
763.0 0.0
764.0 0.0
765.0 14.814797265625
766.0 7.9564466796875
767.0 8.7805810546875
768.0 16.4153548828125
769.0 14.155834375
770.0 12.08102958984375
771.0 11.67051337890625
772.0 13.1845201171875
773.0 9.03597548828125
774.0 15.610910546875
775.0 11.605090625
776.0 14.70358349609375
777.0 15.4877966796875
778.0 13.68029267578125
779.0 19.19811796875
780.0 14.120426953125
781.0 9.25731015625
782.0 19.63246845703125
783.0 12.07948330078125
784.0 8.28503955078125
785.0 10.56738232421875
786.0 1.7442115234375
787.0 22.74327568359375
788.0 13.78035380859375
789.0 13.60606572265625
790.0 9.74129443359375
791.0 2.973889453125
792.0 3.3567859375
793.0 20.4396568359375
794.0 15.0701693359375
795.0 7.80279658203125
796.0 11.21996455078125
797.0 14.6810576171875
798.0 8.61431298828125
799.0 14.21479931640625
