0.0 25.39510986328125
1.0 22.6716125
2.0 17.19531962890625
3.0 17.13893701171875
4.0 16.85135537109375
5.0 17.4029728515625
6.0 16.44536826171875
7.0 16.776446484375
8.0 18.66543740234375
9.0 18.63689091796875
10.0 14.4431095703125
11.0 18.00018056640625
12.0 18.08973154296875
13.0 18.627514453125
14.0 19.88476865234375
15.0 15.1920158203125
16.0 19.95357919921875
17.0 22.34578818359375
18.0 26.138701171875
19.0 23.7085271484375
20.0 25.964379296875
21.0 21.60383779296875
22.0 25.23225771484375
23.0 20.68266630859375
24.0 24.30000400390625
25.0 22.20245751953125
26.0 23.278828125
27.0 18.14123095703125
28.0 26.3045205078125
29.0 23.91836953125
30.0 23.98604404296875
31.0 18.33411943359375
32.0 18.36426376953125
33.0 25.8962123046875
34.0 22.6686048828125
35.0 23.39980986328125
36.0 16.3841951171875
37.0 31.17817216796875
38.0 26.30027548828125
39.0 24.004571484375
40.0 27.57343173828125
41.0 21.68175908203125
42.0 23.12074951171875
43.0 26.45839814453125
44.0 24.4612888671875
45.0 26.71916494140625
46.0 24.33971494140625
47.0 23.08271328125
48.0 20.71670400390625
49.0 21.418508203125
50.0 31.06055263671875
51.0 26.43613076171875
52.0 22.69252900390625
53.0 23.61061640625
54.0 26.1640673828125
55.0 23.82408955078125
56.0 25.30863779296875
57.0 22.58423759765625
58.0 23.2991166015625
59.0 22.65566865234375
60.0 23.814951171875
61.0 26.47266826171875
62.0 22.96992666015625
63.0 25.767763671875
64.0 25.8419357421875
65.0 20.74779033203125
66.0 25.82469443359375
67.0 22.95181533203125
68.0 25.4410435546875
69.0 22.75273271484375
70.0 26.61526318359375
71.0 18.3688033203125
72.0 24.6019939453125
73.0 21.9648474609375
74.0 25.3176140625
75.0 25.60968544921875
76.0 25.84645224609375
77.0 26.3419849609375
78.0 24.79742822265625
79.0 26.78671064453125
80.0 24.2686296875
81.0 27.1625900390625
82.0 26.697894921875
83.0 24.187795703125
84.0 26.95389248046875
85.0 23.2409013671875
86.0 28.70993154296875
87.0 25.26059775390625
88.0 26.7361615234375
89.0 24.9971505859375
90.0 27.0965689453125
91.0 24.90996357421875
92.0 24.5406640625
93.0 21.10244296875
94.0 22.75757578125
95.0 22.3519974609375
96.0 26.25966005859375
97.0 25.26818134765625
98.0 20.83561455078125
99.0 25.62168173828125
100.0 23.64832080078125
101.0 26.65798193359375
102.0 23.0379048828125
103.0 22.4965484375
104.0 25.11659521484375
105.0 22.66668515625
106.0 23.9701630859375
107.0 26.228419140625
108.0 23.193777734375
109.0 25.68131708984375
110.0 26.10428896484375
111.0 20.87165146484375
112.0 23.86906943359375
113.0 18.80879287109375
114.0 22.11832568359375
115.0 20.78301923828125
116.0 23.83283056640625
117.0 24.49629482421875
118.0 25.24484853515625
119.0 20.4286109375
120.0 24.36261953125
121.0 25.66196025390625
122.0 23.819857421875
123.0 21.792523046875
124.0 22.69517548828125
125.0 22.37531298828125
126.0 23.513069921875
127.0 22.1519005859375
128.0 18.2314166015625
129.0 28.6428236328125
130.0 24.05390888671875
131.0 22.2637083984375
132.0 24.49709560546875
133.0 25.29339365234375
134.0 22.18019990234375
135.0 26.119366796875
136.0 16.34420009765625
137.0 25.5799931640625
138.0 24.95445625
139.0 22.14443271484375
140.0 21.10341865234375
141.0 14.4510173828125
142.0 18.55718974609375
143.0 23.010327734375
144.0 23.16548388671875
145.0 17.3900400390625
146.0 17.90267080078125
147.0 18.06933330078125
148.0 21.0685033203125
149.0 26.0680287109375
150.0 21.969905078125
151.0 25.3044396484375
152.0 21.66384677734375
153.0 24.51807978515625
154.0 24.18611591796875
155.0 21.9836224609375
156.0 24.0353060546875
157.0 22.59538623046875
158.0 25.147901953125
159.0 22.89825478515625
160.0 25.14633330078125
161.0 22.83935322265625
162.0 25.11018359375
163.0 23.18037763671875
164.0 21.8785671875
165.0 26.061073828125
166.0 22.90301005859375
167.0 26.2377447265625
168.0 22.389830859375
169.0 22.55950908203125
170.0 24.85163984375
171.0 21.534427734375
172.0 24.89885283203125
173.0 19.915305078125
174.0 25.257366015625
175.0 21.90756982421875
176.0 21.46857041015625
177.0 22.4779509765625
178.0 20.30683388671875
179.0 24.91031435546875
180.0 21.35368232421875
181.0 24.6466357421875
182.0 20.286811328125
183.0 26.9015673828125
184.0 19.73643994140625
185.0 23.48467783203125
186.0 20.8145427734375
187.0 21.4189205078125
188.0 25.332303515625
189.0 22.1420857421875
190.0 24.4343345703125
191.0 22.0312373046875
192.0 22.1094341796875
193.0 20.80545302734375
194.0 21.5024314453125
195.0 21.58550654296875
196.0 23.43346943359375
197.0 22.1648662109375
198.0 20.85737900390625
199.0 18.1004828125
200.0 19.90485302734375
201.0 20.38218798828125
202.0 22.68827529296875
203.0 24.149001171875
204.0 22.894655859375
205.0 22.09054794921875
206.0 17.52414375
207.0 22.1504150390625
208.0 23.48574501953125
209.0 21.33145654296875
210.0 23.34887900390625
211.0 18.70691552734375
212.0 16.019344140625
213.0 21.69779765625
214.0 21.56149609375
215.0 19.2432259765625
216.0 14.34015537109375
217.0 26.31495869140625
218.0 14.893565625
219.0 22.2065408203125
220.0 16.90421572265625
221.0 19.76258076171875
222.0 16.37102822265625
223.0 17.5917767578125
224.0 20.56710390625
225.0 18.79780107421875
226.0 17.21437705078125
227.0 16.0652986328125
228.0 13.654207421875
229.0 22.1111361328125
230.0 17.86968251953125
231.0 16.08248505859375
232.0 19.1380341796875
233.0 18.8060658203125
234.0 17.66290302734375
235.0 19.860605078125
236.0 16.758378515625
237.0 16.07191708984375
238.0 18.28118544921875
239.0 14.24015439453125
240.0 16.31265908203125
241.0 14.43716337890625
242.0 18.96878671875
243.0 13.680319921875
244.0 14.0908
245.0 13.929828125
246.0 13.40209384765625
247.0 14.17712177734375
248.0 17.51320791015625
249.0 19.72652001953125
250.0 15.38680693359375
251.0 16.89999287109375
252.0 19.4029404296875
253.0 20.25331337890625
254.0 17.5745353515625
255.0 18.1141630859375
256.0 18.10101376953125
257.0 17.638052734375
258.0 16.14416611328125
259.0 16.75511728515625
260.0 18.8648107421875
261.0 21.16677099609375
262.0 22.6035994140625
263.0 22.923060546875
264.0 20.27013857421875
265.0 23.19116015625
266.0 21.1542373046875
267.0 19.19436279296875
268.0 18.95836943359375
269.0 19.47027314453125
270.0 21.80303515625
271.0 22.81344052734375
272.0 23.38017158203125
273.0 22.1992720703125
274.0 19.06766904296875
275.0 23.033012890625
276.0 20.5085802734375
277.0 20.72329755859375
278.0 20.1520939453125
279.0 23.91395927734375
280.0 22.44871962890625
281.0 20.3388578125
282.0 22.398161328125
283.0 20.248982421875
284.0 19.4736205078125
285.0 21.19157890625
286.0 20.09681904296875
287.0 19.363351171875
288.0 23.1225947265625
289.0 20.46393828125
290.0 24.2356521484375
291.0 7.2915916015625
292.0 37.41595029296875
293.0 23.03397685546875
294.0 17.4078541015625
295.0 21.5010375
296.0 23.3407681640625
297.0 21.37995869140625
298.0 24.50897841796875
299.0 21.18739873046875
300.0 22.15777626953125
301.0 22.56201904296875
302.0 22.0329021484375
303.0 20.54501708984375
304.0 19.2885119140625
305.0 21.1303337890625
306.0 23.16967177734375
307.0 21.66980341796875
308.0 21.26073505859375
309.0 29.17232470703125
310.0 19.7640787109375
311.0 29.0034470703125
312.0 21.11884931640625
313.0 25.46060712890625
314.0 20.584271484375
315.0 24.4485576171875
316.0 15.562668359375
317.0 12.25488134765625
318.0 19.834193359375
319.0 24.93708037109375
320.0 19.90442841796875
321.0 26.116445703125
322.0 21.48029716796875
323.0 22.1299796875
324.0 23.57953154296875
325.0 23.49738642578125
326.0 25.519309375
327.0 22.51579365234375
328.0 24.3333111328125
329.0 23.89684609375
330.0 20.8571990234375
331.0 24.98031318359375
332.0 22.2197697265625
333.0 24.6143494140625
334.0 22.13166015625
335.0 26.2453794921875
336.0 23.32275791015625
337.0 24.57817236328125
338.0 26.08595673828125
339.0 23.9355224609375
340.0 25.47038388671875
341.0 18.42141669921875
342.0 21.07360751953125
343.0 23.68239609375
344.0 20.18817177734375
345.0 26.03344033203125
346.0 22.9742771484375
347.0 24.34514404296875
348.0 23.88167275390625
349.0 26.04773955078125
350.0 23.84863818359375
351.0 23.14573212890625
352.0 22.8314576171875
353.0 22.07903115234375
354.0 23.6121904296875
355.0 20.321459375
356.0 25.363125390625
357.0 23.82848916015625
358.0 7.49029296875
359.0 27.56888837890625
360.0 20.6022111328125
361.0 20.2140921875
362.0 26.48975498046875
363.0 23.67318828125
364.0 22.4144765625
365.0 25.4484103515625
366.0 21.9397310546875
367.0 20.98598525390625
368.0 23.416116015625
369.0 20.9622173828125
370.0 25.121984375
371.0 22.60176337890625
372.0 23.909287109375
373.0 23.875991796875
374.0 23.4620765625
375.0 25.73286982421875
376.0 19.1352916015625
377.0 21.61419677734375
378.0 26.259523828125
379.0 23.0640412109375
380.0 25.01099443359375
381.0 22.31810380859375
382.0 24.61121787109375
383.0 21.465815234375
384.0 25.0776666015625
385.0 23.38186875
386.0 25.9978708984375
387.0 23.79638681640625
388.0 19.65595966796875
389.0 23.17472705078125
390.0 21.5141060546875
391.0 22.2754908203125
392.0 22.09429208984375
393.0 25.7126443359375
394.0 24.536751953125
395.0 20.8150947265625
396.0 23.24192607421875
397.0 23.46551025390625
398.0 28.077671875
399.0 21.30035458984375
400.0 24.96249423828125
401.0 25.07807109375
402.0 21.02213798828125
403.0 17.64642001953125
404.0 10.72101376953125
405.0 13.13429267578125
406.0 16.12328212890625
407.0 13.72639345703125
408.0 17.93723408203125
409.0 8.469740625
410.0 3.60170751953125
411.0 0.938491796875
412.0 23.2375443359375
413.0 14.44695634765625
414.0 16.20519208984375
415.0 18.67895390625
416.0 15.470243359375
417.0 17.67500966796875
418.0 16.89772939453125
419.0 18.01798994140625
420.0 21.18836123046875
421.0 20.44941669921875
422.0 21.50108017578125
423.0 21.627695703125
424.0 24.49382216796875
425.0 22.77792333984375
426.0 26.63188662109375
427.0 22.96609892578125
428.0 24.3689171875
429.0 20.37897998046875
430.0 25.8662599609375
431.0 23.0179984375
432.0 24.4736033203125
433.0 17.58694775390625
434.0 18.5026546875
435.0 21.88680751953125
436.0 19.4578533203125
437.0 26.13970107421875
438.0 21.533903125
439.0 21.185245703125
440.0 20.78360615234375
441.0 21.072244921875
442.0 20.13133388671875
443.0 27.16382373046875
444.0 23.235406640625
445.0 24.7597546875
446.0 21.838324609375
447.0 24.89797734375
448.0 22.72524326171875
449.0 25.3264873046875
450.0 25.126037109375
451.0 27.471266015625
452.0 27.2062185546875
453.0 24.9677818359375
454.0 24.01492958984375
455.0 28.03957275390625
456.0 24.3579380859375
457.0 22.24365234375
458.0 27.7282830078125
459.0 26.124380078125
460.0 28.06882041015625
461.0 24.0601505859375
462.0 28.25547890625
463.0 26.06002431640625
464.0 29.21722666015625
465.0 27.67982626953125
466.0 26.02535849609375
467.0 28.1615404296875
468.0 23.84518564453125
469.0 28.82193193359375
470.0 24.03223154296875
471.0 28.03841005859375
472.0 25.69369033203125
473.0 25.77517392578125
474.0 25.32879306640625
475.0 21.1314556640625
476.0 23.87803193359375
477.0 22.6189740234375
478.0 21.61230390625
479.0 26.44858984375
480.0 24.974155859375
481.0 24.04269814453125
482.0 13.02817744140625
483.0 23.74334033203125
484.0 24.51398046875
485.0 22.2451298828125
486.0 21.69127958984375
487.0 21.93533984375
488.0 20.20646298828125
489.0 17.1758947265625
490.0 23.3703681640625
491.0 17.9197888671875
492.0 17.69317314453125
493.0 24.1204833984375
494.0 20.88357265625
495.0 21.506568359375
496.0 19.9056662109375
497.0 20.57348310546875
498.0 16.71364228515625
499.0 21.10395068359375
500.0 26.6464162109375
501.0 25.04686630859375
502.0 19.20476474609375
503.0 24.0150529296875
504.0 21.2396359375
505.0 24.30901025390625
506.0 24.21152333984375
507.0 22.55990185546875
508.0 22.58667421875
509.0 19.43852587890625
510.0 23.00592880859375
511.0 19.31124443359375
512.0 19.57423203125
513.0 15.986526953125
514.0 28.4277970703125
515.0 21.87698671875
516.0 25.2641666015625
517.0 21.991592578125
518.0 16.46107353515625
519.0 28.02682158203125
520.0 24.9141369140625
521.0 18.64514970703125
522.0 20.22138203125
523.0 15.27550517578125
524.0 17.79979228515625
525.0 18.9244646484375
526.0 22.29646845703125
527.0 16.8321052734375
528.0 18.842912890625
529.0 17.54183076171875
530.0 20.4606986328125
531.0 19.98279423828125
532.0 17.30829462890625
533.0 20.9901572265625
534.0 22.39297509765625
535.0 22.426175390625
536.0 19.21213095703125
537.0 0.0
538.0 0.0
539.0 36.32186708984375
540.0 21.6562732421875
541.0 25.41610361328125
542.0 21.95776572265625
543.0 22.52147265625
544.0 22.57902734375
545.0 21.00167880859375
546.0 23.70589052734375
547.0 21.3895203125
548.0 25.85663134765625
549.0 19.2333978515625
550.0 7.066549609375
551.0 9.89008193359375
552.0 23.77166982421875
553.0 23.574931640625
554.0 19.33013994140625
555.0 19.79954189453125
556.0 25.95162705078125
557.0 23.600453515625
558.0 26.02930205078125
559.0 21.34959189453125
560.0 27.0937923828125
561.0 20.24532724609375
562.0 23.59689228515625
563.0 20.16365849609375
564.0 26.04332255859375
565.0 26.14468916015625
566.0 20.77199716796875
567.0 25.8254328125
568.0 21.34332880859375
569.0 19.0624767578125
570.0 20.9393966796875
571.0 20.15049228515625
572.0 22.33128955078125
573.0 25.1799201171875
574.0 19.4743546875
575.0 29.62803076171875
576.0 23.76232919921875
577.0 25.46259052734375
578.0 21.9479716796875
579.0 24.13307939453125
580.0 19.75369775390625
581.0 31.9993818359375
582.0 27.557794921875
583.0 23.5633298828125
584.0 18.5545685546875
585.0 33.39673828125
586.0 24.09037294921875
587.0 25.528633984375
588.0 23.73528076171875
589.0 26.35631650390625
590.0 23.5131560546875
591.0 25.7191787109375
592.0 22.50594033203125
593.0 25.18837109375
594.0 23.13752158203125
595.0 22.66057197265625
596.0 24.33495146484375
597.0 24.86940732421875
598.0 25.27569736328125
599.0 19.9355716796875
600.0 25.5663802734375
601.0 20.03570693359375
602.0 26.6762322265625
603.0 23.56590283203125
604.0 28.22990615234375
605.0 28.3780955078125
606.0 24.68185927734375
607.0 25.9606615234375
608.0 24.0654396484375
609.0 26.393660546875
610.0 24.683516796875
611.0 19.554196484375
612.0 24.27910419921875
613.0 17.9656541015625
614.0 26.011804296875
615.0 25.309619921875
616.0 24.5357423828125
617.0 23.993026953125
618.0 22.7481736328125
619.0 25.70654951171875
620.0 17.09112060546875
621.0 23.484676953125
622.0 24.191269140625
623.0 22.7825349609375
624.0 15.54364638671875
625.0 15.5015802734375
626.0 18.41226572265625
627.0 15.97261884765625
628.0 28.51468681640625
629.0 25.66810185546875
630.0 25.19677236328125
631.0 21.1269421875
632.0 24.8930126953125
633.0 24.921158984375
634.0 22.8971107421875
635.0 26.31838916015625
636.0 22.61945859375
637.0 19.10760849609375
638.0 15.77517529296875
639.0 15.3277884765625
640.0 20.7386763671875
641.0 25.15595810546875
642.0 22.87453408203125
643.0 23.9269396484375
644.0 21.41355400390625
645.0 24.51685068359375
646.0 20.81199013671875
647.0 20.1093521484375
648.0 20.7553482421875
649.0 19.00450693359375
650.0 17.7203990234375
651.0 19.79108701171875
652.0 18.17368115234375
653.0 15.3833890625
654.0 18.21072412109375
655.0 20.5909033203125
656.0 22.51856279296875
657.0 21.36031962890625
658.0 19.5945125
659.0 19.64369345703125
660.0 18.433655859375
661.0 14.11914248046875
662.0 20.44144765625
663.0 19.8429162109375
664.0 23.657542578125
665.0 25.67456318359375
666.0 24.26281201171875
667.0 21.4242814453125
668.0 25.3547611328125
669.0 22.24485888671875
670.0 23.84240908203125
671.0 25.6194283203125
672.0 27.6698970703125
673.0 25.72044833984375
674.0 25.40591435546875
675.0 21.56657548828125
676.0 21.81823681640625
677.0 27.537362109375
678.0 23.7711552734375
679.0 25.3685794921875
680.0 23.199587890625
681.0 27.01195107421875
682.0 23.6752197265625
683.0 25.00139453125
684.0 23.2406787109375
685.0 7.6304755859375
686.0 42.87907392578125
687.0 23.34515732421875
688.0 28.16016142578125
689.0 23.64349306640625
690.0 27.2907048828125
691.0 25.9189943359375
692.0 22.5160462890625
693.0 25.64335771484375
694.0 21.7163451171875
695.0 27.36067734375
696.0 20.094058984375
697.0 19.76915751953125
698.0 25.23877490234375
699.0 23.539649609375
700.0 21.73376650390625
701.0 24.19719755859375
702.0 22.0908416015625
703.0 24.874120703125
704.0 21.20227958984375
705.0 22.46834384765625
706.0 22.1600759765625
707.0 17.4185638671875
708.0 31.1501158203125
709.0 20.678419921875
710.0 19.12295400390625
711.0 20.340492578125
712.0 24.5177587890625
713.0 20.91958515625
714.0 15.296522265625
715.0 19.68903857421875
716.0 19.49902451171875
717.0 16.216914453125
718.0 21.10997373046875
719.0 20.241758984375
720.0 22.301474609375
721.0 22.7399560546875
722.0 22.54992109375
723.0 25.77388662109375
724.0 23.219353125
725.0 23.21393037109375
726.0 26.6902458984375
727.0 25.04775380859375
728.0 22.03810166015625
729.0 26.807740234375
730.0 22.40555791015625
731.0 28.5108857421875
732.0 24.3278189453125
733.0 8.5365701171875
734.0 42.646829296875
735.0 27.51532607421875
736.0 24.8339400390625
737.0 29.258947265625
738.0 25.88946796875
739.0 26.43982421875
740.0 23.70975537109375
741.0 25.1441267578125
742.0 23.69942548828125
743.0 26.1042802734375
744.0 26.52622177734375
745.0 24.426763671875
746.0 26.337915625
747.0 21.3910576171875
748.0 26.20655244140625
749.0 23.82936484375
750.0 25.7194189453125
751.0 22.66284794921875
752.0 26.20483955078125
753.0 26.41844599609375
754.0 23.82550048828125
755.0 25.75651962890625
756.0 22.99145615234375
757.0 25.76372783203125
758.0 24.9434796875
759.0 24.461990625
760.0 19.41227548828125
761.0 26.88409345703125
762.0 25.18265400390625
763.0 22.85057001953125
764.0 23.56366083984375
765.0 25.74670224609375
766.0 21.905343359375
767.0 25.17047451171875
768.0 20.50606708984375
769.0 23.4785703125
770.0 21.88382890625
771.0 24.7167583984375
772.0 25.18371962890625
773.0 24.24423828125
774.0 23.00990576171875
775.0 24.80741455078125
776.0 23.08314833984375
777.0 14.579144140625
778.0 16.4608716796875
779.0 24.07807958984375
780.0 23.5716177734375
781.0 25.27672685546875
782.0 23.0973763671875
783.0 25.3412712890625
784.0 22.830785546875
785.0 26.28312392578125
786.0 23.285803125
787.0 19.925641015625
788.0 24.704178125
789.0 21.7368951171875
790.0 24.08322568359375
791.0 22.07249169921875
792.0 23.1401859375
793.0 22.3994396484375
794.0 23.5613951171875
795.0 23.09428212890625
796.0 23.58251171875
797.0 26.23592412109375
798.0 23.1102341796875
799.0 25.4875931640625
