0.0 16.82713642578125
1.0 14.69059091796875
2.0 22.18139228515625
3.0 21.456190625
4.0 19.34857353515625
5.0 22.353931640625
6.0 14.81196572265625
7.0 18.1705353515625
8.0 17.2260076171875
9.0 18.10730625
10.0 17.742287890625
11.0 16.36336357421875
12.0 14.49938427734375
13.0 22.83871025390625
14.0 19.55630595703125
15.0 21.576604296875
16.0 17.99901982421875
17.0 15.11403779296875
18.0 17.06983486328125
19.0 16.90966787109375
20.0 17.68017998046875
21.0 17.22043701171875
22.0 16.256855859375
23.0 17.3754013671875
24.0 15.98251064453125
25.0 14.242805078125
26.0 17.8045017578125
27.0 19.150648046875
28.0 15.72627099609375
29.0 17.8060205078125
30.0 22.7353064453125
31.0 18.63171689453125
32.0 18.47755263671875
33.0 19.26836025390625
34.0 17.0636736328125
35.0 16.7222896484375
36.0 18.05140947265625
37.0 18.46441533203125
38.0 20.66012001953125
39.0 19.94483564453125
40.0 9.1559484375
41.0 30.29264208984375
42.0 20.262093359375
43.0 19.89128515625
44.0 19.79271865234375
45.0 20.92715048828125
46.0 19.799675390625
47.0 22.756125390625
48.0 20.00608466796875
49.0 20.1486017578125
50.0 21.814094921875
51.0 20.42215390625
52.0 21.52521640625
53.0 20.6029283203125
54.0 19.73037197265625
55.0 20.50304716796875
56.0 20.64851181640625
57.0 16.41620654296875
58.0 17.31789912109375
59.0 21.5221025390625
60.0 17.47059677734375
61.0 13.98768603515625
62.0 22.43620771484375
63.0 21.152787890625
64.0 18.696772265625
65.0 23.2517869140625
66.0 15.8509818359375
67.0 21.2259478515625
68.0 17.6620203125
69.0 18.3369798828125
70.0 16.683655078125
71.0 22.213530859375
72.0 20.37522666015625
73.0 21.053385546875
74.0 12.0577953125
75.0 19.56987099609375
76.0 17.19895146484375
77.0 20.25481669921875
78.0 16.73849140625
79.0 23.31606943359375
80.0 16.0470849609375
81.0 18.3864171875
82.0 16.29267607421875
83.0 13.77814453125
84.0 14.07994384765625
85.0 13.06280498046875
86.0 11.32244404296875
87.0 13.83631484375
88.0 14.43274013671875
89.0 12.3404216796875
90.0 16.31316728515625
91.0 15.394019921875
92.0 16.914065625
93.0 17.4680080078125
94.0 16.73611044921875
95.0 14.80443095703125
96.0 18.17785654296875
97.0 16.92428701171875
98.0 19.51791904296875
99.0 19.17312890625
100.0 18.4210970703125
101.0 15.14452919921875
102.0 14.09766962890625
103.0 17.887848046875
104.0 20.5275951171875
105.0 0.0
106.0 0.0
107.0 33.76491162109375
108.0 18.6065439453125
109.0 18.04273642578125
110.0 22.43303828125
111.0 21.47288525390625
112.0 16.3324873046875
113.0 23.996553515625
114.0 22.31619951171875
115.0 21.649883203125
116.0 23.9725625
117.0 20.98763359375
118.0 23.46108095703125
119.0 20.90588271484375
120.0 24.38579990234375
121.0 22.387953515625
122.0 22.4507916015625
123.0 21.47391416015625
124.0 21.18965126953125
125.0 22.48330234375
126.0 17.32497119140625
127.0 16.518759375
128.0 24.0909666015625
129.0 22.39306884765625
130.0 17.49922783203125
131.0 23.5556001953125
132.0 18.34532060546875
133.0 22.56056259765625
134.0 23.03013134765625
135.0 19.5021912109375
136.0 22.2792439453125
137.0 20.88520244140625
138.0 22.76061298828125
139.0 23.80407373046875
140.0 19.41538759765625
141.0 18.6157072265625
142.0 20.95037958984375
143.0 13.35649990234375
144.0 21.70191748046875
145.0 21.5860826171875
146.0 16.4830171875
147.0 13.5353580078125
148.0 17.163501953125
149.0 17.10988046875
150.0 19.57962998046875
151.0 22.06148232421875
152.0 20.597812109375
153.0 18.2777251953125
154.0 10.55766015625
155.0 28.97288623046875
156.0 21.9447244140625
157.0 13.477546875
158.0 12.3379708984375
159.0 13.4098837890625
160.0 17.70928857421875
161.0 23.99750830078125
162.0 22.10266015625
163.0 22.45001884765625
164.0 22.22013955078125
165.0 22.10108974609375
166.0 18.0721
167.0 21.68603828125
168.0 16.624690625
169.0 20.53468583984375
170.0 19.1727181640625
171.0 20.5238015625
172.0 22.60060068359375
173.0 17.71969013671875
174.0 19.85046005859375
175.0 17.20055400390625
176.0 19.1367796875
177.0 24.07536005859375
178.0 21.406674609375
179.0 22.35228837890625
180.0 23.45101611328125
181.0 20.836138671875
182.0 23.74644296875
183.0 22.3714453125
184.0 21.021720703125
185.0 23.7492162109375
186.0 16.8242224609375
187.0 15.95300234375
188.0 20.71810634765625
189.0 17.80554990234375
190.0 15.44613330078125
191.0 11.0290171875
192.0 23.391373046875
193.0 18.8702466796875
194.0 22.1000421875
195.0 18.88988310546875
196.0 17.70184619140625
197.0 21.115046484375
198.0 20.27005576171875
199.0 15.7024087890625
200.0 21.9410419921875
201.0 14.79162294921875
202.0 23.3203001953125
203.0 17.135833984375
204.0 19.43748662109375
205.0 21.9204849609375
206.0 18.94300341796875
207.0 20.50041875
208.0 16.16060498046875
209.0 16.27097548828125
210.0 21.5326640625
211.0 20.714543359375
212.0 22.29158828125
213.0 18.56556015625
214.0 19.78582783203125
215.0 16.67216181640625
216.0 17.624372265625
217.0 20.1486896484375
218.0 19.01888984375
219.0 14.520712109375
220.0 18.5498302734375
221.0 15.59856064453125
222.0 18.78711748046875
223.0 20.2904224609375
224.0 0.0
225.0 0.0
226.0 45.42453193359375
227.0 21.43355888671875
228.0 22.709603515625
229.0 17.74330068359375
230.0 15.35128583984375
231.0 12.2314408203125
232.0 16.218
233.0 14.86137353515625
234.0 15.07981220703125
235.0 14.04676240234375
236.0 12.53629658203125
237.0 12.837650390625
238.0 16.01421787109375
239.0 15.81297646484375
240.0 0.0
241.0 0.0
242.0 37.01238095703125
243.0 16.864425
244.0 13.29972998046875
245.0 8.028196484375
246.0 18.619660546875
247.0 16.82837080078125
248.0 16.18300244140625
249.0 17.95550048828125
250.0 18.6872484375
251.0 13.04151875
252.0 15.24875205078125
253.0 18.469733203125
254.0 17.7629634765625
255.0 20.3260849609375
256.0 14.5011986328125
257.0 12.4565302734375
258.0 14.61859404296875
259.0 19.4682630859375
260.0 17.2717140625
261.0 15.8809671875
262.0 18.4801138671875
263.0 18.13580234375
264.0 12.83435849609375
265.0 18.5346212890625
266.0 19.6858521484375
267.0 16.322188671875
268.0 20.5153306640625
269.0 16.02231181640625
270.0 21.14762744140625
271.0 22.75822158203125
272.0 15.59889306640625
273.0 23.8733271484375
274.0 19.09688330078125
275.0 17.4018615234375
276.0 17.46842451171875
277.0 18.1999318359375
278.0 26.075945703125
279.0 22.65659990234375
280.0 22.678989453125
281.0 21.5050765625
282.0 20.886838671875
283.0 24.02010087890625
284.0 21.04493740234375
285.0 22.04413779296875
286.0 22.39875419921875
287.0 20.47183154296875
288.0 22.73394541015625
289.0 20.87639130859375
290.0 23.30599677734375
291.0 23.5980810546875
292.0 20.4783291015625
293.0 21.57608046875
294.0 18.841287890625
295.0 22.2144265625
296.0 11.3585998046875
297.0 19.02117919921875
298.0 20.71524560546875
299.0 18.40415029296875
300.0 6.16768271484375
301.0 28.6108205078125
302.0 19.37920009765625
303.0 14.19200166015625
304.0 23.6776400390625
305.0 11.65224755859375
306.0 23.5949916015625
307.0 16.63178984375
308.0 19.03430458984375
309.0 16.30276044921875
310.0 21.1525349609375
311.0 21.8195525390625
312.0 20.63702138671875
313.0 14.369893359375
314.0 21.70976455078125
315.0 23.21821142578125
316.0 21.1352626953125
317.0 22.9802802734375
318.0 20.03826845703125
319.0 15.7911189453125
320.0 13.55024814453125
321.0 24.68214443359375
322.0 18.00099560546875
323.0 8.5679009765625
324.0 22.44052724609375
325.0 12.293051953125
326.0 16.743909765625
327.0 20.3203048828125
328.0 19.064989453125
329.0 18.8516759765625
330.0 18.06371533203125
331.0 14.20725751953125
332.0 14.14639404296875
333.0 15.25345712890625
334.0 8.13295908203125
335.0 31.8254095703125
336.0 19.09808359375
337.0 13.22618701171875
338.0 15.107169921875
339.0 16.98612646484375
340.0 15.28129482421875
341.0 10.77781630859375
342.0 17.72465693359375
343.0 13.43289794921875
344.0 14.71866748046875
345.0 14.11678798828125
346.0 12.28501318359375
347.0 11.3897873046875
348.0 13.91049345703125
349.0 12.5753341796875
350.0 12.95161650390625
351.0 12.55920869140625
352.0 12.21295458984375
353.0 14.66715625
354.0 13.676123828125
355.0 12.39197412109375
356.0 13.779413671875
357.0 9.53846767578125
358.0 9.24904453125
359.0 11.699440625
360.0 13.482509375
361.0 13.24986669921875
362.0 14.1545576171875
363.0 6.6703771484375
364.0 18.0079490234375
365.0 13.04879814453125
366.0 14.74924609375
367.0 13.15527841796875
368.0 14.771487109375
369.0 16.236515234375
370.0 16.029990234375
371.0 15.06723466796875
372.0 17.73723193359375
373.0 17.21134677734375
374.0 16.91122568359375
375.0 18.67743134765625
376.0 19.78873935546875
377.0 18.22068505859375
378.0 18.35610380859375
379.0 19.1863248046875
380.0 17.85917392578125
381.0 20.04519326171875
382.0 20.0783583984375
383.0 17.907558203125
384.0 18.12075380859375
385.0 17.23363310546875
386.0 16.84932255859375
387.0 20.70903720703125
388.0 16.016175390625
389.0 16.9031376953125
390.0 17.93543212890625
391.0 18.840244921875
392.0 18.43356494140625
393.0 17.93774296875
394.0 11.86073505859375
395.0 14.36012041015625
396.0 14.5618443359375
397.0 14.03062333984375
398.0 15.48956103515625
399.0 16.86371572265625
400.0 17.1413576171875
401.0 18.04848779296875
402.0 17.0844685546875
403.0 19.68165107421875
404.0 15.89011240234375
405.0 18.73206484375
406.0 18.93649111328125
407.0 12.6882845703125
408.0 13.7501494140625
409.0 16.84905478515625
410.0 15.8391982421875
411.0 17.9594498046875
412.0 17.03576005859375
413.0 13.552173046875
414.0 14.8818671875
415.0 14.26357861328125
416.0 13.5842310546875
417.0 13.4518626953125
418.0 15.34977099609375
419.0 17.56816484375
420.0 17.3510845703125
421.0 13.70212041015625
422.0 14.05582060546875
423.0 10.8243845703125
424.0 12.30411142578125
425.0 10.1123955078125
426.0 16.03162490234375
427.0 19.91692880859375
428.0 19.5162095703125
429.0 12.41379375
430.0 16.477954296875
431.0 19.3574658203125
432.0 14.9595548828125
433.0 14.385710546875
434.0 17.35557080078125
435.0 19.1771765625
436.0 18.07203525390625
437.0 18.90318427734375
438.0 14.962421484375
439.0 12.48542548828125
440.0 13.3260072265625
441.0 17.10427099609375
442.0 17.62059921875
443.0 14.963523828125
444.0 13.755329296875
445.0 12.38652841796875
446.0 16.27086474609375
447.0 17.69741884765625
448.0 17.2450779296875
449.0 18.16747392578125
450.0 20.43252578125
451.0 18.12293447265625
452.0 19.51820478515625
453.0 18.21279609375
454.0 18.86467216796875
455.0 20.53026533203125
456.0 18.73022529296875
457.0 18.076166796875
458.0 15.0877859375
459.0 17.9966544921875
460.0 17.37030419921875
461.0 19.63393447265625
462.0 18.4329173828125
463.0 15.86776171875
464.0 19.4618314453125
465.0 26.10774951171875
466.0 19.5790583984375
467.0 19.41070986328125
468.0 19.47012431640625
469.0 16.9489236328125
470.0 15.5741734375
471.0 19.35182373046875
472.0 18.27753876953125
473.0 16.39825390625
474.0 21.2973486328125
475.0 19.6661203125
476.0 17.2466130859375
477.0 17.68241435546875
478.0 19.42225205078125
479.0 19.37132236328125
480.0 18.4389419921875
481.0 15.774210546875
482.0 16.12108828125
483.0 17.27912421875
484.0 16.94190654296875
485.0 17.668034765625
486.0 18.93693876953125
487.0 21.7540138671875
488.0 13.81141083984375
489.0 22.0378326171875
490.0 16.84027998046875
491.0 20.08437421875
492.0 24.55411650390625
493.0 18.8207529296875
494.0 20.88927529296875
495.0 20.09413623046875
496.0 15.98392138671875
497.0 12.12120625
498.0 25.2020056640625
499.0 17.555757421875
500.0 18.2804619140625
501.0 25.3272501953125
502.0 18.02341513671875
503.0 20.89772939453125
504.0 16.26170888671875
505.0 19.2565857421875
506.0 21.69348193359375
507.0 17.30654169921875
508.0 16.78764521484375
509.0 16.18587822265625
510.0 12.80537080078125
511.0 20.716456640625
512.0 13.7447861328125
513.0 22.2981029296875
514.0 14.365711328125
515.0 18.09625419921875
516.0 20.1710087890625
517.0 19.0641251953125
518.0 19.5919189453125
519.0 19.59306015625
520.0 17.9962982421875
521.0 19.8152796875
522.0 20.01513125
523.0 23.0478888671875
524.0 20.81702109375
525.0 20.37147744140625
526.0 22.752011328125
527.0 22.03449892578125
528.0 23.32326083984375
529.0 20.53747490234375
530.0 12.36843251953125
531.0 25.69290341796875
532.0 24.2639486328125
533.0 18.010928515625
534.0 24.40391572265625
535.0 20.57009130859375
536.0 18.91146669921875
537.0 20.37902890625
538.0 18.02687568359375
539.0 19.52767890625
540.0 20.560014453125
541.0 17.0885767578125
542.0 16.255537109375
543.0 23.757823046875
544.0 20.7855953125
545.0 22.97860966796875
546.0 19.31933271484375
547.0 16.17543271484375
548.0 15.510065234375
549.0 16.66738564453125
550.0 12.26224365234375
551.0 16.485904296875
552.0 18.73980869140625
553.0 15.351120703125
554.0 20.0411
555.0 16.7380869140625
556.0 17.32698671875
557.0 19.17996982421875
558.0 12.12325029296875
559.0 24.2025359375
560.0 14.79152421875
561.0 12.97666083984375
562.0 14.0164046875
563.0 10.3358400390625
564.0 18.82169931640625
565.0 18.246419921875
566.0 17.39825546875
567.0 17.613737890625
568.0 13.22099921875
569.0 14.0754181640625
570.0 15.17951240234375
571.0 12.06748818359375
572.0 13.77686328125
573.0 13.8043029296875
574.0 10.0062734375
575.0 11.84769150390625
576.0 13.31872177734375
577.0 12.2876412109375
578.0 13.87209130859375
579.0 12.18854462890625
580.0 13.3381779296875
581.0 9.13518525390625
582.0 12.8119849609375
583.0 13.71909169921875
584.0 11.18479169921875
585.0 12.08497216796875
586.0 13.12539345703125
587.0 14.72865439453125
588.0 12.67650732421875
589.0 13.6347833984375
590.0 14.1282080078125
591.0 15.9427599609375
592.0 11.09640615234375
593.0 14.39365322265625
594.0 14.31755
595.0 3.1231470703125
596.0 17.858140234375
597.0 16.53847392578125
598.0 14.5513025390625
599.0 9.5967806640625
600.0 19.8951384765625
601.0 11.98365087890625
602.0 14.73200478515625
603.0 14.421227734375
604.0 12.9415474609375
605.0 13.959531640625
606.0 12.67309638671875
607.0 9.70988115234375
608.0 20.58243671875
609.0 14.639984375
610.0 17.69250166015625
611.0 13.16174169921875
612.0 16.04745029296875
613.0 20.3523392578125
614.0 20.91390283203125
615.0 17.38282998046875
616.0 18.71126123046875
617.0 18.54320478515625
618.0 18.446680859375
619.0 20.53917646484375
620.0 16.14627919921875
621.0 20.0912853515625
622.0 16.63707119140625
623.0 14.20240087890625
624.0 19.26735341796875
625.0 22.1316755859375
626.0 17.381891015625
627.0 16.3347076171875
628.0 20.4454548828125
629.0 17.96500732421875
630.0 16.95845654296875
631.0 17.9249251953125
632.0 13.50564443359375
633.0 19.31755927734375
634.0 20.1255126953125
635.0 20.80286630859375
636.0 18.208640625
637.0 23.22082255859375
638.0 17.16518291015625
639.0 18.02981884765625
640.0 20.3398115234375
641.0 19.14541181640625
642.0 20.37119150390625
643.0 17.99580830078125
644.0 17.34988154296875
645.0 17.698724609375
646.0 18.447523046875
647.0 15.16389453125
648.0 17.77343935546875
649.0 21.52960771484375
650.0 20.07405263671875
651.0 22.157837890625
652.0 19.171433984375
653.0 13.63693330078125
654.0 20.84631455078125
655.0 16.47641103515625
656.0 12.997218359375
657.0 19.99482177734375
658.0 17.59627763671875
659.0 16.189708984375
660.0 21.0326125
661.0 19.57420302734375
662.0 18.6042240234375
663.0 15.54804189453125
664.0 23.2957388671875
665.0 20.1672755859375
666.0 20.4787888671875
667.0 20.3641251953125
668.0 4.27247412109375
669.0 16.23181103515625
670.0 15.0578322265625
671.0 21.6945513671875
672.0 23.40117421875
673.0 20.53520849609375
674.0 18.79059794921875
675.0 20.07727734375
676.0 15.92960830078125
677.0 16.66385751953125
678.0 18.0520888671875
679.0 17.3317310546875
680.0 18.17499501953125
681.0 18.01403701171875
682.0 22.09857626953125
683.0 20.001265625
684.0 17.11010888671875
685.0 21.68367119140625
686.0 18.16200966796875
687.0 17.14121376953125
688.0 21.158022265625
689.0 15.8440486328125
690.0 26.68589169921875
691.0 18.528846484375
692.0 10.489698046875
693.0 21.7754515625
694.0 13.324042578125
695.0 21.8138404296875
696.0 20.12537060546875
697.0 21.44168095703125
698.0 18.10623818359375
699.0 14.092553515625
700.0 22.91684970703125
701.0 21.29627900390625
702.0 22.578824609375
703.0 21.31965810546875
704.0 17.6190873046875
705.0 21.6947060546875
706.0 20.65760595703125
707.0 17.6426423828125
708.0 23.232743359375
709.0 21.26391025390625
710.0 22.42987529296875
711.0 16.08025830078125
712.0 17.63793525390625
713.0 18.50252568359375
714.0 21.28867548828125
715.0 20.82596884765625
716.0 19.21262197265625
717.0 22.19635673828125
718.0 19.99058583984375
719.0 21.17707421875
720.0 23.6269947265625
721.0 19.95630068359375
722.0 22.0047205078125
723.0 19.58085380859375
724.0 23.356062109375
725.0 23.02029873046875
726.0 19.46273310546875
727.0 24.22884384765625
728.0 20.01085498046875
729.0 20.91012861328125
730.0 22.4481259765625
731.0 19.66907939453125
732.0 19.46551728515625
733.0 16.75926201171875
734.0 20.9265474609375
735.0 22.55376865234375
736.0 20.305620703125
737.0 22.13434130859375
738.0 19.17574658203125
739.0 22.4031240234375
740.0 19.6820171875
741.0 16.2415388671875
742.0 22.156939453125
743.0 17.2564548828125
744.0 19.05259404296875
745.0 22.463832421875
746.0 21.354280078125
747.0 22.23630419921875
748.0 20.274066015625
749.0 20.9346931640625
750.0 18.15200166015625
751.0 22.39739501953125
752.0 18.56090341796875
753.0 17.32631787109375
754.0 18.75284404296875
755.0 14.90479931640625
756.0 17.50854365234375
757.0 16.70531015625
758.0 19.42498857421875
759.0 20.6971548828125
760.0 14.43331552734375
761.0 18.2605060546875
762.0 15.20610419921875
763.0 12.76903857421875
764.0 22.273815625
765.0 16.6150294921875
766.0 20.37745029296875
767.0 20.3017302734375
768.0 20.28167685546875
769.0 24.28991787109375
770.0 21.8785419921875
771.0 23.87234072265625
772.0 17.0843392578125
773.0 15.632460546875
774.0 21.7707701171875
775.0 20.17923037109375
776.0 24.2797423828125
777.0 20.827354296875
778.0 22.230819140625
779.0 21.029020703125
780.0 19.76160185546875
781.0 21.13477919921875
782.0 21.34091640625
783.0 17.615571484375
784.0 19.13767314453125
785.0 18.6817736328125
786.0 20.43107548828125
787.0 15.3930626953125
788.0 25.25446806640625
789.0 15.3497015625
790.0 20.4960931640625
791.0 15.66476875
792.0 21.115369140625
793.0 15.11390390625
794.0 20.7121873046875
795.0 18.0503697265625
796.0 20.96810546875
797.0 21.00717802734375
798.0 20.6026654296875
799.0 15.44774375
