0.0 11.30550732421875
1.0 3.2532666015625
2.0 4.7251525390625
3.0 31.0980671875
4.0 28.04019189453125
5.0 5.2486953125
6.0 4.38751298828125
7.0 9.3523416015625
8.0 29.16331640625
9.0 19.55818212890625
10.0 34.08321123046875
11.0 41.120057421875
12.0 21.38283515625
13.0 30.15126240234375
14.0 28.92828671875
15.0 19.87298046875
16.0 20.1705390625
17.0 5.27230234375
18.0 16.5514318359375
19.0 13.00699560546875
20.0 18.92843896484375
21.0 2.48389609375
22.0 19.9508037109375
23.0 17.14777666015625
24.0 29.1310736328125
25.0 29.2727921875
26.0 16.20307431640625
27.0 6.232406640625
28.0 13.2249908203125
29.0 7.722915625
30.0 6.637039453125
31.0 5.2261884765625
32.0 0.0
33.0 0.0
34.0 0.21906845703125
35.0 1.9075623046875
36.0 7.700019921875
37.0 4.45661923828125
38.0 0.12519072265625
39.0 0.07283779296875
40.0 1.088992578125
41.0 0.296330078125
42.0 2.22672734375
43.0 3.15740107421875
44.0 7.57134990234375
45.0 14.563871484375
46.0 15.45588740234375
47.0 7.0415623046875
48.0 8.40361181640625
49.0 5.28606318359375
50.0 23.6429634765625
51.0 31.593745703125
52.0 14.95832158203125
53.0 27.39312412109375
54.0 6.0214154296875
55.0 14.85297919921875
56.0 22.4947978515625
57.0 21.9485724609375
58.0 22.1507591796875
59.0 25.24821025390625
60.0 22.10387841796875
61.0 23.940436328125
62.0 21.8835931640625
63.0 39.06472744140625
64.0 15.38551376953125
65.0 33.2819044921875
66.0 30.04690126953125
67.0 44.50077822265625
68.0 32.63975927734375
69.0 30.30183974609375
70.0 33.12257548828125
71.0 15.9019822265625
72.0 29.28305537109375
73.0 22.1985533203125
74.0 31.409498828125
75.0 26.10249697265625
76.0 26.0774775390625
77.0 25.00084619140625
78.0 26.37720048828125
79.0 25.891667578125
80.0 37.54733515625
81.0 30.5849630859375
82.0 37.02690498046875
83.0 31.38920263671875
84.0 28.08749453125
85.0 29.746241796875
86.0 29.72776240234375
87.0 32.3797353515625
88.0 29.00747900390625
89.0 8.09266201171875
90.0 12.27777265625
91.0 16.5715541015625
92.0 18.35133984375
93.0 13.46107490234375
94.0 12.1238021484375
95.0 34.28974228515625
96.0 41.661022265625
97.0 31.364074609375
98.0 17.26031162109375
99.0 30.40094716796875
100.0 37.647597265625
101.0 33.54634169921875
102.0 4.54134326171875
103.0 4.6766265625
104.0 5.11848076171875
105.0 26.93878359375
106.0 35.81001533203125
107.0 27.08837861328125
108.0 30.799723046875
109.0 31.82363916015625
110.0 34.5784890625
111.0 35.5160509765625
112.0 38.98475634765625
113.0 20.427103515625
114.0 39.9597671875
115.0 36.5398388671875
116.0 44.4703083984375
117.0 26.10954658203125
118.0 45.458071875
119.0 32.347296484375
120.0 36.1139828125
121.0 37.2515791015625
122.0 30.25612265625
123.0 23.50657099609375
124.0 29.93175458984375
125.0 32.948430859375
126.0 37.96470390625
127.0 34.3218970703125
128.0 37.03961865234375
129.0 29.5935666015625
130.0 47.53560927734375
131.0 23.26137861328125
132.0 35.4618783203125
133.0 26.71582412109375
134.0 37.02207939453125
135.0 26.376774609375
136.0 41.701334765625
137.0 24.1022634765625
138.0 21.95781748046875
139.0 29.3172962890625
140.0 18.4477322265625
141.0 39.15433798828125
142.0 33.3719015625
143.0 26.13731826171875
144.0 17.25730888671875
145.0 31.21076064453125
146.0 38.9728244140625
147.0 33.408801953125
148.0 26.362294140625
149.0 33.294123046875
150.0 27.06164423828125
151.0 25.19862890625
152.0 11.91015224609375
153.0 32.14942919921875
154.0 34.02450576171875
155.0 29.65029267578125
156.0 34.65667451171875
157.0 26.30335458984375
158.0 34.6502970703125
159.0 11.02096435546875
160.0 5.34030166015625
161.0 27.4724234375
162.0 2.5368310546875
163.0 7.31253505859375
164.0 15.8606806640625
165.0 36.02536123046875
166.0 29.31987666015625
167.0 33.515923828125
168.0 29.6534306640625
169.0 24.7739958984375
170.0 38.34811513671875
171.0 15.2645974609375
172.0 32.198534765625
173.0 39.7907458984375
174.0 21.5089109375
175.0 40.09742236328125
176.0 23.659528125
177.0 46.10858349609375
178.0 36.9452740234375
179.0 35.29824541015625
180.0 23.462934765625
181.0 30.6858267578125
182.0 38.758840625
183.0 37.94917138671875
184.0 37.508083203125
185.0 30.98382607421875
186.0 12.183255078125
187.0 40.01317236328125
188.0 41.75716650390625
189.0 30.25001962890625
190.0 26.45213408203125
191.0 39.4933724609375
192.0 35.85561630859375
193.0 24.88099638671875
194.0 0.5545640625
195.0 2.57704345703125
196.0 3.45731455078125
197.0 4.494382421875
198.0 26.77350439453125
199.0 22.2671826171875
200.0 22.62137978515625
201.0 17.26755009765625
202.0 15.40066650390625
203.0 7.01649443359375
204.0 4.030868359375
205.0 3.25309033203125
206.0 3.95401005859375
207.0 2.6321287109375
208.0 3.83586201171875
209.0 3.69294384765625
210.0 5.49586484375
211.0 3.5629345703125
212.0 1.894912890625
213.0 1.3883904296875
214.0 3.22460244140625
215.0 4.0372416015625
216.0 2.179730859375
217.0 3.903475390625
218.0 22.81903642578125
219.0 27.1025955078125
220.0 23.42100966796875
221.0 16.6688884765625
222.0 22.287239453125
223.0 11.68236015625
224.0 27.29067734375
225.0 22.198067578125
226.0 6.03939462890625
227.0 1.25025625
228.0 5.62641787109375
229.0 7.84213935546875
230.0 6.53666103515625
231.0 0.3409806640625
232.0 13.55609921875
233.0 6.4134599609375
234.0 7.59265380859375
235.0 10.8865328125
236.0 12.42390439453125
237.0 6.99649052734375
238.0 4.66129296875
239.0 4.7487013671875
240.0 1.70878544921875
241.0 0.6586630859375
242.0 2.740360546875
243.0 5.71517822265625
244.0 1.20882138671875
245.0 1.10588076171875
246.0 0.54337314453125
247.0 2.390464453125
248.0 3.45706982421875
249.0 5.25198427734375
250.0 14.11948818359375
251.0 17.92394658203125
252.0 7.257939453125
253.0 19.75659375
254.0 19.101925390625
255.0 18.5311955078125
256.0 21.54388759765625
257.0 24.91207939453125
258.0 25.64100078125
259.0 23.44420166015625
260.0 18.886700390625
261.0 16.1739923828125
262.0 3.983418359375
263.0 14.96699970703125
264.0 3.91705283203125
265.0 28.2875662109375
266.0 24.267594140625
267.0 23.5485662109375
268.0 27.32040029296875
269.0 31.15499697265625
270.0 34.2201890625
271.0 30.311696484375
272.0 22.269330859375
273.0 9.5356216796875
274.0 0.8726421875
275.0 0.24198955078125
276.0 0.80226904296875
277.0 9.26430712890625
278.0 9.63706806640625
279.0 15.0241671875
280.0 12.4652646484375
281.0 30.348443359375
282.0 1.56360537109375
283.0 23.3782955078125
284.0 12.9515392578125
285.0 10.49832548828125
286.0 6.01534560546875
287.0 12.052287890625
288.0 21.46163046875
289.0 17.34534375
290.0 6.4823677734375
291.0 43.798094140625
292.0 17.2387333984375
293.0 22.9246439453125
294.0 33.05115908203125
295.0 32.15565439453125
296.0 28.85320732421875
297.0 10.725998828125
298.0 14.000958203125
299.0 26.82114931640625
300.0 26.5547958984375
301.0 30.160080859375
302.0 36.3362234375
303.0 35.1235671875
304.0 12.6038640625
305.0 33.92652099609375
306.0 26.49584482421875
307.0 39.60393603515625
308.0 15.884921875
309.0 11.8767890625
310.0 16.92201552734375
311.0 33.50414833984375
312.0 51.11997724609375
313.0 34.30846044921875
314.0 21.9966669921875
315.0 21.4169994140625
316.0 34.53461826171875
317.0 27.008830859375
318.0 31.6224009765625
319.0 25.08397470703125
320.0 18.44158271484375
321.0 0.40839296875
322.0 38.75182216796875
323.0 23.57846611328125
324.0 30.53930458984375
325.0 19.91525146484375
326.0 10.38807744140625
327.0 11.15191171875
328.0 42.74092763671875
329.0 35.5049296875
330.0 9.634616015625
331.0 55.2870302734375
332.0 22.15702373046875
333.0 40.38281025390625
334.0 30.21745224609375
335.0 30.1771216796875
336.0 29.3095787109375
337.0 26.84178212890625
338.0 46.5702408203125
339.0 36.69939296875
340.0 41.0124650390625
341.0 33.6458884765625
342.0 32.96330478515625
343.0 35.969008984375
344.0 31.66889892578125
345.0 38.3320568359375
346.0 18.16929423828125
347.0 21.123469140625
348.0 29.0350615234375
349.0 25.11817392578125
350.0 26.05071689453125
351.0 26.667349609375
352.0 39.56130888671875
353.0 26.3723111328125
354.0 28.984733203125
355.0 26.903835546875
356.0 35.56381455078125
357.0 29.42549794921875
358.0 27.74507421875
359.0 28.30156650390625
360.0 30.59872841796875
361.0 13.7716552734375
362.0 25.2400064453125
363.0 23.707180859375
364.0 29.2081169921875
365.0 11.8269880859375
366.0 9.003551953125
367.0 19.75906796875
368.0 31.7535107421875
369.0 20.2425736328125
370.0 19.18157236328125
371.0 19.6228109375
372.0 18.91972490234375
373.0 21.77267451171875
374.0 1.1593841796875
375.0 2.25247041015625
376.0 15.441305859375
377.0 33.2878619140625
378.0 28.7389701171875
379.0 20.96000986328125
380.0 33.88034931640625
381.0 26.4743470703125
382.0 30.7100583984375
383.0 22.2333716796875
384.0 4.24720712890625
385.0 13.0568771484375
386.0 18.5772421875
387.0 15.36214248046875
388.0 28.8631568359375
389.0 9.72174287109375
390.0 0.0625076171875
391.0 3.59386669921875
392.0 33.2822677734375
393.0 28.065226953125
394.0 27.57939169921875
395.0 33.4216087890625
396.0 28.1696015625
397.0 32.55223232421875
398.0 25.93485615234375
399.0 1.17231005859375
400.0 46.9665716796875
401.0 32.915442578125
402.0 27.97515009765625
403.0 26.66906279296875
404.0 19.6092306640625
405.0 17.708940625
406.0 33.010719140625
407.0 14.66459677734375
408.0 6.468909765625
409.0 29.19340947265625
410.0 25.24634521484375
411.0 29.8104828125
412.0 7.486662109375
413.0 8.85674970703125
414.0 0.1074541015625
415.0 0.37504580078125
416.0 1.59666455078125
417.0 0.99066923828125
418.0 4.1233232421875
419.0 1.87029501953125
420.0 12.5059185546875
421.0 15.92328115234375
422.0 28.29625859375
423.0 31.17805205078125
424.0 9.08133251953125
425.0 25.98028720703125
426.0 27.44272119140625
427.0 21.6231828125
428.0 34.478825
429.0 19.70509580078125
430.0 30.2173216796875
431.0 13.66559375
432.0 2.08094423828125
433.0 0.78153349609375
434.0 0.88779345703125
435.0 0.19820419921875
436.0 0.07301328125
437.0 0.24005126953125
438.0 0.2503814453125
439.0 0.125015234375
440.0 0.052001953125
441.0 0.0
442.0 0.0
443.0 0.0
444.0 0.0
445.0 0.0
446.0 0.0
447.0 0.0
448.0 0.0
449.0 0.0
450.0 0.0
451.0 0.0
452.0 0.0
453.0 0.0
454.0 0.0
455.0 0.0
456.0 0.0
457.0 0.0
458.0 0.0
459.0 0.0
460.0 0.0
461.0 0.0
462.0 0.0
463.0 0.0
464.0 0.0
465.0 2.429205859375
466.0 4.99443291015625
467.0 0.5969455078125
468.0 0.770751953125
469.0 2.42037314453125
470.0 1.02638125
471.0 0.66692353515625
472.0 0.6864625
473.0 1.00054150390625
474.0 0.977728125
475.0 0.5214021484375
476.0 0.58270263671875
477.0 1.52029541015625
478.0 0.4997318359375
479.0 0.90627294921875
480.0 6.66961474609375
481.0 28.987880078125
482.0 25.9743791015625
483.0 39.2921720703125
484.0 36.9508783203125
485.0 22.8078880859375
486.0 23.1653859375
487.0 13.47828642578125
488.0 21.1546248046875
489.0 20.3397794921875
490.0 6.6087533203125
491.0 1.2803109375
492.0 2.6878732421875
493.0 4.28201357421875
494.0 3.330253515625
495.0 23.979903125
496.0 30.7082791015625
497.0 29.84057119140625
498.0 45.99409814453125
499.0 38.72825087890625
500.0 24.51568125
501.0 12.46902763671875
502.0 15.032932421875
503.0 5.49713310546875
504.0 12.2858005859375
505.0 23.948035546875
506.0 22.96669716796875
507.0 13.3422125
508.0 22.6220533203125
509.0 10.09052568359375
510.0 24.81085283203125
511.0 28.76128486328125
512.0 23.89833359375
513.0 20.44375048828125
514.0 21.30428193359375
515.0 31.9200974609375
516.0 40.1607509765625
517.0 33.32373154296875
518.0 35.252653125
519.0 24.19248037109375
520.0 33.8402544921875
521.0 36.1433982421875
522.0 30.5256447265625
523.0 45.26345234375
524.0 35.896013671875
525.0 27.6238705078125
526.0 15.142140625
527.0 14.89615478515625
528.0 13.1056513671875
529.0 16.12757626953125
530.0 34.51361357421875
531.0 42.814796484375
532.0 38.04198681640625
533.0 39.91551669921875
534.0 32.20111767578125
535.0 36.46124306640625
536.0 43.4443337890625
537.0 35.28239892578125
538.0 37.58042099609375
539.0 37.16014853515625
540.0 39.27177900390625
541.0 30.74771806640625
542.0 43.672560546875
543.0 41.7054376953125
544.0 39.57636826171875
545.0 40.67085126953125
546.0 11.59641044921875
547.0 12.69792041015625
548.0 5.55886376953125
549.0 1.48823369140625
550.0 1.61947041015625
551.0 38.306969140625
552.0 37.4079984375
553.0 36.71567880859375
554.0 16.19597353515625
555.0 49.8010072265625
556.0 42.629578515625
557.0 36.88091865234375
558.0 41.6531310546875
559.0 32.15774560546875
560.0 36.10382255859375
561.0 43.14531171875
562.0 43.030680859375
563.0 47.16863115234375
564.0 28.87555302734375
565.0 23.6436384765625
566.0 37.34818837890625
567.0 36.12058515625
568.0 38.066590625
569.0 18.11695439453125
570.0 25.12101796875
571.0 36.132821484375
572.0 34.07752392578125
573.0 36.065848046875
574.0 29.22247578125
575.0 30.10786728515625
576.0 27.36910712890625
577.0 45.93198427734375
578.0 33.780662890625
579.0 23.8187021484375
580.0 33.41161416015625
581.0 32.51980166015625
582.0 30.288892578125
583.0 30.55125517578125
584.0 37.24271953125
585.0 17.96684208984375
586.0 19.99014853515625
587.0 33.0831837890625
588.0 25.002673828125
589.0 15.6896314453125
590.0 21.39809033203125
591.0 29.12831318359375
592.0 34.25766279296875
593.0 23.2511599609375
594.0 39.16640751953125
595.0 16.464508203125
596.0 23.5169087890625
597.0 24.21304384765625
598.0 32.28811015625
599.0 16.87140830078125
600.0 29.0912619140625
601.0 31.8462568359375
602.0 31.94098740234375
603.0 31.71908251953125
604.0 28.25979404296875
605.0 25.519870703125
606.0 28.2146337890625
607.0 39.80213427734375
608.0 35.43276005859375
609.0 36.009580859375
610.0 33.70686259765625
611.0 20.91144521484375
612.0 20.4331642578125
613.0 22.04467275390625
614.0 15.364095703125
615.0 16.2792220703125
616.0 9.77482568359375
617.0 48.269773046875
618.0 33.18373740234375
619.0 28.050306640625
620.0 24.11182138671875
621.0 18.034849609375
622.0 42.7072650390625
623.0 12.601855078125
624.0 4.0708923828125
625.0 4.0279921875
626.0 14.90745546875
627.0 36.7206673828125
628.0 1.1902974609375
629.0 12.3802591796875
630.0 32.3584369140625
631.0 22.38900693359375
632.0 28.895265234375
633.0 16.65880986328125
634.0 19.767662890625
635.0 8.09760205078125
636.0 23.11653818359375
637.0 5.9311302734375
638.0 32.46914814453125
639.0 11.0813505859375
640.0 18.919883984375
641.0 29.02457431640625
642.0 32.18328154296875
643.0 28.71463798828125
644.0 17.00616416015625
645.0 2.7042576171875
646.0 3.6160857421875
647.0 3.32237900390625
648.0 28.19765927734375
649.0 7.7736162109375
650.0 22.1246212890625
651.0 30.54142392578125
652.0 28.8843765625
653.0 25.30157734375
654.0 28.4951642578125
655.0 35.2801361328125
656.0 33.5826978515625
657.0 12.898976171875
658.0 34.96793056640625
659.0 34.791625390625
660.0 32.2755244140625
661.0 30.030272265625
662.0 23.339617578125
663.0 30.59341982421875
664.0 25.68089013671875
665.0 37.73187470703125
666.0 23.83283759765625
667.0 20.2255326171875
668.0 19.72921142578125
669.0 28.21977080078125
670.0 24.2871380859375
671.0 21.932482421875
672.0 2.65365556640625
673.0 29.2483673828125
674.0 28.05799189453125
675.0 21.00194951171875
676.0 41.66818115234375
677.0 14.13877373046875
678.0 34.1583818359375
679.0 16.312330859375
680.0 36.7270005859375
681.0 39.5382564453125
682.0 27.3505189453125
683.0 26.28935029296875
684.0 39.659801953125
685.0 38.0901669921875
686.0 31.793437109375
687.0 42.292402734375
688.0 28.86814990234375
689.0 33.7010173828125
690.0 31.302334765625
691.0 31.18229296875
692.0 19.66208974609375
693.0 29.054869140625
694.0 24.8343396484375
695.0 23.56097626953125
696.0 29.71744990234375
697.0 34.892198828125
698.0 38.33279140625
699.0 27.42125595703125
700.0 17.56157294921875
701.0 38.27472216796875
702.0 35.5520572265625
703.0 32.76884462890625
704.0 33.36536083984375
705.0 24.57599365234375
706.0 32.46151484375
707.0 32.9406998046875
708.0 32.02286591796875
709.0 41.38540361328125
710.0 25.95334189453125
711.0 26.86487451171875
712.0 25.71915283203125
713.0 29.02813271484375
714.0 26.3428259765625
715.0 24.76177314453125
716.0 28.86823251953125
717.0 21.895735546875
718.0 28.00321220703125
719.0 27.8389927734375
720.0 30.58332451171875
721.0 20.5414849609375
722.0 21.29774697265625
723.0 6.88569599609375
724.0 15.57449873046875
725.0 30.1019357421875
726.0 24.65502978515625
727.0 29.65326416015625
728.0 30.69633828125
729.0 30.82482841796875
730.0 29.58735390625
731.0 26.32816435546875
732.0 25.9495705078125
733.0 38.23334169921875
734.0 31.61809091796875
735.0 33.39615283203125
736.0 27.45129599609375
737.0 7.0749431640625
738.0 21.1903630859375
739.0 38.8748189453125
740.0 33.80878896484375
741.0 33.405848046875
742.0 28.99955859375
743.0 37.7818318359375
744.0 25.89986533203125
745.0 17.8256986328125
746.0 27.25882314453125
747.0 26.3454400390625
748.0 38.28576826171875
749.0 39.1957375
750.0 34.956147265625
751.0 30.382213671875
752.0 19.89690400390625
753.0 36.10700673828125
754.0 30.0980990234375
755.0 18.08892255859375
756.0 13.037940234375
757.0 14.167939453125
758.0 33.32878212890625
759.0 26.3838755859375
760.0 29.3723677734375
761.0 20.81772705078125
762.0 42.32220361328125
763.0 31.4419720703125
764.0 26.02673779296875
765.0 11.58276435546875
766.0 27.2129482421875
767.0 22.49471669921875
768.0 11.70115439453125
769.0 9.63811025390625
770.0 14.8358001953125
771.0 11.4444697265625
772.0 1.43887685546875
773.0 19.31819423828125
774.0 18.54073251953125
775.0 17.243498046875
776.0 30.032441015625
777.0 18.362801953125
778.0 21.399381640625
779.0 28.9745978515625
780.0 26.08500751953125
781.0 1.405215234375
782.0 1.4705083984375
783.0 5.799640625
784.0 4.73624677734375
785.0 14.80152080078125
786.0 22.4115697265625
787.0 6.6633263671875
788.0 6.2629005859375
789.0 18.2719669921875
790.0 23.8052919921875
791.0 2.43487216796875
792.0 44.39657177734375
793.0 15.53315400390625
794.0 1.44976044921875
795.0 15.1701373046875
796.0 38.6102009765625
797.0 32.03030068359375
798.0 42.639062890625
799.0 39.92061201171875
