0.0 23.59644755859375
1.0 33.697914453125
2.0 31.27795458984375
3.0 44.579343359375
4.0 36.36688466796875
5.0 36.930580859375
6.0 45.1495798828125
7.0 39.7656541015625
8.0 16.06840048828125
9.0 21.6603830078125
10.0 6.67895068359375
11.0 39.04244677734375
12.0 42.8108412109375
13.0 34.4939888671875
14.0 34.5931625
15.0 38.46647138671875
16.0 37.91806904296875
17.0 25.93827998046875
18.0 55.85137060546875
19.0 37.5588943359375
20.0 39.6297314453125
21.0 46.4728765625
22.0 19.4154099609375
23.0 1.4702453125
24.0 42.57505712890625
25.0 32.931451953125
26.0 37.417564453125
27.0 38.0562361328125
28.0 41.334296875
29.0 39.583946875
30.0 28.96489580078125
31.0 47.96193935546875
32.0 32.7123880859375
33.0 36.257088671875
34.0 36.84189375
35.0 27.320400390625
36.0 39.72853662109375
37.0 37.27083505859375
38.0 39.2541591796875
39.0 40.64608251953125
40.0 42.47414072265625
41.0 33.05102099609375
42.0 31.67115986328125
43.0 32.36141396484375
44.0 35.92072255859375
45.0 28.9135791015625
46.0 46.28507568359375
47.0 46.43030693359375
48.0 36.8713376953125
49.0 28.88867783203125
50.0 41.72872685546875
51.0 28.9433435546875
52.0 47.77752529296875
53.0 32.4146537109375
54.0 31.9918107421875
55.0 41.21110810546875
56.0 41.3958048828125
57.0 38.53546689453125
58.0 32.45901494140625
59.0 40.3932609375
60.0 37.9718220703125
61.0 39.83190478515625
62.0 35.7666560546875
63.0 32.7531796875
64.0 40.5991943359375
65.0 43.65172783203125
66.0 32.81616943359375
67.0 40.31736044921875
68.0 36.7921087890625
69.0 42.98612705078125
70.0 25.68166943359375
71.0 35.20095751953125
72.0 26.19118583984375
73.0 39.22629580078125
74.0 29.94642314453125
75.0 45.367547265625
76.0 40.15371142578125
77.0 39.07764033203125
78.0 43.65656376953125
79.0 35.78677880859375
80.0 41.13032724609375
81.0 41.47816064453125
82.0 37.996200390625
83.0 40.92462802734375
84.0 41.2446578125
85.0 37.40849267578125
86.0 41.3025580078125
87.0 39.430451171875
88.0 26.6503556640625
89.0 38.56435166015625
90.0 40.20635439453125
91.0 22.80782333984375
92.0 37.68386337890625
93.0 28.46505771484375
94.0 19.39453134765625
95.0 27.6141322265625
96.0 33.6534283203125
97.0 34.93563623046875
98.0 43.96791240234375
99.0 25.99584443359375
100.0 34.348593359375
101.0 39.93036552734375
102.0 26.86001005859375
103.0 35.23170537109375
104.0 14.16113720703125
105.0 32.69947236328125
106.0 35.900164453125
107.0 32.8212076171875
108.0 39.4393443359375
109.0 36.51235576171875
110.0 36.3227287109375
111.0 33.43000732421875
112.0 22.86185693359375
113.0 48.05859248046875
114.0 42.43994697265625
115.0 43.0881607421875
116.0 33.10375810546875
117.0 50.7132498046875
118.0 33.20807255859375
119.0 38.5332947265625
120.0 35.65748828125
121.0 32.9791712890625
122.0 31.9987638671875
123.0 37.263294921875
124.0 31.6498490234375
125.0 32.9597447265625
126.0 1.7421328125
127.0 21.0991224609375
128.0 31.38233798828125
129.0 30.1696728515625
130.0 34.97974052734375
131.0 33.253548828125
132.0 37.15143916015625
133.0 36.95678193359375
134.0 48.32823583984375
135.0 34.01183662109375
136.0 53.2493134765625
137.0 35.89875546875
138.0 38.573438671875
139.0 36.97910888671875
140.0 37.434759765625
141.0 38.75288515625
142.0 38.50721396484375
143.0 36.31773095703125
144.0 27.88237626953125
145.0 32.8772080078125
146.0 38.80447763671875
147.0 40.602259765625
148.0 48.98535234375
149.0 42.810753125
150.0 42.0822857421875
151.0 38.82982626953125
152.0 41.39850771484375
153.0 46.12552568359375
154.0 42.513546875
155.0 42.41924150390625
156.0 44.790477734375
157.0 41.82209345703125
158.0 46.35541630859375
159.0 46.51742958984375
160.0 44.3924623046875
161.0 42.15885087890625
162.0 45.1422974609375
163.0 50.0072796875
164.0 44.129905859375
165.0 41.390100390625
166.0 42.71144169921875
167.0 27.2830046875
168.0 41.59694462890625
169.0 30.259548828125
170.0 28.738128515625
171.0 39.2877810546875
172.0 41.95106064453125
173.0 42.80337646484375
174.0 40.90573447265625
175.0 40.52746904296875
176.0 29.8506005859375
177.0 36.37059462890625
178.0 38.00223466796875
179.0 36.3120513671875
180.0 44.69587119140625
181.0 41.47609765625
182.0 41.54831298828125
183.0 25.01591357421875
184.0 65.192239453125
185.0 32.7832568359375
186.0 16.82414951171875
187.0 36.72656396484375
188.0 35.2093494140625
189.0 42.16828232421875
190.0 36.024567578125
191.0 40.858159375
192.0 38.6014068359375
193.0 25.29268896484375
194.0 27.366391015625
195.0 31.63015283203125
196.0 31.06378818359375
197.0 28.55563291015625
198.0 28.2125369140625
199.0 31.91946240234375
200.0 36.78167861328125
201.0 37.04862158203125
202.0 40.47110830078125
203.0 39.73075517578125
204.0 29.9742326171875
205.0 20.3853171875
206.0 28.91194853515625
207.0 37.52876533203125
208.0 36.6352048828125
209.0 34.31082861328125
210.0 23.81980439453125
211.0 44.37821787109375
212.0 41.43355400390625
213.0 34.51001708984375
214.0 18.56746845703125
215.0 40.3256078125
216.0 31.2815609375
217.0 31.4502212890625
218.0 36.36002802734375
219.0 39.1707591796875
220.0 33.8734404296875
221.0 39.47599521484375
222.0 32.09908876953125
223.0 31.47349052734375
224.0 27.5929056640625
225.0 30.4297603515625
226.0 31.3060177734375
227.0 32.29044375
228.0 21.37259296875
229.0 25.75615625
230.0 25.9750931640625
231.0 23.739647265625
232.0 21.094246875
233.0 19.19686982421875
234.0 33.70664736328125
235.0 28.87268173828125
236.0 42.907492578125
237.0 36.8618634765625
238.0 27.63441357421875
239.0 33.41187705078125
240.0 26.9432615234375
241.0 33.433321484375
242.0 26.6513890625
243.0 21.7667271484375
244.0 32.75220791015625
245.0 30.3180021484375
246.0 23.43399453125
247.0 27.319799609375
248.0 33.8716060546875
249.0 43.70936787109375
250.0 33.33069990234375
251.0 37.67143388671875
252.0 35.7114693359375
253.0 30.53880361328125
254.0 23.6972734375
255.0 11.339774609375
256.0 34.82289228515625
257.0 31.9461505859375
258.0 37.27196533203125
259.0 23.2832455078125
260.0 14.78984345703125
261.0 29.49888388671875
262.0 24.39617412109375
263.0 38.68568125
264.0 24.0378216796875
265.0 23.65201875
266.0 10.4155162109375
267.0 4.38952236328125
268.0 3.2487662109375
269.0 5.58037138671875
270.0 4.77629599609375
271.0 6.43025478515625
272.0 37.39308193359375
273.0 35.31289921875
274.0 38.97843408203125
275.0 38.3570572265625
276.0 37.68801220703125
277.0 2.63459609375
278.0 16.42900087890625
279.0 53.0869271484375
280.0 21.05024013671875
281.0 17.6848525390625
282.0 37.80626103515625
283.0 28.08696337890625
284.0 34.9730662109375
285.0 32.58955732421875
286.0 36.95283232421875
287.0 34.6872681640625
288.0 41.33913994140625
289.0 40.25857314453125
290.0 38.53424482421875
291.0 43.72751845703125
292.0 34.67763251953125
293.0 45.19603759765625
294.0 43.73088095703125
295.0 44.43092646484375
296.0 44.3534384765625
297.0 39.41672763671875
298.0 30.24202802734375
299.0 24.68107568359375
300.0 14.94950439453125
301.0 12.908314453125
302.0 10.69385166015625
303.0 10.32884892578125
304.0 6.577005078125
305.0 46.0194365234375
306.0 39.0820876953125
307.0 41.16224833984375
308.0 41.0477583984375
309.0 34.38264736328125
310.0 40.84033125
311.0 38.07082470703125
312.0 36.12057314453125
313.0 41.83321357421875
314.0 43.305755859375
315.0 39.4919845703125
316.0 37.524955078125
317.0 38.29967685546875
318.0 42.90302802734375
319.0 43.69010390625
320.0 40.66492392578125
321.0 21.604552734375
322.0 44.20128095703125
323.0 39.62394033203125
324.0 31.13840185546875
325.0 50.6848302734375
326.0 40.72380888671875
327.0 45.482230859375
328.0 39.97003427734375
329.0 29.87473876953125
330.0 22.80538212890625
331.0 17.53198017578125
332.0 17.74141357421875
333.0 29.51437255859375
334.0 8.2123078125
335.0 14.14277646484375
336.0 32.54775625
337.0 14.745677734375
338.0 17.9282888671875
339.0 31.3345591796875
340.0 54.103228515625
341.0 33.25655966796875
342.0 40.925772265625
343.0 30.19892880859375
344.0 57.35797255859375
345.0 31.82337705078125
346.0 16.90959296875
347.0 35.1199921875
348.0 52.87488095703125
349.0 44.73768564453125
350.0 42.9633845703125
351.0 36.7140888671875
352.0 43.3892470703125
353.0 40.52000087890625
354.0 44.9206947265625
355.0 36.70391484375
356.0 38.0414021484375
357.0 44.08691767578125
358.0 40.29060224609375
359.0 34.22031669921875
360.0 1.21078603515625
361.0 7.80183427734375
362.0 39.5868162109375
363.0 41.4634107421875
364.0 42.45333095703125
365.0 39.7044736328125
366.0 40.66621044921875
367.0 37.20075673828125
368.0 49.53221591796875
369.0 35.9947501953125
370.0 6.96513779296875
371.0 16.70375859375
372.0 39.158598828125
373.0 17.6539619140625
374.0 4.16883603515625
375.0 8.2634658203125
376.0 28.75546279296875
377.0 31.61601630859375
378.0 8.0720021484375
379.0 22.71827783203125
380.0 19.18990888671875
381.0 10.31045517578125
382.0 10.26336044921875
383.0 4.90668603515625
384.0 6.50233271484375
385.0 9.1312310546875
386.0 6.08189345703125
387.0 8.86036279296875
388.0 8.70262900390625
389.0 6.18156376953125
390.0 10.268150390625
391.0 9.5550193359375
392.0 43.4939212890625
393.0 40.04031357421875
394.0 43.7494591796875
395.0 35.756537890625
396.0 47.49321953125
397.0 40.54984814453125
398.0 43.8637732421875
399.0 46.51106533203125
400.0 42.94921669921875
401.0 44.03280810546875
402.0 35.97251259765625
403.0 46.40435693359375
404.0 40.73563935546875
405.0 43.8921783203125
406.0 44.14944619140625
407.0 40.807248046875
408.0 31.25628125
409.0 49.02589521484375
410.0 41.60894814453125
411.0 29.9113236328125
412.0 42.55703134765625
413.0 38.4774025390625
414.0 35.6927474609375
415.0 35.944491796875
416.0 35.368861328125
417.0 39.1206388671875
418.0 37.8728072265625
419.0 25.4803763671875
420.0 36.736938671875
421.0 29.84930400390625
422.0 37.02627744140625
423.0 39.27596484375
424.0 35.17004267578125
425.0 38.47538544921875
426.0 38.98391162109375
427.0 36.03158828125
428.0 33.548541015625
429.0 50.90239091796875
430.0 39.48393701171875
431.0 41.71701259765625
432.0 40.4949078125
433.0 32.966487109375
434.0 31.7041087890625
435.0 31.8317166015625
436.0 43.5779009765625
437.0 39.00648251953125
438.0 36.19939599609375
439.0 40.93465087890625
440.0 45.68495634765625
441.0 39.22647255859375
442.0 32.42996533203125
443.0 25.6189732421875
444.0 37.47159384765625
445.0 35.03134296875
446.0 26.58618916015625
447.0 47.36304638671875
448.0 19.6860818359375
449.0 12.4643208984375
450.0 9.84419404296875
451.0 41.02685322265625
452.0 44.21614169921875
453.0 37.29031484375
454.0 34.8459703125
455.0 30.83964580078125
456.0 26.47875517578125
457.0 40.90891435546875
458.0 25.59613486328125
459.0 25.36220234375
460.0 40.10277998046875
461.0 31.64329990234375
462.0 47.60586494140625
463.0 29.20834462890625
464.0 20.98789951171875
465.0 28.304231640625
466.0 25.20607822265625
467.0 41.2747341796875
468.0 28.97045380859375
469.0 27.13097158203125
470.0 23.12388056640625
471.0 36.9250873046875
472.0 10.30221416015625
473.0 36.5738865234375
474.0 18.47472841796875
475.0 13.60974443359375
476.0 15.23400927734375
477.0 3.8966013671875
478.0 11.82069873046875
479.0 5.19268154296875
480.0 44.06380703125
481.0 27.9130931640625
482.0 26.41339619140625
483.0 33.9046611328125
484.0 33.743884765625
485.0 24.06274658203125
486.0 30.7243505859375
487.0 23.83976298828125
488.0 23.3904666015625
489.0 19.1442517578125
490.0 15.44748515625
491.0 17.36809580078125
492.0 41.2687265625
493.0 40.2191349609375
494.0 38.693101953125
495.0 38.7822302734375
496.0 39.34695048828125
497.0 43.60209990234375
498.0 36.9983875
499.0 35.62908642578125
500.0 37.7062400390625
501.0 32.3919373046875
502.0 29.43645634765625
503.0 38.66401376953125
504.0 19.98531640625
505.0 44.657484375
506.0 42.3713353515625
507.0 40.1627193359375
508.0 39.2931158203125
509.0 35.6210447265625
510.0 27.4674955078125
511.0 34.56469013671875
512.0 28.68173212890625
513.0 34.8576287109375
514.0 27.6334537109375
515.0 28.85384443359375
516.0 22.47326513671875
517.0 32.6697939453125
518.0 36.41181103515625
519.0 23.81570322265625
520.0 46.82809990234375
521.0 40.56285400390625
522.0 41.4268109375
523.0 34.4137337890625
524.0 35.43291494140625
525.0 32.00909853515625
526.0 31.19503828125
527.0 25.03001787109375
528.0 25.68606826171875
529.0 9.91132900390625
530.0 12.8741486328125
531.0 17.7331228515625
532.0 37.53556728515625
533.0 35.38043369140625
534.0 37.252330859375
535.0 28.22628017578125
536.0 34.9392529296875
537.0 22.06482822265625
538.0 45.0145771484375
539.0 44.731534375
540.0 33.4053673828125
541.0 33.50342763671875
542.0 41.8897302734375
543.0 35.23377900390625
544.0 36.03582509765625
545.0 19.186972265625
546.0 2.11894677734375
547.0 22.75683388671875
548.0 43.97729794921875
549.0 22.9791400390625
550.0 51.25941123046875
551.0 37.2347734375
552.0 34.304153125
553.0 40.6825224609375
554.0 36.03168935546875
555.0 38.219500390625
556.0 42.70119365234375
557.0 39.96411650390625
558.0 35.46342001953125
559.0 37.5897111328125
560.0 39.654062109375
561.0 40.57510810546875
562.0 39.25619013671875
563.0 40.8315205078125
564.0 35.24980263671875
565.0 34.28101552734375
566.0 33.8737345703125
567.0 25.32510009765625
568.0 30.005000390625
569.0 38.0285849609375
570.0 32.586481640625
571.0 31.89277958984375
572.0 37.53871435546875
573.0 25.40432255859375
574.0 34.3617109375
575.0 34.0166130859375
576.0 32.48180810546875
577.0 37.14232021484375
578.0 38.26672802734375
579.0 16.67457275390625
580.0 33.9034921875
581.0 28.9924404296875
582.0 28.63594794921875
583.0 33.81788583984375
584.0 32.3136625
585.0 32.2854767578125
586.0 39.36123837890625
587.0 30.3157443359375
588.0 18.5777052734375
589.0 25.37881455078125
590.0 34.78586484375
591.0 42.27971767578125
592.0 35.29937255859375
593.0 34.67862529296875
594.0 35.775477734375
595.0 28.1088564453125
596.0 44.77137841796875
597.0 39.02208701171875
598.0 40.27772685546875
599.0 38.88305517578125
600.0 44.3745451171875
601.0 22.446956640625
602.0 42.08793974609375
603.0 32.5056265625
604.0 34.9505642578125
605.0 36.77477451171875
606.0 27.27109326171875
607.0 26.81145869140625
608.0 27.59418359375
609.0 38.57097021484375
610.0 37.49130478515625
611.0 36.8790337890625
612.0 39.20152158203125
613.0 41.6010076171875
614.0 35.67714111328125
615.0 43.69735830078125
616.0 36.56998251953125
617.0 41.43165751953125
618.0 5.970961328125
619.0 59.24774169921875
620.0 38.78063466796875
621.0 39.58729697265625
622.0 38.836637890625
623.0 43.7908171875
624.0 31.6912806640625
625.0 44.91824267578125
626.0 43.4207609375
627.0 40.1505802734375
628.0 20.6902208984375
629.0 14.80761689453125
630.0 40.9075130859375
631.0 28.93071943359375
632.0 58.26072021484375
633.0 40.04558115234375
634.0 40.89994677734375
635.0 28.5537283203125
636.0 52.4500529296875
637.0 44.24031845703125
638.0 31.64947353515625
639.0 44.12741015625
640.0 33.34871669921875
641.0 39.76322119140625
642.0 26.99021220703125
643.0 18.5374732421875
644.0 10.48066044921875
645.0 5.60212783203125
646.0 10.84030947265625
647.0 33.8581091796875
648.0 40.30820595703125
649.0 38.9921294921875
650.0 43.82489541015625
651.0 47.0141076171875
652.0 33.40052529296875
653.0 33.56018603515625
654.0 42.85404404296875
655.0 27.65067060546875
656.0 26.221787109375
657.0 44.66677646484375
658.0 38.4848208984375
659.0 31.84499814453125
660.0 34.2857919921875
661.0 25.7125568359375
662.0 23.20069267578125
663.0 29.2106142578125
664.0 39.0698875
665.0 29.534302734375
666.0 42.19679716796875
667.0 23.300883203125
668.0 49.8992291015625
669.0 35.88666455078125
670.0 23.66247822265625
671.0 27.365433203125
672.0 53.8618927734375
673.0 20.8038392578125
674.0 44.15979970703125
675.0 17.64869619140625
676.0 35.22527548828125
677.0 43.3253162109375
678.0 41.86131298828125
679.0 42.18640029296875
680.0 41.98821875
681.0 49.4355359375
682.0 19.6557740234375
683.0 36.85438544921875
684.0 36.0490498046875
685.0 47.5800119140625
686.0 33.14863828125
687.0 31.61414677734375
688.0 47.45009208984375
689.0 38.65842763671875
690.0 9.1696544921875
691.0 5.3546859375
692.0 39.89341298828125
693.0 43.52051396484375
694.0 35.45551923828125
695.0 30.84717080078125
696.0 10.3426119140625
697.0 7.70975615234375
698.0 14.8369828125
699.0 17.19902197265625
700.0 9.08283681640625
701.0 6.64329091796875
702.0 7.076171875
703.0 2.11111396484375
704.0 1.42959814453125
705.0 1.381170703125
706.0 0.55560283203125
707.0 16.68752197265625
708.0 45.2996341796875
709.0 43.963631640625
710.0 35.47115166015625
711.0 47.8812525390625
712.0 48.223533984375
713.0 44.226551953125
714.0 39.73951318359375
715.0 36.04673427734375
716.0 49.540212109375
717.0 39.0782373046875
718.0 41.0985427734375
719.0 40.01212900390625
720.0 40.6008109375
721.0 18.347400390625
722.0 11.74351142578125
723.0 43.64489755859375
724.0 40.37563017578125
725.0 37.4428279296875
726.0 37.3793078125
727.0 38.245142578125
728.0 34.3268232421875
729.0 41.533628125
730.0 46.83855302734375
731.0 28.74837607421875
732.0 41.55149189453125
733.0 43.08181787109375
734.0 42.6240181640625
735.0 44.95234873046875
736.0 41.77977197265625
737.0 42.68650341796875
738.0 36.52344306640625
739.0 51.3809140625
740.0 45.079352734375
741.0 47.65824970703125
742.0 41.377878125
743.0 30.61805703125
744.0 20.38192783203125
745.0 38.452266015625
746.0 24.17444208984375
747.0 26.26456875
748.0 24.4682515625
749.0 27.0232111328125
750.0 37.23409873046875
751.0 46.0480310546875
752.0 32.725950390625
753.0 28.39190673828125
754.0 35.7849611328125
755.0 34.61363935546875
756.0 46.02116455078125
757.0 40.97253896484375
758.0 27.35052734375
759.0 55.45707734375
760.0 40.2853181640625
761.0 42.64419365234375
762.0 43.6161810546875
763.0 16.85852197265625
764.0 35.37111943359375
765.0 35.95677197265625
766.0 41.3024224609375
767.0 40.8385515625
768.0 17.86055947265625
769.0 23.508194921875
770.0 41.90207275390625
771.0 39.9195876953125
772.0 43.09586640625
773.0 37.57011083984375
774.0 30.91370517578125
775.0 33.4243259765625
776.0 34.79362158203125
777.0 30.35817158203125
778.0 31.17931337890625
779.0 36.92741875
780.0 34.33111865234375
781.0 47.09692021484375
782.0 41.94480478515625
783.0 34.49319912109375
784.0 27.91470966796875
785.0 34.89792822265625
786.0 40.3003833984375
787.0 32.810696484375
788.0 48.52400400390625
789.0 41.52593408203125
790.0 28.73533154296875
791.0 27.1926724609375
792.0 17.7899125
793.0 34.92246728515625
794.0 28.44048017578125
795.0 33.71460576171875
796.0 27.29715048828125
797.0 25.09080234375
798.0 35.6463462890625
799.0 38.39019658203125
