0.0 6.90430009765625
1.0 4.745991796875
2.0 9.10704345703125
3.0 9.09099521484375
4.0 9.02243671875
5.0 5.74909287109375
6.0 8.54031708984375
7.0 8.251088671875
8.0 8.13988203125
9.0 7.29252060546875
10.0 8.10910400390625
11.0 8.0270169921875
12.0 7.53260869140625
13.0 5.63901328125
14.0 5.72282919921875
15.0 5.050443359375
16.0 5.70542265625
17.0 5.58142607421875
18.0 3.9746220703125
19.0 6.978878515625
20.0 5.51210576171875
21.0 5.47966552734375
22.0 6.19935712890625
23.0 5.2098380859375
24.0 6.28889052734375
25.0 6.0858779296875
26.0 5.848946875
27.0 5.1220466796875
28.0 5.92705458984375
29.0 6.199132421875
30.0 6.54729951171875
31.0 7.571323828125
32.0 7.521487109375
33.0 11.430378515625
34.0 10.08795751953125
35.0 9.3351748046875
36.0 7.7971634765625
37.0 6.5315453125
38.0 12.4468443359375
39.0 7.36084755859375
40.0 6.387715234375
41.0 7.30881474609375
42.0 9.5664490234375
43.0 7.7426501953125
44.0 10.10100927734375
45.0 10.53284384765625
46.0 9.14983505859375
47.0 10.7805240234375
48.0 8.5395513671875
49.0 9.98129697265625
50.0 11.00972802734375
51.0 7.88782236328125
52.0 10.75606044921875
53.0 0.0
54.0 0.0
55.0 0.0
56.0 0.55688408203125
57.0 29.0278244140625
58.0 8.75266689453125
59.0 8.0626712890625
60.0 8.1775904296875
61.0 7.01071728515625
62.0 5.72299951171875
63.0 5.35478125
64.0 6.05830537109375
65.0 5.97849306640625
66.0 6.212198828125
67.0 6.33519384765625
68.0 6.18807568359375
69.0 6.078578515625
70.0 5.704573828125
71.0 2.231296484375
72.0 0.1633595703125
73.0 15.41100546875
74.0 5.94891142578125
75.0 6.5596521484375
76.0 5.9139611328125
77.0 6.03154521484375
78.0 6.59229853515625
79.0 6.7032513671875
80.0 6.97170771484375
81.0 5.803214453125
82.0 5.3618501953125
83.0 5.85789716796875
84.0 3.68443427734375
85.0 12.10984228515625
86.0 6.37713232421875
87.0 7.80269482421875
88.0 10.46842294921875
89.0 9.38649677734375
90.0 11.277796875
91.0 11.44254814453125
92.0 8.7280130859375
93.0 14.969237109375
94.0 12.72937529296875
95.0 14.1341302734375
96.0 11.358447265625
97.0 10.36010498046875
98.0 12.7648134765625
99.0 11.61195791015625
100.0 12.34182890625
101.0 10.993341796875
102.0 9.1826349609375
103.0 7.489584375
104.0 12.58961806640625
105.0 10.77483564453125
106.0 7.314798046875
107.0 12.0734111328125
108.0 12.094727734375
109.0 9.501954296875
110.0 5.74427587890625
111.0 9.17525107421875
112.0 10.5076267578125
113.0 9.941537890625
114.0 14.38356220703125
115.0 9.074885546875
116.0 12.34354130859375
117.0 9.41500732421875
118.0 7.27357275390625
119.0 6.0414509765625
120.0 6.0372638671875
121.0 6.111277734375
122.0 6.07409365234375
123.0 5.3344814453125
124.0 5.92824755859375
125.0 5.6104228515625
126.0 5.61951318359375
127.0 6.16872353515625
128.0 6.3764982421875
129.0 5.48379775390625
130.0 6.23896796875
131.0 5.946181640625
132.0 6.0413171875
133.0 5.851743359375
134.0 5.45184970703125
135.0 5.9928359375
136.0 6.02459873046875
137.0 6.116741015625
138.0 6.108741796875
139.0 6.3192630859375
140.0 6.2170470703125
141.0 5.34552958984375
142.0 6.23987158203125
143.0 6.2443630859375
144.0 6.66065927734375
145.0 6.07291396484375
146.0 5.1742337890625
147.0 5.932269921875
148.0 5.94761298828125
149.0 6.03323974609375
150.0 5.897904296875
151.0 5.5137345703125
152.0 6.1321296875
153.0 6.39288046875
154.0 8.35342275390625
155.0 6.46833046875
156.0 6.53628984375
157.0 8.06118984375
158.0 9.83172724609375
159.0 7.76554736328125
160.0 6.18845380859375
161.0 5.70962412109375
162.0 5.28831611328125
163.0 6.04072373046875
164.0 6.1910974609375
165.0 6.30767685546875
166.0 5.67863603515625
167.0 5.7270724609375
168.0 5.6307029296875
169.0 3.96901484375
170.0 7.40995830078125
171.0 5.06728046875
172.0 5.36213037109375
173.0 6.5690130859375
174.0 5.98436376953125
175.0 6.27573203125
176.0 5.80779453125
177.0 5.45905908203125
178.0 6.1899873046875
179.0 6.29084228515625
180.0 6.0494181640625
181.0 6.1749734375
182.0 6.3010244140625
183.0 5.384063671875
184.0 6.09532470703125
185.0 6.1254494140625
186.0 5.3166697265625
187.0 5.03924130859375
188.0 1.98880947265625
189.0 0.9478548828125
190.0 2.57347509765625
191.0 1.42854736328125
192.0 1.85908037109375
193.0 1.4128220703125
194.0 1.41645732421875
195.0 1.73547578125
196.0 1.335446875
197.0 1.5945587890625
198.0 1.577837109375
199.0 0.87620068359375
200.0 1.877944921875
201.0 4.8220486328125
202.0 8.88538623046875
203.0 7.85683046875
204.0 11.935612890625
205.0 4.484837890625
206.0 5.10825068359375
207.0 11.1785583984375
208.0 12.1328330078125
209.0 10.3661189453125
210.0 10.64000927734375
211.0 11.15316943359375
212.0 10.798893359375
213.0 9.90851181640625
214.0 10.631919140625
215.0 10.15833916015625
216.0 8.66415810546875
217.0 8.57824599609375
218.0 10.13218974609375
219.0 12.5205607421875
220.0 10.67268642578125
221.0 12.05091640625
222.0 7.48965712890625
223.0 9.1460546875
224.0 13.612416015625
225.0 11.78887060546875
226.0 5.7033908203125
227.0 8.35245146484375
228.0 9.4825751953125
229.0 10.92918701171875
230.0 10.1950287109375
231.0 10.8817115234375
232.0 9.88175126953125
233.0 15.80764921875
234.0 13.28169140625
235.0 11.37986513671875
236.0 8.94794970703125
237.0 6.0897541015625
238.0 15.6327294921875
239.0 12.89130087890625
240.0 13.8075431640625
241.0 12.2107220703125
242.0 9.182379296875
243.0 6.00549765625
244.0 6.9621103515625
245.0 5.4586212890625
246.0 5.811690234375
247.0 1.3302369140625
248.0 5.15871953125
249.0 5.91588310546875
250.0 9.20820673828125
251.0 12.8474515625
252.0 11.83797275390625
253.0 14.06098017578125
254.0 12.59616591796875
255.0 12.864949609375
256.0 12.392556640625
257.0 6.82735302734375
258.0 13.6808923828125
259.0 13.47778115234375
260.0 12.66417880859375
261.0 9.544640234375
262.0 12.49322587890625
263.0 11.5288458984375
264.0 2.15204521484375
265.0 22.2994140625
266.0 14.48065498046875
267.0 10.7997173828125
268.0 12.255166796875
269.0 10.98513564453125
270.0 14.0653443359375
271.0 10.20857451171875
272.0 11.967716796875
273.0 11.05058271484375
274.0 12.21344931640625
275.0 11.811182421875
276.0 10.91462236328125
277.0 8.15100478515625
278.0 16.2886982421875
279.0 11.382789453125
280.0 10.85469658203125
281.0 13.86910322265625
282.0 13.05504296875
283.0 13.181525390625
284.0 11.0289494140625
285.0 13.63902314453125
286.0 13.6520140625
287.0 11.83486015625
288.0 11.10522841796875
289.0 9.62774169921875
290.0 13.25942177734375
291.0 11.819846875
292.0 12.52529951171875
293.0 10.5599236328125
294.0 10.738512109375
295.0 12.60578564453125
296.0 0.0
297.0 0.0
298.0 32.36585947265625
299.0 10.67429755859375
300.0 10.26804833984375
301.0 10.6006732421875
302.0 12.05832724609375
303.0 11.27873076171875
304.0 10.95943701171875
305.0 11.13116015625
306.0 9.93342822265625
307.0 6.73970556640625
308.0 5.98369296875
309.0 7.69343154296875
310.0 9.75189638671875
311.0 13.606253125
312.0 11.070839453125
313.0 13.9083123046875
314.0 15.03216376953125
315.0 14.39710517578125
316.0 10.0595560546875
317.0 12.04341123046875
318.0 13.17498955078125
319.0 10.636759375
320.0 13.2583845703125
321.0 10.0898517578125
322.0 11.58756181640625
323.0 10.253396484375
324.0 7.41394794921875
325.0 11.224346875
326.0 11.30386962890625
327.0 10.96376279296875
328.0 9.8212529296875
329.0 8.9271453125
330.0 11.483953125
331.0 12.641765625
332.0 11.60943662109375
333.0 10.769758203125
334.0 11.76482255859375
335.0 7.49727578125
336.0 11.65257236328125
337.0 12.56644794921875
338.0 13.144840234375
339.0 10.16856337890625
340.0 9.8993380859375
341.0 13.18012705078125
342.0 10.62581259765625
343.0 8.09086337890625
344.0 15.29987529296875
345.0 10.6982783203125
346.0 12.0860537109375
347.0 10.876909765625
348.0 10.8642255859375
349.0 0.0
350.0 0.0
351.0 26.789106640625
352.0 10.297269140625
353.0 8.5409224609375
354.0 12.03304482421875
355.0 12.62762939453125
356.0 12.69896201171875
357.0 11.507748828125
358.0 10.12642939453125
359.0 12.17668349609375
360.0 12.2594955078125
361.0 11.13973974609375
362.0 11.12888095703125
363.0 12.53498251953125
364.0 12.2410275390625
365.0 11.56014423828125
366.0 9.916629296875
367.0 8.7319662109375
368.0 12.77505927734375
369.0 12.4668791015625
370.0 10.2524236328125
371.0 11.92885166015625
372.0 11.7635431640625
373.0 9.3665751953125
374.0 12.187516796875
375.0 11.73562744140625
376.0 9.62953994140625
377.0 11.6841875
378.0 10.20407646484375
379.0 8.28874609375
380.0 10.89324775390625
381.0 11.9531544921875
382.0 10.37603310546875
383.0 7.99977314453125
384.0 15.24539853515625
385.0 11.16037314453125
386.0 10.97639345703125
387.0 9.59514990234375
388.0 9.54790517578125
389.0 10.71788291015625
390.0 10.86013251953125
391.0 10.8837865234375
392.0 11.9416119140625
393.0 9.1093970703125
394.0 7.74548447265625
395.0 12.9113193359375
396.0 8.663804296875
397.0 6.2272728515625
398.0 8.40816669921875
399.0 8.4514443359375
400.0 9.04520087890625
401.0 6.777851953125
402.0 10.74054384765625
403.0 10.1304103515625
404.0 5.85740390625
405.0 5.1700109375
406.0 5.576176171875
407.0 5.60858828125
408.0 5.83084912109375
409.0 5.1744017578125
410.0 5.21650830078125
411.0 5.568673828125
412.0 5.10363310546875
413.0 5.81514765625
414.0 5.5102458984375
415.0 5.319770703125
416.0 5.300824609375
417.0 4.81247548828125
418.0 5.80254541015625
419.0 5.31514375
420.0 5.9791333984375
421.0 6.0085462890625
422.0 5.6609205078125
423.0 5.96288310546875
424.0 6.2971556640625
425.0 5.28130146484375
426.0 5.33236435546875
427.0 5.78762939453125
428.0 8.84698828125
429.0 7.4204689453125
430.0 10.01177548828125
431.0 9.61706005859375
432.0 9.76032880859375
433.0 7.84736298828125
434.0 10.074012109375
435.0 10.399286328125
436.0 9.84103310546875
437.0 9.945578515625
438.0 8.3075009765625
439.0 9.13067041015625
440.0 8.13421787109375
441.0 8.56962490234375
442.0 6.8039912109375
443.0 6.814384765625
444.0 6.636983984375
445.0 4.35048955078125
446.0 7.6847890625
447.0 10.7029076171875
448.0 6.38290009765625
449.0 5.57359267578125
450.0 5.32274931640625
451.0 10.94299345703125
452.0 10.69461337890625
453.0 7.7083224609375
454.0 10.36729716796875
455.0 9.92642880859375
456.0 10.14299375
457.0 13.27105595703125
458.0 12.54115
459.0 12.15739267578125
460.0 10.37387001953125
461.0 10.58280166015625
462.0 6.71109140625
463.0 3.31411494140625
464.0 6.02476904296875
465.0 7.26268505859375
466.0 8.556277734375
467.0 8.22793525390625
468.0 6.3392287109375
469.0 9.59956865234375
470.0 9.407438671875
471.0 10.07737705078125
472.0 10.39193525390625
473.0 6.48752001953125
474.0 11.1662361328125
475.0 3.9123615234375
476.0 3.58997333984375
477.0 2.95939638671875
478.0 6.21224814453125
479.0 3.37589892578125
480.0 12.98939990234375
481.0 12.18501328125
482.0 3.28841845703125
483.0 1.105820703125
484.0 4.98392275390625
485.0 2.053712890625
486.0 1.64565126953125
487.0 1.4818359375
488.0 3.31676044921875
489.0 2.95738115234375
490.0 1.49498486328125
491.0 2.35694130859375
492.0 3.83218125
493.0 1.7386494140625
494.0 3.0971453125
495.0 6.13927431640625
496.0 8.66590712890625
497.0 6.485109375
498.0 3.96867373046875
499.0 4.53685537109375
500.0 9.13717080078125
501.0 7.069857421875
502.0 11.4340462890625
503.0 10.014009765625
504.0 7.3113029296875
505.0 9.77747001953125
506.0 13.91364853515625
507.0 10.83095654296875
508.0 9.50462587890625
509.0 5.89797919921875
510.0 7.71561533203125
511.0 10.512002734375
512.0 9.38601015625
513.0 5.92032158203125
514.0 10.23157587890625
515.0 9.837595703125
516.0 7.39837783203125
517.0 9.98624990234375
518.0 7.2980431640625
519.0 6.0258505859375
520.0 4.41125888671875
521.0 8.81690576171875
522.0 12.49664521484375
523.0 11.6519060546875
524.0 10.89307119140625
525.0 11.5158111328125
526.0 13.74164599609375
527.0 7.92387216796875
528.0 8.17413583984375
529.0 6.7320044921875
530.0 2.92416416015625
531.0 8.5087681640625
532.0 7.27787021484375
533.0 14.00317236328125
534.0 10.8869111328125
535.0 11.29389326171875
536.0 12.20218984375
537.0 12.8368849609375
538.0 8.98421474609375
539.0 9.6202224609375
540.0 10.4255224609375
541.0 11.99716220703125
542.0 12.67571474609375
543.0 11.068095703125
544.0 11.83223037109375
545.0 12.8551986328125
546.0 11.2261224609375
547.0 13.1729302734375
548.0 6.84722451171875
549.0 11.187044140625
550.0 4.27107607421875
551.0 6.004212109375
552.0 4.97343994140625
553.0 6.110528125
554.0 6.53400654296875
555.0 7.49771396484375
556.0 10.37559521484375
557.0 12.07873955078125
558.0 8.4252369140625
559.0 13.3567736328125
560.0 12.352465625
561.0 12.52911181640625
562.0 7.0630736328125
563.0 10.3248205078125
564.0 10.95844296875
565.0 13.54385048828125
566.0 12.756395703125
567.0 8.495144140625
568.0 5.622126171875
569.0 8.4727892578125
570.0 14.7612861328125
571.0 9.76006611328125
572.0 6.37583896484375
573.0 11.89409755859375
574.0 11.44000869140625
575.0 9.24877333984375
576.0 14.5640876953125
577.0 9.06583330078125
578.0 8.91337431640625
579.0 9.73472900390625
580.0 9.540016796875
581.0 11.99005966796875
582.0 5.9057359375
583.0 2.52914775390625
584.0 5.71088896484375
585.0 4.93946005859375
586.0 9.002548046875
587.0 7.9549255859375
588.0 6.18792490234375
589.0 7.44922021484375
590.0 8.89570927734375
591.0 8.90232666015625
592.0 7.6589578125
593.0 3.5622955078125
594.0 4.31917265625
595.0 11.4367458984375
596.0 8.7732703125
597.0 14.867647265625
598.0 2.5363267578125
599.0 9.2426001953125
600.0 8.890029296875
601.0 12.35669638671875
602.0 9.8764599609375
603.0 9.42416337890625
604.0 1.54609755859375
605.0 9.73270849609375
606.0 8.18612763671875
607.0 12.776543359375
608.0 5.41734384765625
609.0 11.98573798828125
610.0 12.00181533203125
611.0 8.8714865234375
612.0 12.591635546875
613.0 11.7826203125
614.0 10.20770693359375
615.0 4.65521640625
616.0 10.931453515625
617.0 12.6755908203125
618.0 9.603209375
619.0 8.90674423828125
620.0 13.0802033203125
621.0 11.1393228515625
622.0 12.248696875
623.0 9.646909375
624.0 0.55486044921875
625.0 12.69464033203125
626.0 11.11683017578125
627.0 12.7081998046875
628.0 10.220884375
629.0 7.86800712890625
630.0 16.33035556640625
631.0 13.4272931640625
632.0 11.1103625
633.0 11.58171865234375
634.0 3.13103935546875
635.0 6.8307796875
636.0 10.58180986328125
637.0 11.47009462890625
638.0 12.24230009765625
639.0 7.2094703125
640.0 12.052933984375
641.0 12.98963046875
642.0 10.59232900390625
643.0 11.40397587890625
644.0 6.766578515625
645.0 10.493564453125
646.0 10.4717625
647.0 11.62782841796875
648.0 9.942309765625
649.0 12.15623662109375
650.0 11.60064560546875
651.0 5.93547275390625
652.0 18.7112951171875
653.0 13.401707421875
654.0 8.6456388671875
655.0 6.6345314453125
656.0 6.47793427734375
657.0 10.32883310546875
658.0 7.4194884765625
659.0 7.127173046875
660.0 6.68265322265625
661.0 8.940066796875
662.0 12.499558203125
663.0 11.215975
664.0 11.957115625
665.0 12.0841234375
666.0 11.8845548828125
667.0 10.88564833984375
668.0 11.540944921875
669.0 11.0471005859375
670.0 12.3490431640625
671.0 11.29031123046875
672.0 6.025785546875
673.0 17.0691857421875
674.0 12.23573916015625
675.0 11.85999365234375
676.0 12.3211373046875
677.0 9.26272265625
678.0 6.706296484375
679.0 6.54874716796875
680.0 7.9305861328125
681.0 8.1432681640625
682.0 6.69763984375
683.0 7.5303052734375
684.0 5.9731388671875
685.0 5.83229716796875
686.0 6.1969037109375
687.0 5.77454658203125
688.0 5.53043193359375
689.0 5.70491943359375
690.0 5.393712109375
691.0 7.25049404296875
692.0 7.22238779296875
693.0 6.46522744140625
694.0 8.14048291015625
695.0 7.74745546875
696.0 7.94643173828125
697.0 6.02777548828125
698.0 5.1712322265625
699.0 5.8197146484375
700.0 6.2007541015625
701.0 5.77664423828125
702.0 5.3362783203125
703.0 5.9325427734375
704.0 5.62196767578125
705.0 7.84803798828125
706.0 10.879961328125
707.0 7.17546513671875
708.0 10.7946685546875
709.0 12.00377666015625
710.0 12.83584326171875
711.0 12.3390591796875
712.0 13.05511396484375
713.0 10.78050185546875
714.0 12.80122138671875
715.0 11.39042412109375
716.0 9.463895703125
717.0 15.57688330078125
718.0 13.57677880859375
719.0 12.4353197265625
720.0 7.0218275390625
721.0 16.84391865234375
722.0 11.016994921875
723.0 9.92952197265625
724.0 12.14634658203125
725.0 11.68755537109375
726.0 12.97652548828125
727.0 8.45031494140625
728.0 14.69987578125
729.0 9.0059271484375
730.0 14.124205078125
731.0 8.56441904296875
732.0 15.275866796875
733.0 12.5401751953125
734.0 9.79425390625
735.0 11.02156142578125
736.0 10.6322154296875
737.0 11.3849970703125
738.0 12.21201875
739.0 11.24130791015625
740.0 8.57406201171875
741.0 9.67554794921875
742.0 9.0944787109375
743.0 8.55458154296875
744.0 9.9795224609375
745.0 8.3678138671875
746.0 6.6751359375
747.0 6.00126142578125
748.0 6.52552666015625
749.0 5.52841220703125
750.0 6.3629173828125
751.0 5.8918931640625
752.0 5.83703896484375
753.0 5.9429330078125
754.0 5.8527810546875
755.0 6.3645333984375
756.0 5.390805859375
757.0 2.86922080078125
758.0 3.74616630859375
759.0 2.886728125
760.0 5.627646875
761.0 9.82583466796875
762.0 9.35618486328125
763.0 11.040755859375
764.0 9.93413857421875
765.0 7.6020525390625
766.0 8.05492216796875
767.0 11.07515888671875
768.0 7.54745166015625
769.0 7.51413984375
770.0 7.28626943359375
771.0 6.2017322265625
772.0 9.56913330078125
773.0 10.57344765625
774.0 9.1310765625
775.0 7.53259619140625
776.0 8.73325791015625
777.0 8.3834203125
778.0 7.685201171875
779.0 0.0
780.0 0.0
781.0 29.363763671875
782.0 9.2229796875
783.0 5.67166142578125
784.0 13.4581826171875
785.0 10.6011140625
786.0 8.2219140625
787.0 11.9695365234375
788.0 10.69942666015625
789.0 9.19416494140625
790.0 11.8985947265625
791.0 8.9434953125
792.0 10.1571537109375
793.0 7.89491904296875
794.0 9.0228134765625
795.0 11.3408404296875
796.0 9.736861328125
797.0 11.5399974609375
798.0 11.94123681640625
799.0 11.576018359375
