0.0 12.7871296875
1.0 14.06492109375
2.0 13.12028564453125
3.0 15.18952763671875
4.0 12.8323951171875
5.0 14.49046279296875
6.0 14.9450416015625
7.0 12.7788291015625
8.0 12.2720951171875
9.0 12.853219921875
10.0 13.6448345703125
11.0 12.3493103515625
12.0 13.18615673828125
13.0 12.1669978515625
14.0 16.182202734375
15.0 12.02680126953125
16.0 13.5470787109375
17.0 12.65362578125
18.0 12.19202265625
19.0 12.01651982421875
20.0 12.2443
21.0 11.0586634765625
22.0 10.51685869140625
23.0 12.9643193359375
24.0 12.0917193359375
25.0 11.07066923828125
26.0 11.28595341796875
27.0 11.0478130859375
28.0 11.080161328125
29.0 8.35451533203125
30.0 8.86836689453125
31.0 8.57346875
32.0 8.624021875
33.0 12.691211328125
34.0 14.32998671875
35.0 12.13199501953125
36.0 10.56176171875
37.0 8.99935546875
38.0 9.4098216796875
39.0 11.9233240234375
40.0 13.9934859375
41.0 12.617898046875
42.0 12.94771142578125
43.0 0.0
44.0 0.0
45.0 27.40490966796875
46.0 14.1201908203125
47.0 12.41334736328125
48.0 13.75300048828125
49.0 13.45343720703125
50.0 12.08219248046875
51.0 14.0015033203125
52.0 13.18944755859375
53.0 12.08113935546875
54.0 12.69028642578125
55.0 12.2976294921875
56.0 14.142183203125
57.0 9.814347265625
58.0 11.74553134765625
59.0 14.70645732421875
60.0 14.328503515625
61.0 14.45840439453125
62.0 13.42046181640625
63.0 13.39055029296875
64.0 13.3547435546875
65.0 11.9925083984375
66.0 11.96148076171875
67.0 12.07655927734375
68.0 11.4541923828125
69.0 10.9819318359375
70.0 12.950740625
71.0 11.63977578125
72.0 10.54175546875
73.0 11.017429296875
74.0 12.655798046875
75.0 13.05167548828125
76.0 10.83669609375
77.0 10.91771943359375
78.0 10.15368564453125
79.0 11.22401865234375
80.0 13.4161025390625
81.0 13.48593671875
82.0 13.6660041015625
83.0 11.7548685546875
84.0 13.80350908203125
85.0 12.72941591796875
86.0 12.4967796875
87.0 10.11835595703125
88.0 12.31977158203125
89.0 12.47808701171875
90.0 12.63269658203125
91.0 11.11030146484375
92.0 12.78681875
93.0 12.6803908203125
94.0 13.630887890625
95.0 11.89550830078125
96.0 12.1835486328125
97.0 10.0514419921875
98.0 13.62602197265625
99.0 11.9598642578125
100.0 12.05733212890625
101.0 12.8753328125
102.0 12.82667822265625
103.0 11.17720908203125
104.0 13.0963205078125
105.0 12.12407060546875
106.0 13.50026083984375
107.0 12.4263744140625
108.0 13.28338505859375
109.0 8.6745849609375
110.0 13.8182091796875
111.0 13.5658123046875
112.0 12.205141796875
113.0 12.79204873046875
114.0 13.67414619140625
115.0 10.89609697265625
116.0 15.21067294921875
117.0 8.7827892578125
118.0 9.14109638671875
119.0 15.49663583984375
120.0 13.323098046875
121.0 12.28040439453125
122.0 8.44433349609375
123.0 13.864540234375
124.0 13.9474080078125
125.0 15.0909125
126.0 14.856584765625
127.0 12.12574443359375
128.0 12.59303935546875
129.0 11.83458984375
130.0 10.28364248046875
131.0 11.48810693359375
132.0 12.27829404296875
133.0 13.2497208984375
134.0 11.304399609375
135.0 7.37462783203125
136.0 9.44398984375
137.0 6.39682490234375
138.0 9.23445
139.0 9.9393498046875
140.0 11.4574603515625
141.0 10.23641748046875
142.0 12.95671279296875
143.0 10.250958984375
144.0 9.99870341796875
145.0 9.201634375
146.0 8.2888158203125
147.0 10.89713916015625
148.0 9.209143359375
149.0 9.61870322265625
150.0 10.23530107421875
151.0 9.8396
152.0 8.9443361328125
153.0 7.38366015625
154.0 8.50431884765625
155.0 6.1762087890625
156.0 2.6774482421875
157.0 5.2193224609375
158.0 8.36761826171875
159.0 8.14694111328125
160.0 8.4551576171875
161.0 6.63074423828125
162.0 11.78136435546875
163.0 8.658932421875
164.0 8.97477607421875
165.0 9.788664453125
166.0 10.14631044921875
167.0 10.882361328125
168.0 8.7319861328125
169.0 9.13984638671875
170.0 11.6540396484375
171.0 12.02835
172.0 11.13758662109375
173.0 8.9740578125
174.0 8.9077708984375
175.0 9.200039453125
176.0 10.6068625
177.0 9.087862890625
178.0 5.0417021484375
179.0 8.04234013671875
180.0 8.322239453125
181.0 8.33391767578125
182.0 8.19368759765625
183.0 6.79515654296875
184.0 9.333584765625
185.0 7.82123203125
186.0 7.901135546875
187.0 4.7771662109375
188.0 8.42442919921875
189.0 7.05094453125
190.0 7.3560875
191.0 6.50466337890625
192.0 8.73288310546875
193.0 8.59130380859375
194.0 8.0307955078125
195.0 8.47323623046875
196.0 6.6231998046875
197.0 10.45527763671875
198.0 10.79684921875
199.0 11.9196736328125
200.0 3.4941240234375
201.0 6.47950556640625
202.0 6.19491005859375
203.0 8.31564248046875
204.0 8.530772265625
205.0 7.9881923828125
206.0 7.79853857421875
207.0 8.95806806640625
208.0 7.10977626953125
209.0 9.1748708984375
210.0 10.72743212890625
211.0 12.92501435546875
212.0 13.14845458984375
213.0 11.7756306640625
214.0 13.33069931640625
215.0 9.69782412109375
216.0 15.78282763671875
217.0 12.9911900390625
218.0 13.49878701171875
219.0 12.83722978515625
220.0 11.76421083984375
221.0 12.7369115234375
222.0 13.6369576171875
223.0 11.4761421875
224.0 6.4759701171875
225.0 12.56642919921875
226.0 8.69448427734375
227.0 8.83168291015625
228.0 9.07687080078125
229.0 9.57640517578125
230.0 10.3555544921875
231.0 7.9398861328125
232.0 12.179408984375
233.0 11.29042392578125
234.0 9.05402763671875
235.0 12.7890412109375
236.0 12.37392451171875
237.0 13.39981826171875
238.0 11.11042587890625
239.0 12.47808681640625
240.0 11.7137306640625
241.0 11.96229775390625
242.0 10.10014560546875
243.0 12.490743359375
244.0 12.3796962890625
245.0 10.5565154296875
246.0 11.71335048828125
247.0 10.63442763671875
248.0 13.248412890625
249.0 11.48814541015625
250.0 13.839383203125
251.0 11.951691796875
252.0 11.277196484375
253.0 13.14743388671875
254.0 12.3942857421875
255.0 9.82493505859375
256.0 11.3276890625
257.0 12.98500322265625
258.0 9.2150818359375
259.0 17.44619580078125
260.0 14.58779931640625
261.0 13.7789431640625
262.0 15.1192220703125
263.0 12.01474111328125
264.0 12.45412099609375
265.0 6.731828125
266.0 9.98376943359375
267.0 7.43197333984375
268.0 9.12593603515625
269.0 5.5512373046875
270.0 7.736191015625
271.0 9.94476708984375
272.0 9.643533203125
273.0 11.41890283203125
274.0 9.12465205078125
275.0 10.0049109375
276.0 9.076343359375
277.0 7.49463701171875
278.0 10.25278740234375
279.0 10.661506640625
280.0 8.27099345703125
281.0 10.945726953125
282.0 7.55194951171875
283.0 7.34067314453125
284.0 9.62053603515625
285.0 8.47692900390625
286.0 6.57275517578125
287.0 5.0358138671875
288.0 6.4839220703125
289.0 4.10105771484375
290.0 4.77648466796875
291.0 10.61217099609375
292.0 10.297574609375
293.0 5.59805859375
294.0 7.07188671875
295.0 10.04342353515625
296.0 9.76738291015625
297.0 8.58094072265625
298.0 7.9537806640625
299.0 6.024590234375
300.0 7.41973447265625
301.0 8.6149240234375
302.0 8.564933203125
303.0 8.22819169921875
304.0 9.3180939453125
305.0 10.183028515625
306.0 5.291517578125
307.0 2.63297607421875
308.0 2.30714189453125
309.0 1.83454658203125
310.0 2.2530822265625
311.0 2.2395935546875
312.0 2.74818662109375
313.0 1.32513935546875
314.0 2.128065625
315.0 1.567808984375
316.0 2.2008541015625
317.0 3.6606671875
318.0 1.3756439453125
319.0 2.5139677734375
320.0 9.38199619140625
321.0 7.94979423828125
322.0 9.2965876953125
323.0 6.24558310546875
324.0 11.13221044921875
325.0 9.96626455078125
326.0 10.37965791015625
327.0 11.76961103515625
328.0 12.72163095703125
329.0 10.3972919921875
330.0 10.75437197265625
331.0 9.8429375
332.0 9.77141513671875
333.0 9.5760578125
334.0 12.19346728515625
335.0 10.15440751953125
336.0 6.99579658203125
337.0 13.08009111328125
338.0 12.17328740234375
339.0 11.04690703125
340.0 8.1824751953125
341.0 13.2085126953125
342.0 6.2330693359375
343.0 12.9251275390625
344.0 9.53628779296875
345.0 9.732320703125
346.0 9.3837587890625
347.0 10.32126474609375
348.0 11.988928515625
349.0 11.927819921875
350.0 13.76970341796875
351.0 11.47333623046875
352.0 7.48766337890625
353.0 11.53449775390625
354.0 11.611264453125
355.0 5.59849970703125
356.0 10.34464384765625
357.0 9.45951611328125
358.0 9.1251814453125
359.0 11.0183103515625
360.0 10.121645703125
361.0 6.70089482421875
362.0 15.1561931640625
363.0 14.00743935546875
364.0 10.7371744140625
365.0 9.55056953125
366.0 14.2859919921875
367.0 14.38239013671875
368.0 13.2838638671875
369.0 9.17937333984375
370.0 12.82689189453125
371.0 11.2385845703125
372.0 10.13309228515625
373.0 14.34523271484375
374.0 9.04808798828125
375.0 3.45990615234375
376.0 14.5420546875
377.0 11.2765234375
378.0 7.4298525390625
379.0 8.19575751953125
380.0 11.4965767578125
381.0 10.0937890625
382.0 10.47326025390625
383.0 9.61883544921875
384.0 10.35325703125
385.0 10.08846484375
386.0 10.553476953125
387.0 8.08040048828125
388.0 8.3781201171875
389.0 8.86239873046875
390.0 9.90285537109375
391.0 9.50881728515625
392.0 11.08885546875
393.0 11.4083177734375
394.0 6.265855859375
395.0 9.2762453125
396.0 8.56206591796875
397.0 8.177576953125
398.0 10.0877201171875
399.0 11.41994306640625
400.0 14.1029412109375
401.0 12.694837109375
402.0 11.0789998046875
403.0 11.87320771484375
404.0 14.55201044921875
405.0 13.2875744140625
406.0 10.1833419921875
407.0 8.69356474609375
408.0 13.3544373046875
409.0 12.2320443359375
410.0 11.8682353515625
411.0 11.15447021484375
412.0 12.03082685546875
413.0 13.57753544921875
414.0 13.2486541015625
415.0 11.98197099609375
416.0 12.436131640625
417.0 1.83324267578125
418.0 10.9466435546875
419.0 11.0727232421875
420.0 15.17533974609375
421.0 10.778804296875
422.0 11.71165234375
423.0 13.5855234375
424.0 13.1429587890625
425.0 12.531998046875
426.0 14.327448828125
427.0 14.21837451171875
428.0 13.025125390625
429.0 12.1356775390625
430.0 13.71893154296875
431.0 13.7479294921875
432.0 14.32537158203125
433.0 12.91598134765625
434.0 13.03874814453125
435.0 13.567555078125
436.0 9.29512998046875
437.0 16.25477919921875
438.0 9.21495498046875
439.0 8.8179626953125
440.0 13.0390087890625
441.0 13.67645673828125
442.0 12.6992408203125
443.0 14.34798916015625
444.0 12.077010546875
445.0 11.066341015625
446.0 9.0113259765625
447.0 12.59643154296875
448.0 10.73194013671875
449.0 11.91504208984375
450.0 7.53796650390625
451.0 12.13691015625
452.0 15.49567841796875
453.0 13.557947265625
454.0 15.21037021484375
455.0 15.028155078125
456.0 12.87239833984375
457.0 14.4288421875
458.0 14.8438345703125
459.0 15.5831576171875
460.0 14.294660546875
461.0 12.6103337890625
462.0 10.190778125
463.0 9.40629619140625
464.0 14.5085982421875
465.0 13.43233271484375
466.0 13.2516064453125
467.0 8.1646392578125
468.0 7.264213671875
469.0 10.37894736328125
470.0 9.42156337890625
471.0 9.73298564453125
472.0 9.82038671875
473.0 6.9544375
474.0 10.76679482421875
475.0 11.11376767578125
476.0 9.3111572265625
477.0 10.292872265625
478.0 8.65390576171875
479.0 9.64592412109375
480.0 9.9865875
481.0 9.593600390625
482.0 9.3421263671875
483.0 8.0809279296875
484.0 9.31917275390625
485.0 9.23698134765625
486.0 9.581273828125
487.0 9.0484693359375
488.0 7.9610439453125
489.0 8.94126806640625
490.0 9.20312880859375
491.0 8.91920078125
492.0 8.50192314453125
493.0 9.415578125
494.0 9.8244375
495.0 8.78925673828125
496.0 9.51827587890625
497.0 8.556769921875
498.0 9.2933646484375
499.0 9.221857421875
500.0 9.875320703125
501.0 8.74613232421875
502.0 9.3371671875
503.0 9.3843541015625
504.0 9.1611982421875
505.0 9.32281044921875
506.0 9.01515205078125
507.0 8.12361416015625
508.0 9.05433203125
509.0 8.94036162109375
510.0 9.05565625
511.0 9.7514791015625
512.0 10.7528666015625
513.0 12.1297904296875
514.0 8.75026806640625
515.0 10.30490859375
516.0 8.1062638671875
517.0 9.8367037109375
518.0 11.51759736328125
519.0 13.1438953125
520.0 12.5118123046875
521.0 8.49325126953125
522.0 9.23997177734375
523.0 11.79349140625
524.0 11.80928056640625
525.0 9.8888349609375
526.0 9.54529091796875
527.0 8.51706279296875
528.0 9.823451953125
529.0 11.770930078125
530.0 11.493423046875
531.0 13.804680078125
532.0 12.4364318359375
533.0 13.246838671875
534.0 14.03164267578125
535.0 11.96376201171875
536.0 9.69159619140625
537.0 11.4648013671875
538.0 12.46294755859375
539.0 12.47039091796875
540.0 13.22546279296875
541.0 11.63164140625
542.0 12.4915216796875
543.0 12.2914998046875
544.0 10.820634375
545.0 6.71098310546875
546.0 8.8769595703125
547.0 11.68442783203125
548.0 5.61685185546875
549.0 3.549687109375
550.0 9.61309560546875
551.0 10.75931640625
552.0 13.15649736328125
553.0 12.440746484375
554.0 12.08698212890625
555.0 12.4524859375
556.0 12.99033642578125
557.0 12.80865302734375
558.0 8.67328359375
559.0 4.98390927734375
560.0 5.1151123046875
561.0 3.03251572265625
562.0 2.7309748046875
563.0 8.3188673828125
564.0 12.7850095703125
565.0 5.1887966796875
566.0 2.7529443359375
567.0 3.55576328125
568.0 2.689758203125
569.0 2.64804775390625
570.0 2.022265625
571.0 2.59212060546875
572.0 2.040386328125
573.0 1.757283984375
574.0 0.81330107421875
575.0 2.1574783203125
576.0 3.5280958984375
577.0 1.68658466796875
578.0 0.57751767578125
579.0 2.11736806640625
580.0 2.74462666015625
581.0 2.63314296875
582.0 10.76807626953125
583.0 9.86908349609375
584.0 12.1243099609375
585.0 9.854430859375
586.0 12.53465673828125
587.0 10.9994552734375
588.0 6.3480455078125
589.0 2.772688671875
590.0 12.917476953125
591.0 10.54848974609375
592.0 8.4526759765625
593.0 15.5895849609375
594.0 16.402450390625
595.0 14.54319404296875
596.0 13.6655861328125
597.0 14.71022109375
598.0 13.767959375
599.0 11.55753408203125
600.0 0.0
601.0 0.0
602.0 24.47755615234375
603.0 13.5430427734375
604.0 14.16774482421875
605.0 13.088165625
606.0 14.952930078125
607.0 14.9165271484375
608.0 14.07320185546875
609.0 12.93672509765625
610.0 8.91061162109375
611.0 4.52087919921875
612.0 3.86816357421875
613.0 6.21982451171875
614.0 14.4628427734375
615.0 15.26797939453125
616.0 14.11753583984375
617.0 12.7338791015625
618.0 14.325846875
619.0 13.9054060546875
620.0 13.62526103515625
621.0 2.53481435546875
622.0 7.49323193359375
623.0 11.73859052734375
624.0 14.39978173828125
625.0 13.42294423828125
626.0 4.70682001953125
627.0 13.89471611328125
628.0 15.78004970703125
629.0 11.65437255859375
630.0 15.9329251953125
631.0 14.0761482421875
632.0 13.943016015625
633.0 12.96950703125
634.0 15.644205859375
635.0 13.167315625
636.0 13.15269599609375
637.0 14.8857732421875
638.0 12.4891642578125
639.0 13.664373046875
640.0 13.76436044921875
641.0 10.36529619140625
642.0 3.69183466796875
643.0 6.928296875
644.0 15.113880078125
645.0 13.98026640625
646.0 13.1907529296875
647.0 11.782367578125
648.0 6.610339453125
649.0 15.45271708984375
650.0 13.3821787109375
651.0 15.25252099609375
652.0 13.773406640625
653.0 13.68883974609375
654.0 9.993630078125
655.0 10.9133265625
656.0 6.22458203125
657.0 10.94412578125
658.0 3.5973203125
659.0 10.70790234375
660.0 6.5406072265625
661.0 6.890000390625
662.0 13.14510673828125
663.0 14.65777431640625
664.0 3.78294296875
665.0 2.15554814453125
666.0 2.66506201171875
667.0 4.39692568359375
668.0 12.939437890625
669.0 10.7524578125
670.0 9.09894599609375
671.0 8.7610390625
672.0 14.81172177734375
673.0 13.36104560546875
674.0 8.0003658203125
675.0 4.381857421875
676.0 2.1073171875
677.0 15.31737783203125
678.0 12.80298505859375
679.0 12.75289169921875
680.0 13.6826521484375
681.0 7.3218853515625
682.0 5.48502763671875
683.0 13.47522412109375
684.0 12.50164365234375
685.0 1.83153759765625
686.0 1.40391650390625
687.0 3.05654267578125
688.0 2.7923728515625
689.0 2.30802958984375
690.0 3.7618060546875
691.0 10.874400390625
692.0 12.65831025390625
693.0 12.7267107421875
694.0 14.70412373046875
695.0 8.4436234375
696.0 4.413331640625
697.0 3.22209814453125
698.0 5.27398330078125
699.0 10.29727939453125
700.0 12.22016513671875
701.0 5.42916875
702.0 8.9303189453125
703.0 9.47359697265625
704.0 10.1405724609375
705.0 10.84560751953125
706.0 3.827123828125
707.0 1.70514892578125
708.0 2.844826171875
709.0 9.23879365234375
710.0 8.34690048828125
711.0 7.92834736328125
712.0 10.831816796875
713.0 12.56411533203125
714.0 12.4679015625
715.0 13.247966015625
716.0 12.7181138671875
717.0 1.273737109375
718.0 7.09635078125
719.0 12.2251470703125
720.0 13.01553837890625
721.0 8.56357412109375
722.0 4.49698369140625
723.0 12.69373505859375
724.0 12.31562314453125
725.0 11.99205048828125
726.0 12.052434375
727.0 8.599562109375
728.0 3.71481552734375
729.0 2.8847240234375
730.0 2.75118798828125
731.0 2.07667392578125
732.0 1.13111953125
733.0 1.772940625
734.0 1.9270712890625
735.0 1.666678515625
736.0 2.3765181640625
737.0 2.81354521484375
738.0 1.92503271484375
739.0 2.19871611328125
740.0 3.33293056640625
741.0 10.73974248046875
742.0 13.37241376953125
743.0 11.10747939453125
744.0 13.67881318359375
745.0 14.7826896484375
746.0 13.890709375
747.0 12.14629765625
748.0 10.53335078125
749.0 8.90587392578125
750.0 13.665662109375
751.0 11.15721845703125
752.0 13.70924248046875
753.0 11.966995703125
754.0 13.322762109375
755.0 10.53569990234375
756.0 11.51201787109375
757.0 8.9198482421875
758.0 9.14951044921875
759.0 9.70873056640625
760.0 8.35270458984375
761.0 8.80233359375
762.0 9.944376171875
763.0 11.4233564453125
764.0 9.57238740234375
765.0 10.75798310546875
766.0 7.35314658203125
767.0 7.671302734375
768.0 12.49772333984375
769.0 8.03933173828125
770.0 9.09056259765625
771.0 9.26260322265625
772.0 10.80673037109375
773.0 9.19717880859375
774.0 9.4221279296875
775.0 6.494237109375
776.0 12.14919501953125
777.0 10.22164462890625
778.0 9.14757724609375
779.0 9.565358984375
780.0 8.9430765625
781.0 12.72501904296875
782.0 11.76346962890625
783.0 11.026450390625
784.0 13.10261201171875
785.0 12.87631923828125
786.0 13.3936751953125
787.0 12.780358984375
788.0 13.02114091796875
789.0 9.74779228515625
790.0 11.801851171875
791.0 8.15491875
792.0 15.03060791015625
793.0 12.37102470703125
794.0 13.27658349609375
795.0 11.8953681640625
796.0 13.7787228515625
797.0 13.6995734375
798.0 12.13784130859375
799.0 12.8982013671875
