0.0 18.68687861328125
1.0 24.559198046875
2.0 23.58698046875
3.0 16.870812890625
4.0 16.49170615234375
5.0 21.54040673828125
6.0 17.30160283203125
7.0 17.6508056640625
8.0 23.6708298828125
9.0 20.08614931640625
10.0 19.84337177734375
11.0 16.46641279296875
12.0 26.315333203125
13.0 23.491569921875
14.0 13.76524970703125
15.0 26.32004794921875
16.0 21.731973828125
17.0 21.15777626953125
18.0 23.33052568359375
19.0 22.856973828125
20.0 21.18241591796875
21.0 20.57022373046875
22.0 12.72862734375
23.0 12.31894033203125
24.0 15.99476123046875
25.0 22.7312533203125
26.0 19.29004521484375
27.0 22.806855859375
28.0 20.1206517578125
29.0 12.39820654296875
30.0 23.9272658203125
31.0 14.88281826171875
32.0 20.42264658203125
33.0 18.486992578125
34.0 15.3539470703125
35.0 13.52477314453125
36.0 16.43004599609375
37.0 16.7166490234375
38.0 11.511058984375
39.0 12.9981888671875
40.0 12.10388662109375
41.0 12.25638955078125
42.0 11.42395244140625
43.0 14.82069208984375
44.0 15.7102298828125
45.0 17.02708212890625
46.0 15.0053181640625
47.0 19.68995595703125
48.0 20.52937529296875
49.0 8.9711361328125
50.0 18.112394921875
51.0 19.4320591796875
52.0 19.9012712890625
53.0 20.38506416015625
54.0 20.0651646484375
55.0 23.2758662109375
56.0 21.47728447265625
57.0 22.77888056640625
58.0 20.49621748046875
59.0 12.33292509765625
60.0 13.15586865234375
61.0 13.051932421875
62.0 9.4573529296875
63.0 15.74793994140625
64.0 18.81764140625
65.0 18.50388916015625
66.0 15.54433837890625
67.0 17.57084912109375
68.0 13.39734736328125
69.0 12.9051708984375
70.0 14.6733755859375
71.0 16.65710966796875
72.0 18.27784365234375
73.0 14.85172685546875
74.0 15.548987890625
75.0 14.26858759765625
76.0 16.94371181640625
77.0 15.935375
78.0 13.3324716796875
79.0 24.0802205078125
80.0 17.6517333984375
81.0 21.6234267578125
82.0 20.5578703125
83.0 22.0044091796875
84.0 17.90963408203125
85.0 20.84437724609375
86.0 21.84426552734375
87.0 23.72665361328125
88.0 20.58045166015625
89.0 23.73413310546875
90.0 19.454691796875
91.0 18.55029521484375
92.0 13.25357138671875
93.0 28.7220447265625
94.0 14.57184013671875
95.0 16.7039515625
96.0 18.6306916015625
97.0 11.56162294921875
98.0 15.1304890625
99.0 21.811966796875
100.0 19.38784599609375
101.0 17.45514814453125
102.0 24.987689453125
103.0 18.70585439453125
104.0 25.15661181640625
105.0 17.98130439453125
106.0 14.8220587890625
107.0 26.014319140625
108.0 19.8949130859375
109.0 22.01719912109375
110.0 12.1285154296875
111.0 13.70631904296875
112.0 22.8193970703125
113.0 19.10288115234375
114.0 17.09019375
115.0 18.29565361328125
116.0 18.0349615234375
117.0 23.5840501953125
118.0 14.1657982421875
119.0 19.64342490234375
120.0 19.0636876953125
121.0 18.92470068359375
122.0 20.78084658203125
123.0 21.46402392578125
124.0 20.91596220703125
125.0 21.65166845703125
126.0 21.58412421875
127.0 23.66297080078125
128.0 23.60671630859375
129.0 17.5395333984375
130.0 20.169865625
131.0 20.679396875
132.0 24.2159970703125
133.0 21.56681376953125
134.0 20.41174619140625
135.0 22.405885546875
136.0 17.76319140625
137.0 22.31090791015625
138.0 15.93868955078125
139.0 27.488217578125
140.0 4.6513658203125
141.0 32.105906640625
142.0 17.21186669921875
143.0 22.053946875
144.0 16.42346982421875
145.0 26.93436611328125
146.0 18.6207365234375
147.0 21.55583115234375
148.0 23.84338642578125
149.0 18.05119189453125
150.0 21.498826171875
151.0 14.23770556640625
152.0 11.51875498046875
153.0 19.5837337890625
154.0 21.32217333984375
155.0 14.8446765625
156.0 28.2148388671875
157.0 11.893803515625
158.0 27.6430056640625
159.0 22.03464873046875
160.0 19.94490673828125
161.0 20.56077001953125
162.0 18.800578515625
163.0 22.45583291015625
164.0 20.02613330078125
165.0 21.15426962890625
166.0 19.75075556640625
167.0 20.544391015625
168.0 23.57399609375
169.0 21.3022484375
170.0 22.01545400390625
171.0 19.7494373046875
172.0 21.21948427734375
173.0 13.95015400390625
174.0 30.915424609375
175.0 21.02433857421875
176.0 15.245097265625
177.0 29.47484345703125
178.0 19.38539580078125
179.0 17.9786828125
180.0 20.00733681640625
181.0 19.97337080078125
182.0 21.91083427734375
183.0 16.55819990234375
184.0 12.5521048828125
185.0 12.86877890625
186.0 13.152580078125
187.0 16.072187109375
188.0 16.10348701171875
189.0 22.61991220703125
190.0 20.51140634765625
191.0 20.80753837890625
192.0 20.30534072265625
193.0 19.497198046875
194.0 19.69113984375
195.0 19.498772265625
196.0 19.0040189453125
197.0 18.6559267578125
198.0 17.69004658203125
199.0 18.64148310546875
200.0 19.88504716796875
201.0 22.48669931640625
202.0 17.65945498046875
203.0 14.3151916015625
204.0 11.007237109375
205.0 27.78573818359375
206.0 16.19486826171875
207.0 12.84300966796875
208.0 25.6875501953125
209.0 15.58031708984375
210.0 15.65760458984375
211.0 16.13217626953125
212.0 14.59544921875
213.0 16.60556396484375
214.0 14.39280419921875
215.0 13.29982646484375
216.0 13.43750205078125
217.0 13.98063759765625
218.0 28.16119755859375
219.0 22.09952724609375
220.0 20.9369984375
221.0 19.7899228515625
222.0 23.38514658203125
223.0 21.36139169921875
224.0 23.62408828125
225.0 23.90664267578125
226.0 18.839474609375
227.0 21.04976455078125
228.0 18.894050390625
229.0 19.93496962890625
230.0 15.77374775390625
231.0 19.3662884765625
232.0 19.2791701171875
233.0 23.00341015625
234.0 21.98195419921875
235.0 18.6985099609375
236.0 17.60373251953125
237.0 23.01482109375
238.0 21.09005400390625
239.0 20.2056544921875
240.0 19.315963671875
241.0 20.3565498046875
242.0 21.40192412109375
243.0 21.8761203125
244.0 14.59401728515625
245.0 17.43659921875
246.0 12.208876953125
247.0 18.0819837890625
248.0 17.57112109375
249.0 26.30695361328125
250.0 17.17185615234375
251.0 16.06263388671875
252.0 22.65940244140625
253.0 18.3095904296875
254.0 16.88831640625
255.0 21.14173203125
256.0 21.8011953125
257.0 20.8689724609375
258.0 22.4712875
259.0 20.715972265625
260.0 20.12159267578125
261.0 17.96037431640625
262.0 20.19225654296875
263.0 20.5724333984375
264.0 19.99134814453125
265.0 21.0286263671875
266.0 19.706447265625
267.0 17.41344375
268.0 17.56269306640625
269.0 19.73237841796875
270.0 15.91364150390625
271.0 18.54004697265625
272.0 17.99205224609375
273.0 20.41004033203125
274.0 23.45771083984375
275.0 19.8954189453125
276.0 19.80812294921875
277.0 18.7800384765625
278.0 20.0229138671875
279.0 18.4654201171875
280.0 19.844817578125
281.0 14.68485947265625
282.0 17.54782626953125
283.0 18.662830078125
284.0 22.84162724609375
285.0 17.00541103515625
286.0 18.4544693359375
287.0 17.96320087890625
288.0 16.0923203125
289.0 17.5658341796875
290.0 13.18593271484375
291.0 14.1971033203125
292.0 14.3842033203125
293.0 14.81833798828125
294.0 13.78423828125
295.0 20.88123115234375
296.0 15.3339666015625
297.0 14.6657888671875
298.0 15.91294462890625
299.0 17.70499482421875
300.0 14.10413349609375
301.0 18.26842978515625
302.0 9.49606455078125
303.0 20.6086353515625
304.0 15.40662724609375
305.0 17.72514384765625
306.0 12.92368486328125
307.0 17.5171814453125
308.0 20.2006912109375
309.0 16.1855787109375
310.0 18.49379443359375
311.0 20.46885263671875
312.0 18.50109794921875
313.0 13.87994560546875
314.0 13.83641484375
315.0 21.05688564453125
316.0 16.723232421875
317.0 19.6197310546875
318.0 16.12211943359375
319.0 19.39771982421875
320.0 18.07571298828125
321.0 19.03741171875
322.0 19.07058916015625
323.0 12.0871966796875
324.0 18.47543662109375
325.0 9.87952607421875
326.0 14.91951142578125
327.0 13.0511333984375
328.0 8.197830078125
329.0 14.39739462890625
330.0 15.466476171875
331.0 16.811858203125
332.0 19.44827587890625
333.0 13.51733583984375
334.0 10.38205869140625
335.0 22.8827328125
336.0 22.157155859375
337.0 12.21484189453125
338.0 16.25949326171875
339.0 22.83638251953125
340.0 15.83668759765625
341.0 17.96039775390625
342.0 15.737814453125
343.0 17.55422451171875
344.0 19.36731103515625
345.0 19.37743984375
346.0 13.77528369140625
347.0 19.1735564453125
348.0 17.1158626953125
349.0 22.16794765625
350.0 17.9367279296875
351.0 20.01029912109375
352.0 18.655636328125
353.0 12.43389443359375
354.0 11.3803078125
355.0 7.40690029296875
356.0 20.5513203125
357.0 16.345672265625
358.0 19.6327794921875
359.0 19.54733564453125
360.0 17.185648046875
361.0 19.27972724609375
362.0 11.68143212890625
363.0 21.00831025390625
364.0 14.29397724609375
365.0 18.42915400390625
366.0 18.27514814453125
367.0 16.23792734375
368.0 9.7642349609375
369.0 13.69646357421875
370.0 11.0217705078125
371.0 11.9959560546875
372.0 11.5082931640625
373.0 18.0887791015625
374.0 11.82805673828125
375.0 11.088069140625
376.0 12.5360689453125
377.0 7.857885546875
378.0 12.1529099609375
379.0 10.96408525390625
380.0 10.44116630859375
381.0 11.6515783203125
382.0 11.713444921875
383.0 10.897491015625
384.0 13.085845703125
385.0 17.91758037109375
386.0 14.2122482421875
387.0 10.9916578125
388.0 14.6271140625
389.0 12.22162275390625
390.0 9.9677349609375
391.0 17.7546423828125
392.0 14.84872294921875
393.0 16.79829541015625
394.0 15.436612890625
395.0 13.04545908203125
396.0 15.837498828125
397.0 16.0573798828125
398.0 15.24511650390625
399.0 15.85916201171875
400.0 11.82324619140625
401.0 15.45057177734375
402.0 16.44052666015625
403.0 14.6668818359375
404.0 16.16111552734375
405.0 19.6435259765625
406.0 21.76018076171875
407.0 16.54189453125
408.0 20.82392255859375
409.0 21.8330478515625
410.0 19.030905078125
411.0 21.45597490234375
412.0 19.65101796875
413.0 12.9758048828125
414.0 20.33456787109375
415.0 18.01838310546875
416.0 10.61988134765625
417.0 32.30425419921875
418.0 22.6087345703125
419.0 20.45074111328125
420.0 15.42273095703125
421.0 23.3217943359375
422.0 17.2730935546875
423.0 24.74356640625
424.0 19.64945751953125
425.0 19.82416767578125
426.0 21.8125435546875
427.0 20.56292626953125
428.0 22.2967087890625
429.0 20.20611396484375
430.0 18.562103125
431.0 22.32773837890625
432.0 19.831413671875
433.0 21.5324380859375
434.0 19.06665888671875
435.0 21.49861484375
436.0 19.4253966796875
437.0 15.58411455078125
438.0 20.84493623046875
439.0 18.4783427734375
440.0 14.6877712890625
441.0 13.84737900390625
442.0 12.59818232421875
443.0 11.44644599609375
444.0 13.2024107421875
445.0 18.2154646484375
446.0 14.67847822265625
447.0 13.0728619140625
448.0 13.95106572265625
449.0 11.87535546875
450.0 13.30215703125
451.0 12.47919921875
452.0 10.6669765625
453.0 16.2715998046875
454.0 18.02520498046875
455.0 17.276126953125
456.0 16.86191416015625
457.0 16.10234423828125
458.0 12.85062421875
459.0 20.39143154296875
460.0 14.83576025390625
461.0 23.96726025390625
462.0 20.7984470703125
463.0 15.87206103515625
464.0 30.357109375
465.0 21.1568296875
466.0 24.499654296875
467.0 14.70868173828125
468.0 27.927605078125
469.0 22.9823259765625
470.0 19.9814947265625
471.0 22.05041357421875
472.0 22.53008935546875
473.0 20.07902197265625
474.0 23.3373232421875
475.0 15.899507421875
476.0 25.3292197265625
477.0 21.79255361328125
478.0 22.8228943359375
479.0 16.783799609375
480.0 22.45404794921875
481.0 18.45393037109375
482.0 21.28492529296875
483.0 22.0566595703125
484.0 19.48701142578125
485.0 19.980548046875
486.0 18.56937978515625
487.0 20.06540673828125
488.0 19.623068359375
489.0 18.7272310546875
490.0 21.01560634765625
491.0 14.020948828125
492.0 26.2018234375
493.0 22.75686796875
494.0 21.04503916015625
495.0 19.722246484375
496.0 21.2080955078125
497.0 22.49847802734375
498.0 18.80749765625
499.0 21.63230078125
500.0 19.31051025390625
501.0 18.37375234375
502.0 21.72433955078125
503.0 17.17384814453125
504.0 21.29311728515625
505.0 5.32587470703125
506.0 22.46943876953125
507.0 18.46084423828125
508.0 13.69100634765625
509.0 17.44626826171875
510.0 12.9875021484375
511.0 13.59236298828125
512.0 17.88365322265625
513.0 19.9240611328125
514.0 12.6286119140625
515.0 9.8528091796875
516.0 18.172617578125
517.0 14.8674623046875
518.0 16.1604494140625
519.0 11.0962666015625
520.0 11.3692578125
521.0 11.70480859375
522.0 11.472340625
523.0 14.42994755859375
524.0 19.38947822265625
525.0 14.07021650390625
526.0 12.08681025390625
527.0 15.3521337890625
528.0 16.8754634765625
529.0 18.7502103515625
530.0 21.388899609375
531.0 19.294214453125
532.0 15.51768115234375
533.0 18.8797748046875
534.0 20.30766064453125
535.0 20.85605615234375
536.0 16.42835146484375
537.0 9.55829091796875
538.0 21.03674072265625
539.0 18.43122236328125
540.0 20.8464080078125
541.0 16.12879619140625
542.0 20.40269833984375
543.0 19.53024912109375
544.0 18.70770166015625
545.0 16.32788525390625
546.0 19.56920595703125
547.0 16.37296806640625
548.0 21.70108095703125
549.0 22.5227740234375
550.0 20.25846357421875
551.0 17.14794423828125
552.0 17.40052841796875
553.0 21.63571728515625
554.0 21.88812744140625
555.0 14.491409375
556.0 16.4057529296875
557.0 18.755123046875
558.0 12.0735744140625
559.0 20.39030654296875
560.0 18.1254583984375
561.0 17.2057671875
562.0 17.60133662109375
563.0 22.036374609375
564.0 14.3201197265625
565.0 22.46208125
566.0 21.75729599609375
567.0 15.4723662109375
568.0 19.6062806640625
569.0 17.6025685546875
570.0 19.41170498046875
571.0 20.4959740234375
572.0 18.06651533203125
573.0 20.5774826171875
574.0 16.20915439453125
575.0 12.201233984375
576.0 17.96989521484375
577.0 24.91133310546875
578.0 19.4638623046875
579.0 16.11629833984375
580.0 21.98411953125
581.0 20.9418326171875
582.0 17.76910029296875
583.0 18.84855
584.0 14.8785005859375
585.0 12.39188662109375
586.0 13.483317578125
587.0 13.0778080078125
588.0 13.19917548828125
589.0 9.73916240234375
590.0 10.85492802734375
591.0 11.980236328125
592.0 12.45991171875
593.0 11.965884765625
594.0 20.04661494140625
595.0 10.50904296875
596.0 25.680425
597.0 14.310523828125
598.0 17.37992802734375
599.0 15.7884037109375
600.0 11.96293427734375
601.0 24.72214794921875
602.0 17.28497451171875
603.0 19.47264189453125
604.0 18.64278759765625
605.0 17.7409296875
606.0 19.31345595703125
607.0 15.5771765625
608.0 18.23850302734375
609.0 19.19229072265625
610.0 16.6364
611.0 20.09070859375
612.0 19.29335302734375
613.0 20.16423095703125
614.0 23.6773794921875
615.0 15.8922087890625
616.0 20.8314384765625
617.0 22.55710615234375
618.0 20.5742595703125
619.0 14.09243359375
620.0 19.63775
621.0 20.49797978515625
622.0 24.1308044921875
623.0 19.57111025390625
624.0 20.09716103515625
625.0 19.767319921875
626.0 19.07739736328125
627.0 23.6833822265625
628.0 21.45196953125
629.0 14.47909130859375
630.0 21.13133525390625
631.0 22.27882734375
632.0 21.04603369140625
633.0 24.16614404296875
634.0 17.2406994140625
635.0 19.424044140625
636.0 21.66875693359375
637.0 21.98465458984375
638.0 15.43285458984375
639.0 29.079970703125
640.0 21.50508251953125
641.0 24.4344755859375
642.0 20.132310546875
643.0 21.1183248046875
644.0 20.84416640625
645.0 22.57142392578125
646.0 21.5395814453125
647.0 19.1428794921875
648.0 22.7598376953125
649.0 16.82200478515625
650.0 14.13891845703125
651.0 24.75190048828125
652.0 24.44359970703125
653.0 16.2270255859375
654.0 24.80067158203125
655.0 21.239689453125
656.0 17.61908056640625
657.0 26.2894677734375
658.0 16.5000373046875
659.0 28.312158203125
660.0 25.1075353515625
661.0 22.1835775390625
662.0 19.7903560546875
663.0 13.31824130859375
664.0 33.07625712890625
665.0 22.15139697265625
666.0 24.74674599609375
667.0 19.63906474609375
668.0 24.38430830078125
669.0 22.2550734375
670.0 24.34354599609375
671.0 22.25508994140625
672.0 25.3989951171875
673.0 22.62910615234375
674.0 21.10568173828125
675.0 21.4255451171875
676.0 24.88968681640625
677.0 22.34842119140625
678.0 22.57399873046875
679.0 24.5516986328125
680.0 21.65217216796875
681.0 24.53413740234375
682.0 22.0179546875
683.0 21.2187783203125
684.0 21.90415771484375
685.0 25.17302919921875
686.0 22.5872287109375
687.0 24.42427138671875
688.0 15.975005078125
689.0 24.42726904296875
690.0 4.59914599609375
691.0 39.87996181640625
692.0 24.6969046875
693.0 18.1635298828125
694.0 20.68492587890625
695.0 22.427910546875
696.0 12.60041357421875
697.0 18.65286728515625
698.0 19.59033359375
699.0 22.84729453125
700.0 20.7898685546875
701.0 20.50169404296875
702.0 21.4327369140625
703.0 17.675368359375
704.0 17.79137646484375
705.0 16.05489765625
706.0 14.613373046875
707.0 15.66709609375
708.0 15.9288791015625
709.0 18.5786197265625
710.0 18.387063671875
711.0 16.50697236328125
712.0 17.965295703125
713.0 20.5826986328125
714.0 20.58730849609375
715.0 21.50293935546875
716.0 19.8847857421875
717.0 20.9217099609375
718.0 20.026101171875
719.0 16.37415634765625
720.0 14.88304990234375
721.0 21.0499587890625
722.0 24.09092001953125
723.0 22.80431005859375
724.0 23.51697783203125
725.0 22.25007998046875
726.0 19.50174462890625
727.0 18.07275380859375
728.0 24.17653583984375
729.0 25.42328837890625
730.0 22.44791328125
731.0 24.14980478515625
732.0 21.262379296875
733.0 24.211220703125
734.0 21.67596005859375
735.0 23.11257041015625
736.0 21.7873439453125
737.0 22.57697158203125
738.0 25.10221669921875
739.0 21.78699580078125
740.0 21.5868171875
741.0 22.3498708984375
742.0 24.65490458984375
743.0 19.60229384765625
744.0 27.3277578125
745.0 20.64703779296875
746.0 17.17167646484375
747.0 18.3619849609375
748.0 25.737631640625
749.0 21.729823046875
750.0 23.4974490234375
751.0 17.69916259765625
752.0 24.5648255859375
753.0 20.48670498046875
754.0 20.5488806640625
755.0 0.0
756.0 0.0
757.0 33.65000947265625
758.0 18.745546875
759.0 14.6500609375
760.0 20.8348509765625
761.0 18.42676826171875
762.0 18.5273462890625
763.0 23.3745712890625
764.0 20.53304931640625
765.0 19.35187216796875
766.0 21.5629802734375
767.0 17.32106103515625
768.0 16.68409599609375
769.0 14.1473419921875
770.0 11.89618251953125
771.0 21.6603408203125
772.0 15.099525
773.0 27.0941716796875
774.0 24.35445126953125
775.0 17.97866962890625
776.0 21.3815166015625
777.0 19.9493634765625
778.0 16.9543646484375
779.0 26.43173564453125
780.0 12.03396220703125
781.0 14.3140642578125
782.0 15.730935546875
783.0 14.79799853515625
784.0 13.6602052734375
785.0 14.415130078125
786.0 17.59430439453125
787.0 15.21369462890625
788.0 14.97849228515625
789.0 15.0038140625
790.0 15.74758740234375
791.0 14.95990283203125
792.0 20.66734951171875
793.0 24.84553642578125
794.0 25.09609140625
795.0 21.3050939453125
796.0 15.93581904296875
797.0 15.39506201171875
798.0 15.75574736328125
799.0 16.92687421875
