0.0 13.90889833984375
1.0 16.01003662109375
2.0 16.1046919921875
3.0 14.81020361328125
4.0 11.33687080078125
5.0 9.5288431640625
6.0 19.33055732421875
7.0 14.9787498046875
8.0 13.610382421875
9.0 11.9495328125
10.0 10.2728369140625
11.0 14.94408701171875
12.0 13.256325390625
13.0 14.7458197265625
14.0 12.8004630859375
15.0 13.3599830078125
16.0 16.06828447265625
17.0 9.6395205078125
18.0 17.79007705078125
19.0 15.416954296875
20.0 18.3941712890625
21.0 13.9561185546875
22.0 12.9685712890625
23.0 13.3087291015625
24.0 12.94491484375
25.0 14.94045361328125
26.0 14.97999453125
27.0 9.00481142578125
28.0 18.4843642578125
29.0 17.1282474609375
30.0 14.94118349609375
31.0 17.588907421875
32.0 13.5073369140625
33.0 14.57701044921875
34.0 13.68924052734375
35.0 11.85381552734375
36.0 12.7780322265625
37.0 15.67712666015625
38.0 14.4396728515625
39.0 10.49511591796875
40.0 18.20732568359375
41.0 13.83393369140625
42.0 16.0483541015625
43.0 11.45612138671875
44.0 11.74672216796875
45.0 11.122846484375
46.0 12.54247431640625
47.0 11.233590625
48.0 13.167701953125
49.0 15.5999130859375
50.0 13.348133984375
51.0 12.9031642578125
52.0 14.18238076171875
53.0 12.47543720703125
54.0 12.44931875
55.0 10.23069619140625
56.0 11.04341591796875
57.0 10.526976953125
58.0 11.23709560546875
59.0 10.24692763671875
60.0 10.94699677734375
61.0 11.84346630859375
62.0 11.40003486328125
63.0 10.6021216796875
64.0 10.47249482421875
65.0 9.68497119140625
66.0 7.33648564453125
67.0 13.257146875
68.0 10.678549609375
69.0 10.98726494140625
70.0 9.9893892578125
71.0 11.306320703125
72.0 12.0272951171875
73.0 10.2029640625
74.0 10.492167578125
75.0 11.45860986328125
76.0 11.627070703125
77.0 11.05384140625
78.0 10.78118623046875
79.0 12.05854599609375
80.0 15.022848046875
81.0 13.13253095703125
82.0 12.402641796875
83.0 11.50231328125
84.0 11.32788828125
85.0 10.20691708984375
86.0 12.35236826171875
87.0 11.7190669921875
88.0 10.7853037109375
89.0 9.65757578125
90.0 11.55081953125
91.0 10.400252734375
92.0 10.320633203125
93.0 9.83414814453125
94.0 12.44123330078125
95.0 12.738507421875
96.0 10.0126966796875
97.0 9.89562021484375
98.0 12.65834306640625
99.0 13.7951310546875
100.0 11.99431787109375
101.0 12.85928232421875
102.0 12.21735693359375
103.0 12.60191904296875
104.0 10.07772861328125
105.0 10.78336328125
106.0 13.04841953125
107.0 12.0433994140625
108.0 13.692480859375
109.0 17.58448310546875
110.0 15.78563037109375
111.0 13.477496875
112.0 13.53361943359375
113.0 10.38882900390625
114.0 23.2003310546875
115.0 17.43543193359375
116.0 16.54984404296875
117.0 17.01501884765625
118.0 15.55431845703125
119.0 13.02571884765625
120.0 19.5570658203125
121.0 16.3548203125
122.0 15.6498421875
123.0 17.26784560546875
124.0 17.0917421875
125.0 14.8609107421875
126.0 15.19060087890625
127.0 20.32229326171875
128.0 21.798043359375
129.0 19.91471015625
130.0 17.51428330078125
131.0 22.6806298828125
132.0 15.29324521484375
133.0 22.11058876953125
134.0 14.7649791015625
135.0 14.24109951171875
136.0 15.648042578125
137.0 10.5325
138.0 23.68710498046875
139.0 17.00447578125
140.0 21.75607421875
141.0 17.77335810546875
142.0 15.354289453125
143.0 17.71937392578125
144.0 15.8894541015625
145.0 12.14547900390625
146.0 11.20596748046875
147.0 17.72552705078125
148.0 15.30928076171875
149.0 14.54951171875
150.0 15.1333947265625
151.0 14.79701728515625
152.0 14.1960935546875
153.0 12.74477333984375
154.0 14.23680986328125
155.0 12.15740126953125
156.0 14.87792529296875
157.0 14.36934541015625
158.0 15.923754296875
159.0 15.3805982421875
160.0 12.73455068359375
161.0 13.75594345703125
162.0 16.99428994140625
163.0 16.11505478515625
164.0 16.5939625
165.0 18.1397814453125
166.0 14.72525927734375
167.0 17.5755267578125
168.0 17.1264875
169.0 15.558412890625
170.0 16.33594521484375
171.0 18.83033896484375
172.0 18.37820126953125
173.0 19.7093216796875
174.0 14.80130361328125
175.0 12.42058310546875
176.0 17.26414111328125
177.0 16.53089814453125
178.0 15.29716611328125
179.0 18.21919892578125
180.0 17.257194140625
181.0 14.22762294921875
182.0 17.189737109375
183.0 14.9822806640625
184.0 11.7359982421875
185.0 18.541833984375
186.0 17.814978125
187.0 18.46281533203125
188.0 17.4859130859375
189.0 18.90913818359375
190.0 14.69645390625
191.0 16.77479853515625
192.0 15.40045556640625
193.0 17.00613203125
194.0 15.41463798828125
195.0 17.76225615234375
196.0 16.81933251953125
197.0 17.098485546875
198.0 15.91756376953125
199.0 16.62701982421875
200.0 17.08482783203125
201.0 16.632740625
202.0 17.09590615234375
203.0 16.3301333984375
204.0 17.10038681640625
205.0 18.9982689453125
206.0 18.1916490234375
207.0 18.30926005859375
208.0 18.1909794921875
209.0 19.94993017578125
210.0 14.78861005859375
211.0 15.9994103515625
212.0 14.336439453125
213.0 15.39860107421875
214.0 17.551091796875
215.0 17.77702119140625
216.0 14.4201900390625
217.0 19.51522373046875
218.0 12.56505791015625
219.0 17.54268984375
220.0 17.15427236328125
221.0 14.5068017578125
222.0 15.51357744140625
223.0 16.07789697265625
224.0 12.9179974609375
225.0 1.50382421875
226.0 32.16593037109375
227.0 11.861441015625
228.0 13.18413427734375
229.0 13.02779755859375
230.0 14.44223408203125
231.0 15.12355283203125
232.0 17.006765234375
233.0 18.42650869140625
234.0 14.33563203125
235.0 16.3741283203125
236.0 16.1816013671875
237.0 14.25593701171875
238.0 14.97022861328125
239.0 13.0262345703125
240.0 14.07014921875
241.0 13.0210966796875
242.0 13.37842783203125
243.0 12.478116796875
244.0 11.1433197265625
245.0 12.86563076171875
246.0 14.09562666015625
247.0 15.21017529296875
248.0 10.5985015625
249.0 11.2775458984375
250.0 11.55911328125
251.0 11.9241548828125
252.0 11.1148390625
253.0 13.439584765625
254.0 11.85178896484375
255.0 13.3353173828125
256.0 10.92215849609375
257.0 11.74276328125
258.0 10.8435556640625
259.0 12.03777529296875
260.0 10.77744599609375
261.0 11.1152095703125
262.0 13.6725513671875
263.0 15.30221396484375
264.0 15.00877978515625
265.0 16.01951494140625
266.0 16.25778251953125
267.0 10.9040951171875
268.0 17.776791015625
269.0 14.19937109375
270.0 16.21600146484375
271.0 16.003881640625
272.0 14.1980337890625
273.0 17.80678017578125
274.0 16.64737724609375
275.0 16.9622451171875
276.0 14.30193212890625
277.0 16.7301107421875
278.0 13.48952119140625
279.0 14.67253466796875
280.0 16.47442958984375
281.0 14.83237509765625
282.0 18.02505087890625
283.0 15.7460767578125
284.0 14.50072041015625
285.0 17.51056025390625
286.0 16.222073046875
287.0 17.1182490234375
288.0 13.17659072265625
289.0 16.62610244140625
290.0 12.3384751953125
291.0 10.77241298828125
292.0 12.40878037109375
293.0 15.3327595703125
294.0 16.01260146484375
295.0 14.7566775390625
296.0 17.3197791015625
297.0 17.27186708984375
298.0 15.04240703125
299.0 19.69144755859375
300.0 16.56879609375
301.0 15.235112109375
302.0 16.9728935546875
303.0 19.106590234375
304.0 17.5787326171875
305.0 17.3131529296875
306.0 15.5128509765625
307.0 15.34858544921875
308.0 16.017234765625
309.0 15.972516015625
310.0 13.38287802734375
311.0 13.16859521484375
312.0 16.07236240234375
313.0 14.402418359375
314.0 14.97657255859375
315.0 15.905573828125
316.0 15.16359111328125
317.0 15.337998828125
318.0 19.00726259765625
319.0 17.352758984375
320.0 16.74486357421875
321.0 9.277472265625
322.0 24.8025544921875
323.0 14.53444716796875
324.0 14.01607978515625
325.0 14.21017119140625
326.0 11.60681455078125
327.0 10.2487810546875
328.0 10.962183203125
329.0 10.889700390625
330.0 13.20615693359375
331.0 13.65838330078125
332.0 14.56667666015625
333.0 11.63582685546875
334.0 12.551859375
335.0 10.87936962890625
336.0 12.17812578125
337.0 15.534537109375
338.0 15.03557373046875
339.0 17.5336583984375
340.0 17.38242412109375
341.0 14.05847861328125
342.0 16.6165900390625
343.0 18.7466990234375
344.0 16.19930263671875
345.0 17.69664892578125
346.0 17.922678515625
347.0 13.07092060546875
348.0 20.04928212890625
349.0 12.96283525390625
350.0 17.4198154296875
351.0 11.62120595703125
352.0 15.3811810546875
353.0 16.98864306640625
354.0 18.731758984375
355.0 18.20980263671875
356.0 16.9689908203125
357.0 16.17994013671875
358.0 15.561550390625
359.0 15.715590625
360.0 15.90208876953125
361.0 14.871007421875
362.0 15.94681396484375
363.0 16.6281802734375
364.0 16.79039150390625
365.0 12.21089423828125
366.0 13.9999142578125
367.0 12.61537255859375
368.0 14.58917216796875
369.0 10.948786328125
370.0 22.65855556640625
371.0 14.80287548828125
372.0 9.03537978515625
373.0 17.08505126953125
374.0 13.61449970703125
375.0 15.97453583984375
376.0 16.058577734375
377.0 14.0241904296875
378.0 14.353968359375
379.0 14.98210400390625
380.0 15.61380625
381.0 15.9579201171875
382.0 18.56950966796875
383.0 17.58641513671875
384.0 18.19384912109375
385.0 21.6116009765625
386.0 17.186444140625
387.0 13.6638861328125
388.0 18.70349619140625
389.0 22.22381005859375
390.0 19.46419638671875
391.0 17.3103306640625
392.0 16.01476103515625
393.0 15.90399013671875
394.0 20.439411328125
395.0 16.3476130859375
396.0 17.0818580078125
397.0 14.82844541015625
398.0 16.75242998046875
399.0 14.1403533203125
400.0 17.03525400390625
401.0 19.731689453125
402.0 12.18152158203125
403.0 19.88348583984375
404.0 21.7268779296875
405.0 18.82554228515625
406.0 15.80299169921875
407.0 14.050894921875
408.0 11.57592783203125
409.0 12.582431640625
410.0 11.473433203125
411.0 12.17835869140625
412.0 12.250717578125
413.0 17.45628681640625
414.0 16.207817578125
415.0 15.63840498046875
416.0 15.50802353515625
417.0 14.6922607421875
418.0 17.00041435546875
419.0 16.41724111328125
420.0 18.5538666015625
421.0 15.34247109375
422.0 14.360888671875
423.0 19.17731513671875
424.0 14.3033904296875
425.0 15.53799384765625
426.0 15.46163759765625
427.0 13.33822646484375
428.0 16.897607421875
429.0 15.64136748046875
430.0 18.34268720703125
431.0 16.33060732421875
432.0 13.4867435546875
433.0 17.070765625
434.0 17.6041162109375
435.0 13.87184169921875
436.0 13.8331986328125
437.0 14.8716783203125
438.0 13.46185107421875
439.0 13.02193369140625
440.0 13.47206005859375
441.0 14.9825701171875
442.0 14.86069111328125
443.0 17.8694228515625
444.0 11.21372451171875
445.0 10.99699599609375
446.0 11.45166328125
447.0 15.46101025390625
448.0 13.90170107421875
449.0 15.02310390625
450.0 14.7094244140625
451.0 15.75297080078125
452.0 16.1756087890625
453.0 14.316783203125
454.0 14.6579892578125
455.0 15.44443046875
456.0 15.4258828125
457.0 14.79547509765625
458.0 15.4187619140625
459.0 16.3165298828125
460.0 15.3430478515625
461.0 17.411292578125
462.0 16.31713486328125
463.0 12.3408169921875
464.0 16.37923935546875
465.0 17.14626357421875
466.0 14.19422333984375
467.0 15.30151064453125
468.0 15.84431640625
469.0 12.4108068359375
470.0 10.42468974609375
471.0 19.57678134765625
472.0 18.06147353515625
473.0 14.03581171875
474.0 15.30334375
475.0 15.14245439453125
476.0 15.06522666015625
477.0 14.51990361328125
478.0 13.66173662109375
479.0 15.105229296875
480.0 16.37230263671875
481.0 19.892553125
482.0 15.287701953125
483.0 13.29617333984375
484.0 14.70289833984375
485.0 17.83227958984375
486.0 15.14206435546875
487.0 20.8929962890625
488.0 17.24248134765625
489.0 19.3554904296875
490.0 17.69346826171875
491.0 16.34845947265625
492.0 17.79373310546875
493.0 18.127269921875
494.0 17.02495966796875
495.0 15.99741396484375
496.0 16.637136328125
497.0 16.804771484375
498.0 15.1108375
499.0 16.580891796875
500.0 18.04558251953125
501.0 22.8814345703125
502.0 15.60566376953125
503.0 15.168517578125
504.0 16.0886013671875
505.0 15.347587890625
506.0 25.0919576171875
507.0 19.5331521484375
508.0 18.74055419921875
509.0 16.39193740234375
510.0 20.0259794921875
511.0 20.69370693359375
512.0 19.2267298828125
513.0 21.16550205078125
514.0 21.1092666015625
515.0 18.59195380859375
516.0 10.0421759765625
517.0 22.00690927734375
518.0 14.102704296875
519.0 14.814819140625
520.0 14.6758423828125
521.0 15.47090888671875
522.0 13.60158837890625
523.0 18.43194599609375
524.0 21.4803673828125
525.0 19.7039337890625
526.0 17.5619482421875
527.0 16.63843369140625
528.0 19.10569921875
529.0 18.58954697265625
530.0 17.91449521484375
531.0 18.95206279296875
532.0 17.54431650390625
533.0 15.31896875
534.0 18.83406064453125
535.0 19.1490623046875
536.0 15.98229453125
537.0 18.987602734375
538.0 19.22995712890625
539.0 18.40414375
540.0 18.5178869140625
541.0 18.96891279296875
542.0 15.542498828125
543.0 14.36114619140625
544.0 16.974141015625
545.0 15.08447939453125
546.0 20.56461025390625
547.0 20.36747490234375
548.0 20.12978427734375
549.0 14.063940234375
550.0 15.67899150390625
551.0 12.54959931640625
552.0 12.93360029296875
553.0 17.23114794921875
554.0 15.54360166015625
555.0 17.27360439453125
556.0 17.20055830078125
557.0 16.749479296875
558.0 15.1163884765625
559.0 15.5837099609375
560.0 18.15098623046875
561.0 17.61481015625
562.0 15.0238060546875
563.0 17.198625390625
564.0 17.06573193359375
565.0 16.96699384765625
566.0 19.17323203125
567.0 18.321753125
568.0 20.5887818359375
569.0 18.27005673828125
570.0 17.51519287109375
571.0 19.70262392578125
572.0 15.4247142578125
573.0 13.82329306640625
574.0 9.29487314453125
575.0 17.53546162109375
576.0 12.02246708984375
577.0 15.9186087890625
578.0 13.8300490234375
579.0 16.433430859375
580.0 15.18344892578125
581.0 14.539236328125
582.0 13.70759775390625
583.0 16.4056560546875
584.0 16.62703857421875
585.0 8.415670703125
586.0 16.5727310546875
587.0 17.2440171875
588.0 16.38047734375
589.0 15.78833505859375
590.0 16.10485263671875
591.0 20.5355705078125
592.0 14.3651744140625
593.0 16.11832802734375
594.0 14.90278623046875
595.0 12.32548662109375
596.0 17.90781953125
597.0 15.21867607421875
598.0 15.657091015625
599.0 16.79806650390625
600.0 14.90007041015625
601.0 15.41066005859375
602.0 13.70155185546875
603.0 13.2557232421875
604.0 4.03115341796875
605.0 1.27568369140625
606.0 31.86934326171875
607.0 12.59894794921875
608.0 12.11737275390625
609.0 9.50595771484375
610.0 11.7538572265625
611.0 11.83351171875
612.0 11.11338056640625
613.0 12.10960439453125
614.0 11.1674451171875
615.0 11.4958291015625
616.0 13.69787578125
617.0 13.13133681640625
618.0 13.10263466796875
619.0 10.96616923828125
620.0 8.56340009765625
621.0 15.2187330078125
622.0 10.92194521484375
623.0 10.99265546875
624.0 10.11570703125
625.0 10.05537900390625
626.0 10.3703876953125
627.0 10.81184697265625
628.0 9.98528642578125
629.0 8.92893818359375
630.0 9.15085517578125
631.0 11.3882857421875
632.0 12.99467314453125
633.0 9.72364716796875
634.0 11.51505908203125
635.0 9.9538123046875
636.0 9.74837294921875
637.0 9.6690501953125
638.0 11.3035541015625
639.0 11.85769189453125
640.0 12.59718681640625
641.0 14.03948173828125
642.0 10.6602169921875
643.0 15.7589748046875
644.0 8.4004416015625
645.0 17.1776115234375
646.0 13.531040625
647.0 16.62351826171875
648.0 15.45338388671875
649.0 16.097594921875
650.0 17.63853515625
651.0 17.0679150390625
652.0 16.77188544921875
653.0 18.5908125
654.0 15.31093876953125
655.0 15.8287451171875
656.0 15.64895009765625
657.0 17.20850458984375
658.0 17.2047529296875
659.0 14.5109248046875
660.0 18.12869169921875
661.0 21.0637912109375
662.0 17.70364833984375
663.0 17.9460234375
664.0 16.26886005859375
665.0 17.77637841796875
666.0 22.54433388671875
667.0 14.82888984375
668.0 15.457452734375
669.0 13.983516015625
670.0 9.7611845703125
671.0 22.74761689453125
672.0 19.109283984375
673.0 21.17699775390625
674.0 20.6104490234375
675.0 18.30696748046875
676.0 21.0039564453125
677.0 14.483734765625
678.0 14.7512890625
679.0 16.80095009765625
680.0 16.40495419921875
681.0 13.75493662109375
682.0 16.23930966796875
683.0 16.57687431640625
684.0 17.10083212890625
685.0 18.15896875
686.0 15.6721515625
687.0 14.5479046875
688.0 15.99302744140625
689.0 14.83493544921875
690.0 17.440959765625
691.0 14.49992412109375
692.0 12.5108908203125
693.0 17.54868203125
694.0 16.5449732421875
695.0 16.8991150390625
696.0 17.24514755859375
697.0 15.29745283203125
698.0 16.96101904296875
699.0 18.24636083984375
700.0 20.0861361328125
701.0 14.07191611328125
702.0 16.92906484375
703.0 14.61894873046875
704.0 21.20652578125
705.0 17.82612138671875
706.0 19.99755654296875
707.0 20.535011328125
708.0 17.14404248046875
709.0 17.0411255859375
710.0 19.56015390625
711.0 17.26254990234375
712.0 20.18486650390625
713.0 19.07404560546875
714.0 19.282423828125
715.0 16.45955986328125
716.0 14.78952294921875
717.0 14.62345322265625
718.0 14.83852705078125
719.0 18.39972666015625
720.0 17.68442763671875
721.0 15.340582421875
722.0 17.31784306640625
723.0 15.67713740234375
724.0 19.11804208984375
725.0 16.91985830078125
726.0 17.07067607421875
727.0 19.2618853515625
728.0 16.23646708984375
729.0 20.9125974609375
730.0 22.5010634765625
731.0 16.69743974609375
732.0 19.06277900390625
733.0 17.27141279296875
734.0 16.472138671875
735.0 20.10978056640625
736.0 14.20541015625
737.0 17.25559990234375
738.0 20.0870666015625
739.0 19.40394931640625
740.0 10.27746435546875
741.0 19.016497265625
742.0 20.23330615234375
743.0 14.6609814453125
744.0 10.036337109375
745.0 19.86735576171875
746.0 16.43787666015625
747.0 12.03896201171875
748.0 18.75806279296875
749.0 18.37284228515625
750.0 19.15248408203125
751.0 18.28841845703125
752.0 20.23693291015625
753.0 16.50519208984375
754.0 15.88363408203125
755.0 13.182450390625
756.0 13.22645556640625
757.0 16.8375111328125
758.0 15.05775498046875
759.0 15.0759505859375
760.0 15.4309416015625
761.0 14.81977998046875
762.0 13.7071828125
763.0 12.66350966796875
764.0 11.42825361328125
765.0 20.05098427734375
766.0 13.49244833984375
767.0 12.86770859375
768.0 13.60760615234375
769.0 13.30288779296875
770.0 12.605101953125
771.0 13.6301796875
772.0 13.86266103515625
773.0 13.6394841796875
774.0 15.27124404296875
775.0 13.7493216796875
776.0 12.74819462890625
777.0 12.04833017578125
778.0 12.499391015625
779.0 11.71122724609375
780.0 10.51211396484375
781.0 13.95544755859375
782.0 14.35217216796875
783.0 14.30529423828125
784.0 7.62235283203125
785.0 14.56139892578125
786.0 9.4893591796875
787.0 9.7799990234375
788.0 9.7493720703125
789.0 11.06588798828125
790.0 13.25619716796875
791.0 11.9228091796875
792.0 11.9646181640625
793.0 13.171583984375
794.0 12.3214546875
795.0 12.6831404296875
796.0 14.27475732421875
797.0 11.31204521484375
798.0 9.91875595703125
799.0 12.6930939453125
