0.0 25.78023671875
1.0 23.1247982421875
2.0 23.385571875
3.0 26.23802451171875
4.0 22.00053251953125
5.0 18.7120490234375
6.0 24.44620322265625
7.0 23.18135146484375
8.0 20.33113037109375
9.0 27.259382421875
10.0 26.186031640625
11.0 22.0235607421875
12.0 26.00060546875
13.0 23.73824052734375
14.0 25.641109375
15.0 24.382644140625
16.0 28.34281064453125
17.0 17.001878125
18.0 20.67446591796875
19.0 19.553755078125
20.0 30.60457587890625
21.0 20.87553837890625
22.0 17.57914736328125
23.0 24.6571294921875
24.0 22.64089462890625
25.0 24.55966845703125
26.0 24.26944609375
27.0 26.58081416015625
28.0 24.5200447265625
29.0 26.99475751953125
30.0 24.5473533203125
31.0 28.620926953125
32.0 25.3047359375
33.0 23.3787314453125
34.0 26.2622681640625
35.0 23.9921830078125
36.0 27.97840126953125
37.0 24.7812865234375
38.0 24.29505791015625
39.0 24.02970888671875
40.0 27.83474453125
41.0 23.21186875
42.0 25.7183453125
43.0 25.92398955078125
44.0 24.38988515625
45.0 25.72731826171875
46.0 23.53375263671875
47.0 25.08127841796875
48.0 23.81969716796875
49.0 25.5846125
50.0 26.55460693359375
51.0 26.02802666015625
52.0 22.9254283203125
53.0 26.9343150390625
54.0 27.61412568359375
55.0 32.21963974609375
56.0 25.35850712890625
57.0 26.60038515625
58.0 23.5412169921875
59.0 24.47310771484375
60.0 21.9611646484375
61.0 19.9273333984375
62.0 22.92223134765625
63.0 22.1712904296875
64.0 22.915947265625
65.0 21.91377392578125
66.0 23.89949716796875
67.0 23.79530439453125
68.0 24.184724609375
69.0 17.48555341796875
70.0 30.13265126953125
71.0 21.89000390625
72.0 25.09563623046875
73.0 23.96506259765625
74.0 21.13549443359375
75.0 24.19312978515625
76.0 21.75520146484375
77.0 26.1281298828125
78.0 23.8879232421875
79.0 27.678846484375
80.0 23.87596572265625
81.0 25.0699017578125
82.0 24.73322705078125
83.0 21.41492529296875
84.0 24.2964591796875
85.0 23.0266208984375
86.0 25.2354544921875
87.0 22.11493232421875
88.0 25.92990625
89.0 24.29218154296875
90.0 22.0010986328125
91.0 24.39639873046875
92.0 24.35167646484375
93.0 15.6851140625
94.0 22.01344287109375
95.0 23.2590232421875
96.0 20.865200390625
97.0 25.196741015625
98.0 25.8458923828125
99.0 22.28499931640625
100.0 26.35819931640625
101.0 23.63787900390625
102.0 28.032084765625
103.0 22.4851453125
104.0 25.1542904296875
105.0 20.080694921875
106.0 24.62342998046875
107.0 27.66037099609375
108.0 26.23208095703125
109.0 26.16162392578125
110.0 24.11007822265625
111.0 25.0332935546875
112.0 22.56463271484375
113.0 26.8929529296875
114.0 22.54856435546875
115.0 27.76955712890625
116.0 22.71144091796875
117.0 26.9868474609375
118.0 23.76430146484375
119.0 29.8338740234375
120.0 22.39321611328125
121.0 26.22743447265625
122.0 28.24010146484375
123.0 23.85027783203125
124.0 26.67554130859375
125.0 26.11087919921875
126.0 25.9841953125
127.0 26.5483044921875
128.0 27.31474873046875
129.0 24.62788740234375
130.0 26.6810486328125
131.0 22.42497275390625
132.0 24.4696771484375
133.0 26.72712607421875
134.0 24.57778798828125
135.0 0.9249552734375
136.0 49.004447265625
137.0 23.706978515625
138.0 22.77384443359375
139.0 25.19971513671875
140.0 24.0328580078125
141.0 19.8661982421875
142.0 21.2483150390625
143.0 21.14625625
144.0 23.86818759765625
145.0 20.088480078125
146.0 20.901971484375
147.0 24.53599169921875
148.0 22.22575908203125
149.0 26.15861513671875
150.0 24.51112626953125
151.0 22.98042197265625
152.0 21.35851552734375
153.0 26.3116595703125
154.0 22.9616240234375
155.0 24.31035595703125
156.0 26.16996533203125
157.0 21.4390501953125
158.0 24.37459794921875
159.0 18.50542421875
160.0 25.30697412109375
161.0 25.61317041015625
162.0 26.78896005859375
163.0 26.09253740234375
164.0 23.71011494140625
165.0 24.2852203125
166.0 22.20876865234375
167.0 21.868024609375
168.0 24.54257802734375
169.0 20.34156416015625
170.0 26.10042275390625
171.0 24.25876005859375
172.0 24.36013603515625
173.0 20.8401736328125
174.0 24.60117431640625
175.0 23.08478427734375
176.0 25.12702001953125
177.0 26.05035126953125
178.0 25.3005791015625
179.0 27.0159267578125
180.0 23.3579556640625
181.0 23.45267734375
182.0 25.0362015625
183.0 24.1573794921875
184.0 23.837872265625
185.0 24.94901982421875
186.0 13.5232689453125
187.0 18.9502544921875
188.0 23.688894140625
189.0 22.40569306640625
190.0 26.577962109375
191.0 20.84210595703125
192.0 25.3164115234375
193.0 22.35096005859375
194.0 22.3837966796875
195.0 25.90411513671875
196.0 23.09532890625
197.0 23.16167373046875
198.0 23.4236833984375
199.0 25.65963154296875
200.0 24.02955625
201.0 23.1554890625
202.0 14.01140068359375
203.0 27.058082421875
204.0 23.25101572265625
205.0 25.09336162109375
206.0 22.88054580078125
207.0 23.77203515625
208.0 27.05953310546875
209.0 24.17009638671875
210.0 25.39885869140625
211.0 20.69128564453125
212.0 24.9121078125
213.0 21.57818876953125
214.0 24.60464912109375
215.0 22.7525595703125
216.0 23.71249482421875
217.0 24.2277236328125
218.0 20.5941353515625
219.0 22.85344033203125
220.0 21.1939607421875
221.0 20.27484677734375
222.0 24.351332421875
223.0 22.1804140625
224.0 21.61128525390625
225.0 16.65281142578125
226.0 26.2783712890625
227.0 22.56267099609375
228.0 24.68419287109375
229.0 22.0665912109375
230.0 23.50056875
231.0 26.985133984375
232.0 23.95738974609375
233.0 25.194738671875
234.0 23.407465625
235.0 25.14179638671875
236.0 25.47090810546875
237.0 23.41506826171875
238.0 22.79171708984375
239.0 20.32195380859375
240.0 22.33330263671875
241.0 23.20946181640625
242.0 24.992995703125
243.0 24.8269849609375
244.0 26.29062685546875
245.0 23.95499794921875
246.0 22.45696630859375
247.0 26.3549763671875
248.0 25.05739755859375
249.0 27.38231298828125
250.0 23.04418740234375
251.0 24.052446484375
252.0 22.00927265625
253.0 24.764864453125
254.0 24.54898642578125
255.0 22.555202734375
256.0 26.82777783203125
257.0 22.7792755859375
258.0 24.77061015625
259.0 22.26612939453125
260.0 23.83294736328125
261.0 24.9027697265625
262.0 24.96542294921875
263.0 26.51592138671875
264.0 17.7850052734375
265.0 23.730915234375
266.0 23.32124697265625
267.0 24.39767744140625
268.0 24.2859509765625
269.0 25.8972576171875
270.0 25.9459693359375
271.0 23.59758544921875
272.0 24.72599345703125
273.0 24.472851953125
274.0 26.16328330078125
275.0 22.00555771484375
276.0 24.6440453125
277.0 25.22497861328125
278.0 27.1487625
279.0 23.362170703125
280.0 27.9973029296875
281.0 24.494239453125
282.0 26.39006923828125
283.0 26.22003486328125
284.0 24.3242369140625
285.0 24.99387548828125
286.0 20.80807744140625
287.0 24.33807548828125
288.0 22.82110947265625
289.0 25.92093046875
290.0 22.098804296875
291.0 22.05793916015625
292.0 24.25476064453125
293.0 21.8315076171875
294.0 25.51610234375
295.0 19.97614267578125
296.0 24.74741728515625
297.0 25.1973744140625
298.0 22.730641015625
299.0 26.15047490234375
300.0 23.25942255859375
301.0 25.60677529296875
302.0 22.400718359375
303.0 24.06114306640625
304.0 21.6038302734375
305.0 25.20046259765625
306.0 25.08313544921875
307.0 23.17514052734375
308.0 25.27402236328125
309.0 23.86107373046875
310.0 24.0244970703125
311.0 22.9819076171875
312.0 29.1428806640625
313.0 25.256852734375
314.0 25.8632345703125
315.0 22.67052353515625
316.0 26.04904892578125
317.0 26.51348603515625
318.0 26.81664658203125
319.0 26.2028322265625
320.0 22.3733060546875
321.0 24.3102345703125
322.0 20.98099091796875
323.0 24.7409984375
324.0 22.6966806640625
325.0 23.21206494140625
326.0 25.75705634765625
327.0 23.4236078125
328.0 24.88006748046875
329.0 24.0032958984375
330.0 27.13636943359375
331.0 23.814157421875
332.0 25.8615220703125
333.0 20.75827275390625
334.0 25.53833955078125
335.0 25.64331396484375
336.0 22.66523818359375
337.0 25.06880615234375
338.0 22.4635953125
339.0 24.26557587890625
340.0 25.38149892578125
341.0 26.3134095703125
342.0 21.38020498046875
343.0 24.13479697265625
344.0 25.25917822265625
345.0 24.8843259765625
346.0 24.858101171875
347.0 23.3606234375
348.0 28.6524966796875
349.0 22.0339373046875
350.0 24.26842177734375
351.0 24.14335537109375
352.0 25.71172587890625
353.0 20.12214345703125
354.0 25.73763330078125
355.0 26.7840634765625
356.0 21.5821234375
357.0 24.6221435546875
358.0 23.078290234375
359.0 27.5592775390625
360.0 22.64229970703125
361.0 28.15943173828125
362.0 24.902754296875
363.0 26.24281689453125
364.0 22.81017265625
365.0 24.9386037109375
366.0 25.7524482421875
367.0 21.59924990234375
368.0 24.0771998046875
369.0 22.86841181640625
370.0 25.13733701171875
371.0 22.867169921875
372.0 20.91892890625
373.0 28.11723427734375
374.0 22.1800654296875
375.0 25.77640029296875
376.0 25.91657265625
377.0 25.47451826171875
378.0 21.12419482421875
379.0 26.77597001953125
380.0 25.7480892578125
381.0 31.27307666015625
382.0 24.78775908203125
383.0 23.196431640625
384.0 22.83674296875
385.0 27.18261435546875
386.0 24.28189169921875
387.0 27.80206171875
388.0 26.5340669921875
389.0 27.21494013671875
390.0 23.419396484375
391.0 24.11462333984375
392.0 23.59223310546875
393.0 24.92121494140625
394.0 26.17059580078125
395.0 22.35624326171875
396.0 24.24743896484375
397.0 25.70657978515625
398.0 30.0535373046875
399.0 23.0971462890625
400.0 28.59513095703125
401.0 26.05780576171875
402.0 20.804487890625
403.0 21.2304478515625
404.0 27.0978478515625
405.0 26.14712587890625
406.0 23.87379541015625
407.0 24.52873134765625
408.0 22.2419171875
409.0 26.33848251953125
410.0 21.58737626953125
411.0 22.2747873046875
412.0 25.9667044921875
413.0 25.3032443359375
414.0 26.1715896484375
415.0 20.430670703125
416.0 24.32385283203125
417.0 22.796766015625
418.0 28.6170689453125
419.0 22.88725458984375
420.0 25.7715904296875
421.0 25.75464638671875
422.0 20.18868994140625
423.0 24.7430830078125
424.0 21.2777580078125
425.0 25.3080083984375
426.0 23.862877734375
427.0 27.00504921875
428.0 26.91911279296875
429.0 22.68323779296875
430.0 25.67958818359375
431.0 23.115259375
432.0 25.28304755859375
433.0 22.422126953125
434.0 22.39688232421875
435.0 23.285473828125
436.0 26.33794638671875
437.0 25.80833642578125
438.0 26.4305318359375
439.0 26.45988701171875
440.0 22.1419408203125
441.0 22.76365498046875
442.0 10.53990361328125
443.0 45.1652083984375
444.0 23.3541853515625
445.0 22.56762607421875
446.0 18.47143935546875
447.0 26.0990658203125
448.0 22.34740595703125
449.0 25.58876923828125
450.0 20.291619921875
451.0 25.69745419921875
452.0 25.78254443359375
453.0 23.81463876953125
454.0 23.52275380859375
455.0 24.513979296875
456.0 19.850547265625
457.0 27.4557244140625
458.0 23.1296708984375
459.0 22.6924822265625
460.0 20.83410703125
461.0 21.13034892578125
462.0 24.9643341796875
463.0 22.66195302734375
464.0 25.58912412109375
465.0 22.86248798828125
466.0 25.23772353515625
467.0 22.91783447265625
468.0 27.5327623046875
469.0 24.38661025390625
470.0 20.77821982421875
471.0 25.313555859375
472.0 26.79696513671875
473.0 28.42433095703125
474.0 24.24915244140625
475.0 23.95544453125
476.0 26.1366208984375
477.0 21.63403603515625
478.0 25.6809720703125
479.0 22.5712806640625
480.0 21.14590068359375
481.0 23.1767947265625
482.0 23.418191015625
483.0 26.81153662109375
484.0 26.1857630859375
485.0 26.45980263671875
486.0 25.06925
487.0 26.73674814453125
488.0 22.96108046875
489.0 27.78918076171875
490.0 26.57711962890625
491.0 25.33201611328125
492.0 25.5443908203125
493.0 25.604767578125
494.0 26.6195498046875
495.0 19.08430693359375
496.0 7.61597529296875
497.0 39.76189453125
498.0 24.3312720703125
499.0 27.84598671875
500.0 27.30632177734375
501.0 23.7776119140625
502.0 24.84410048828125
503.0 23.78264736328125
504.0 24.75390849609375
505.0 25.33948505859375
506.0 24.9450365234375
507.0 23.5681001953125
508.0 23.598275390625
509.0 23.1217373046875
510.0 26.8591798828125
511.0 15.4285240234375
512.0 27.72274580078125
513.0 23.2852525390625
514.0 28.1336021484375
515.0 27.0930482421875
516.0 23.97689580078125
517.0 24.8914783203125
518.0 24.1965294921875
519.0 25.345433203125
520.0 20.79400654296875
521.0 23.95803740234375
522.0 26.86290703125
523.0 23.26679970703125
524.0 27.83006767578125
525.0 24.47766494140625
526.0 27.03031806640625
527.0 22.5130150390625
528.0 29.48335263671875
529.0 23.43078330078125
530.0 27.8287091796875
531.0 24.5409443359375
532.0 28.560946484375
533.0 25.17736806640625
534.0 28.21293359375
535.0 26.7462501953125
536.0 26.70506875
537.0 26.682412890625
538.0 25.99919853515625
539.0 27.309384375
540.0 27.22601015625
541.0 27.74516025390625
542.0 22.48079130859375
543.0 24.02336484375
544.0 22.73398388671875
545.0 28.84929794921875
546.0 21.99114716796875
547.0 26.03812958984375
548.0 22.69317294921875
549.0 27.94646513671875
550.0 27.29831923828125
551.0 20.6239595703125
552.0 25.56599541015625
553.0 25.0770115234375
554.0 27.6557642578125
555.0 19.4622037109375
556.0 24.19174248046875
557.0 27.29470849609375
558.0 26.08536982421875
559.0 27.1115505859375
560.0 23.88691953125
561.0 26.8692689453125
562.0 28.17293271484375
563.0 30.8247376953125
564.0 26.42957568359375
565.0 28.2934662109375
566.0 25.3268970703125
567.0 25.786189453125
568.0 24.66929873046875
569.0 28.15212607421875
570.0 21.682559765625
571.0 28.09430439453125
572.0 25.93779150390625
573.0 26.83558310546875
574.0 23.77641005859375
575.0 29.20504736328125
576.0 26.11413935546875
577.0 23.8651744140625
578.0 28.741423828125
579.0 21.80898310546875
580.0 25.872877734375
581.0 23.71912880859375
582.0 26.36018583984375
583.0 25.81401064453125
584.0 28.83407958984375
585.0 23.47279365234375
586.0 26.153380078125
587.0 27.283274609375
588.0 28.80041689453125
589.0 24.5544671875
590.0 25.132866796875
591.0 26.4213216796875
592.0 23.4170060546875
593.0 28.6005416015625
594.0 25.4532525390625
595.0 27.613267578125
596.0 23.11664638671875
597.0 24.98662021484375
598.0 15.44929541015625
599.0 26.63019365234375
600.0 30.612135546875
601.0 24.22176474609375
602.0 26.13125478515625
603.0 24.87145068359375
604.0 23.034784375
605.0 27.96112734375
606.0 27.1712689453125
607.0 23.88926455078125
608.0 26.5001177734375
609.0 23.67437265625
610.0 28.51305888671875
611.0 23.6452447265625
612.0 27.43635498046875
613.0 24.472515625
614.0 27.35914580078125
615.0 24.23094765625
616.0 28.34918857421875
617.0 22.2164609375
618.0 24.144415625
619.0 24.10025595703125
620.0 22.88650087890625
621.0 28.8140986328125
622.0 20.8893630859375
623.0 25.51282998046875
624.0 27.303777734375
625.0 25.1062490234375
626.0 28.298669921875
627.0 21.23338671875
628.0 23.01414326171875
629.0 22.6575326171875
630.0 27.07486064453125
631.0 25.38563291015625
632.0 28.7030423828125
633.0 24.1257517578125
634.0 29.54780849609375
635.0 22.8295359375
636.0 25.11059453125
637.0 26.7126978515625
638.0 22.94880517578125
639.0 24.23207080078125
640.0 22.024390625
641.0 23.59094609375
642.0 23.95416396484375
643.0 27.28856376953125
644.0 23.55008896484375
645.0 27.2423736328125
646.0 27.109559375
647.0 23.35647353515625
648.0 27.999426953125
649.0 21.6854248046875
650.0 27.767166015625
651.0 24.2883357421875
652.0 26.80226748046875
653.0 23.7884115234375
654.0 25.84921435546875
655.0 23.59722626953125
656.0 28.9568142578125
657.0 24.6177544921875
658.0 13.287879296875
659.0 37.90178857421875
660.0 30.22031328125
661.0 29.2574001953125
662.0 27.51498564453125
663.0 25.87099560546875
664.0 28.09241943359375
665.0 28.775451171875
666.0 30.01894931640625
667.0 23.4623064453125
668.0 26.094289453125
669.0 25.83215166015625
670.0 27.1405890625
671.0 25.293169921875
672.0 30.38264814453125
673.0 27.23030283203125
674.0 29.734391796875
675.0 25.177796875
676.0 27.86209443359375
677.0 27.420017578125
678.0 22.0195529296875
679.0 24.82054775390625
680.0 27.5672853515625
681.0 25.350494140625
682.0 24.79551884765625
683.0 23.3108810546875
684.0 26.9851701171875
685.0 25.21195048828125
686.0 26.95885400390625
687.0 22.93044521484375
688.0 26.39916787109375
689.0 23.7930140625
690.0 26.8417412109375
691.0 25.82301826171875
692.0 23.51961748046875
693.0 25.77778037109375
694.0 23.97234208984375
695.0 25.61105419921875
696.0 23.8045220703125
697.0 26.714354296875
698.0 24.7590640625
699.0 25.96725546875
700.0 22.90364296875
701.0 27.46942509765625
702.0 27.84115146484375
703.0 23.98281396484375
704.0 26.71702109375
705.0 23.72911767578125
706.0 25.89119619140625
707.0 21.8739990234375
708.0 26.56023974609375
709.0 23.634142578125
710.0 22.69079013671875
711.0 17.29764150390625
712.0 20.1869982421875
713.0 24.51336171875
714.0 22.5662767578125
715.0 25.7255962890625
716.0 26.78409453125
717.0 24.33806259765625
718.0 25.66197431640625
719.0 22.46611240234375
720.0 24.55798427734375
721.0 26.68374658203125
722.0 24.13086103515625
723.0 19.01297353515625
724.0 24.66496494140625
725.0 22.20235966796875
726.0 24.36335576171875
727.0 23.15587919921875
728.0 25.9092251953125
729.0 27.343911328125
730.0 25.18364892578125
731.0 24.6847521484375
732.0 25.2720990234375
733.0 23.6128935546875
734.0 24.2672982421875
735.0 20.8266201171875
736.0 19.46638564453125
737.0 27.9933025390625
738.0 23.6143466796875
739.0 22.020548828125
740.0 23.59113310546875
741.0 26.26150732421875
742.0 26.06983876953125
743.0 25.93206416015625
744.0 16.97126015625
745.0 32.95035732421875
746.0 23.892058203125
747.0 27.62447626953125
748.0 26.2793919921875
749.0 23.89374482421875
750.0 23.9986013671875
751.0 21.98487177734375
752.0 20.37000966796875
753.0 24.2130828125
754.0 23.42689521484375
755.0 27.01243134765625
756.0 20.93888037109375
757.0 27.33813203125
758.0 23.97934140625
759.0 25.74729609375
760.0 22.70400400390625
761.0 24.52351181640625
762.0 23.5082603515625
763.0 23.2394603515625
764.0 27.57107724609375
765.0 23.92794375
766.0 23.34753056640625
767.0 24.70572001953125
768.0 24.8035908203125
769.0 25.81161630859375
770.0 27.31030068359375
771.0 23.841947265625
772.0 25.9810421875
773.0 23.23021572265625
774.0 26.81602685546875
775.0 26.90051123046875
776.0 25.6638787109375
777.0 26.48441591796875
778.0 23.53288154296875
779.0 26.05990234375
780.0 24.175441015625
781.0 26.3762548828125
782.0 23.72081630859375
783.0 28.33178984375
784.0 22.000141796875
785.0 23.468077734375
786.0 26.15230166015625
787.0 22.760359375
788.0 24.6964291015625
789.0 24.18039453125
790.0 25.0663337890625
791.0 25.4558044921875
792.0 26.40210361328125
793.0 23.9723451171875
794.0 26.24790185546875
795.0 22.509371484375
796.0 26.29562177734375
797.0 29.151866796875
798.0 26.368543359375
799.0 26.42085244140625
