0.0 12.387594140625
1.0 13.6062095703125
2.0 29.40411611328125
3.0 26.34382822265625
4.0 11.65148408203125
5.0 15.4113990234375
6.0 25.9335541015625
7.0 28.58481748046875
8.0 23.08222265625
9.0 19.75671611328125
10.0 23.848523828125
11.0 12.98545048828125
12.0 13.2953486328125
13.0 12.335669140625
14.0 11.6009640625
15.0 19.97339716796875
16.0 25.56848203125
17.0 18.37105078125
18.0 16.73231806640625
19.0 11.48612421875
20.0 12.5706134765625
21.0 17.420926171875
22.0 17.02215498046875
23.0 13.906556640625
24.0 21.3483134765625
25.0 15.3673806640625
26.0 12.29561689453125
27.0 12.3595861328125
28.0 22.73668125
29.0 19.71054736328125
30.0 26.73748994140625
31.0 27.72173310546875
32.0 18.8907005859375
33.0 26.05657060546875
34.0 17.3412892578125
35.0 18.003827734375
36.0 24.2566626953125
37.0 32.25666708984375
38.0 28.41928125
39.0 34.873540625
40.0 24.0536904296875
41.0 25.13233857421875
42.0 22.446286328125
43.0 25.79210146484375
44.0 19.88101435546875
45.0 22.336458984375
46.0 21.4459416015625
47.0 22.6218359375
48.0 22.43239306640625
49.0 29.794907421875
50.0 23.82192744140625
51.0 29.7520787109375
52.0 22.04539013671875
53.0 15.98367451171875
54.0 30.983070703125
55.0 29.89130791015625
56.0 21.0897814453125
57.0 27.29999375
58.0 23.16085859375
59.0 22.1984357421875
60.0 21.65491162109375
61.0 21.32658564453125
62.0 20.037512890625
63.0 23.362725
64.0 22.48252890625
65.0 18.753578515625
66.0 16.10366279296875
67.0 36.145196875
68.0 21.93567138671875
69.0 23.48472919921875
70.0 25.77377333984375
71.0 26.236296875
72.0 26.9451982421875
73.0 15.64599951171875
74.0 11.884419921875
75.0 10.708555859375
76.0 34.006837109375
77.0 31.208739453125
78.0 32.9470009765625
79.0 20.7796025390625
80.0 39.1244916015625
81.0 24.4176982421875
82.0 21.01658232421875
83.0 10.225544140625
84.0 30.70170185546875
85.0 35.89062919921875
86.0 41.36926787109375
87.0 40.76842060546875
88.0 42.2087935546875
89.0 35.78919736328125
90.0 32.858608203125
91.0 26.95441943359375
92.0 33.0597708984375
93.0 37.12154384765625
94.0 39.10761552734375
95.0 36.44203984375
96.0 17.4453609375
97.0 49.98993232421875
98.0 46.09680166015625
99.0 46.0675546875
100.0 21.97249638671875
101.0 48.86572607421875
102.0 42.15444130859375
103.0 46.09273486328125
104.0 29.76590478515625
105.0 44.19583896484375
106.0 48.2390626953125
107.0 47.2809666015625
108.0 49.180946875
109.0 34.57530712890625
110.0 47.22726142578125
111.0 38.267267578125
112.0 37.32224365234375
113.0 50.69763564453125
114.0 44.7070587890625
115.0 39.79325888671875
116.0 31.85382880859375
117.0 32.0982640625
118.0 30.2038353515625
119.0 31.04058759765625
120.0 20.72592998046875
121.0 49.4635986328125
122.0 41.229696875
123.0 35.21200341796875
124.0 33.28918955078125
125.0 36.49237021484375
126.0 30.75960439453125
127.0 22.08455087890625
128.0 22.1563478515625
129.0 23.45214970703125
130.0 33.7546861328125
131.0 35.15049970703125
132.0 32.3456310546875
133.0 25.522578515625
134.0 27.4064146484375
135.0 33.57280537109375
136.0 19.83225556640625
137.0 23.37318798828125
138.0 24.12724052734375
139.0 16.439206640625
140.0 30.18192001953125
141.0 30.97541513671875
142.0 28.58338701171875
143.0 27.06187001953125
144.0 24.13523154296875
145.0 19.3702505859375
146.0 29.7612841796875
147.0 31.7231138671875
148.0 25.83307451171875
149.0 15.3759029296875
150.0 25.6180681640625
151.0 28.40981240234375
152.0 36.0815482421875
153.0 33.2779625
154.0 11.94077138671875
155.0 34.14917158203125
156.0 34.57851728515625
157.0 27.3538798828125
158.0 32.45360361328125
159.0 19.96059287109375
160.0 28.2724919921875
161.0 37.5582150390625
162.0 30.57687392578125
163.0 27.0580736328125
164.0 20.65624453125
165.0 19.918730859375
166.0 30.33557919921875
167.0 24.75168232421875
168.0 26.75147509765625
169.0 14.3536408203125
170.0 23.08168408203125
171.0 30.09926650390625
172.0 25.3790478515625
173.0 18.11302919921875
174.0 27.24823486328125
175.0 25.9352310546875
176.0 44.9904302734375
177.0 34.31188828125
178.0 22.56985869140625
179.0 41.5956083984375
180.0 25.31035849609375
181.0 27.89649365234375
182.0 25.44797392578125
183.0 35.3728703125
184.0 28.18511875
185.0 28.5066908203125
186.0 23.24032041015625
187.0 35.42702861328125
188.0 29.4483927734375
189.0 28.0298390625
190.0 21.75168232421875
191.0 26.0884857421875
192.0 34.6063046875
193.0 30.3655384765625
194.0 40.489784375
195.0 28.7761892578125
196.0 27.95374345703125
197.0 28.36634951171875
198.0 27.76041162109375
199.0 25.20825302734375
200.0 24.06431171875
201.0 24.18808974609375
202.0 33.96686220703125
203.0 41.495479296875
204.0 41.76715078125
205.0 29.416134375
206.0 38.6895404296875
207.0 37.02765556640625
208.0 26.1445021484375
209.0 26.2689556640625
210.0 23.03853408203125
211.0 36.19964521484375
212.0 39.42346015625
213.0 38.58299990234375
214.0 30.83471923828125
215.0 31.5550052734375
216.0 30.12765771484375
217.0 34.57320380859375
218.0 30.2827068359375
219.0 26.60275234375
220.0 27.3373861328125
221.0 35.429921875
222.0 33.33387353515625
223.0 26.7230337890625
224.0 25.9169197265625
225.0 35.08364580078125
226.0 23.990450390625
227.0 32.00162333984375
228.0 32.79324873046875
229.0 22.60957841796875
230.0 29.2445359375
231.0 28.92585625
232.0 22.74093203125
233.0 46.986548828125
234.0 27.8990966796875
235.0 21.55853310546875
236.0 27.44893427734375
237.0 24.695218359375
238.0 1.47213017578125
239.0 41.579773828125
240.0 21.01801064453125
241.0 19.9688947265625
242.0 28.75280263671875
243.0 27.48477373046875
244.0 26.1674623046875
245.0 16.28851728515625
246.0 17.11091025390625
247.0 13.38398486328125
248.0 10.99137529296875
249.0 15.59654892578125
250.0 14.1855513671875
251.0 11.3632474609375
252.0 17.6136732421875
253.0 18.66171689453125
254.0 9.06732978515625
255.0 7.8012349609375
256.0 21.1156669921875
257.0 11.8669328125
258.0 12.70051728515625
259.0 18.1010994140625
260.0 11.0752990234375
261.0 18.44173193359375
262.0 28.6145625
263.0 24.32811552734375
264.0 33.7026685546875
265.0 24.44842001953125
266.0 27.158641015625
267.0 43.81728662109375
268.0 31.9470515625
269.0 23.26586484375
270.0 29.8832767578125
271.0 26.02997236328125
272.0 48.7676447265625
273.0 38.17031884765625
274.0 40.7551765625
275.0 26.22096630859375
276.0 61.2041318359375
277.0 48.03320185546875
278.0 47.11105908203125
279.0 42.81747275390625
280.0 44.35178818359375
281.0 30.17995830078125
282.0 27.03413447265625
283.0 32.51482548828125
284.0 34.6539015625
285.0 35.03157919921875
286.0 29.280359375
287.0 28.2484416015625
288.0 19.71236943359375
289.0 15.99025283203125
290.0 12.33017685546875
291.0 9.60532900390625
292.0 14.634491015625
293.0 28.4118384765625
294.0 43.32782431640625
295.0 46.4297880859375
296.0 34.500532421875
297.0 36.92031103515625
298.0 35.98637255859375
299.0 52.2890732421875
300.0 33.3143728515625
301.0 59.9900189453125
302.0 36.26947841796875
303.0 35.726425390625
304.0 46.82359658203125
305.0 44.09441123046875
306.0 28.70109365234375
307.0 37.709033984375
308.0 44.5887408203125
309.0 41.09041923828125
310.0 26.10391533203125
311.0 36.93837412109375
312.0 31.85720771484375
313.0 43.73803671875
314.0 37.844537890625
315.0 44.1249259765625
316.0 17.0167486328125
317.0 32.8116279296875
318.0 20.20433720703125
319.0 30.09748154296875
320.0 28.332144140625
321.0 34.93966318359375
322.0 40.24401357421875
323.0 34.63659462890625
324.0 34.3467251953125
325.0 40.99161103515625
326.0 31.07028154296875
327.0 27.79978876953125
328.0 32.39105908203125
329.0 36.55035947265625
330.0 30.56675830078125
331.0 42.84818095703125
332.0 32.47405986328125
333.0 32.17367890625
334.0 33.9090677734375
335.0 30.3057529296875
336.0 30.75139755859375
337.0 25.47626015625
338.0 32.7135205078125
339.0 24.2265580078125
340.0 29.05329814453125
341.0 32.410691796875
342.0 29.14162666015625
343.0 34.65110166015625
344.0 43.25643828125
345.0 34.731576171875
346.0 28.90712841796875
347.0 25.0298349609375
348.0 25.67274404296875
349.0 30.66981064453125
350.0 20.69539189453125
351.0 21.16543486328125
352.0 28.09579169921875
353.0 42.1834443359375
354.0 41.5366423828125
355.0 37.83817958984375
356.0 29.5776984375
357.0 30.33833876953125
358.0 27.13413701171875
359.0 28.2304669921875
360.0 35.55929326171875
361.0 33.712438671875
362.0 40.94076494140625
363.0 30.27213046875
364.0 33.7834234375
365.0 47.76742900390625
366.0 30.830775390625
367.0 26.51445341796875
368.0 32.3042984375
369.0 31.77933740234375
370.0 38.9333013671875
371.0 40.6796828125
372.0 44.58024111328125
373.0 35.576509765625
374.0 41.00574931640625
375.0 40.04227080078125
376.0 25.4885244140625
377.0 27.9666541015625
378.0 22.56637314453125
379.0 30.2002462890625
380.0 36.9943515625
381.0 44.4382552734375
382.0 52.241748828125
383.0 43.61428671875
384.0 45.79278408203125
385.0 47.9294046875
386.0 41.77126513671875
387.0 34.6412693359375
388.0 35.797353515625
389.0 40.71828056640625
390.0 33.1718154296875
391.0 31.65148115234375
392.0 33.60318564453125
393.0 48.288655078125
394.0 41.35008056640625
395.0 23.13281728515625
396.0 39.10120595703125
397.0 29.968718359375
398.0 37.329291015625
399.0 42.749346484375
400.0 47.080553515625
401.0 46.4293177734375
402.0 43.73680439453125
403.0 43.13466962890625
404.0 39.83322734375
405.0 25.5212625
406.0 45.31704443359375
407.0 29.49464130859375
408.0 31.1253837890625
409.0 48.85943984375
410.0 37.52955947265625
411.0 37.9408306640625
412.0 32.38176162109375
413.0 35.94905537109375
414.0 32.06956904296875
415.0 37.52052666015625
416.0 34.67267294921875
417.0 33.09433994140625
418.0 32.22531748046875
419.0 39.88100009765625
420.0 42.8168689453125
421.0 43.9574640625
422.0 44.98691162109375
423.0 41.6528775390625
424.0 46.562019921875
425.0 41.68622119140625
426.0 41.33402744140625
427.0 41.316212109375
428.0 36.60469306640625
429.0 32.40644375
430.0 23.42825380859375
431.0 33.174994140625
432.0 35.9884388671875
433.0 33.25559423828125
434.0 38.75106591796875
435.0 35.84535537109375
436.0 31.27555771484375
437.0 36.358958984375
438.0 20.2038525390625
439.0 25.445134765625
440.0 20.50817451171875
441.0 31.65275224609375
442.0 42.179021875
443.0 23.52005439453125
444.0 45.9586884765625
445.0 30.787303515625
446.0 24.46338916015625
447.0 28.29188154296875
448.0 28.1075044921875
449.0 30.67389306640625
450.0 28.25572236328125
451.0 31.24288310546875
452.0 27.49681875
453.0 31.10114794921875
454.0 27.33622421875
455.0 22.18639169921875
456.0 32.261946875
457.0 28.0919720703125
458.0 31.541569921875
459.0 28.25455224609375
460.0 27.9091451171875
461.0 29.89478349609375
462.0 29.41153720703125
463.0 34.02967919921875
464.0 25.91296865234375
465.0 31.43638125
466.0 12.46378525390625
467.0 24.35316416015625
468.0 30.1053515625
469.0 23.30866572265625
470.0 17.4893115234375
471.0 13.79718125
472.0 11.95900810546875
473.0 14.734974609375
474.0 25.468839453125
475.0 23.98539482421875
476.0 11.97597763671875
477.0 18.93273466796875
478.0 17.35421552734375
479.0 9.8955875
480.0 13.48355732421875
481.0 9.2810287109375
482.0 22.02832578125
483.0 16.7265576171875
484.0 8.91295185546875
485.0 7.31740185546875
486.0 4.11063388671875
487.0 14.8396390625
488.0 13.0965640625
489.0 14.85309912109375
490.0 22.7447578125
491.0 29.93934228515625
492.0 27.79962109375
493.0 25.41103056640625
494.0 29.2685267578125
495.0 30.72105654296875
496.0 35.05851650390625
497.0 30.85546474609375
498.0 31.34668525390625
499.0 30.04439482421875
500.0 24.908223828125
501.0 20.805734375
502.0 25.167370703125
503.0 23.58478779296875
504.0 26.09118486328125
505.0 16.84657578125
506.0 33.8408521484375
507.0 18.596001953125
508.0 24.7135001953125
509.0 19.88740478515625
510.0 9.78784814453125
511.0 6.92496845703125
512.0 16.02892587890625
513.0 9.09738291015625
514.0 11.93472470703125
515.0 13.8993685546875
516.0 17.6848015625
517.0 15.09766474609375
518.0 15.24583232421875
519.0 12.6784798828125
520.0 20.41249052734375
521.0 16.70048720703125
522.0 20.374521875
523.0 11.2820900390625
524.0 10.72029208984375
525.0 5.7949947265625
526.0 4.5010326171875
527.0 9.35867119140625
528.0 10.98317861328125
529.0 13.48033662109375
530.0 13.44488203125
531.0 22.664019140625
532.0 15.32895341796875
533.0 16.75675166015625
534.0 14.478127734375
535.0 23.61690419921875
536.0 12.42906240234375
537.0 13.28509990234375
538.0 7.63620185546875
539.0 13.61471015625
540.0 16.55778720703125
541.0 13.60235341796875
542.0 14.68950234375
543.0 16.60373994140625
544.0 14.37478349609375
545.0 19.81807978515625
546.0 14.868721875
547.0 11.13433662109375
548.0 16.998221484375
549.0 14.3111048828125
550.0 15.42745
551.0 12.100301953125
552.0 6.21095791015625
553.0 12.2594083984375
554.0 14.13593466796875
555.0 13.9362841796875
556.0 13.26346962890625
557.0 18.687216796875
558.0 24.87692509765625
559.0 23.55629150390625
560.0 20.2950619140625
561.0 15.1502953125
562.0 15.857751171875
563.0 19.6160125
564.0 24.696901953125
565.0 19.86210244140625
566.0 21.24984150390625
567.0 18.599923046875
568.0 18.36780625
569.0 17.16757724609375
570.0 23.1748810546875
571.0 19.86719716796875
572.0 14.81881064453125
573.0 20.20990625
574.0 27.03167353515625
575.0 18.8605841796875
576.0 16.69503076171875
577.0 26.4567974609375
578.0 18.23356103515625
579.0 20.7322638671875
580.0 15.691992578125
581.0 10.6155544921875
582.0 10.01541865234375
583.0 18.96147333984375
584.0 16.4216015625
585.0 17.7494423828125
586.0 12.70017666015625
587.0 9.24617880859375
588.0 17.62502275390625
589.0 25.4197611328125
590.0 9.20394150390625
591.0 13.28937197265625
592.0 19.373078125
593.0 17.092271875
594.0 13.2287060546875
595.0 15.59170810546875
596.0 13.94320888671875
597.0 14.76527373046875
598.0 18.3661453125
599.0 22.96255146484375
600.0 12.5846302734375
601.0 19.91510341796875
602.0 18.50439345703125
603.0 12.336077734375
604.0 17.91926552734375
605.0 21.23325283203125
606.0 13.27229638671875
607.0 24.68544423828125
608.0 19.28816650390625
609.0 16.24044716796875
610.0 34.1290982421875
611.0 29.373268359375
612.0 19.12980078125
613.0 26.0456880859375
614.0 27.4797447265625
615.0 30.3265859375
616.0 26.66407705078125
617.0 25.85720556640625
618.0 21.2412759765625
619.0 25.7486693359375
620.0 33.32677880859375
621.0 30.8910845703125
622.0 42.28024560546875
623.0 40.45600068359375
624.0 40.66391845703125
625.0 40.14114658203125
626.0 35.591733984375
627.0 53.9290029296875
628.0 33.33456484375
629.0 36.16902001953125
630.0 32.119893359375
631.0 27.4434140625
632.0 31.71484423828125
633.0 28.47093388671875
634.0 30.4020421875
635.0 27.84481728515625
636.0 31.6760615234375
637.0 28.62099228515625
638.0 26.846467578125
639.0 27.10762373046875
640.0 28.5644005859375
641.0 30.7109494140625
642.0 28.78248291015625
643.0 26.886040625
644.0 23.05383818359375
645.0 52.01338740234375
646.0 43.6734158203125
647.0 42.9674095703125
648.0 40.23267001953125
649.0 36.0846626953125
650.0 26.9989802734375
651.0 29.6305390625
652.0 28.745615234375
653.0 26.20806025390625
654.0 22.61449287109375
655.0 27.48286083984375
656.0 41.9078603515625
657.0 36.9018779296875
658.0 32.7630765625
659.0 32.44424716796875
660.0 39.8899109375
661.0 29.42984482421875
662.0 10.66367685546875
663.0 18.50313564453125
664.0 15.74431552734375
665.0 12.80717275390625
666.0 27.80730546875
667.0 30.7411958984375
668.0 30.93354794921875
669.0 29.14334609375
670.0 30.7768154296875
671.0 36.02093720703125
672.0 39.48958505859375
673.0 30.09920771484375
674.0 40.07238369140625
675.0 35.3350314453125
676.0 32.6931064453125
677.0 28.1408736328125
678.0 38.50390009765625
679.0 37.6863068359375
680.0 37.80824384765625
681.0 33.03635537109375
682.0 44.3542607421875
683.0 21.2988837890625
684.0 26.41974697265625
685.0 35.8700341796875
686.0 42.09030126953125
687.0 36.63077412109375
688.0 39.3680537109375
689.0 42.06465390625
690.0 41.7649416015625
691.0 44.28790498046875
692.0 43.939062109375
693.0 46.6207009765625
694.0 27.54421259765625
695.0 19.964272265625
696.0 42.878140234375
697.0 31.79129990234375
698.0 25.52022529296875
699.0 28.11860205078125
700.0 26.8907990234375
701.0 29.35343271484375
702.0 28.4049326171875
703.0 29.4059787109375
704.0 27.35156572265625
705.0 30.6837625
706.0 23.788848046875
707.0 29.7719271484375
708.0 18.2352921875
709.0 22.54712001953125
710.0 17.7312890625
711.0 20.64881923828125
712.0 29.54866083984375
713.0 44.907745703125
714.0 35.87178935546875
715.0 40.2781150390625
716.0 37.17644716796875
717.0 44.71559013671875
718.0 21.965548046875
719.0 42.7913951171875
720.0 27.2537337890625
721.0 33.54348515625
722.0 34.28973779296875
723.0 38.43569189453125
724.0 30.64668701171875
725.0 33.62422080078125
726.0 34.58747783203125
727.0 41.95497578125
728.0 38.18651298828125
729.0 27.65721865234375
730.0 18.98768974609375
731.0 28.02786416015625
732.0 43.323134375
733.0 43.05630205078125
734.0 38.223213671875
735.0 28.09663955078125
736.0 48.00508466796875
737.0 40.2803337890625
738.0 50.42765830078125
739.0 34.6299458984375
740.0 44.9983328125
741.0 33.02232978515625
742.0 37.9878564453125
743.0 28.96886328125
744.0 35.810563671875
745.0 32.6910755859375
746.0 30.53526435546875
747.0 29.88268154296875
748.0 43.48274951171875
749.0 34.1224212890625
750.0 42.92381875
751.0 28.3892666015625
752.0 17.6332609375
753.0 15.82904453125
754.0 22.48379423828125
755.0 21.02584150390625
756.0 21.38871796875
757.0 32.37543193359375
758.0 19.27344951171875
759.0 15.6783052734375
760.0 23.43986513671875
761.0 32.2147962890625
762.0 24.89650361328125
763.0 17.44277529296875
764.0 20.4932083984375
765.0 17.8401763671875
766.0 25.43841328125
767.0 26.8787427734375
768.0 17.436511328125
769.0 22.6483765625
770.0 21.6609357421875
771.0 24.9909626953125
772.0 19.149142578125
773.0 15.81789912109375
774.0 11.72596318359375
775.0 18.47507041015625
776.0 17.4253611328125
777.0 20.91132783203125
778.0 19.4094333984375
779.0 15.938576171875
780.0 18.58870703125
781.0 34.726926953125
782.0 16.32163046875
783.0 19.446562890625
784.0 15.60405078125
785.0 13.56860517578125
786.0 18.5897767578125
787.0 16.9409787109375
788.0 17.80117255859375
789.0 21.67191455078125
790.0 43.55118876953125
791.0 37.19966416015625
792.0 31.3171341796875
793.0 43.033858984375
794.0 39.60844873046875
795.0 30.6353017578125
796.0 23.71233076171875
797.0 31.55591904296875
798.0 24.7473580078125
799.0 45.26079716796875
