0.0 40.0152208984375
1.0 44.0890953125
2.0 40.85337548828125
3.0 24.0840634765625
4.0 44.12436416015625
5.0 38.8712173828125
6.0 36.74953818359375
7.0 40.35592265625
8.0 26.79820380859375
9.0 44.43540302734375
10.0 32.03651455078125
11.0 48.6783927734375
12.0 45.91814228515625
13.0 30.63514736328125
14.0 43.19091669921875
15.0 35.92986845703125
16.0 37.84577001953125
17.0 42.01971826171875
18.0 33.9199298828125
19.0 28.29449609375
20.0 42.897109375
21.0 50.12443076171875
22.0 40.5081572265625
23.0 40.31408369140625
24.0 39.18082763671875
25.0 34.25123759765625
26.0 38.688437109375
27.0 42.4645267578125
28.0 34.82592509765625
29.0 15.21832548828125
30.0 33.961331640625
31.0 44.20886171875
32.0 41.763582421875
33.0 34.75365390625
34.0 41.6939201171875
35.0 39.3492587890625
36.0 50.5902830078125
37.0 43.64427265625
38.0 26.12081142578125
39.0 49.38843896484375
40.0 37.88403818359375
41.0 44.04403115234375
42.0 45.1860396484375
43.0 32.20079248046875
44.0 44.76500595703125
45.0 42.81631181640625
46.0 45.7058951171875
47.0 48.86522080078125
48.0 30.03460654296875
49.0 35.17038134765625
50.0 45.98168427734375
51.0 43.89230302734375
52.0 46.64521416015625
53.0 49.10228037109375
54.0 35.7328001953125
55.0 42.66789541015625
56.0 42.2996529296875
57.0 39.06233291015625
58.0 48.10823984375
59.0 24.1546265625
60.0 30.04169697265625
61.0 42.37213232421875
62.0 50.27985751953125
63.0 26.669299609375
64.0 45.80578623046875
65.0 59.31604404296875
66.0 36.82534287109375
67.0 25.5824666015625
68.0 53.371748828125
69.0 30.33182939453125
70.0 46.91606572265625
71.0 34.46843330078125
72.0 42.7253689453125
73.0 45.74264638671875
74.0 35.78492861328125
75.0 40.8069736328125
76.0 45.31076220703125
77.0 43.4563591796875
78.0 34.08922763671875
79.0 35.048668359375
80.0 38.10036708984375
81.0 40.73720546875
82.0 41.1440216796875
83.0 31.2248302734375
84.0 42.31992724609375
85.0 43.7407451171875
86.0 25.8784720703125
87.0 43.47447373046875
88.0 36.8186673828125
89.0 11.046547265625
90.0 29.8552703125
91.0 59.200758984375
92.0 33.845132421875
93.0 25.2547908203125
94.0 31.774627734375
95.0 33.38482900390625
96.0 38.025380859375
97.0 47.66942109375
98.0 37.2651626953125
99.0 33.91008544921875
100.0 37.99859169921875
101.0 38.38670537109375
102.0 56.62427275390625
103.0 36.55101103515625
104.0 51.6815689453125
105.0 29.4983634765625
106.0 48.8302052734375
107.0 35.96243017578125
108.0 47.62280966796875
109.0 36.611171484375
110.0 17.61510703125
111.0 57.847803515625
112.0 45.29316416015625
113.0 39.82117373046875
114.0 35.31165673828125
115.0 31.4081806640625
116.0 25.51275830078125
117.0 33.908843359375
118.0 42.86910126953125
119.0 28.49979921875
120.0 41.33800791015625
121.0 44.389431640625
122.0 45.12201787109375
123.0 43.3646388671875
124.0 34.52372314453125
125.0 29.54673046875
126.0 35.5259609375
127.0 47.8997224609375
128.0 40.08789638671875
129.0 26.00855
130.0 37.4617232421875
131.0 35.44010478515625
132.0 48.21270263671875
133.0 35.01825
134.0 40.2340912109375
135.0 27.01507392578125
136.0 40.64046767578125
137.0 29.80497802734375
138.0 39.67880537109375
139.0 31.06020830078125
140.0 58.71987861328125
141.0 35.2923703125
142.0 30.9871576171875
143.0 40.897827734375
144.0 45.68280048828125
145.0 38.87821552734375
146.0 28.92601416015625
147.0 42.78824228515625
148.0 43.28350390625
149.0 36.37660048828125
150.0 43.3957974609375
151.0 33.92589619140625
152.0 40.326835546875
153.0 35.08410400390625
154.0 38.15424482421875
155.0 36.47058740234375
156.0 20.501817578125
157.0 34.42730322265625
158.0 41.44884248046875
159.0 32.76051142578125
160.0 51.94278818359375
161.0 34.983266015625
162.0 38.11420146484375
163.0 16.55368603515625
164.0 12.427118359375
165.0 12.5782828125
166.0 28.1520099609375
167.0 42.7047673828125
168.0 40.87734765625
169.0 41.44682294921875
170.0 37.7731056640625
171.0 31.42935244140625
172.0 44.4957923828125
173.0 41.8296982421875
174.0 42.53637353515625
175.0 41.0199724609375
176.0 29.88610224609375
177.0 43.8962748046875
178.0 41.463375390625
179.0 41.1835408203125
180.0 44.06192470703125
181.0 45.26086826171875
182.0 39.76803642578125
183.0 48.771489453125
184.0 45.1455400390625
185.0 40.80747607421875
186.0 26.56328818359375
187.0 43.232955859375
188.0 52.10561064453125
189.0 40.639590234375
190.0 54.016977734375
191.0 20.8143779296875
192.0 43.0290919921875
193.0 27.87051103515625
194.0 47.26300341796875
195.0 36.51968564453125
196.0 23.60555283203125
197.0 32.37842412109375
198.0 43.58860673828125
199.0 38.697188671875
200.0 31.7016658203125
201.0 42.18771396484375
202.0 29.01783671875
203.0 28.67294365234375
204.0 46.75633818359375
205.0 39.9324173828125
206.0 23.0105271484375
207.0 19.69558359375
208.0 31.68610380859375
209.0 52.6404568359375
210.0 44.40627255859375
211.0 57.96151416015625
212.0 13.589587890625
213.0 40.831621875
214.0 50.466728515625
215.0 50.649834375
216.0 54.15999189453125
217.0 38.620698046875
218.0 50.8203224609375
219.0 48.3641419921875
220.0 43.0720552734375
221.0 52.1822037109375
222.0 36.98285380859375
223.0 29.75576240234375
224.0 49.3923330078125
225.0 56.0915609375
226.0 46.2570662109375
227.0 42.44818544921875
228.0 26.472596875
229.0 39.92750234375
230.0 48.38830810546875
231.0 51.87008173828125
232.0 52.30834921875
233.0 23.59906533203125
234.0 49.46228798828125
235.0 28.6443642578125
236.0 45.43842744140625
237.0 49.8787396484375
238.0 23.07948408203125
239.0 23.17906357421875
240.0 22.110739453125
241.0 42.664383984375
242.0 49.74263818359375
243.0 42.2813970703125
244.0 27.70311689453125
245.0 45.3807240234375
246.0 44.15637724609375
247.0 50.59763662109375
248.0 38.499595703125
249.0 24.13440302734375
250.0 57.05190048828125
251.0 52.1312029296875
252.0 37.85408662109375
253.0 29.0959916015625
254.0 20.98245810546875
255.0 28.63107392578125
256.0 32.72012958984375
257.0 49.70876259765625
258.0 36.80508291015625
259.0 28.51091884765625
260.0 31.2328765625
261.0 31.535871875
262.0 45.963755078125
263.0 39.8395865234375
264.0 37.41562099609375
265.0 28.75828564453125
266.0 28.66526689453125
267.0 62.92804951171875
268.0 32.39280751953125
269.0 25.1160861328125
270.0 29.58716650390625
271.0 21.0310318359375
272.0 51.16575263671875
273.0 49.992105859375
274.0 32.96076513671875
275.0 25.54780830078125
276.0 49.39579169921875
277.0 44.77430380859375
278.0 37.51311455078125
279.0 15.71388818359375
280.0 21.56761171875
281.0 51.01715322265625
282.0 50.64641826171875
283.0 49.2474005859375
284.0 35.958850390625
285.0 24.631652734375
286.0 31.7851802734375
287.0 26.43042939453125
288.0 36.9474240234375
289.0 21.22284521484375
290.0 26.13657880859375
291.0 32.04644736328125
292.0 56.13338203125
293.0 46.90006240234375
294.0 25.6310763671875
295.0 23.324925
296.0 45.45655166015625
297.0 50.91451943359375
298.0 41.47094921875
299.0 29.3936951171875
300.0 17.23256572265625
301.0 33.17956318359375
302.0 30.68001845703125
303.0 50.7996166015625
304.0 29.9819912109375
305.0 24.7986712890625
306.0 32.579401171875
307.0 40.75627841796875
308.0 45.50174033203125
309.0 11.53959755859375
310.0 38.04883359375
311.0 27.36852744140625
312.0 29.39113828125
313.0 11.76914501953125
314.0 47.40626025390625
315.0 12.215423046875
316.0 37.22645302734375
317.0 34.213873828125
318.0 32.48205859375
319.0 33.6582484375
320.0 25.4158490234375
321.0 27.8252947265625
322.0 33.98888662109375
323.0 38.43117119140625
324.0 41.97263671875
325.0 30.1102859375
326.0 29.83175869140625
327.0 25.86203466796875
328.0 40.3788234375
329.0 38.5458365234375
330.0 33.85298212890625
331.0 31.12772568359375
332.0 31.36839658203125
333.0 30.92186123046875
334.0 38.936140234375
335.0 35.4846228515625
336.0 37.14555703125
337.0 28.42791025390625
338.0 30.0391451171875
339.0 36.74322548828125
340.0 24.48267763671875
341.0 24.3125716796875
342.0 14.98137705078125
343.0 19.56138193359375
344.0 45.64455263671875
345.0 24.11567099609375
346.0 38.16470849609375
347.0 22.76879599609375
348.0 23.71949287109375
349.0 21.6460775390625
350.0 8.75511806640625
351.0 23.94961435546875
352.0 15.0833498046875
353.0 6.48045703125
354.0 32.2675732421875
355.0 25.4603177734375
356.0 24.57214169921875
357.0 30.1810990234375
358.0 18.34430927734375
359.0 22.61024521484375
360.0 33.36366572265625
361.0 31.54751630859375
362.0 29.859704296875
363.0 20.2709095703125
364.0 32.8162677734375
365.0 46.42778193359375
366.0 37.84725302734375
367.0 17.4024728515625
368.0 20.72406669921875
369.0 34.21555048828125
370.0 24.57953291015625
371.0 15.44342724609375
372.0 25.1315361328125
373.0 16.48136982421875
374.0 14.95037626953125
375.0 13.97395830078125
376.0 26.851576171875
377.0 52.00419326171875
378.0 45.7623966796875
379.0 21.1176880859375
380.0 18.2044541015625
381.0 21.926734375
382.0 51.50646669921875
383.0 54.34267275390625
384.0 51.88232822265625
385.0 34.5227201171875
386.0 18.94366376953125
387.0 57.240731640625
388.0 51.97425185546875
389.0 14.7875951171875
390.0 37.97373359375
391.0 30.08026162109375
392.0 20.32352998046875
393.0 32.4711138671875
394.0 57.6532583984375
395.0 52.31132021484375
396.0 42.38753642578125
397.0 23.39572958984375
398.0 31.72477451171875
399.0 59.1087763671875
400.0 44.8039732421875
401.0 25.58118388671875
402.0 18.28918818359375
403.0 5.83794716796875
404.0 8.29123251953125
405.0 26.37377109375
406.0 6.4573998046875
407.0 39.4329443359375
408.0 45.91446103515625
409.0 25.34965419921875
410.0 11.288373046875
411.0 15.7442880859375
412.0 16.13951572265625
413.0 47.1501986328125
414.0 39.69039267578125
415.0 8.5167345703125
416.0 1.74278447265625
417.0 0.7669708984375
418.0 0.83937431640625
419.0 2.5393716796875
420.0 1.7165939453125
421.0 0.629765234375
422.0 0.76164990234375
423.0 8.1389771484375
424.0 10.504392578125
425.0 29.46219130859375
426.0 45.71163076171875
427.0 35.87956259765625
428.0 13.51212001953125
429.0 27.18810634765625
430.0 38.276471484375
431.0 23.22345791015625
432.0 15.63495029296875
433.0 17.03127421875
434.0 8.310584765625
435.0 22.53471376953125
436.0 45.87720546875
437.0 23.4788875
438.0 30.46410712890625
439.0 25.35718359375
440.0 47.54176103515625
441.0 49.6505974609375
442.0 36.96047841796875
443.0 51.63477470703125
444.0 51.339226953125
445.0 45.88677548828125
446.0 54.88332314453125
447.0 43.0854013671875
448.0 19.225971484375
449.0 41.026312109375
450.0 38.74734296875
451.0 31.1101484375
452.0 46.42969697265625
453.0 28.84803740234375
454.0 50.0026869140625
455.0 40.5678623046875
456.0 43.61748232421875
457.0 48.8547943359375
458.0 30.56800986328125
459.0 38.7289130859375
460.0 46.44429775390625
461.0 44.16810751953125
462.0 45.784419140625
463.0 38.19658740234375
464.0 40.55848232421875
465.0 43.2255166015625
466.0 43.270390234375
467.0 47.89994677734375
468.0 32.78256259765625
469.0 20.65766474609375
470.0 45.74973779296875
471.0 44.920530859375
472.0 38.68975361328125
473.0 37.69384873046875
474.0 21.77704599609375
475.0 54.63238896484375
476.0 52.04136181640625
477.0 43.01171484375
478.0 45.3893826171875
479.0 32.1557642578125
480.0 30.271946484375
481.0 54.71036943359375
482.0 41.0762435546875
483.0 40.9221599609375
484.0 30.547172265625
485.0 45.41455048828125
486.0 45.7422984375
487.0 46.0384935546875
488.0 40.017624609375
489.0 23.681548046875
490.0 50.456180078125
491.0 46.66777744140625
492.0 10.57824580078125
493.0 67.06667724609375
494.0 47.893732421875
495.0 47.86701064453125
496.0 43.7940873046875
497.0 47.28627119140625
498.0 43.4954791015625
499.0 13.19558994140625
500.0 47.12166123046875
501.0 46.44346796875
502.0 47.20896552734375
503.0 36.79555859375
504.0 37.53591689453125
505.0 51.50737861328125
506.0 43.24123232421875
507.0 51.7905865234375
508.0 45.1094755859375
509.0 28.9439013671875
510.0 29.434816015625
511.0 40.9458822265625
512.0 40.45243271484375
513.0 32.2721189453125
514.0 28.09993955078125
515.0 39.86137451171875
516.0 40.0681439453125
517.0 54.70523671875
518.0 48.17976123046875
519.0 43.500731640625
520.0 32.68724013671875
521.0 42.0932990234375
522.0 50.23294482421875
523.0 39.6850412109375
524.0 42.99805068359375
525.0 37.82788974609375
526.0 44.34507705078125
527.0 43.65426298828125
528.0 45.6684224609375
529.0 29.5839859375
530.0 43.656247265625
531.0 34.05319423828125
532.0 48.55654267578125
533.0 49.02414658203125
534.0 40.8381126953125
535.0 37.19452900390625
536.0 43.9066623046875
537.0 41.36823779296875
538.0 52.2497396484375
539.0 29.34254375
540.0 40.8294361328125
541.0 38.9290037109375
542.0 50.0031400390625
543.0 44.79750234375
544.0 46.9422927734375
545.0 31.52423046875
546.0 36.70124931640625
547.0 58.09089677734375
548.0 49.5833091796875
549.0 40.08809111328125
550.0 31.1418779296875
551.0 42.55927548828125
552.0 41.30157646484375
553.0 33.03115078125
554.0 47.21917041015625
555.0 29.78845927734375
556.0 42.072932421875
557.0 48.6906443359375
558.0 50.2492056640625
559.0 44.65989208984375
560.0 21.734727734375
561.0 53.97343134765625
562.0 37.50779765625
563.0 58.42016845703125
564.0 44.96948564453125
565.0 29.835158984375
566.0 48.22961416015625
567.0 48.11732646484375
568.0 50.45206259765625
569.0 46.9539650390625
570.0 37.29515966796875
571.0 32.9138486328125
572.0 49.189293359375
573.0 51.39944375
574.0 47.4879361328125
575.0 37.2079234375
576.0 34.46972158203125
577.0 46.19828720703125
578.0 49.95714765625
579.0 45.2489484375
580.0 41.55628349609375
581.0 32.96730478515625
582.0 46.72844580078125
583.0 34.16007646484375
584.0 63.11785263671875
585.0 49.7881908203125
586.0 31.01406142578125
587.0 47.61481357421875
588.0 47.829182421875
589.0 43.804905078125
590.0 47.75932626953125
591.0 28.4424171875
592.0 47.15816171875
593.0 40.88979208984375
594.0 52.3009615234375
595.0 47.34525830078125
596.0 27.2863369140625
597.0 46.0285388671875
598.0 49.3637005859375
599.0 41.144953515625
600.0 45.03196171875
601.0 26.62574833984375
602.0 44.32317421875
603.0 37.24930478515625
604.0 30.07333603515625
605.0 51.74601279296875
606.0 34.6371689453125
607.0 39.909192578125
608.0 45.0586732421875
609.0 50.8223517578125
610.0 46.14831669921875
611.0 44.4604224609375
612.0 43.87137294921875
613.0 44.02422861328125
614.0 44.39273876953125
615.0 45.34528896484375
616.0 33.69783310546875
617.0 58.4990064453125
618.0 42.55109052734375
619.0 39.67032978515625
620.0 44.95317822265625
621.0 35.23443603515625
622.0 40.50252724609375
623.0 37.1244705078125
624.0 48.15428671875
625.0 45.21674453125
626.0 31.73169375
627.0 60.2665337890625
628.0 38.5158583984375
629.0 45.889169140625
630.0 45.60761064453125
631.0 34.06257890625
632.0 52.096875
633.0 45.46301640625
634.0 39.49781435546875
635.0 28.275732421875
636.0 48.2355544921875
637.0 33.07511923828125
638.0 46.82266884765625
639.0 49.0228326171875
640.0 46.81962138671875
641.0 46.80370439453125
642.0 35.7234962890625
643.0 35.362909375
644.0 47.53955205078125
645.0 45.1007533203125
646.0 43.40066484375
647.0 35.50579912109375
648.0 30.24119931640625
649.0 61.206833203125
650.0 47.24559189453125
651.0 46.86305390625
652.0 46.6689953125
653.0 41.63352705078125
654.0 47.472833984375
655.0 47.587195703125
656.0 48.161985546875
657.0 44.7526455078125
658.0 49.82020087890625
659.0 41.15893271484375
660.0 47.18193779296875
661.0 46.8158203125
662.0 46.71934013671875
663.0 34.83322841796875
664.0 36.2778146484375
665.0 44.4976474609375
666.0 35.67236083984375
667.0 54.33235986328125
668.0 32.13825546875
669.0 47.3063853515625
670.0 47.86933095703125
671.0 52.90417216796875
672.0 52.3095759765625
673.0 41.99139609375
674.0 55.14533037109375
675.0 35.24716162109375
676.0 40.99031748046875
677.0 55.9894365234375
678.0 47.19535693359375
679.0 51.29050634765625
680.0 34.3898369140625
681.0 46.72127587890625
682.0 48.59867294921875
683.0 29.589866015625
684.0 64.1183625
685.0 35.38043486328125
686.0 50.5955482421875
687.0 49.74022958984375
688.0 50.981562890625
689.0 50.48976416015625
690.0 37.7933732421875
691.0 49.6392384765625
692.0 49.69177060546875
693.0 50.43690947265625
694.0 48.4525419921875
695.0 38.2632298828125
696.0 45.624429296875
697.0 46.86863828125
698.0 37.68618876953125
699.0 48.36526611328125
700.0 35.03935107421875
701.0 45.2791841796875
702.0 19.37403154296875
703.0 27.6503634765625
704.0 49.7958701171875
705.0 34.06517900390625
706.0 45.139692578125
707.0 42.4561193359375
708.0 35.72995908203125
709.0 34.182783984375
710.0 32.3421578125
711.0 26.2395669921875
712.0 16.5683935546875
713.0 24.67125390625
714.0 21.34665078125
715.0 13.71195927734375
716.0 39.9999556640625
717.0 27.94011982421875
718.0 37.628075390625
719.0 32.63076171875
720.0 41.25558310546875
721.0 34.990408984375
722.0 36.44185087890625
723.0 32.70217685546875
724.0 41.570250390625
725.0 26.34133095703125
726.0 29.44453984375
727.0 38.279094921875
728.0 25.32608837890625
729.0 25.45391552734375
730.0 47.039018359375
731.0 43.24209501953125
732.0 35.70567626953125
733.0 51.79410390625
734.0 42.20560546875
735.0 45.66295048828125
736.0 40.63632822265625
737.0 45.02928623046875
738.0 30.50598828125
739.0 45.8816802734375
740.0 39.8654658203125
741.0 42.73240107421875
742.0 32.76019521484375
743.0 40.4278396484375
744.0 28.550409765625
745.0 31.48419267578125
746.0 28.60919462890625
747.0 30.08063017578125
748.0 28.32800390625
749.0 29.90732255859375
750.0 36.33678681640625
751.0 55.0523185546875
752.0 33.193134375
753.0 44.48023642578125
754.0 34.69170126953125
755.0 16.6359359375
756.0 31.0269025390625
757.0 19.66850263671875
758.0 19.4171849609375
759.0 34.05174248046875
760.0 27.92003583984375
761.0 46.09064345703125
762.0 49.63937529296875
763.0 29.64936015625
764.0 34.1708052734375
765.0 30.4663857421875
766.0 29.6606630859375
767.0 17.5890564453125
768.0 19.80404208984375
769.0 25.70316123046875
770.0 17.6634658203125
771.0 38.367077734375
772.0 40.26383349609375
773.0 34.09751611328125
774.0 20.15781826171875
775.0 27.29182197265625
776.0 26.561565234375
777.0 26.51102001953125
778.0 16.631858984375
779.0 2.4578583984375
780.0 43.56747216796875
781.0 28.39159384765625
782.0 45.92695400390625
783.0 35.12749541015625
784.0 26.19914169921875
785.0 21.92684267578125
786.0 16.1483171875
787.0 26.16078544921875
788.0 22.1861708984375
789.0 28.0770763671875
790.0 9.17982041015625
791.0 30.615448046875
792.0 41.33161787109375
793.0 46.12965146484375
794.0 27.31236044921875
795.0 26.30205830078125
796.0 30.26284384765625
797.0 26.90838173828125
798.0 26.45905078125
799.0 42.42246083984375
