1164.75
149	1041	8	312.3	2.4	7.34375	9
148	1032	10	309.6	3	7.64062	9
147	1023	12	306.9	3.6	7.46094	9
146	1014	14	304.2	4.2	7.73438	9
145	1005	16	301.5	4.8	7.49219	9
144	996	18	298.8	5.4	7.42969	9
143	988	19	296.4	5.7	9.57031	9
142	979	21	293.7	6.3	7.53906	9
141	970	23	291	6.9	7.49219	9
140	961	25	288.301	7.5	7.53906	9
139	952	27	285.601	8.1	7.64062	9
138	943	29	282.901	8.7	7.65625	9
137	934	31	280.201	9.3	7.36719	9
136	927	31	278.101	9.3	12.4297	9
135	917	34	275.101	10.2	7.57812	9
134	908	36	272.401	10.8	7.70312	9
133	899	38	269.701	11.4	7.15625	9
132	890	40	267.001	12	7.78906	9
131	881	42	264.302	12.6	7.58594	9
130	872	44	261.602	13.2	7.58594	9
129	863	46	258.902	13.8	6.50781	9
128	853	49	255.902	14.7	6.05469	9
127	843	52	252.902	15.6	10.3516	9
126	834	54	250.202	16.2	7.10938	9
125	825	56	247.502	16.8	7.69531	9
124	816	58	244.802	17.4	7.69531	9
123	807	60	242.102	18	7.33594	9
122	798	62	239.402	18.6	7.51562	9
121	789	64	236.702	19.2	7.51562	9
120	780	66	234.002	19.8	7.39062	9
119	771	68	231.302	20.4	7.33594	9
118	762	70	228.602	21	7.39062	9
117	753	72	225.902	21.6	7.25781	9
116	744	74	223.202	22.2	7.27344	9
115	736	75	220.801	22.5	3.4375	9
114	726	78	217.801	23.4	7.72656	9
113	717	80	215.101	24	7.07031	9
112	705	85	211.501	25.5	5.5625	9
111	693	90	207.901	27	5.42969	9
110	682	94	204.601	28.2	7.4375	9
109	673	96	201.901	28.8	7.55469	9
108	664	98	199.201	29.4	7.64062	9
107	655	100	196.501	30	7.4375	9
106	646	102	193.801	30.6	7.69531	9
105	637	104	191.101	31.2	7.63281	9
104	628	106	188.401	31.8	7.45312	9
103	619	108	185.701	32.4	7.64062	9
102	610	110	183.001	33	7.55469	9
101	601	112	180.301	33.6	7.4375	9
100	592	114	177.601	34.2	7.60156	9
99	583	116	174.901	34.8	7.28125	9
98	575	117	172.501	35.1	9.26562	9
97	566	119	169.801	35.7	7.55469	9
96	557	121	167.101	36.3	7.64062	9
95	548	123	164.401	36.9	7.07031	9
94	538	126	161.401	37.8	7.52344	9
93	529	128	158.701	38.4	7.42188	9
92	520	130	156.001	39	7.53906	9
91	512	131	153.601	39.2999	9.71875	9
90	503	133	150.901	39.8999	7.25	9
89	494	135	148.201	40.4999	7.21875	9
88	485	137	145.501	41.0999	7.40625	9
87	476	139	142.801	41.6999	6.76562	9
86	467	141	140.101	42.2999	7.60156	9
85	457	144	137.101	43.1999	7.54688	9
84	450	144	135.001	43.1999	11.6953	9
83	441	146	132.301	43.7999	10.7578	9
82	430	150	129.001	44.9999	7.375	9
81	421	152	126.301	45.5999	7.15625	9
80	411	155	123.3	46.4999	6.36719	9
79	401	158	120.3	47.3999	6.96094	8
78	394	158	118.2	47.3999	6.79688	8
77	387	158	116.1	47.3999	6.39062	8
76	379	159	113.7	47.6999	6.79688	8
75	372	159	111.6	47.6999	7.67188	8
74	365	159	109.5	47.6999	7.13281	8
73	358	159	107.4	47.6999	7.51562	9
72	348	162	104.4	48.5999	6.67969	9
71	338	165	101.4	49.4999	7.46875	9
70	329	167	98.7002	50.0999	5.28125	9
69	319	170	95.7002	50.9999	7.4375	9
68	310	172	93.0002	51.5999	7.46094	9
67	300	175	90.0002	52.4999	6.33594	9
66	291	177	87.3001	53.0999	7.46094	9
65	282	179	84.6001	53.6999	6.67969	9
64	272	182	81.6001	54.5999	7.375	9
63	263	184	78.9	55.1999	7.50781	9
62	254	186	76.2	55.7999	7.66406	9
61	245	188	73.5	56.3999	7.55469	9
60	236	190	70.8	56.9999	7.55469	9
59	227	192	68.0999	57.5999	7.40625	9
58	218	194	65.3999	58.1999	7.92969	9
57	209	196	62.6999	58.7999	7.52344	9
56	200	198	59.9999	59.3999	7.28125	9
55	191	200	57.2999	59.9999	7.35938	9
54	182	202	54.5999	60.5999	4.95312	9
53	173	204	51.8999	61.1999	7.75781	9
52	165	205	49.4999	61.4999	8.67969	9
51	156	207	46.7999	62.0999	7.51562	9
50	147	209	44.0999	62.6999	7.51562	9
49	138	211	41.3999	63.2999	7.69531	9
48	129	213	38.7	63.8999	7.19531	9
47	120	215	36	64.4999	7.49219	9
46	111	217	33.3	65.0999	7.6875	9
45	103	218	30.9	65.3999	9.83594	9
44	94	220	28.2	65.9999	7.61719	9
43	85	222	25.5	66.5999	7.52344	9
42	76	224	22.8	67.1999	7.91406	9
41	68	225	20.4	67.4999	7.73438	9
40	61	225	18.3	67.4999	12.6328	9
39	51	228	15.3	68.3999	7.58594	9
38	43	229	12.9	68.6999	10.2891	9
37	35	230	10.5	68.9999	7.55469	9
36	26	232	7.8	69.5999	7.76562	9
35	17	234	5.1	70.2	7.75781	5
34	15	229	4.5	68.6999	7.78125	4
33	14	223	4.2	66.8999	7.78125	3
32	14	216	4.2	64.7999	7.78125	3
31	14	209	4.2	62.6999	7.78125	3
30	14	202	4.2	60.5999	7.78125	3
29	14	195	4.2	58.4999	7.78125	3
28	14	188	4.2	56.3999	7.78125	3
27	14	181	4.2	54.2999	7.78125	3
26	14	174	4.2	52.1999	7.78125	3
25	14	167	4.2	50.0999	7.78125	3
24	14	160	4.2	47.9999	7.78125	3
23	14	153	4.2	45.8999	7.78125	3
22	14	146	4.2	43.7999	7.78125	3
21	14	139	4.2	41.6999	7.78125	3
20	14	132	4.2	39.5999	7.78125	3
19	14	125	4.2	37.5	7.78125	3
18	14	118	4.2	35.4	7.78125	3
17	14	111	4.2	33.3	7.78125	3
16	14	104	4.2	31.2	7.78125	3
15	14	97	4.2	29.1	7.78125	3
14	14	90	4.2	27	7.78125	4
13	13	84	3.9	25.2	7.69531	4
12	12	78	3.6	23.4	7.69531	4
11	11	72	3.3	21.6	7.69531	4
10	10	66	3	19.8	7.3125	4
9	9	60	2.7	18	7.3125	4
8	8	54	2.4	16.2	7.3125	4
7	7	48	2.1	14.4	7.3125	4
6	6	42	1.8	12.6	7.39062	4
5	5	36	1.5	10.8	7.39062	4
4	4	30	1.2	9	7.39062	4
3	3	24	0.9	7.2	7.54688	4
2	2	18	0.6	5.4	7.54688	4
1	1	12	0.3	3.6	7.54688	4
0	0	6	0	1.8	7.375	1

