0.0 9.54742998046875
1.0 5.9562203125
2.0 5.83475654296875
3.0 5.7494546875
4.0 3.8979474609375
5.0 7.262914453125
6.0 10.53324697265625
7.0 6.21821240234375
8.0 11.703262109375
9.0 8.39026279296875
10.0 9.129407421875
11.0 8.921796875
12.0 8.695085546875
13.0 8.32297607421875
14.0 0.0
15.0 0.0
16.0 23.97245166015625
17.0 10.681565234375
18.0 10.89764365234375
19.0 9.30792861328125
20.0 10.71212578125
21.0 10.0618697265625
22.0 10.25254189453125
23.0 9.5045251953125
24.0 10.84172822265625
25.0 9.09470537109375
26.0 9.2555916015625
27.0 9.05395517578125
28.0 8.485435546875
29.0 6.08241181640625
30.0 11.48145087890625
31.0 10.04851748046875
32.0 8.0871609375
33.0 9.61866455078125
34.0 9.5739392578125
35.0 7.935767578125
36.0 8.96699873046875
37.0 8.21424443359375
38.0 7.94819140625
39.0 7.797294921875
40.0 9.32267080078125
41.0 6.6160943359375
42.0 8.54837412109375
43.0 8.01795791015625
44.0 9.0494673828125
45.0 10.3031298828125
46.0 10.90004423828125
47.0 9.63824296875
48.0 10.1346900390625
49.0 9.13479775390625
50.0 10.65375244140625
51.0 9.40581591796875
52.0 9.891287109375
53.0 9.13826142578125
54.0 7.408108984375
55.0 9.6170740234375
56.0 6.5459876953125
57.0 5.44318583984375
58.0 6.01334677734375
59.0 5.80912177734375
60.0 6.50051201171875
61.0 5.4861927734375
62.0 4.657619921875
63.0 8.283274609375
64.0 6.41380322265625
65.0 5.64660185546875
66.0 7.16526015625
67.0 7.95241005859375
68.0 6.66004794921875
69.0 7.411376953125
70.0 6.05329072265625
71.0 4.23862890625
72.0 10.37258125
73.0 9.44470732421875
74.0 6.19091875
75.0 9.2534943359375
76.0 5.64927138671875
77.0 9.65609931640625
78.0 8.99423095703125
79.0 9.48483623046875
80.0 7.887726171875
81.0 6.1874044921875
82.0 6.53241923828125
83.0 5.45252880859375
84.0 8.1623501953125
85.0 7.32855234375
86.0 8.19363466796875
87.0 8.72627373046875
88.0 9.57093896484375
89.0 7.07846552734375
90.0 5.8265107421875
91.0 5.81737744140625
92.0 5.825914453125
93.0 4.936359375
94.0 5.5541091796875
95.0 5.620837890625
96.0 5.4517279296875
97.0 6.65241796875
98.0 5.80761240234375
99.0 5.71803134765625
100.0 4.9301609375
101.0 5.911718359375
102.0 5.72267216796875
103.0 6.1240728515625
104.0 6.01805966796875
105.0 6.14541650390625
106.0 6.129184765625
107.0 5.259144140625
108.0 5.9072931640625
109.0 5.8434291015625
110.0 4.99677080078125
111.0 5.34678642578125
112.0 5.6997615234375
113.0 2.48027451171875
114.0 5.792928515625
115.0 5.80653759765625
116.0 5.77870732421875
117.0 5.944693359375
118.0 5.2196177734375
119.0 6.42901328125
120.0 5.57744833984375
121.0 5.83617958984375
122.0 5.4065208984375
123.0 6.26443037109375
124.0 7.52408046875
125.0 8.9714564453125
126.0 7.31897470703125
127.0 7.69193818359375
128.0 8.28078720703125
129.0 7.4631095703125
130.0 7.679363671875
131.0 8.72052685546875
132.0 10.32902978515625
133.0 8.7237095703125
134.0 7.94149150390625
135.0 8.08055927734375
136.0 9.22935927734375
137.0 8.62240830078125
138.0 7.37870751953125
139.0 9.389913671875
140.0 8.89288359375
141.0 9.2763314453125
142.0 7.925197265625
143.0 8.0547068359375
144.0 7.57052607421875
145.0 8.0479724609375
146.0 8.3886818359375
147.0 8.11292783203125
148.0 8.17624423828125
149.0 8.87754755859375
150.0 7.83385576171875
151.0 7.955342578125
152.0 8.6802755859375
153.0 4.54790185546875
154.0 1.7685013671875
155.0 1.1759109375
156.0 1.48800927734375
157.0 0.752856640625
158.0 8.69136494140625
159.0 8.91077041015625
160.0 7.4349720703125
161.0 10.09040830078125
162.0 8.1975150390625
163.0 9.21015556640625
164.0 8.85887392578125
165.0 10.211655859375
166.0 7.57475
167.0 9.4451625
168.0 9.29007666015625
169.0 7.150165625
170.0 8.6830876953125
171.0 7.02531044921875
172.0 9.55207431640625
173.0 9.0500732421875
174.0 8.71862763671875
175.0 8.8574017578125
176.0 8.2054376953125
177.0 9.3494865234375
178.0 9.394657421875
179.0 9.05662900390625
180.0 11.05598466796875
181.0 8.62516923828125
182.0 8.6326076171875
183.0 9.57809091796875
184.0 8.52749765625
185.0 8.93372041015625
186.0 10.48694306640625
187.0 9.061602734375
188.0 9.912355859375
189.0 9.48810654296875
190.0 11.34793291015625
191.0 9.70827041015625
192.0 11.04903212890625
193.0 10.32609833984375
194.0 12.86481708984375
195.0 7.66180458984375
196.0 10.7690001953125
197.0 7.0786732421875
198.0 9.5663181640625
199.0 11.3530275390625
200.0 9.35528740234375
201.0 11.06998759765625
202.0 9.72927705078125
203.0 9.9931775390625
204.0 8.68830146484375
205.0 10.06187138671875
206.0 9.3633392578125
207.0 8.82306416015625
208.0 9.87463203125
209.0 9.69311767578125
210.0 8.33400673828125
211.0 8.5822509765625
212.0 8.35025048828125
213.0 10.09929501953125
214.0 9.487229296875
215.0 8.49089453125
216.0 9.51001591796875
217.0 6.82149560546875
218.0 10.94140625
219.0 10.858899609375
220.0 12.46183671875
221.0 10.521336328125
222.0 12.01570771484375
223.0 11.1621501953125
224.0 10.38047734375
225.0 7.24002216796875
226.0 9.43326982421875
227.0 7.29837470703125
228.0 10.30206962890625
229.0 10.5377203125
230.0 10.29437568359375
231.0 11.29961376953125
232.0 11.31033427734375
233.0 13.12919150390625
234.0 10.32434287109375
235.0 9.73592060546875
236.0 10.93100947265625
237.0 9.93468271484375
238.0 9.28587275390625
239.0 11.071452734375
240.0 9.93202265625
241.0 10.6371662109375
242.0 9.80659580078125
243.0 10.68080341796875
244.0 8.1702298828125
245.0 9.15690703125
246.0 9.1642525390625
247.0 9.601959375
248.0 10.7305021484375
249.0 8.649555078125
250.0 9.61578193359375
251.0 9.31536865234375
252.0 11.5389185546875
253.0 11.2350671875
254.0 11.172642578125
255.0 11.20991435546875
256.0 8.20547490234375
257.0 10.14487509765625
258.0 10.47315908203125
259.0 10.030216796875
260.0 9.42867763671875
261.0 7.2616841796875
262.0 6.7546169921875
263.0 9.1539427734375
264.0 7.885137890625
265.0 7.32540302734375
266.0 8.67408095703125
267.0 10.4245189453125
268.0 9.10838935546875
269.0 8.66038193359375
270.0 11.36197294921875
271.0 9.44131171875
272.0 9.0247525390625
273.0 10.23932177734375
274.0 9.51880361328125
275.0 7.67528828125
276.0 7.5492359375
277.0 7.40617109375
278.0 8.5264095703125
279.0 7.039815625
280.0 5.55690087890625
281.0 5.512694140625
282.0 5.847082421875
283.0 5.4286060546875
284.0 7.10567724609375
285.0 6.76521376953125
286.0 6.14727578125
287.0 6.06317578125
288.0 5.9615109375
289.0 5.41119609375
290.0 6.94268515625
291.0 6.0212818359375
292.0 4.9621046875
293.0 5.682466015625
294.0 5.29966611328125
295.0 7.50672421875
296.0 6.3703412109375
297.0 5.2189751953125
298.0 6.26862802734375
299.0 5.49312841796875
300.0 5.9511458984375
301.0 6.97772421875
302.0 5.83780595703125
303.0 6.11453359375
304.0 6.89435400390625
305.0 5.816625390625
306.0 5.2146736328125
307.0 5.22216611328125
308.0 8.23530419921875
309.0 9.64612421875
310.0 7.92387861328125
311.0 7.59653740234375
312.0 9.167909765625
313.0 5.95943642578125
314.0 7.767489453125
315.0 9.4416064453125
316.0 10.62946083984375
317.0 4.84224853515625
318.0 5.5341296875
319.0 5.78067666015625
320.0 5.75144013671875
321.0 4.8820939453125
322.0 5.93730234375
323.0 8.3018400390625
324.0 7.5514724609375
325.0 7.52374970703125
326.0 10.30744345703125
327.0 5.997555859375
328.0 6.03140263671875
329.0 6.36796025390625
330.0 11.6525173828125
331.0 11.652721875
332.0 10.53202080078125
333.0 5.76310947265625
334.0 9.44673544921875
335.0 5.6178583984375
336.0 6.21403525390625
337.0 10.976964453125
338.0 8.74950927734375
339.0 4.50177138671875
340.0 5.6936474609375
341.0 5.20515576171875
342.0 5.13738388671875
343.0 5.16095703125
344.0 5.865988671875
345.0 8.66233681640625
346.0 4.89212119140625
347.0 5.88382548828125
348.0 6.29117333984375
349.0 5.3616810546875
350.0 6.8135103515625
351.0 10.378276953125
352.0 8.965606640625
353.0 7.297527734375
354.0 12.81637138671875
355.0 8.7109029296875
356.0 6.672155859375
357.0 9.4699279296875
358.0 8.12059951171875
359.0 8.75383056640625
360.0 9.37351796875
361.0 10.12101044921875
362.0 10.458291796875
363.0 8.8816265625
364.0 7.9260822265625
365.0 8.1927181640625
366.0 6.68555927734375
367.0 12.7070861328125
368.0 11.1096
369.0 10.7471029296875
370.0 8.628361328125
371.0 10.7418587890625
372.0 11.9468033203125
373.0 9.43313447265625
374.0 6.29719052734375
375.0 7.4542724609375
376.0 6.994001171875
377.0 8.66939111328125
378.0 10.3567869140625
379.0 0.0
380.0 0.0
381.0 0.0
382.0 30.56934892578125
383.0 10.41212177734375
384.0 8.3889375
385.0 7.9506591796875
386.0 8.04937744140625
387.0 9.06617294921875
388.0 9.7649353515625
389.0 9.34586015625
390.0 8.40501318359375
391.0 9.520097265625
392.0 9.787193359375
393.0 8.3727109375
394.0 11.568292578125
395.0 11.46687646484375
396.0 11.3172830078125
397.0 9.64513603515625
398.0 11.17557568359375
399.0 10.5623873046875
400.0 9.06357841796875
401.0 9.32795419921875
402.0 7.7105162109375
403.0 5.68772900390625
404.0 10.2170115234375
405.0 9.6799861328125
406.0 11.1009115234375
407.0 9.97916513671875
408.0 10.4951689453125
409.0 12.25829404296875
410.0 10.85842275390625
411.0 10.51699091796875
412.0 8.3662267578125
413.0 8.39116611328125
414.0 11.13160283203125
415.0 10.80137705078125
416.0 11.50154208984375
417.0 10.81129892578125
418.0 11.11176796875
419.0 7.70440224609375
420.0 8.02922294921875
421.0 8.3725603515625
422.0 8.27910205078125
423.0 10.73587900390625
424.0 11.23439677734375
425.0 9.07005712890625
426.0 8.056419140625
427.0 10.0085341796875
428.0 10.33594736328125
429.0 11.006297265625
430.0 8.89374287109375
431.0 8.73083740234375
432.0 9.05137763671875
433.0 10.63571474609375
434.0 9.9804546875
435.0 9.51527158203125
436.0 8.8595994140625
437.0 9.7579947265625
438.0 9.1018771484375
439.0 9.38707802734375
440.0 9.26359384765625
441.0 7.54890185546875
442.0 6.37837412109375
443.0 5.11877587890625
444.0 5.86407314453125
445.0 6.01038046875
446.0 6.391117578125
447.0 5.8250333984375
448.0 5.6247771484375
449.0 4.964975390625
450.0 4.53977353515625
451.0 4.05731796875
452.0 1.441736328125
453.0 5.11998408203125
454.0 3.30520966796875
455.0 4.697040625
456.0 3.8799658203125
457.0 3.674796875
458.0 5.28918701171875
459.0 5.314646484375
460.0 5.48800244140625
461.0 5.77184072265625
462.0 6.5666056640625
463.0 6.7469208984375
464.0 7.0886205078125
465.0 8.72671806640625
466.0 7.83238779296875
467.0 8.31893095703125
468.0 9.48302451171875
469.0 8.01203310546875
470.0 6.34021396484375
471.0 6.39783173828125
472.0 5.90581416015625
473.0 5.48656826171875
474.0 7.95998642578125
475.0 6.017319140625
476.0 5.86053486328125
477.0 6.09551923828125
478.0 5.58136787109375
479.0 4.8815330078125
480.0 8.96479453125
481.0 7.68931396484375
482.0 9.0304765625
483.0 10.02337880859375
484.0 8.49497783203125
485.0 0.0
486.0 0.0
487.0 0.0
488.0 26.03062294921875
489.0 5.50979794921875
490.0 5.31328125
491.0 6.0016671875
492.0 9.0059287109375
493.0 7.78137421875
494.0 5.940471875
495.0 5.6263404296875
496.0 4.68204873046875
497.0 7.47380634765625
498.0 7.179987109375
499.0 4.19985625
500.0 5.10905068359375
501.0 4.496934375
502.0 7.2790404296875
503.0 7.39835546875
504.0 6.95753994140625
505.0 7.4352787109375
506.0 8.42419716796875
507.0 10.73788681640625
508.0 10.32707802734375
509.0 9.0300845703125
510.0 7.79313154296875
511.0 11.091415625
512.0 10.15045166015625
513.0 10.52208359375
514.0 10.7921025390625
515.0 10.5290880859375
516.0 7.80471982421875
517.0 10.3189357421875
518.0 10.0763302734375
519.0 8.74691064453125
520.0 7.22391904296875
521.0 8.45792890625
522.0 8.87437412109375
523.0 7.32963671875
524.0 7.53149189453125
525.0 8.4992548828125
526.0 7.76858525390625
527.0 10.834080859375
528.0 9.16855546875
529.0 8.86560244140625
530.0 10.0213701171875
531.0 7.42489560546875
532.0 5.479344921875
533.0 9.86421689453125
534.0 10.06222255859375
535.0 9.51575107421875
536.0 7.42249208984375
537.0 8.86512822265625
538.0 7.61348759765625
539.0 7.15074404296875
540.0 4.5171857421875
541.0 8.42294638671875
542.0 9.57494560546875
543.0 8.41632236328125
544.0 9.841230078125
545.0 11.34971396484375
546.0 11.591084375
547.0 10.08121025390625
548.0 7.5259578125
549.0 8.227855078125
550.0 6.82598193359375
551.0 6.467937890625
552.0 5.850964453125
553.0 6.35771513671875
554.0 6.41022119140625
555.0 6.92524072265625
556.0 5.5436439453125
557.0 6.55287529296875
558.0 6.813015234375
559.0 6.372575390625
560.0 6.31600927734375
561.0 6.5349671875
562.0 5.84583388671875
563.0 6.1541796875
564.0 6.02108798828125
565.0 6.0079681640625
566.0 6.2522669921875
567.0 9.90729013671875
568.0 4.97929267578125
569.0 6.3422826171875
570.0 8.02180419921875
571.0 5.138885546875
572.0 8.04187666015625
573.0 5.5724806640625
574.0 4.774702734375
575.0 5.2561298828125
576.0 4.62106357421875
577.0 5.46742548828125
578.0 5.05990595703125
579.0 5.05710517578125
580.0 4.7031546875
581.0 4.62646904296875
582.0 9.40272822265625
583.0 7.58915341796875
584.0 9.15553154296875
585.0 9.40581015625
586.0 9.73679638671875
587.0 8.2872298828125
588.0 6.34456494140625
589.0 6.28514921875
590.0 6.52447412109375
591.0 7.1247107421875
592.0 7.97307978515625
593.0 7.16499951171875
594.0 7.0661150390625
595.0 8.25870634765625
596.0 9.5270845703125
597.0 9.9954552734375
598.0 8.9999142578125
599.0 6.2471765625
600.0 10.75895341796875
601.0 12.02430849609375
602.0 9.91983837890625
603.0 11.3448828125
604.0 8.48581201171875
605.0 9.00075390625
606.0 9.11345078125
607.0 8.58437109375
608.0 6.16100283203125
609.0 8.13950517578125
610.0 5.092303515625
611.0 6.392440234375
612.0 3.74775380859375
613.0 2.12613671875
614.0 4.66743291015625
615.0 6.11469072265625
616.0 9.75815927734375
617.0 9.9293154296875
618.0 9.089080078125
619.0 7.96185908203125
620.0 8.8656115234375
621.0 9.75757138671875
622.0 7.12615947265625
623.0 6.16487783203125
624.0 6.4976494140625
625.0 8.56826962890625
626.0 10.3496662109375
627.0 9.31068857421875
628.0 6.51446689453125
629.0 8.807495703125
630.0 7.60322880859375
631.0 7.01560712890625
632.0 9.48052666015625
633.0 10.755728515625
634.0 10.43635009765625
635.0 10.35080078125
636.0 8.689034375
637.0 9.29964384765625
638.0 6.8858078125
639.0 4.2174421875
640.0 6.39795498046875
641.0 8.38284130859375
642.0 7.491949609375
643.0 10.2662478515625
644.0 8.45089638671875
645.0 9.3436015625
646.0 10.675871875
647.0 9.81324228515625
648.0 8.54971005859375
649.0 10.053201953125
650.0 9.83463037109375
651.0 8.99190673828125
652.0 11.15425751953125
653.0 11.09331435546875
654.0 10.47728896484375
655.0 9.93139423828125
656.0 10.1846578125
657.0 9.68487275390625
658.0 9.98374423828125
659.0 10.14580166015625
660.0 7.43513203125
661.0 6.2889966796875
662.0 8.54089375
663.0 9.281942578125
664.0 11.48834140625
665.0 10.16679912109375
666.0 9.07719736328125
667.0 9.68026923828125
668.0 8.3593125
669.0 6.72302998046875
670.0 5.78407294921875
671.0 7.58776962890625
672.0 10.63596259765625
673.0 9.59488759765625
674.0 8.57883232421875
675.0 11.244658203125
676.0 11.039777734375
677.0 11.11767255859375
678.0 8.7120138671875
679.0 9.59730556640625
680.0 10.802566015625
681.0 7.716051171875
682.0 8.32838974609375
683.0 8.79938193359375
684.0 7.5473978515625
685.0 8.5529232421875
686.0 1.75074931640625
687.0 12.1304044921875
688.0 9.91671904296875
689.0 9.94949443359375
690.0 9.69347294921875
691.0 10.94947919921875
692.0 8.2924228515625
693.0 8.7498462890625
694.0 10.84305927734375
695.0 6.5791244140625
696.0 10.9102328125
697.0 7.83142158203125
698.0 10.6140265625
699.0 10.37165068359375
700.0 8.9890326171875
701.0 9.562165625
702.0 10.83810771484375
703.0 0.0
704.0 0.0
705.0 0.81746845703125
706.0 31.3060900390625
707.0 8.93968916015625
708.0 8.50984921875
709.0 7.834277734375
710.0 8.06124267578125
711.0 9.7514443359375
712.0 10.556573828125
713.0 7.34267158203125
714.0 13.30767763671875
715.0 9.84500244140625
716.0 9.2958673828125
717.0 8.0468798828125
718.0 9.0604060546875
719.0 9.6463068359375
720.0 7.5969525390625
721.0 7.49650341796875
722.0 7.04077802734375
723.0 9.15952490234375
724.0 10.1043380859375
725.0 9.86621337890625
726.0 9.61076474609375
727.0 8.13039482421875
728.0 7.3425904296875
729.0 5.86793818359375
730.0 10.178316015625
731.0 7.29226259765625
732.0 6.36530009765625
733.0 7.18583271484375
734.0 7.40920283203125
735.0 7.86404296875
736.0 7.13370478515625
737.0 6.02107666015625
738.0 6.638566796875
739.0 6.79913505859375
740.0 6.571810546875
741.0 6.279300390625
742.0 5.97865400390625
743.0 5.564962890625
744.0 5.48979501953125
745.0 5.6878486328125
746.0 6.03885537109375
747.0 6.60970791015625
748.0 5.9824208984375
749.0 5.20192392578125
750.0 5.37189453125
751.0 5.7999435546875
752.0 5.2462896484375
753.0 5.63713349609375
754.0 9.44288955078125
755.0 10.166427734375
756.0 11.0115154296875
757.0 8.0299443359375
758.0 10.0961984375
759.0 10.06149189453125
760.0 5.55988701171875
761.0 6.29815087890625
762.0 5.540271875
763.0 6.95206240234375
764.0 9.8951642578125
765.0 10.79046484375
766.0 9.7052287109375
767.0 9.1882689453125
768.0 10.58546025390625
769.0 12.309835546875
770.0 8.64002822265625
771.0 8.016450390625
772.0 5.602600390625
773.0 8.84372001953125
774.0 9.4728267578125
775.0 9.70377431640625
776.0 10.135291796875
777.0 8.575984375
778.0 9.89830771484375
779.0 9.53895078125
780.0 10.77411865234375
781.0 8.24758505859375
782.0 11.989832421875
783.0 11.759293359375
784.0 11.83831201171875
785.0 11.2732515625
786.0 9.3158375
787.0 12.12792578125
788.0 10.89578427734375
789.0 10.6305689453125
790.0 7.94934638671875
791.0 10.33728359375
792.0 10.6981560546875
793.0 11.89986640625
794.0 10.3554732421875
795.0 11.4332736328125
796.0 11.3312052734375
797.0 10.56904267578125
798.0 10.30239658203125
799.0 11.3873771484375
