0.0 19.0557537109375
1.0 15.69103115234375
2.0 13.1565037109375
3.0 13.9432357421875
4.0 15.34906259765625
5.0 21.0191580078125
6.0 24.3975533203125
7.0 22.48017509765625
8.0 28.94866162109375
9.0 24.2907283203125
10.0 22.09840986328125
11.0 26.76308115234375
12.0 20.76022802734375
13.0 20.15264892578125
14.0 24.7551576171875
15.0 27.8511927734375
16.0 24.57948212890625
17.0 22.5663212890625
18.0 17.4267697265625
19.0 21.41583154296875
20.0 18.95196337890625
21.0 27.02814912109375
22.0 22.4360421875
23.0 23.6201162109375
24.0 26.04659296875
25.0 20.50134609375
26.0 29.02739345703125
27.0 24.8417080078125
28.0 24.45680859375
29.0 24.1354388671875
30.0 28.8301919921875
31.0 20.72981689453125
32.0 29.4049841796875
33.0 19.85341376953125
34.0 17.61288046875
35.0 21.08378720703125
36.0 21.2607986328125
37.0 30.281481640625
38.0 23.5222544921875
39.0 28.13270185546875
40.0 22.01572041015625
41.0 26.1210939453125
42.0 24.0303361328125
43.0 26.0691607421875
44.0 18.441196484375
45.0 24.6273333984375
46.0 25.50895703125
47.0 23.8850505859375
48.0 27.80540791015625
49.0 24.15409697265625
50.0 19.49856845703125
51.0 21.9690134765625
52.0 21.4822205078125
53.0 26.03898154296875
54.0 23.7227779296875
55.0 26.58353857421875
56.0 27.64953603515625
57.0 22.163498828125
58.0 21.68739951171875
59.0 25.82206455078125
60.0 24.89014541015625
61.0 24.19763623046875
62.0 28.90964345703125
63.0 15.4059150390625
64.0 24.67334521484375
65.0 25.92427080078125
66.0 24.34981337890625
67.0 24.258774609375
68.0 23.17426015625
69.0 17.81554296875
70.0 31.85256494140625
71.0 24.37448671875
72.0 17.32397373046875
73.0 32.81730478515625
74.0 23.44263837890625
75.0 24.50103876953125
76.0 30.01868525390625
77.0 27.2067140625
78.0 25.88844091796875
79.0 26.55239150390625
80.0 28.8750240234375
81.0 19.98834736328125
82.0 26.94955458984375
83.0 24.89817421875
84.0 24.76508798828125
85.0 28.17697255859375
86.0 25.930588671875
87.0 15.8231203125
88.0 38.117990234375
89.0 23.30917783203125
90.0 26.3845142578125
91.0 25.2621322265625
92.0 26.39360546875
93.0 21.714351171875
94.0 29.49331953125
95.0 23.625706640625
96.0 25.7733978515625
97.0 24.19042568359375
98.0 22.9219921875
99.0 26.60223876953125
100.0 20.0753962890625
101.0 26.20465
102.0 28.26805791015625
103.0 23.92061025390625
104.0 28.0427326171875
105.0 20.42292236328125
106.0 18.9047619140625
107.0 25.1376091796875
108.0 28.25817607421875
109.0 28.24434248046875
110.0 17.9801802734375
111.0 28.249262109375
112.0 21.28437900390625
113.0 25.78025244140625
114.0 23.97983916015625
115.0 22.55055625
116.0 21.16669111328125
117.0 12.303740234375
118.0 22.4006376953125
119.0 21.564959375
120.0 24.24647021484375
121.0 19.496438671875
122.0 16.8254982421875
123.0 14.77306337890625
124.0 28.17096591796875
125.0 24.39579619140625
126.0 23.06275029296875
127.0 17.21381455078125
128.0 16.3854783203125
129.0 22.4769974609375
130.0 33.6269658203125
131.0 18.91410390625
132.0 22.50504560546875
133.0 21.33282421875
134.0 21.0767998046875
135.0 23.4428873046875
136.0 19.31757958984375
137.0 14.0342130859375
138.0 13.3225904296875
139.0 16.91587255859375
140.0 19.050426953125
141.0 12.80154912109375
142.0 13.19501689453125
143.0 8.46162236328125
144.0 16.57381708984375
145.0 13.34780546875
146.0 14.21286953125
147.0 9.06782734375
148.0 17.7234091796875
149.0 16.5359923828125
150.0 16.99028173828125
151.0 19.04804951171875
152.0 17.63508583984375
153.0 17.60823017578125
154.0 17.3108919921875
155.0 17.91903388671875
156.0 17.7486611328125
157.0 14.07635615234375
158.0 14.8065560546875
159.0 14.7126751953125
160.0 14.09635859375
161.0 15.2455888671875
162.0 16.7293150390625
163.0 24.08833369140625
164.0 16.08775625
165.0 35.028711328125
166.0 25.73197138671875
167.0 28.9004685546875
168.0 22.266947265625
169.0 26.23604287109375
170.0 9.6878029296875
171.0 18.88467998046875
172.0 22.6915181640625
173.0 18.679102734375
174.0 23.29464111328125
175.0 21.3945173828125
176.0 20.64110791015625
177.0 25.4401212890625
178.0 22.21553095703125
179.0 19.7213060546875
180.0 22.79220263671875
181.0 19.69358974609375
182.0 6.024165625
183.0 35.1264470703125
184.0 26.79552529296875
185.0 20.7757318359375
186.0 19.353551953125
187.0 27.28493662109375
188.0 23.61006513671875
189.0 25.6267544921875
190.0 16.9175490234375
191.0 26.23141611328125
192.0 17.83421806640625
193.0 32.78287578125
194.0 21.513840625
195.0 23.118729296875
196.0 25.47974775390625
197.0 25.21208994140625
198.0 24.41237119140625
199.0 17.55392841796875
200.0 27.6416876953125
201.0 22.23070947265625
202.0 24.0036763671875
203.0 22.44248193359375
204.0 24.0789798828125
205.0 24.9288609375
206.0 29.83826767578125
207.0 23.53172685546875
208.0 21.85976787109375
209.0 21.4273974609375
210.0 20.82497080078125
211.0 22.67400947265625
212.0 20.92399306640625
213.0 25.4766798828125
214.0 18.62062568359375
215.0 23.28064931640625
216.0 23.68104111328125
217.0 21.5362123046875
218.0 20.44431611328125
219.0 16.9617884765625
220.0 20.87341923828125
221.0 20.33597099609375
222.0 25.3277107421875
223.0 22.9257716796875
224.0 20.7445453125
225.0 16.23085498046875
226.0 10.81062138671875
227.0 13.0097171875
228.0 13.56878984375
229.0 13.39057001953125
230.0 13.8165578125
231.0 13.16232021484375
232.0 14.7103029296875
233.0 14.68359013671875
234.0 14.6732076171875
235.0 14.97514853515625
236.0 8.5637705078125
237.0 14.37257353515625
238.0 14.96320703125
239.0 15.15416845703125
240.0 12.21539970703125
241.0 14.78325126953125
242.0 15.82777109375
243.0 23.2678744140625
244.0 23.91745244140625
245.0 17.64983466796875
246.0 15.43251083984375
247.0 18.1371140625
248.0 12.50957021484375
249.0 15.4684408203125
250.0 21.48480224609375
251.0 16.2763345703125
252.0 24.6903287109375
253.0 23.16789970703125
254.0 20.53155830078125
255.0 23.169928125
256.0 19.090690234375
257.0 12.53679609375
258.0 0.1299046875
259.0 30.518357421875
260.0 19.77949677734375
261.0 18.00516484375
262.0 19.88918037109375
263.0 29.48071435546875
264.0 23.0906904296875
265.0 23.46708955078125
266.0 22.171802734375
267.0 16.0544744140625
268.0 22.15208046875
269.0 14.83546396484375
270.0 16.0456767578125
271.0 21.3190322265625
272.0 20.9866095703125
273.0 21.180141015625
274.0 20.50188330078125
275.0 17.56925732421875
276.0 13.99670615234375
277.0 14.6452380859375
278.0 17.1368470703125
279.0 17.8239646484375
280.0 14.1138349609375
281.0 18.2634703125
282.0 19.57345712890625
283.0 12.84005478515625
284.0 13.8206626953125
285.0 9.893387890625
286.0 9.67426220703125
287.0 13.31256640625
288.0 14.4561935546875
289.0 14.2538603515625
290.0 12.88679345703125
291.0 11.21738984375
292.0 13.7478705078125
293.0 13.28438515625
294.0 11.29683173828125
295.0 12.521621484375
296.0 10.6226435546875
297.0 12.47858251953125
298.0 10.47366552734375
299.0 10.56262919921875
300.0 12.494220703125
301.0 14.08968935546875
302.0 12.87229912109375
303.0 10.01044609375
304.0 17.30372626953125
305.0 16.7176453125
306.0 18.06778427734375
307.0 19.06401787109375
308.0 15.309376171875
309.0 16.13915107421875
310.0 17.686341796875
311.0 15.349969140625
312.0 11.61314716796875
313.0 12.87788740234375
314.0 14.90476552734375
315.0 16.0890029296875
316.0 17.1106505859375
317.0 15.86427197265625
318.0 12.40527265625
319.0 15.8297509765625
320.0 16.647971875
321.0 15.1803037109375
322.0 10.5929162109375
323.0 12.67140576171875
324.0 16.81701416015625
325.0 20.61454541015625
326.0 15.61704208984375
327.0 22.32224267578125
328.0 16.01979970703125
329.0 20.5830017578125
330.0 19.73437919921875
331.0 20.8700787109375
332.0 19.44126845703125
333.0 19.37307470703125
334.0 15.3206115234375
335.0 15.32845283203125
336.0 21.414258203125
337.0 18.95989482421875
338.0 15.42213154296875
339.0 25.22989052734375
340.0 16.19551953125
341.0 19.0620255859375
342.0 14.42654833984375
343.0 24.39022490234375
344.0 22.338216796875
345.0 24.8803361328125
346.0 11.526790234375
347.0 15.45521162109375
348.0 15.95288212890625
349.0 14.13332353515625
350.0 15.068343359375
351.0 17.6783236328125
352.0 23.5199328125
353.0 24.060978515625
354.0 20.285487890625
355.0 15.5001142578125
356.0 15.039585546875
357.0 21.75599619140625
358.0 17.2520328125
359.0 18.70852060546875
360.0 15.028627734375
361.0 19.9054939453125
362.0 26.22776865234375
363.0 22.11452333984375
364.0 23.58153486328125
365.0 24.183483203125
366.0 13.27374365234375
367.0 15.9257087890625
368.0 21.2850822265625
369.0 24.1819279296875
370.0 21.2687794921875
371.0 25.3205435546875
372.0 23.2788548828125
373.0 24.02800048828125
374.0 21.40634453125
375.0 22.60435732421875
376.0 25.0171662109375
377.0 21.24433134765625
378.0 23.15750810546875
379.0 24.26666982421875
380.0 20.1746482421875
381.0 20.97767880859375
382.0 21.03158583984375
383.0 24.297453515625
384.0 20.68822060546875
385.0 24.847257421875
386.0 21.4310583984375
387.0 24.26504296875
388.0 21.16602431640625
389.0 20.03232744140625
390.0 20.9773453125
391.0 21.38361455078125
392.0 18.83535849609375
393.0 13.68321416015625
394.0 26.87632314453125
395.0 19.1278671875
396.0 19.37759052734375
397.0 21.42725263671875
398.0 23.584303515625
399.0 19.2902955078125
400.0 21.165680078125
401.0 26.6768736328125
402.0 18.1437021484375
403.0 29.77593046875
404.0 25.53789140625
405.0 28.94593427734375
406.0 25.475562109375
407.0 25.3974533203125
408.0 17.53195703125
409.0 32.5042677734375
410.0 23.7381712890625
411.0 21.330711328125
412.0 24.229216796875
413.0 21.96553212890625
414.0 18.8145443359375
415.0 28.5663576171875
416.0 24.4715470703125
417.0 21.3762392578125
418.0 18.52829248046875
419.0 29.059125390625
420.0 20.24750400390625
421.0 20.57596337890625
422.0 22.61782314453125
423.0 23.32543466796875
424.0 23.70716552734375
425.0 24.11970732421875
426.0 18.22287197265625
427.0 30.2697533203125
428.0 21.2194623046875
429.0 15.09333193359375
430.0 28.72823056640625
431.0 27.12051416015625
432.0 22.9073943359375
433.0 27.8490267578125
434.0 22.6098453125
435.0 18.408438671875
436.0 16.15441513671875
437.0 26.548852734375
438.0 15.89638212890625
439.0 16.33400244140625
440.0 13.90462890625
441.0 16.927450390625
442.0 24.01714091796875
443.0 22.30468291015625
444.0 27.6173251953125
445.0 18.1754572265625
446.0 22.37469619140625
447.0 24.71605517578125
448.0 19.58640341796875
449.0 21.1431447265625
450.0 15.04659853515625
451.0 22.07696201171875
452.0 15.79822578125
453.0 18.741605859375
454.0 18.7062458984375
455.0 23.07373828125
456.0 18.62509794921875
457.0 15.39966201171875
458.0 25.77204736328125
459.0 21.44862451171875
460.0 22.44227529296875
461.0 17.29778603515625
462.0 16.1371228515625
463.0 19.48699072265625
464.0 20.50533603515625
465.0 16.61521533203125
466.0 27.264559765625
467.0 17.05322607421875
468.0 20.914992578125
469.0 23.03556298828125
470.0 21.83933134765625
471.0 13.94680068359375
472.0 22.28438974609375
473.0 19.62199794921875
474.0 22.3215458984375
475.0 15.621172265625
476.0 27.534865234375
477.0 22.86055859375
478.0 14.06417109375
479.0 28.018275390625
480.0 21.19935380859375
481.0 13.7629048828125
482.0 13.279941015625
483.0 19.496478125
484.0 16.54963310546875
485.0 15.9887056640625
486.0 24.196004296875
487.0 13.06517607421875
488.0 18.35949052734375
489.0 19.03567001953125
490.0 18.2527146484375
491.0 20.02376015625
492.0 20.27634814453125
493.0 15.90929453125
494.0 16.1184099609375
495.0 15.80038994140625
496.0 14.10665048828125
497.0 13.4453076171875
498.0 12.7533767578125
499.0 12.23780439453125
500.0 11.6974056640625
501.0 13.7394517578125
502.0 12.22856513671875
503.0 13.392287109375
504.0 12.04858837890625
505.0 13.04041748046875
506.0 12.82721474609375
507.0 11.77234541015625
508.0 14.26165380859375
509.0 14.77309345703125
510.0 14.47549970703125
511.0 13.0374611328125
512.0 18.41301962890625
513.0 11.94525966796875
514.0 14.2862298828125
515.0 16.22350205078125
516.0 13.84406845703125
517.0 15.04491611328125
518.0 22.0125611328125
519.0 20.07222041015625
520.0 24.96628740234375
521.0 16.42814033203125
522.0 21.3946697265625
523.0 24.51077255859375
524.0 17.16417119140625
525.0 10.114087109375
526.0 7.497493359375
527.0 24.2171666015625
528.0 18.21338876953125
529.0 23.0701587890625
530.0 21.71487568359375
531.0 22.4238361328125
532.0 23.87534951171875
533.0 24.38375830078125
534.0 23.21199462890625
535.0 20.32572412109375
536.0 23.91536005859375
537.0 25.789734375
538.0 22.7891046875
539.0 15.0664466796875
540.0 23.9277939453125
541.0 22.71581591796875
542.0 18.259804296875
543.0 17.14061298828125
544.0 17.9756052734375
545.0 23.15894521484375
546.0 24.22857412109375
547.0 22.5432943359375
548.0 21.5099337890625
549.0 14.583289453125
550.0 21.29800419921875
551.0 18.2915650390625
552.0 7.34368974609375
553.0 13.8114041015625
554.0 18.97241435546875
555.0 17.74412021484375
556.0 16.10672138671875
557.0 20.09367783203125
558.0 20.57397001953125
559.0 14.898698046875
560.0 19.96638115234375
561.0 16.12576591796875
562.0 19.68807001953125
563.0 23.17830078125
564.0 25.0176279296875
565.0 16.194771875
566.0 18.78408115234375
567.0 15.27051328125
568.0 22.4942509765625
569.0 17.80778369140625
570.0 28.3185068359375
571.0 24.07123125
572.0 29.2112712890625
573.0 26.73502060546875
574.0 29.86093154296875
575.0 23.65877939453125
576.0 15.06889521484375
577.0 29.0535099609375
578.0 19.6418748046875
579.0 21.08307685546875
580.0 26.806651953125
581.0 15.63730185546875
582.0 31.47508642578125
583.0 19.50674404296875
584.0 25.72442490234375
585.0 28.23047470703125
586.0 23.0574255859375
587.0 25.825686328125
588.0 19.8266279296875
589.0 28.12688310546875
590.0 25.03719453125
591.0 24.57066865234375
592.0 25.38916025390625
593.0 16.809255859375
594.0 25.28590810546875
595.0 29.77566845703125
596.0 22.09743564453125
597.0 25.03930009765625
598.0 17.464361328125
599.0 21.1778189453125
600.0 24.656887109375
601.0 23.57131376953125
602.0 17.7194390625
603.0 19.08975859375
604.0 18.96335498046875
605.0 16.88560810546875
606.0 22.98427197265625
607.0 25.95694267578125
608.0 18.8105353515625
609.0 24.8657705078125
610.0 18.98747783203125
611.0 23.01848466796875
612.0 15.81414072265625
613.0 15.64874453125
614.0 9.64300009765625
615.0 20.08024755859375
616.0 17.23054267578125
617.0 16.51441005859375
618.0 19.1988271484375
619.0 16.839190234375
620.0 16.2591794921875
621.0 17.5686521484375
622.0 22.46609931640625
623.0 20.16860263671875
624.0 19.6344318359375
625.0 23.87632294921875
626.0 21.647840625
627.0 21.01357734375
628.0 23.98524658203125
629.0 26.695493359375
630.0 19.01489375
631.0 18.87008134765625
632.0 31.3835193359375
633.0 22.57357216796875
634.0 16.52021376953125
635.0 22.50779130859375
636.0 17.95932861328125
637.0 14.60138291015625
638.0 21.18280986328125
639.0 14.8226037109375
640.0 20.259065234375
641.0 18.36652109375
642.0 25.13318125
643.0 18.5611388671875
644.0 19.03466171875
645.0 22.24137392578125
646.0 16.062476171875
647.0 16.47228486328125
648.0 21.8900306640625
649.0 13.34940087890625
650.0 17.36110400390625
651.0 23.1186931640625
652.0 21.6910748046875
653.0 23.89422099609375
654.0 21.7448134765625
655.0 19.06551611328125
656.0 17.2911775390625
657.0 18.3687294921875
658.0 18.482190234375
659.0 13.7833513671875
660.0 12.12426494140625
661.0 14.661268359375
662.0 12.8571826171875
663.0 15.01118662109375
664.0 15.247735546875
665.0 17.34457119140625
666.0 18.140967578125
667.0 15.751632421875
668.0 15.9854830078125
669.0 18.15624921875
670.0 19.22391259765625
671.0 19.7264236328125
672.0 24.4362083984375
673.0 25.73587890625
674.0 18.2532189453125
675.0 20.97517099609375
676.0 29.92677939453125
677.0 22.48894345703125
678.0 21.6500962890625
679.0 22.8349712890625
680.0 24.40533291015625
681.0 17.70730244140625
682.0 11.75925234375
683.0 20.26155537109375
684.0 23.8818
685.0 23.04467255859375
686.0 24.66631591796875
687.0 21.74327431640625
688.0 20.4564853515625
689.0 23.1054671875
690.0 22.65419697265625
691.0 17.8614037109375
692.0 22.0827001953125
693.0 15.620558984375
694.0 25.4374376953125
695.0 25.41917470703125
696.0 16.361068359375
697.0 20.5848080078125
698.0 27.70254970703125
699.0 20.36490400390625
700.0 19.42857060546875
701.0 19.64428583984375
702.0 23.458446484375
703.0 17.01585185546875
704.0 14.80388095703125
705.0 26.34948173828125
706.0 20.828103125
707.0 22.41681044921875
708.0 19.72137705078125
709.0 19.54744248046875
710.0 20.64952822265625
711.0 11.897304296875
712.0 16.74351513671875
713.0 17.61370703125
714.0 18.60312666015625
715.0 19.3457111328125
716.0 22.90152587890625
717.0 15.48001376953125
718.0 28.05243583984375
719.0 21.44878642578125
720.0 17.0511306640625
721.0 20.5797576171875
722.0 21.0573361328125
723.0 19.72248974609375
724.0 23.8217369140625
725.0 14.4746658203125
726.0 17.79772734375
727.0 12.3800833984375
728.0 12.51924697265625
729.0 20.76161220703125
730.0 20.4934400390625
731.0 15.74820068359375
732.0 25.5598998046875
733.0 18.9693533203125
734.0 22.90515703125
735.0 10.3119390625
736.0 8.62015625
737.0 15.44918720703125
738.0 17.01326806640625
739.0 12.863795703125
740.0 9.22986474609375
741.0 8.10216396484375
742.0 15.36440244140625
743.0 15.20771630859375
744.0 19.30693193359375
745.0 20.11802275390625
746.0 14.34114052734375
747.0 19.9946236328125
748.0 19.28627255859375
749.0 13.4424701171875
750.0 14.224359765625
751.0 12.89520380859375
752.0 18.03999765625
753.0 13.4377376953125
754.0 14.41547783203125
755.0 18.58754287109375
756.0 11.37912578125
757.0 21.57874375
758.0 19.73250029296875
759.0 17.98568427734375
760.0 20.77667119140625
761.0 18.89707958984375
762.0 17.66327958984375
763.0 11.07873056640625
764.0 5.3264501953125
765.0 18.53349423828125
766.0 14.84718466796875
767.0 12.959230859375
768.0 12.1949380859375
769.0 10.68344951171875
770.0 12.2054267578125
771.0 13.93670986328125
772.0 13.9015359375
773.0 13.31113515625
774.0 11.71507060546875
775.0 11.81587587890625
776.0 6.2528998046875
777.0 4.45458876953125
778.0 13.1862869140625
779.0 14.82590771484375
780.0 12.39421025390625
781.0 14.97955791015625
782.0 9.67994638671875
783.0 15.07677890625
784.0 10.12234921875
785.0 13.683813671875
786.0 11.641913671875
787.0 10.9698544921875
788.0 21.82006884765625
789.0 20.74338056640625
790.0 15.58474951171875
791.0 18.48061103515625
792.0 24.91903232421875
793.0 20.80686494140625
794.0 13.6075869140625
795.0 28.19955576171875
796.0 16.36096123046875
797.0 17.74152919921875
798.0 15.3171994140625
799.0 22.96066689453125
