0.0 21.41155791015625
1.0 16.26678310546875
2.0 20.07902373046875
3.0 18.95608095703125
4.0 16.41712392578125
5.0 22.64687548828125
6.0 21.82707607421875
7.0 21.24117041015625
8.0 20.65252880859375
9.0 20.66367470703125
10.0 22.56223994140625
11.0 18.86262314453125
12.0 21.02873896484375
13.0 21.48331171875
14.0 17.94713857421875
15.0 17.47339111328125
16.0 15.67458671875
17.0 13.96712880859375
18.0 15.14270703125
19.0 13.95717255859375
20.0 12.4682419921875
21.0 13.58760341796875
22.0 14.3629150390625
23.0 11.7276705078125
24.0 10.59754609375
25.0 15.69607158203125
26.0 15.3318095703125
27.0 14.6377564453125
28.0 15.52647216796875
29.0 15.8350052734375
30.0 13.81631416015625
31.0 15.66548271484375
32.0 15.43234853515625
33.0 15.4133064453125
34.0 13.7610404296875
35.0 15.10916630859375
36.0 16.16791650390625
37.0 13.270044921875
38.0 15.0145724609375
39.0 16.15851767578125
40.0 14.49053271484375
41.0 15.81844619140625
42.0 15.73382021484375
43.0 15.34362578125
44.0 14.05209140625
45.0 16.54256240234375
46.0 16.9430166015625
47.0 15.66109833984375
48.0 15.7027447265625
49.0 12.4045197265625
50.0 13.58645
51.0 13.01996552734375
52.0 14.7014013671875
53.0 15.269719921875
54.0 15.49846025390625
55.0 13.29557841796875
56.0 15.99114775390625
57.0 14.6764890625
58.0 16.910739453125
59.0 16.7310978515625
60.0 14.9672689453125
61.0 17.6682265625
62.0 18.71236162109375
63.0 15.9406873046875
64.0 17.4520658203125
65.0 17.2465423828125
66.0 18.362145703125
67.0 19.92024931640625
68.0 22.86106455078125
69.0 16.36108974609375
70.0 23.22713720703125
71.0 17.89390986328125
72.0 18.13146494140625
73.0 21.502273046875
74.0 20.0483533203125
75.0 23.85458369140625
76.0 21.25657275390625
77.0 19.8039130859375
78.0 19.70490244140625
79.0 17.24190947265625
80.0 21.8685501953125
81.0 21.0508298828125
82.0 17.68810380859375
83.0 20.3421173828125
84.0 19.65492783203125
85.0 21.25592744140625
86.0 20.7121732421875
87.0 16.082651171875
88.0 16.93363994140625
89.0 20.8223056640625
90.0 17.82553603515625
91.0 18.26616826171875
92.0 20.79798583984375
93.0 20.95930986328125
94.0 20.706429296875
95.0 20.91050048828125
96.0 21.2956103515625
97.0 22.7989474609375
98.0 16.3060484375
99.0 18.74987724609375
100.0 20.85916064453125
101.0 17.398394921875
102.0 17.86667626953125
103.0 20.6436732421875
104.0 17.7748865234375
105.0 22.421568359375
106.0 19.11935869140625
107.0 24.24339072265625
108.0 22.36979306640625
109.0 22.21613515625
110.0 19.3707458984375
111.0 15.89619228515625
112.0 9.9525423828125
113.0 15.4220703125
114.0 23.07999990234375
115.0 20.2578126953125
116.0 20.84035478515625
117.0 23.854925390625
118.0 17.8314060546875
119.0 22.00538193359375
120.0 17.21347529296875
121.0 17.24326630859375
122.0 20.5788154296875
123.0 21.79617509765625
124.0 24.7558720703125
125.0 20.4409556640625
126.0 14.8413732421875
127.0 17.820635546875
128.0 16.93425791015625
129.0 19.92565234375
130.0 19.8528435546875
131.0 11.41650546875
132.0 18.12275859375
133.0 30.95731455078125
134.0 17.71319111328125
135.0 20.7733009765625
136.0 16.89879365234375
137.0 16.42887119140625
138.0 22.7848189453125
139.0 17.1415685546875
140.0 23.12771748046875
141.0 18.03966943359375
142.0 18.79391884765625
143.0 21.47021162109375
144.0 17.88741455078125
145.0 18.0293541015625
146.0 14.15819853515625
147.0 13.993890234375
148.0 14.33307255859375
149.0 19.25481982421875
150.0 13.34717138671875
151.0 14.1660908203125
152.0 11.89513251953125
153.0 14.2018765625
154.0 15.4888826171875
155.0 11.95258408203125
156.0 14.53226474609375
157.0 15.38505751953125
158.0 16.07815166015625
159.0 16.0275466796875
160.0 12.55963251953125
161.0 10.9216837890625
162.0 17.04225263671875
163.0 15.21153974609375
164.0 18.86062197265625
165.0 20.46503505859375
166.0 18.3763900390625
167.0 18.4952421875
168.0 17.19262255859375
169.0 17.4489837890625
170.0 19.04293349609375
171.0 17.47424638671875
172.0 14.22790009765625
173.0 12.9344998046875
174.0 18.94402060546875
175.0 15.30710966796875
176.0 19.5913974609375
177.0 13.94128662109375
178.0 3.513521484375
179.0 3.31837294921875
180.0 16.16325244140625
181.0 21.46450390625
182.0 15.494195703125
183.0 15.27854130859375
184.0 13.63072734375
185.0 13.80594755859375
186.0 16.3428490234375
187.0 18.3984865234375
188.0 14.47903779296875
189.0 14.62018935546875
190.0 14.1186685546875
191.0 17.29685859375
192.0 12.2846998046875
193.0 16.34839541015625
194.0 20.27978603515625
195.0 17.89772138671875
196.0 18.8488103515625
197.0 15.54603876953125
198.0 14.52110390625
199.0 14.37171015625
200.0 14.80410283203125
201.0 13.665662890625
202.0 18.4023322265625
203.0 18.481669921875
204.0 17.81247724609375
205.0 17.099551171875
206.0 17.68018125
207.0 12.65187353515625
208.0 17.383391015625
209.0 17.070502734375
210.0 13.48778916015625
211.0 16.87630986328125
212.0 14.47956826171875
213.0 13.2134224609375
214.0 12.7083771484375
215.0 14.95850146484375
216.0 15.094576953125
217.0 11.9231798828125
218.0 11.236524609375
219.0 12.16089677734375
220.0 11.6527955078125
221.0 10.286338671875
222.0 10.483334375
223.0 10.5103943359375
224.0 11.15680029296875
225.0 11.436892578125
226.0 6.42366103515625
227.0 8.85486923828125
228.0 12.97780205078125
229.0 11.484015234375
230.0 12.58549013671875
231.0 12.01143837890625
232.0 11.9168015625
233.0 11.50970751953125
234.0 12.52278134765625
235.0 12.83518125
236.0 11.05990419921875
237.0 9.80829677734375
238.0 12.38668466796875
239.0 11.43577939453125
240.0 11.44300107421875
241.0 12.223654296875
242.0 12.12113984375
243.0 13.38711181640625
244.0 13.94756123046875
245.0 15.14889091796875
246.0 14.4498546875
247.0 11.5792884765625
248.0 14.52007138671875
249.0 13.61497666015625
250.0 13.331508984375
251.0 13.04383349609375
252.0 14.4942353515625
253.0 14.195745703125
254.0 12.55039521484375
255.0 14.707387890625
256.0 12.97919296875
257.0 12.29916640625
258.0 14.113948828125
259.0 15.77996162109375
260.0 17.13130009765625
261.0 12.22500302734375
262.0 16.03738212890625
263.0 12.36802685546875
264.0 14.13025673828125
265.0 16.1905458984375
266.0 15.12521435546875
267.0 14.755042578125
268.0 14.4030486328125
269.0 14.96611904296875
270.0 13.57997412109375
271.0 12.30778115234375
272.0 13.77000771484375
273.0 17.6132208984375
274.0 14.85176552734375
275.0 16.88012041015625
276.0 19.83584287109375
277.0 20.72237900390625
278.0 17.2104875
279.0 11.7699912109375
280.0 24.8537095703125
281.0 18.40113623046875
282.0 16.34355576171875
283.0 17.4077609375
284.0 18.8687119140625
285.0 14.99529189453125
286.0 12.11341845703125
287.0 19.3792720703125
288.0 17.7731537109375
289.0 19.34256484375
290.0 15.77144384765625
291.0 15.2992611328125
292.0 15.934148828125
293.0 20.5761048828125
294.0 14.92540419921875
295.0 15.32768095703125
296.0 0.0
297.0 0.0
298.0 29.92248798828125
299.0 21.45602333984375
300.0 16.07996259765625
301.0 15.68782255859375
302.0 18.84306953125
303.0 18.87043505859375
304.0 18.82628681640625
305.0 16.92635576171875
306.0 19.19212998046875
307.0 20.8295919921875
308.0 18.41323251953125
309.0 17.9331568359375
310.0 21.6615892578125
311.0 15.4953662109375
312.0 15.1757921875
313.0 14.64717275390625
314.0 15.4727630859375
315.0 17.65682353515625
316.0 16.520601171875
317.0 12.4295224609375
318.0 15.44874052734375
319.0 13.65226396484375
320.0 13.235790625
321.0 18.0541791015625
322.0 14.557687890625
323.0 13.5469349609375
324.0 14.74910078125
325.0 17.7643072265625
326.0 17.05450517578125
327.0 15.5828220703125
328.0 17.543088671875
329.0 18.8084650390625
330.0 16.10753681640625
331.0 14.27886005859375
332.0 14.4548189453125
333.0 11.75644873046875
334.0 13.2109271484375
335.0 13.70892734375
336.0 14.2889451171875
337.0 11.975706640625
338.0 12.77347939453125
339.0 16.69817646484375
340.0 18.23719892578125
341.0 19.07168359375
342.0 13.507498828125
343.0 20.00248857421875
344.0 10.430914453125
345.0 13.8262330078125
346.0 19.33135146484375
347.0 16.0312232421875
348.0 18.62161494140625
349.0 19.800268359375
350.0 14.7330849609375
351.0 17.82381533203125
352.0 15.26137060546875
353.0 13.073285546875
354.0 11.88170478515625
355.0 11.59824814453125
356.0 11.21305087890625
357.0 12.509507421875
358.0 11.10889755859375
359.0 11.01698818359375
360.0 11.15142373046875
361.0 13.36717177734375
362.0 11.16518134765625
363.0 11.89638759765625
364.0 11.17433291015625
365.0 11.7883892578125
366.0 12.39259501953125
367.0 11.94028544921875
368.0 9.66260654296875
369.0 12.634675
370.0 11.8502029296875
371.0 11.72139267578125
372.0 11.1919548828125
373.0 11.99992080078125
374.0 11.78342802734375
375.0 12.63795712890625
376.0 12.24445068359375
377.0 7.49147353515625
378.0 15.9536130859375
379.0 12.2339021484375
380.0 10.84332890625
381.0 15.28408642578125
382.0 13.39359892578125
383.0 13.751958984375
384.0 11.6849193359375
385.0 14.060888671875
386.0 16.92571162109375
387.0 14.63759521484375
388.0 12.407074609375
389.0 17.07399169921875
390.0 13.7708763671875
391.0 12.07896826171875
392.0 16.57273935546875
393.0 17.43077783203125
394.0 12.63319326171875
395.0 18.1522541015625
396.0 14.61061904296875
397.0 15.03771845703125
398.0 15.48299072265625
399.0 17.5752658203125
400.0 13.67491064453125
401.0 16.62855322265625
402.0 17.6178490234375
403.0 18.91246435546875
404.0 17.71950693359375
405.0 16.860048828125
406.0 18.10430068359375
407.0 18.00618359375
408.0 10.3899435546875
409.0 15.75653203125
410.0 13.768211328125
411.0 12.27163466796875
412.0 18.827546484375
413.0 19.6954509765625
414.0 13.62740771484375
415.0 12.65633408203125
416.0 0.0
417.0 0.0
418.0 36.6041203125
419.0 12.86952841796875
420.0 17.6263318359375
421.0 17.8018052734375
422.0 15.77919306640625
423.0 18.555590625
424.0 17.5505833984375
425.0 13.79699326171875
426.0 17.21522109375
427.0 17.9267693359375
428.0 16.1164681640625
429.0 14.844059765625
430.0 15.067106640625
431.0 16.24927724609375
432.0 15.5634455078125
433.0 14.3522966796875
434.0 12.66367119140625
435.0 13.54819208984375
436.0 17.09230419921875
437.0 10.75148291015625
438.0 14.7309943359375
439.0 15.30463828125
440.0 13.53156865234375
441.0 13.0909115234375
442.0 12.45602451171875
443.0 9.82322978515625
444.0 12.59957001953125
445.0 14.171503515625
446.0 13.26114677734375
447.0 13.40252236328125
448.0 13.712778515625
449.0 14.998226953125
450.0 16.6758142578125
451.0 14.68832373046875
452.0 16.3465287109375
453.0 12.535689453125
454.0 13.29124833984375
455.0 14.3866587890625
456.0 14.86568857421875
457.0 14.94514345703125
458.0 15.704128125
459.0 16.0527998046875
460.0 14.65240390625
461.0 13.11052763671875
462.0 14.88431884765625
463.0 17.37363447265625
464.0 16.2976810546875
465.0 11.74573076171875
466.0 15.90195673828125
467.0 13.74445732421875
468.0 15.54412373046875
469.0 12.31649365234375
470.0 12.924206640625
471.0 14.22556474609375
472.0 14.9312357421875
473.0 15.82957255859375
474.0 18.099273828125
475.0 16.4010986328125
476.0 16.67095
477.0 14.179437890625
478.0 14.798966796875
479.0 16.70540087890625
480.0 15.51560771484375
481.0 12.6550609375
482.0 13.10024619140625
483.0 17.28800986328125
484.0 13.33633671875
485.0 14.61843046875
486.0 19.51431845703125
487.0 13.0620998046875
488.0 12.86406640625
489.0 13.44477373046875
490.0 14.72607578125
491.0 15.38810400390625
492.0 15.50998984375
493.0 13.543418359375
494.0 13.25028193359375
495.0 11.74484775390625
496.0 15.11397314453125
497.0 13.2908091796875
498.0 9.75734033203125
499.0 11.158463671875
500.0 11.446388671875
501.0 11.41631240234375
502.0 15.9694599609375
503.0 10.5136580078125
504.0 12.02182392578125
505.0 13.45635048828125
506.0 12.05646240234375
507.0 10.8316533203125
508.0 11.38939384765625
509.0 12.5060265625
510.0 10.252925
511.0 11.60113359375
512.0 11.54736708984375
513.0 11.04777763671875
514.0 10.17509423828125
515.0 11.6744904296875
516.0 7.567913671875
517.0 12.67530859375
518.0 12.13081494140625
519.0 11.85828876953125
520.0 10.619625
521.0 11.8480529296875
522.0 11.8338302734375
523.0 10.96553515625
524.0 11.05443154296875
525.0 12.09803017578125
526.0 12.31542548828125
527.0 11.82047275390625
528.0 10.92771748046875
529.0 9.53276337890625
530.0 3.14689619140625
531.0 10.03492548828125
532.0 8.72223203125
533.0 12.68591748046875
534.0 12.5305380859375
535.0 11.779841015625
536.0 7.8308380859375
537.0 5.31471123046875
538.0 4.25937431640625
539.0 9.5143939453125
540.0 10.05934296875
541.0 12.77037685546875
542.0 7.78897578125
543.0 0.1159060546875
544.0 11.826135546875
545.0 11.58459150390625
546.0 8.76516630859375
547.0 14.94396806640625
548.0 11.69180400390625
549.0 10.3637412109375
550.0 12.9628296875
551.0 12.8819974609375
552.0 11.22964384765625
553.0 12.38930185546875
554.0 13.9730359375
555.0 11.27678740234375
556.0 12.77725830078125
557.0 11.90141630859375
558.0 11.25210498046875
559.0 11.79176005859375
560.0 10.16963359375
561.0 13.84227177734375
562.0 13.481825
563.0 8.05548603515625
564.0 16.84034111328125
565.0 13.169862109375
566.0 13.5697548828125
567.0 13.482996875
568.0 12.94911513671875
569.0 14.5172150390625
570.0 12.775838671875
571.0 13.06973837890625
572.0 11.86688037109375
573.0 5.061396484375
574.0 13.82812421875
575.0 12.4424466796875
576.0 13.2335408203125
577.0 12.754212890625
578.0 14.9148517578125
579.0 13.3706265625
580.0 13.2313771484375
581.0 12.12653193359375
582.0 17.81003017578125
583.0 14.613726171875
584.0 13.2431732421875
585.0 15.773625390625
586.0 15.1346279296875
587.0 15.4141607421875
588.0 16.14303779296875
589.0 14.850448828125
590.0 12.04392783203125
591.0 17.0954287109375
592.0 14.7693501953125
593.0 14.62591875
594.0 13.68707099609375
595.0 14.87597001953125
596.0 9.8784986328125
597.0 16.62070966796875
598.0 13.6716041015625
599.0 13.99876357421875
600.0 15.8800939453125
601.0 13.404726171875
602.0 14.58606865234375
603.0 12.9378201171875
604.0 11.41668779296875
605.0 13.92106884765625
606.0 14.8365216796875
607.0 13.9445189453125
608.0 14.85519619140625
609.0 15.77474755859375
610.0 14.72462294921875
611.0 15.2274849609375
612.0 15.7698916015625
613.0 14.62567607421875
614.0 13.78609853515625
615.0 16.94542099609375
616.0 14.54376396484375
617.0 12.7360650390625
618.0 13.75912333984375
619.0 13.1012326171875
620.0 16.19185966796875
621.0 13.38104736328125
622.0 15.5988302734375
623.0 15.0085978515625
624.0 10.95299208984375
625.0 11.83093515625
626.0 11.995546484375
627.0 10.80630009765625
628.0 12.12766328125
629.0 11.0432349609375
630.0 13.556908984375
631.0 12.56226298828125
632.0 11.9834927734375
633.0 12.813175
634.0 12.11726953125
635.0 12.25148408203125
636.0 12.8069943359375
637.0 12.75679228515625
638.0 10.79041044921875
639.0 6.65090634765625
640.0 14.12300986328125
641.0 13.1361037109375
642.0 12.5561880859375
643.0 8.2135369140625
644.0 12.33173505859375
645.0 13.1431138671875
646.0 11.93698232421875
647.0 13.4199171875
648.0 12.9401619140625
649.0 11.2350529296875
650.0 12.35770400390625
651.0 13.82087021484375
652.0 13.0021740234375
653.0 14.78614541015625
654.0 13.76042001953125
655.0 11.54511123046875
656.0 14.81074677734375
657.0 13.345740625
658.0 13.257188671875
659.0 11.58919130859375
660.0 12.3916306640625
661.0 12.0266361328125
662.0 12.22012099609375
663.0 11.291550390625
664.0 13.29335615234375
665.0 11.43254208984375
666.0 12.2018791015625
667.0 11.9146689453125
668.0 13.3944931640625
669.0 11.8458099609375
670.0 14.49021396484375
671.0 13.370525
672.0 14.652334765625
673.0 12.80123408203125
674.0 11.22656298828125
675.0 16.22114091796875
676.0 17.20657451171875
677.0 18.19543154296875
678.0 14.6756984375
679.0 16.93399423828125
680.0 18.22578427734375
681.0 14.652330078125
682.0 15.952923828125
683.0 14.22431123046875
684.0 12.18552783203125
685.0 11.55784609375
686.0 13.48231455078125
687.0 15.6140685546875
688.0 14.37506845703125
689.0 12.24121123046875
690.0 17.472561328125
691.0 12.93208095703125
692.0 13.93553994140625
693.0 11.95453818359375
694.0 12.677994921875
695.0 14.03260126953125
696.0 13.08717705078125
697.0 15.12872236328125
698.0 14.33145849609375
699.0 16.5829791015625
700.0 15.51935244140625
701.0 16.57150078125
702.0 13.08431533203125
703.0 12.5935515625
704.0 13.50707939453125
705.0 15.840649609375
706.0 14.989942578125
707.0 15.54308828125
708.0 15.3678509765625
709.0 16.56669892578125
710.0 14.91389296875
711.0 16.394019140625
712.0 15.11169169921875
713.0 16.09617919921875
714.0 17.24989833984375
715.0 14.4999908203125
716.0 13.54812705078125
717.0 13.8991712890625
718.0 12.681133203125
719.0 14.7674341796875
720.0 13.07625849609375
721.0 14.0881787109375
722.0 14.04721953125
723.0 14.08863486328125
724.0 13.0398271484375
725.0 7.34520546875
726.0 13.1803806640625
727.0 13.480624609375
728.0 14.20103681640625
729.0 13.85088232421875
730.0 19.127880859375
731.0 15.11947861328125
732.0 14.8065986328125
733.0 14.17650224609375
734.0 15.44791455078125
735.0 13.759052734375
736.0 15.68500673828125
737.0 18.8754306640625
738.0 17.61585556640625
739.0 16.87368623046875
740.0 19.35348896484375
741.0 15.64507109375
742.0 11.7921384765625
743.0 15.90353134765625
744.0 14.93619404296875
745.0 13.19413173828125
746.0 11.8448099609375
747.0 14.23416083984375
748.0 15.937200390625
749.0 15.83855654296875
750.0 17.75459716796875
751.0 17.0050330078125
752.0 15.5280263671875
753.0 15.36079501953125
754.0 15.151658203125
755.0 12.245940625
756.0 13.27680537109375
757.0 13.74062880859375
758.0 12.55570927734375
759.0 11.6344765625
760.0 14.2933916015625
761.0 14.088834375
762.0 14.24527138671875
763.0 12.1938830078125
764.0 12.24255107421875
765.0 15.58347548828125
766.0 11.1269427734375
767.0 12.34955517578125
768.0 12.6118626953125
769.0 9.09411025390625
770.0 16.6041150390625
771.0 11.823783203125
772.0 12.9230923828125
773.0 12.66396767578125
774.0 12.5236486328125
775.0 11.0731349609375
776.0 13.43430126953125
777.0 12.778050390625
778.0 13.52771103515625
779.0 12.08700205078125
780.0 13.1511875
781.0 13.19188544921875
782.0 12.78079091796875
783.0 12.7266755859375
784.0 13.375523046875
785.0 13.42681005859375
786.0 11.90939228515625
787.0 11.76544365234375
788.0 13.17176123046875
789.0 12.155628125
790.0 13.41695361328125
791.0 13.10802021484375
792.0 14.39909228515625
793.0 14.10343671875
794.0 12.0751828125
795.0 13.097559765625
796.0 13.2129513671875
797.0 13.5986423828125
798.0 14.13086865234375
799.0 11.88396884765625
