0.0 20.63862216796875
1.0 21.51631630859375
2.0 19.09230224609375
3.0 18.4143580078125
4.0 14.9198708984375
5.0 17.05643896484375
6.0 15.1541111328125
7.0 16.98965478515625
8.0 20.31987646484375
9.0 20.60696728515625
10.0 24.48779560546875
11.0 22.10823955078125
12.0 22.11950537109375
13.0 22.0288541015625
14.0 19.49236123046875
15.0 24.31456875
16.0 19.3578486328125
17.0 19.4190796875
18.0 18.37549931640625
19.0 16.3245484375
20.0 15.23008876953125
21.0 16.9806341796875
22.0 21.3869427734375
23.0 21.42264365234375
24.0 17.88290078125
25.0 17.6993931640625
26.0 24.39448720703125
27.0 23.529028515625
28.0 19.2932314453125
29.0 21.65167275390625
30.0 20.259659765625
31.0 20.2110576171875
32.0 23.35830478515625
33.0 20.09751259765625
34.0 19.94135849609375
35.0 13.97194228515625
36.0 22.2606423828125
37.0 16.1142072265625
38.0 14.68668662109375
39.0 18.14270625
40.0 18.336780078125
41.0 17.22627705078125
42.0 16.89065419921875
43.0 18.39304208984375
44.0 15.67570791015625
45.0 15.82908681640625
46.0 14.9264763671875
47.0 18.176208203125
48.0 18.66561865234375
49.0 16.84631591796875
50.0 15.8193427734375
51.0 15.60692490234375
52.0 16.3714623046875
53.0 15.19718037109375
54.0 16.7683736328125
55.0 15.3971802734375
56.0 12.64689951171875
57.0 18.3940626953125
58.0 15.11993505859375
59.0 17.91377607421875
60.0 21.804518359375
61.0 18.69673349609375
62.0 15.7857880859375
63.0 14.8475025390625
64.0 14.72255556640625
65.0 17.271600390625
66.0 13.8951828125
67.0 16.64273076171875
68.0 14.0846220703125
69.0 13.036578125
70.0 13.824199609375
71.0 12.8536619140625
72.0 15.0502517578125
73.0 12.96765712890625
74.0 13.5360591796875
75.0 13.82856025390625
76.0 15.783591796875
77.0 13.99895244140625
78.0 15.5835470703125
79.0 17.3703947265625
80.0 19.68499345703125
81.0 16.09629677734375
82.0 18.63950166015625
83.0 12.9996501953125
84.0 15.253472265625
85.0 13.86277685546875
86.0 13.18468916015625
87.0 15.870301171875
88.0 16.51752314453125
89.0 14.66462333984375
90.0 16.7083322265625
91.0 16.58356025390625
92.0 17.4004181640625
93.0 21.8912357421875
94.0 19.156076953125
95.0 19.93318408203125
96.0 15.24556708984375
97.0 15.0974060546875
98.0 20.8600095703125
99.0 17.65827646484375
100.0 21.14543876953125
101.0 19.68328046875
102.0 17.96298603515625
103.0 16.125791796875
104.0 22.417894921875
105.0 21.96709658203125
106.0 17.24105439453125
107.0 27.80245791015625
108.0 23.71345517578125
109.0 15.56803447265625
110.0 27.74813134765625
111.0 21.00707607421875
112.0 22.50990625
113.0 21.8184685546875
114.0 24.3690392578125
115.0 18.6375427734375
116.0 14.71786484375
117.0 29.367212109375
118.0 22.55384521484375
119.0 22.90952607421875
120.0 15.2395876953125
121.0 10.10667861328125
122.0 19.54767373046875
123.0 19.5850953125
124.0 21.15463466796875
125.0 19.44391435546875
126.0 19.09821953125
127.0 22.5107529296875
128.0 22.3667720703125
129.0 24.3074306640625
130.0 19.66500654296875
131.0 17.6198298828125
132.0 22.86256201171875
133.0 22.76822802734375
134.0 24.6459587890625
135.0 22.66819609375
136.0 18.4069208984375
137.0 20.54955400390625
138.0 22.757684375
139.0 19.3039412109375
140.0 16.23571708984375
141.0 27.3485673828125
142.0 11.54389345703125
143.0 25.49775625
144.0 21.42676298828125
145.0 22.88454208984375
146.0 13.9332390625
147.0 15.35890537109375
148.0 21.133103515625
149.0 23.5848244140625
150.0 16.87603896484375
151.0 22.58755029296875
152.0 20.8582259765625
153.0 19.16904482421875
154.0 21.62404931640625
155.0 20.7380375
156.0 21.39464326171875
157.0 18.9720984375
158.0 18.05190185546875
159.0 24.82302900390625
160.0 18.09476630859375
161.0 19.49477822265625
162.0 17.415026953125
163.0 17.56551572265625
164.0 8.80619912109375
165.0 10.20052509765625
166.0 20.79763740234375
167.0 17.0326103515625
168.0 20.36473134765625
169.0 21.6202830078125
170.0 14.491128515625
171.0 17.6731841796875
172.0 23.14968779296875
173.0 20.53889423828125
174.0 22.71314951171875
175.0 19.02945693359375
176.0 22.17505078125
177.0 22.4418259765625
178.0 23.69765
179.0 19.59672392578125
180.0 20.36460234375
181.0 21.5098587890625
182.0 20.87598935546875
183.0 23.761828515625
184.0 18.1511087890625
185.0 22.71694541015625
186.0 22.2545150390625
187.0 24.33610234375
188.0 24.12939150390625
189.0 18.65635556640625
190.0 20.77449970703125
191.0 22.3612330078125
192.0 24.38944775390625
193.0 18.85371171875
194.0 19.55576005859375
195.0 16.80321064453125
196.0 16.7587166015625
197.0 21.36407001953125
198.0 19.87642021484375
199.0 16.7390234375
200.0 19.43161953125
201.0 19.3550376953125
202.0 19.20967578125
203.0 23.7462232421875
204.0 19.1623701171875
205.0 22.84154970703125
206.0 22.0454998046875
207.0 24.939071484375
208.0 19.54450712890625
209.0 20.56545283203125
210.0 18.72922880859375
211.0 23.4745720703125
212.0 24.6816892578125
213.0 22.17932109375
214.0 21.76191103515625
215.0 21.18587763671875
216.0 21.97075283203125
217.0 24.57946123046875
218.0 21.7410080078125
219.0 21.266774609375
220.0 12.90882880859375
221.0 4.03095859375
222.0 19.05666357421875
223.0 21.81048349609375
224.0 23.658904296875
225.0 18.4269345703125
226.0 24.23412626953125
227.0 23.964503125
228.0 22.35544775390625
229.0 23.38788876953125
230.0 19.3350623046875
231.0 22.575334375
232.0 21.47826123046875
233.0 20.96542080078125
234.0 24.50681005859375
235.0 19.28939697265625
236.0 8.4183869140625
237.0 6.0759357421875
238.0 1.759458984375
239.0 14.68251865234375
240.0 22.739882421875
241.0 20.19559033203125
242.0 20.26881494140625
243.0 24.6382978515625
244.0 10.24668203125
245.0 18.0227921875
246.0 16.1017630859375
247.0 21.14486640625
248.0 23.7171533203125
249.0 20.763890625
250.0 23.71539013671875
251.0 13.90815029296875
252.0 25.68584443359375
253.0 23.98084033203125
254.0 21.610210546875
255.0 19.790014453125
256.0 20.48567216796875
257.0 18.44189150390625
258.0 18.68448125
259.0 23.89346171875
260.0 21.8268154296875
261.0 23.75591591796875
262.0 19.7937537109375
263.0 22.10705458984375
264.0 18.65464765625
265.0 19.08284501953125
266.0 22.89607509765625
267.0 19.58377705078125
268.0 21.4838080078125
269.0 22.14552529296875
270.0 15.74510712890625
271.0 15.617480859375
272.0 15.0257978515625
273.0 18.107076171875
274.0 15.6244333984375
275.0 23.3089083984375
276.0 22.58036025390625
277.0 22.43601240234375
278.0 22.20423232421875
279.0 22.98275400390625
280.0 16.791649609375
281.0 18.49475751953125
282.0 21.3835931640625
283.0 21.562005859375
284.0 24.235165625
285.0 22.8694970703125
286.0 19.40919990234375
287.0 21.60753134765625
288.0 23.60865869140625
289.0 22.13249912109375
290.0 22.9044818359375
291.0 19.05786650390625
292.0 19.82711904296875
293.0 24.16690341796875
294.0 21.14919365234375
295.0 18.19485234375
296.0 15.14788076171875
297.0 14.9976189453125
298.0 22.00226767578125
299.0 23.8668609375
300.0 22.63356328125
301.0 22.55428125
302.0 22.32730390625
303.0 15.00204326171875
304.0 15.921044921875
305.0 13.88332587890625
306.0 12.4477208984375
307.0 11.71123427734375
308.0 12.79838896484375
309.0 13.235162890625
310.0 15.84432724609375
311.0 17.1898162109375
312.0 17.51250263671875
313.0 15.8232587890625
314.0 17.2302998046875
315.0 17.001108984375
316.0 13.9288587890625
317.0 14.113825390625
318.0 15.2581998046875
319.0 13.0655208984375
320.0 12.732255859375
321.0 12.57747783203125
322.0 12.293587890625
323.0 14.0069181640625
324.0 18.71052998046875
325.0 15.90783486328125
326.0 16.132946875
327.0 19.423821484375
328.0 18.82134326171875
329.0 18.473915625
330.0 20.35837353515625
331.0 18.6190560546875
332.0 20.1962806640625
333.0 17.6824470703125
334.0 19.4117408203125
335.0 16.364666015625
336.0 20.80481083984375
337.0 22.0131443359375
338.0 22.207021484375
339.0 22.92971748046875
340.0 18.88809833984375
341.0 22.41740419921875
342.0 19.46228837890625
343.0 20.613996484375
344.0 24.27174931640625
345.0 17.78596396484375
346.0 15.8083498046875
347.0 17.9968486328125
348.0 16.93476748046875
349.0 23.45073125
350.0 20.8429451171875
351.0 21.951543359375
352.0 18.68051796875
353.0 14.54043740234375
354.0 21.704892578125
355.0 20.19929091796875
356.0 18.9647328125
357.0 23.23710185546875
358.0 21.093826953125
359.0 20.993807421875
360.0 23.75376044921875
361.0 19.6818796875
362.0 24.26724423828125
363.0 20.84394755859375
364.0 21.05002705078125
365.0 19.1623291015625
366.0 24.3770802734375
367.0 21.86107919921875
368.0 19.51680791015625
369.0 24.50483759765625
370.0 19.02529990234375
371.0 18.67490693359375
372.0 15.4355619140625
373.0 14.505033984375
374.0 22.14959599609375
375.0 22.2977140625
376.0 24.00073876953125
377.0 22.36866123046875
378.0 21.99388818359375
379.0 20.6027015625
380.0 20.90677919921875
381.0 24.99656044921875
382.0 21.4157927734375
383.0 22.64790498046875
384.0 21.729051171875
385.0 24.6853689453125
386.0 21.53558291015625
387.0 1.38353583984375
388.0 44.10749921875
389.0 24.3180763671875
390.0 21.61423271484375
391.0 20.08922509765625
392.0 23.54004111328125
393.0 20.14417021484375
394.0 23.946208984375
395.0 21.651040625
396.0 23.658494140625
397.0 14.13476875
398.0 15.11514287109375
399.0 23.58484072265625
400.0 21.765092578125
401.0 21.76325927734375
402.0 18.64524248046875
403.0 24.324408984375
404.0 23.27156650390625
405.0 21.99530126953125
406.0 20.08654228515625
407.0 20.64218701171875
408.0 24.25136552734375
409.0 18.9406888671875
410.0 23.3927423828125
411.0 20.33334169921875
412.0 21.6054771484375
413.0 22.95390517578125
414.0 21.02658369140625
415.0 19.67090048828125
416.0 21.13669091796875
417.0 23.9516001953125
418.0 19.4722373046875
419.0 24.23877109375
420.0 20.37281923828125
421.0 20.8928865234375
422.0 14.6413478515625
423.0 12.6640662109375
424.0 21.15403623046875
425.0 24.88184873046875
426.0 21.2951013671875
427.0 21.6468490234375
428.0 21.3390203125
429.0 24.6660177734375
430.0 18.19128671875
431.0 18.2864814453125
432.0 8.61102734375
433.0 25.6584119140625
434.0 19.79703095703125
435.0 19.11780673828125
436.0 19.10725263671875
437.0 24.55141513671875
438.0 20.696571875
439.0 23.89224501953125
440.0 19.992376171875
441.0 20.902753125
442.0 22.1144275390625
443.0 21.588907421875
444.0 24.37167138671875
445.0 21.33088369140625
446.0 23.8663984375
447.0 19.8827716796875
448.0 23.209170703125
449.0 23.54334560546875
450.0 22.00208388671875
451.0 22.21304384765625
452.0 20.407723046875
453.0 21.28828662109375
454.0 16.5825244140625
455.0 14.2922703125
456.0 16.8204451171875
457.0 21.86818154296875
458.0 23.024575
459.0 21.59558125
460.0 24.4556634765625
461.0 23.62711962890625
462.0 22.6348259765625
463.0 24.232204296875
464.0 19.6878453125
465.0 24.36659140625
466.0 21.90396015625
467.0 23.4432248046875
468.0 19.36949560546875
469.0 23.2741912109375
470.0 23.76229619140625
471.0 22.12254921875
472.0 20.74990830078125
473.0 25.53018671875
474.0 22.01028251953125
475.0 24.5964412109375
476.0 19.515671875
477.0 22.2998189453125
478.0 18.2991736328125
479.0 21.66276611328125
480.0 15.87336767578125
481.0 16.74910087890625
482.0 21.800085546875
483.0 17.02429287109375
484.0 20.78666337890625
485.0 22.1764943359375
486.0 22.38410419921875
487.0 22.42595888671875
488.0 21.47022333984375
489.0 14.65590166015625
490.0 22.80736796875
491.0 22.428782421875
492.0 19.563001171875
493.0 24.21569580078125
494.0 21.74021455078125
495.0 21.05836572265625
496.0 21.983525390625
497.0 20.6500400390625
498.0 22.4719693359375
499.0 22.69316181640625
500.0 24.1731400390625
501.0 22.38241689453125
502.0 24.1790470703125
503.0 16.99718984375
504.0 15.6832251953125
505.0 15.25724619140625
506.0 16.94710361328125
507.0 22.44032041015625
508.0 21.1372189453125
509.0 20.67416552734375
510.0 23.22198779296875
511.0 21.00412294921875
512.0 23.62855224609375
513.0 20.81207763671875
514.0 22.52874287109375
515.0 17.41554365234375
516.0 24.7040623046875
517.0 23.616335546875
518.0 21.71899521484375
519.0 23.44131123046875
520.0 16.9518208984375
521.0 18.348441796875
522.0 19.182221875
523.0 20.46666923828125
524.0 20.89194736328125
525.0 24.5725146484375
526.0 19.6295462890625
527.0 17.1319232421875
528.0 20.299960546875
529.0 17.93834560546875
530.0 15.07432880859375
531.0 20.2651595703125
532.0 21.61656416015625
533.0 22.75026171875
534.0 17.434908984375
535.0 18.59845029296875
536.0 20.0821669921875
537.0 24.309016015625
538.0 24.26476884765625
539.0 21.7937767578125
540.0 21.77189453125
541.0 20.5123716796875
542.0 23.5387009765625
543.0 19.907744140625
544.0 24.29413291015625
545.0 21.4059697265625
546.0 23.452505078125
547.0 23.184887890625
548.0 19.0504265625
549.0 21.33140859375
550.0 22.00272216796875
551.0 22.5096046875
552.0 18.89458310546875
553.0 22.5908623046875
554.0 17.67235
555.0 14.822101953125
556.0 15.3562171875
557.0 18.433440625
558.0 21.9732611328125
559.0 22.25298720703125
560.0 21.60467822265625
561.0 22.41004658203125
562.0 17.9255966796875
563.0 17.5767875
564.0 16.5448970703125
565.0 22.01974921875
566.0 20.5055724609375
567.0 22.633544140625
568.0 20.90796533203125
569.0 19.3492732421875
570.0 21.30984716796875
571.0 19.28889580078125
572.0 23.21592744140625
573.0 20.64856845703125
574.0 24.4152884765625
575.0 22.62503515625
576.0 20.459607421875
577.0 21.20914697265625
578.0 19.50674619140625
579.0 22.84320224609375
580.0 15.4914353515625
581.0 9.70505654296875
582.0 18.62142880859375
583.0 21.2726302734375
584.0 21.095118359375
585.0 18.2648556640625
586.0 4.45068740234375
587.0 34.14382822265625
588.0 17.130251171875
589.0 23.68329248046875
590.0 21.608428125
591.0 22.59142216796875
592.0 17.03199365234375
593.0 22.43806591796875
594.0 22.5737640625
595.0 21.9691705078125
596.0 21.19149013671875
597.0 20.14301552734375
598.0 19.1258220703125
599.0 19.200653515625
600.0 18.798803515625
601.0 24.50948984375
602.0 20.7118953125
603.0 24.00068154296875
604.0 19.2374005859375
605.0 17.54473935546875
606.0 13.46449072265625
607.0 14.03639150390625
608.0 24.44760400390625
609.0 18.3446666015625
610.0 20.950326171875
611.0 21.5915150390625
612.0 24.20530283203125
613.0 20.77128515625
614.0 24.21044248046875
615.0 21.13140712890625
616.0 22.4571447265625
617.0 19.90081669921875
618.0 23.12440009765625
619.0 21.0793810546875
620.0 23.45078125
621.0 21.374120703125
622.0 24.33201357421875
623.0 17.51804365234375
624.0 17.42315986328125
625.0 21.05565341796875
626.0 21.02923642578125
627.0 24.83056357421875
628.0 20.21384033203125
629.0 22.2700333984375
630.0 19.42576318359375
631.0 17.85879814453125
632.0 17.43732998046875
633.0 20.24476201171875
634.0 21.1268185546875
635.0 20.627306640625
636.0 24.73927451171875
637.0 22.41812021484375
638.0 25.18731865234375
639.0 23.13314951171875
640.0 21.55920078125
641.0 24.61197373046875
642.0 22.2495296875
643.0 24.519298828125
644.0 20.75015712890625
645.0 20.45044873046875
646.0 18.709373046875
647.0 22.5136548828125
648.0 23.058451171875
649.0 16.62318447265625
650.0 21.41362060546875
651.0 20.33106865234375
652.0 24.02528857421875
653.0 21.9864505859375
654.0 21.64786064453125
655.0 20.28922333984375
656.0 13.86868935546875
657.0 19.24910947265625
658.0 21.17518330078125
659.0 21.74750244140625
660.0 22.4351009765625
661.0 17.10686806640625
662.0 22.366651953125
663.0 19.00037177734375
664.0 23.4784005859375
665.0 16.5968345703125
666.0 19.153937109375
667.0 24.04430986328125
668.0 21.7845443359375
669.0 24.4758263671875
670.0 21.79238564453125
671.0 23.736890234375
672.0 14.963359765625
673.0 15.79136552734375
674.0 20.31051201171875
675.0 20.10627119140625
676.0 23.0786197265625
677.0 18.798533984375
678.0 17.75303154296875
679.0 23.56327724609375
680.0 19.3472708984375
681.0 16.1299158203125
682.0 11.3673560546875
683.0 16.241141796875
684.0 19.0267951171875
685.0 19.599168359375
686.0 22.1745529296875
687.0 22.8752001953125
688.0 23.18523798828125
689.0 21.5315177734375
690.0 22.1153900390625
691.0 17.03249912109375
692.0 22.89639541015625
693.0 20.57977880859375
694.0 23.9470724609375
695.0 20.5227841796875
696.0 21.12931923828125
697.0 21.6145513671875
698.0 18.379388671875
699.0 24.2726943359375
700.0 22.29247099609375
701.0 24.58377646484375
702.0 21.5150291015625
703.0 20.7646755859375
704.0 21.48878525390625
705.0 19.0978576171875
706.0 16.91610810546875
707.0 12.8515087890625
708.0 15.5323806640625
709.0 18.20562412109375
710.0 24.78902919921875
711.0 21.72011982421875
712.0 22.88618212890625
713.0 16.751051171875
714.0 20.8232265625
715.0 21.52162001953125
716.0 21.88498759765625
717.0 21.2834732421875
718.0 23.6314662109375
719.0 21.95266376953125
720.0 20.3679869140625
721.0 25.18140810546875
722.0 21.88666728515625
723.0 20.6699580078125
724.0 15.4873744140625
725.0 22.68018447265625
726.0 19.9125310546875
727.0 19.6542203125
728.0 24.071248046875
729.0 24.44144052734375
730.0 18.922037109375
731.0 20.83535478515625
732.0 15.792569921875
733.0 13.5169330078125
734.0 17.28465341796875
735.0 13.361218359375
736.0 30.41417587890625
737.0 21.80669931640625
738.0 21.5313119140625
739.0 22.1389615234375
740.0 20.9658681640625
741.0 22.1298638671875
742.0 22.0853095703125
743.0 21.313579296875
744.0 24.71078427734375
745.0 17.33585712890625
746.0 10.50738935546875
747.0 17.3581490234375
748.0 19.376370703125
749.0 21.4950583984375
750.0 22.1411623046875
751.0 21.03190625
752.0 16.33974189453125
753.0 26.66607021484375
754.0 21.3918173828125
755.0 21.2836509765625
756.0 23.02758994140625
757.0 18.4086796875
758.0 14.20180537109375
759.0 22.604638671875
760.0 18.71602646484375
761.0 23.610367578125
762.0 24.9285193359375
763.0 21.98655615234375
764.0 24.3710123046875
765.0 21.326244921875
766.0 21.3665658203125
767.0 21.53707431640625
768.0 24.1035986328125
769.0 22.89734814453125
770.0 24.950669140625
771.0 22.50127373046875
772.0 21.7929255859375
773.0 23.42030146484375
774.0 22.51108056640625
775.0 24.77259755859375
776.0 21.80412763671875
777.0 24.492844140625
778.0 20.25062099609375
779.0 24.36958232421875
780.0 22.081690625
781.0 22.94431845703125
782.0 17.41995361328125
783.0 13.136671484375
784.0 20.05666533203125
785.0 18.1117986328125
786.0 24.29445986328125
787.0 24.1932513671875
788.0 22.08258447265625
789.0 18.51976142578125
790.0 20.68099677734375
791.0 24.070265625
792.0 22.53626884765625
793.0 24.29252666015625
794.0 15.25720048828125
795.0 14.69595693359375
796.0 17.81023427734375
797.0 22.33402734375
798.0 22.07547822265625
799.0 21.43037939453125
