0.0 0.0
1.0 0.4874341796875
2.0 0.04396826171875
3.0 0.135696484375
4.0 0.17701728515625
5.0 0.74011240234375
6.0 0.11450966796875
7.0 0.0
8.0 0.0
9.0 0.0
10.0 0.0
11.0 0.0
12.0 0.0
13.0 0.0
14.0 0.0
15.0 0.0
16.0 0.0
17.0 0.0
18.0 0.0
19.0 0.0
20.0 0.0
21.0 0.0
22.0 0.0
23.0 0.0
24.0 0.0
25.0 0.0
26.0 0.0
27.0 0.0
28.0 0.0
29.0 0.0
30.0 0.0
31.0 0.0
32.0 0.0
33.0 0.0
34.0 0.0
35.0 0.0
36.0 0.0
37.0 0.0
38.0 0.0
39.0 0.0
40.0 0.0
41.0 0.0
42.0 0.0
43.0 0.0
44.0 0.0
45.0 0.0
46.0 0.0
47.0 0.0
48.0 0.0
49.0 0.0
50.0 0.0
51.0 0.0
52.0 0.0
53.0 0.0
54.0 0.0
55.0 0.0
56.0 0.0
57.0 0.0
58.0 0.0
59.0 0.0
60.0 0.0
61.0 0.0
62.0 0.0
63.0 0.0
64.0 0.0
65.0 0.0
66.0 0.0103302734375
67.0 0.58144453125
68.0 0.2858734375
69.0 1.63992587890625
70.0 1.5194970703125
71.0 0.86477666015625
72.0 0.83242822265625
73.0 0.50106787109375
74.0 0.58340458984375
75.0 0.65665439453125
76.0 0.87133642578125
77.0 0.69872666015625
78.0 0.803701171875
79.0 0.28237119140625
80.0 0.48973076171875
81.0 0.31253818359375
82.0 0.36457587890625
83.0 0.2389625
84.0 0.86232607421875
85.0 0.41881728515625
86.0 0.80601083984375
87.0 0.4535947265625
88.0 0.67590595703125
89.0 0.529173046875
90.0 0.57630068359375
91.0 0.68175078125
92.0 0.82876240234375
93.0 0.707893359375
94.0 1.50500546875
95.0 3.23138369140625
96.0 0.85286552734375
97.0 0.44911357421875
98.0 1.58159638671875
99.0 12.3632580078125
100.0 8.65384716796875
101.0 14.38992763671875
102.0 5.726519921875
103.0 1.98133857421875
104.0 14.51478837890625
105.0 8.99022255859375
106.0 4.09392734375
107.0 0.31243125
108.0 16.8707837890625
109.0 6.02194697265625
110.0 3.54309892578125
111.0 18.30420078125
112.0 14.18891591796875
113.0 29.39467822265625
114.0 8.96900693359375
115.0 11.155769140625
116.0 10.32903427734375
117.0 26.06150986328125
118.0 20.772316796875
119.0 5.7904408203125
120.0 11.56312890625
121.0 11.63410703125
122.0 3.60868759765625
123.0 18.15928369140625
124.0 10.2922755859375
125.0 9.013259765625
126.0 20.6359806640625
127.0 14.64207685546875
128.0 4.16933935546875
129.0 23.70208466796875
130.0 16.55950009765625
131.0 7.726319140625
132.0 13.70208330078125
133.0 27.58409501953125
134.0 21.6287876953125
135.0 26.2294736328125
136.0 17.0262556640625
137.0 19.56606884765625
138.0 23.118875
139.0 27.71316630859375
140.0 15.393539453125
141.0 30.15621923828125
142.0 16.55990380859375
143.0 16.7952142578125
144.0 23.36497333984375
145.0 8.560344921875
146.0 14.427051953125
147.0 14.90288115234375
148.0 16.2257212890625
149.0 18.997481640625
150.0 21.77120439453125
151.0 1.6826046875
152.0 0.88180048828125
153.0 1.18322041015625
154.0 1.234019140625
155.0 3.44933828125
156.0 10.7092208984375
157.0 3.74120458984375
158.0 10.5096119140625
159.0 2.62654873046875
160.0 0.32269287109375
161.0 5.6942361328125
162.0 10.60845361328125
163.0 14.373542578125
164.0 17.9612689453125
165.0 12.34524130859375
166.0 12.282306640625
167.0 6.906088671875
168.0 11.72288818359375
169.0 21.7294353515625
170.0 10.3542447265625
171.0 14.5498146484375
172.0 5.8199373046875
173.0 16.595419921875
174.0 2.81309599609375
175.0 19.13135810546875
176.0 14.7670380859375
177.0 28.24586591796875
178.0 19.20295166015625
179.0 25.806237109375
180.0 19.20542744140625
181.0 13.742974609375
182.0 16.63980751953125
183.0 19.248687109375
184.0 15.64065234375
185.0 8.54739169921875
186.0 21.42997265625
187.0 23.59655615234375
188.0 25.44700390625
189.0 8.53276982421875
190.0 38.968403125
191.0 15.3936326171875
192.0 16.296188671875
193.0 21.95472578125
194.0 23.43587548828125
195.0 15.04718916015625
196.0 14.0862001953125
197.0 17.71333203125
198.0 15.3970611328125
199.0 30.173023046875
200.0 29.38804013671875
201.0 21.0277552734375
202.0 31.88934560546875
203.0 17.3757857421875
204.0 18.63926845703125
205.0 20.46118193359375
206.0 14.38692421875
207.0 23.2958515625
208.0 18.5234958984375
209.0 20.4267875
210.0 20.728225390625
211.0 45.82194345703125
212.0 36.15650947265625
213.0 31.34143916015625
214.0 40.67487880859375
215.0 34.3642142578125
216.0 39.55287421875
217.0 37.2815283203125
218.0 25.87658505859375
219.0 25.1771640625
220.0 19.2027810546875
221.0 26.1830943359375
222.0 27.89359755859375
223.0 17.49668271484375
224.0 20.90219599609375
225.0 30.17811669921875
226.0 23.124738671875
227.0 24.74814404296875
228.0 24.08029296875
229.0 19.44406005859375
230.0 16.3788591796875
231.0 17.372759765625
232.0 14.3488390625
233.0 17.55931181640625
234.0 11.305146484375
235.0 3.89342890625
236.0 15.465971875
237.0 17.44860830078125
238.0 12.39698525390625
239.0 11.94163408203125
240.0 4.7969392578125
241.0 0.3376728515625
242.0 0.32304384765625
243.0 2.75704287109375
244.0 1.6607060546875
245.0 0.0
246.0 0.0
247.0 0.3602263671875
248.0 0.1708251953125
249.0 0.1668625
250.0 0.0726623046875
251.0 0.04167177734375
252.0 0.0
253.0 0.0
254.0 0.0
255.0 0.0
256.0 0.0
257.0 0.0
258.0 0.0
259.0 0.0
260.0 0.0
261.0 0.0
262.0 0.0
263.0 0.0
264.0 0.0
265.0 0.0
266.0 0.0
267.0 0.0
268.0 0.0
269.0 0.0
270.0 0.0
271.0 0.0
272.0 0.0
273.0 0.0
274.0 0.0
275.0 0.6534259765625
276.0 1.57928330078125
277.0 0.4719400390625
278.0 0.618346484375
279.0 0.7191640625
280.0 0.4576875
281.0 0.26182548828125
282.0 0.8444671875
283.0 0.74011240234375
284.0 0.6460876953125
285.0 0.8183302734375
286.0 2.23092822265625
287.0 1.589872265625
288.0 0.476515625
289.0 0.5104986328125
290.0 0.68585341796875
291.0 0.74718984375
292.0 0.5254216796875
293.0 0.57313271484375
294.0 0.90393076171875
295.0 1.345408203125
296.0 0.83822626953125
297.0 1.099334765625
298.0 0.58327392578125
299.0 0.42805576171875
300.0 0.77532197265625
301.0 3.617608203125
302.0 25.712057421875
303.0 22.1183921875
304.0 23.50451240234375
305.0 17.62579091796875
306.0 15.17702177734375
307.0 8.392272265625
308.0 24.22044853515625
309.0 11.24195029296875
310.0 16.51386689453125
311.0 6.45759921875
312.0 5.3221818359375
313.0 3.824168359375
314.0 14.6595703125
315.0 13.1706671875
316.0 10.9520130859375
317.0 12.44699169921875
318.0 7.6991529296875
319.0 6.29010576171875
320.0 14.539129296875
321.0 13.61497724609375
322.0 11.71239599609375
323.0 15.45154345703125
324.0 7.83514736328125
325.0 15.5726998046875
326.0 9.66865556640625
327.0 20.6979787109375
328.0 28.52077734375
329.0 23.3351755859375
330.0 30.743009375
331.0 24.98018095703125
332.0 20.5418248046875
333.0 28.74375146484375
334.0 23.1681759765625
335.0 28.1887810546875
336.0 21.66012744140625
337.0 19.23308984375
338.0 14.24898681640625
339.0 22.908133984375
340.0 8.21027041015625
341.0 15.51997626953125
342.0 13.60697138671875
343.0 13.53692666015625
344.0 12.76493935546875
345.0 20.19753525390625
346.0 18.244169921875
347.0 9.18099833984375
348.0 10.87023173828125
349.0 16.443366796875
350.0 16.49022392578125
351.0 23.10658828125
352.0 24.0164556640625
353.0 22.28985947265625
354.0 22.61007705078125
355.0 18.3311552734375
356.0 15.5492919921875
357.0 14.586140625
358.0 10.969178515625
359.0 11.03261181640625
360.0 6.76363193359375
361.0 12.33620478515625
362.0 7.8039416015625
363.0 22.79663291015625
364.0 4.0406779296875
365.0 0.7503509765625
366.0 11.07948984375
367.0 8.731757421875
368.0 9.42487490234375
369.0 15.566119921875
370.0 7.69615927734375
371.0 4.010128515625
372.0 14.23957822265625
373.0 10.22744091796875
374.0 2.561532421875
375.0 3.2482123046875
376.0 3.3593138671875
377.0 5.370765625
378.0 18.53581162109375
379.0 11.9712302734375
380.0 11.59805625
381.0 9.24004013671875
382.0 12.8263072265625
383.0 13.31717158203125
384.0 13.70846669921875
385.0 17.249571875
386.0 14.1407103515625
387.0 9.41292392578125
388.0 9.587404296875
389.0 14.37904912109375
390.0 3.473076171875
391.0 4.12240224609375
392.0 9.9385560546875
393.0 6.267426171875
394.0 12.1527310546875
395.0 10.25733974609375
396.0 10.53306376953125
397.0 11.83985029296875
398.0 10.596914453125
399.0 13.040927734375
400.0 2.03608203125
401.0 10.075005078125
402.0 14.25774794921875
403.0 15.8667572265625
404.0 12.42989462890625
405.0 12.2945193359375
406.0 9.7662150390625
407.0 6.70480361328125
408.0 1.90972900390625
409.0 0.02083583984375
410.0 1.74324091796875
411.0 2.3763392578125
412.0 20.5565681640625
413.0 19.6768333984375
414.0 26.7143642578125
415.0 17.05300400390625
416.0 14.18579931640625
417.0 12.8640623046875
418.0 5.47082529296875
419.0 0.4270478515625
420.0 0.406562890625
421.0 7.9480416015625
422.0 18.4354220703125
423.0 8.15133837890625
424.0 5.7621568359375
425.0 10.69706943359375
426.0 2.92587080078125
427.0 6.5465001953125
428.0 4.7800056640625
429.0 1.09115224609375
430.0 9.65383037109375
431.0 9.74533330078125
432.0 14.26970234375
433.0 12.99901474609375
434.0 9.9030091796875
435.0 9.2040328125
436.0 11.23572265625
437.0 6.49854755859375
438.0 0.38851513671875
439.0 0.44122373046875
440.0 0.86925673828125
441.0 23.6014466796875
442.0 4.24160146484375
443.0 1.40980380859375
444.0 2.384255859375
445.0 2.18194140625
446.0 0.31115927734375
447.0 0.22466484375
448.0 0.333023046875
449.0 0.13534541015625
450.0 0.14567548828125
451.0 0.41377001953125
452.0 1.41908525390625
453.0 1.49812412109375
454.0 1.04262451171875
455.0 1.58598330078125
456.0 0.916603125
457.0 0.176841796875
458.0 0.35403447265625
459.0 0.10382841796875
460.0 0.0956955078125
461.0 0.32892265625
462.0 1.9332015625
463.0 14.160971484375
464.0 14.46414130859375
465.0 9.51037529296875
466.0 19.34854755859375
467.0 3.62335458984375
468.0 0.45273623046875
469.0 0.33920263671875
470.0 9.05657216796875
471.0 15.39753291015625
472.0 17.95837060546875
473.0 5.66808330078125
474.0 0.09367373046875
475.0 1.14280537109375
476.0 4.3067443359375
477.0 1.3188599609375
478.0 7.4472443359375
479.0 5.87941826171875
480.0 12.73750654296875
481.0 10.9185095703125
482.0 10.53278828125
483.0 10.2497716796875
484.0 13.18801455078125
485.0 7.56289033203125
486.0 7.8879248046875
487.0 10.22600556640625
488.0 8.66918974609375
489.0 1.46362265625
490.0 10.06522216796875
491.0 6.0313103515625
492.0 0.0
493.0 0.0
494.0 0.0870228515625
495.0 7.08929013671875
496.0 14.77946484375
497.0 2.11093984375
498.0 5.17898271484375
499.0 2.785215625
500.0 1.334198046875
501.0 0.1456755859375
502.0 2.040512109375
503.0 6.16344033203125
504.0 2.29680283203125
505.0 1.2091828125
506.0 0.0414962890625
507.0 0.0625076171875
508.0 0.4886779296875
509.0 2.46166220703125
510.0 2.3791255859375
511.0 3.3550845703125
512.0 0.02091689453125
513.0 0.08316796875
514.0 0.09318603515625
515.0 0.9962560546875
516.0 0.29075009765625
517.0 0.25402978515625
518.0 0.0
519.0 0.0
520.0 0.354736328125
521.0 0.0
522.0 0.0
523.0 0.0
524.0 0.0
525.0 0.0
526.0 0.0
527.0 0.0
528.0 0.0
529.0 0.0
530.0 0.0
531.0 0.0
532.0 0.0
533.0 0.0
534.0 0.0
535.0 0.0
536.0 0.0
537.0 0.0
538.0 0.0
539.0 0.0
540.0 0.0
541.0 0.0
542.0 0.0
543.0 0.0
544.0 0.0
545.0 0.0
546.0 0.0
547.0 0.0
548.0 0.0
549.0 0.0
550.0 0.0
551.0 0.0
552.0 0.0
553.0 0.0
554.0 0.0
555.0 0.0
556.0 0.0
557.0 0.0
558.0 0.0
559.0 0.0
560.0 0.0
561.0 0.0
562.0 0.0
563.0 0.0
564.0 0.0
565.0 0.0
566.0 3.8250341796875
567.0 8.22102470703125
568.0 9.08306787109375
569.0 7.07870048828125
570.0 7.67209423828125
571.0 11.46171630859375
572.0 9.5864615234375
573.0 8.33209306640625
574.0 7.0071494140625
575.0 8.39375146484375
576.0 7.84136552734375
577.0 7.8149251953125
578.0 9.5827046875
579.0 10.19507763671875
580.0 7.1625849609375
581.0 8.19438544921875
582.0 7.21720439453125
583.0 4.65785703125
584.0 5.82766962890625
585.0 5.36524345703125
586.0 10.0881390625
587.0 8.4628830078125
588.0 13.32603408203125
589.0 9.6196896484375
590.0 6.65566484375
591.0 7.29021015625
592.0 7.88357919921875
593.0 9.137478515625
594.0 5.53113955078125
595.0 3.34827509765625
596.0 9.99090166015625
597.0 5.4771623046875
598.0 10.54539873046875
599.0 6.858966015625
600.0 11.96511318359375
601.0 9.17409306640625
602.0 9.241371484375
603.0 9.83024091796875
604.0 10.51149287109375
605.0 9.123021875
606.0 12.176635546875
607.0 6.84475703125
608.0 11.0291974609375
609.0 9.20460009765625
610.0 6.9336919921875
611.0 10.23038828125
612.0 5.5909697265625
613.0 7.89452705078125
614.0 10.5867396484375
615.0 12.14851787109375
616.0 10.95110400390625
617.0 9.78272080078125
618.0 12.39460908203125
619.0 8.8461353515625
620.0 9.88626337890625
621.0 6.64888740234375
622.0 5.31613232421875
623.0 13.97298857421875
624.0 12.01058857421875
625.0 9.543784765625
626.0 6.64745634765625
627.0 10.69180380859375
628.0 8.96947744140625
629.0 8.48762978515625
630.0 7.85872041015625
631.0 6.87407724609375
632.0 18.48989833984375
633.0 10.12787109375
634.0 11.76998642578125
635.0 9.90319658203125
636.0 11.9888509765625
637.0 11.45888154296875
638.0 14.43481923828125
639.0 11.696737109375
640.0 8.87338076171875
641.0 11.8781748046875
642.0 7.34617822265625
643.0 9.649601171875
644.0 9.9780412109375
645.0 8.73639677734375
646.0 11.1538755859375
647.0 6.861058203125
648.0 15.61111337890625
649.0 14.0352130859375
650.0 12.48731875
651.0 15.19265029296875
652.0 10.58991416015625
653.0 12.526301953125
654.0 10.73729716796875
655.0 11.00350244140625
656.0 0.0
657.0 0.0
658.0 35.5271943359375
659.0 15.67881162109375
660.0 15.82905751953125
661.0 14.8280478515625
662.0 19.03805166015625
663.0 17.56710458984375
664.0 18.4918447265625
665.0 14.914600390625
666.0 16.701475390625
667.0 21.88019912109375
668.0 13.6993900390625
669.0 19.637604296875
670.0 21.8068546875
671.0 21.77691318359375
672.0 19.01455751953125
673.0 18.15437314453125
674.0 21.30455927734375
675.0 21.13293798828125
676.0 13.39197509765625
677.0 15.9733345703125
678.0 21.70826025390625
679.0 21.2471373046875
680.0 18.07621025390625
681.0 24.41002265625
682.0 18.28940693359375
683.0 19.5594873046875
684.0 15.76765126953125
685.0 19.55387939453125
686.0 14.3948986328125
687.0 15.2420203125
688.0 19.5712380859375
689.0 14.71691318359375
690.0 22.06039521484375
691.0 18.3567236328125
692.0 14.0544619140625
693.0 13.49995048828125
694.0 13.53928828125
695.0 16.881699609375
696.0 18.70331015625
697.0 18.2937658203125
698.0 11.90292177734375
699.0 10.28027080078125
700.0 9.7157384765625
701.0 8.74262900390625
702.0 10.98430361328125
703.0 7.4534166015625
704.0 2.49917861328125
705.0 13.93980947265625
706.0 9.97108662109375
707.0 8.25758369140625
708.0 13.207989453125
709.0 8.83742578125
710.0 9.42366728515625
711.0 3.60258798828125
712.0 14.1320900390625
713.0 11.021905859375
714.0 6.42545927734375
715.0 8.14039384765625
716.0 3.0652216796875
717.0 9.19092783203125
718.0 15.4923728515625
719.0 11.68029296875
720.0 11.43583623046875
721.0 14.22633525390625
722.0 12.388274609375
723.0 8.2206154296875
724.0 7.28633359375
725.0 0.0
726.0 0.0
727.0 0.0
728.0 31.42420146484375
729.0 15.7392548828125
730.0 14.42543564453125
731.0 15.45011572265625
732.0 18.65606591796875
733.0 17.874515625
734.0 27.66958857421875
735.0 31.7111865234375
736.0 36.67217900390625
737.0 42.87069423828125
738.0 31.25253603515625
739.0 27.0392072265625
740.0 19.64558115234375
741.0 20.85027109375
742.0 19.32281181640625
743.0 2.006003515625
744.0 0.4799271484375
745.0 4.0500564453125
746.0 8.251876953125
747.0 3.34162119140625
748.0 11.64429326171875
749.0 13.31698740234375
750.0 10.15629072265625
751.0 10.62625537109375
752.0 4.10121875
753.0 8.65740517578125
754.0 10.74966806640625
755.0 9.21207275390625
756.0 9.03029970703125
757.0 3.69679326171875
758.0 4.75547021484375
759.0 9.1700955078125
760.0 14.6898072265625
761.0 13.615558984375
762.0 10.83437724609375
763.0 12.60158935546875
764.0 9.7753529296875
765.0 8.468151171875
766.0 8.0915955078125
767.0 8.93957509765625
768.0 4.0390359375
769.0 9.434290625
770.0 10.926586328125
771.0 17.679021484375
772.0 12.72339560546875
773.0 12.23709072265625
774.0 12.23269482421875
775.0 8.25947705078125
776.0 0.0
777.0 0.0
778.0 0.0
779.0 0.0
780.0 0.35577822265625
781.0 1.22205537109375
782.0 1.3917677734375
783.0 0.59281455078125
784.0 0.6049533203125
785.0 0.775019921875
786.0 0.8959427734375
787.0 1.33241650390625
788.0 0.928890234375
789.0 0.81171728515625
790.0 0.59434970703125
791.0 0.53140263671875
792.0 1.41145009765625
793.0 0.9369591796875
794.0 0.58892314453125
795.0 1.118632421875
796.0 0.77673037109375
797.0 0.55258955078125
798.0 0.207832421875
799.0 0.89611826171875
