0.0 10.437651171875
1.0 12.58729794921875
2.0 13.00834677734375
3.0 11.62735048828125
4.0 9.5905056640625
5.0 7.19737177734375
6.0 3.76364814453125
7.0 4.88277158203125
8.0 9.71356708984375
9.0 10.3130359375
10.0 9.42316904296875
11.0 12.21250439453125
12.0 9.7435193359375
13.0 11.53013798828125
14.0 11.89024375
15.0 9.8664673828125
16.0 14.05836455078125
17.0 12.657960546875
18.0 13.29595703125
19.0 13.01741884765625
20.0 12.664378515625
21.0 13.03246181640625
22.0 13.256665625
23.0 10.09308359375
24.0 12.31248017578125
25.0 12.02170908203125
26.0 13.0038720703125
27.0 10.26444931640625
28.0 12.58757978515625
29.0 8.85019951171875
30.0 8.1257150390625
31.0 12.1507169921875
32.0 11.346160546875
33.0 11.53037236328125
34.0 7.531144140625
35.0 9.044283203125
36.0 13.084696484375
37.0 11.2393119140625
38.0 11.772215234375
39.0 11.27249765625
40.0 12.4416287109375
41.0 12.64770048828125
42.0 11.04355634765625
43.0 12.5232294921875
44.0 12.6679083984375
45.0 11.087791015625
46.0 12.6344021484375
47.0 11.88276201171875
48.0 13.5198982421875
49.0 10.43039697265625
50.0 10.98213193359375
51.0 11.763523828125
52.0 13.0563103515625
53.0 11.3643734375
54.0 10.49894638671875
55.0 10.27954287109375
56.0 8.8236671875
57.0 10.3660341796875
58.0 5.76842314453125
59.0 9.45806513671875
60.0 8.03470166015625
61.0 10.23200625
62.0 9.05224296875
63.0 10.2934142578125
64.0 12.01638359375
65.0 10.31852763671875
66.0 8.33017919921875
67.0 11.93732109375
68.0 6.84196552734375
69.0 12.7118359375
70.0 10.7406755859375
71.0 8.38649248046875
72.0 11.41596669921875
73.0 8.352282421875
74.0 9.25363603515625
75.0 7.59201787109375
76.0 11.8734572265625
77.0 11.7113203125
78.0 10.85349873046875
79.0 10.03877236328125
80.0 9.59840126953125
81.0 10.4913390625
82.0 11.11333466796875
83.0 12.15399365234375
84.0 10.2473
85.0 11.91486552734375
86.0 11.58483505859375
87.0 11.96038662109375
88.0 9.2982552734375
89.0 10.54710595703125
90.0 12.17024912109375
91.0 11.65654873046875
92.0 11.36545283203125
93.0 12.49567822265625
94.0 11.70394912109375
95.0 11.72751708984375
96.0 12.58578486328125
97.0 10.89262421875
98.0 13.817696875
99.0 11.96852109375
100.0 13.1861208984375
101.0 9.68209990234375
102.0 10.28623515625
103.0 11.127762890625
104.0 11.827567578125
105.0 11.55065087890625
106.0 10.7363466796875
107.0 10.249954296875
108.0 11.04601708984375
109.0 7.8505083984375
110.0 11.41338427734375
111.0 10.47015556640625
112.0 10.77713359375
113.0 10.94722138671875
114.0 10.31097275390625
115.0 10.75648134765625
116.0 10.68065263671875
117.0 10.3307291015625
118.0 9.339137890625
119.0 10.73305166015625
120.0 10.935025
121.0 7.80272294921875
122.0 12.0417337890625
123.0 10.27822265625
124.0 10.09445927734375
125.0 9.88128818359375
126.0 10.2714068359375
127.0 10.5460921875
128.0 11.44480986328125
129.0 10.89777294921875
130.0 12.1466962890625
131.0 11.0161697265625
132.0 9.92732578125
133.0 9.22727509765625
134.0 8.963720703125
135.0 10.51999638671875
136.0 12.20965732421875
137.0 7.952033203125
138.0 12.097992578125
139.0 10.242942578125
140.0 7.222971484375
141.0 11.51899248046875
142.0 7.33775595703125
143.0 10.9825861328125
144.0 10.63664169921875
145.0 7.05361318359375
146.0 6.67542412109375
147.0 6.42433466796875
148.0 8.55411220703125
149.0 7.136971484375
150.0 6.0146037109375
151.0 6.637227734375
152.0 7.44027197265625
153.0 9.02292158203125
154.0 6.2510251953125
155.0 5.95762626953125
156.0 4.6860537109375
157.0 5.921530078125
158.0 6.058770703125
159.0 6.676149609375
160.0 5.9967240234375
161.0 5.61421728515625
162.0 5.868851171875
163.0 6.31997578125
164.0 6.34143203125
165.0 6.13872939453125
166.0 5.78917861328125
167.0 6.61385625
168.0 8.25485810546875
169.0 6.89360634765625
170.0 5.69859052734375
171.0 7.253134765625
172.0 6.78146484375
173.0 8.3037013671875
174.0 8.22199873046875
175.0 9.394314453125
176.0 8.2603515625
177.0 6.697190625
178.0 7.59670693359375
179.0 8.23479345703125
180.0 7.07343857421875
181.0 5.84695087890625
182.0 6.44677724609375
183.0 7.750116796875
184.0 10.65164375
185.0 6.8865216796875
186.0 5.265115625
187.0 10.64360458984375
188.0 9.6372955078125
189.0 10.007918359375
190.0 9.22874794921875
191.0 10.48419208984375
192.0 8.40466328125
193.0 6.813691015625
194.0 10.11172451171875
195.0 11.11385859375
196.0 10.230489453125
197.0 8.35143271484375
198.0 10.2662046875
199.0 10.2609103515625
200.0 10.3250216796875
201.0 9.6155958984375
202.0 8.2808865234375
203.0 9.87982890625
204.0 9.7565140625
205.0 11.22797158203125
206.0 9.50022236328125
207.0 8.90730302734375
208.0 9.7431900390625
209.0 10.4053373046875
210.0 12.35051826171875
211.0 9.90472216796875
212.0 11.34686259765625
213.0 11.7103951171875
214.0 12.09877529296875
215.0 10.16024658203125
216.0 9.798474609375
217.0 10.1369072265625
218.0 9.1976220703125
219.0 10.31656884765625
220.0 11.12639306640625
221.0 10.94723662109375
222.0 10.32486240234375
223.0 10.8337466796875
224.0 11.098855078125
225.0 9.8395068359375
226.0 9.70796845703125
227.0 9.523519140625
228.0 10.85459990234375
229.0 9.12506494140625
230.0 10.47372060546875
231.0 8.5523763671875
232.0 9.88595185546875
233.0 6.82455302734375
234.0 10.3663220703125
235.0 8.3601109375
236.0 9.9800865234375
237.0 11.92455400390625
238.0 8.5439943359375
239.0 15.9111130859375
240.0 11.270984765625
241.0 11.1427501953125
242.0 11.29918017578125
243.0 11.6031197265625
244.0 11.2916037109375
245.0 9.7525720703125
246.0 9.62017744140625
247.0 10.55395859375
248.0 12.402457421875
249.0 7.93289208984375
250.0 8.126139453125
251.0 10.59828359375
252.0 10.3751326171875
253.0 8.7816767578125
254.0 7.64870537109375
255.0 10.0783005859375
256.0 11.75456845703125
257.0 11.39588271484375
258.0 9.98912216796875
259.0 10.13934755859375
260.0 11.61882822265625
261.0 5.7595751953125
262.0 7.37142255859375
263.0 11.93079521484375
264.0 12.12118720703125
265.0 0.0
266.0 0.0
267.0 25.0948400390625
268.0 7.83191337890625
269.0 6.04883046875
270.0 6.38338525390625
271.0 8.82383369140625
272.0 12.445775390625
273.0 12.68570478515625
274.0 10.63014794921875
275.0 12.04657568359375
276.0 11.2595228515625
277.0 13.14345009765625
278.0 11.7097474609375
279.0 12.03120751953125
280.0 13.21541240234375
281.0 13.02818095703125
282.0 13.92930126953125
283.0 9.78934453125
284.0 13.8553365234375
285.0 12.62033984375
286.0 11.809808984375
287.0 11.5532265625
288.0 10.610457421875
289.0 11.62378271484375
290.0 12.922702734375
291.0 11.61746904296875
292.0 10.14137822265625
293.0 7.3476015625
294.0 9.19391708984375
295.0 8.44611708984375
296.0 10.98205849609375
297.0 10.2249103515625
298.0 11.3204396484375
299.0 7.17240390625
300.0 6.5815091796875
301.0 12.32066318359375
302.0 8.7047958984375
303.0 10.57686416015625
304.0 5.2489365234375
305.0 5.41010244140625
306.0 5.05734482421875
307.0 8.93810400390625
308.0 8.52802158203125
309.0 9.890976171875
310.0 10.18521220703125
311.0 8.24901611328125
312.0 11.74374326171875
313.0 11.02140625
314.0 9.4508388671875
315.0 11.369859375
316.0 8.189476171875
317.0 8.74717978515625
318.0 9.615970703125
319.0 11.319944921875
320.0 9.53471826171875
321.0 9.684606640625
322.0 13.88457412109375
323.0 12.047295703125
324.0 9.51506982421875
325.0 9.51231357421875
326.0 9.68631103515625
327.0 9.7837916015625
328.0 10.33450263671875
329.0 10.43181044921875
330.0 10.716176171875
331.0 11.959901953125
332.0 11.15368994140625
333.0 12.47039892578125
334.0 11.589819921875
335.0 11.587953515625
336.0 12.0598716796875
337.0 11.7980958984375
338.0 10.96186650390625
339.0 12.45311337890625
340.0 11.736875
341.0 7.6808337890625
342.0 11.47317431640625
343.0 12.43594052734375
344.0 9.12931083984375
345.0 7.9787296875
346.0 11.0774193359375
347.0 9.73516669921875
348.0 9.75973134765625
349.0 7.36945048828125
350.0 7.00400830078125
351.0 8.1922078125
352.0 7.69221328125
353.0 6.90153330078125
354.0 6.7571326171875
355.0 6.13625107421875
356.0 7.2530546875
357.0 7.5829798828125
358.0 7.899193359375
359.0 6.3822185546875
360.0 6.12553876953125
361.0 7.109796875
362.0 6.7778328125
363.0 7.51632822265625
364.0 7.6817873046875
365.0 8.50781552734375
366.0 7.65489287109375
367.0 7.2874828125
368.0 9.972416015625
369.0 6.5646283203125
370.0 9.03323876953125
371.0 10.4923583984375
372.0 11.156328515625
373.0 12.2726591796875
374.0 11.7902625
375.0 9.08971044921875
376.0 9.58990166015625
377.0 8.8559701171875
378.0 11.29521201171875
379.0 10.50661630859375
380.0 8.23078203125
381.0 9.33912373046875
382.0 5.48334658203125
383.0 5.5731265625
384.0 9.188605078125
385.0 10.5513357421875
386.0 10.60831259765625
387.0 9.05327109375
388.0 9.65330966796875
389.0 7.07465087890625
390.0 7.42945107421875
391.0 6.63254111328125
392.0 8.8148953125
393.0 11.4043333984375
394.0 9.8541220703125
395.0 9.42388623046875
396.0 9.16298076171875
397.0 8.9297607421875
398.0 11.86993173828125
399.0 9.48964228515625
400.0 11.361648828125
401.0 8.5755376953125
402.0 6.94498720703125
403.0 11.77059384765625
404.0 12.45377568359375
405.0 13.56744072265625
406.0 13.63771201171875
407.0 10.415822265625
408.0 11.50939150390625
409.0 13.23356328125
410.0 9.9359154296875
411.0 9.20783583984375
412.0 9.2249173828125
413.0 10.71350654296875
414.0 11.382580078125
415.0 11.7821599609375
416.0 9.21829423828125
417.0 10.720811328125
418.0 12.118834765625
419.0 9.88431845703125
420.0 11.6782544921875
421.0 9.55802333984375
422.0 10.68150634765625
423.0 9.35920107421875
424.0 11.06579892578125
425.0 11.983267578125
426.0 9.5667005859375
427.0 11.466683203125
428.0 8.457393359375
429.0 14.2825431640625
430.0 11.40597724609375
431.0 10.3660154296875
432.0 9.07870732421875
433.0 10.02046181640625
434.0 5.96720087890625
435.0 6.11674384765625
436.0 6.646435546875
437.0 7.58439580078125
438.0 11.10273349609375
439.0 6.0898654296875
440.0 7.25593701171875
441.0 11.998946484375
442.0 10.232737109375
443.0 11.3536205078125
444.0 11.59198818359375
445.0 11.79195283203125
446.0 10.375932421875
447.0 10.3119326171875
448.0 6.7079314453125
449.0 6.71784599609375
450.0 5.47642978515625
451.0 7.992876171875
452.0 9.81972001953125
453.0 10.856165234375
454.0 11.268612109375
455.0 9.8619607421875
456.0 8.96510126953125
457.0 9.42462509765625
458.0 10.89081748046875
459.0 13.6399306640625
460.0 12.616291015625
461.0 11.9498845703125
462.0 12.09627197265625
463.0 12.5707162109375
464.0 10.7755978515625
465.0 12.66827744140625
466.0 13.4449265625
467.0 13.15065400390625
468.0 12.74499765625
469.0 10.77155205078125
470.0 10.5011873046875
471.0 13.17602080078125
472.0 8.93896181640625
473.0 11.715346484375
474.0 11.22089228515625
475.0 10.4492533203125
476.0 9.54574169921875
477.0 9.1240998046875
478.0 10.2953513671875
479.0 9.6030744140625
480.0 10.03277626953125
481.0 8.5200982421875
482.0 9.82321474609375
483.0 8.4445990234375
484.0 11.19907373046875
485.0 8.5977240234375
486.0 7.410688671875
487.0 6.435177734375
488.0 5.18349814453125
489.0 7.5714302734375
490.0 5.43253125
491.0 7.13383486328125
492.0 6.82738857421875
493.0 5.17055576171875
494.0 4.429783203125
495.0 7.3631201171875
496.0 3.13818466796875
497.0 6.78281640625
498.0 6.68318203125
499.0 5.26321708984375
500.0 8.19122958984375
501.0 8.9471857421875
502.0 10.20843720703125
503.0 10.119486328125
504.0 8.0108150390625
505.0 12.2793517578125
506.0 12.06282529296875
507.0 10.7956765625
508.0 10.274048828125
509.0 9.82706474609375
510.0 11.0125544921875
511.0 9.80763076171875
512.0 8.99375537109375
513.0 10.76293671875
514.0 11.89888994140625
515.0 9.02986171875
516.0 9.991034375
517.0 11.15835712890625
518.0 10.701501171875
519.0 10.02936923828125
520.0 9.24861962890625
521.0 11.00270625
522.0 10.47650654296875
523.0 10.13150751953125
524.0 10.30271025390625
525.0 9.60063935546875
526.0 10.23802294921875
527.0 11.5721337890625
528.0 11.385895703125
529.0 10.56341552734375
530.0 7.50205087890625
531.0 11.12072119140625
532.0 11.28104453125
533.0 11.65208798828125
534.0 9.46255224609375
535.0 10.8408064453125
536.0 10.572912890625
537.0 9.07324677734375
538.0 11.28685673828125
539.0 9.5772603515625
540.0 11.2070208984375
541.0 11.4018716796875
542.0 6.37397734375
543.0 7.74127470703125
544.0 8.2309208984375
545.0 7.92713857421875
546.0 8.556014453125
547.0 8.16225625
548.0 10.72853759765625
549.0 8.59142880859375
550.0 8.9093064453125
551.0 9.845374609375
552.0 6.4281087890625
553.0 7.6769369140625
554.0 10.198975
555.0 8.9977373046875
556.0 6.56011015625
557.0 9.18563623046875
558.0 8.90519111328125
559.0 8.63358017578125
560.0 5.28425
561.0 7.85274619140625
562.0 5.2429939453125
563.0 5.189883203125
564.0 7.0240294921875
565.0 8.92988681640625
566.0 9.5343912109375
567.0 9.8928767578125
568.0 11.1633103515625
569.0 1.8563875
570.0 2.9411611328125
571.0 8.210574609375
572.0 3.7457552734375
573.0 6.71284404296875
574.0 5.95313046875
575.0 8.88011748046875
576.0 6.6181162109375
577.0 7.4317103515625
578.0 8.43967783203125
579.0 10.08324072265625
580.0 11.43547607421875
581.0 7.91530927734375
582.0 14.03962158203125
583.0 11.41787265625
584.0 12.79322978515625
585.0 9.94184990234375
586.0 8.55877138671875
587.0 10.0258697265625
588.0 11.399317578125
589.0 9.25739375
590.0 10.2563388671875
591.0 9.55444375
592.0 8.14192021484375
593.0 8.49824677734375
594.0 10.1154521484375
595.0 7.47891025390625
596.0 8.67376875
597.0 9.12325634765625
598.0 10.385394140625
599.0 11.215146875
600.0 9.2823279296875
601.0 6.1371876953125
602.0 10.9298294921875
603.0 8.0646232421875
604.0 9.253123828125
605.0 10.41405302734375
606.0 4.4635021484375
607.0 12.38184794921875
608.0 10.98489521484375
609.0 12.61219150390625
610.0 10.46075478515625
611.0 11.1379642578125
612.0 10.49233974609375
613.0 9.63121640625
614.0 12.31509130859375
615.0 10.276180859375
616.0 9.553117578125
617.0 6.96560302734375
618.0 7.07773154296875
619.0 9.3910037109375
620.0 9.1827568359375
621.0 7.76025615234375
622.0 10.8317646484375
623.0 10.31240126953125
624.0 7.77825341796875
625.0 5.86643994140625
626.0 9.31900546875
627.0 8.05231982421875
628.0 10.646016015625
629.0 10.995742578125
630.0 9.5794431640625
631.0 8.35133125
632.0 9.10495576171875
633.0 9.8163666015625
634.0 9.49763876953125
635.0 7.87431416015625
636.0 8.95757216796875
637.0 8.17952392578125
638.0 7.30786123046875
639.0 7.39457685546875
640.0 7.150269140625
641.0 8.92369775390625
642.0 10.36461787109375
643.0 10.02672998046875
644.0 10.20324462890625
645.0 8.30823837890625
646.0 11.35977529296875
647.0 10.30878779296875
648.0 11.94880576171875
649.0 9.4479677734375
650.0 12.268914453125
651.0 11.71810703125
652.0 10.5850107421875
653.0 10.14682041015625
654.0 9.80476376953125
655.0 7.1353451171875
656.0 6.83441240234375
657.0 6.70151181640625
658.0 5.96227197265625
659.0 7.39843134765625
660.0 9.7922236328125
661.0 15.417974609375
662.0 13.71666279296875
663.0 7.8632568359375
664.0 16.50192724609375
665.0 14.179977734375
666.0 13.71012978515625
667.0 9.52458955078125
668.0 14.01416875
669.0 12.36369462890625
670.0 11.46206357421875
671.0 8.693681640625
672.0 10.519740625
673.0 10.89680986328125
674.0 10.72834521484375
675.0 9.6931869140625
676.0 13.63967392578125
677.0 12.3963234375
678.0 11.54269892578125
679.0 7.9887021484375
680.0 8.51058056640625
681.0 11.52655185546875
682.0 12.649265234375
683.0 6.107420703125
684.0 5.258220703125
685.0 10.39727626953125
686.0 9.0120623046875
687.0 11.2573041015625
688.0 5.6248884765625
689.0 5.31500498046875
690.0 7.13223984375
691.0 6.55287314453125
692.0 7.0340283203125
693.0 7.52212919921875
694.0 6.8846853515625
695.0 6.2218240234375
696.0 3.55421845703125
697.0 5.14940693359375
698.0 5.27670625
699.0 4.8563232421875
700.0 3.45344287109375
701.0 5.3141169921875
702.0 7.54651669921875
703.0 6.95433173828125
704.0 6.6687955078125
705.0 5.79992861328125
706.0 6.50714267578125
707.0 4.43302294921875
708.0 0.4261703125
709.0 0.90381611328125
710.0 1.85659111328125
711.0 5.9909322265625
712.0 5.9465515625
713.0 6.1261798828125
714.0 5.94630693359375
715.0 4.28692578125
716.0 3.6903939453125
717.0 6.270451171875
718.0 5.3873505859375
719.0 6.0504681640625
720.0 6.328887109375
721.0 5.53770517578125
722.0 3.12223525390625
723.0 6.16619248046875
724.0 6.27093017578125
725.0 5.87643896484375
726.0 6.8318564453125
727.0 6.9239236328125
728.0 6.07120263671875
729.0 6.530169140625
730.0 5.564115234375
731.0 5.3479375
732.0 5.55289130859375
733.0 5.68412646484375
734.0 5.5407759765625
735.0 5.5412513671875
736.0 6.356007421875
737.0 5.89738056640625
738.0 6.21830927734375
739.0 5.672159375
740.0 5.36871640625
741.0 5.8112724609375
742.0 6.00530029296875
743.0 5.6837279296875
744.0 5.183158203125
745.0 5.55914765625
746.0 6.13732724609375
747.0 6.4064544921875
748.0 6.00250673828125
749.0 5.89263037109375
750.0 9.6109955078125
751.0 10.3504892578125
752.0 6.9198439453125
753.0 7.11211640625
754.0 6.2739818359375
755.0 6.2373701171875
756.0 6.69729423828125
757.0 5.93473515625
758.0 6.01878525390625
759.0 6.04801337890625
760.0 5.70683330078125
761.0 5.25811875
762.0 5.5548298828125
763.0 6.85274228515625
764.0 10.576508203125
765.0 6.021575
766.0 5.19110732421875
767.0 4.976038671875
768.0 5.77023916015625
769.0 6.11120419921875
770.0 5.83284833984375
771.0 5.68315185546875
772.0 5.77839462890625
773.0 4.9829337890625
774.0 5.3505451171875
775.0 3.63744599609375
776.0 6.6553955078125
777.0 8.12946357421875
778.0 6.358687109375
779.0 6.4624533203125
780.0 6.84732333984375
781.0 5.3042701171875
782.0 6.45599658203125
783.0 6.3429005859375
784.0 7.39941318359375
785.0 6.75040302734375
786.0 5.98165
787.0 6.1952486328125
788.0 7.9163203125
789.0 6.83257041015625
790.0 6.49439912109375
791.0 6.17564716796875
792.0 5.9380169921875
793.0 5.52540419921875
794.0 6.43540517578125
795.0 6.1608337890625
796.0 5.69567216796875
797.0 5.87706669921875
798.0 4.412291796875
799.0 5.9273828125
