0.0 17.0826271484375
1.0 19.442461328125
2.0 19.00738037109375
3.0 20.15310126953125
4.0 16.645884765625
5.0 20.8595314453125
6.0 20.2684439453125
7.0 24.2704966796875
8.0 17.118565625
9.0 20.23442021484375
10.0 18.4043890625
11.0 19.9662927734375
12.0 20.47524248046875
13.0 23.73674638671875
14.0 21.1369529296875
15.0 19.24586064453125
16.0 17.645928515625
17.0 25.25152021484375
18.0 22.83164404296875
19.0 18.09247021484375
20.0 24.33216025390625
21.0 24.1996625
22.0 21.1772509765625
23.0 23.65869287109375
24.0 21.7979236328125
25.0 23.5525580078125
26.0 20.4303486328125
27.0 24.07248447265625
28.0 22.6556255859375
29.0 17.01286328125
30.0 27.432264453125
31.0 23.415601171875
32.0 23.7817798828125
33.0 22.259347265625
34.0 23.9448611328125
35.0 24.054
36.0 21.79309091796875
37.0 24.1852576171875
38.0 21.685691796875
39.0 21.87524423828125
40.0 21.46028369140625
41.0 24.56640859375
42.0 22.71145419921875
43.0 23.8966224609375
44.0 21.32582216796875
45.0 23.61583095703125
46.0 21.67041103515625
47.0 24.16865205078125
48.0 21.2843576171875
49.0 24.2724103515625
50.0 21.76363515625
51.0 23.8965365234375
52.0 21.7457947265625
53.0 24.00654423828125
54.0 18.73417451171875
55.0 20.6977796875
56.0 21.33594306640625
57.0 22.82432353515625
58.0 23.1481935546875
59.0 20.84977763671875
60.0 21.37285869140625
61.0 21.45387490234375
62.0 23.55248798828125
63.0 23.7847001953125
64.0 21.3167322265625
65.0 21.80551640625
66.0 23.62652578125
67.0 16.89632021484375
68.0 23.6437408203125
69.0 22.2204349609375
70.0 20.0466271484375
71.0 20.09092919921875
72.0 22.90768310546875
73.0 20.178838671875
74.0 23.74165361328125
75.0 23.0937619140625
76.0 20.6195892578125
77.0 22.0766044921875
78.0 23.457645703125
79.0 20.9893826171875
80.0 22.52445908203125
81.0 19.88088505859375
82.0 22.60376337890625
83.0 23.57579755859375
84.0 21.301893359375
85.0 24.09017275390625
86.0 18.09349345703125
87.0 22.5070751953125
88.0 22.89908740234375
89.0 20.28399951171875
90.0 21.64137060546875
91.0 22.01530947265625
92.0 19.587122265625
93.0 22.73031982421875
94.0 21.7861939453125
95.0 23.7091986328125
96.0 16.592699609375
97.0 30.876658203125
98.0 20.4823556640625
99.0 23.5457505859375
100.0 23.35829638671875
101.0 21.72252919921875
102.0 23.34630634765625
103.0 22.1181388671875
104.0 24.9721806640625
105.0 20.94287666015625
106.0 25.46980107421875
107.0 21.07992509765625
108.0 23.89215625
109.0 21.53772998046875
110.0 23.11425380859375
111.0 21.3099869140625
112.0 23.75514443359375
113.0 24.24326826171875
114.0 21.72630341796875
115.0 23.668024609375
116.0 22.501161328125
117.0 20.88895234375
118.0 23.04533310546875
119.0 21.01690244140625
120.0 23.160357421875
121.0 22.8595859375
122.0 20.60206181640625
123.0 22.1849802734375
124.0 23.98457431640625
125.0 21.2733021484375
126.0 19.45132900390625
127.0 26.86502021484375
128.0 23.3165806640625
129.0 20.20189794921875
130.0 16.1753916015625
131.0 31.04618779296875
132.0 24.41485869140625
133.0 16.1029490234375
134.0 28.7983068359375
135.0 21.43134052734375
136.0 24.78058076171875
137.0 21.7026578125
138.0 23.047876171875
139.0 23.81388017578125
140.0 18.4841890625
141.0 22.857101171875
142.0 21.57070400390625
143.0 24.1417392578125
144.0 21.88857080078125
145.0 24.03298369140625
146.0 21.332540234375
147.0 23.413659765625
148.0 20.6372126953125
149.0 20.8945703125
150.0 24.21643232421875
151.0 21.63568515625
152.0 23.06806552734375
153.0 23.39323984375
154.0 20.9255501953125
155.0 18.6274546875
156.0 22.27244697265625
157.0 18.88878740234375
158.0 23.82730966796875
159.0 20.78572470703125
160.0 23.25402763671875
161.0 21.95016201171875
162.0 23.67345869140625
163.0 10.57714296875
164.0 27.47695166015625
165.0 25.56830361328125
166.0 21.83668662109375
167.0 20.95653896484375
168.0 22.756537890625
169.0 21.33106689453125
170.0 18.87123193359375
171.0 23.09479921875
172.0 19.6867361328125
173.0 21.73920634765625
174.0 20.0025302734375
175.0 22.6672099609375
176.0 22.79283173828125
177.0 21.935378515625
178.0 22.142842578125
179.0 19.53684931640625
180.0 20.16834775390625
181.0 23.78692275390625
182.0 21.08881015625
183.0 23.97575048828125
184.0 21.24084443359375
185.0 23.42961298828125
186.0 23.059932421875
187.0 21.0291203125
188.0 23.05834287109375
189.0 22.55982353515625
190.0 20.66204453125
191.0 23.95713759765625
192.0 20.5063515625
193.0 16.632191015625
194.0 28.5019396484375
195.0 15.66605947265625
196.0 30.22591083984375
197.0 19.25053291015625
198.0 24.51370546875
199.0 20.56377724609375
200.0 19.37568017578125
201.0 25.5131046875
202.0 22.87475517578125
203.0 22.04999013671875
204.0 19.25427373046875
205.0 23.01728701171875
206.0 21.8569169921875
207.0 20.93644111328125
208.0 19.934453125
209.0 18.04975029296875
210.0 19.40274912109375
211.0 21.2011697265625
212.0 19.50810146484375
213.0 21.90908046875
214.0 20.02635244140625
215.0 22.642949609375
216.0 18.35429873046875
217.0 21.56250751953125
218.0 17.5397333984375
219.0 19.83733125
220.0 22.3059025390625
221.0 19.928741796875
222.0 21.120245703125
223.0 19.9631353515625
224.0 21.2567263671875
225.0 19.20693779296875
226.0 19.4013580078125
227.0 17.71294453125
228.0 13.7586541015625
229.0 17.002101953125
230.0 17.65632919921875
231.0 19.23216298828125
232.0 21.598465625
233.0 21.906427734375
234.0 18.61413330078125
235.0 16.37369912109375
236.0 16.2882669921875
237.0 13.6382638671875
238.0 15.471870703125
239.0 13.55582373046875
240.0 11.6957060546875
241.0 11.86854638671875
242.0 14.57428505859375
243.0 14.46397138671875
244.0 8.70383427734375
245.0 18.07993818359375
246.0 17.54526513671875
247.0 14.83304306640625
248.0 20.39409208984375
249.0 17.05583154296875
250.0 18.94795283203125
251.0 19.54564599609375
252.0 22.17857646484375
253.0 20.485259765625
254.0 19.71275595703125
255.0 20.948705078125
256.0 19.49914853515625
257.0 15.8577732421875
258.0 20.42519453125
259.0 20.20456005859375
260.0 16.99496796875
261.0 21.5451544921875
262.0 17.10057978515625
263.0 15.75118935546875
264.0 18.01826015625
265.0 19.73509296875
266.0 17.3091490234375
267.0 19.31674609375
268.0 17.30414140625
269.0 20.583063671875
270.0 19.3820048828125
271.0 23.37586630859375
272.0 22.6483099609375
273.0 20.65734130859375
274.0 19.247689453125
275.0 21.11481591796875
276.0 19.59456064453125
277.0 16.22725361328125
278.0 20.56307197265625
279.0 19.16462900390625
280.0 23.69744189453125
281.0 16.6170546875
282.0 29.47961181640625
283.0 20.91858310546875
284.0 23.1796619140625
285.0 21.702145703125
286.0 20.2757802734375
287.0 19.09050517578125
288.0 17.2603046875
289.0 22.77492236328125
290.0 23.46307001953125
291.0 21.1081830078125
292.0 23.68156328125
293.0 20.61032958984375
294.0 21.639981640625
295.0 22.712002734375
296.0 21.125733984375
297.0 24.45924375
298.0 19.804833984375
299.0 22.59395771484375
300.0 21.78135576171875
301.0 16.299484765625
302.0 26.603021875
303.0 23.512382421875
304.0 20.35425009765625
305.0 22.60938798828125
306.0 23.33983271484375
307.0 19.42051044921875
308.0 22.7140740234375
309.0 19.65215732421875
310.0 21.3117548828125
311.0 23.924522265625
312.0 19.953775390625
313.0 23.49610322265625
314.0 20.2740857421875
315.0 22.530221484375
316.0 20.25350458984375
317.0 23.16220615234375
318.0 21.11055087890625
319.0 22.2003236328125
320.0 21.9084611328125
321.0 21.5449703125
322.0 17.20515673828125
323.0 23.01357021484375
324.0 21.3542263671875
325.0 19.92459619140625
326.0 22.46317294921875
327.0 22.22060068359375
328.0 20.792468359375
329.0 21.343151171875
330.0 20.56281123046875
331.0 22.65586259765625
332.0 21.49587822265625
333.0 19.93543017578125
334.0 22.2255603515625
335.0 22.61668955078125
336.0 20.8570546875
337.0 20.00989609375
338.0 19.96787958984375
339.0 20.10364951171875
340.0 18.988289453125
341.0 14.34128349609375
342.0 16.27022470703125
343.0 18.55687734375
344.0 23.10441943359375
345.0 15.87296875
346.0 25.94079306640625
347.0 20.53538564453125
348.0 20.48961513671875
349.0 22.64607197265625
350.0 20.345978125
351.0 23.18026337890625
352.0 22.48475107421875
353.0 20.99154697265625
354.0 22.83329248046875
355.0 13.57060341796875
356.0 29.80478671875
357.0 22.4500640625
358.0 19.4422673828125
359.0 21.74342333984375
360.0 18.41452607421875
361.0 23.23644990234375
362.0 22.53973759765625
363.0 21.7908787109375
364.0 20.9122583984375
365.0 19.69617001953125
366.0 20.58492041015625
367.0 22.901671484375
368.0 20.29818974609375
369.0 23.11638564453125
370.0 18.74958154296875
371.0 20.65008515625
372.0 22.9384509765625
373.0 20.74659052734375
374.0 21.6463080078125
375.0 22.540794140625
376.0 20.0457373046875
377.0 22.85681513671875
378.0 18.4718724609375
379.0 23.27165458984375
380.0 23.5241939453125
381.0 19.5285025390625
382.0 19.69562578125
383.0 22.85256982421875
384.0 21.57614970703125
385.0 22.218578125
386.0 19.98987255859375
387.0 20.71870849609375
388.0 20.8657484375
389.0 22.63733359375
390.0 21.1050607421875
391.0 15.70507509765625
392.0 27.046772265625
393.0 23.16456357421875
394.0 20.52471904296875
395.0 22.3592330078125
396.0 23.17180634765625
397.0 19.975724609375
398.0 23.000046484375
399.0 22.8344734375
400.0 19.77105234375
401.0 22.2275474609375
402.0 20.87099208984375
403.0 22.0247361328125
404.0 20.995062890625
405.0 22.50079873046875
406.0 20.567278515625
407.0 22.28032548828125
408.0 23.35056015625
409.0 19.91636572265625
410.0 23.4865265625
411.0 20.75826708984375
412.0 22.66426318359375
413.0 23.02081015625
414.0 20.664303515625
415.0 21.8533373046875
416.0 20.854570703125
417.0 23.25890908203125
418.0 21.26505673828125
419.0 20.54023212890625
420.0 22.61501181640625
421.0 20.9460625
422.0 20.6630296875
423.0 24.78846630859375
424.0 22.76248251953125
425.0 20.512771484375
426.0 22.6375931640625
427.0 19.523134375
428.0 23.43295009765625
429.0 20.86694130859375
430.0 21.07472841796875
431.0 22.2785462890625
432.0 21.49900546875
433.0 19.12579287109375
434.0 21.357854296875
435.0 20.20185322265625
436.0 19.49118037109375
437.0 20.67853916015625
438.0 14.40686201171875
439.0 28.40499140625
440.0 20.2256751953125
441.0 22.39896865234375
442.0 23.73261171875
443.0 20.50953818359375
444.0 22.3825193359375
445.0 17.7551337890625
446.0 18.56024267578125
447.0 23.7883490234375
448.0 24.69521123046875
449.0 21.169019921875
450.0 21.737281640625
451.0 20.66107626953125
452.0 23.8038251953125
453.0 20.86816240234375
454.0 23.008851171875
455.0 22.88987333984375
456.0 21.187028515625
457.0 19.91205849609375
458.0 22.70045517578125
459.0 21.41182939453125
460.0 20.68571796875
461.0 22.6025458984375
462.0 14.25001416015625
463.0 22.79741884765625
464.0 18.60222802734375
465.0 19.74664306640625
466.0 20.09165068359375
467.0 22.86854609375
468.0 17.87320341796875
469.0 25.5534982421875
470.0 19.08582607421875
471.0 22.85982705078125
472.0 21.7079658203125
473.0 19.4971591796875
474.0 24.122208203125
475.0 22.2987615234375
476.0 18.37292275390625
477.0 18.8328427734375
478.0 22.09113095703125
479.0 21.6632099609375
480.0 22.949651171875
481.0 20.491905859375
482.0 20.29747158203125
483.0 21.2749078125
484.0 20.30656044921875
485.0 17.48820810546875
486.0 12.805411328125
487.0 18.88441708984375
488.0 25.51534755859375
489.0 23.158407421875
490.0 14.38696728515625
491.0 29.12736083984375
492.0 18.99486748046875
493.0 22.59571806640625
494.0 23.1020201171875
495.0 20.0709943359375
496.0 20.7629533203125
497.0 17.17988388671875
498.0 20.64299833984375
499.0 23.21150419921875
500.0 21.133383203125
501.0 23.062923828125
502.0 20.7039515625
503.0 20.14496669921875
504.0 20.6796208984375
505.0 16.83469189453125
506.0 18.01090966796875
507.0 19.8267306640625
508.0 18.31076171875
509.0 14.1278515625
510.0 17.1164384765625
511.0 17.99433125
512.0 18.92212392578125
513.0 21.04456650390625
514.0 18.72140966796875
515.0 15.46461376953125
516.0 16.6232982421875
517.0 20.86835703125
518.0 17.5533453125
519.0 18.60588330078125
520.0 21.82839228515625
521.0 22.768048046875
522.0 17.48370458984375
523.0 20.57501162109375
524.0 19.29684638671875
525.0 17.69846484375
526.0 19.39521708984375
527.0 20.25811318359375
528.0 16.60425419921875
529.0 21.9333451171875
530.0 19.009662109375
531.0 20.80591669921875
532.0 17.1476484375
533.0 18.807658203125
534.0 18.1725185546875
535.0 13.53902294921875
536.0 13.1220806640625
537.0 14.94443046875
538.0 15.49050537109375
539.0 18.5601884765625
540.0 19.60438740234375
541.0 18.48657958984375
542.0 20.69425556640625
543.0 19.78130791015625
544.0 20.321590234375
545.0 18.23146357421875
546.0 21.17414755859375
547.0 19.94770966796875
548.0 20.5801255859375
549.0 13.46820244140625
550.0 28.1327107421875
551.0 20.07431005859375
552.0 22.480161328125
553.0 20.7387771484375
554.0 22.46003857421875
555.0 22.32681865234375
556.0 20.61298125
557.0 22.439046484375
558.0 22.30675693359375
559.0 16.959847265625
560.0 27.37845107421875
561.0 19.9395318359375
562.0 21.05810458984375
563.0 19.820149609375
564.0 21.88883271484375
565.0 20.3945673828125
566.0 22.672840234375
567.0 23.09450859375
568.0 19.47071337890625
569.0 22.0797484375
570.0 21.30463037109375
571.0 23.01640556640625
572.0 22.61256748046875
573.0 19.8598015625
574.0 18.238286328125
575.0 25.50495078125
576.0 21.9666466796875
577.0 18.9806099609375
578.0 20.3751109375
579.0 21.660714453125
580.0 22.0574529296875
581.0 18.47507314453125
582.0 24.3409740234375
583.0 22.958431640625
584.0 20.63947783203125
585.0 22.80144677734375
586.0 22.67121123046875
587.0 19.8557947265625
588.0 21.30423779296875
589.0 22.84328232421875
590.0 21.448211328125
591.0 22.57036220703125
592.0 20.040673046875
593.0 22.88343349609375
594.0 14.2321052734375
595.0 29.02941982421875
596.0 21.13682548828125
597.0 22.710056640625
598.0 19.98039033203125
599.0 22.2815873046875
600.0 16.7922390625
601.0 25.627463671875
602.0 21.554946875
603.0 20.04331708984375
604.0 21.800967578125
605.0 19.56426669921875
606.0 21.695585546875
607.0 17.396712890625
608.0 12.8206373046875
609.0 25.23139013671875
610.0 17.16968544921875
611.0 11.58871064453125
612.0 23.7863216796875
613.0 12.9747021484375
614.0 22.65342373046875
615.0 19.79245224609375
616.0 12.40210380859375
617.0 17.163503125
618.0 18.961319921875
619.0 14.9877357421875
620.0 16.89419609375
621.0 17.37331591796875
622.0 19.121098046875
623.0 19.78466328125
624.0 17.81748037109375
625.0 16.42510966796875
626.0 16.902256640625
627.0 15.156323046875
628.0 13.85149541015625
629.0 13.57018076171875
630.0 10.87970732421875
631.0 13.073381640625
632.0 14.14449208984375
633.0 14.9365134765625
634.0 15.58214267578125
635.0 17.79005673828125
636.0 13.0489173828125
637.0 15.535552734375
638.0 15.28291337890625
639.0 14.68954462890625
640.0 16.2214333984375
641.0 24.401298046875
642.0 14.926347265625
643.0 15.339828515625
644.0 19.65494970703125
645.0 14.94380361328125
646.0 15.6004681640625
647.0 14.292777734375
648.0 16.38523681640625
649.0 20.55727158203125
650.0 17.491118359375
651.0 14.90394375
652.0 19.64047265625
653.0 18.7357982421875
654.0 16.4655013671875
655.0 18.8015986328125
656.0 20.59119033203125
657.0 18.555316796875
658.0 22.03672587890625
659.0 19.83379541015625
660.0 21.4099154296875
661.0 21.87018701171875
662.0 20.55203037109375
663.0 20.29331025390625
664.0 12.5049943359375
665.0 24.7262935546875
666.0 21.8148048828125
667.0 14.85987197265625
668.0 27.4231388671875
669.0 17.43478095703125
670.0 20.9301076171875
671.0 15.64943134765625
672.0 26.84256494140625
673.0 20.6954953125
674.0 20.2101154296875
675.0 22.12424140625
676.0 17.8434265625
677.0 19.35732763671875
678.0 18.3289078125
679.0 20.3458498046875
680.0 23.04989765625
681.0 22.6286720703125
682.0 14.443728125
683.0 22.5766228515625
684.0 21.2287302734375
685.0 18.994270703125
686.0 23.3095423828125
687.0 20.541140625
688.0 22.4009267578125
689.0 21.7206837890625
690.0 22.94070078125
691.0 20.91973623046875
692.0 23.25282080078125
693.0 21.5708072265625
694.0 14.5794185546875
695.0 25.5186947265625
696.0 20.5461208984375
697.0 23.19881806640625
698.0 21.59093623046875
699.0 20.99216396484375
700.0 23.94565703125
701.0 22.9502435546875
702.0 20.52438291015625
703.0 21.097975
704.0 15.15240244140625
705.0 29.0293216796875
706.0 20.12940361328125
707.0 22.88464638671875
708.0 17.87308798828125
709.0 22.57991640625
710.0 21.89390478515625
711.0 19.7666095703125
712.0 21.3635876953125
713.0 18.86568115234375
714.0 19.44559560546875
715.0 23.006020703125
716.0 18.742627734375
717.0 21.79860478515625
718.0 22.2799072265625
719.0 19.37223564453125
720.0 20.10869677734375
721.0 17.528757421875
722.0 20.638094140625
723.0 19.46966396484375
724.0 16.46343681640625
725.0 21.31986884765625
726.0 18.64190791015625
727.0 16.81394248046875
728.0 19.155502734375
729.0 17.22789521484375
730.0 17.71011923828125
731.0 18.32518076171875
732.0 18.09179853515625
733.0 20.54480380859375
734.0 17.57697548828125
735.0 21.96870380859375
736.0 20.15741083984375
737.0 20.58474375
738.0 20.29108330078125
739.0 22.166705078125
740.0 20.7785892578125
741.0 20.89805078125
742.0 20.8310599609375
743.0 22.0969630859375
744.0 22.6230580078125
745.0 20.00871611328125
746.0 17.178209765625
747.0 26.37131474609375
748.0 22.1776798828125
749.0 20.26436552734375
750.0 22.4768986328125
751.0 20.55471064453125
752.0 21.69491875
753.0 20.1759458984375
754.0 22.46222900390625
755.0 22.54461171875
756.0 20.17305908203125
757.0 22.31767294921875
758.0 19.5895642578125
759.0 21.6465470703125
760.0 10.77862890625
761.0 31.00660078125
762.0 22.6093486328125
763.0 18.41598603515625
764.0 25.73499169921875
765.0 20.29036171875
766.0 23.2392138671875
767.0 20.35475751953125
768.0 23.13541728515625
769.0 20.94674404296875
770.0 22.55012109375
771.0 18.9456568359375
772.0 15.844386328125
773.0 22.579740625
774.0 23.2796701171875
775.0 20.21067978515625
776.0 16.02925166015625
777.0 20.79971748046875
778.0 20.81257548828125
779.0 19.90927802734375
780.0 20.34384423828125
781.0 18.4042228515625
782.0 17.7995734375
783.0 19.98940615234375
784.0 16.760972265625
785.0 18.514539453125
786.0 22.35060576171875
787.0 21.891050390625
788.0 17.61482060546875
789.0 22.3565123046875
790.0 20.3531046875
791.0 20.69105205078125
792.0 18.72151923828125
793.0 20.2122947265625
794.0 16.53916591796875
795.0 21.5675423828125
796.0 18.36226142578125
797.0 21.96574921875
798.0 19.81934013671875
799.0 20.413299609375
