0.0 29.4162125
1.0 26.0857572265625
2.0 18.2785953125
3.0 26.0181849609375
4.0 22.6762892578125
5.0 23.01256962890625
6.0 22.14736083984375
7.0 22.08949228515625
8.0 27.95556025390625
9.0 26.64229892578125
10.0 26.22075625
11.0 24.90135166015625
12.0 26.14627783203125
13.0 25.19311455078125
14.0 29.66847900390625
15.0 25.6091763671875
16.0 27.51742158203125
17.0 24.9348490234375
18.0 24.24323359375
19.0 27.11489423828125
20.0 24.9314431640625
21.0 26.65314853515625
22.0 24.35028876953125
23.0 18.64329970703125
24.0 5.34154921875
25.0 30.485733984375
26.0 27.038997265625
27.0 21.23801181640625
28.0 30.32762099609375
29.0 24.69032412109375
30.0 21.26195712890625
31.0 20.18809443359375
32.0 20.85319384765625
33.0 27.956994921875
34.0 20.585621875
35.0 23.32719189453125
36.0 20.2565970703125
37.0 22.984149609375
38.0 21.69065595703125
39.0 16.9637873046875
40.0 24.76697861328125
41.0 6.195458984375
42.0 17.0749595703125
43.0 23.19589501953125
44.0 19.35406025390625
45.0 22.9755974609375
46.0 20.629084375
47.0 23.267670703125
48.0 21.3513412109375
49.0 21.19197080078125
50.0 22.8263515625
51.0 20.286519921875
52.0 19.46098427734375
53.0 18.57640615234375
54.0 21.359996484375
55.0 10.3003283203125
56.0 15.97467353515625
57.0 23.2817744140625
58.0 13.84552861328125
59.0 0.99747265625
60.0 1.86138134765625
61.0 12.5705275390625
62.0 11.53939921875
63.0 11.49996298828125
64.0 2.71231513671875
65.0 14.9204974609375
66.0 16.436834375
67.0 9.5818064453125
68.0 11.34089169921875
69.0 9.09611513671875
70.0 7.6407462890625
71.0 17.99085693359375
72.0 5.19750517578125
73.0 9.978551171875
74.0 10.352851953125
75.0 17.08152373046875
76.0 12.9274291015625
77.0 3.76902451171875
78.0 2.51362021484375
79.0 14.46839990234375
80.0 21.61112685546875
81.0 19.69955693359375
82.0 19.840054296875
83.0 16.20471455078125
84.0 5.81182861328125
85.0 26.34639345703125
86.0 23.82657353515625
87.0 22.441933984375
88.0 18.77584482421875
89.0 10.9575458984375
90.0 21.75785205078125
91.0 16.31898212890625
92.0 9.66109873046875
93.0 15.64062314453125
94.0 23.47655537109375
95.0 22.1382150390625
96.0 9.4681044921875
97.0 20.22702802734375
98.0 24.821026953125
99.0 17.9569720703125
100.0 25.32757392578125
101.0 20.833422265625
102.0 24.94403134765625
103.0 20.0669525390625
104.0 14.30232021484375
105.0 18.482577734375
106.0 12.82028232421875
107.0 20.85248955078125
108.0 23.422942578125
109.0 18.42121376953125
110.0 23.6319953125
111.0 23.74396884765625
112.0 25.2824568359375
113.0 26.00959775390625
114.0 23.077397265625
115.0 22.1636833984375
116.0 20.34022060546875
117.0 18.12699111328125
118.0 15.337076953125
119.0 10.79081806640625
120.0 9.92707666015625
121.0 7.61154794921875
122.0 7.11280380859375
123.0 12.24392587890625
124.0 18.3874982421875
125.0 10.7845623046875
126.0 8.3688029296875
127.0 2.9567724609375
128.0 1.2601427734375
129.0 1.5350234375
130.0 1.0125580078125
131.0 1.7531966796875
132.0 2.0618744140625
133.0 0.89646904296875
134.0 0.385726953125
135.0 0.17666630859375
136.0 1.19476572265625
137.0 1.22801923828125
138.0 3.5680521484375
139.0 7.78691337890625
140.0 13.47915654296875
141.0 1.82235146484375
142.0 7.2962296875
143.0 7.81470478515625
144.0 15.57588955078125
145.0 3.3298533203125
146.0 20.79958740234375
147.0 5.07823486328125
148.0 21.34953388671875
149.0 17.0405732421875
150.0 19.82080244140625
151.0 12.613717578125
152.0 18.818933203125
153.0 19.5866912109375
154.0 22.9388998046875
155.0 18.0050173828125
156.0 19.127865234375
157.0 20.70429130859375
158.0 18.750506640625
159.0 23.73709951171875
160.0 20.66701298828125
161.0 14.278046484375
162.0 15.564493359375
163.0 25.5650794921875
164.0 22.21942060546875
165.0 17.48028740234375
166.0 20.1603318359375
167.0 21.2447703125
168.0 22.64261240234375
169.0 23.0551470703125
170.0 24.5565630859375
171.0 20.1685525390625
172.0 16.3754044921875
173.0 26.94861640625
174.0 23.39708720703125
175.0 23.9308380859375
176.0 22.34342333984375
177.0 21.5512365234375
178.0 22.60711435546875
179.0 18.027659765625
180.0 10.42031689453125
181.0 17.31723134765625
182.0 25.3776390625
183.0 23.2663728515625
184.0 22.47113681640625
185.0 23.675896875
186.0 22.6240802734375
187.0 22.61055693359375
188.0 18.8139388671875
189.0 18.012365234375
190.0 27.99934892578125
191.0 21.54280859375
192.0 23.57642255859375
193.0 21.43463740234375
194.0 14.67846416015625
195.0 13.31180419921875
196.0 19.9464931640625
197.0 22.35323125
198.0 24.8410001953125
199.0 21.76131259765625
200.0 18.13134677734375
201.0 25.90399072265625
202.0 21.64264140625
203.0 18.80624873046875
204.0 25.07870546875
205.0 20.7692935546875
206.0 21.35542958984375
207.0 20.7774408203125
208.0 13.3707822265625
209.0 6.1650013671875
210.0 15.56316943359375
211.0 19.539046484375
212.0 14.15653017578125
213.0 18.354053125
214.0 21.07243974609375
215.0 22.665869921875
216.0 25.1477462890625
217.0 18.56103388671875
218.0 22.3299498046875
219.0 20.41113251953125
220.0 20.91292919921875
221.0 22.23940615234375
222.0 22.35542275390625
223.0 22.54863876953125
224.0 20.5514033203125
225.0 19.9505328125
226.0 18.322605859375
227.0 21.706687890625
228.0 22.0227939453125
229.0 18.2565404296875
230.0 17.965758203125
231.0 15.83937431640625
232.0 22.24342080078125
233.0 17.764199609375
234.0 22.34404873046875
235.0 22.55975341796875
236.0 24.37774091796875
237.0 14.951230859375
238.0 24.223082421875
239.0 13.692348046875
240.0 23.5127408203125
241.0 21.01043583984375
242.0 9.75376591796875
243.0 23.18905771484375
244.0 20.15906748046875
245.0 20.42259208984375
246.0 15.08946064453125
247.0 22.7968453125
248.0 17.1764474609375
249.0 15.73711689453125
250.0 21.5262392578125
251.0 11.98497744140625
252.0 22.5726189453125
253.0 9.844675
254.0 12.66446591796875
255.0 13.18680185546875
256.0 7.92470595703125
257.0 13.50724033203125
258.0 4.93458955078125
259.0 17.7621970703125
260.0 21.397172265625
261.0 17.925100390625
262.0 19.07553515625
263.0 19.8780966796875
264.0 22.68703701171875
265.0 18.6619869140625
266.0 17.61840693359375
267.0 18.59090517578125
268.0 21.578316796875
269.0 12.73264375
270.0 25.570281640625
271.0 20.8901166015625
272.0 24.27559931640625
273.0 16.12170029296875
274.0 23.0113611328125
275.0 20.39567783203125
276.0 24.53787587890625
277.0 17.84187470703125
278.0 8.4507142578125
279.0 15.2853314453125
280.0 10.275716796875
281.0 4.604637109375
282.0 2.98951484375
283.0 2.19129931640625
284.0 0.51547626953125
285.0 0.14161533203125
286.0 0.0726623046875
287.0 0.3598326171875
288.0 0.10871142578125
289.0 0.1875228515625
290.0 2.01443486328125
291.0 0.4165419921875
292.0 0.2698830078125
293.0 1.00966572265625
294.0 2.43327333984375
295.0 2.19223759765625
296.0 0.22217578125
297.0 0.50006103515625
298.0 8.3642888671875
299.0 13.20258125
300.0 5.35496669921875
301.0 19.519851953125
302.0 16.538748046875
303.0 11.52754384765625
304.0 14.9483796875
305.0 5.31520556640625
306.0 2.95586669921875
307.0 2.1489029296875
308.0 5.526040234375
309.0 7.896560546875
310.0 7.21611005859375
311.0 11.4918279296875
312.0 14.53383095703125
313.0 15.1055166015625
314.0 17.94701494140625
315.0 17.06335693359375
316.0 16.54701689453125
317.0 10.72562939453125
318.0 20.88414453125
319.0 15.88565400390625
320.0 14.38395361328125
321.0 17.50212744140625
322.0 20.7309947265625
323.0 22.76632744140625
324.0 19.34651279296875
325.0 14.37324580078125
326.0 19.89979990234375
327.0 21.91990341796875
328.0 23.9584064453125
329.0 18.59026884765625
330.0 18.20945546875
331.0 17.445299609375
332.0 22.40020341796875
333.0 12.9495978515625
334.0 21.48616689453125
335.0 21.36227041015625
336.0 22.15263583984375
337.0 23.8176587890625
338.0 15.74830400390625
339.0 23.3481572265625
340.0 16.31769521484375
341.0 20.58301845703125
342.0 18.28706455078125
343.0 21.37608935546875
344.0 22.9000451171875
345.0 22.451571875
346.0 25.00315166015625
347.0 17.39361318359375
348.0 18.46053779296875
349.0 22.89821083984375
350.0 17.41427900390625
351.0 27.109071484375
352.0 18.61952734375
353.0 23.19751376953125
354.0 22.34745029296875
355.0 24.0938197265625
356.0 25.45744599609375
357.0 27.50926787109375
358.0 22.3722419921875
359.0 16.5624787109375
360.0 10.13293037109375
361.0 11.9187712890625
362.0 14.738675
363.0 18.967401171875
364.0 26.798108203125
365.0 21.1390064453125
366.0 25.3857322265625
367.0 21.57512265625
368.0 26.69496181640625
369.0 23.78451923828125
370.0 22.8818525390625
371.0 28.7854408203125
372.0 24.30026552734375
373.0 26.2230349609375
374.0 13.8394353515625
375.0 32.460153515625
376.0 22.9007640625
377.0 17.61444111328125
378.0 25.39826767578125
379.0 21.09369404296875
380.0 16.07024501953125
381.0 23.05496181640625
382.0 22.1171291015625
383.0 25.89329326171875
384.0 17.894925
385.0 14.60216611328125
386.0 21.693442578125
387.0 18.28165927734375
388.0 25.5902060546875
389.0 23.59131650390625
390.0 24.6000677734375
391.0 22.567306640625
392.0 17.894444921875
393.0 21.19128017578125
394.0 23.756645703125
395.0 22.6243333984375
396.0 15.96192548828125
397.0 26.68158515625
398.0 27.6994322265625
399.0 24.78046630859375
400.0 25.2758419921875
401.0 10.97341708984375
402.0 23.6761599609375
403.0 22.078271875
404.0 25.05847919921875
405.0 26.561353125
406.0 25.1434119140625
407.0 25.58225966796875
408.0 25.0156876953125
409.0 23.8004271484375
410.0 27.05194296875
411.0 13.9512802734375
412.0 25.31820693359375
413.0 7.063687890625
414.0 18.95632890625
415.0 20.29681640625
416.0 24.92582861328125
417.0 26.5181283203125
418.0 24.4444326171875
419.0 20.5239220703125
420.0 26.31874580078125
421.0 19.70683720703125
422.0 20.51364033203125
423.0 24.664846484375
424.0 19.4425232421875
425.0 23.02539033203125
426.0 22.809183203125
427.0 20.31689287109375
428.0 4.332892578125
429.0 30.75642041015625
430.0 23.81167734375
431.0 23.449727734375
432.0 19.19234306640625
433.0 12.04995224609375
434.0 7.8145146484375
435.0 8.9944326171875
436.0 24.97738037109375
437.0 21.58652138671875
438.0 17.47708046875
439.0 20.95331376953125
440.0 22.518663671875
441.0 22.020056640625
442.0 20.90632744140625
443.0 12.097026171875
444.0 6.2097681640625
445.0 3.33452431640625
446.0 3.377742578125
447.0 2.93386455078125
448.0 3.5254220703125
449.0 4.252248046875
450.0 17.9457576171875
451.0 13.88881474609375
452.0 9.8920451171875
453.0 14.26810927734375
454.0 3.467364453125
455.0 0.05217744140625
456.0 2.41528046875
457.0 0.22247587890625
458.0 0.1876982421875
459.0 0.09384912109375
460.0 0.53569814453125
461.0 0.01636484375
462.0 0.2085341796875
463.0 1.63884775390625
464.0 1.87874375
465.0 2.274667578125
466.0 0.0
467.0 0.0
468.0 0.0
469.0 0.0
470.0 0.0
471.0 0.0
472.0 0.0
473.0 0.0
474.0 0.0
475.0 0.0
476.0 0.0
477.0 0.0
478.0 0.0
479.0 0.0
480.0 0.0
481.0 0.0
482.0 0.0
483.0 0.0
484.0 0.0
485.0 0.0
486.0 0.0
487.0 0.0
488.0 0.0
489.0 0.0
490.0 0.0
491.0 0.0
492.0 0.0
493.0 0.0
494.0 0.0
495.0 0.0
496.0 0.0
497.0 0.0
498.0 0.0
499.0 0.0
500.0 0.0
501.0 0.0
502.0 0.0
503.0 0.0
504.0 0.0
505.0 0.0
506.0 0.0
507.0 0.0
508.0 0.0
509.0 0.0
510.0 0.0
511.0 0.0
512.0 0.06942744140625
513.0 1.68377861328125
514.0 0.80723837890625
515.0 1.03293369140625
516.0 2.17013759765625
517.0 0.7836642578125
518.0 1.445425
519.0 1.02906826171875
520.0 0.5342728515625
521.0 0.881275390625
522.0 0.63831943359375
523.0 0.6838046875
524.0 0.4098359375
525.0 1.22032197265625
526.0 0.7416455078125
527.0 0.6460876953125
528.0 0.4790498046875
529.0 1.472530859375
530.0 1.10836103515625
531.0 0.8020427734375
532.0 1.05644345703125
533.0 0.45354326171875
534.0 1.09967509765625
535.0 6.81505341796875
536.0 22.9749314453125
537.0 19.12239140625
538.0 20.72246103515625
539.0 20.838372265625
540.0 22.3246662109375
541.0 24.2688734375
542.0 21.03881591796875
543.0 12.97192216796875
544.0 19.07004833984375
545.0 24.10344501953125
546.0 20.43095947265625
547.0 24.13530888671875
548.0 21.83615595703125
549.0 22.47958447265625
550.0 24.140503515625
551.0 20.8394431640625
552.0 13.61372841796875
553.0 29.9518958984375
554.0 24.98990830078125
555.0 20.8150623046875
556.0 22.46695166015625
557.0 20.248936328125
558.0 17.89109248046875
559.0 12.82647607421875
560.0 20.8207654296875
561.0 23.229216015625
562.0 24.21938359375
563.0 26.06286455078125
564.0 17.7739203125
565.0 22.46647353515625
566.0 24.98775263671875
567.0 15.6214017578125
568.0 7.8709921875
569.0 4.9325357421875
570.0 1.41771689453125
571.0 6.46951552734375
572.0 18.5919171875
573.0 19.9449966796875
574.0 10.6611271484375
575.0 22.2940369140625
576.0 25.31564189453125
577.0 18.09434013671875
578.0 12.94177861328125
579.0 19.80558876953125
580.0 16.7368345703125
581.0 19.46879814453125
582.0 21.05216142578125
583.0 15.53263291015625
584.0 8.37889365234375
585.0 10.29620224609375
586.0 6.26965517578125
587.0 16.91750419921875
588.0 18.51168408203125
589.0 19.7902162109375
590.0 25.25292861328125
591.0 15.4123529296875
592.0 25.74171728515625
593.0 22.6240609375
594.0 25.77063994140625
595.0 18.7141953125
596.0 25.6290818359375
597.0 21.45453984375
598.0 17.79857568359375
599.0 25.34495537109375
600.0 22.279256640625
601.0 20.53251005859375
602.0 19.04131103515625
603.0 16.256692578125
604.0 10.21947646484375
605.0 25.05168876953125
606.0 24.426212890625
607.0 23.55747236328125
608.0 17.10764638671875
609.0 22.07414296875
610.0 16.93086396484375
611.0 10.74971611328125
612.0 3.14852041015625
613.0 0.3134853515625
614.0 14.36944306640625
615.0 22.4332830078125
616.0 19.22691435546875
617.0 14.1588759765625
618.0 16.44695927734375
619.0 15.041584375
620.0 26.0278310546875
621.0 16.52765302734375
622.0 22.9391994140625
623.0 21.95991103515625
624.0 22.71188427734375
625.0 23.8495396484375
626.0 22.04113203125
627.0 18.06061357421875
628.0 22.50606826171875
629.0 14.97148671875
630.0 19.12942802734375
631.0 21.776421484375
632.0 18.89818095703125
633.0 21.43899541015625
634.0 24.71178984375
635.0 15.60139072265625
636.0 18.66660966796875
637.0 20.56137734375
638.0 18.32672666015625
639.0 10.21001669921875
640.0 13.09303388671875
641.0 16.93670263671875
642.0 4.392190625
643.0 14.14820810546875
644.0 14.7883599609375
645.0 6.98814599609375
646.0 0.10400390625
647.0 0.10400390625
648.0 0.125015234375
649.0 0.22901923828125
650.0 0.03116611328125
651.0 0.13552080078125
652.0 0.07301328125
653.0 0.8015671875
654.0 0.3745193359375
655.0 0.02083583984375
656.0 0.7929916015625
657.0 0.05217744140625
658.0 0.11109541015625
659.0 0.24293896484375
660.0 0.68863681640625
661.0 0.10417939453125
662.0 0.8415826171875
663.0 1.64016796875
664.0 2.3042068359375
665.0 0.95629931640625
666.0 2.053816015625
667.0 0.71985751953125
668.0 2.48526484375
669.0 16.32767685546875
670.0 7.05631337890625
671.0 17.9587875
672.0 10.8299326171875
673.0 15.75301005859375
674.0 17.45901259765625
675.0 10.87903828125
676.0 21.113096484375
677.0 14.94738779296875
678.0 21.5611203125
679.0 18.2345373046875
680.0 14.0205544921875
681.0 20.04122548828125
682.0 11.63700478515625
683.0 16.1348322265625
684.0 22.05970732421875
685.0 21.0813705078125
686.0 21.554025390625
687.0 9.700824609375
688.0 16.88835126953125
689.0 23.60330908203125
690.0 19.14321015625
691.0 17.77805947265625
692.0 16.86900244140625
693.0 22.62117158203125
694.0 21.75540732421875
695.0 19.31784228515625
696.0 22.24235390625
697.0 24.98086396484375
698.0 22.41232373046875
699.0 25.2368455078125
700.0 13.82277041015625
701.0 20.78205234375
702.0 17.51798564453125
703.0 7.7284974609375
704.0 3.16285439453125
705.0 14.6668837890625
706.0 17.222798046875
707.0 12.2901017578125
708.0 13.84249990234375
709.0 22.70436728515625
710.0 18.811909375
711.0 18.91546064453125
712.0 19.86726162109375
713.0 16.83817490234375
714.0 12.25089384765625
715.0 19.65327744140625
716.0 12.28445673828125
717.0 36.77694267578125
718.0 15.89442998046875
719.0 25.02020498046875
720.0 24.31528193359375
721.0 22.41236552734375
722.0 24.49132666015625
723.0 16.74545185546875
724.0 25.07633798828125
725.0 22.41764677734375
726.0 15.85041806640625
727.0 4.48809248046875
728.0 22.34263203125
729.0 23.33282705078125
730.0 20.820101953125
731.0 17.75533115234375
732.0 26.6339060546875
733.0 20.19932939453125
734.0 23.355306640625
735.0 20.57773388671875
736.0 1.17709462890625
737.0 9.0400552734375
738.0 18.2507734375
739.0 25.1868845703125
740.0 21.2384634765625
741.0 23.96519306640625
742.0 22.52168466796875
743.0 23.097579296875
744.0 25.50373349609375
745.0 22.2627259765625
746.0 16.28150439453125
747.0 19.49423193359375
748.0 23.89051298828125
749.0 22.42759697265625
750.0 25.77186005859375
751.0 22.20479443359375
752.0 18.3308076171875
753.0 26.380336328125
754.0 21.570740234375
755.0 18.13736181640625
756.0 21.94128818359375
757.0 23.267313671875
758.0 23.8107240234375
759.0 22.92258642578125
760.0 17.718037109375
761.0 23.8896990234375
762.0 20.1598353515625
763.0 15.81833955078125
764.0 20.761173828125
765.0 23.07410107421875
766.0 11.99492021484375
767.0 13.31591455078125
768.0 21.01405078125
769.0 18.79270712890625
770.0 21.87230107421875
771.0 20.12449541015625
772.0 16.0622083984375
773.0 20.6461576171875
774.0 22.880603515625
775.0 21.26961005859375
776.0 9.5373662109375
777.0 10.79642490234375
778.0 33.12408212890625
779.0 23.074193359375
780.0 12.6474533203125
781.0 24.74281201171875
782.0 22.08885927734375
783.0 22.31353359375
784.0 19.488238671875
785.0 21.7777234375
786.0 23.21317548828125
787.0 24.8232728515625
788.0 22.15292861328125
789.0 24.3821244140625
790.0 15.96153125
791.0 18.53995224609375
792.0 20.6876623046875
793.0 21.88360654296875
794.0 26.07189990234375
795.0 22.4144251953125
796.0 23.1111564453125
797.0 24.05166328125
798.0 6.14017451171875
799.0 7.23504013671875
