0.0 3.7947927734375
1.0 3.15149775390625
2.0 2.76722841796875
3.0 3.88369931640625
4.0 3.333896875
5.0 3.0707421875
6.0 3.3438125
7.0 3.11123896484375
8.0 2.24293662109375
9.0 3.37639892578125
10.0 3.14136630859375
11.0 2.99831416015625
12.0 3.5425705078125
13.0 3.67600673828125
14.0 3.7371306640625
15.0 3.709016796875
16.0 4.1762001953125
17.0 3.72036689453125
18.0 3.64791025390625
19.0 3.6900876953125
20.0 4.27803330078125
21.0 4.01042607421875
22.0 3.68244375
23.0 3.58811474609375
24.0 2.25929306640625
25.0 2.648562109375
26.0 3.59353447265625
27.0 3.2197154296875
28.0 3.475064453125
29.0 3.4017447265625
30.0 3.2001583984375
31.0 3.240956640625
32.0 3.1759546875
33.0 3.60431796875
34.0 3.4257458984375
35.0 3.747929296875
36.0 3.765848046875
37.0 3.218642578125
38.0 3.8528041015625
39.0 3.49117265625
40.0 3.68713642578125
41.0 3.92653974609375
42.0 2.95609296875
43.0 4.26208408203125
44.0 3.440860546875
45.0 3.94637255859375
46.0 4.391773828125
47.0 3.94627431640625
48.0 3.37677900390625
49.0 4.0373419921875
50.0 3.7954884765625
51.0 5.2423748046875
52.0 6.1253830078125
53.0 5.2276537109375
54.0 6.50067255859375
55.0 5.9540171875
56.0 6.0286671875
57.0 4.91163994140625
58.0 5.70192783203125
59.0 5.69880400390625
60.0 6.2316138671875
61.0 5.367121875
62.0 5.89129619140625
63.0 4.83208525390625
64.0 4.990821484375
65.0 5.5842162109375
66.0 5.6773396484375
67.0 6.495825390625
68.0 7.81328720703125
69.0 5.5627234375
70.0 3.923172265625
71.0 4.77698876953125
72.0 6.64718515625
73.0 5.59720166015625
74.0 7.18816318359375
75.0 6.49056396484375
76.0 6.994114453125
77.0 5.95411171875
78.0 5.25679404296875
79.0 4.835869921875
80.0 6.57572314453125
81.0 4.6612673828125
82.0 7.4015341796875
83.0 6.58219814453125
84.0 6.75931572265625
85.0 3.7690474609375
86.0 4.51188037109375
87.0 3.83532890625
88.0 5.90403623046875
89.0 6.24888271484375
90.0 7.852526171875
91.0 6.28748818359375
92.0 6.9126966796875
93.0 6.08244599609375
94.0 7.8406724609375
95.0 6.0775498046875
96.0 6.28569208984375
97.0 4.68708466796875
98.0 7.5979869140625
99.0 4.91354677734375
100.0 5.79652978515625
101.0 4.8409208984375
102.0 5.0335962890625
103.0 4.88955732421875
104.0 3.3621978515625
105.0 6.149519921875
106.0 4.84140712890625
107.0 3.30870791015625
108.0 5.254935546875
109.0 6.81464306640625
110.0 5.75640830078125
111.0 7.34939990234375
112.0 5.40740498046875
113.0 5.34336533203125
114.0 4.49912109375
115.0 5.383937109375
116.0 3.229405078125
117.0 6.23037783203125
118.0 4.4033572265625
119.0 5.32286552734375
120.0 5.18627177734375
121.0 4.54164736328125
122.0 4.69145537109375
123.0 7.658595703125
124.0 5.975846875
125.0 3.8486525390625
126.0 4.81405263671875
127.0 4.37078916015625
128.0 2.33502705078125
129.0 4.74996376953125
130.0 4.526948046875
131.0 3.17941201171875
132.0 5.4913302734375
133.0 5.928019140625
134.0 6.21384541015625
135.0 7.0121365234375
136.0 6.70567080078125
137.0 5.401726953125
138.0 5.11539482421875
139.0 4.4324494140625
140.0 4.12181962890625
141.0 3.49842890625
142.0 3.276365625
143.0 2.38426982421875
144.0 2.5118658203125
145.0 3.19304326171875
146.0 2.06021923828125
147.0 1.25142119140625
148.0 2.16651728515625
149.0 2.03568017578125
150.0 2.09682236328125
151.0 1.55634794921875
152.0 3.12243798828125
153.0 1.9176580078125
154.0 1.088648046875
155.0 0.4632333984375
156.0 1.36034306640625
157.0 3.834259765625
158.0 1.22973427734375
159.0 0.84162109375
160.0 1.9253763671875
161.0 2.7058578125
162.0 2.95998173828125
163.0 2.5648328125
164.0 2.08489814453125
165.0 2.02780888671875
166.0 2.51017568359375
167.0 4.0459943359375
168.0 3.761155078125
169.0 4.22315263671875
170.0 3.94397216796875
171.0 3.59197646484375
172.0 3.63969951171875
173.0 3.99313916015625
174.0 3.51216240234375
175.0 2.2087556640625
176.0 2.75505068359375
177.0 4.31152822265625
178.0 4.76770048828125
179.0 4.87716943359375
180.0 4.89531162109375
181.0 4.80849716796875
182.0 4.51182841796875
183.0 3.707534765625
184.0 4.3210740234375
185.0 4.23495380859375
186.0 3.4859619140625
187.0 3.34576259765625
188.0 4.8374359375
189.0 4.5109025390625
190.0 4.14429365234375
191.0 6.107458203125
192.0 5.1233201171875
193.0 4.47198486328125
194.0 5.164713671875
195.0 5.4952458984375
196.0 5.89251416015625
197.0 7.3214484375
198.0 4.06110322265625
199.0 7.15572109375
200.0 5.99618173828125
201.0 7.7000517578125
202.0 4.15672373046875
203.0 3.838669921875
204.0 4.2296974609375
205.0 3.87404052734375
206.0 4.0105701171875
207.0 5.24099130859375
208.0 3.1542783203125
209.0 7.9093748046875
210.0 5.7094626953125
211.0 6.00399306640625
212.0 4.447628515625
213.0 7.5873408203125
214.0 6.8043767578125
215.0 5.39519228515625
216.0 7.15133251953125
217.0 6.81016611328125
218.0 7.55468408203125
219.0 5.2363265625
220.0 5.82049541015625
221.0 4.28012236328125
222.0 2.3091015625
223.0 3.19398857421875
224.0 9.31076162109375
225.0 5.0709861328125
226.0 5.00667373046875
227.0 5.731671484375
228.0 5.36645224609375
229.0 6.12489462890625
230.0 5.8050509765625
231.0 5.48201123046875
232.0 5.38131435546875
233.0 6.2390634765625
234.0 7.5145896484375
235.0 6.8249478515625
236.0 4.816362890625
237.0 5.9374744140625
238.0 6.49635869140625
239.0 6.0745458984375
240.0 7.0610986328125
241.0 4.01775556640625
242.0 5.01392587890625
243.0 4.63866689453125
244.0 5.22272294921875
245.0 4.94499208984375
246.0 6.87977470703125
247.0 5.63266357421875
248.0 7.68301611328125
249.0 7.50761953125
250.0 5.5644361328125
251.0 5.7724494140625
252.0 4.6196244140625
253.0 3.657638671875
254.0 4.36832021484375
255.0 5.01283427734375
256.0 5.28964326171875
257.0 4.96394755859375
258.0 4.92412529296875
259.0 5.90086376953125
260.0 6.08751513671875
261.0 7.42606396484375
262.0 7.03326640625
263.0 5.4104734375
264.0 5.211280859375
265.0 4.95153349609375
266.0 4.19706708984375
267.0 4.6524837890625
268.0 4.57547177734375
269.0 4.63543642578125
270.0 4.52205830078125
271.0 5.19890849609375
272.0 4.4167294921875
273.0 4.2526037109375
274.0 4.1562208984375
275.0 4.39997138671875
276.0 4.94422734375
277.0 4.1380125
278.0 4.469603515625
279.0 5.3141236328125
280.0 5.32731865234375
281.0 5.05302802734375
282.0 4.46145419921875
283.0 5.3911732421875
284.0 5.17703779296875
285.0 4.83784775390625
286.0 4.85876259765625
287.0 4.76805390625
288.0 4.23823994140625
289.0 4.36740302734375
290.0 5.4069095703125
291.0 5.31648740234375
292.0 4.57902509765625
293.0 4.65907216796875
294.0 4.858546875
295.0 4.60186337890625
296.0 4.9705701171875
297.0 5.05511748046875
298.0 4.80205009765625
299.0 4.743376171875
300.0 5.063984765625
301.0 6.10053955078125
302.0 6.90486357421875
303.0 5.07483896484375
304.0 3.28048623046875
305.0 6.69087099609375
306.0 5.0562291015625
307.0 3.2854212890625
308.0 2.3951599609375
309.0 2.86504775390625
310.0 2.68193193359375
311.0 2.4964890625
312.0 2.8163162109375
313.0 2.732572265625
314.0 2.58522724609375
315.0 2.77863701171875
316.0 2.6927224609375
317.0 2.58328642578125
318.0 2.6102478515625
319.0 2.60591044921875
320.0 2.83031171875
321.0 3.08147841796875
322.0 2.60557685546875
323.0 5.68536982421875
324.0 2.11366767578125
325.0 0.7287291015625
326.0 3.361073046875
327.0 5.42620703125
328.0 3.4402658203125
329.0 7.69803447265625
330.0 5.04821484375
331.0 4.8280650390625
332.0 5.97750615234375
333.0 5.48796435546875
334.0 6.94309208984375
335.0 6.032098828125
336.0 5.057244140625
337.0 4.8942705078125
338.0 5.08065810546875
339.0 4.95578125
340.0 7.528703125
341.0 4.9281763671875
342.0 5.08929658203125
343.0 4.4925796875
344.0 4.0591775390625
345.0 4.5966392578125
346.0 5.69578203125
347.0 5.4962921875
348.0 6.19226630859375
349.0 7.23890048828125
350.0 4.85060927734375
351.0 4.44566455078125
352.0 5.21130185546875
353.0 5.289322265625
354.0 5.15194677734375
355.0 4.25179375
356.0 4.56455302734375
357.0 4.79126787109375
358.0 4.7202296875
359.0 4.8702509765625
360.0 5.25714482421875
361.0 3.9584533203125
362.0 5.19281220703125
363.0 4.64807451171875
364.0 5.7233615234375
365.0 5.63100673828125
366.0 13.4482474609375
367.0 7.29893759765625
368.0 6.76310498046875
369.0 7.525255859375
370.0 7.54137646484375
371.0 7.82351455078125
372.0 5.49195205078125
373.0 6.37366025390625
374.0 4.82375986328125
375.0 8.61839130859375
376.0 7.702025
377.0 6.1458919921875
378.0 4.2623908203125
379.0 4.7034173828125
380.0 4.17369267578125
381.0 3.69735361328125
382.0 4.7145740234375
383.0 3.9517630859375
384.0 4.54419287109375
385.0 4.1737373046875
386.0 4.21758662109375
387.0 4.48833779296875
388.0 3.724561328125
389.0 4.62435234375
390.0 4.187926953125
391.0 4.52262255859375
392.0 3.72847373046875
393.0 3.8411642578125
394.0 4.2939181640625
395.0 4.79886845703125
396.0 5.0488109375
397.0 4.52016171875
398.0 5.191465234375
399.0 5.5839259765625
400.0 5.56778984375
401.0 5.089486328125
402.0 5.126422265625
403.0 5.112948046875
404.0 4.57665634765625
405.0 4.974347265625
406.0 4.80968876953125
407.0 5.0168568359375
408.0 6.35466884765625
409.0 4.89006298828125
410.0 6.90920244140625
411.0 6.3938283203125
412.0 7.07998232421875
413.0 5.76375703125
414.0 7.53366982421875
415.0 4.938125390625
416.0 5.45340341796875
417.0 4.9703443359375
418.0 5.5438080078125
419.0 2.61876318359375
420.0 8.15264521484375
421.0 7.49639443359375
422.0 5.4727755859375
423.0 3.8062392578125
424.0 4.551830859375
425.0 6.17773095703125
426.0 3.76123505859375
427.0 7.8817365234375
428.0 6.70790380859375
429.0 5.94153857421875
430.0 5.90460322265625
431.0 7.25336044921875
432.0 6.1653568359375
433.0 7.3058443359375
434.0 4.8338447265625
435.0 8.61116572265625
436.0 6.88550244140625
437.0 7.52330390625
438.0 5.705676953125
439.0 6.57868037109375
440.0 5.84391064453125
441.0 4.6178171875
442.0 5.154549609375
443.0 5.0668990234375
444.0 5.408922265625
445.0 4.657546484375
446.0 5.8198541015625
447.0 6.9724732421875
448.0 5.8916896484375
449.0 9.23570986328125
450.0 5.22599326171875
451.0 4.6678853515625
452.0 4.953619140625
453.0 1.795140234375
454.0 4.27032763671875
455.0 5.9052966796875
456.0 4.49737333984375
457.0 5.0867103515625
458.0 6.31748515625
459.0 6.859144921875
460.0 6.38483271484375
461.0 5.45328369140625
462.0 3.59738720703125
463.0 3.60353701171875
464.0 6.01869423828125
465.0 6.86691015625
466.0 3.99202998046875
467.0 4.14049287109375
468.0 4.8713615234375
469.0 4.59195126953125
470.0 5.56365908203125
471.0 4.51287958984375
472.0 5.007706640625
473.0 5.16253720703125
474.0 4.627576953125
475.0 5.32425322265625
476.0 5.62090712890625
477.0 5.82924404296875
478.0 4.83067236328125
479.0 5.3485458984375
480.0 7.39213349609375
481.0 4.06718564453125
482.0 2.264696875
483.0 3.840944140625
484.0 4.657884375
485.0 5.23082119140625
486.0 5.39572783203125
487.0 5.98616826171875
488.0 5.4686501953125
489.0 4.5825529296875
490.0 5.65691962890625
491.0 4.53412001953125
492.0 5.93943232421875
493.0 6.89616328125
494.0 4.55587939453125
495.0 3.26810732421875
496.0 3.11925
497.0 3.81433720703125
498.0 4.3186978515625
499.0 6.04474111328125
500.0 6.9379375
501.0 5.97983291015625
502.0 4.453040234375
503.0 5.6270126953125
504.0 5.207216015625
505.0 5.44097666015625
506.0 6.33443759765625
507.0 6.53803955078125
508.0 4.9151943359375
509.0 9.79771708984375
510.0 4.725628125
511.0 5.08415380859375
512.0 6.70538037109375
513.0 6.78553408203125
514.0 6.58691357421875
515.0 6.85255703125
516.0 4.91118564453125
517.0 5.17625498046875
518.0 6.39756298828125
519.0 5.594334375
520.0 6.53461455078125
521.0 5.859282421875
522.0 4.967234765625
523.0 4.2015640625
524.0 4.983119140625
525.0 5.60912080078125
526.0 6.52923916015625
527.0 6.1217240234375
528.0 5.171500390625
529.0 6.3338111328125
530.0 5.836272265625
531.0 7.392565234375
532.0 5.57610380859375
533.0 6.52551181640625
534.0 4.10717060546875
535.0 7.04881728515625
536.0 6.852982421875
537.0 5.6532375
538.0 5.11587373046875
539.0 5.3502955078125
540.0 6.3555115234375
541.0 3.25022763671875
542.0 5.0039173828125
543.0 5.56776005859375
544.0 7.02609951171875
545.0 7.41100771484375
546.0 6.04927294921875
547.0 7.15096708984375
548.0 5.47589609375
549.0 6.29897255859375
550.0 6.36836220703125
551.0 7.84400283203125
552.0 5.36695361328125
553.0 5.94640849609375
554.0 6.87976259765625
555.0 5.866569921875
556.0 5.80862890625
557.0 6.38374462890625
558.0 5.4768169921875
559.0 5.80283134765625
560.0 7.25225107421875
561.0 5.67056572265625
562.0 7.829712109375
563.0 8.2278990234375
564.0 5.05949921875
565.0 5.25285625
566.0 6.25143544921875
567.0 7.14387431640625
568.0 7.17721513671875
569.0 7.47898203125
570.0 5.59525283203125
571.0 3.89775458984375
572.0 5.72627265625
573.0 5.92666494140625
574.0 6.404639453125
575.0 7.70555537109375
576.0 3.86902431640625
577.0 5.1310732421875
578.0 5.10794033203125
579.0 5.0604359375
580.0 5.4578779296875
581.0 3.7291609375
582.0 3.9465154296875
583.0 3.8122849609375
584.0 3.71884130859375
585.0 5.0275142578125
586.0 4.81062275390625
587.0 4.830771484375
588.0 3.6719958984375
589.0 4.96470888671875
590.0 4.331208984375
591.0 3.50096416015625
592.0 3.63889208984375
593.0 3.283415234375
594.0 3.906003515625
595.0 4.28418798828125
596.0 4.7090435546875
597.0 5.247679296875
598.0 4.4088310546875
599.0 6.46730947265625
600.0 7.4672013671875
601.0 5.30445439453125
602.0 3.55763203125
603.0 3.0667169921875
604.0 4.7025650390625
605.0 4.758917578125
606.0 5.44666044921875
607.0 6.3989072265625
608.0 4.8369548828125
609.0 6.86185380859375
610.0 5.63774990234375
611.0 4.3492982421875
612.0 3.7701052734375
613.0 5.7724771484375
614.0 4.79027744140625
615.0 5.64430849609375
616.0 6.62810205078125
617.0 4.71284931640625
618.0 4.24924501953125
619.0 3.88734140625
620.0 4.65491123046875
621.0 5.70974091796875
622.0 3.38797509765625
623.0 3.41102880859375
624.0 3.57583828125
625.0 3.03087744140625
626.0 3.52393564453125
627.0 4.93485615234375
628.0 4.42333125
629.0 4.79720615234375
630.0 4.5218490234375
631.0 4.19339091796875
632.0 2.193103515625
633.0 3.6155013671875
634.0 3.3958921875
635.0 3.9984017578125
636.0 4.598045703125
637.0 4.80862958984375
638.0 4.72056806640625
639.0 4.20133720703125
640.0 4.35732314453125
641.0 4.071268359375
642.0 2.06017587890625
643.0 7.1125943359375
644.0 5.6793390625
645.0 5.41182783203125
646.0 3.3801697265625
647.0 6.24894541015625
648.0 6.5726974609375
649.0 6.26674775390625
650.0 4.79687685546875
651.0 4.86446064453125
652.0 3.54307578125
653.0 3.8705099609375
654.0 4.7205345703125
655.0 4.63693681640625
656.0 5.76903330078125
657.0 5.11001787109375
658.0 4.99735390625
659.0 7.2024044921875
660.0 4.4638978515625
661.0 3.5064072265625
662.0 2.91064736328125
663.0 4.3085869140625
664.0 3.50696455078125
665.0 3.26794873046875
666.0 3.99920830078125
667.0 3.8776162109375
668.0 4.9619732421875
669.0 4.84475478515625
670.0 4.918093359375
671.0 6.7797291015625
672.0 5.219944921875
673.0 3.69955751953125
674.0 2.67875283203125
675.0 3.5632681640625
676.0 3.91165810546875
677.0 3.355455859375
678.0 3.638448828125
679.0 3.58547646484375
680.0 3.81812197265625
681.0 3.5107990234375
682.0 2.72511005859375
683.0 4.0156994140625
684.0 3.197964453125
685.0 4.16730244140625
686.0 8.484060546875
687.0 3.39606416015625
688.0 3.22328974609375
689.0 2.403332421875
690.0 3.14027705078125
691.0 2.94040546875
692.0 2.97732392578125
693.0 3.1381001953125
694.0 2.64850625
695.0 3.0278205078125
696.0 3.147696484375
697.0 2.61620439453125
698.0 2.26969873046875
699.0 2.81832548828125
700.0 3.7911578125
701.0 5.512312890625
702.0 5.94926748046875
703.0 4.73645234375
704.0 5.59747763671875
705.0 4.1151765625
706.0 6.3742865234375
707.0 4.2522185546875
708.0 2.8139978515625
709.0 3.2495271484375
710.0 3.209241796875
711.0 3.03480986328125
712.0 3.171957421875
713.0 2.463634375
714.0 4.16945146484375
715.0 3.21174140625
716.0 3.62053369140625
717.0 3.01154189453125
718.0 2.80216396484375
719.0 2.90972958984375
720.0 3.347800390625
721.0 2.5464451171875
722.0 3.09792431640625
723.0 2.83265400390625
724.0 2.693544140625
725.0 2.94868408203125
726.0 2.8112181640625
727.0 3.5901259765625
728.0 4.225260546875
729.0 5.9087703125
730.0 2.59784111328125
731.0 2.81073828125
732.0 2.78113369140625
733.0 2.82054365234375
734.0 2.9436443359375
735.0 2.75602177734375
736.0 5.20624921875
737.0 5.5876904296875
738.0 5.30069619140625
739.0 4.48489619140625
740.0 2.3300791015625
741.0 4.8778970703125
742.0 4.39508701171875
743.0 4.47821484375
744.0 3.451920703125
745.0 2.9410544921875
746.0 4.58868828125
747.0 5.63243916015625
748.0 6.3790388671875
749.0 6.089962890625
750.0 7.45258955078125
751.0 5.4535978515625
752.0 3.4096763671875
753.0 8.15770693359375
754.0 7.78374013671875
755.0 5.69928046875
756.0 4.7705755859375
757.0 3.2363138671875
758.0 4.9583107421875
759.0 3.8409580078125
760.0 3.8466087890625
761.0 3.681631640625
762.0 5.40665859375
763.0 4.96803642578125
764.0 4.6406515625
765.0 2.14320234375
766.0 3.86966533203125
767.0 3.97079921875
768.0 4.83331865234375
769.0 4.52048974609375
770.0 4.67185556640625
771.0 5.0674244140625
772.0 3.8877857421875
773.0 4.98575771484375
774.0 3.91498798828125
775.0 4.2236650390625
776.0 4.87928115234375
777.0 4.7837263671875
778.0 4.2334013671875
779.0 4.822474609375
780.0 4.61464443359375
781.0 4.39960693359375
782.0 4.335981640625
783.0 4.15250927734375
784.0 3.599144921875
785.0 4.2262685546875
786.0 5.0783576171875
787.0 6.1598318359375
788.0 3.85384638671875
789.0 4.96048017578125
790.0 5.991178515625
791.0 5.6662673828125
792.0 3.80646044921875
793.0 2.675223046875
794.0 2.4364849609375
795.0 1.5359349609375
796.0 2.80989384765625
797.0 4.4231701171875
798.0 4.59443408203125
799.0 4.5543984375
