0.0 20.7183431640625
1.0 22.23277353515625
2.0 21.41760341796875
3.0 23.54316298828125
4.0 22.224747265625
5.0 23.596203515625
6.0 21.4963849609375
7.0 22.83294677734375
8.0 21.14327080078125
9.0 20.34848046875
10.0 23.63506328125
11.0 20.80967099609375
12.0 23.1085466796875
13.0 23.73650224609375
14.0 21.25547578125
15.0 20.246161328125
16.0 20.767995703125
17.0 23.2026390625
18.0 20.05430126953125
19.0 23.16294208984375
20.0 22.737943359375
21.0 18.085479296875
22.0 20.852705078125
23.0 21.08150205078125
24.0 17.0731791015625
25.0 18.2893078125
26.0 19.88861435546875
27.0 21.17463876953125
28.0 21.44745205078125
29.0 20.6344001953125
30.0 19.32235224609375
31.0 22.25496767578125
32.0 23.23865888671875
33.0 20.02010166015625
34.0 23.64973173828125
35.0 20.95484052734375
36.0 23.14147666015625
37.0 22.17826015625
38.0 19.60963544921875
39.0 23.24408388671875
40.0 21.0053849609375
41.0 22.81344345703125
42.0 21.30910078125
43.0 23.28714296875
44.0 21.2752861328125
45.0 18.53672177734375
46.0 22.13990244140625
47.0 21.5833072265625
48.0 19.3617640625
49.0 20.46234765625
50.0 22.582271484375
51.0 20.05091455078125
52.0 21.2196740234375
53.0 14.9956044921875
54.0 25.48925771484375
55.0 22.2252751953125
56.0 19.4032390625
57.0 22.16799677734375
58.0 17.992326171875
59.0 21.75658994140625
60.0 22.18726162109375
61.0 19.26847841796875
62.0 21.6234603515625
63.0 19.280426953125
64.0 21.9640626953125
65.0 22.90731982421875
66.0 20.05630078125
67.0 21.88147685546875
68.0 13.79825166015625
69.0 27.86468330078125
70.0 20.3473490234375
71.0 21.43532763671875
72.0 22.75081142578125
73.0 20.1264939453125
74.0 23.30372060546875
75.0 20.55217978515625
76.0 22.590008203125
77.0 18.97371005859375
78.0 20.022711328125
79.0 23.14618046875
80.0 20.93185654296875
81.0 24.3570248046875
82.0 23.44621494140625
83.0 20.68905068359375
84.0 22.8918724609375
85.0 20.750358203125
86.0 22.5727359375
87.0 22.6863439453125
88.0 20.52116181640625
89.0 21.89497255859375
90.0 20.88454599609375
91.0 22.0341666015625
92.0 22.09629775390625
93.0 19.96765439453125
94.0 22.96330556640625
95.0 19.57417333984375
96.0 22.4541064453125
97.0 22.6742265625
98.0 20.290996484375
99.0 22.36167890625
100.0 20.504848046875
101.0 21.06904384765625
102.0 21.478444921875
103.0 18.93627421875
104.0 23.354053125
105.0 22.3056703125
106.0 19.8005388671875
107.0 23.037561328125
108.0 20.9764708984375
109.0 23.51545859375
110.0 21.95744287109375
111.0 19.632759765625
112.0 22.26936220703125
113.0 19.54678671875
114.0 21.59544853515625
115.0 23.808415625
116.0 21.210382421875
117.0 22.29399345703125
118.0 20.97029267578125
119.0 23.1890482421875
120.0 20.78855654296875
121.0 20.43040048828125
122.0 21.01682119140625
123.0 19.6377447265625
124.0 22.04407568359375
125.0 20.35417236328125
126.0 22.07094833984375
127.0 22.0110673828125
128.0 21.071332421875
129.0 21.9735263671875
130.0 21.66401337890625
131.0 23.89146923828125
132.0 21.0764984375
133.0 23.00077060546875
134.0 22.18258046875
135.0 19.57900087890625
136.0 21.1143794921875
137.0 20.13922568359375
138.0 23.015376953125
139.0 23.0202806640625
140.0 19.07861748046875
141.0 23.1340642578125
142.0 21.36437353515625
143.0 21.37996015625
144.0 23.67709775390625
145.0 20.44578525390625
146.0 22.72663369140625
147.0 22.55096435546875
148.0 19.74669638671875
149.0 21.43019228515625
150.0 18.52387734375
151.0 22.9045521484375
152.0 22.79258974609375
153.0 20.68886630859375
154.0 21.9678650390625
155.0 19.82624541015625
156.0 22.24819521484375
157.0 22.75127109375
158.0 17.07584248046875
159.0 21.36216162109375
160.0 19.6061708984375
161.0 20.76143818359375
162.0 23.15202216796875
163.0 20.23831201171875
164.0 21.5188173828125
165.0 22.1981400390625
166.0 23.2464958984375
167.0 22.9255421875
168.0 21.31428681640625
169.0 23.0206892578125
170.0 20.2066607421875
171.0 22.84257763671875
172.0 22.28027890625
173.0 20.83651103515625
174.0 23.70048427734375
175.0 20.70611875
176.0 22.66039677734375
177.0 22.54742255859375
178.0 21.51003017578125
179.0 22.18181455078125
180.0 22.86398310546875
181.0 22.77588984375
182.0 20.2887220703125
183.0 23.01228759765625
184.0 21.111637890625
185.0 23.368179296875
186.0 23.79284052734375
187.0 20.7821923828125
188.0 23.142107421875
189.0 20.56398681640625
190.0 22.829229296875
191.0 21.85397666015625
192.0 20.6550966796875
193.0 22.10313994140625
194.0 20.3369521484375
195.0 21.26441669921875
196.0 22.2767359375
197.0 21.8101279296875
198.0 22.2911546875
199.0 20.1586345703125
200.0 22.8561078125
201.0 23.60871298828125
202.0 20.98268603515625
203.0 22.17463369140625
204.0 24.11744482421875
205.0 20.24906689453125
206.0 23.4216921875
207.0 20.87700390625
208.0 23.65542763671875
209.0 23.1330759765625
210.0 21.4370896484375
211.0 20.5181515625
212.0 21.236475
213.0 22.3715751953125
214.0 20.60716650390625
215.0 18.0067302734375
216.0 27.93793427734375
217.0 21.54501826171875
218.0 20.615669140625
219.0 21.23425302734375
220.0 21.04497119140625
221.0 23.577194921875
222.0 21.0947451171875
223.0 16.37147890625
224.0 28.76893701171875
225.0 21.8954732421875
226.0 19.4013443359375
227.0 22.19630185546875
228.0 20.73237802734375
229.0 23.84897392578125
230.0 23.7842673828125
231.0 18.80520966796875
232.0 22.466443359375
233.0 21.1331884765625
234.0 23.49836220703125
235.0 22.52846181640625
236.0 20.2366779296875
237.0 23.47581513671875
238.0 21.45455283203125
239.0 22.8831466796875
240.0 21.13738642578125
241.0 23.0438107421875
242.0 21.66163974609375
243.0 20.52222041015625
244.0 23.08145888671875
245.0 20.49217587890625
246.0 23.40310478515625
247.0 19.26999189453125
248.0 21.22218349609375
249.0 21.16505615234375
250.0 21.89075341796875
251.0 20.114106640625
252.0 24.30015830078125
253.0 21.3783759765625
254.0 21.014801953125
255.0 24.8710890625
256.0 20.66844775390625
257.0 22.13536611328125
258.0 19.549730078125
259.0 23.12845615234375
260.0 23.60848974609375
261.0 20.3634244140625
262.0 23.40875908203125
263.0 22.29755439453125
264.0 20.3356494140625
265.0 23.854916796875
266.0 20.39602255859375
267.0 23.37033203125
268.0 23.05904111328125
269.0 20.915668359375
270.0 23.59482646484375
271.0 20.80358515625
272.0 22.29697734375
273.0 22.50093193359375
274.0 21.327436328125
275.0 22.503925
276.0 20.7551578125
277.0 21.64324482421875
278.0 20.8588228515625
279.0 20.88920654296875
280.0 21.11052939453125
281.0 20.9026208984375
282.0 22.24937392578125
283.0 23.89250634765625
284.0 20.541701171875
285.0 23.216930078125
286.0 21.00189599609375
287.0 22.17188125
288.0 23.96890634765625
289.0 20.75357158203125
290.0 22.8458841796875
291.0 21.10034150390625
292.0 24.15799248046875
293.0 20.55047373046875
294.0 23.3496607421875
295.0 21.31573779296875
296.0 23.0539171875
297.0 16.09695263671875
298.0 28.2341349609375
299.0 21.58175087890625
300.0 17.203525
301.0 27.7137072265625
302.0 20.24410751953125
303.0 23.236091796875
304.0 23.2322015625
305.0 20.28024306640625
306.0 23.80327099609375
307.0 16.1313123046875
308.0 27.07436416015625
309.0 17.58878076171875
310.0 20.89023486328125
311.0 22.31597626953125
312.0 19.1511619140625
313.0 20.884007421875
314.0 21.41529873046875
315.0 20.681881640625
316.0 23.03450986328125
317.0 20.11275673828125
318.0 20.898838671875
319.0 21.87896298828125
320.0 18.135737890625
321.0 22.97660029296875
322.0 19.91679052734375
323.0 23.69784482421875
324.0 22.8735384765625
325.0 20.559841015625
326.0 21.88115517578125
327.0 23.14338720703125
328.0 21.02110048828125
329.0 22.34042939453125
330.0 21.0627556640625
331.0 21.1803173828125
332.0 16.99122666015625
333.0 14.68993798828125
334.0 28.81657197265625
335.0 20.196968359375
336.0 14.34578193359375
337.0 14.92423818359375
338.0 22.4403244140625
339.0 16.49186943359375
340.0 23.624256640625
341.0 20.56656630859375
342.0 20.974389453125
343.0 22.127833203125
344.0 20.72339755859375
345.0 22.167403125
346.0 21.19715947265625
347.0 19.75785009765625
348.0 23.2252294921875
349.0 19.15103994140625
350.0 23.32723720703125
351.0 21.19993349609375
352.0 18.8419529296875
353.0 20.9161900390625
354.0 19.31562294921875
355.0 22.121047265625
356.0 23.63933076171875
357.0 21.34177568359375
358.0 22.2702486328125
359.0 22.013927734375
360.0 23.70176787109375
361.0 19.304343359375
362.0 21.73181201171875
363.0 21.68145732421875
364.0 24.17658876953125
365.0 22.879779296875
366.0 20.980555859375
367.0 24.02189599609375
368.0 21.8551193359375
369.0 23.75527529296875
370.0 23.65940673828125
371.0 20.17920205078125
372.0 22.37326875
373.0 20.71422060546875
374.0 22.39016728515625
375.0 20.1453865234375
376.0 23.06350673828125
377.0 23.571476171875
378.0 16.54935166015625
379.0 19.6979677734375
380.0 18.54049697265625
381.0 26.208516796875
382.0 23.23162255859375
383.0 21.82332509765625
384.0 22.46186123046875
385.0 20.16209501953125
386.0 19.3869388671875
387.0 21.95883154296875
388.0 21.2265896484375
389.0 19.84770205078125
390.0 21.98467744140625
391.0 21.47185087890625
392.0 21.3699123046875
393.0 21.948048046875
394.0 20.91952275390625
395.0 22.94985166015625
396.0 19.66007841796875
397.0 23.39762451171875
398.0 23.88529619140625
399.0 20.59378125
400.0 20.29475986328125
401.0 20.297495703125
402.0 20.34722880859375
403.0 21.63206650390625
404.0 20.84074306640625
405.0 23.5237673828125
406.0 22.38531064453125
407.0 19.82304892578125
408.0 21.914373046875
409.0 19.82895625
410.0 21.82365068359375
411.0 19.949570703125
412.0 18.2077380859375
413.0 22.07381962890625
414.0 19.98901103515625
415.0 22.94177666015625
416.0 22.21329755859375
417.0 13.57440595703125
418.0 28.3138896484375
419.0 23.05663291015625
420.0 18.3558478515625
421.0 22.231961328125
422.0 13.8705412109375
423.0 29.292301171875
424.0 19.82535556640625
425.0 23.3391841796875
426.0 20.350129296875
427.0 23.58436484375
428.0 22.50923759765625
429.0 21.30285712890625
430.0 22.24151982421875
431.0 20.18235625
432.0 23.62095419921875
433.0 23.6495474609375
434.0 20.7824830078125
435.0 23.86588388671875
436.0 21.49887255859375
437.0 22.45112236328125
438.0 22.0948119140625
439.0 19.24148330078125
440.0 22.45107490234375
441.0 17.5502529296875
442.0 24.53674599609375
443.0 20.56584560546875
444.0 21.14544287109375
445.0 23.7482232421875
446.0 20.23348203125
447.0 20.8518974609375
448.0 23.508260546875
449.0 20.40768251953125
450.0 22.61312216796875
451.0 20.74056982421875
452.0 22.8375033203125
453.0 23.032706640625
454.0 20.8377126953125
455.0 22.95445263671875
456.0 21.80566533203125
457.0 23.77384365234375
458.0 20.69918359375
459.0 23.44114052734375
460.0 22.623709765625
461.0 20.099827734375
462.0 21.9678453125
463.0 20.8039421875
464.0 18.44311328125
465.0 21.90382080078125
466.0 20.49748818359375
467.0 23.70230556640625
468.0 22.47441904296875
469.0 21.12935791015625
470.0 21.55942216796875
471.0 18.349471875
472.0 21.79728857421875
473.0 22.79758466796875
474.0 21.14871865234375
475.0 22.26267900390625
476.0 18.28779052734375
477.0 25.11329482421875
478.0 21.48498701171875
479.0 23.5159099609375
480.0 20.47231875
481.0 21.93889169921875
482.0 22.37369453125
483.0 21.475476171875
484.0 22.67978779296875
485.0 20.060973046875
486.0 21.398140234375
487.0 20.53266533203125
488.0 23.6731986328125
489.0 21.53707099609375
490.0 22.8693453125
491.0 23.23014697265625
492.0 20.720549609375
493.0 22.92344306640625
494.0 21.8259986328125
495.0 23.53705693359375
496.0 22.3172435546875
497.0 24.5876556640625
498.0 23.01554755859375
499.0 20.43195654296875
500.0 20.2926578125
501.0 25.00233291015625
502.0 20.98650849609375
503.0 23.036007421875
504.0 20.8195548828125
505.0 23.888182421875
506.0 21.4014861328125
507.0 23.0379333984375
508.0 15.62930380859375
509.0 21.78432470703125
510.0 30.13083076171875
511.0 20.98676845703125
512.0 23.460918359375
513.0 21.15548779296875
514.0 23.57033671875
515.0 21.46257890625
516.0 21.64115009765625
517.0 23.0266666015625
518.0 22.1769369140625
519.0 20.554778515625
520.0 24.073853515625
521.0 21.3122244140625
522.0 23.888190234375
523.0 21.7843228515625
524.0 21.21921474609375
525.0 23.16175087890625
526.0 20.0852388671875
527.0 23.9921845703125
528.0 23.08085029296875
529.0 22.09239208984375
530.0 23.853186328125
531.0 20.82190810546875
532.0 24.430098828125
533.0 21.72519599609375
534.0 23.93568896484375
535.0 21.57398466796875
536.0 20.15201455078125
537.0 23.35355068359375
538.0 19.67617333984375
539.0 22.74145556640625
540.0 21.7705775390625
541.0 20.14086572265625
542.0 23.062441015625
543.0 19.68690029296875
544.0 22.16344775390625
545.0 21.704891796875
546.0 19.02713544921875
547.0 23.91879423828125
548.0 22.383923828125
549.0 20.49131142578125
550.0 23.1881666015625
551.0 22.650244921875
552.0 21.75234228515625
553.0 22.87167802734375
554.0 21.25319248046875
555.0 23.53731044921875
556.0 23.6973462890625
557.0 22.38758837890625
558.0 23.32125556640625
559.0 23.7764384765625
560.0 17.14388125
561.0 27.24218134765625
562.0 24.23189326171875
563.0 23.767690625
564.0 21.92716025390625
565.0 21.9133849609375
566.0 24.7424314453125
567.0 20.44837119140625
568.0 23.349987890625
569.0 22.984960546875
570.0 22.26775283203125
571.0 23.92289716796875
572.0 21.79490244140625
573.0 24.41272958984375
574.0 22.14178955078125
575.0 24.28164833984375
576.0 18.718555859375
577.0 20.40169658203125
578.0 22.02820966796875
579.0 19.94047294921875
580.0 22.39802978515625
581.0 23.79185
582.0 18.40692421875
583.0 16.821070703125
584.0 26.343161328125
585.0 22.8710501953125
586.0 24.478909765625
587.0 20.19061103515625
588.0 22.1044994140625
589.0 20.4361091796875
590.0 23.24214521484375
591.0 19.00261572265625
592.0 22.56185166015625
593.0 22.17469189453125
594.0 21.05917626953125
595.0 23.383808984375
596.0 21.47379951171875
597.0 20.32272763671875
598.0 20.96560224609375
599.0 24.19087626953125
600.0 24.03840029296875
601.0 20.58272568359375
602.0 21.5568681640625
603.0 19.9161671875
604.0 21.87532744140625
605.0 20.27960283203125
606.0 21.468509375
607.0 21.69264521484375
608.0 19.03836162109375
609.0 22.80407080078125
610.0 22.94850986328125
611.0 21.2499658203125
612.0 21.6478892578125
613.0 19.820548046875
614.0 19.56686337890625
615.0 21.20934130859375
616.0 23.22061953125
617.0 24.025830859375
618.0 20.763221875
619.0 23.81334013671875
620.0 20.99556416015625
621.0 22.2217892578125
622.0 21.1113322265625
623.0 22.23937841796875
624.0 22.2980640625
625.0 21.076171875
626.0 22.67924384765625
627.0 19.11862216796875
628.0 22.3673783203125
629.0 21.01216064453125
630.0 19.0570177734375
631.0 26.08551181640625
632.0 23.741201171875
633.0 21.5466544921875
634.0 23.2845796875
635.0 19.60739267578125
636.0 23.35411708984375
637.0 22.61197685546875
638.0 20.13167685546875
639.0 24.23953330078125
640.0 21.98671708984375
641.0 23.70124384765625
642.0 22.09633623046875
643.0 21.459725390625
644.0 23.49350283203125
645.0 22.92696044921875
646.0 21.06681455078125
647.0 23.72962470703125
648.0 22.4745775390625
649.0 20.8280169921875
650.0 23.3904431640625
651.0 19.9220427734375
652.0 21.31267802734375
653.0 15.5428560546875
654.0 26.64665625
655.0 22.35489658203125
656.0 21.44732626953125
657.0 21.884508203125
658.0 21.66513896484375
659.0 20.81951005859375
660.0 24.035820703125
661.0 20.38712529296875
662.0 22.68910546875
663.0 18.1281529296875
664.0 24.47683095703125
665.0 22.90971396484375
666.0 22.56020341796875
667.0 19.855408984375
668.0 21.7057279296875
669.0 19.7377087890625
670.0 22.50868466796875
671.0 21.16081328125
672.0 20.33199619140625
673.0 22.04233212890625
674.0 20.5947771484375
675.0 19.474215625
676.0 23.25691396484375
677.0 22.24980634765625
678.0 20.13918515625
679.0 21.39706357421875
680.0 20.25469541015625
681.0 22.32638291015625
682.0 20.5709501953125
683.0 21.4883189453125
684.0 20.94376025390625
685.0 21.8768208984375
686.0 23.0105455078125
687.0 20.2875505859375
688.0 20.7503265625
689.0 17.43939052734375
690.0 21.09572119140625
691.0 19.5467103515625
692.0 22.6249482421875
693.0 21.971409765625
694.0 20.687519140625
695.0 21.6549748046875
696.0 21.6367349609375
697.0 21.62332919921875
698.0 21.5497701171875
699.0 21.21067041015625
700.0 20.84218486328125
701.0 23.05456962890625
702.0 22.22829375
703.0 21.00241162109375
704.0 23.642033984375
705.0 22.38933046875
706.0 19.9851984375
707.0 22.39540576171875
708.0 21.28640517578125
709.0 22.01690908203125
710.0 23.16404794921875
711.0 21.11867880859375
712.0 23.2901283203125
713.0 20.71358544921875
714.0 22.79346669921875
715.0 20.294083203125
716.0 23.2916974609375
717.0 20.8646958984375
718.0 21.6708935546875
719.0 20.39906220703125
720.0 23.115723828125
721.0 21.5509525390625
722.0 19.194221875
723.0 21.615491015625
724.0 21.0246037109375
725.0 22.23299443359375
726.0 21.7210013671875
727.0 19.05606904296875
728.0 21.78926318359375
729.0 21.72174873046875
730.0 19.529678125
731.0 19.362273828125
732.0 20.64347158203125
733.0 22.5601130859375
734.0 22.62195263671875
735.0 21.60688203125
736.0 22.869132421875
737.0 21.00783642578125
738.0 22.6919392578125
739.0 22.07855439453125
740.0 18.98828681640625
741.0 20.96996123046875
742.0 18.78707001953125
743.0 23.09159638671875
744.0 21.80139931640625
745.0 20.2397205078125
746.0 22.51571259765625
747.0 20.0446052734375
748.0 21.92813916015625
749.0 21.24747294921875
750.0 18.68208984375
751.0 21.54721279296875
752.0 23.21706474609375
753.0 19.6839099609375
754.0 22.6060646484375
755.0 21.2489693359375
756.0 22.8912353515625
757.0 20.077928515625
758.0 23.81966494140625
759.0 20.23701103515625
760.0 22.28781103515625
761.0 23.38504521484375
762.0 20.11043134765625
763.0 23.41496376953125
764.0 17.8007654296875
765.0 22.3846470703125
766.0 23.2390830078125
767.0 21.43059423828125
768.0 24.05480283203125
769.0 21.3053697265625
770.0 24.05856162109375
771.0 23.68202919921875
772.0 21.723910546875
773.0 24.124702734375
774.0 21.8451271484375
775.0 24.6885572265625
776.0 24.2424982421875
777.0 20.6686453125
778.0 23.5417994140625
779.0 21.2068169921875
780.0 23.33077265625
781.0 19.40912802734375
782.0 22.25211513671875
783.0 23.2852826171875
784.0 20.74533876953125
785.0 23.32485732421875
786.0 20.92655361328125
787.0 23.667241015625
788.0 24.18553984375
789.0 20.4057306640625
790.0 21.81848857421875
791.0 20.23574580078125
792.0 21.90559814453125
793.0 23.04343232421875
794.0 21.386241015625
795.0 23.33141953125
796.0 21.220253515625
797.0 23.2580837890625
798.0 23.34121953125
799.0 22.036568359375
