593.765
149	1042	7	312.6	2.1	7.83594	9
148	1034	8	310.2	2.4	7.75	9
147	1026	9	307.8	2.7	7.79688	9
146	1016	12	304.8	3.6	6.20312	9
145	1006	15	301.8	4.5	7.10938	9
144	994	20	298.2	6	6.09375	9
143	984	23	295.2	6.9	7.46094	9
142	975	25	292.5	7.5	7.4375	9
141	967	26	290.1	7.8	8.03125	9
140	959	27	287.701	8.1	8.64062	9
139	951	28	285.301	8.4	3.91406	9
138	942	30	282.601	9	8.08594	9
137	934	31	280.201	9.3	7.86719	9
136	926	32	277.801	9.6	8.02344	8
135	920	31	276.001	9.3	7.92969	8
134	914	30	274.201	9	8.01562	8
133	907	30	272.101	9	7.8125	8
132	900	30	270.001	9	7.04688	8
131	893	30	267.901	9	7.78906	8
130	887	29	266.101	8.7	7.88281	8
129	880	29	264.002	8.7	6.29688	8
128	872	30	261.602	9	6.94531	8
127	865	30	259.502	9	8.03125	8
126	859	29	257.702	8.7	7.70312	8
125	852	29	255.602	8.7	7.70312	8
124	845	29	253.502	8.7	7.6875	8
123	838	29	251.402	8.7	7.78125	8
122	831	29	249.302	8.7	5.38281	8
121	824	29	247.202	8.7	7.50781	8
120	817	29	245.102	8.7	7.30469	8
119	810	29	243.002	8.7	7.39844	8
118	803	29	240.902	8.7	6.77344	8
117	795	30	238.502	9	7.15625	8
116	788	30	236.402	9	6.48438	8
115	778	33	233.402	9.9	6.35156	8
114	771	33	231.302	9.9	7.55469	8
113	764	33	229.202	9.9	7.01562	8
112	758	32	227.402	9.6	3.625	8
111	750	33	225.002	9.9	7.25781	8
110	743	33	222.902	9.9	3.07031	8
109	734	35	220.201	10.5	7.51562	8
108	727	35	218.101	10.5	7.32031	8
107	720	35	216.001	10.5	7.60156	8
106	713	35	213.901	10.5	5.89062	8
105	705	36	211.501	10.8	7.00781	8
104	697	37	209.101	11.1	6.66406	8
103	687	40	206.101	12	3.79688	8
102	680	40	204.001	12	7.54688	8
101	673	40	201.901	12	7.3125	8
100	666	40	199.801	12	7.99219	8
99	659	40	197.701	12	6.80469	8
98	652	40	195.601	12	6.85938	8
97	644	41	193.201	12.3	4.79688	8
96	635	43	190.501	12.9	6.99219	8
95	628	43	188.401	12.9	7.125	8
94	621	43	186.301	12.9	6.70312	8
93	614	43	184.201	12.9	5.92969	8
92	607	43	182.101	12.9	7.16406	8
91	601	42	180.301	12.6	10.6094	8
90	593	43	177.901	12.9	6.94531	8
89	586	43	175.801	12.9	7.09375	8
88	579	43	173.701	12.9	8.13281	8
87	573	42	171.901	12.6	7.52344	8
86	566	42	169.801	12.6	7.52344	8
85	560	41	168.001	12.3	8.17969	8
84	554	40	166.201	12	7.03125	8
83	547	40	164.101	12	7.58594	8
82	540	40	162.001	12	5.03906	8
81	533	40	159.901	12	8.08594	8
80	527	39	158.101	11.7	8.27344	8
79	521	38	156.301	11.4	8.10938	8
78	515	37	154.501	11.1	8.04688	8
77	509	36	152.701	10.8	7.78125	8
76	502	36	150.601	10.8	7.375	8
75	495	36	148.501	10.8	7.96094	8
74	489	35	146.701	10.5	10.4141	8
73	482	35	144.601	10.5	7.46875	8
72	475	35	142.501	10.5	7.89844	8
71	469	34	140.701	10.2	7.75	8
70	464	32	139.201	9.6	11.4297	8
69	456	33	136.801	9.9	8.35156	8
68	450	32	135.001	9.6	8.29688	8
67	444	31	133.201	9.3	8.09375	8
66	438	30	131.401	9	8.11719	8
65	431	30	129.301	9	7.66406	8
64	425	29	127.501	8.7	4.39062	8
63	418	29	125.401	8.7	7.54688	8
62	411	29	123.3	8.7	7.60156	8
61	404	29	121.2	8.7	6.91406	8
60	397	29	119.1	8.7	6.92188	8
59	388	31	116.4	9.3	6.20312	8
58	379	33	113.7	9.9	5.46875	8
57	371	34	111.3	10.2	7.03125	8
56	364	34	109.2	10.2	7.54688	8
55	357	34	107.1	10.2	7.28906	8
54	350	34	105	10.2	7.28906	8
53	344	33	103.2	9.9	8.08594	8
52	338	32	101.4	9.6	8.14062	8
51	332	31	99.6003	9.3	8.14062	8
50	326	30	97.8002	9	7.57812	8
49	319	30	95.7002	9	7.75781	8
48	313	29	93.9002	8.7	8.05469	8
47	306	29	91.8002	8.7	7.48438	8
46	300	28	90.0002	8.4	8.14844	8
45	293	28	87.9001	8.4	7.73438	8
44	286	28	85.8001	8.4	8.32031	8
43	280	27	84.0001	8.1	8.11719	8
42	273	27	81.9001	8.1	7.22656	8
41	266	27	79.8	8.1	7.14062	8
40	258	28	77.4	8.4	6.60156	8
39	251	28	75.3	8.4	8.28906	8
38	245	27	73.5	8.1	9.21094	8
37	239	26	71.7	7.8	7.78906	8
36	233	25	69.8999	7.5	8.16406	8
35	227	24	68.0999	7.2	8.04688	8
34	221	23	66.2999	6.9	8.14844	8
33	215	22	64.4999	6.6	8.26562	8
32	209	21	62.6999	6.3	7.09375	8
31	202	21	60.5999	6.3	7.73438	8
30	196	20	58.7999	6	7.3125	8
29	190	19	56.9999	5.7	8.28906	8
28	184	18	55.1999	5.4	9.21094	8
27	178	17	53.3999	5.1	8.22656	8
26	172	16	51.5999	4.8	8.27344	8
25	166	15	49.7999	4.5	9.125	8
24	160	14	47.9999	4.2	8.5625	8
23	153	14	45.8999	4.2	5.64062	8
22	145	15	43.4999	4.5	6.77344	8
21	138	15	41.3999	4.5	7.83594	8
20	131	15	39.2999	4.5	8.375	8
19	125	14	37.5	4.2	8.20312	8
18	119	13	35.7	3.9	8.26562	8
17	114	11	34.2	3.3	11.1172	8
16	105	13	31.5	3.9	6.86719	8
15	97	14	29.1	4.2	6.76562	8
14	90	14	27	4.2	7.03906	8
13	83	14	24.9	4.2	7.65625	8
12	76	14	22.8	4.2	7.82031	8
11	69	14	20.7	4.2	6.45312	8
10	62	14	18.6	4.2	7.65625	8
9	56	13	16.8	3.9	11.7578	8
8	49	13	14.7	3.9	7.58594	8
7	42	13	12.6	3.9	7.78906	8
6	35	13	10.5	3.9	7.94531	8
5	28	13	8.4	3.9	7.61719	8
4	22	12	6.6	3.6	7.91406	8
3	16	11	4.8	3.3	8.375	8
2	10	10	3	3	8.01562	7
1	5	8	1.5	2.4	7.04688	7
0	0	6	0	1.8	7.86719	1

