601.744
149	1042	7	312.6	2.1	7.61719	9
148	1034	8	310.2	2.4	7.82031	9
147	1027	8	308.1	2.4	9.66406	9
146	1018	10	305.4	3	7.79688	9
145	1009	12	302.7	3.6	7.73438	9
144	1000	14	300	4.2	7.71875	9
143	991	16	297.3	4.8	8.02344	9
142	983	17	294.9	5.1	8.04688	9
141	975	18	292.5	5.4	8.17969	9
140	967	19	290.1	5.7	8.02344	9
139	960	19	288.001	5.7	10.1328	9
138	951	21	285.301	6.3	8.07812	9
137	943	22	282.901	6.6	7.76562	9
136	935	23	280.501	6.9	8.0625	8
135	929	22	278.701	6.6	7.8125	8
134	923	21	276.901	6.3	11.8984	8
133	917	20	275.101	6	3.55469	8
132	910	20	273.001	6	7.875	8
131	904	19	271.201	5.7	7.84375	8
130	898	18	269.401	5.4	7.88281	8
129	891	18	267.301	5.4	7.79688	8
128	885	17	265.501	5.1	8.03125	8
127	879	16	263.702	4.8	8.11719	8
126	873	15	261.902	4.5	7.78125	8
125	867	14	260.102	4.2	7.91406	8
124	861	13	258.302	3.9	7.92969	8
123	855	12	256.502	3.6	7.96094	8
122	849	11	254.702	3.3	8.07812	8
121	842	11	252.602	3.3	6.07812	8
120	834	12	250.202	3.6	6.30469	8
119	826	13	247.802	3.9	7.46875	8
118	818	14	245.402	4.2	6.45312	8
117	810	15	243.002	4.5	6.28906	8
116	802	16	240.602	4.8	6.17969	8
115	795	16	238.502	4.8	5.88281	8
114	787	17	236.102	5.1	6.42188	8
113	779	18	233.702	5.4	5.99219	8
112	771	19	231.302	5.7	6.42188	8
111	763	20	228.902	6	6.71094	8
110	755	21	226.502	6.3	6.74219	8
109	747	22	224.102	6.6	6.65625	8
108	740	22	222.001	6.6	7.57031	8
107	734	21	220.201	6.3	8.86719	8
106	727	21	218.101	6.3	8.01562	8
105	720	21	216.001	6.3	7.46094	8
104	713	21	213.901	6.3	7.75781	8
103	707	20	212.101	6	8.0625	8
102	701	19	210.301	5.7	7.96094	9
101	694	19	208.201	5.7	10.1484	9
100	685	21	205.501	6.3	8	9
99	677	22	203.101	6.6	8.13281	9
98	669	23	200.701	6.9	10.1719	9
97	661	24	198.301	7.2	8.03125	9
96	653	25	195.901	7.5	8.24219	9
95	645	26	193.501	7.8	7.98438	9
94	637	27	191.101	8.1	8.24219	9
93	629	28	188.701	8.4	10.2656	9
92	621	29	186.301	8.7	8.27344	9
91	613	30	183.901	9	8.25781	9
90	605	31	181.501	9.3	5.91406	9
89	596	33	178.801	9.9	7.75781	9
88	588	34	176.401	10.2	7.78125	9
87	580	35	174.001	10.5	8.17969	9
86	572	36	171.601	10.8	5.99219	9
85	563	38	168.901	11.4	7.94531	8
84	557	37	167.101	11.1	7.84375	8
83	552	35	165.601	10.5	12.5234	8
82	545	35	163.501	10.5	7.72656	8
81	539	34	161.701	10.2	7.83594	8
80	534	32	160.201	9.6	12.7656	8
79	526	33	157.801	9.9	7.85156	8
78	519	33	155.701	9.9	7.91406	8
77	512	33	153.601	9.9	7.82031	8
76	506	32	151.801	9.6	7.64062	8
75	499	32	149.701	9.6	7.78125	8
74	493	31	147.901	9.3	8.29688	8
73	487	30	146.101	9	8.14062	8
72	481	29	144.301	8.7	7.86719	8
71	475	28	142.501	8.4	11.6797	8
70	468	28	140.401	8.4	8.08594	8
69	462	27	138.601	8.1	7.75	8
68	456	26	136.801	7.8	7.78906	8
67	450	25	135.001	7.5	7.99219	8
66	444	24	133.201	7.2	8.02344	8
65	438	23	131.401	6.9	8.09375	8
64	432	22	129.601	6.6	7.98438	8
63	426	21	127.801	6.3	6.10938	8
62	419	21	125.701	6.3	8.04688	8
61	414	19	124.201	5.7	10.3203	8
60	407	19	122.1	5.7	8.03125	8
59	401	18	120.3	5.4	8.17969	8
58	395	17	118.5	5.1	8.38281	8
57	389	16	116.7	4.8	8.23438	8
56	383	15	114.9	4.5	8.14844	8
55	377	14	113.1	4.2	8.35938	8
54	372	12	111.6	3.6	12.6406	8
53	366	11	109.8	3.3	7.89844	8
52	360	10	108	3	8.0625	8
51	354	9	106.2	2.7	7.89844	8
50	347	9	104.1	2.7	7.63281	8
49	340	9	102	2.7	7.46875	8
48	333	9	99.9003	2.7	7.90625	9
47	325	10	97.5002	3	7.64062	9
46	316	12	94.8002	3.6	7.51562	9
45	310	11	93.0002	3.3	12.2266	9
44	300	14	90.0002	4.2	7.78906	9
43	291	16	87.3001	4.8	7.73438	9
42	283	17	84.9001	5.1	7.90625	9
41	274	19	82.2001	5.7	7.49219	9
40	266	20	79.8	6	5.66406	9
39	257	22	77.1	6.6	7.9375	9
38	249	23	74.7	6.9	7.83594	9
37	241	24	72.3	7.2	7.94531	9
36	232	26	69.5999	7.8	8.05469	9
35	224	27	67.1999	8.1	5.75	9
34	216	28	64.7999	8.4	7.91406	9
33	208	29	62.3999	8.7	8.32031	9
32	201	29	60.2999	8.7	10.1484	9
31	192	31	57.5999	9.3	8.17188	8
30	186	30	55.7999	9	7.96094	8
29	180	29	53.9999	8.7	7.875	8
28	174	28	52.1999	8.4	8.03125	8
27	169	26	50.6999	7.8	13.0781	8
26	163	25	48.8999	7.5	7.99219	8
25	157	24	47.0999	7.2	8.23438	8
24	151	23	45.2999	6.9	7.79688	8
23	145	22	43.4999	6.6	8.03125	8
22	139	21	41.6999	6.3	7.67188	8
21	132	21	39.5999	6.3	7.64062	8
20	125	21	37.5	6.3	7.78125	8
19	118	21	35.4	6.3	7.75781	8
18	111	21	33.3	6.3	7.85156	8
17	105	20	31.5	6	8.0625	8
16	98	20	29.4	6	5.71094	8
15	91	20	27.3	6	8.16406	8
14	85	19	25.5	5.7	8.08594	8
13	79	18	23.7	5.4	7.90625	8
12	73	17	21.9	5.1	8.02344	8
11	67	16	20.1	4.8	8.16406	8
10	61	15	18.3	4.5	7.875	8
9	55	14	16.5	4.2	3.21875	8
8	48	14	14.4	4.2	8.21094	8
7	42	13	12.6	3.9	8.17969	8
6	36	12	10.8	3.6	8.14844	8
5	30	11	9	3.3	7.96094	8
4	24	10	7.2	3	7.9375	8
3	18	9	5.4	2.7	8.28906	8
2	12	8	3.6	2.4	8.24219	8
1	6	7	1.8	2.1	8.10938	8
0	0	6	0	1.8	7.88281	1

