587.898
149	1041	8	312.3	2.4	7.17969	8
148	1034	8	310.2	2.4	7.54688	8
147	1027	8	308.1	2.4	7.24219	8
146	1020	8	306	2.4	7.34375	8
145	1013	8	303.9	2.4	7.09375	8
144	1006	8	301.8	2.4	6.33594	8
143	998	9	299.4	2.7	7.03906	8
142	992	8	297.6	2.4	2.36719	8
141	983	10	294.9	3	6.86719	8
140	976	10	292.8	3	6.61719	8
139	968	11	290.4	3.3	6.65625	8
138	961	11	288.301	3.3	7.25	8
137	954	11	286.201	3.3	7.04688	8
136	947	11	284.101	3.3	2.9375	8
135	939	12	281.701	3.6	6.35938	8
134	931	13	279.301	3.9	4.42188	8
133	923	14	276.901	4.2	7.36719	8
132	916	14	274.801	4.2	7.35938	8
131	909	14	272.701	4.2	7.40625	8
130	901	15	270.301	4.5	5.75781	8
129	893	16	267.901	4.8	7.03906	8
128	886	16	265.801	4.8	7.3125	8
127	879	16	263.702	4.8	11.6641	8
126	872	16	261.602	4.8	7.51562	8
125	865	16	259.502	4.8	7.14062	8
124	858	16	257.402	4.8	7.10156	8
123	851	16	255.302	4.8	6.67969	8
122	843	17	252.902	5.1	6.17188	8
121	835	18	250.502	5.4	6.51562	8
120	828	18	248.402	5.4	6.91406	8
119	821	18	246.302	5.4	9.47656	8
118	813	19	243.902	5.7	7.17969	8
117	806	19	241.802	5.7	7.15625	8
116	800	18	240.002	5.4	10	8
115	787	24	236.102	7.2	3.11719	8
114	778	26	233.402	7.8	6.6875	8
113	768	29	230.402	8.7	6.29688	8
112	760	30	228.002	9	7.13281	8
111	753	30	225.902	9	7.375	8
110	746	30	223.802	9	7.125	8
109	739	30	221.701	9	7.3125	8
108	733	29	219.901	8.7	4.35156	8
107	725	30	217.501	9	7.39062	8
106	719	29	215.701	8.7	12.0234	8
105	712	29	213.601	8.7	7.17969	8
104	705	29	211.501	8.7	7.39062	8
103	698	29	209.401	8.7	7.16406	8
102	691	29	207.301	8.7	7.03906	8
101	684	29	205.201	8.7	2.83594	8
100	676	30	202.801	9	7.28125	8
99	669	30	200.701	9	7.35938	8
98	662	30	198.601	9	9.1875	8
97	654	31	196.201	9.3	6.91406	8
96	647	31	194.101	9.3	7.15625	8
95	640	31	192.001	9.3	7.19531	8
94	633	31	189.901	9.3	7.10156	8
93	626	31	187.801	9.3	7.03906	8
92	620	30	186.001	9	10.1406	8
91	612	31	183.601	9.3	6.98438	8
90	605	31	181.501	9.3	7.07031	8
89	598	31	179.401	9.3	7.50781	8
88	591	31	177.301	9.3	7.28906	8
87	584	31	175.201	9.3	7.19531	8
86	576	32	172.801	9.6	7.21875	8
85	569	32	170.701	9.6	7.24219	8
84	562	32	168.601	9.6	7.04688	8
83	555	32	166.501	9.6	7.48438	8
82	548	32	164.401	9.6	7.27344	8
81	542	31	162.601	9.3	12.3672	8
80	535	31	160.501	9.3	7.46094	8
79	528	31	158.401	9.3	7.21094	8
78	521	31	156.301	9.3	7.35938	8
77	514	31	154.201	9.3	7.42188	8
76	507	31	152.101	9.3	7.60156	8
75	500	31	150.001	9.3	7.64062	8
74	494	30	148.201	9	10.4609	8
73	485	32	145.501	9.6	7.46094	8
72	478	32	143.401	9.6	7.55469	8
71	471	32	141.301	9.6	7.75	8
70	464	32	139.201	9.6	7.09375	8
69	457	32	137.101	9.6	7.21094	8
68	449	33	134.701	9.9	7.00781	8
67	441	34	132.301	10.2	6.66406	8
66	434	34	130.201	10.2	7.34375	8
65	427	34	128.101	10.2	7.09375	8
64	420	34	126.001	10.2	6.92188	8
63	413	34	123.9	10.2	6.45312	8
62	405	35	121.5	10.5	7.3125	8
61	398	35	119.4	10.5	7.01562	8
60	391	35	117.3	10.5	7.09375	8
59	384	35	115.2	10.5	7.07031	8
58	377	35	113.1	10.5	6.84375	8
57	370	35	111	10.5	7.55469	8
56	363	35	108.9	10.5	7.51562	8
55	356	35	106.8	10.5	7.53906	8
54	349	35	104.7	10.5	7.45312	8
53	342	35	102.6	10.5	7.60938	8
52	336	34	100.8	10.2	10.7578	8
51	329	34	98.7002	10.2	7.16406	8
50	322	34	96.6002	10.2	6.35938	8
49	315	34	94.5002	10.2	7.42188	8
48	309	33	92.7002	9.9	11.4453	8
47	302	33	90.6002	9.9	7.36719	8
46	295	33	88.5001	9.9	7.07031	8
45	288	33	86.4001	9.9	7.33594	8
44	281	33	84.3001	9.9	7.375	8
43	274	33	82.2001	9.9	7.35938	8
42	267	33	80.1001	9.9	6.77344	8
41	259	34	77.7	10.2	7.25	8
40	252	34	75.6	10.2	7.24219	8
39	245	34	73.5	10.2	7.04688	8
38	238	34	71.4	10.2	7.03125	8
37	231	34	69.2999	10.2	7.52344	8
36	224	34	67.1999	10.2	7.21875	8
35	217	34	65.0999	10.2	7.25	8
34	210	34	62.9999	10.2	10.1094	8
33	204	33	61.1999	9.9	4.77344	8
32	197	33	59.0999	9.9	7.40625	8
31	191	32	57.2999	9.6	9.48438	8
30	183	33	54.8999	9.9	7.42188	8
29	176	33	52.7999	9.9	7.51562	8
28	169	33	50.6999	9.9	7.57031	8
27	162	33	48.5999	9.9	7.53906	8
26	155	33	46.4999	9.9	6.96094	8
25	148	33	44.3999	9.9	7.10938	8
24	142	32	42.5999	9.6	9.92188	8
23	135	32	40.4999	9.6	7.42969	8
22	128	32	38.4	9.6	7.40625	8
21	121	32	36.3	9.6	7.24219	8
20	114	32	34.2	9.6	7.24219	8
19	107	32	32.1	9.6	6.92969	8
18	100	32	30	9.6	7.42969	8
17	93	32	27.9	9.6	7.10938	8
16	86	32	25.8	9.6	7.13281	8
15	79	32	23.7	9.6	6.53906	8
14	72	32	21.6	9.6	7.34375	8
13	65	32	19.5	9.6	7.48438	7
12	60	30	18	9	7.50781	7
11	55	28	16.5	8.4	6.91406	7
10	50	26	15	7.8	7.34375	7
9	45	24	13.5	7.2	7.21875	7
8	40	22	12	6.6	7.49219	7
7	35	20	10.5	6	7.50781	7
6	30	18	9	5.4	7.21875	7
5	25	16	7.5	4.8	7.32031	7
4	21	13	6.3	3.9	10.4922	7
3	15	12	4.5	3.6	6.89062	7
2	10	10	3	3	7.40625	7
1	5	8	1.5	2.4	7.09375	7
0	0	6	0	1.8	7.01562	1

