863.115
149	1039	10	311.7	3	6.41406	9
148	1025	17	307.5	5.1	6.32031	9
147	1012	23	303.6	6.9	5.75	9
146	1000	28	300	8.4	5.76562	9
145	986	35	295.8	10.5	5.91406	9
144	975	39	292.5	11.7	5.82031	9
143	961	46	288.301	13.8	4.47656	9
142	951	49	285.301	14.7	9.63281	9
141	937	56	281.101	16.8	6.00781	9
140	924	62	277.201	18.6	2.96875	9
139	910	69	273.001	20.7	3.76562	9
138	893	79	267.901	23.7	5.71094	9
137	877	88	263.102	26.4	2.69531	9
136	865	93	259.502	27.9	6.35938	9
135	852	99	255.602	29.7	5.91406	9
134	841	103	252.302	30.9	6.30469	9
133	830	107	249.002	32.1	6.07812	9
132	818	112	245.402	33.6	5.64844	9
131	803	120	240.902	36	5.15625	9
130	791	125	237.302	37.5	5.75	9
129	779	130	233.702	39	6.42188	9
128	769	133	230.702	39.8999	4.96094	9
127	756	139	226.802	41.6999	5.375	9
126	744	144	223.202	43.1999	6.22656	9
125	729	152	218.701	45.5999	5.70312	9
124	718	156	215.401	46.7999	6.17969	9
123	706	161	211.801	48.2999	5.38281	9
122	694	166	208.201	49.7999	5.70312	9
121	683	170	204.901	50.9999	4.75	9
120	671	175	201.301	52.4999	4.86719	9
119	658	181	197.401	54.2999	6.20312	9
118	647	185	194.101	55.4999	4.35156	9
117	635	190	190.501	56.9999	5.38281	9
116	624	194	187.201	58.1999	7.88281	9
115	613	198	183.901	59.3999	6.32812	9
114	602	202	180.601	60.5999	6.0625	9
113	591	206	177.301	61.7999	6.02344	9
112	580	210	174.001	62.9999	6.44531	9
111	567	216	170.101	64.7999	5.02344	9
110	553	223	165.901	66.8999	7.57031	9
109	540	229	162.001	68.6999	5.03906	9
108	519	243	155.701	72.9	5.55469	9
107	505	250	151.501	75	4.98438	9
106	488	260	146.401	78	7.10938	9
105	476	265	142.801	79.5	6.4375	9
104	464	270	139.201	81.0001	4.80469	9
103	450	277	135.001	83.1001	4.75	9
102	431	289	129.301	86.7001	2.39062	9
101	416	297	124.801	89.1001	6.1875	9
100	405	301	121.5	90.3002	6.00781	9
99	393	306	117.9	91.8002	6.32031	9
98	383	309	114.9	92.7002	4.99219	9
97	372	313	111.6	93.9002	6.10938	9
96	361	317	108.3	95.1002	6.17969	9
95	350	321	105	96.3002	6.1875	9
94	339	325	101.7	97.5002	4.86719	9
93	328	329	98.4002	98.7002	6.35156	9
92	318	332	95.4002	99.6003	6.5625	9
91	307	336	92.1002	100.8	6.07812	9
90	296	340	88.8001	102	6.36719	9
89	286	343	85.8001	102.9	1.89844	9
88	273	349	81.9001	104.7	5.88281	9
87	262	353	78.6	105.9	5.63281	9
86	250	358	75	107.4	5.55469	9
85	238	363	71.4	108.9	5.89062	9
84	228	366	68.3999	109.8	8.92188	9
83	214	373	64.1999	111.9	6.02344	9
82	202	378	60.5999	113.4	4.82812	9
81	191	382	57.2999	114.6	5.92969	9
80	176	390	52.7999	117	5.82812	9
79	165	394	49.4999	118.2	6.03906	9
78	154	398	46.1999	119.4	3.55469	9
77	142	403	42.5999	120.9	3.80469	9
76	130	408	39	122.4	4.63281	8
75	120	411	36	123.3	7.9375	3
74	120	404	36	121.2	7.9375	3
73	120	397	36	119.1	7.9375	3
72	120	390	36	117	7.9375	3
71	120	383	36	114.9	7.9375	3
70	120	376	36	112.8	7.9375	3
69	120	369	36	110.7	7.9375	3
68	120	362	36	108.6	7.9375	3
67	120	355	36	106.5	7.9375	3
66	120	348	36	104.4	7.9375	3
65	120	341	36	102.3	7.9375	3
64	120	334	36	100.2	7.9375	3
63	120	327	36	98.1002	7.9375	3
62	120	320	36	96.0002	7.9375	3
61	120	313	36	93.9002	7.9375	3
60	120	306	36	91.8002	7.9375	3
59	120	299	36	89.7001	7.9375	3
58	120	292	36	87.6001	7.9375	3
57	120	285	36	85.5001	7.9375	3
56	120	278	36	83.4001	7.9375	3
55	120	271	36	81.3001	7.9375	3
54	120	264	36	79.2	7.9375	3
53	120	257	36	77.1	7.9375	3
52	120	250	36	75	7.9375	3
51	120	243	36	72.9	7.9375	3
50	120	236	36	70.8	7.9375	3
49	120	229	36	68.6999	7.9375	3
48	120	222	36	66.5999	7.9375	3
47	120	215	36	64.4999	7.9375	3
46	120	208	36	62.3999	7.9375	3
45	120	201	36	60.2999	7.9375	3
44	120	194	36	58.1999	7.9375	3
43	120	187	36	56.0999	7.9375	3
42	120	180	36	53.9999	7.9375	3
41	120	173	36	51.8999	7.9375	3
40	120	166	36	49.7999	7.9375	3
39	120	159	36	47.6999	7.9375	3
38	120	152	36	45.5999	7.9375	3
37	120	145	36	43.4999	7.9375	3
36	120	138	36	41.3999	7.9375	3
35	120	131	36	39.2999	7.9375	3
34	120	124	36	37.2	7.9375	3
33	120	117	36	35.1	7.9375	3
32	120	110	36	33	7.9375	3
31	120	103	36	30.9	7.9375	3
30	120	96	36	28.8	7.9375	3
29	120	89	36	26.7	7.9375	3
28	120	82	36	24.6	7.9375	3
27	120	75	36	22.5	7.9375	3
26	120	68	36	20.4	7.9375	3
25	120	61	36	18.3	7.9375	3
24	120	54	36	16.2	7.9375	3
23	120	47	36	14.1	7.9375	3
22	120	40	36	12	7.9375	3
21	120	33	36	9.9	7.9375	3
20	120	26	36	7.8	7.9375	6
19	117	22	35.1	6.6	7.9375	6
18	111	21	33.3	6.3	4.67969	6
17	106	19	31.8	5.7	6.28906	6
16	100	18	30	5.4	4.0625	6
15	94	17	28.2	5.1	5.21875	6
14	89	15	26.7	4.5	5.33594	6
13	84	13	25.2	3.9	5.5625	6
12	79	11	23.7	3.3	5.53125	6
11	74	9	22.2	2.7	5.35156	6
10	67	9	20.1	2.7	3.4375	6
9	61	8	18.3	2.4	3.28906	6
8	55	7	16.5	2.1	4.86719	6
7	48	7	14.4	2.1	4.72656	6
6	41	7	12.3	2.1	3.25781	6
5	32	9	9.6	2.7	4.09375	6
4	20	14	6	4.2	0.867188	5
3	12	15	3.6	4.5	4.44531	5
2	7	13	2.1	3.9	3.08594	5
1	0	13	0	3.9	2.78125	1
0	0	6	0	1.8	2.78125	1

