812.31
149	1042	7	312.6	2.1	5.20312	9
148	1029	13	308.7	3.9	5.28906	9
147	1016	19	304.8	5.7	5.13281	9
146	1003	25	300.9	7.5	4.67969	9
145	990	31	297	9.3	5.21875	9
144	977	37	293.1	11.1	5.25781	9
143	964	43	289.201	12.9	5.10156	9
142	952	48	285.601	14.4	8.94531	9
141	938	55	281.401	16.5	5.35156	9
140	925	61	277.501	18.3	5.28906	9
139	913	66	273.901	19.8	4.09375	9
138	900	72	270.001	21.6	5.4375	9
137	887	78	266.101	23.4	5.32031	9
136	875	83	262.502	24.9	7.49219	9
135	862	89	258.602	26.7	10.0703	9
134	849	95	254.702	28.5	4.92969	9
133	835	102	250.502	30.6	4.95312	9
132	822	108	246.602	32.4	4.97656	9
131	809	114	242.702	34.2	5.125	9
130	796	120	238.802	36	5.15625	9
129	783	126	234.902	37.8	5.55469	9
128	770	132	231.002	39.5999	4.78125	9
127	756	139	226.802	41.6999	4.5	9
126	742	146	222.602	43.7999	5.15625	9
125	728	153	218.401	45.8999	4.50781	9
124	713	161	213.901	48.2999	4.84375	9
123	701	166	210.301	49.7999	8.53125	9
122	689	171	206.701	51.2999	2.625	9
121	676	177	202.801	53.0999	9.80469	9
120	662	184	198.601	55.1999	5.27344	9
119	649	190	194.701	56.9999	5.33594	9
118	636	196	190.801	58.7999	4.99219	9
117	623	202	186.901	60.5999	5.25	9
116	611	207	183.301	62.0999	6.50781	9
115	598	213	179.401	63.8999	5.45312	9
114	585	219	175.501	65.6999	5.28125	9
113	573	224	171.901	67.1999	9.57812	9
112	560	230	168.001	68.9999	4.84375	9
111	550	233	165.001	69.8999	9.75	9
110	534	242	160.201	72.6	4.71094	9
109	519	250	155.701	75	4.89844	9
108	507	255	152.101	76.5	7.94531	9
107	491	264	147.301	79.2	4.59375	9
106	476	272	142.801	81.6001	4.94531	9
105	462	279	138.601	83.7001	4.60156	9
104	447	287	134.101	86.1001	4.5625	9
103	432	295	129.601	88.5001	4.38281	9
102	420	300	126.001	90.0002	8.44531	9
101	404	309	121.2	92.7002	4.92969	9
100	390	316	117	94.8002	4.99219	9
99	376	323	112.8	96.9002	4.36719	9
98	362	330	108.6	99.0002	4.54688	9
97	347	338	104.1	101.4	3.70312	9
96	333	345	99.9003	103.5	4.20312	9
95	318	353	95.4002	105.9	5.02344	9
94	305	359	91.5002	107.7	3.17188	9
93	291	366	87.3001	109.8	5.54688	9
92	277	373	83.1001	111.9	5.03906	9
91	262	381	78.6	114.3	4.74219	9
90	247	389	74.1	116.7	2.29688	9
89	234	395	70.2	118.5	7.39844	9
88	218	404	65.3999	121.2	5.00781	9
87	204	411	61.1999	123.3	4.65625	9
86	191	417	57.2999	125.101	8.17969	9
85	174	427	52.1999	128.101	5.35156	6
84	171	423	51.2999	126.901	8.82031	3
83	171	416	51.2999	124.801	8.82031	3
82	171	409	51.2999	122.7	8.82031	3
81	171	402	51.2999	120.6	8.82031	3
80	171	395	51.2999	118.5	8.82031	3
79	171	388	51.2999	116.4	8.82031	3
78	171	381	51.2999	114.3	8.82031	3
77	171	374	51.2999	112.2	8.82031	3
76	171	367	51.2999	110.1	8.82031	3
75	171	360	51.2999	108	8.82031	3
74	171	353	51.2999	105.9	8.82031	3
73	171	346	51.2999	103.8	8.82031	3
72	171	339	51.2999	101.7	8.82031	3
71	171	332	51.2999	99.6003	8.82031	3
70	171	325	51.2999	97.5002	8.82031	3
69	171	318	51.2999	95.4002	8.82031	3
68	171	311	51.2999	93.3002	8.82031	3
67	171	304	51.2999	91.2002	8.82031	3
66	171	297	51.2999	89.1001	8.82031	3
65	171	290	51.2999	87.0001	8.82031	3
64	171	283	51.2999	84.9001	8.82031	3
63	171	276	51.2999	82.8001	8.82031	3
62	171	269	51.2999	80.7001	8.82031	3
61	171	262	51.2999	78.6	8.82031	3
60	171	255	51.2999	76.5	8.82031	3
59	171	248	51.2999	74.4	8.82031	3
58	171	241	51.2999	72.3	8.82031	3
57	171	234	51.2999	70.2	8.82031	3
56	171	227	51.2999	68.0999	8.82031	3
55	171	220	51.2999	65.9999	8.82031	3
54	171	213	51.2999	63.8999	8.82031	3
53	171	206	51.2999	61.7999	8.82031	3
52	171	199	51.2999	59.6999	8.82031	3
51	171	192	51.2999	57.5999	8.82031	3
50	171	185	51.2999	55.4999	8.82031	3
49	171	178	51.2999	53.3999	8.82031	3
48	171	171	51.2999	51.2999	8.82031	3
47	171	164	51.2999	49.1999	8.82031	3
46	171	157	51.2999	47.0999	8.82031	3
45	171	150	51.2999	44.9999	8.82031	3
44	171	143	51.2999	42.8999	8.82031	3
43	171	136	51.2999	40.7999	8.82031	3
42	171	129	51.2999	38.7	8.82031	3
41	171	122	51.2999	36.6	8.82031	3
40	171	115	51.2999	34.5	8.82031	3
39	171	108	51.2999	32.4	8.82031	3
38	171	101	51.2999	30.3	8.82031	3
37	171	94	51.2999	28.2	8.82031	3
36	171	87	51.2999	26.1	8.82031	3
35	171	80	51.2999	24	8.82031	3
34	171	73	51.2999	21.9	8.82031	3
33	171	66	51.2999	19.8	8.82031	3
32	171	59	51.2999	17.7	8.82031	3
31	171	52	51.2999	15.6	8.82031	3
30	171	45	51.2999	13.5	8.82031	3
29	171	38	51.2999	11.4	8.82031	3
28	171	31	51.2999	9.3	8.82031	3
27	171	24	51.2999	7.2	8.82031	3
26	171	17	51.2999	5.1	8.82031	3
25	171	10	51.2999	3	8.82031	7
24	161	13	48.2999	3.9	5.25	7
23	153	14	45.8999	4.2	5.00781	7
22	145	15	43.4999	4.5	5.10156	7
21	137	16	41.0999	4.8	4.6875	7
20	129	17	38.7	5.1	2.50781	7
19	120	19	36	5.7	4.94531	7
18	112	20	33.6	6	4.21094	7
17	103	22	30.9	6.6	4.57031	7
16	94	24	28.2	7.2	4.84375	7
15	87	24	26.1	7.2	7.69531	7
14	76	28	22.8	8.4	4.92969	7
13	67	30	20.1	9	4.41406	7
12	59	31	17.7	9.3	5.07031	7
11	51	32	15.3	9.6	4.75781	7
10	43	33	12.9	9.9	4.8125	7
9	35	34	10.5	10.2	4.64844	7
8	28	34	8.4	10.2	7.375	7
7	19	36	5.7	10.8	4.84375	6
6	13	35	3.9	10.5	4.21875	6
5	6	35	1.8	10.5	5.70312	4
4	4	30	1.2	9	5.70312	4
3	1	26	0.3	7.8	3.01562	2
2	0	20	0	6	4.53906	1
1	0	13	0	3.9	4.53906	1
0	0	6	0	1.8	4.53906	1

