883.05
149	1042	7	312.6	2.1	5.75	9
148	1031	11	309.3	3.3	5.84375	9
147	1022	13	306.6	3.9	10.5547	9
146	1010	18	303	5.4	6.5	9
145	998	23	299.4	6.9	4.65625	9
144	986	28	295.8	8.4	5.15625	9
143	972	35	291.6	10.5	5.3125	9
142	939	61	281.701	18.3	7.76562	9
141	926	67	277.801	20.1	6.32031	9
140	916	70	274.801	21	8.83594	9
139	904	75	271.201	22.5	5.88281	9
138	892	80	267.601	24	5.38281	9
137	880	85	264.002	25.5	5.67969	9
136	862	96	258.602	28.8	3.91406	9
135	849	102	254.702	30.6	5.22656	9
134	837	107	251.102	32.1	6.11719	9
133	827	110	248.102	33	8.27344	9
132	814	116	244.202	34.8	6.03125	9
131	802	121	240.602	36.3	5.48438	9
130	790	126	237.002	37.8	6.26562	9
129	778	131	233.402	39.2999	6.36719	9
128	769	133	230.702	39.8999	4.5625	9
127	758	137	227.402	41.0999	6.99219	9
126	748	140	224.402	41.9999	6.45312	9
125	738	143	221.401	42.8999	6.83594	9
124	728	146	218.401	43.7999	6.85938	9
123	718	149	215.401	44.6999	6.27344	9
122	707	153	212.101	45.8999	6.46875	9
121	696	157	208.801	47.0999	6.8125	9
120	686	160	205.801	47.9999	6.14844	9
119	675	164	202.501	49.1999	5.72656	9
118	663	169	198.901	50.6999	6.58594	9
117	652	173	195.601	51.8999	6.78125	9
116	642	176	192.601	52.7999	6.76562	9
115	632	179	189.601	53.6999	6.45312	9
114	623	181	186.901	54.2999	5.78906	9
113	613	184	183.901	55.1999	7.04688	9
112	604	186	181.201	55.7999	7.4375	9
111	595	188	178.501	56.3999	7.13281	9
110	586	190	175.801	56.9999	7.53906	9
109	577	192	173.101	57.5999	6.67969	9
108	568	194	170.401	58.1999	7.03125	9
107	559	196	167.701	58.7999	9.39844	9
106	551	197	165.301	59.0999	10.6797	9
105	541	200	162.301	59.9999	6.63281	9
104	531	203	159.301	60.8999	8.26562	9
103	520	207	156.001	62.0999	6.77344	9
102	510	210	153.001	62.9999	6.8125	9
101	500	213	150.001	63.8999	6.40625	9
100	489	217	146.701	65.0999	3.34375	9
99	473	226	141.901	67.7999	3.53125	9
98	460	232	138.001	69.5999	7.46875	9
97	442	243	132.601	72.9	3.28906	9
96	425	253	127.501	75.9	5.46875	9
95	413	258	123.9	77.4	7.28125	9
94	400	264	120	79.2	4.92969	9
93	378	279	113.4	83.7001	9.50781	9
92	362	288	108.6	86.4001	3.72656	9
91	348	295	104.4	88.5001	5.21875	9
90	334	302	100.2	90.6002	5.85938	9
89	317	312	95.1002	93.6002	4.71875	9
88	299	323	89.7001	96.9002	4.21094	9
87	285	330	85.5001	99.0002	5.02344	9
86	271	337	81.3001	101.1	7.84375	9
85	256	345	76.8	103.5	4.71875	9
84	242	352	72.6	105.6	4.92969	9
83	227	360	68.0999	108	3.92188	9
82	211	369	63.2999	110.7	4.8125	9
81	196	377	58.7999	113.1	3.78906	9
80	181	385	54.2999	115.5	4.39844	9
79	168	391	50.3999	117.3	4.96094	9
78	155	397	46.4999	119.1	4.98438	9
77	142	403	42.5999	120.9	5.64062	9
76	128	410	38.4	123	6.5625	9
75	113	418	33.9	125.401	7.6875	9
74	101	423	30.3	126.901	5.91406	9
73	89	428	26.7	128.401	6	9
72	75	435	22.5	130.501	4.17969	9
71	60	443	18	132.901	5.03906	9
70	46	450	13.8	135.001	4.27344	9
69	29	460	8.7	138.001	4.13281	9
68	17	465	5.1	139.501	5.85156	6
67	13	462	3.9	138.601	8.01562	5
66	11	457	3.3	137.101	8.01562	3
65	11	450	3.3	135.001	8.01562	3
64	11	443	3.3	132.901	8.01562	3
63	11	436	3.3	130.801	8.01562	3
62	11	429	3.3	128.701	8.01562	3
61	11	422	3.3	126.601	8.01562	3
60	11	415	3.3	124.501	8.01562	3
59	11	408	3.3	122.4	8.01562	3
58	11	401	3.3	120.3	8.01562	3
57	11	394	3.3	118.2	8.01562	3
56	11	387	3.3	116.1	8.01562	3
55	11	380	3.3	114	8.01562	3
54	11	373	3.3	111.9	8.01562	3
53	11	366	3.3	109.8	8.01562	3
52	11	359	3.3	107.7	8.01562	3
51	11	352	3.3	105.6	8.01562	3
50	11	345	3.3	103.5	8.01562	3
49	11	338	3.3	101.4	8.01562	3
48	11	331	3.3	99.3002	8.01562	3
47	11	324	3.3	97.2002	8.01562	3
46	11	317	3.3	95.1002	8.01562	3
45	11	310	3.3	93.0002	8.01562	3
44	11	303	3.3	90.9002	8.01562	3
43	11	296	3.3	88.8001	8.01562	3
42	11	289	3.3	86.7001	8.01562	3
41	11	282	3.3	84.6001	8.01562	3
40	11	275	3.3	82.5001	8.01562	3
39	11	268	3.3	80.4001	8.01562	3
38	11	261	3.3	78.3	8.01562	3
37	11	254	3.3	76.2	8.01562	3
36	11	247	3.3	74.1	8.01562	3
35	11	240	3.3	72	8.01562	3
34	11	233	3.3	69.8999	8.01562	3
33	11	226	3.3	67.7999	8.01562	3
32	11	219	3.3	65.6999	8.01562	3
31	11	212	3.3	63.5999	8.01562	3
30	11	205	3.3	61.4999	8.01562	3
29	11	198	3.3	59.3999	8.01562	3
28	11	191	3.3	57.2999	8.01562	3
27	11	184	3.3	55.1999	8.01562	3
26	11	177	3.3	53.0999	8.01562	3
25	11	170	3.3	50.9999	8.01562	3
24	11	163	3.3	48.8999	8.01562	3
23	11	156	3.3	46.7999	8.01562	3
22	11	149	3.3	44.6999	8.01562	3
21	11	142	3.3	42.5999	8.01562	3
20	11	135	3.3	40.4999	8.01562	3
19	11	128	3.3	38.4	8.01562	3
18	11	121	3.3	36.3	8.01562	3
17	11	114	3.3	34.2	8.01562	3
16	11	107	3.3	32.1	8.01562	3
15	11	100	3.3	30	8.01562	3
14	11	93	3.3	27.9	8.01562	3
13	11	86	3.3	25.8	8.01562	3
12	11	79	3.3	23.7	8.01562	3
11	11	72	3.3	21.6	8.01562	3
10	11	65	3.3	19.5	8.01562	3
9	11	58	3.3	17.4	8.01562	3
8	11	51	3.3	15.3	8.01562	3
7	11	44	3.3	13.2	8.01562	3
6	11	37	3.3	11.1	8.01562	3
5	11	30	3.3	9	8.01562	4
4	8	26	2.4	7.8	4.20312	4
3	6	21	1.8	6.3	6.0625	4
2	4	16	1.2	4.8	6.0625	4
1	2	11	0.6	3.3	5.96094	4
0	0	6	0	1.8	5.9375	1

