986.35
149	1043	7	312.9	2.1	6.125	8
148	1035	7	310.5	2.1	6.35156	8
147	1028	7	308.4	2.1	10.6797	8
146	1019	9	305.7	2.7	6.40625	8
145	1011	10	303.3	3	6.78125	8
144	1003	11	300.9	3.3	6.42188	8
143	995	12	298.5	3.6	5.71094	8
142	986	14	295.8	4.2	6.03906	8
141	977	16	293.1	4.8	6.41406	8
140	966	20	289.8	6	5.04688	9
139	954	25	286.201	7.5	3.54688	9
138	943	29	282.901	8.7	6.27344	9
137	932	33	279.601	9.9	5.97656	9
136	921	37	276.301	11.1	4.03906	9
135	910	41	273.001	12.3	6.53906	9
134	899	45	269.701	13.5	6.24219	9
133	889	48	266.701	14.4	4.09375	9
132	878	52	263.402	15.6	8.73438	9
131	866	57	259.802	17.1	6.24219	9
130	856	60	256.802	18	6.26562	9
129	845	64	253.502	19.2	6.1875	9
128	833	69	249.902	20.7	6.28906	9
127	822	73	246.602	21.9	6.27344	9
126	811	77	243.302	23.1	6.47656	9
125	797	84	239.102	25.2	6.10938	9
124	784	90	235.202	27	5.19531	9
123	767	100	230.102	30	5.25	9
122	756	104	226.802	31.2	10.8906	9
121	744	109	223.202	32.7	5.28125	9
120	735	111	220.501	33.3	11.5625	9
119	723	116	216.901	34.8	7.78125	9
118	714	118	214.201	35.4	6.625	9
117	704	121	211.201	36.3	6.89844	9
116	694	124	208.201	37.2	8.58594	9
115	655	156	196.501	46.7999	3.60938	9
114	639	165	191.701	49.4999	5.36719	9
113	627	170	188.101	50.9999	6.625	9
112	616	174	184.801	52.1999	6.47656	9
111	606	177	181.801	53.0999	7.51562	9
110	596	180	178.801	53.9999	4.20312	9
109	585	184	175.501	55.1999	8.70312	9
108	575	187	172.501	56.0999	7.54688	9
107	563	192	168.901	57.5999	6.51562	9
106	553	195	165.901	58.4999	6.73438	9
105	543	198	162.901	59.3999	6.82812	9
104	533	201	159.901	60.2999	6.15625	9
103	522	205	156.601	61.4999	6.32812	9
102	511	209	153.301	62.6999	6.39062	9
101	501	212	150.301	63.5999	6.44531	9
100	490	216	147.001	64.7999	3.02344	9
99	478	221	143.401	66.2999	6.53906	9
98	468	224	140.401	67.1999	6.61719	9
97	458	227	137.401	68.0999	9.27344	9
96	445	233	133.501	69.8999	6.51562	9
95	435	236	130.501	70.8	7.0625	9
94	425	239	127.501	71.7	7.22656	9
93	415	242	124.501	72.6	6.41406	9
92	405	245	121.5	73.5	6.25781	9
91	395	248	118.5	74.4	3.46875	9
90	383	253	114.9	75.9	5.99219	9
89	372	257	111.6	77.1	6.58594	9
88	362	260	108.6	78	7.65625	9
87	353	262	105.9	78.6	4.50781	9
86	342	266	102.6	79.8	8.29688	9
85	329	272	98.7002	81.6001	6.83594	9
84	320	274	96.0002	82.2001	7.17969	9
83	311	276	93.3002	82.8001	7.13281	9
82	301	279	90.3002	83.7001	6.39062	9
81	291	282	87.3001	84.6001	6.77344	9
80	282	284	84.6001	85.2001	6.79688	9
79	273	286	81.9001	85.8001	3.5	9
78	262	290	78.6	87.0001	6.98438	9
77	252	293	75.6	87.9001	6.26562	9
76	242	296	72.6	88.8001	7.03906	9
75	233	298	69.8999	89.4001	8.98438	9
74	223	301	66.8999	90.3002	6.80469	9
73	213	304	63.8999	91.2002	6.61719	9
72	203	307	60.8999	92.1002	6.92969	9
71	193	310	57.8999	93.0002	6.63281	9
70	183	313	54.8999	93.9002	6.77344	9
69	173	316	51.8999	94.8002	8.13281	9
68	163	319	48.8999	95.7002	6.36719	9
67	153	322	45.8999	96.6002	4.95312	9
66	142	326	42.5999	97.8002	6.6875	9
65	130	331	39	99.3002	5.9375	9
64	119	335	35.7	100.5	9.74219	9
63	109	338	32.7	101.4	6.53906	9
62	99	341	29.7	102.3	6.61719	9
61	89	344	26.7	103.2	7.125	9
60	80	346	24	103.8	7.35938	9
59	71	348	21.3	104.4	7.25	9
58	62	350	18.6	105	9.63281	9
57	50	355	15	106.5	5.25781	9
56	34	364	10.2	109.2	5.75781	9
55	24	367	7.2	110.1	9.71875	9
54	13	371	3.9	111.3	7.48438	8
53	5	372	1.5	111.6	7.15625	5
52	3	367	0.9	110.1	7.875	5
51	1	362	0.3	108.6	7.875	3
50	1	355	0.3	106.5	7.875	3
49	1	348	0.3	104.4	7.875	3
48	1	341	0.3	102.3	7.875	3
47	1	334	0.3	100.2	7.875	3
46	1	327	0.3	98.1002	7.875	3
45	1	320	0.3	96.0002	7.875	3
44	1	313	0.3	93.9002	7.875	3
43	1	306	0.3	91.8002	7.875	3
42	1	299	0.3	89.7001	7.875	3
41	1	292	0.3	87.6001	7.875	3
40	1	285	0.3	85.5001	7.875	3
39	1	278	0.3	83.4001	7.875	3
38	1	271	0.3	81.3001	7.875	3
37	1	264	0.3	79.2	7.875	3
36	1	257	0.3	77.1	7.875	3
35	1	250	0.3	75	7.875	3
34	1	243	0.3	72.9	7.875	3
33	1	236	0.3	70.8	7.875	3
32	1	229	0.3	68.6999	7.875	3
31	1	222	0.3	66.5999	7.875	3
30	1	215	0.3	64.4999	7.875	3
29	1	208	0.3	62.3999	7.875	3
28	1	201	0.3	60.2999	7.875	3
27	1	194	0.3	58.1999	7.875	3
26	1	187	0.3	56.0999	7.875	3
25	1	180	0.3	53.9999	7.875	3
24	1	173	0.3	51.8999	7.875	3
23	1	166	0.3	49.7999	7.875	3
22	1	159	0.3	47.6999	7.875	3
21	1	152	0.3	45.5999	7.875	3
20	1	145	0.3	43.4999	7.875	3
19	1	138	0.3	41.3999	7.875	3
18	1	131	0.3	39.2999	7.875	3
17	1	124	0.3	37.2	7.875	3
16	1	117	0.3	35.1	7.875	3
15	1	110	0.3	33	7.875	3
14	1	103	0.3	30.9	7.875	3
13	1	96	0.3	28.8	7.875	3
12	1	89	0.3	26.7	7.875	3
11	1	82	0.3	24.6	7.875	3
10	1	75	0.3	22.5	7.875	3
9	1	68	0.3	20.4	7.875	3
8	1	61	0.3	18.3	7.875	3
7	1	54	0.3	16.2	7.875	3
6	1	47	0.3	14.1	7.875	3
5	1	40	0.3	12	7.875	3
4	1	33	0.3	9.9	7.875	3
3	1	26	0.3	7.8	7.875	3
2	1	19	0.3	5.7	7.875	3
1	1	12	0.3	3.6	7.875	3
0	0	6	0	1.8	7.03125	1

