0.0 13.13143916015625
1.0 14.341264453125
2.0 14.80833876953125
3.0 16.08937353515625
4.0 14.07451064453125
5.0 11.99513310546875
6.0 12.75665859375
7.0 14.78002216796875
8.0 11.75286572265625
9.0 16.41419091796875
10.0 14.848830859375
11.0 14.72067333984375
12.0 13.7424986328125
13.0 16.33011142578125
14.0 15.38087822265625
15.0 12.32855146484375
16.0 15.161964453125
17.0 13.1828462890625
18.0 12.86895947265625
19.0 15.50092734375
20.0 15.8879662109375
21.0 12.0530267578125
22.0 11.47952197265625
23.0 13.65859384765625
24.0 14.88588330078125
25.0 14.3862908203125
26.0 13.222995703125
27.0 15.5609376953125
28.0 15.81103955078125
29.0 13.4441580078125
30.0 13.9579087890625
31.0 13.56028154296875
32.0 15.45704638671875
33.0 13.070721484375
34.0 14.65764208984375
35.0 12.1526408203125
36.0 10.80005634765625
37.0 16.024789453125
38.0 12.96625576171875
39.0 15.011792578125
40.0 17.68293642578125
41.0 15.01772412109375
42.0 15.02772470703125
43.0 15.65071923828125
44.0 15.70038798828125
45.0 16.07293828125
46.0 14.1535529296875
47.0 14.8631646484375
48.0 10.35524765625
49.0 15.75061416015625
50.0 9.22459541015625
51.0 11.72069375
52.0 9.3158314453125
53.0 10.98601875
54.0 12.8779853515625
55.0 13.66561142578125
56.0 14.529832421875
57.0 15.20431103515625
58.0 14.8292330078125
59.0 14.8018017578125
60.0 13.4834146484375
61.0 14.6705947265625
62.0 14.04208955078125
63.0 12.31439169921875
64.0 11.96734248046875
65.0 14.5834076171875
66.0 14.16677353515625
67.0 13.76726708984375
68.0 13.22657900390625
69.0 12.63277470703125
70.0 14.333948828125
71.0 13.23662255859375
72.0 13.881146484375
73.0 14.5993994140625
74.0 10.96071728515625
75.0 11.987388671875
76.0 12.77755478515625
77.0 14.1304169921875
78.0 12.06149697265625
79.0 12.2765822265625
80.0 12.3083494140625
81.0 11.3677583984375
82.0 13.22032626953125
83.0 11.16131865234375
84.0 12.3515275390625
85.0 16.33223583984375
86.0 10.2398033203125
87.0 10.886676953125
88.0 10.75420009765625
89.0 10.56754765625
90.0 9.7516033203125
91.0 11.56295419921875
92.0 11.47033759765625
93.0 10.78244580078125
94.0 11.28333037109375
95.0 11.95388994140625
96.0 13.150558203125
97.0 12.22831025390625
98.0 9.80587158203125
99.0 13.10579931640625
100.0 10.8180361328125
101.0 14.75662802734375
102.0 10.70821494140625
103.0 12.3152009765625
104.0 14.545126953125
105.0 13.50565693359375
106.0 13.283950390625
107.0 13.90973427734375
108.0 16.6304986328125
109.0 14.64413134765625
110.0 15.360315625
111.0 15.16725009765625
112.0 12.6148990234375
113.0 10.02014921875
114.0 11.43287822265625
115.0 13.35684052734375
116.0 12.4185974609375
117.0 10.5943578125
118.0 12.62696767578125
119.0 10.9812759765625
120.0 10.34137509765625
121.0 11.06844873046875
122.0 11.51485458984375
123.0 10.3910353515625
124.0 9.4860419921875
125.0 11.594993359375
126.0 11.62258427734375
127.0 11.17643427734375
128.0 9.9908146484375
129.0 11.352946875
130.0 11.47647607421875
131.0 11.25699130859375
132.0 11.1654583984375
133.0 9.69786806640625
134.0 10.57264287109375
135.0 10.83478369140625
136.0 10.69110029296875
137.0 9.80894208984375
138.0 11.1643642578125
139.0 11.20207421875
140.0 10.57011318359375
141.0 10.93896533203125
142.0 9.839484375
143.0 11.42750712890625
144.0 11.5554693359375
145.0 10.4858296875
146.0 10.136415625
147.0 10.35549853515625
148.0 10.1400947265625
149.0 10.23135068359375
150.0 9.44342236328125
151.0 12.5266712890625
152.0 16.4806134765625
153.0 15.3717892578125
154.0 10.56123994140625
155.0 11.28406884765625
156.0 10.84645478515625
157.0 11.2970041015625
158.0 8.96130419921875
159.0 9.04070927734375
160.0 15.26267451171875
161.0 12.08460810546875
162.0 12.56436240234375
163.0 16.41110458984375
164.0 11.98552099609375
165.0 16.2361005859375
166.0 16.96574736328125
167.0 16.18060810546875
168.0 13.48169306640625
169.0 16.4230453125
170.0 17.108275390625
171.0 15.49818408203125
172.0 14.9305658203125
173.0 16.34649658203125
174.0 16.81514736328125
175.0 13.5397091796875
176.0 14.89996669921875
177.0 11.62661591796875
178.0 17.50338115234375
179.0 13.70494375
180.0 15.2898515625
181.0 13.3281083984375
182.0 13.660359375
183.0 13.5152181640625
184.0 12.92165234375
185.0 13.95895126953125
186.0 13.901044921875
187.0 6.80048232421875
188.0 18.31288779296875
189.0 12.96426142578125
190.0 12.20624541015625
191.0 13.14060556640625
192.0 10.66327138671875
193.0 10.99490791015625
194.0 12.554182421875
195.0 10.32653828125
196.0 12.47495888671875
197.0 11.764132421875
198.0 13.74107294921875
199.0 13.43684990234375
200.0 11.641069921875
201.0 11.68212998046875
202.0 10.3642818359375
203.0 11.65360185546875
204.0 12.11722919921875
205.0 11.531915234375
206.0 10.92559716796875
207.0 9.46307861328125
208.0 11.19472255859375
209.0 11.89596435546875
210.0 11.82246474609375
211.0 12.4085251953125
212.0 11.20275322265625
213.0 12.60771083984375
214.0 11.7560291015625
215.0 10.36895205078125
216.0 10.80223681640625
217.0 10.8553625
218.0 11.18267080078125
219.0 10.36947587890625
220.0 13.51129306640625
221.0 11.20336923828125
222.0 11.26901318359375
223.0 10.14261376953125
224.0 12.47927822265625
225.0 11.03201220703125
226.0 11.53217294921875
227.0 13.1130068359375
228.0 16.9811900390625
229.0 12.79768466796875
230.0 11.28252431640625
231.0 11.2747654296875
232.0 11.4742587890625
233.0 11.82765810546875
234.0 11.81457958984375
235.0 10.55676962890625
236.0 11.859054296875
237.0 15.61745302734375
238.0 11.29047880859375
239.0 11.839821875
240.0 17.388918359375
241.0 12.21135517578125
242.0 12.5797099609375
243.0 13.19558759765625
244.0 11.21143994140625
245.0 14.58236171875
246.0 14.60074873046875
247.0 11.195034765625
248.0 13.2114009765625
249.0 12.86766923828125
250.0 10.0919939453125
251.0 11.76566953125
252.0 11.7453046875
253.0 12.066319921875
254.0 12.95418486328125
255.0 14.32851640625
256.0 11.07535654296875
257.0 12.26962099609375
258.0 11.47135751953125
259.0 9.58124873046875
260.0 12.62966142578125
261.0 12.79286884765625
262.0 12.7041619140625
263.0 11.00976005859375
264.0 17.06571044921875
265.0 14.72574384765625
266.0 12.48238369140625
267.0 12.98049541015625
268.0 12.24879697265625
269.0 11.87061640625
270.0 10.390419921875
271.0 8.9770052734375
272.0 14.54689365234375
273.0 13.743533203125
274.0 15.67485302734375
275.0 10.515284765625
276.0 13.57371650390625
277.0 11.06708310546875
278.0 11.3791111328125
279.0 11.54304970703125
280.0 12.68442939453125
281.0 11.94427041015625
282.0 13.55845869140625
283.0 14.483109375
284.0 12.558120703125
285.0 12.93430673828125
286.0 9.89625166015625
287.0 14.95988095703125
288.0 17.98816591796875
289.0 10.361777734375
290.0 13.8534767578125
291.0 12.51969501953125
292.0 13.18186962890625
293.0 17.20302236328125
294.0 17.45202265625
295.0 16.2295837890625
296.0 17.71201259765625
297.0 17.2395021484375
298.0 14.7240462890625
299.0 15.36323251953125
300.0 12.57247666015625
301.0 15.64730830078125
302.0 13.58706591796875
303.0 12.6877021484375
304.0 16.38653134765625
305.0 13.2823859375
306.0 15.7085927734375
307.0 15.6784267578125
308.0 15.6085505859375
309.0 15.32579814453125
310.0 14.0046681640625
311.0 15.49442197265625
312.0 12.38477802734375
313.0 15.751064453125
314.0 15.54578408203125
315.0 14.95578330078125
316.0 13.68993251953125
317.0 15.9151759765625
318.0 16.47571103515625
319.0 14.0830162109375
320.0 13.59197353515625
321.0 12.02595126953125
322.0 15.648469140625
323.0 13.65947216796875
324.0 14.6844548828125
325.0 16.27435458984375
326.0 15.61349462890625
327.0 15.5992921875
328.0 14.23840712890625
329.0 14.6433353515625
330.0 15.03292177734375
331.0 12.4119466796875
332.0 14.63310908203125
333.0 14.86700908203125
334.0 14.77361162109375
335.0 14.6796939453125
336.0 14.68809990234375
337.0 15.4077888671875
338.0 13.0940001953125
339.0 13.2347896484375
340.0 14.3116830078125
341.0 15.06232197265625
342.0 15.71385009765625
343.0 13.602395703125
344.0 15.54202958984375
345.0 13.84613056640625
346.0 15.522884765625
347.0 13.358592578125
348.0 15.32363232421875
349.0 14.44419462890625
350.0 13.97402734375
351.0 17.11373671875
352.0 15.5681416015625
353.0 15.26921455078125
354.0 16.02597666015625
355.0 15.16479111328125
356.0 17.68853154296875
357.0 15.80814677734375
358.0 16.9962515625
359.0 16.66057041015625
360.0 14.4692259765625
361.0 16.7675515625
362.0 15.91535458984375
363.0 14.642777734375
364.0 13.54259970703125
365.0 11.02135234375
366.0 10.99311884765625
367.0 11.55795322265625
368.0 11.50533310546875
369.0 11.5350681640625
370.0 12.1091822265625
371.0 10.61548056640625
372.0 13.685286328125
373.0 16.2997474609375
374.0 15.57990439453125
375.0 17.35919208984375
376.0 16.91361572265625
377.0 15.8771345703125
378.0 17.6510609375
379.0 16.106565625
380.0 17.40045986328125
381.0 16.2124822265625
382.0 17.88820615234375
383.0 17.23524990234375
384.0 15.80045595703125
385.0 15.09534248046875
386.0 12.73203720703125
387.0 11.36151923828125
388.0 12.9156517578125
389.0 11.839129296875
390.0 11.44439033203125
391.0 12.15298291015625
392.0 13.09128017578125
393.0 13.37286416015625
394.0 12.9701017578125
395.0 12.6208875
396.0 11.0572013671875
397.0 13.5984919921875
398.0 13.74715810546875
399.0 16.949075
400.0 12.63060224609375
401.0 13.191540234375
402.0 14.974728515625
403.0 15.6284369140625
404.0 15.33073818359375
405.0 16.2931236328125
406.0 16.442167578125
407.0 13.70690380859375
408.0 14.90231181640625
409.0 13.85687119140625
410.0 11.59407060546875
411.0 14.24738310546875
412.0 13.08723251953125
413.0 15.57649384765625
414.0 17.34786630859375
415.0 15.30943271484375
416.0 16.3661892578125
417.0 17.02358876953125
418.0 17.26777216796875
419.0 14.63804033203125
420.0 16.6697966796875
421.0 14.5878509765625
422.0 14.55102177734375
423.0 16.241673046875
424.0 14.9744892578125
425.0 12.600874609375
426.0 13.69130966796875
427.0 14.56162431640625
428.0 12.2830486328125
429.0 12.4783142578125
430.0 13.16302490234375
431.0 14.223159765625
432.0 15.98027041015625
433.0 12.1109294921875
434.0 15.16742705078125
435.0 13.27061904296875
436.0 13.92995859375
437.0 15.25396923828125
438.0 15.44522939453125
439.0 13.3447775390625
440.0 12.1981158203125
441.0 15.22880498046875
442.0 16.297013671875
443.0 12.59762333984375
444.0 14.75206259765625
445.0 14.5708720703125
446.0 16.66641943359375
447.0 14.8404615234375
448.0 14.007586328125
449.0 15.9254279296875
450.0 11.5832517578125
451.0 11.7104701171875
452.0 14.23731328125
453.0 14.635191015625
454.0 13.38632021484375
455.0 16.10335859375
456.0 15.2725646484375
457.0 13.31144716796875
458.0 11.02398125
459.0 20.64116513671875
460.0 13.2940876953125
461.0 12.79806552734375
462.0 14.93458447265625
463.0 16.90376064453125
464.0 15.29523310546875
465.0 14.52232529296875
466.0 16.6979884765625
467.0 14.5895291015625
468.0 13.16359853515625
469.0 14.5076296875
470.0 13.8377234375
471.0 16.08763173828125
472.0 16.9172125
473.0 12.68900341796875
474.0 16.38899814453125
475.0 13.5845720703125
476.0 16.740209375
477.0 15.89818798828125
478.0 17.505471875
479.0 17.18899033203125
480.0 14.919106640625
481.0 17.1470078125
482.0 17.20842412109375
483.0 15.57771708984375
484.0 16.1141197265625
485.0 15.652064453125
486.0 14.89477939453125
487.0 17.49034248046875
488.0 17.1218751953125
489.0 13.4941541015625
490.0 15.2573880859375
491.0 16.10065263671875
492.0 16.57343662109375
493.0 15.42872939453125
494.0 16.3527892578125
495.0 14.42979501953125
496.0 13.72180712890625
497.0 16.0872705078125
498.0 16.4334375
499.0 14.12923603515625
500.0 16.58552197265625
501.0 14.2392806640625
502.0 14.9021564453125
503.0 11.7733044921875
504.0 13.93595546875
505.0 11.8434984375
506.0 12.04542236328125
507.0 11.57874130859375
508.0 11.89302578125
509.0 11.33962724609375
510.0 12.2820595703125
511.0 11.5597005859375
512.0 12.139941796875
513.0 15.0343421875
514.0 11.860963671875
515.0 11.71693349609375
516.0 10.74402587890625
517.0 11.37381767578125
518.0 13.86503828125
519.0 11.85045302734375
520.0 11.49398642578125
521.0 11.47686953125
522.0 11.57311416015625
523.0 0.0
524.0 0.0
525.0 24.0922556640625
526.0 12.7378017578125
527.0 12.21102197265625
528.0 10.51145869140625
529.0 12.41427509765625
530.0 13.37796171875
531.0 11.20067255859375
532.0 12.5398484375
533.0 12.27886767578125
534.0 11.11528154296875
535.0 11.8059935546875
536.0 11.8789951171875
537.0 13.05282529296875
538.0 13.2758560546875
539.0 11.28838759765625
540.0 12.6364791015625
541.0 12.11789951171875
542.0 12.74748486328125
543.0 15.42512099609375
544.0 15.1899109375
545.0 15.54189013671875
546.0 10.468045703125
547.0 9.63792744140625
548.0 14.424747265625
549.0 10.44152451171875
550.0 11.67156943359375
551.0 12.1984427734375
552.0 11.72394873046875
553.0 10.5622791015625
554.0 11.27602900390625
555.0 11.71266474609375
556.0 10.5633482421875
557.0 9.88760244140625
558.0 12.5660296875
559.0 15.84556708984375
560.0 15.64331923828125
561.0 14.762487890625
562.0 17.004295703125
563.0 12.3106634765625
564.0 10.7571685546875
565.0 16.34509716796875
566.0 15.5847982421875
567.0 14.7542568359375
568.0 14.47226767578125
569.0 13.93355146484375
570.0 13.68302998046875
571.0 12.14276748046875
572.0 12.9866154296875
573.0 13.5292796875
574.0 14.79685
575.0 14.3530955078125
576.0 14.39195009765625
577.0 12.64068935546875
578.0 15.62597392578125
579.0 13.6954525390625
580.0 13.16300927734375
581.0 14.42442001953125
582.0 13.53499384765625
583.0 12.099580078125
584.0 12.267084765625
585.0 13.821934375
586.0 13.2040103515625
587.0 15.1770685546875
588.0 13.52604189453125
589.0 13.90547119140625
590.0 14.70441328125
591.0 14.50817294921875
592.0 16.5484912109375
593.0 16.04808046875
594.0 18.1338970703125
595.0 13.48304169921875
596.0 15.47056181640625
597.0 17.47356484375
598.0 17.2428904296875
599.0 14.26418193359375
600.0 13.00780791015625
601.0 13.73893388671875
602.0 15.95739873046875
603.0 15.3297888671875
604.0 17.1739998046875
605.0 13.91435712890625
606.0 12.4532712890625
607.0 16.54564296875
608.0 16.513597265625
609.0 10.71404892578125
610.0 15.8965166015625
611.0 13.7947890625
612.0 16.2695509765625
613.0 16.1332029296875
614.0 15.4967728515625
615.0 13.58899716796875
616.0 13.0162287109375
617.0 12.70632490234375
618.0 11.6306099609375
619.0 9.92015107421875
620.0 11.16090283203125
621.0 10.3359099609375
622.0 11.44497646484375
623.0 11.51242529296875
624.0 8.72388427734375
625.0 9.25677373046875
626.0 11.4839794921875
627.0 11.495342578125
628.0 12.05979794921875
629.0 6.15153515625
630.0 11.3992591796875
631.0 11.2349884765625
632.0 11.629003125
633.0 11.19431787109375
634.0 13.4483828125
635.0 12.8536751953125
636.0 15.7125716796875
637.0 13.394178515625
638.0 12.84331826171875
639.0 12.8390775390625
640.0 14.4252501953125
641.0 14.63846240234375
642.0 16.77113505859375
643.0 11.7098076171875
644.0 14.88905791015625
645.0 13.927477734375
646.0 13.755635546875
647.0 12.26921533203125
648.0 15.32966689453125
649.0 13.8962439453125
650.0 15.86931494140625
651.0 12.991153125
652.0 15.84922021484375
653.0 14.71940361328125
654.0 13.9074134765625
655.0 12.97380556640625
656.0 11.2375126953125
657.0 13.35553203125
658.0 11.76006826171875
659.0 9.10064287109375
660.0 13.33066875
661.0 13.18242255859375
662.0 11.70288154296875
663.0 11.64858291015625
664.0 13.226971875
665.0 12.369381640625
666.0 11.02202900390625
667.0 10.62262177734375
668.0 9.89975390625
669.0 11.23118232421875
670.0 11.96847861328125
671.0 11.10520732421875
672.0 9.530422265625
673.0 11.370342578125
674.0 10.054739453125
675.0 14.45740244140625
676.0 12.79482060546875
677.0 10.0966845703125
678.0 9.9507798828125
679.0 13.37644931640625
680.0 12.2781072265625
681.0 11.4749609375
682.0 10.8836134765625
683.0 11.9084900390625
684.0 11.4257095703125
685.0 12.0294486328125
686.0 10.950949609375
687.0 11.0477796875
688.0 8.3385021484375
689.0 15.220872265625
690.0 10.18295498046875
691.0 10.63190390625
692.0 12.13802412109375
693.0 11.2069248046875
694.0 11.598672265625
695.0 11.1881099609375
696.0 12.22837255859375
697.0 12.99919033203125
698.0 11.862760546875
699.0 11.27559462890625
700.0 14.4554861328125
701.0 16.77915771484375
702.0 15.3358955078125
703.0 10.3341138671875
704.0 13.00898701171875
705.0 12.66616318359375
706.0 13.93928173828125
707.0 12.65459267578125
708.0 11.74390732421875
709.0 17.23797919921875
710.0 16.2680162109375
711.0 14.287876953125
712.0 17.370777734375
713.0 15.37329892578125
714.0 16.6933314453125
715.0 11.9278916015625
716.0 18.17056318359375
717.0 13.470118359375
718.0 14.53805380859375
719.0 15.32011806640625
720.0 13.70241669921875
721.0 14.375628125
722.0 15.94452734375
723.0 14.2053423828125
724.0 13.431389453125
725.0 13.09487529296875
726.0 14.78958642578125
727.0 13.40174951171875
728.0 13.65566904296875
729.0 11.62674970703125
730.0 12.3427119140625
731.0 12.26292626953125
732.0 13.057369140625
733.0 11.23236455078125
734.0 11.72315615234375
735.0 14.52006806640625
736.0 14.62210234375
737.0 14.09602158203125
738.0 14.318568359375
739.0 13.54832216796875
740.0 11.840936328125
741.0 10.948015625
742.0 12.32114541015625
743.0 14.47672275390625
744.0 12.387369921875
745.0 13.0125853515625
746.0 12.549949609375
747.0 12.0572423828125
748.0 12.6338025390625
749.0 10.0153568359375
750.0 10.19045048828125
751.0 11.4176953125
752.0 11.7709314453125
753.0 10.29473115234375
754.0 13.80722314453125
755.0 13.9366162109375
756.0 12.30528935546875
757.0 15.23385546875
758.0 11.4944880859375
759.0 19.66793896484375
760.0 14.35259287109375
761.0 10.46875107421875
762.0 11.58983388671875
763.0 12.23617470703125
764.0 15.063723828125
765.0 14.5527951171875
766.0 13.9821078125
767.0 11.6643283203125
768.0 12.31707265625
769.0 16.19759345703125
770.0 13.60617763671875
771.0 12.71601787109375
772.0 14.00297626953125
773.0 15.12876494140625
774.0 14.20375830078125
775.0 12.505024609375
776.0 14.826680078125
777.0 16.787733984375
778.0 12.1456841796875
779.0 15.5040966796875
780.0 15.0978517578125
781.0 13.1740849609375
782.0 14.9081689453125
783.0 13.77573203125
784.0 14.5193337890625
785.0 13.0751896484375
786.0 13.61611884765625
787.0 13.5745435546875
788.0 13.240707421875
789.0 14.34440458984375
790.0 14.79389931640625
791.0 12.88094765625
792.0 13.96535654296875
793.0 15.54497861328125
794.0 14.9522197265625
795.0 14.3381578125
796.0 14.5254650390625
797.0 13.98816220703125
798.0 14.40475927734375
799.0 14.14191669921875
