0.0 1.653859765625
1.0 0.11691474609375
2.0 7.73291865234375
3.0 5.1922578125
4.0 3.389631640625
5.0 5.836437109375
6.0 5.21287685546875
7.0 2.039213671875
8.0 3.73383330078125
9.0 0.0206603515625
10.0 0.0206603515625
11.0 0.02066044921875
12.0 0.04149638671875
13.0 2.78121015625
14.0 2.5358708984375
15.0 1.637142578125
16.0 0.1764908203125
17.0 0.1666869140625
18.0 0.0726623046875
19.0 0.0
20.0 0.0
21.0 19.04505419921875
22.0 12.8917966796875
23.0 9.60231357421875
24.0 10.01771572265625
25.0 17.77793115234375
26.0 22.69263525390625
27.0 17.38173056640625
28.0 5.41924853515625
29.0 3.892887890625
30.0 2.55731513671875
31.0 0.16211396484375
32.0 0.125015234375
33.0 0.0
34.0 0.0
35.0 0.0
36.0 0.01033017578125
37.0 0.2293701171875
38.0 0.3331986328125
39.0 0.031166015625
40.0 2.32344052734375
41.0 0.56256435546875
42.0 0.08334794921875
43.0 13.42924541015625
44.0 7.91594658203125
45.0 20.3245109375
46.0 29.9396333984375
47.0 24.5143046875
48.0 10.638447265625
49.0 8.97870830078125
50.0 15.356101953125
51.0 11.5615126953125
52.0 4.4753931640625
53.0 4.58872412109375
54.0 18.00007431640625
55.0 18.5086505859375
56.0 12.31980263671875
57.0 16.823428515625
58.0 19.65760791015625
59.0 17.01047021484375
60.0 3.21905
61.0 3.2550234375
62.0 0.24397646484375
63.0 0.322868359375
64.0 0.7301330078125
65.0 1.5963134765625
66.0 0.79246533203125
67.0 8.89378359375
68.0 19.63956416015625
69.0 14.27125361328125
70.0 1.21384658203125
71.0 0.5298755859375
72.0 0.10588193359375
73.0 0.16703798828125
74.0 0.49971005859375
75.0 1.90797412109375
76.0 0.1565322265625
77.0 1.74933623046875
78.0 5.475009375
79.0 4.3079802734375
80.0 4.183178125
81.0 12.0922869140625
82.0 3.078076171875
83.0 3.815907421875
84.0 5.68900556640625
85.0 5.32942333984375
86.0 6.6904982421875
87.0 10.29529189453125
88.0 8.248649609375
89.0 16.15633173828125
90.0 7.5633451171875
91.0 7.81835830078125
92.0 5.24983427734375
93.0 6.0243103515625
94.0 1.05247490234375
95.0 21.31736875
96.0 7.4091478515625
97.0 1.26002021484375
98.0 4.03843408203125
99.0 10.40315341796875
100.0 10.56834150390625
101.0 15.5936173828125
102.0 2.0492216796875
103.0 11.87392275390625
104.0 0.55513916015625
105.0 0.1558302734375
106.0 0.6779556640625
107.0 0.625602734375
108.0 0.25003056640625
109.0 0.22123720703125
110.0 0.03099052734375
111.0 1.165387890625
112.0 0.6573126953125
113.0 1.95130380859375
114.0 0.88535849609375
115.0 0.99014267578125
116.0 4.0768455078125
117.0 3.8915080078125
118.0 1.47108388671875
119.0 7.3037125
120.0 6.37577529296875
121.0 0.8993890625
122.0 0.7857474609375
123.0 0.19785302734375
124.0 0.20779541015625
125.0 0.0
126.0 0.0
127.0 0.0
128.0 0.0
129.0 0.0
130.0 0.0
131.0 0.0
132.0 0.0
133.0 0.0
134.0 0.0
135.0 0.0
136.0 0.0
137.0 0.0
138.0 0.0
139.0 0.0
140.0 0.0
141.0 0.0
142.0 0.0
143.0 0.0
144.0 0.0
145.0 0.0
146.0 0.0
147.0 0.0
148.0 0.0
149.0 0.0
150.0 1.865625
151.0 7.7205751953125
152.0 11.3180421875
153.0 12.2654365234375
154.0 12.00337158203125
155.0 8.097724609375
156.0 11.4336224609375
157.0 4.5939044921875
158.0 11.55257412109375
159.0 10.93379423828125
160.0 1.3485390625
161.0 0.2811966796875
162.0 0.208534375
163.0 0.125015234375
164.0 0.07301328125
165.0 0.29152685546875
166.0 1.201816015625
167.0 2.22571494140625
168.0 1.472760546875
169.0 0.67655185546875
170.0 0.10400400390625
171.0 0.12483974609375
172.0 0.3753966796875
173.0 0.197853125
174.0 0.1666869140625
175.0 1.13981767578125
176.0 3.81182392578125
177.0 1.48932646484375
178.0 4.12120654296875
179.0 7.53034765625
180.0 3.59013564453125
181.0 6.177724609375
182.0 5.71135341796875
183.0 3.908276171875
184.0 1.79787626953125
185.0 1.5073984375
186.0 0.8665685546875
187.0 3.49035576171875
188.0 13.504133984375
189.0 10.16692548828125
190.0 5.693115234375
191.0 2.5108033203125
192.0 7.96487353515625
193.0 17.1580091796875
194.0 1.64864736328125
195.0 3.421003515625
196.0 4.0645056640625
197.0 30.42925654296875
198.0 27.19540966796875
199.0 32.76909736328125
200.0 34.652328515625
201.0 32.17408134765625
202.0 29.173383203125
203.0 19.25614248046875
204.0 40.30230888671875
205.0 22.4071337890625
206.0 33.31930537109375
207.0 35.67639189453125
208.0 24.088439453125
209.0 46.65820029296875
210.0 24.6368208984375
211.0 31.6268087890625
212.0 25.00010703125
213.0 17.98197197265625
214.0 18.4898798828125
215.0 43.41148818359375
216.0 22.97056376953125
217.0 56.41766826171875
218.0 40.1270619140625
219.0 29.39422353515625
220.0 21.6154056640625
221.0 22.8847537109375
222.0 30.8395421875
223.0 34.6604384765625
224.0 31.80515478515625
225.0 36.8883712890625
226.0 18.3255326171875
227.0 67.32481201171875
228.0 47.4673615234375
229.0 33.5022154296875
230.0 39.47122255859375
231.0 43.84612158203125
232.0 35.9099841796875
233.0 52.24779599609375
234.0 41.7864240234375
235.0 45.859492578125
236.0 34.91618984375
237.0 54.53963359375
238.0 38.78038681640625
239.0 52.7723765625
240.0 52.73786005859375
241.0 45.39068271484375
242.0 30.8065103515625
243.0 58.35926240234375
244.0 35.8757470703125
245.0 35.87100615234375
246.0 34.91033359375
247.0 60.08179150390625
248.0 40.28272119140625
249.0 40.397494921875
250.0 37.02532421875
251.0 35.57245849609375
252.0 37.40182109375
253.0 40.608073828125
254.0 29.54875966796875
255.0 37.82875537109375
256.0 38.55497626953125
257.0 31.71191025390625
258.0 14.89434560546875
259.0 39.901683203125
260.0 21.54838837890625
261.0 33.504354296875
262.0 30.48603603515625
263.0 29.90901318359375
264.0 27.51926220703125
265.0 22.30899072265625
266.0 30.7005853515625
267.0 46.33558291015625
268.0 42.405877734375
269.0 23.17472724609375
270.0 47.19624853515625
271.0 36.7594099609375
272.0 25.5633201171875
273.0 40.27477578125
274.0 21.4185896484375
275.0 40.3438474609375
276.0 32.44934384765625
277.0 38.6764326171875
278.0 27.6408638671875
279.0 24.15003818359375
280.0 42.30015283203125
281.0 23.3874623046875
282.0 45.07280634765625
283.0 28.06997705078125
284.0 30.18269951171875
285.0 24.4476373046875
286.0 2.5518994140625
287.0 12.29818271484375
288.0 23.85908740234375
289.0 30.48476640625
290.0 34.229121875
291.0 35.46933876953125
292.0 31.05874951171875
293.0 36.8652470703125
294.0 33.10724677734375
295.0 27.24264921875
296.0 21.21730703125
297.0 41.3919279296875
298.0 21.58930927734375
299.0 19.2201103515625
300.0 19.0859939453125
301.0 23.45540771484375
302.0 26.60734931640625
303.0 22.9375138671875
304.0 42.31504833984375
305.0 17.820608984375
306.0 0.2705154296875
307.0 1.13030830078125
308.0 20.92209072265625
309.0 30.44073671875
310.0 27.7158466796875
311.0 20.41255224609375
312.0 23.88545283203125
313.0 36.71781044921875
314.0 25.66716630859375
315.0 31.45789404296875
316.0 13.6456306640625
317.0 23.94635166015625
318.0 32.38906318359375
319.0 23.313741796875
320.0 31.35401044921875
321.0 18.25691552734375
322.0 25.092702734375
323.0 15.65019560546875
324.0 19.65714560546875
325.0 16.19778369140625
326.0 7.5136048828125
327.0 19.26745078125
328.0 11.60838505859375
329.0 10.79795849609375
330.0 17.8030078125
331.0 17.34740751953125
332.0 28.4025884765625
333.0 22.3079345703125
334.0 28.21085771484375
335.0 30.36701318359375
336.0 32.80361552734375
337.0 34.22571318359375
338.0 31.6670205078125
339.0 30.74366923828125
340.0 18.72137626953125
341.0 12.796174609375
342.0 28.9440748046875
343.0 33.37538017578125
344.0 29.6066759765625
345.0 28.03808720703125
346.0 20.62211640625
347.0 13.93857587890625
348.0 19.16221708984375
349.0 22.65886279296875
350.0 19.965917578125
351.0 19.636827734375
352.0 25.59968515625
353.0 14.04443076171875
354.0 32.0034150390625
355.0 19.66348154296875
356.0 23.18106640625
357.0 18.23572626953125
358.0 24.3628810546875
359.0 17.40379033203125
360.0 13.61549189453125
361.0 31.25557646484375
362.0 20.189708203125
363.0 13.94967021484375
364.0 18.76171630859375
365.0 14.63121396484375
366.0 7.97066044921875
367.0 13.2734912109375
368.0 14.60638857421875
369.0 17.91807314453125
370.0 24.51587294921875
371.0 19.3158501953125
372.0 25.74847890625
373.0 12.96689814453125
374.0 28.03226005859375
375.0 13.60901171875
376.0 23.11174150390625
377.0 16.39107119140625
378.0 18.98969150390625
379.0 17.3781494140625
380.0 24.3280951171875
381.0 19.782927734375
382.0 24.62366708984375
383.0 16.25684716796875
384.0 23.71874833984375
385.0 32.8190556640625
386.0 27.211388671875
387.0 18.03797294921875
388.0 14.52096240234375
389.0 14.6312896484375
390.0 4.6018494140625
391.0 22.1073607421875
392.0 8.18907158203125
393.0 25.57636953125
394.0 23.583667578125
395.0 22.778275390625
396.0 22.98577626953125
397.0 25.70250830078125
398.0 18.03719169921875
399.0 13.08714208984375
400.0 9.93577744140625
401.0 22.213775390625
402.0 12.37196728515625
403.0 15.3831345703125
404.0 15.1305681640625
405.0 24.084985546875
406.0 18.9768083984375
407.0 24.7892119140625
408.0 20.50482412109375
409.0 11.361295703125
410.0 29.6811234375
411.0 24.9897140625
412.0 28.157186328125
413.0 15.67571767578125
414.0 23.736055078125
415.0 19.44996533203125
416.0 29.14328974609375
417.0 27.21594267578125
418.0 31.83213525390625
419.0 29.43000546875
420.0 37.58215673828125
421.0 23.547851953125
422.0 34.586208984375
423.0 26.558276171875
424.0 17.6061845703125
425.0 17.904543359375
426.0 23.14935458984375
427.0 13.01162919921875
428.0 15.70778701171875
429.0 0.52131826171875
430.0 9.7251125
431.0 2.3875990234375
432.0 22.8480310546875
433.0 15.52699462890625
434.0 11.8011974609375
435.0 33.74114091796875
436.0 28.9523939453125
437.0 23.90741982421875
438.0 25.42930751953125
439.0 14.70391611328125
440.0 3.0660279296875
441.0 4.2108087890625
442.0 0.0962427734375
443.0 2.058808203125
444.0 1.43192216796875
445.0 2.87858408203125
446.0 3.36076298828125
447.0 2.8290509765625
448.0 2.29138876953125
449.0 5.52372978515625
450.0 9.4295595703125
451.0 16.09513154296875
452.0 2.53837099609375
453.0 26.01874111328125
454.0 15.06441669921875
455.0 13.11136953125
456.0 17.44298056640625
457.0 11.75190107421875
458.0 12.7688322265625
459.0 10.63856904296875
460.0 23.4501291015625
461.0 30.73042451171875
462.0 28.38564755859375
463.0 19.93466865234375
464.0 20.54779345703125
465.0 28.92573623046875
466.0 33.3622630859375
467.0 39.06782138671875
468.0 26.94711376953125
469.0 32.3436302734375
470.0 34.6265546875
471.0 22.41146484375
472.0 30.99513359375
473.0 20.66048349609375
474.0 26.26747119140625
475.0 28.50226005859375
476.0 36.61553564453125
477.0 15.27069189453125
478.0 21.8473109375
479.0 25.37726513671875
480.0 27.05885
481.0 25.63879033203125
482.0 22.5951666015625
483.0 19.74407119140625
484.0 19.009787890625
485.0 16.54014443359375
486.0 12.65851298828125
487.0 11.86668896484375
488.0 8.72633193359375
489.0 25.4557056640625
490.0 28.28159091796875
491.0 12.4586888671875
492.0 27.35134052734375
493.0 2.51963125
494.0 16.41195205078125
495.0 27.253771875
496.0 22.5830607421875
497.0 29.371272265625
498.0 26.4764076171875
499.0 31.011824609375
500.0 26.45649462890625
501.0 17.309459765625
502.0 13.54231962890625
503.0 8.7902544921875
504.0 14.68668701171875
505.0 9.7227099609375
506.0 12.98977529296875
507.0 13.88175029296875
508.0 12.54612783203125
509.0 4.2409251953125
510.0 4.1822224609375
511.0 5.298355078125
512.0 0.76722724609375
513.0 0.21851337890625
514.0 0.29187763671875
515.0 1.28910625
516.0 4.5234013671875
517.0 12.250125
518.0 8.07475537109375
519.0 8.322521484375
520.0 10.80358623046875
521.0 1.32779755859375
522.0 12.66567626953125
523.0 6.5222837890625
524.0 5.84549482421875
525.0 7.0664291015625
526.0 0.05217744140625
527.0 1.33254013671875
528.0 0.49173955078125
529.0 0.03116611328125
530.0 0.0
531.0 0.0
532.0 0.0
533.0 0.0
534.0 0.0
535.0 0.0
536.0 0.0
537.0 0.0
538.0 0.0
539.0 0.0
540.0 0.0
541.0 0.0
542.0 0.0
543.0 0.0
544.0 0.0
545.0 0.0
546.0 0.0
547.0 0.0
548.0 0.0
549.0 0.0
550.0 0.0208359375
551.0 5.1650861328125
552.0 4.87864521484375
553.0 0.66992216796875
554.0 0.08351904296875
555.0 1.303364453125
556.0 1.446166015625
557.0 12.680250390625
558.0 9.2921201171875
559.0 10.3237779296875
560.0 6.8803177734375
561.0 4.77398740234375
562.0 3.9160505859375
563.0 0.716209765625
564.0 0.861509375
565.0 1.8762841796875
566.0 4.9497462890625
567.0 4.1585091796875
568.0 3.16305478515625
569.0 0.35139326171875
570.0 2.9921546875
571.0 3.33846513671875
572.0 8.099135546875
573.0 6.91993798828125
574.0 4.31360703125
575.0 4.2499576171875
576.0 11.1130005859375
577.0 10.05134638671875
578.0 9.434613671875
579.0 6.4566197265625
580.0 10.6961537109375
581.0 7.13959658203125
582.0 8.03623759765625
583.0 5.50495595703125
584.0 5.65940693359375
585.0 5.63184423828125
586.0 6.4950421875
587.0 7.95009365234375
588.0 7.85194833984375
589.0 5.81795859375
590.0 6.315122265625
591.0 8.70406396484375
592.0 4.06706572265625
593.0 14.54930439453125
594.0 9.33693837890625
595.0 11.67178154296875
596.0 9.49596796875
597.0 10.98612685546875
598.0 9.1624994140625
599.0 2.820244140625
600.0 8.0942560546875
601.0 9.7629388671875
602.0 7.98557158203125
603.0 9.66650732421875
604.0 8.186053515625
605.0 2.89287578125
606.0 5.8331455078125
607.0 13.491054296875
608.0 12.34453173828125
609.0 11.02777080078125
610.0 19.4799646484375
611.0 10.85145244140625
612.0 11.33549423828125
613.0 12.30401015625
614.0 12.06140400390625
615.0 11.65500029296875
616.0 11.8603939453125
617.0 6.6613447265625
618.0 11.9438712890625
619.0 14.8438775390625
620.0 10.9065228515625
621.0 12.43050693359375
622.0 12.44376044921875
623.0 10.75581162109375
624.0 11.8195810546875
625.0 10.4565609375
626.0 9.80290439453125
627.0 8.887546484375
628.0 12.08440283203125
629.0 9.3639896484375
630.0 7.56743720703125
631.0 8.7245330078125
632.0 6.08923779296875
633.0 8.44296005859375
634.0 12.00656962890625
635.0 4.96921484375
636.0 7.23143642578125
637.0 8.4657677734375
638.0 7.1316330078125
639.0 13.57767353515625
640.0 17.8695240234375
641.0 23.14841015625
642.0 20.6689171875
643.0 22.8710640625
644.0 19.220428515625
645.0 19.13316552734375
646.0 18.08967412109375
647.0 19.0560984375
648.0 21.00084736328125
649.0 15.35571728515625
650.0 20.85585146484375
651.0 18.534640234375
652.0 27.78345703125
653.0 21.7514375
654.0 18.7193634765625
655.0 18.75973759765625
656.0 20.88124453125
657.0 18.39080361328125
658.0 9.65104853515625
659.0 16.570095703125
660.0 19.17554013671875
661.0 19.63338408203125
662.0 21.79987001953125
663.0 15.8483873046875
664.0 13.70757822265625
665.0 21.5265306640625
666.0 19.8828486328125
667.0 22.01767666015625
668.0 22.75201640625
669.0 28.28553515625
670.0 15.7986064453125
671.0 21.5957591796875
672.0 21.41789375
673.0 21.8884279296875
674.0 17.7019041015625
675.0 12.083449609375
676.0 13.8276421875
677.0 22.02853291015625
678.0 18.256032421875
679.0 15.81678798828125
680.0 17.02185390625
681.0 15.34656845703125
682.0 5.249332421875
683.0 8.1005181640625
684.0 5.7897017578125
685.0 15.4257263671875
686.0 12.6989822265625
687.0 7.103918359375
688.0 16.60271689453125
689.0 10.21481279296875
690.0 3.48711875
691.0 6.1601458984375
692.0 7.6183607421875
693.0 3.34719912109375
694.0 3.3810349609375
695.0 0.86585966796875
696.0 10.59542333984375
697.0 10.020978125
698.0 6.40244765625
699.0 14.247293359375
700.0 8.261348828125
701.0 3.92615234375
702.0 5.19263330078125
703.0 7.32045908203125
704.0 4.81639521484375
705.0 3.3727638671875
706.0 7.41951728515625
707.0 0.6006966796875
708.0 12.20070126953125
709.0 11.1843953125
710.0 12.1454759765625
711.0 9.51547001953125
712.0 12.504938671875
713.0 15.1393482421875
714.0 15.44995341796875
715.0 28.004912890625
716.0 34.996971484375
717.0 40.514333203125
718.0 39.11625322265625
719.0 25.6192126953125
720.0 23.13788095703125
721.0 19.2855669921875
722.0 18.53138017578125
723.0 13.43136943359375
724.0 19.16224130859375
725.0 8.98072138671875
726.0 7.4961669921875
727.0 11.3227404296875
728.0 7.597452734375
729.0 6.27619033203125
730.0 10.74085556640625
731.0 9.2895765625
732.0 5.381181640625
733.0 6.41885380859375
734.0 12.07558623046875
735.0 1.828519921875
736.0 13.9424904296875
737.0 16.33894697265625
738.0 12.28223330078125
739.0 16.10375927734375
740.0 20.0120349609375
741.0 10.35382265625
742.0 4.61460625
743.0 3.9035205078125
744.0 7.22573447265625
745.0 6.25245849609375
746.0 1.288033984375
747.0 8.50406845703125
748.0 9.29287177734375
749.0 2.6277533203125
750.0 7.72029970703125
751.0 7.32846435546875
752.0 3.71542802734375
753.0 7.821284765625
754.0 5.73979658203125
755.0 6.90446083984375
756.0 11.9160671875
757.0 10.7671498046875
758.0 3.1583078125
759.0 8.533555859375
760.0 10.318887890625
761.0 9.76948583984375
762.0 10.34183212890625
763.0 7.77144052734375
764.0 10.89137216796875
765.0 11.33258544921875
766.0 8.58161142578125
767.0 10.33586025390625
768.0 8.4933607421875
769.0 11.9829015625
770.0 9.34701845703125
771.0 11.360780859375
772.0 9.08631923828125
773.0 11.2512474609375
774.0 12.74244658203125
775.0 12.85975654296875
776.0 16.93853984375
777.0 11.53618935546875
778.0 10.4985083984375
779.0 5.14014921875
780.0 4.60048818359375
781.0 9.14609794921875
782.0 8.32699267578125
783.0 12.22247705078125
784.0 11.89618525390625
785.0 11.17426611328125
786.0 6.68218935546875
787.0 9.7478583984375
788.0 10.25549873046875
789.0 10.1946703125
790.0 10.99946259765625
791.0 9.706472265625
792.0 5.9039869140625
793.0 6.75400400390625
794.0 0.0
795.0 0.0
796.0 29.248630078125
797.0 25.1589703125
798.0 14.611380859375
799.0 2.103158984375
