0.0 13.462826953125
1.0 14.9134421875
2.0 13.88775185546875
3.0 13.03379775390625
4.0 20.91202607421875
5.0 18.8420841796875
6.0 16.9048986328125
7.0 25.86447900390625
8.0 14.1992822265625
9.0 14.0427056640625
10.0 11.52797158203125
11.0 11.425340625
12.0 18.72505439453125
13.0 14.92858232421875
14.0 14.72640361328125
15.0 15.70481552734375
16.0 12.49492529296875
17.0 12.30408271484375
18.0 11.2121169921875
19.0 11.9336291015625
20.0 12.05947841796875
21.0 11.00794716796875
22.0 11.89016240234375
23.0 11.78145234375
24.0 12.080012890625
25.0 10.90802236328125
26.0 12.02644755859375
27.0 12.28163056640625
28.0 12.10791513671875
29.0 10.93092919921875
30.0 13.04540986328125
31.0 13.9728796875
32.0 12.6980486328125
33.0 14.4317373046875
34.0 10.5425224609375
35.0 14.38657392578125
36.0 11.7397533203125
37.0 10.268699609375
38.0 12.441817578125
39.0 12.01407099609375
40.0 15.03962578125
41.0 12.81207138671875
42.0 12.8854396484375
43.0 11.59466875
44.0 13.2258732421875
45.0 11.96877919921875
46.0 17.073093359375
47.0 16.3012544921875
48.0 22.41347490234375
49.0 19.90327060546875
50.0 22.7167712890625
51.0 21.760776953125
52.0 22.67198544921875
53.0 20.40926318359375
54.0 22.13699638671875
55.0 20.70038896484375
56.0 19.5591166015625
57.0 14.76458330078125
58.0 20.8062775390625
59.0 20.17290703125
60.0 17.534528125
61.0 23.63506328125
62.0 16.76945791015625
63.0 20.7973318359375
64.0 15.9766654296875
65.0 24.16324189453125
66.0 21.68918955078125
67.0 20.6241220703125
68.0 20.19972734375
69.0 14.6071537109375
70.0 21.195280078125
71.0 15.549075390625
72.0 20.91800234375
73.0 18.55817578125
74.0 19.0028310546875
75.0 15.9967490234375
76.0 20.79290771484375
77.0 16.03558828125
78.0 11.4156537109375
79.0 15.357113671875
80.0 12.746169140625
81.0 12.31926474609375
82.0 11.2456833984375
83.0 6.6700609375
84.0 10.80993330078125
85.0 13.06103193359375
86.0 14.10910830078125
87.0 13.47588857421875
88.0 14.394128515625
89.0 4.7035798828125
90.0 13.213859375
91.0 15.09320390625
92.0 24.68248408203125
93.0 13.3822619140625
94.0 13.53563388671875
95.0 9.66884619140625
96.0 11.90412900390625
97.0 12.45734306640625
98.0 17.1636732421875
99.0 18.4786826171875
100.0 14.71973974609375
101.0 18.77462314453125
102.0 19.4981919921875
103.0 20.59451591796875
104.0 22.5228212890625
105.0 17.92410419921875
106.0 17.04160859375
107.0 18.98393994140625
108.0 14.72199208984375
109.0 16.796453515625
110.0 10.24225234375
111.0 1.839975
112.0 35.70846455078125
113.0 15.497969921875
114.0 15.15423388671875
115.0 13.07234140625
116.0 12.07125458984375
117.0 12.9822171875
118.0 15.7679826171875
119.0 17.10306806640625
120.0 16.2220560546875
121.0 21.92037861328125
122.0 21.708409765625
123.0 17.10869765625
124.0 4.3637869140625
125.0 11.6786201171875
126.0 7.13353583984375
127.0 14.28215556640625
128.0 9.86276650390625
129.0 21.2834015625
130.0 17.50758203125
131.0 19.53510947265625
132.0 18.96227578125
133.0 22.7723509765625
134.0 19.67492978515625
135.0 14.8937318359375
136.0 14.09008984375
137.0 18.29663212890625
138.0 13.27258349609375
139.0 20.337809765625
140.0 20.558503125
141.0 19.5826828125
142.0 9.738065234375
143.0 10.19728876953125
144.0 18.02444697265625
145.0 18.1027634765625
146.0 20.6643517578125
147.0 21.0346201171875
148.0 17.21597919921875
149.0 21.9956740234375
150.0 18.13730634765625
151.0 20.2545259765625
152.0 16.9694720703125
153.0 12.05470458984375
154.0 12.727364453125
155.0 18.5639212890625
156.0 17.77619208984375
157.0 16.05596201171875
158.0 18.63673486328125
159.0 18.70387607421875
160.0 19.57587998046875
161.0 15.24457109375
162.0 28.411590625
163.0 10.4605287109375
164.0 18.47008896484375
165.0 18.56816328125
166.0 21.49581689453125
167.0 18.31778662109375
168.0 20.73233759765625
169.0 15.55269365234375
170.0 20.8761853515625
171.0 24.13472978515625
172.0 22.49508818359375
173.0 16.72813369140625
174.0 20.981991796875
175.0 18.930373046875
176.0 21.7455046875
177.0 20.0029736328125
178.0 15.57957138671875
179.0 17.32010751953125
180.0 24.2675115234375
181.0 21.77457490234375
182.0 20.66291484375
183.0 21.22599365234375
184.0 22.9238732421875
185.0 21.694137109375
186.0 21.40388193359375
187.0 25.329202734375
188.0 18.27753017578125
189.0 22.56155107421875
190.0 22.1123064453125
191.0 24.04936298828125
192.0 20.03335302734375
193.0 22.63092880859375
194.0 16.11644560546875
195.0 29.33954814453125
196.0 26.95824931640625
197.0 30.4277146484375
198.0 22.72771396484375
199.0 26.5623830078125
200.0 15.58795830078125
201.0 24.32882841796875
202.0 21.44107431640625
203.0 21.52913115234375
204.0 27.15255517578125
205.0 21.49976884765625
206.0 24.085074609375
207.0 22.54281494140625
208.0 24.137539453125
209.0 21.6801720703125
210.0 24.34470517578125
211.0 20.910525
212.0 14.75935634765625
213.0 22.43584755859375
214.0 21.72257548828125
215.0 23.5355109375
216.0 22.3994140625
217.0 20.4586552734375
218.0 23.440926171875
219.0 23.7320126953125
220.0 22.45133173828125
221.0 24.1991046875
222.0 21.2256515625
223.0 18.59467509765625
224.0 22.7652046875
225.0 19.56589638671875
226.0 15.10826552734375
227.0 19.635001171875
228.0 16.87931943359375
229.0 22.7597888671875
230.0 22.40427333984375
231.0 19.53329365234375
232.0 22.43167158203125
233.0 21.2590064453125
234.0 24.31084970703125
235.0 19.46077705078125
236.0 18.9411248046875
237.0 21.8057630859375
238.0 12.18466357421875
239.0 20.753406640625
240.0 22.39358173828125
241.0 17.20058251953125
242.0 21.4491640625
243.0 17.2107146484375
244.0 25.902994140625
245.0 21.540283984375
246.0 21.060577734375
247.0 19.51270712890625
248.0 13.15101240234375
249.0 14.0396181640625
250.0 17.3125830078125
251.0 23.7155283203125
252.0 20.9277314453125
253.0 23.69430029296875
254.0 21.84872890625
255.0 25.21650673828125
256.0 22.28347578125
257.0 21.54028955078125
258.0 22.06449111328125
259.0 22.11277060546875
260.0 21.31552353515625
261.0 27.79153369140625
262.0 17.19549033203125
263.0 14.53996650390625
264.0 19.8588078125
265.0 20.1715591796875
266.0 22.750797265625
267.0 18.96458935546875
268.0 21.37355869140625
269.0 19.870658203125
270.0 13.23607958984375
271.0 16.7121240234375
272.0 19.4847634765625
273.0 15.4352111328125
274.0 18.83083642578125
275.0 17.33068603515625
276.0 16.62429091796875
277.0 19.869026171875
278.0 22.93992626953125
279.0 20.524950390625
280.0 14.8904193359375
281.0 17.64527353515625
282.0 15.1075939453125
283.0 13.86876689453125
284.0 14.058114453125
285.0 11.93565732421875
286.0 12.30860458984375
287.0 14.60208876953125
288.0 15.2466142578125
289.0 11.6091
290.0 12.4174759765625
291.0 12.4078611328125
292.0 13.26540654296875
293.0 11.4829126953125
294.0 12.78987548828125
295.0 12.41711337890625
296.0 12.55048583984375
297.0 11.29808623046875
298.0 12.54960869140625
299.0 12.40574404296875
300.0 12.319673828125
301.0 11.34081650390625
302.0 11.92839560546875
303.0 12.2771931640625
304.0 9.84851494140625
305.0 14.3646255859375
306.0 12.7313107421875
307.0 10.82408203125
308.0 11.8857310546875
309.0 12.18079521484375
310.0 12.636791015625
311.0 10.6409609375
312.0 12.04532421875
313.0 12.48804228515625
314.0 13.1893697265625
315.0 10.7985322265625
316.0 12.7140375
317.0 13.20938291015625
318.0 13.32630673828125
319.0 12.1271228515625
320.0 12.7185021484375
321.0 14.0880494140625
322.0 13.18083603515625
323.0 13.896583984375
324.0 13.3241080078125
325.0 11.6805654296875
326.0 8.03755546875
327.0 10.5827361328125
328.0 10.53053134765625
329.0 15.98668583984375
330.0 8.32743544921875
331.0 14.6134109375
332.0 13.3305205078125
333.0 0.0
334.0 0.0
335.0 28.19667548828125
336.0 16.53117646484375
337.0 18.4935642578125
338.0 18.2197853515625
339.0 19.56652900390625
340.0 8.9595671875
341.0 25.139883984375
342.0 8.84877333984375
343.0 23.95905068359375
344.0 14.36350810546875
345.0 17.24942607421875
346.0 14.64128232421875
347.0 14.330998828125
348.0 16.5931951171875
349.0 16.70258974609375
350.0 16.06231552734375
351.0 13.900879296875
352.0 17.355739453125
353.0 14.92817177734375
354.0 16.26972275390625
355.0 14.6899333984375
356.0 10.1407998046875
357.0 15.4386728515625
358.0 11.51826611328125
359.0 13.8676765625
360.0 14.430337890625
361.0 17.9358033203125
362.0 15.44202333984375
363.0 9.35168046875
364.0 11.90463486328125
365.0 21.39565478515625
366.0 15.03897470703125
367.0 14.54092373046875
368.0 13.232837890625
369.0 13.50555751953125
370.0 9.77199609375
371.0 16.15580810546875
372.0 15.66530732421875
373.0 14.19742890625
374.0 12.7051267578125
375.0 13.3432677734375
376.0 13.3332146484375
377.0 17.2807607421875
378.0 13.0981185546875
379.0 13.8426890625
380.0 10.74481728515625
381.0 16.65747724609375
382.0 14.65567783203125
383.0 13.732041796875
384.0 16.94274716796875
385.0 15.35192978515625
386.0 15.75133037109375
387.0 17.24191884765625
388.0 18.80949599609375
389.0 12.00639990234375
390.0 22.5899416015625
391.0 17.00974833984375
392.0 21.905597265625
393.0 19.59271767578125
394.0 14.24867470703125
395.0 14.25650185546875
396.0 18.2970296875
397.0 13.846716796875
398.0 13.55092392578125
399.0 17.8176640625
400.0 17.0277193359375
401.0 17.34806357421875
402.0 23.6550677734375
403.0 21.82777412109375
404.0 19.52654521484375
405.0 21.70518984375
406.0 16.31646474609375
407.0 20.05777861328125
408.0 11.28061640625
409.0 14.9905783203125
410.0 22.51084052734375
411.0 20.90936552734375
412.0 21.439688671875
413.0 18.9342525390625
414.0 21.5950236328125
415.0 22.48938447265625
416.0 21.64862421875
417.0 16.7151376953125
418.0 22.2600140625
419.0 24.27153369140625
420.0 20.2995896484375
421.0 19.2435494140625
422.0 14.81405205078125
423.0 14.15280595703125
424.0 5.48640439453125
425.0 2.9653291015625
426.0 11.0530455078125
427.0 19.55054111328125
428.0 23.9681326171875
429.0 18.2994095703125
430.0 18.7998208984375
431.0 12.8572818359375
432.0 26.34485068359375
433.0 20.194018359375
434.0 24.1880205078125
435.0 15.10820341796875
436.0 14.98201044921875
437.0 10.18775654296875
438.0 14.36408564453125
439.0 12.71577705078125
440.0 11.9266814453125
441.0 10.4844025390625
442.0 12.2236962890625
443.0 11.08673046875
444.0 11.689691015625
445.0 7.63800947265625
446.0 12.55041494140625
447.0 6.17882490234375
448.0 12.613637109375
449.0 11.820430078125
450.0 12.1503912109375
451.0 15.957024609375
452.0 9.74231279296875
453.0 14.4396375
454.0 14.666361328125
455.0 12.99754501953125
456.0 10.43683720703125
457.0 16.40544736328125
458.0 12.1870986328125
459.0 12.6307794921875
460.0 14.7730453125
461.0 14.51050693359375
462.0 22.9138048828125
463.0 16.1754880859375
464.0 21.20281416015625
465.0 18.60239140625
466.0 22.68400263671875
467.0 22.8817046875
468.0 17.3785416015625
469.0 15.19916005859375
470.0 13.7403509765625
471.0 13.13785205078125
472.0 12.67968212890625
473.0 17.68988349609375
474.0 19.65843935546875
475.0 22.8120900390625
476.0 19.08578525390625
477.0 13.42280517578125
478.0 14.06029384765625
479.0 25.01951689453125
480.0 24.1557615234375
481.0 23.255852734375
482.0 26.783437890625
483.0 23.20610703125
484.0 20.480196484375
485.0 19.10431845703125
486.0 23.76674033203125
487.0 21.85397060546875
488.0 17.40370263671875
489.0 20.508323828125
490.0 23.703399609375
491.0 15.96911982421875
492.0 23.6429189453125
493.0 21.4791896484375
494.0 22.27328544921875
495.0 24.36540654296875
496.0 21.33861103515625
497.0 23.31813408203125
498.0 17.507798046875
499.0 11.9622203125
500.0 16.78908486328125
501.0 18.17028212890625
502.0 19.6761044921875
503.0 22.02400263671875
504.0 21.5872712890625
505.0 22.81441220703125
506.0 21.39533857421875
507.0 27.98135888671875
508.0 27.26328759765625
509.0 19.94737412109375
510.0 20.15065380859375
511.0 15.55326328125
512.0 15.7994982421875
513.0 7.2230623046875
514.0 4.12866201171875
515.0 2.6136142578125
516.0 7.15841201171875
517.0 20.11800009765625
518.0 21.901756640625
519.0 16.63586728515625
520.0 23.676355859375
521.0 21.28934423828125
522.0 24.75237177734375
523.0 21.390383984375
524.0 22.19706044921875
525.0 19.97318017578125
526.0 18.22547978515625
527.0 21.47681640625
528.0 20.0733130859375
529.0 20.5277658203125
530.0 22.51231611328125
531.0 23.24666376953125
532.0 21.9977501953125
533.0 18.315902734375
534.0 15.4786779296875
535.0 25.40340126953125
536.0 18.0905689453125
537.0 25.73385615234375
538.0 23.6706236328125
539.0 26.7895671875
540.0 22.01841484375
541.0 21.181020703125
542.0 21.29380263671875
543.0 23.21960595703125
544.0 25.4580951171875
545.0 22.69286337890625
546.0 18.3423451171875
547.0 23.0922126953125
548.0 29.04609287109375
549.0 19.2166033203125
550.0 24.36022265625
551.0 24.96920283203125
552.0 17.5159376953125
553.0 21.60485400390625
554.0 27.9214734375
555.0 24.66578818359375
556.0 23.17428623046875
557.0 15.360491015625
558.0 30.134469140625
559.0 22.23900625
560.0 29.06046474609375
561.0 22.94830322265625
562.0 19.4776052734375
563.0 26.2677361328125
564.0 23.741848046875
565.0 25.87009814453125
566.0 22.05136591796875
567.0 25.6835708984375
568.0 25.87722109375
569.0 15.4735068359375
570.0 23.6421455078125
571.0 26.0552220703125
572.0 19.25061083984375
573.0 18.46814091796875
574.0 18.58433447265625
575.0 16.089209765625
576.0 15.64127109375
577.0 22.59166201171875
578.0 21.8473755859375
579.0 29.53681552734375
580.0 21.84126005859375
581.0 19.54892607421875
582.0 16.2178853515625
583.0 16.69703642578125
584.0 20.1356587890625
585.0 21.6009138671875
586.0 23.1530630859375
587.0 20.96733798828125
588.0 22.57066162109375
589.0 15.44170224609375
590.0 16.1068513671875
591.0 19.0750279296875
592.0 15.78641103515625
593.0 10.62272802734375
594.0 11.16634404296875
595.0 12.44832373046875
596.0 11.63638564453125
597.0 12.8397
598.0 11.97528701171875
599.0 10.47687890625
600.0 11.10567099609375
601.0 12.0665822265625
602.0 12.48711123046875
603.0 8.69627568359375
604.0 15.38634931640625
605.0 9.58989853515625
606.0 12.15145556640625
607.0 10.90811103515625
608.0 11.6597060546875
609.0 11.9736234375
610.0 10.5993751953125
611.0 11.7179263671875
612.0 12.62269697265625
613.0 12.95209765625
614.0 11.6453236328125
615.0 9.48036748046875
616.0 11.86497626953125
617.0 11.8125728515625
618.0 11.22513134765625
619.0 7.7248337890625
620.0 14.67532783203125
621.0 10.80784619140625
622.0 11.03948486328125
623.0 12.1370884765625
624.0 15.8232240234375
625.0 11.59758359375
626.0 15.02425126953125
627.0 19.80724208984375
628.0 13.6695681640625
629.0 15.598309765625
630.0 13.6063705078125
631.0 12.02171689453125
632.0 9.3571810546875
633.0 11.6001638671875
634.0 12.79726953125
635.0 15.4175857421875
636.0 13.65193857421875
637.0 12.9441841796875
638.0 12.38644814453125
639.0 13.02105673828125
640.0 12.453928515625
641.0 14.4068638671875
642.0 17.7767154296875
643.0 23.4476984375
644.0 19.74576455078125
645.0 21.2533748046875
646.0 15.69482890625
647.0 12.68875146484375
648.0 16.00594111328125
649.0 20.36476884765625
650.0 18.56049169921875
651.0 14.38162490234375
652.0 16.03885244140625
653.0 16.85382626953125
654.0 20.1549501953125
655.0 20.732643359375
656.0 15.3005623046875
657.0 20.2327994140625
658.0 12.7933443359375
659.0 19.4267001953125
660.0 20.8359447265625
661.0 21.55445283203125
662.0 11.9824677734375
663.0 12.94905419921875
664.0 1.481628515625
665.0 38.371113671875
666.0 24.19385908203125
667.0 19.8779345703125
668.0 23.82539013671875
669.0 18.45760068359375
670.0 27.18951328125
671.0 22.323233203125
672.0 19.62348837890625
673.0 20.34248076171875
674.0 6.63817431640625
675.0 24.38380439453125
676.0 23.61855654296875
677.0 21.055958203125
678.0 20.838533984375
679.0 16.92072919921875
680.0 25.2527271484375
681.0 23.31388154296875
682.0 17.85549296875
683.0 16.55062333984375
684.0 19.98973671875
685.0 20.5976951171875
686.0 19.73192763671875
687.0 20.35223779296875
688.0 24.71489638671875
689.0 23.024114453125
690.0 22.257468359375
691.0 24.32570107421875
692.0 19.5046900390625
693.0 23.53093125
694.0 21.51921572265625
695.0 23.21612578125
696.0 19.330867578125
697.0 24.52448994140625
698.0 16.87195986328125
699.0 20.85846484375
700.0 23.96192431640625
701.0 19.5948822265625
702.0 18.228209375
703.0 18.41966123046875
704.0 21.1094869140625
705.0 24.19251552734375
706.0 19.1446095703125
707.0 23.80313603515625
708.0 20.4350228515625
709.0 20.643025390625
710.0 19.8014607421875
711.0 13.80617294921875
712.0 20.8446396484375
713.0 25.90856455078125
714.0 17.4478060546875
715.0 20.34916552734375
716.0 16.751598828125
717.0 23.26457392578125
718.0 18.65203955078125
719.0 20.71692021484375
720.0 21.53685654296875
721.0 24.26404267578125
722.0 23.7294087890625
723.0 17.21500224609375
724.0 15.73950185546875
725.0 17.67969267578125
726.0 17.134265625
727.0 18.64554453125
728.0 16.91519873046875
729.0 15.32956923828125
730.0 17.28596650390625
731.0 14.72497421875
732.0 16.4017427734375
733.0 20.384500390625
734.0 17.406549609375
735.0 20.33034892578125
736.0 18.2251513671875
737.0 19.3975693359375
738.0 13.62084794921875
739.0 20.8972904296875
740.0 21.4624751953125
741.0 23.46126552734375
742.0 22.67693642578125
743.0 25.23530390625
744.0 22.54632822265625
745.0 21.81815595703125
746.0 17.6343076171875
747.0 16.51183154296875
748.0 22.13302587890625
749.0 21.65715712890625
750.0 21.0845875
751.0 21.81352978515625
752.0 19.79919521484375
753.0 24.0209095703125
754.0 9.61975361328125
755.0 33.13868896484375
756.0 18.448617578125
757.0 20.23791845703125
758.0 21.6804068359375
759.0 22.7250046875
760.0 21.908365625
761.0 21.9207216796875
762.0 17.444128125
763.0 20.944762890625
764.0 17.33328046875
765.0 17.55048046875
766.0 19.5647072265625
767.0 24.34216748046875
768.0 21.39643251953125
769.0 16.2102673828125
770.0 22.04828212890625
771.0 22.42842236328125
772.0 23.7435994140625
773.0 24.43655517578125
774.0 21.647698828125
775.0 19.74950810546875
776.0 20.58387568359375
777.0 18.6496634765625
778.0 24.503358203125
779.0 18.12578818359375
780.0 17.52354423828125
781.0 17.02805927734375
782.0 12.04741474609375
783.0 15.41067490234375
784.0 21.997185546875
785.0 19.21599873046875
786.0 18.94470888671875
787.0 16.1085015625
788.0 15.94514130859375
789.0 13.8268103515625
790.0 16.07580263671875
791.0 13.44451953125
792.0 15.946058203125
793.0 20.6937197265625
794.0 7.37699189453125
795.0 26.4496166015625
796.0 21.00268271484375
797.0 21.8601509765625
798.0 17.97679521484375
799.0 22.70830673828125
