0.0 14.23892158203125
1.0 18.979794140625
2.0 14.968659375
3.0 16.10712861328125
4.0 12.8280267578125
5.0 15.57117666015625
6.0 13.85999921875
7.0 15.02018095703125
8.0 13.35997197265625
9.0 11.44315576171875
10.0 13.9557171875
11.0 11.5715697265625
12.0 10.09589580078125
13.0 9.98842392578125
14.0 9.868559375
15.0 9.79090537109375
16.0 6.68391005859375
17.0 9.1963326171875
18.0 8.86908388671875
19.0 10.13949150390625
20.0 11.20035791015625
21.0 9.3576728515625
22.0 10.71705673828125
23.0 11.89961142578125
24.0 10.84796005859375
25.0 10.584905078125
26.0 8.4386376953125
27.0 9.14698623046875
28.0 10.52414765625
29.0 10.92878935546875
30.0 10.56276708984375
31.0 8.76922509765625
32.0 9.160695703125
33.0 10.139667578125
34.0 10.6106228515625
35.0 9.55213515625
36.0 10.43403466796875
37.0 9.79726923828125
38.0 9.7408150390625
39.0 9.4919955078125
40.0 10.81637529296875
41.0 7.65115341796875
42.0 14.70436416015625
43.0 11.45395576171875
44.0 11.59992939453125
45.0 12.215085546875
46.0 13.0026771484375
47.0 12.6260966796875
48.0 11.55539384765625
49.0 11.89462236328125
50.0 10.11474892578125
51.0 10.79298037109375
52.0 14.52792998046875
53.0 13.84404326171875
54.0 13.95260078125
55.0 12.10869775390625
56.0 16.98043798828125
57.0 15.44886162109375
58.0 15.96282177734375
59.0 15.20869501953125
60.0 18.25853203125
61.0 12.8261693359375
62.0 18.33679658203125
63.0 15.24743037109375
64.0 15.16486572265625
65.0 12.9456927734375
66.0 13.6936984375
67.0 15.31495380859375
68.0 14.0448947265625
69.0 12.44395439453125
70.0 10.833608984375
71.0 16.92135185546875
72.0 14.46828525390625
73.0 11.1111423828125
74.0 7.7309517578125
75.0 3.41747685546875
76.0 32.625755078125
77.0 10.40096416015625
78.0 14.4573583984375
79.0 15.88642919921875
80.0 16.58744091796875
81.0 12.7434123046875
82.0 14.25353740234375
83.0 14.48197548828125
84.0 10.94197734375
85.0 12.0702064453125
86.0 15.04387138671875
87.0 11.25515693359375
88.0 9.356408203125
89.0 12.30676298828125
90.0 11.74099462890625
91.0 13.33716552734375
92.0 12.16130810546875
93.0 16.61536884765625
94.0 11.1390580078125
95.0 8.60227724609375
96.0 13.9653880859375
97.0 13.0154431640625
98.0 12.6783419921875
99.0 13.5798484375
100.0 14.12867861328125
101.0 9.79486044921875
102.0 19.16703564453125
103.0 17.36575634765625
104.0 10.96684892578125
105.0 12.1281306640625
106.0 15.89942822265625
107.0 13.585529296875
108.0 11.0542765625
109.0 17.03819267578125
110.0 15.05337783203125
111.0 12.0904037109375
112.0 11.29430029296875
113.0 10.6153486328125
114.0 17.80384208984375
115.0 16.33523076171875
116.0 14.23648701171875
117.0 19.02782197265625
118.0 18.95056376953125
119.0 12.1795935546875
120.0 12.1254583984375
121.0 13.57074541015625
122.0 14.71212978515625
123.0 15.561151953125
124.0 17.82365556640625
125.0 16.408918359375
126.0 15.79979775390625
127.0 14.96131015625
128.0 17.7693693359375
129.0 12.340755078125
130.0 11.711142578125
131.0 11.20156162109375
132.0 12.0136556640625
133.0 14.11084267578125
134.0 15.07137783203125
135.0 17.61433837890625
136.0 13.07618837890625
137.0 21.8459525390625
138.0 17.107495703125
139.0 18.03735322265625
140.0 13.766322265625
141.0 21.32630712890625
142.0 17.193333203125
143.0 2.9545001953125
144.0 30.40301484375
145.0 14.41234912109375
146.0 15.04189111328125
147.0 16.65100068359375
148.0 17.45377919921875
149.0 10.8809775390625
150.0 15.66029208984375
151.0 15.95414560546875
152.0 15.10098984375
153.0 14.3172955078125
154.0 13.13408984375
155.0 16.1474541015625
156.0 15.11440146484375
157.0 8.98584716796875
158.0 19.79603212890625
159.0 15.8773009765625
160.0 15.33912119140625
161.0 12.06954638671875
162.0 12.740094140625
163.0 13.1409501953125
164.0 11.95800908203125
165.0 13.4645837890625
166.0 15.21918046875
167.0 12.105637109375
168.0 8.26887626953125
169.0 13.07949443359375
170.0 12.757980859375
171.0 13.34109912109375
172.0 11.80000869140625
173.0 15.56431591796875
174.0 11.9034615234375
175.0 10.23639287109375
176.0 11.74614921875
177.0 13.12767998046875
178.0 13.99858642578125
179.0 12.36643427734375
180.0 14.50362041015625
181.0 15.22377509765625
182.0 15.419016015625
183.0 13.0051068359375
184.0 11.0236841796875
185.0 14.48194052734375
186.0 15.9350048828125
187.0 15.836075390625
188.0 15.66383291015625
189.0 16.90090517578125
190.0 18.19528994140625
191.0 11.2846
192.0 12.051211328125
193.0 18.59403623046875
194.0 16.47932412109375
195.0 15.8026564453125
196.0 12.4365646484375
197.0 13.67891376953125
198.0 13.1467095703125
199.0 14.96619990234375
200.0 16.24714765625
201.0 14.1062912109375
202.0 14.03925654296875
203.0 14.3292818359375
204.0 13.1516662109375
205.0 12.002128515625
206.0 12.1271986328125
207.0 10.4321171875
208.0 10.168465625
209.0 12.51367509765625
210.0 14.80180556640625
211.0 12.9828171875
212.0 14.4106134765625
213.0 13.91558193359375
214.0 12.0073626953125
215.0 11.6400888671875
216.0 11.3094404296875
217.0 12.68992451171875
218.0 12.78978740234375
219.0 9.1083103515625
220.0 13.7347875
221.0 10.00126396484375
222.0 10.8611189453125
223.0 10.39496005859375
224.0 10.6911509765625
225.0 7.783634375
226.0 13.85673662109375
227.0 11.54905947265625
228.0 7.8177376953125
229.0 13.4300794921875
230.0 10.36101201171875
231.0 10.5194791015625
232.0 10.49841806640625
233.0 9.21659462890625
234.0 10.09221240234375
235.0 11.37259541015625
236.0 9.17608857421875
237.0 11.51664150390625
238.0 12.2153337890625
239.0 12.553885546875
240.0 12.1277681640625
241.0 13.68682138671875
242.0 14.95266484375
243.0 15.09317802734375
244.0 11.25444423828125
245.0 11.6958130859375
246.0 12.11854375
247.0 14.988802734375
248.0 14.72731591796875
249.0 11.79029228515625
250.0 10.34458349609375
251.0 12.7535873046875
252.0 12.58871923828125
253.0 13.6124083984375
254.0 19.567343359375
255.0 13.544326953125
256.0 13.45272568359375
257.0 13.5928587890625
258.0 13.930958984375
259.0 14.396596875
260.0 9.79219296875
261.0 14.42791181640625
262.0 13.5374951171875
263.0 12.31986787109375
264.0 12.46774404296875
265.0 15.719458984375
266.0 16.229273828125
267.0 16.6801716796875
268.0 18.0968935546875
269.0 15.47004580078125
270.0 14.550369140625
271.0 13.98681552734375
272.0 17.05107412109375
273.0 15.2305205078125
274.0 10.8382244140625
275.0 13.26851064453125
276.0 16.266022265625
277.0 20.8176619140625
278.0 17.1182509765625
279.0 14.3551943359375
280.0 13.10760654296875
281.0 15.07716318359375
282.0 14.17696533203125
283.0 14.6213990234375
284.0 9.42280751953125
285.0 17.65212412109375
286.0 15.1523802734375
287.0 16.05387607421875
288.0 15.79525546875
289.0 11.29102841796875
290.0 13.7810146484375
291.0 15.5988564453125
292.0 15.238039453125
293.0 13.14291240234375
294.0 15.669957421875
295.0 19.23421044921875
296.0 16.1778591796875
297.0 19.4236099609375
298.0 19.440180078125
299.0 12.43290400390625
300.0 19.9923720703125
301.0 19.2124033203125
302.0 14.69890771484375
303.0 18.50508271484375
304.0 18.982967578125
305.0 14.64560107421875
306.0 13.6824724609375
307.0 10.6404138671875
308.0 18.7060828125
309.0 16.1613767578125
310.0 11.43574677734375
311.0 14.03189580078125
312.0 12.0716513671875
313.0 13.64949248046875
314.0 11.2669056640625
315.0 11.35127568359375
316.0 12.05852216796875
317.0 13.11822265625
318.0 11.4817666015625
319.0 13.54052099609375
320.0 9.619138671875
321.0 9.14558681640625
322.0 10.6287796875
323.0 9.75477314453125
324.0 12.6873373046875
325.0 14.11310625
326.0 10.8945560546875
327.0 11.39500400390625
328.0 11.41429521484375
329.0 10.59011123046875
330.0 11.54581337890625
331.0 11.9632009765625
332.0 12.59491806640625
333.0 12.97203291015625
334.0 13.27907490234375
335.0 9.81080029296875
336.0 10.93473525390625
337.0 12.30336884765625
338.0 9.7008236328125
339.0 13.27170087890625
340.0 13.24722646484375
341.0 10.749311328125
342.0 14.53966669921875
343.0 13.82591025390625
344.0 11.105307421875
345.0 10.67039697265625
346.0 11.31746162109375
347.0 14.1884611328125
348.0 15.549666015625
349.0 16.9756064453125
350.0 13.41559248046875
351.0 13.1008806640625
352.0 12.74695009765625
353.0 8.36434033203125
354.0 15.9871998046875
355.0 10.42609306640625
356.0 12.517998046875
357.0 18.951886328125
358.0 15.2364150390625
359.0 11.94488583984375
360.0 15.49690869140625
361.0 13.801257421875
362.0 12.035509765625
363.0 13.97169521484375
364.0 9.45632919921875
365.0 9.89480732421875
366.0 11.87762236328125
367.0 11.19519326171875
368.0 11.10824892578125
369.0 10.1602439453125
370.0 13.08734482421875
371.0 10.27407294921875
372.0 9.758078515625
373.0 10.59783837890625
374.0 13.497786328125
375.0 13.8763765625
376.0 13.806190234375
377.0 13.05904765625
378.0 12.6380150390625
379.0 11.118253515625
380.0 12.74018203125
381.0 11.63926201171875
382.0 11.6908359375
383.0 15.09642353515625
384.0 10.64353759765625
385.0 12.35064453125
386.0 13.27596630859375
387.0 15.21976201171875
388.0 15.51193046875
389.0 13.37418115234375
390.0 10.24990810546875
391.0 10.67616513671875
392.0 13.22656787109375
393.0 11.006408203125
394.0 17.39332490234375
395.0 19.1437857421875
396.0 11.06148115234375
397.0 11.67394892578125
398.0 17.1550923828125
399.0 13.74364091796875
400.0 11.2809216796875
401.0 11.18148486328125
402.0 11.255031640625
403.0 4.0900134765625
404.0 12.22874296875
405.0 14.24265009765625
406.0 11.69300830078125
407.0 15.86558017578125
408.0 14.90792021484375
409.0 14.549058203125
410.0 11.66006875
411.0 14.4656546875
412.0 13.774537890625
413.0 13.0370439453125
414.0 14.02341083984375
415.0 11.30735048828125
416.0 9.381203515625
417.0 12.6997345703125
418.0 10.21514990234375
419.0 11.81944814453125
420.0 13.59432470703125
421.0 10.26239140625
422.0 12.0917330078125
423.0 10.99061748046875
424.0 12.41901728515625
425.0 11.09240419921875
426.0 13.82945087890625
427.0 13.89920439453125
428.0 9.884041796875
429.0 12.59694453125
430.0 14.7392666015625
431.0 13.0401783203125
432.0 13.6381884765625
433.0 16.09236142578125
434.0 13.83513974609375
435.0 11.43757275390625
436.0 12.561519921875
437.0 13.26023779296875
438.0 14.3021396484375
439.0 15.81337861328125
440.0 12.8776904296875
441.0 10.5676662109375
442.0 5.625495703125
443.0 16.69527646484375
444.0 10.2793234375
445.0 10.3587494140625
446.0 12.524348046875
447.0 12.19428369140625
448.0 10.56193193359375
449.0 9.5741904296875
450.0 12.5122646484375
451.0 9.16947998046875
452.0 13.33084990234375
453.0 13.8106685546875
454.0 13.7200294921875
455.0 11.00044267578125
456.0 12.9338203125
457.0 8.7669779296875
458.0 9.2421302734375
459.0 12.13554560546875
460.0 11.25197109375
461.0 11.13950234375
462.0 10.9833037109375
463.0 10.82491220703125
464.0 10.1748013671875
465.0 9.05956455078125
466.0 10.2407728515625
467.0 11.06541533203125
468.0 5.82865546875
469.0 10.79982099609375
470.0 9.0569083984375
471.0 11.5471302734375
472.0 8.6328630859375
473.0 10.97219228515625
474.0 11.452523828125
475.0 10.22733759765625
476.0 8.10737890625
477.0 9.1018474609375
478.0 10.06202275390625
479.0 10.63877109375
480.0 9.5930216796875
481.0 9.080565625
482.0 10.17752451171875
483.0 12.9651681640625
484.0 11.83791630859375
485.0 11.58910625
486.0 11.85010693359375
487.0 11.8631052734375
488.0 10.077573828125
489.0 10.27073291015625
490.0 10.19344697265625
491.0 9.072004296875
492.0 10.0826474609375
493.0 12.19560625
494.0 10.682376171875
495.0 11.644353515625
496.0 11.54390390625
497.0 12.070309375
498.0 10.396937890625
499.0 14.1185609375
500.0 11.55530048828125
501.0 14.8825767578125
502.0 12.03179677734375
503.0 9.4997365234375
504.0 10.81992666015625
505.0 14.22725546875
506.0 10.69679609375
507.0 11.4468130859375
508.0 12.5415767578125
509.0 12.38535966796875
510.0 12.478296484375
511.0 12.04578740234375
512.0 11.1753279296875
513.0 14.39743095703125
514.0 12.96251865234375
515.0 13.39954296875
516.0 12.26338388671875
517.0 12.8757380859375
518.0 11.36306904296875
519.0 12.977992578125
520.0 10.07226318359375
521.0 11.669830078125
522.0 14.9373521484375
523.0 15.61449013671875
524.0 13.14393779296875
525.0 11.43999833984375
526.0 13.9860248046875
527.0 13.76082265625
528.0 14.99991669921875
529.0 15.95931533203125
530.0 16.92153291015625
531.0 18.08205263671875
532.0 19.09980673828125
533.0 17.25324521484375
534.0 13.77905927734375
535.0 21.10768857421875
536.0 15.4764134765625
537.0 15.9273107421875
538.0 14.31699140625
539.0 10.37266923828125
540.0 22.42192783203125
541.0 12.66268798828125
542.0 17.28826923828125
543.0 12.7776291015625
544.0 18.97234462890625
545.0 13.2477984375
546.0 13.79447841796875
547.0 14.01512900390625
548.0 14.50851865234375
549.0 14.44196240234375
550.0 14.59845869140625
551.0 10.696187109375
552.0 21.705008984375
553.0 15.52941298828125
554.0 14.0650884765625
555.0 16.85699345703125
556.0 12.58626201171875
557.0 14.595041015625
558.0 14.373562109375
559.0 7.9140986328125
560.0 7.867679296875
561.0 16.53577578125
562.0 14.7387841796875
563.0 17.77151005859375
564.0 15.1774283203125
565.0 14.2656619140625
566.0 17.97415302734375
567.0 17.77593740234375
568.0 15.39151865234375
569.0 14.2703259765625
570.0 12.39762080078125
571.0 15.19714951171875
572.0 12.2826625
573.0 13.633009375
574.0 12.9234556640625
575.0 10.27261474609375
576.0 12.73628642578125
577.0 13.59503759765625
578.0 13.8408982421875
579.0 14.64836787109375
580.0 14.53987412109375
581.0 12.9578015625
582.0 16.4439671875
583.0 13.6128373046875
584.0 9.39714130859375
585.0 11.29252412109375
586.0 11.09917119140625
587.0 10.94198857421875
588.0 10.558333984375
589.0 14.589964453125
590.0 13.99516689453125
591.0 13.5535572265625
592.0 13.96502763671875
593.0 14.75308916015625
594.0 15.0873423828125
595.0 15.8769818359375
596.0 11.90828349609375
597.0 12.9424234375
598.0 13.22366591796875
599.0 15.0260490234375
600.0 14.748809765625
601.0 14.43468955078125
602.0 14.0422673828125
603.0 11.90985234375
604.0 9.2626357421875
605.0 12.97435537109375
606.0 8.7482736328125
607.0 14.8667546875
608.0 10.60026533203125
609.0 16.89344677734375
610.0 11.3153658203125
611.0 12.1371052734375
612.0 11.0830181640625
613.0 12.06282509765625
614.0 12.3640375
615.0 12.321658984375
616.0 15.37608193359375
617.0 11.68787353515625
618.0 13.1527056640625
619.0 10.364523828125
620.0 12.14844658203125
621.0 13.53374541015625
622.0 13.18486025390625
623.0 11.23532880859375
624.0 11.16103486328125
625.0 11.10201787109375
626.0 9.62393046875
627.0 15.810458203125
628.0 14.207573828125
629.0 12.0407041015625
630.0 9.23907744140625
631.0 9.83159970703125
632.0 9.4124740234375
633.0 7.14292783203125
634.0 7.9994224609375
635.0 8.83263623046875
636.0 10.3210802734375
637.0 7.58277890625
638.0 9.92530703125
639.0 8.17036328125
640.0 8.90851904296875
641.0 8.4483857421875
642.0 8.568631640625
643.0 9.12779619140625
644.0 10.2208423828125
645.0 7.90319130859375
646.0 9.82966328125
647.0 9.6386587890625
648.0 8.40872529296875
649.0 8.56610908203125
650.0 8.72025537109375
651.0 9.973919140625
652.0 9.3220583984375
653.0 8.771653125
654.0 9.367169921875
655.0 9.1863310546875
656.0 7.75798955078125
657.0 11.59397978515625
658.0 7.80072060546875
659.0 9.127879296875
660.0 9.8776787109375
661.0 7.553925390625
662.0 8.640538671875
663.0 8.53824287109375
664.0 8.8573271484375
665.0 9.6036220703125
666.0 7.2168919921875
667.0 9.64923515625
668.0 9.4182419921875
669.0 9.115059765625
670.0 10.2310958984375
671.0 9.83476787109375
672.0 8.38411806640625
673.0 9.37164892578125
674.0 8.22838974609375
675.0 9.49050595703125
676.0 9.45353837890625
677.0 13.37370517578125
678.0 10.05538740234375
679.0 13.51640263671875
680.0 12.75592744140625
681.0 10.8916140625
682.0 13.18412861328125
683.0 13.76680625
684.0 12.9261744140625
685.0 13.9191822265625
686.0 14.0523556640625
687.0 12.97739814453125
688.0 12.8501763671875
689.0 9.83006728515625
690.0 10.91377685546875
691.0 13.0809890625
692.0 13.02329375
693.0 10.09419765625
694.0 11.21705458984375
695.0 11.7827263671875
696.0 3.8671447265625
697.0 8.88071064453125
698.0 9.91885927734375
699.0 9.8224693359375
700.0 10.39562041015625
701.0 9.5361869140625
702.0 6.53220625
703.0 15.03728525390625
704.0 17.3607658203125
705.0 19.657197265625
706.0 16.6666193359375
707.0 16.984394140625
708.0 15.866772265625
709.0 16.41109189453125
710.0 16.96601015625
711.0 16.23491337890625
712.0 15.60554423828125
713.0 15.7757841796875
714.0 13.33876494140625
715.0 12.5889298828125
716.0 17.39969658203125
717.0 17.32644130859375
718.0 16.956103125
719.0 17.66445458984375
720.0 18.92175087890625
721.0 17.23185693359375
722.0 15.1714744140625
723.0 15.4353890625
724.0 17.2698333984375
725.0 17.6806314453125
726.0 17.48164248046875
727.0 15.35281943359375
728.0 9.2546974609375
729.0 15.64530458984375
730.0 14.86613779296875
731.0 17.38821826171875
732.0 19.48313623046875
733.0 16.338689453125
734.0 17.85965830078125
735.0 17.3248759765625
736.0 13.8014408203125
737.0 15.51678466796875
738.0 15.78951689453125
739.0 18.17180107421875
740.0 16.76746220703125
741.0 15.64208525390625
742.0 20.60264296875
743.0 16.83075458984375
744.0 17.795847265625
745.0 17.38040078125
746.0 15.201496484375
747.0 18.292351171875
748.0 17.0491515625
749.0 15.375226953125
750.0 17.01734326171875
751.0 16.04067509765625
752.0 15.6324962890625
753.0 15.4966154296875
754.0 17.52750205078125
755.0 15.74299248046875
756.0 16.057870703125
757.0 17.22805078125
758.0 18.85677421875
759.0 11.40240859375
760.0 15.53647021484375
761.0 19.00605712890625
762.0 17.76932421875
763.0 19.2173744140625
764.0 14.90076826171875
765.0 16.7192244140625
766.0 18.8485861328125
767.0 16.4304181640625
768.0 11.4479646484375
769.0 16.749956640625
770.0 14.246944140625
771.0 14.9794640625
772.0 14.3826279296875
773.0 15.83329443359375
774.0 13.46191435546875
775.0 15.8250634765625
776.0 11.8524318359375
777.0 14.658598828125
778.0 14.10147607421875
779.0 15.52623115234375
780.0 12.4356423828125
781.0 12.44711484375
782.0 15.5796541015625
783.0 10.6970041015625
784.0 13.97448701171875
785.0 14.38167734375
786.0 13.7960208984375
787.0 14.5696720703125
788.0 16.8137037109375
789.0 20.09998349609375
790.0 16.94639013671875
791.0 12.25155732421875
792.0 10.785910546875
793.0 12.2437771484375
794.0 13.11009150390625
795.0 13.2277357421875
796.0 12.14407109375
797.0 9.40981044921875
798.0 15.76371630859375
799.0 13.2156498046875
