0.0 27.4368265625
1.0 14.99272421875
2.0 18.01050830078125
3.0 19.1589658203125
4.0 21.82126630859375
5.0 23.472868359375
6.0 19.5184162109375
7.0 20.85292080078125
8.0 17.0742658203125
9.0 15.23585166015625
10.0 16.55869990234375
11.0 11.914862890625
12.0 20.5319517578125
13.0 16.93358076171875
14.0 17.43370029296875
15.0 17.22313544921875
16.0 16.615507421875
17.0 19.11528974609375
18.0 17.26849736328125
19.0 20.12426201171875
20.0 17.2748314453125
21.0 18.01151865234375
22.0 16.4905197265625
23.0 17.1218759765625
24.0 15.6365505859375
25.0 24.24385693359375
26.0 21.274215625
27.0 23.52110146484375
28.0 23.40026875
29.0 19.9237814453125
30.0 19.3651689453125
31.0 21.5284369140625
32.0 23.531036328125
33.0 18.21198447265625
34.0 25.203812890625
35.0 23.64459296875
36.0 19.15768955078125
37.0 21.49752255859375
38.0 23.20402880859375
39.0 21.95481416015625
40.0 22.1751919921875
41.0 20.42073603515625
42.0 22.29844560546875
43.0 15.039468359375
44.0 23.6989970703125
45.0 24.1034091796875
46.0 20.841120703125
47.0 23.8498939453125
48.0 21.25612421875
49.0 23.901813671875
50.0 21.2841556640625
51.0 23.4648638671875
52.0 23.9648361328125
53.0 21.98922353515625
54.0 23.9085921875
55.0 20.34185615234375
56.0 18.26603037109375
57.0 23.5026837890625
58.0 21.35618447265625
59.0 24.29476865234375
60.0 20.89568720703125
61.0 24.3340564453125
62.0 21.2942177734375
63.0 23.63152724609375
64.0 24.27113720703125
65.0 18.54392919921875
66.0 24.16283427734375
67.0 21.42016630859375
68.0 23.6629640625
69.0 24.1145048828125
70.0 21.75023779296875
71.0 24.3989576171875
72.0 21.87928056640625
73.0 23.3362998046875
74.0 21.147086328125
75.0 24.75435517578125
76.0 21.62650078125
77.0 22.90531181640625
78.0 24.05886123046875
79.0 20.7524451171875
80.0 23.69571171875
81.0 21.70137705078125
82.0 23.77830517578125
83.0 19.477278125
84.0 24.76603759765625
85.0 21.679936328125
86.0 24.510989453125
87.0 24.19718701171875
88.0 22.79134228515625
89.0 20.699901953125
90.0 23.8429521484375
91.0 21.331302734375
92.0 24.50709619140625
93.0 22.0135994140625
94.0 23.5203939453125
95.0 23.97257353515625
96.0 21.594921875
97.0 24.0154091796875
98.0 21.6516779296875
99.0 23.73109677734375
100.0 21.366125390625
101.0 23.884195703125
102.0 24.12172421875
103.0 21.66838984375
104.0 21.2677033203125
105.0 25.768391015625
106.0 20.92710263671875
107.0 24.137454296875
108.0 22.00734443359375
109.0 23.69935634765625
110.0 20.57261552734375
111.0 23.88098203125
112.0 21.5379380859375
113.0 24.92838359375
114.0 22.30815751953125
115.0 24.49599921875
116.0 21.53411640625
117.0 19.5094130859375
118.0 24.47832470703125
119.0 21.625319140625
120.0 24.6474431640625
121.0 21.682032421875
122.0 24.4038767578125
123.0 8.49226015625
124.0 37.26186123046875
125.0 21.85790947265625
126.0 24.2780193359375
127.0 22.14431171875
128.0 22.9306994140625
129.0 20.5979509765625
130.0 24.2731619140625
131.0 21.50060185546875
132.0 22.95047158203125
133.0 21.90185693359375
134.0 24.3633423828125
135.0 21.417164453125
136.0 20.817190625
137.0 24.70598046875
138.0 21.3939513671875
139.0 24.0838060546875
140.0 22.14158134765625
141.0 21.9959912109375
142.0 22.0925078125
143.0 24.59068125
144.0 24.11701279296875
145.0 21.80501396484375
146.0 24.69554560546875
147.0 15.14267431640625
148.0 30.2608693359375
149.0 23.91529248046875
150.0 22.14391748046875
151.0 23.90156767578125
152.0 22.265425390625
153.0 24.4006181640625
154.0 21.48874384765625
155.0 23.61391123046875
156.0 24.70018857421875
157.0 22.7717091796875
158.0 21.6578091796875
159.0 19.82320283203125
160.0 28.65198486328125
161.0 18.9745916015625
162.0 23.831360546875
163.0 21.46224248046875
164.0 21.8868697265625
165.0 21.23849970703125
166.0 23.96116728515625
167.0 23.227432421875
168.0 19.93476484375
169.0 22.2606517578125
170.0 20.22959521484375
171.0 24.466990234375
172.0 21.9427724609375
173.0 16.464010546875
174.0 31.13611337890625
175.0 22.42290830078125
176.0 23.68984833984375
177.0 23.98862216796875
178.0 23.05333935546875
179.0 22.21086748046875
180.0 23.470151171875
181.0 21.99063017578125
182.0 24.1743642578125
183.0 21.82763359375
184.0 23.61597333984375
185.0 23.87691318359375
186.0 21.85023720703125
187.0 23.284399609375
188.0 22.1161451171875
189.0 24.17196005859375
190.0 22.09685576171875
191.0 17.7240796875
192.0 27.1623763671875
193.0 22.9438748046875
194.0 18.13739384765625
195.0 25.86125185546875
196.0 21.388181640625
197.0 20.76687470703125
198.0 22.46575771484375
199.0 20.150033203125
200.0 24.33416728515625
201.0 19.527908203125
202.0 16.64752919921875
203.0 22.45255947265625
204.0 22.531687109375
205.0 19.674226953125
206.0 22.23571748046875
207.0 15.05423828125
208.0 30.060075390625
209.0 22.83239609375
210.0 20.0544033203125
211.0 22.71532451171875
212.0 20.52148681640625
213.0 22.87208310546875
214.0 23.1258537109375
215.0 21.91450888671875
216.0 24.227307421875
217.0 21.5071658203125
218.0 24.3400046875
219.0 21.01244404296875
220.0 23.98920439453125
221.0 24.37947197265625
222.0 22.0185951171875
223.0 24.6239203125
224.0 22.15682451171875
225.0 23.322892578125
226.0 21.76240556640625
227.0 19.3771470703125
228.0 15.162726953125
229.0 28.2033498046875
230.0 18.98064443359375
231.0 24.14906982421875
232.0 24.1464240234375
233.0 22.01251669921875
234.0 20.8064990234375
235.0 20.74324111328125
236.0 23.5387998046875
237.0 22.3725306640625
238.0 23.7270158203125
239.0 23.26519306640625
240.0 21.845540234375
241.0 21.4495703125
242.0 23.88618916015625
243.0 24.01785546875
244.0 21.50291533203125
245.0 24.4699341796875
246.0 19.273073828125
247.0 23.84439326171875
248.0 21.648341015625
249.0 24.96373359375
250.0 20.4809908203125
251.0 23.5485544921875
252.0 21.55273544921875
253.0 22.151132421875
254.0 23.87539609375
255.0 18.99170673828125
256.0 25.53506005859375
257.0 21.8953357421875
258.0 24.6634798828125
259.0 23.23733720703125
260.0 24.87924453125
261.0 22.585130078125
262.0 22.05690009765625
263.0 21.04036435546875
264.0 24.3975357421875
265.0 20.77395556640625
266.0 23.9599240234375
267.0 22.75510771484375
268.0 23.01438486328125
269.0 24.314714453125
270.0 18.93419873046875
271.0 21.7431681640625
272.0 23.2630873046875
273.0 20.730219140625
274.0 24.9049962890625
275.0 21.39079521484375
276.0 23.79551337890625
277.0 24.12442138671875
278.0 21.67266240234375
279.0 17.32701865234375
280.0 27.1541666015625
281.0 23.9193193359375
282.0 22.30326337890625
283.0 21.23721455078125
284.0 20.24129384765625
285.0 24.35989736328125
286.0 23.50988037109375
287.0 21.56823974609375
288.0 24.7552619140625
289.0 21.6824791015625
290.0 20.91965654296875
291.0 24.06864814453125
292.0 23.5248404296875
293.0 16.435610546875
294.0 22.32943095703125
295.0 25.88146494140625
296.0 21.3093123046875
297.0 23.669103515625
298.0 25.148064453125
299.0 22.1277125
300.0 23.3383734375
301.0 22.059319140625
302.0 24.913510546875
303.0 22.77733857421875
304.0 24.8852267578125
305.0 22.76277646484375
306.0 22.08595673828125
307.0 21.95537412109375
308.0 22.38040126953125
309.0 25.3251484375
310.0 19.97734833984375
311.0 23.356435546875
312.0 20.3806490234375
313.0 19.26718916015625
314.0 27.22638203125
315.0 23.06209990234375
316.0 19.44670146484375
317.0 23.7915513671875
318.0 22.45430068359375
319.0 18.98791865234375
320.0 22.68488740234375
321.0 21.67736328125
322.0 21.9626615234375
323.0 27.08299296875
324.0 18.05498681640625
325.0 19.05011171875
326.0 25.62992705078125
327.0 23.39437041015625
328.0 21.66927060546875
329.0 24.1740728515625
330.0 20.88632900390625
331.0 24.22876796875
332.0 22.468775390625
333.0 24.55266240234375
334.0 24.06144970703125
335.0 22.40137216796875
336.0 24.25192255859375
337.0 21.6852876953125
338.0 21.68702119140625
339.0 24.92316884765625
340.0 24.41748427734375
341.0 19.99265302734375
342.0 24.3284734375
343.0 22.05985087890625
344.0 24.34459912109375
345.0 21.57731884765625
346.0 24.2449716796875
347.0 18.6002634765625
348.0 21.26620234375
349.0 21.7814326171875
350.0 17.54303310546875
351.0 23.670437890625
352.0 23.81920087890625
353.0 16.08262734375
354.0 29.7785755859375
355.0 19.9797294921875
356.0 22.33771376953125
357.0 19.73900009765625
358.0 21.47829560546875
359.0 21.7545171875
360.0 19.696212890625
361.0 20.29838056640625
362.0 19.9752783203125
363.0 21.32508154296875
364.0 18.8859154296875
365.0 21.31949443359375
366.0 11.58842001953125
367.0 18.89728662109375
368.0 21.4891048828125
369.0 19.17061572265625
370.0 22.345246875
371.0 21.6091029296875
372.0 19.9839630859375
373.0 22.92762705078125
374.0 18.27072666015625
375.0 20.28663544921875
376.0 19.56078662109375
377.0 17.2056185546875
378.0 20.80950546875
379.0 21.28070693359375
380.0 15.862243359375
381.0 19.95852587890625
382.0 18.03104345703125
383.0 19.30296220703125
384.0 17.688180078125
385.0 20.1278732421875
386.0 20.5365439453125
387.0 19.83359306640625
388.0 15.7961958984375
389.0 13.72597685546875
390.0 20.1190341796875
391.0 15.4599298828125
392.0 19.35478193359375
393.0 20.36925078125
394.0 18.51830849609375
395.0 13.5039845703125
396.0 22.22633662109375
397.0 16.23345224609375
398.0 16.99564912109375
399.0 19.77134052734375
400.0 23.56956826171875
401.0 20.63293232421875
402.0 22.478696875
403.0 17.63918662109375
404.0 20.8068603515625
405.0 19.9012478515625
406.0 16.7640541015625
407.0 20.967109765625
408.0 17.9393552734375
409.0 20.53565478515625
410.0 22.78718515625
411.0 21.49643193359375
412.0 15.9031568359375
413.0 29.3245205078125
414.0 18.4074453125
415.0 20.38913330078125
416.0 21.8658
417.0 20.39887705078125
418.0 21.8175962890625
419.0 20.3297375
420.0 20.93806748046875
421.0 24.31104345703125
422.0 14.792203515625
423.0 19.87680546875
424.0 21.17576044921875
425.0 20.49724208984375
426.0 23.2289201171875
427.0 21.794298828125
428.0 19.745790625
429.0 23.700759375
430.0 23.75109716796875
431.0 20.77464736328125
432.0 22.095197265625
433.0 23.9224927734375
434.0 23.6801494140625
435.0 22.1943037109375
436.0 24.3634576171875
437.0 18.08819892578125
438.0 24.65549501953125
439.0 25.034230078125
440.0 21.23997177734375
441.0 24.1778029296875
442.0 19.96754169921875
443.0 22.6875896484375
444.0 24.3189185546875
445.0 20.86166826171875
446.0 24.48280673828125
447.0 21.48361728515625
448.0 23.507128515625
449.0 22.62769404296875
450.0 24.43904833984375
451.0 21.33951357421875
452.0 24.550904296875
453.0 20.97322958984375
454.0 25.3683419921875
455.0 22.17876513671875
456.0 22.92282919921875
457.0 21.63323876953125
458.0 16.70088857421875
459.0 28.29743974609375
460.0 23.62640546875
461.0 21.70347841796875
462.0 23.60257763671875
463.0 21.5410296875
464.0 24.436706640625
465.0 23.0694162109375
466.0 20.55626494140625
467.0 21.60467626953125
468.0 22.2672208984375
469.0 24.60319755859375
470.0 21.88946201171875
471.0 21.14485380859375
472.0 20.02760078125
473.0 24.6061349609375
474.0 23.12693642578125
475.0 22.3681921875
476.0 19.1762015625
477.0 17.198770703125
478.0 26.30791318359375
479.0 21.65115791015625
480.0 23.866244140625
481.0 21.87981328125
482.0 19.62106455078125
483.0 20.85059189453125
484.0 19.0748169921875
485.0 22.5082951171875
486.0 21.96304970703125
487.0 19.3073359375
488.0 23.846380078125
489.0 24.0925578125
490.0 21.63774609375
491.0 15.4380318359375
492.0 30.35785703125
493.0 20.13146103515625
494.0 24.61359638671875
495.0 17.06042587890625
496.0 30.120826953125
497.0 22.21500478515625
498.0 21.03584541015625
499.0 23.17691923828125
500.0 24.62793857421875
501.0 22.16277763671875
502.0 22.03247490234375
503.0 24.8263353515625
504.0 21.0153396484375
505.0 24.125158984375
506.0 21.056113671875
507.0 22.17606025390625
508.0 24.26144384765625
509.0 21.99535439453125
510.0 9.71401416015625
511.0 37.0335982421875
512.0 15.299440234375
513.0 29.69562451171875
514.0 23.4495431640625
515.0 21.75821875
516.0 22.615015234375
517.0 22.56568173828125
518.0 23.20420888671875
519.0 21.2341794921875
520.0 24.41641640625
521.0 24.91179521484375
522.0 21.4163677734375
523.0 23.33668193359375
524.0 21.54216201171875
525.0 24.35593505859375
526.0 20.9982794921875
527.0 23.43060751953125
528.0 21.73927724609375
529.0 22.15288935546875
530.0 21.2388462890625
531.0 24.97063857421875
532.0 21.907440625
533.0 22.9877255859375
534.0 22.27772255859375
535.0 23.86453359375
536.0 21.32255107421875
537.0 24.137526171875
538.0 21.40566611328125
539.0 21.34162060546875
540.0 19.6691587890625
541.0 22.1593724609375
542.0 24.113786328125
543.0 16.4800279296875
544.0 21.16943623046875
545.0 20.00818388671875
546.0 21.522985546875
547.0 15.89040322265625
548.0 11.4636150390625
549.0 22.005562890625
550.0 20.82909091796875
551.0 12.026593359375
552.0 15.5000091796875
553.0 21.6658693359375
554.0 20.278722265625
555.0 19.67720126953125
556.0 19.008934375
557.0 13.6534203125
558.0 21.81603466796875
559.0 19.91382490234375
560.0 18.70998408203125
561.0 18.74438564453125
562.0 11.25480419921875
563.0 24.60043115234375
564.0 19.53159189453125
565.0 18.25117373046875
566.0 19.8306201171875
567.0 22.197005078125
568.0 15.9390421875
569.0 17.285931640625
570.0 17.05164736328125
571.0 17.67356982421875
572.0 18.24442138671875
573.0 21.33116552734375
574.0 22.86072001953125
575.0 15.8101251953125
576.0 28.29297607421875
577.0 21.80200478515625
578.0 16.954103515625
579.0 15.7590783203125
580.0 18.09118662109375
581.0 23.28583388671875
582.0 18.8787001953125
583.0 23.3529466796875
584.0 21.41114580078125
585.0 23.62987822265625
586.0 22.04930869140625
587.0 24.033631640625
588.0 16.92827626953125
589.0 29.7086546875
590.0 20.9494890625
591.0 18.9414904296875
592.0 18.656037109375
593.0 19.7873537109375
594.0 22.61219013671875
595.0 20.8309615234375
596.0 21.71715380859375
597.0 24.9495193359375
598.0 21.36866337890625
599.0 22.7578109375
600.0 24.1853609375
601.0 20.0734697265625
602.0 23.32386123046875
603.0 24.544503515625
604.0 21.455666796875
605.0 23.92479580078125
606.0 20.9774197265625
607.0 24.01123056640625
608.0 18.572896875
609.0 23.08693837890625
610.0 23.248085546875
611.0 14.5514080078125
612.0 20.37190810546875
613.0 23.80600615234375
614.0 20.1478248046875
615.0 23.1510591796875
616.0 20.52526669921875
617.0 15.5507455078125
618.0 6.3795978515625
619.0 20.96670869140625
620.0 22.581117578125
621.0 16.35898408203125
622.0 26.91925908203125
623.0 19.22858369140625
624.0 22.7650486328125
625.0 23.48902236328125
626.0 23.76483359375
627.0 21.74165322265625
628.0 23.72355830078125
629.0 21.60762705078125
630.0 23.10334296875
631.0 23.8670130859375
632.0 19.25242138671875
633.0 22.03076064453125
634.0 21.37490869140625
635.0 23.2009248046875
636.0 21.38071875
637.0 24.43693095703125
638.0 18.59777119140625
639.0 23.22234501953125
640.0 20.59684794921875
641.0 24.55735322265625
642.0 21.61196279296875
643.0 23.1157427734375
644.0 23.358589453125
645.0 21.802751953125
646.0 24.55282578125
647.0 22.255865234375
648.0 16.3221962890625
649.0 19.42482724609375
650.0 23.47109248046875
651.0 20.28910830078125
652.0 21.2018923828125
653.0 22.36338623046875
654.0 19.55552373046875
655.0 22.46986240234375
656.0 21.3152453125
657.0 21.0544484375
658.0 18.51292470703125
659.0 21.6661244140625
660.0 24.3120103515625
661.0 21.97385576171875
662.0 23.47820341796875
663.0 22.0445791015625
664.0 20.7185630859375
665.0 23.01033408203125
666.0 21.612926953125
667.0 24.56132109375
668.0 19.4955984375
669.0 27.1902787109375
670.0 14.99161591796875
671.0 29.9630095703125
672.0 24.0853869140625
673.0 22.30888466796875
674.0 19.575380078125
675.0 26.42682529296875
676.0 21.9365462890625
677.0 23.23538857421875
678.0 20.82721923828125
679.0 24.13247392578125
680.0 21.7477642578125
681.0 24.0318142578125
682.0 23.95688583984375
683.0 22.27471923828125
684.0 22.4643734375
685.0 23.62495078125
686.0 24.41307412109375
687.0 19.6519595703125
688.0 25.99987353515625
689.0 22.76885888671875
690.0 21.19426015625
691.0 22.34062060546875
692.0 23.66463203125
693.0 24.4643626953125
694.0 20.7827359375
695.0 23.41734560546875
696.0 17.791712109375
697.0 24.086753125
698.0 20.7199400390625
699.0 19.08296259765625
700.0 24.24099208984375
701.0 21.99973330078125
702.0 23.71443564453125
703.0 14.4672837890625
704.0 31.41212724609375
705.0 20.4776484375
706.0 23.31841630859375
707.0 20.22667939453125
708.0 22.0110984375
709.0 20.42561669921875
710.0 24.0579451171875
711.0 23.3169396484375
712.0 21.07236171875
713.0 23.73998095703125
714.0 21.3956025390625
715.0 20.8189521484375
716.0 23.5073330078125
717.0 21.16539443359375
718.0 22.3407640625
719.0 21.031346484375
720.0 24.66604560546875
721.0 21.297501171875
722.0 21.74614638671875
723.0 23.5767
724.0 21.721490625
725.0 23.24859775390625
726.0 20.89476357421875
727.0 23.99412138671875
728.0 19.8998564453125
729.0 19.3602171875
730.0 20.921944140625
731.0 21.25285927734375
732.0 15.924415625
733.0 23.8266162109375
734.0 22.03371630859375
735.0 20.9379681640625
736.0 22.04264111328125
737.0 16.37677607421875
738.0 20.93392822265625
739.0 20.33200859375
740.0 18.0530083984375
741.0 20.98804296875
742.0 16.742848046875
743.0 19.9729955078125
744.0 19.25969150390625
745.0 15.00922451171875
746.0 16.2546228515625
747.0 14.45738232421875
748.0 12.2487384765625
749.0 17.14139384765625
750.0 18.0962474609375
751.0 19.59995947265625
752.0 15.51360146484375
753.0 16.55682294921875
754.0 19.0152919921875
755.0 21.92676669921875
756.0 17.4343279296875
757.0 24.42082294921875
758.0 15.43034208984375
759.0 23.43996591796875
760.0 17.871703125
761.0 25.0170994140625
762.0 19.29272919921875
763.0 17.728088671875
764.0 16.03551435546875
765.0 15.133382421875
766.0 23.7801291015625
767.0 17.811101953125
768.0 22.65249775390625
769.0 20.50880302734375
770.0 24.38909052734375
771.0 24.17996689453125
772.0 17.53965439453125
773.0 23.381009375
774.0 21.46799951171875
775.0 20.2661041015625
776.0 20.79763193359375
777.0 22.6217796875
778.0 21.3056962890625
779.0 21.1509958984375
780.0 24.3256255859375
781.0 14.7852396484375
782.0 26.78184501953125
783.0 24.8008638671875
784.0 20.64381494140625
785.0 21.61046103515625
786.0 23.5608560546875
787.0 21.87750498046875
788.0 24.08346962890625
789.0 16.91191728515625
790.0 29.68615205078125
791.0 21.46737373046875
792.0 24.694784765625
793.0 22.71400458984375
794.0 23.99150732421875
795.0 21.5855318359375
796.0 22.4369478515625
797.0 23.36021103515625
798.0 20.4804044921875
799.0 22.87257587890625
