0.0 15.75282705078125
1.0 10.09544951171875
2.0 17.7737576171875
3.0 14.82774609375
4.0 15.0225890625
5.0 12.02253388671875
6.0 12.825476953125
7.0 13.90543369140625
8.0 12.90016494140625
9.0 14.766956640625
10.0 15.24276142578125
11.0 14.21783896484375
12.0 11.19338876953125
13.0 11.93258974609375
14.0 12.98746865234375
15.0 13.86958349609375
16.0 11.08172236328125
17.0 19.35851904296875
18.0 14.89223837890625
19.0 15.1438974609375
20.0 15.34110888671875
21.0 12.83343056640625
22.0 15.8924341796875
23.0 14.4120791015625
24.0 12.88871953125
25.0 13.32115107421875
26.0 14.91712294921875
27.0 10.92874677734375
28.0 9.762251171875
29.0 14.8150517578125
30.0 10.17725380859375
31.0 13.23178681640625
32.0 13.2981369140625
33.0 9.033643359375
34.0 6.7370142578125
35.0 14.24000732421875
36.0 11.75492001953125
37.0 11.24943369140625
38.0 13.00165185546875
39.0 14.288277734375
40.0 12.39323662109375
41.0 9.58021650390625
42.0 10.997215234375
43.0 12.6727650390625
44.0 10.9569576171875
45.0 13.961741015625
46.0 14.15125078125
47.0 14.21754423828125
48.0 12.6060123046875
49.0 14.0654185546875
50.0 13.5452240234375
51.0 14.85890791015625
52.0 13.067244921875
53.0 15.02489306640625
54.0 14.74311669921875
55.0 13.69455078125
56.0 15.28840107421875
57.0 13.77864150390625
58.0 15.31724990234375
59.0 15.09197470703125
60.0 13.7607
61.0 14.75888837890625
62.0 14.55694736328125
63.0 15.375793359375
64.0 14.574673828125
65.0 8.7607970703125
66.0 19.58750869140625
67.0 10.64185830078125
68.0 13.78090263671875
69.0 12.60550458984375
70.0 12.54372373046875
71.0 13.8635044921875
72.0 12.81135205078125
73.0 12.4815640625
74.0 13.471669140625
75.0 14.57974833984375
76.0 15.14849306640625
77.0 13.52490302734375
78.0 15.1901181640625
79.0 15.52873466796875
80.0 13.58810751953125
81.0 15.079671484375
82.0 14.67546962890625
83.0 15.18391337890625
84.0 13.2146859375
85.0 14.80514560546875
86.0 10.8378005859375
87.0 7.88738134765625
88.0 13.2367677734375
89.0 11.46224912109375
90.0 13.49085556640625
91.0 13.79101044921875
92.0 14.15376171875
93.0 15.14948466796875
94.0 11.84848076171875
95.0 15.03864833984375
96.0 14.83814619140625
97.0 13.6628580078125
98.0 15.42022373046875
99.0 15.30247373046875
100.0 14.597837109375
101.0 13.93583720703125
102.0 15.2131041015625
103.0 15.13247626953125
104.0 12.961625
105.0 14.9889421875
106.0 15.07932216796875
107.0 13.53737236328125
108.0 15.24214248046875
109.0 14.70275048828125
110.0 13.505212890625
111.0 14.3559412109375
112.0 13.5874287109375
113.0 12.4440154296875
114.0 11.0907458984375
115.0 9.53476806640625
116.0 11.00014677734375
117.0 8.3440470703125
118.0 7.48091328125
119.0 8.3344865234375
120.0 11.48353486328125
121.0 10.92677841796875
122.0 14.51699794921875
123.0 15.00134833984375
124.0 13.5584564453125
125.0 15.13792802734375
126.0 13.66664013671875
127.0 11.74294091796875
128.0 11.25241845703125
129.0 15.13101962890625
130.0 13.6428060546875
131.0 15.020212109375
132.0 15.35857021484375
133.0 14.85323671875
134.0 14.20362197265625
135.0 15.8452287109375
136.0 14.1694923828125
137.0 13.668875
138.0 14.66608330078125
139.0 13.48965810546875
140.0 12.343896484375
141.0 9.55256650390625
142.0 12.56384326171875
143.0 11.9205697265625
144.0 10.8120201171875
145.0 9.17433701171875
146.0 5.9105873046875
147.0 13.64953583984375
148.0 12.72329453125
149.0 13.18398525390625
150.0 12.10337685546875
151.0 15.9402091796875
152.0 15.17285419921875
153.0 14.0069771484375
154.0 12.98866494140625
155.0 10.46805537109375
156.0 12.641104296875
157.0 9.426765234375
158.0 13.648605859375
159.0 7.00967919921875
160.0 6.935394140625
161.0 2.09077060546875
162.0 7.27426142578125
163.0 11.85896015625
164.0 8.25293310546875
165.0 8.2819560546875
166.0 8.00581376953125
167.0 7.98787314453125
168.0 7.35133525390625
169.0 7.885194140625
170.0 6.20490634765625
171.0 18.90715302734375
172.0 11.89101279296875
173.0 12.6059251953125
174.0 12.566259765625
175.0 13.7409138671875
176.0 8.46722294921875
177.0 15.31622607421875
178.0 13.92726220703125
179.0 13.4205337890625
180.0 15.08409931640625
181.0 13.50036640625
182.0 15.0687328125
183.0 14.3982201171875
184.0 13.6823634765625
185.0 15.25295703125
186.0 13.74413115234375
187.0 14.03399580078125
188.0 14.59854833984375
189.0 14.4402474609375
190.0 13.16205439453125
191.0 14.4038623046875
192.0 9.7921009765625
193.0 10.75174599609375
194.0 14.14748701171875
195.0 14.87156220703125
196.0 13.14248798828125
197.0 12.27302802734375
198.0 16.2870345703125
199.0 13.37569306640625
200.0 14.964959765625
201.0 14.6589689453125
202.0 12.3055634765625
203.0 12.30862939453125
204.0 10.22755673828125
205.0 13.3136779296875
206.0 13.84586396484375
207.0 15.18210068359375
208.0 10.89604404296875
209.0 17.27533896484375
210.0 13.37778857421875
211.0 15.16717421875
212.0 14.77659208984375
213.0 8.84425546875
214.0 14.58780830078125
215.0 18.2904556640625
216.0 14.7418677734375
217.0 12.71153154296875
218.0 15.2390193359375
219.0 15.4500248046875
220.0 10.30062255859375
221.0 18.5909830078125
222.0 14.27873330078125
223.0 13.31126884765625
224.0 15.49962109375
225.0 12.80219580078125
226.0 9.83826181640625
227.0 11.11320341796875
228.0 9.660778125
229.0 10.406605859375
230.0 13.3873572265625
231.0 15.4808916015625
232.0 14.5238875
233.0 12.85935478515625
234.0 12.40430283203125
235.0 14.71686123046875
236.0 13.239600390625
237.0 14.5734083984375
238.0 14.07850166015625
239.0 15.36049072265625
240.0 13.2843814453125
241.0 15.02811494140625
242.0 14.70360625
243.0 13.26748603515625
244.0 14.9071279296875
245.0 14.01407705078125
246.0 14.09989453125
247.0 13.22609638671875
248.0 16.18007392578125
249.0 12.7608337890625
250.0 12.61819658203125
251.0 17.32831396484375
252.0 11.68402822265625
253.0 12.868236328125
254.0 12.95569501953125
255.0 13.11538525390625
256.0 14.07935869140625
257.0 14.21318427734375
258.0 14.7626927734375
259.0 12.7401775390625
260.0 11.7070095703125
261.0 7.91596728515625
262.0 11.64778994140625
263.0 13.8281208984375
264.0 5.14882548828125
265.0 14.523748046875
266.0 14.83505927734375
267.0 13.482515625
268.0 15.0100939453125
269.0 13.83829228515625
270.0 14.441651171875
271.0 12.67194755859375
272.0 14.86272177734375
273.0 14.81045458984375
274.0 13.1745564453125
275.0 14.3069873046875
276.0 15.25846708984375
277.0 12.73122392578125
278.0 16.26053466796875
279.0 10.89789853515625
280.0 8.88664814453125
281.0 14.6000103515625
282.0 13.346759375
283.0 14.86886259765625
284.0 14.388956640625
285.0 12.5903583984375
286.0 12.2030916015625
287.0 14.34642470703125
288.0 15.09043779296875
289.0 14.13946708984375
290.0 14.56258095703125
291.0 13.6685265625
292.0 14.8470712890625
293.0 14.484023046875
294.0 13.349341015625
295.0 13.8537890625
296.0 13.14697724609375
297.0 13.29913916015625
298.0 12.5625673828125
299.0 9.18057919921875
300.0 18.04774736328125
301.0 13.752066015625
302.0 12.5134619140625
303.0 9.94181962890625
304.0 10.1205630859375
305.0 10.36571328125
306.0 18.6019353515625
307.0 14.6979693359375
308.0 11.5129703125
309.0 14.01270361328125
310.0 14.68458095703125
311.0 13.003584765625
312.0 14.00499482421875
313.0 15.2536384765625
314.0 12.73848095703125
315.0 14.7878751953125
316.0 13.3564501953125
317.0 14.6420580078125
318.0 15.086571875
319.0 13.70811904296875
320.0 14.69972490234375
321.0 12.17841337890625
322.0 12.26986376953125
323.0 13.2886359375
324.0 14.80227958984375
325.0 14.81528837890625
326.0 13.22050693359375
327.0 9.61126044921875
328.0 5.85554921875
329.0 9.0721892578125
330.0 12.52646875
331.0 8.39864462890625
332.0 17.002203515625
333.0 14.7896546875
334.0 12.626520703125
335.0 14.22084404296875
336.0 13.24491806640625
337.0 10.15205810546875
338.0 12.8661474609375
339.0 11.218123828125
340.0 14.75107998046875
341.0 15.27953740234375
342.0 10.92457158203125
343.0 11.17543681640625
344.0 11.4433025390625
345.0 12.84767978515625
346.0 14.75707607421875
347.0 13.65828505859375
348.0 12.59533818359375
349.0 13.77962080078125
350.0 13.9783935546875
351.0 14.90938935546875
352.0 4.5947138671875
353.0 0.05182646484375
354.0 10.205777734375
355.0 11.73200126953125
356.0 13.38040185546875
357.0 11.8309380859375
358.0 6.90283193359375
359.0 9.2958720703125
360.0 7.36456357421875
361.0 10.81069736328125
362.0 11.98267255859375
363.0 10.98765068359375
364.0 13.68238642578125
365.0 13.3797623046875
366.0 11.85537568359375
367.0 10.011171875
368.0 11.19259921875
369.0 13.4625154296875
370.0 7.03282421875
371.0 12.61770595703125
372.0 11.25355537109375
373.0 13.09313115234375
374.0 13.7067689453125
375.0 7.79157470703125
376.0 11.06579619140625
377.0 11.8144046875
378.0 12.295546484375
379.0 10.00660517578125
380.0 10.3051650390625
381.0 7.237396875
382.0 7.3795779296875
383.0 7.39853251953125
384.0 7.1041896484375
385.0 8.6824962890625
386.0 7.36332705078125
387.0 7.8429556640625
388.0 7.600612890625
389.0 6.199762890625
390.0 7.93118857421875
391.0 4.78561474609375
392.0 7.422912890625
393.0 6.8426517578125
394.0 12.09051884765625
395.0 10.63796015625
396.0 9.4795935546875
397.0 11.2573330078125
398.0 8.7314400390625
399.0 9.44198671875
400.0 11.01073740234375
401.0 8.97114501953125
402.0 13.83736416015625
403.0 12.06012421875
404.0 12.53266240234375
405.0 12.8465
406.0 11.70456142578125
407.0 13.12044716796875
408.0 12.23422724609375
409.0 13.703458203125
410.0 14.45147080078125
411.0 13.5988421875
412.0 13.09299091796875
413.0 13.96329658203125
414.0 12.6306876953125
415.0 15.03180517578125
416.0 15.49912685546875
417.0 13.48697578125
418.0 13.6859931640625
419.0 14.72017451171875
420.0 13.88269140625
421.0 15.11358388671875
422.0 15.06047001953125
423.0 13.20194052734375
424.0 14.4162775390625
425.0 15.21281474609375
426.0 13.4749255859375
427.0 15.11168896484375
428.0 14.63174345703125
429.0 12.01291865234375
430.0 10.5206853515625
431.0 16.92215966796875
432.0 14.80687568359375
433.0 14.62402041015625
434.0 13.4310255859375
435.0 12.91863349609375
436.0 14.95912060546875
437.0 14.928551171875
438.0 14.813162890625
439.0 13.10997587890625
440.0 14.1162734375
441.0 12.3415509765625
442.0 12.9317279296875
443.0 13.59248984375
444.0 13.72555009765625
445.0 11.90366669921875
446.0 13.270563671875
447.0 14.55494326171875
448.0 15.37842939453125
449.0 12.650035546875
450.0 10.9809181640625
451.0 16.1493705078125
452.0 14.120976953125
453.0 14.67793544921875
454.0 13.85136376953125
455.0 11.78558857421875
456.0 11.59389248046875
457.0 15.13504853515625
458.0 8.9195197265625
459.0 20.40993388671875
460.0 15.2129736328125
461.0 14.4541955078125
462.0 15.17557607421875
463.0 13.79041484375
464.0 15.20145185546875
465.0 14.70781474609375
466.0 15.228964453125
467.0 13.8200984375
468.0 12.4603830078125
469.0 18.09200498046875
470.0 12.8913740234375
471.0 14.47001787109375
472.0 15.10993125
473.0 13.8911810546875
474.0 14.92354208984375
475.0 9.8735056640625
476.0 17.677776953125
477.0 14.0833607421875
478.0 14.10890185546875
479.0 13.7612705078125
480.0 16.15069423828125
481.0 12.70770419921875
482.0 15.5303546875
483.0 14.02601748046875
484.0 15.04743056640625
485.0 13.7965171875
486.0 15.396259765625
487.0 14.358348828125
488.0 13.29028720703125
489.0 14.7522150390625
490.0 14.57330068359375
491.0 15.2665490234375
492.0 12.9303384765625
493.0 14.410786328125
494.0 14.84078896484375
495.0 13.67816953125
496.0 14.8630576171875
497.0 15.2355888671875
498.0 15.90174443359375
499.0 14.7631064453125
500.0 14.0754580078125
501.0 15.32372626953125
502.0 14.90942802734375
503.0 13.9848548828125
504.0 14.4779044921875
505.0 14.66153662109375
506.0 13.87803349609375
507.0 15.2116001953125
508.0 14.88381015625
509.0 14.81692138671875
510.0 8.8683494140625
511.0 13.9231376953125
512.0 15.1020220703125
513.0 13.14110439453125
514.0 15.81774404296875
515.0 15.1362796875
516.0 13.87965361328125
517.0 15.496180859375
518.0 14.5576515625
519.0 13.95553291015625
520.0 15.4015724609375
521.0 11.948370703125
522.0 13.340661328125
523.0 14.8923794921875
524.0 13.4397958984375
525.0 9.808758984375
526.0 18.72791455078125
527.0 15.21805908203125
528.0 12.9870330078125
529.0 14.75134677734375
530.0 15.2423388671875
531.0 13.43634345703125
532.0 15.0912548828125
533.0 13.89104287109375
534.0 14.2579876953125
535.0 14.95637236328125
536.0 13.7858390625
537.0 15.525547265625
538.0 14.83217666015625
539.0 13.35230322265625
540.0 14.8587490234375
541.0 15.21411611328125
542.0 14.98706611328125
543.0 13.83802978515625
544.0 15.02062685546875
545.0 14.7893875
546.0 13.58674560546875
547.0 14.86341943359375
548.0 14.7396572265625
549.0 13.79786416015625
550.0 14.47461240234375
551.0 15.01046103515625
552.0 15.4927572265625
553.0 13.36185830078125
554.0 14.98910615234375
555.0 13.26820859375
556.0 14.707570703125
557.0 15.053096875
558.0 15.171308984375
559.0 14.01908701171875
560.0 13.9453373046875
561.0 14.273087890625
562.0 15.27870205078125
563.0 10.7678279296875
564.0 17.87892060546875
565.0 15.12928515625
566.0 14.53847109375
567.0 15.1994921875
568.0 13.53538173828125
569.0 14.73479326171875
570.0 15.10954599609375
571.0 12.81097373046875
572.0 14.47938740234375
573.0 15.08886552734375
574.0 13.55721396484375
575.0 14.92508505859375
576.0 14.80294482421875
577.0 13.0266083984375
578.0 14.46514248046875
579.0 14.68539267578125
580.0 14.92025390625
581.0 15.42300048828125
582.0 15.4779087890625
583.0 13.74684697265625
584.0 16.0152400390625
585.0 15.3675591796875
586.0 13.7956333984375
587.0 14.60433095703125
588.0 15.29895947265625
589.0 13.73066044921875
590.0 15.8467119140625
591.0 15.58333662109375
592.0 13.57607744140625
593.0 12.6437375
594.0 16.82935517578125
595.0 14.8134263671875
596.0 15.2790650390625
597.0 14.56108759765625
598.0 12.717782421875
599.0 13.37996064453125
600.0 15.120167578125
601.0 15.72775517578125
602.0 13.5761759765625
603.0 14.87212646484375
604.0 14.59328349609375
605.0 13.76368173828125
606.0 15.17323076171875
607.0 15.06552060546875
608.0 13.927582421875
609.0 15.4823509765625
610.0 14.773535546875
611.0 13.927344140625
612.0 13.80292744140625
613.0 14.54548115234375
614.0 15.0209283203125
615.0 14.0672134765625
616.0 16.22395322265625
617.0 14.9249984375
618.0 13.52634912109375
619.0 14.7979818359375
620.0 15.36642578125
621.0 13.3520423828125
622.0 14.4506375
623.0 14.3686921875
624.0 12.75077001953125
625.0 14.132460546875
626.0 14.78177373046875
627.0 15.5745283203125
628.0 13.86209365234375
629.0 14.2061904296875
630.0 13.19529296875
631.0 11.395303515625
632.0 12.78250712890625
633.0 7.122061328125
634.0 8.92820693359375
635.0 8.13955869140625
636.0 10.88337021484375
637.0 10.99702314453125
638.0 12.1001490234375
639.0 9.91599580078125
640.0 12.16741318359375
641.0 13.68827744140625
642.0 9.55564423828125
643.0 11.85880068359375
644.0 9.8595857421875
645.0 8.29317607421875
646.0 12.14556513671875
647.0 12.85036591796875
648.0 13.57112578125
649.0 13.76039453125
650.0 12.95517646484375
651.0 8.54209150390625
652.0 8.68678798828125
653.0 8.287837109375
654.0 8.15078173828125
655.0 8.96461689453125
656.0 9.7964966796875
657.0 12.99806708984375
658.0 11.7948412109375
659.0 10.79193017578125
660.0 8.27814619140625
661.0 10.942028125
662.0 13.791349609375
663.0 11.9734546875
664.0 13.95546796875
665.0 13.955481640625
666.0 11.13930654296875
667.0 14.66612177734375
668.0 12.535320703125
669.0 13.44480966796875
670.0 12.26008349609375
671.0 12.1838685546875
672.0 12.7215927734375
673.0 11.8568828125
674.0 8.29682734375
675.0 14.14919765625
676.0 0.824107421875
677.0 1.16272705078125
678.0 0.26018525390625
679.0 5.4776390625
680.0 10.6471953125
681.0 12.34485625
682.0 12.93519462890625
683.0 13.48955439453125
684.0 12.86122236328125
685.0 8.1998400390625
686.0 3.02168212890625
687.0 7.82707783203125
688.0 11.86871787109375
689.0 10.8519884765625
690.0 12.60463994140625
691.0 12.6289474609375
692.0 13.85089814453125
693.0 12.99771396484375
694.0 12.65876279296875
695.0 12.56270908203125
696.0 13.57052841796875
697.0 12.65579111328125
698.0 12.07294970703125
699.0 12.14524384765625
700.0 14.2738193359375
701.0 14.5898548828125
702.0 14.73372353515625
703.0 13.74531953125
704.0 12.6341306640625
705.0 14.0244408203125
706.0 12.7117013671875
707.0 13.7285419921875
708.0 9.787656640625
709.0 18.29318359375
710.0 13.97083017578125
711.0 13.614801171875
712.0 14.683176953125
713.0 14.61862900390625
714.0 14.38886826171875
715.0 12.734037890625
716.0 13.9309603515625
717.0 12.97608349609375
718.0 13.54711337890625
719.0 12.69965703125
720.0 12.0187482421875
721.0 13.89689599609375
722.0 13.0542330078125
723.0 14.20149541015625
724.0 14.0042806640625
725.0 14.49088837890625
726.0 12.24833740234375
727.0 11.17232431640625
728.0 4.88784013671875
729.0 4.9578857421875
730.0 1.61459814453125
731.0 2.95801435546875
732.0 3.16334462890625
733.0 12.816484765625
734.0 10.4879544921875
735.0 16.810909375
736.0 13.62196279296875
737.0 13.4432126953125
738.0 13.8612705078125
739.0 13.65705986328125
740.0 14.99207744140625
741.0 14.77962578125
742.0 12.48837822265625
743.0 10.30296708984375
744.0 10.2410359375
745.0 15.721234375
746.0 12.90035986328125
747.0 13.96114384765625
748.0 10.34299228515625
749.0 12.08496494140625
750.0 13.3020578125
751.0 14.1214154296875
752.0 14.28969208984375
753.0 9.3390830078125
754.0 11.56774755859375
755.0 13.8726076171875
756.0 13.93447373046875
757.0 14.60332890625
758.0 14.28465888671875
759.0 13.2668931640625
760.0 12.29808740234375
761.0 8.5970201171875
762.0 2.62543056640625
763.0 3.45183798828125
764.0 1.04509150390625
765.0 2.4945373046875
766.0 2.7223708984375
767.0 12.6247404296875
768.0 14.07126689453125
769.0 13.208874609375
770.0 14.90602783203125
771.0 14.99460810546875
772.0 13.21490869140625
773.0 14.7762345703125
774.0 14.601295703125
775.0 7.4180982421875
776.0 16.4340474609375
777.0 13.87229052734375
778.0 7.1032798828125
779.0 1.22100234375
780.0 0.678396484375
781.0 4.2660751953125
782.0 2.723185546875
783.0 5.906765625
784.0 12.98955654296875
785.0 13.2223072265625
786.0 9.14593212890625
787.0 17.557372265625
788.0 13.866090234375
789.0 14.8122591796875
790.0 9.70187841796875
791.0 14.01332841796875
792.0 11.56819970703125
793.0 13.478790625
794.0 14.64386728515625
795.0 14.2177650390625
796.0 14.41506787109375
797.0 13.93975087890625
798.0 13.78560810546875
799.0 12.4440021484375
