0.0 13.22274951171875
1.0 13.2223158203125
2.0 10.279346875
3.0 13.9891408203125
4.0 11.01933701171875
5.0 9.57925966796875
6.0 12.3847935546875
7.0 12.88907236328125
8.0 12.27149931640625
9.0 11.02977451171875
10.0 13.25206318359375
11.0 13.0125490234375
12.0 12.07276416015625
13.0 12.318119140625
14.0 14.25696396484375
15.0 13.61312041015625
16.0 12.76282822265625
17.0 14.63179716796875
18.0 15.75934755859375
19.0 16.39529990234375
20.0 11.8186958984375
21.0 18.45994453125
22.0 16.9115626953125
23.0 15.69367578125
24.0 15.318669921875
25.0 13.13541103515625
26.0 11.32476123046875
27.0 17.55827119140625
28.0 15.99859951171875
29.0 16.01271875
30.0 14.6163126953125
31.0 16.35308720703125
32.0 15.4821443359375
33.0 12.99524560546875
34.0 15.2494564453125
35.0 14.20878876953125
36.0 13.19918486328125
37.0 9.7393357421875
38.0 16.72000068359375
39.0 13.5467837890625
40.0 12.356280078125
41.0 11.97074609375
42.0 11.55385859375
43.0 9.75794755859375
44.0 11.51565693359375
45.0 6.9749056640625
46.0 12.313469140625
47.0 12.01675546875
48.0 11.23248115234375
49.0 12.605313671875
50.0 14.75683935546875
51.0 13.73835498046875
52.0 11.01646962890625
53.0 18.19690439453125
54.0 10.827383984375
55.0 12.54929794921875
56.0 13.8255962890625
57.0 14.15811015625
58.0 14.09395634765625
59.0 10.18344921875
60.0 12.80913603515625
61.0 13.39311298828125
62.0 11.85095244140625
63.0 13.180979296875
64.0 15.1570283203125
65.0 12.51801259765625
66.0 13.47893955078125
67.0 14.75069033203125
68.0 13.64548916015625
69.0 13.39939755859375
70.0 12.0238791015625
71.0 13.36880849609375
72.0 13.37197666015625
73.0 12.13586376953125
74.0 14.4677255859375
75.0 14.09396357421875
76.0 15.23739111328125
77.0 12.576438671875
78.0 12.9778712890625
79.0 11.3934076171875
80.0 13.048659375
81.0 12.959634765625
82.0 10.34236416015625
83.0 13.5154099609375
84.0 12.36070595703125
85.0 16.61671513671875
86.0 13.9296275390625
87.0 11.88155859375
88.0 12.77840927734375
89.0 13.52683232421875
90.0 12.82387138671875
91.0 12.137553515625
92.0 9.561558203125
93.0 19.0284333984375
94.0 14.3407921875
95.0 12.14548212890625
96.0 13.98400126953125
97.0 11.87656201171875
98.0 14.43140654296875
99.0 13.32867841796875
100.0 13.04997099609375
101.0 14.36077080078125
102.0 14.80205029296875
103.0 14.7080103515625
104.0 12.210857421875
105.0 14.25952607421875
106.0 10.29153583984375
107.0 15.40681787109375
108.0 14.1696646484375
109.0 12.6538005859375
110.0 12.1320220703125
111.0 11.99595234375
112.0 12.08871533203125
113.0 10.31336220703125
114.0 5.59562275390625
115.0 9.7440876953125
116.0 11.2335595703125
117.0 12.02304951171875
118.0 10.80870634765625
119.0 12.9042134765625
120.0 10.047730078125
121.0 12.92425458984375
122.0 13.80371845703125
123.0 13.6221044921875
124.0 11.9223611328125
125.0 11.80667158203125
126.0 12.58393369140625
127.0 13.57210322265625
128.0 12.02340478515625
129.0 13.82295087890625
130.0 12.3849841796875
131.0 12.30001689453125
132.0 11.3874490234375
133.0 13.27243828125
134.0 13.4303685546875
135.0 11.7658392578125
136.0 11.62826669921875
137.0 13.28998203125
138.0 13.267096484375
139.0 12.38927333984375
140.0 12.64342734375
141.0 11.12358193359375
142.0 15.063683984375
143.0 13.88407900390625
144.0 11.0503330078125
145.0 12.2337115234375
146.0 12.6998041015625
147.0 12.11830322265625
148.0 12.55255673828125
149.0 12.4096857421875
150.0 12.17395625
151.0 12.34572744140625
152.0 13.8757466796875
153.0 13.739601171875
154.0 12.2901765625
155.0 14.01212373046875
156.0 14.2064263671875
157.0 13.95008818359375
158.0 12.88853046875
159.0 9.08367099609375
160.0 17.99094560546875
161.0 13.45669833984375
162.0 12.43460703125
163.0 13.578074609375
164.0 12.872979296875
165.0 12.80805361328125
166.0 14.424742578125
167.0 14.0960142578125
168.0 15.251344921875
169.0 13.47901455078125
170.0 14.54746298828125
171.0 13.49235146484375
172.0 13.01527685546875
173.0 14.27235390625
174.0 14.21410556640625
175.0 14.45644150390625
176.0 13.2967796875
177.0 10.34438935546875
178.0 15.89157021484375
179.0 11.863738671875
180.0 13.16785166015625
181.0 13.7547677734375
182.0 6.523269140625
183.0 20.60158349609375
184.0 14.27702099609375
185.0 13.7691625
186.0 13.9412095703125
187.0 13.5220802734375
188.0 14.586778125
189.0 13.62584765625
190.0 15.0699763671875
191.0 13.20629794921875
192.0 14.378668359375
193.0 13.9646009765625
194.0 13.70003984375
195.0 13.69931767578125
196.0 12.62183623046875
197.0 13.27270673828125
198.0 12.13618427734375
199.0 12.462255078125
200.0 13.491883203125
201.0 13.95951484375
202.0 12.6101587890625
203.0 10.013353515625
204.0 13.4567951171875
205.0 9.05777783203125
206.0 15.75404931640625
207.0 11.31031494140625
208.0 13.62521494140625
209.0 12.17428291015625
210.0 13.36675166015625
211.0 13.44900849609375
212.0 15.04789970703125
213.0 14.8555009765625
214.0 15.39716494140625
215.0 12.6362287109375
216.0 12.52638271484375
217.0 15.35826552734375
218.0 16.12217109375
219.0 13.20952998046875
220.0 14.76271357421875
221.0 13.91145
222.0 13.2158671875
223.0 13.2660396484375
224.0 16.004087890625
225.0 12.7712447265625
226.0 14.99534853515625
227.0 12.1245076171875
228.0 15.5242732421875
229.0 13.75231279296875
230.0 11.28332763671875
231.0 15.238687890625
232.0 12.51650341796875
233.0 13.0320974609375
234.0 13.7007041015625
235.0 12.97991708984375
236.0 12.364322265625
237.0 12.5908318359375
238.0 15.4789705078125
239.0 15.30668642578125
240.0 11.61646357421875
241.0 9.89782353515625
242.0 7.72354736328125
243.0 11.39727158203125
244.0 15.304606640625
245.0 11.7154498046875
246.0 14.2137734375
247.0 15.00248837890625
248.0 15.201302734375
249.0 14.19466171875
250.0 13.03615751953125
251.0 9.9755611328125
252.0 14.36173359375
253.0 13.0922513671875
254.0 12.7900322265625
255.0 14.73964921875
256.0 8.29397724609375
257.0 19.0343748046875
258.0 13.935818359375
259.0 13.48512451171875
260.0 15.859649609375
261.0 14.20474755859375
262.0 13.64890126953125
263.0 12.55408427734375
264.0 15.70573857421875
265.0 9.85425322265625
266.0 14.49470517578125
267.0 18.36808662109375
268.0 12.4513712890625
269.0 13.0872787109375
270.0 14.56053720703125
271.0 14.83697998046875
272.0 13.01805546875
273.0 12.59415908203125
274.0 14.226229296875
275.0 14.31057548828125
276.0 11.62472919921875
277.0 14.08058583984375
278.0 11.45212783203125
279.0 16.90724013671875
280.0 14.6095431640625
281.0 13.384324609375
282.0 13.72657841796875
283.0 12.6041001953125
284.0 14.138590625
285.0 11.90104521484375
286.0 13.96382099609375
287.0 13.49629345703125
288.0 13.8166228515625
289.0 12.7301712890625
290.0 13.66902255859375
291.0 14.3414123046875
292.0 14.0256171875
293.0 11.61738603515625
294.0 11.97423798828125
295.0 12.5453005859375
296.0 11.8047208984375
297.0 12.62373046875
298.0 13.81774423828125
299.0 13.758534375
300.0 12.82875087890625
301.0 14.90996171875
302.0 14.63286513671875
303.0 12.711297265625
304.0 14.03864091796875
305.0 15.08520615234375
306.0 15.47324609375
307.0 14.4294044921875
308.0 15.295432421875
309.0 14.80309052734375
310.0 14.94204853515625
311.0 14.15374404296875
312.0 12.52827216796875
313.0 13.1741705078125
314.0 15.52784345703125
315.0 14.07588193359375
316.0 10.5605416015625
317.0 16.85819033203125
318.0 15.840200390625
319.0 10.37556865234375
320.0 18.5860005859375
321.0 13.9344673828125
322.0 9.67355546875
323.0 17.27270576171875
324.0 14.5024015625
325.0 13.12760869140625
326.0 12.26427724609375
327.0 14.90591767578125
328.0 9.9450486328125
329.0 16.6643533203125
330.0 14.7143541015625
331.0 14.83535908203125
332.0 13.00532685546875
333.0 14.01199453125
334.0 14.84798662109375
335.0 13.78936611328125
336.0 13.50733251953125
337.0 12.87348212890625
338.0 13.94558515625
339.0 14.83982119140625
340.0 13.2207201171875
341.0 14.52547841796875
342.0 15.371128125
343.0 13.66735908203125
344.0 15.001537109375
345.0 15.75495068359375
346.0 14.696291796875
347.0 16.15606796875
348.0 16.733876171875
349.0 14.4174232421875
350.0 15.9125703125
351.0 15.05294970703125
352.0 15.7032615234375
353.0 12.8637751953125
354.0 10.39161669921875
355.0 23.53081708984375
356.0 15.50341240234375
357.0 14.62080576171875
358.0 14.04472412109375
359.0 13.6007337890625
360.0 14.99058232421875
361.0 15.35299453125
362.0 13.94431240234375
363.0 13.47770498046875
364.0 15.07245185546875
365.0 14.361417578125
366.0 14.203184765625
367.0 14.34367197265625
368.0 14.63322119140625
369.0 12.80716767578125
370.0 12.69687080078125
371.0 15.52961064453125
372.0 14.38243134765625
373.0 12.32369814453125
374.0 12.8520201171875
375.0 12.4411078125
376.0 13.334359765625
377.0 12.97675634765625
378.0 13.786579296875
379.0 15.01414912109375
380.0 13.7772158203125
381.0 14.170561328125
382.0 11.6192384765625
383.0 13.515878125
384.0 14.10119345703125
385.0 14.397676171875
386.0 11.561005859375
387.0 13.324498828125
388.0 12.947413671875
389.0 12.29828740234375
390.0 14.10191318359375
391.0 12.891571875
392.0 14.20445615234375
393.0 14.12910185546875
394.0 13.40609990234375
395.0 15.38335849609375
396.0 14.31308193359375
397.0 12.94719658203125
398.0 13.32826611328125
399.0 13.4599619140625
400.0 12.99379619140625
401.0 14.40026259765625
402.0 8.654946875
403.0 19.03617763671875
404.0 14.017935546875
405.0 13.26306943359375
406.0 15.7314458984375
407.0 14.128928515625
408.0 14.24837998046875
409.0 14.57022294921875
410.0 14.34855068359375
411.0 12.4267220703125
412.0 16.027215234375
413.0 14.24004365234375
414.0 13.83982783203125
415.0 12.54901826171875
416.0 14.09307431640625
417.0 14.82339140625
418.0 14.0892158203125
419.0 13.003246875
420.0 14.22770048828125
421.0 14.13394033203125
422.0 13.8262123046875
423.0 12.46012802734375
424.0 14.40976396484375
425.0 13.30290341796875
426.0 14.34355595703125
427.0 13.615539453125
428.0 15.25734091796875
429.0 14.48428681640625
430.0 12.38915419921875
431.0 14.357573828125
432.0 13.804606640625
433.0 13.800658203125
434.0 13.64266767578125
435.0 13.53581259765625
436.0 10.7819365234375
437.0 10.8234353515625
438.0 12.22980634765625
439.0 13.7544966796875
440.0 9.96958603515625
441.0 5.61575908203125
442.0 18.18673232421875
443.0 14.2860142578125
444.0 13.31609501953125
445.0 14.96634921875
446.0 14.4467419921875
447.0 14.581036328125
448.0 12.8669986328125
449.0 15.30975869140625
450.0 15.19601982421875
451.0 7.81636845703125
452.0 19.22999189453125
453.0 14.73175537109375
454.0 14.43604990234375
455.0 13.79839677734375
456.0 14.16314560546875
457.0 12.7445283203125
458.0 14.209508984375
459.0 14.35248037109375
460.0 13.1133794921875
461.0 8.68685029296875
462.0 8.2104970703125
463.0 7.72131591796875
464.0 12.95816923828125
465.0 13.19356513671875
466.0 10.836141015625
467.0 11.11135625
468.0 7.98794697265625
469.0 8.66091669921875
470.0 7.77383740234375
471.0 7.6332921875
472.0 8.119556640625
473.0 7.83439423828125
474.0 8.704983984375
475.0 8.29112822265625
476.0 8.86876025390625
477.0 8.9903685546875
478.0 8.3049208984375
479.0 15.07017197265625
480.0 15.28579560546875
481.0 14.0917302734375
482.0 15.6541484375
483.0 14.71109736328125
484.0 13.34830458984375
485.0 15.2590701171875
486.0 12.65915927734375
487.0 11.23975478515625
488.0 9.5261130859375
489.0 15.832657421875
490.0 9.01907783203125
491.0 15.51705751953125
492.0 17.24235869140625
493.0 12.5485033203125
494.0 11.28591650390625
495.0 14.85433583984375
496.0 14.8189974609375
497.0 13.91981181640625
498.0 13.46467568359375
499.0 13.84785185546875
500.0 13.77928759765625
501.0 15.6398162109375
502.0 16.16177236328125
503.0 16.03487919921875
504.0 15.54940615234375
505.0 14.6557361328125
506.0 15.5266638671875
507.0 14.56325634765625
508.0 15.88057587890625
509.0 13.3917396484375
510.0 14.8480541015625
511.0 15.74628134765625
512.0 13.701125
513.0 14.755734375
514.0 8.80939140625
515.0 18.13330341796875
516.0 14.06693544921875
517.0 15.30558037109375
518.0 14.98735078125
519.0 16.765514453125
520.0 16.01236005859375
521.0 9.7624380859375
522.0 14.92779072265625
523.0 19.35204345703125
524.0 15.1936615234375
525.0 11.65508671875
526.0 13.16940751953125
527.0 14.68185673828125
528.0 9.5266173828125
529.0 12.92540078125
530.0 12.86250751953125
531.0 16.4074060546875
532.0 16.150334375
533.0 16.1552140625
534.0 14.7277880859375
535.0 16.27068935546875
536.0 16.326162890625
537.0 14.6342890625
538.0 15.9257171875
539.0 11.4327673828125
540.0 16.1420927734375
541.0 15.24246591796875
542.0 14.88469716796875
543.0 16.03105908203125
544.0 15.79038173828125
545.0 13.06552236328125
546.0 14.27985341796875
547.0 17.26019482421875
548.0 15.4244259765625
549.0 12.63036103515625
550.0 16.11113330078125
551.0 13.72800009765625
552.0 16.09376064453125
553.0 16.22578173828125
554.0 14.87413779296875
555.0 16.71200546875
556.0 15.79276884765625
557.0 14.35019482421875
558.0 16.54294326171875
559.0 13.70883154296875
560.0 13.9998099609375
561.0 14.77688125
562.0 15.39860400390625
563.0 14.61494189453125
564.0 15.253006640625
565.0 16.6198578125
566.0 14.065433984375
567.0 16.3791478515625
568.0 14.59804150390625
569.0 13.7348103515625
570.0 11.087210546875
571.0 12.53117177734375
572.0 15.617914453125
573.0 15.39453994140625
574.0 15.5350591796875
575.0 14.343830859375
576.0 10.99005859375
577.0 19.8500412109375
578.0 13.4924974609375
579.0 15.41501611328125
580.0 9.8108759765625
581.0 7.5183828125
582.0 19.1942560546875
583.0 9.3731599609375
584.0 8.89883720703125
585.0 9.42841005859375
586.0 15.34530966796875
587.0 15.57265419921875
588.0 15.21622568359375
589.0 14.42906826171875
590.0 4.722314453125
591.0 16.18563095703125
592.0 14.24742880859375
593.0 15.31508017578125
594.0 14.579008203125
595.0 16.4755583984375
596.0 13.60336650390625
597.0 8.90074775390625
598.0 8.667734765625
599.0 8.58823583984375
600.0 5.869849609375
601.0 10.7464263671875
602.0 15.9189935546875
603.0 15.82012080078125
604.0 13.87641982421875
605.0 16.14235810546875
606.0 15.1571037109375
607.0 15.1650048828125
608.0 15.60898955078125
609.0 14.0650662109375
610.0 15.17013291015625
611.0 14.7064072265625
612.0 15.09259208984375
613.0 11.21811708984375
614.0 13.93411806640625
615.0 14.26763466796875
616.0 14.54373740234375
617.0 12.030869921875
618.0 8.61006826171875
619.0 10.16420166015625
620.0 14.50233447265625
621.0 4.630620703125
622.0 7.76727412109375
623.0 12.2081607421875
624.0 14.2508076171875
625.0 12.006057421875
626.0 14.599253515625
627.0 11.7165044921875
628.0 12.3489404296875
629.0 13.74639599609375
630.0 15.18176552734375
631.0 6.76701015625
632.0 13.14005693359375
633.0 15.16096953125
634.0 12.73978369140625
635.0 14.9592185546875
636.0 14.07039267578125
637.0 11.81986494140625
638.0 10.16790068359375
639.0 12.3481646484375
640.0 13.4681658203125
641.0 10.411225
642.0 10.29497421875
643.0 15.3495736328125
644.0 14.49621142578125
645.0 14.99664873046875
646.0 13.73386494140625
647.0 14.288427734375
648.0 13.05123388671875
649.0 14.4101736328125
650.0 14.1128390625
651.0 13.0506052734375
652.0 15.1779013671875
653.0 13.46479873046875
654.0 16.148717578125
655.0 14.1619171875
656.0 15.8112736328125
657.0 15.6024166015625
658.0 14.50000791015625
659.0 14.0360447265625
660.0 12.96011298828125
661.0 18.00908046875
662.0 9.6601935546875
663.0 11.2165544921875
664.0 21.0505990234375
665.0 15.550741796875
666.0 14.3036890625
667.0 16.05667216796875
668.0 15.56990693359375
669.0 15.40069990234375
670.0 13.53061591796875
671.0 13.28568974609375
672.0 13.239702734375
673.0 10.66925498046875
674.0 18.68064921875
675.0 14.21491494140625
676.0 12.8757755859375
677.0 14.8148216796875
678.0 14.93253515625
679.0 15.19943310546875
680.0 13.25603291015625
681.0 11.23738564453125
682.0 19.35867568359375
683.0 15.21414775390625
684.0 16.59702783203125
685.0 14.67676640625
686.0 13.77436005859375
687.0 14.759717578125
688.0 14.28385947265625
689.0 15.42907998046875
690.0 14.64099853515625
691.0 16.30534912109375
692.0 15.80050888671875
693.0 14.1509609375
694.0 14.0184857421875
695.0 13.7703234375
696.0 13.9756625
697.0 15.0105859375
698.0 13.7153107421875
699.0 15.39934912109375
700.0 15.721887890625
701.0 15.319187890625
702.0 12.72739169921875
703.0 13.529478125
704.0 13.859053515625
705.0 12.39266708984375
706.0 18.43744755859375
707.0 12.994720703125
708.0 15.57780078125
709.0 14.95191953125
710.0 16.79891474609375
711.0 17.8964369140625
712.0 16.00621875
713.0 15.38656162109375
714.0 15.2751810546875
715.0 13.42308310546875
716.0 15.95952666015625
717.0 16.34855595703125
718.0 14.26984599609375
719.0 13.71302333984375
720.0 14.9250509765625
721.0 15.040794921875
722.0 13.08349345703125
723.0 13.2359072265625
724.0 14.3626130859375
725.0 11.96881591796875
726.0 15.8929353515625
727.0 13.72531962890625
728.0 13.1947447265625
729.0 13.378487890625
730.0 13.63130986328125
731.0 12.85521083984375
732.0 15.220571484375
733.0 14.82875458984375
734.0 15.47191640625
735.0 14.01490087890625
736.0 14.62463544921875
737.0 14.1277119140625
738.0 12.25869189453125
739.0 14.11613349609375
740.0 14.85756591796875
741.0 13.6804685546875
742.0 14.88504560546875
743.0 14.31938681640625
744.0 15.1472306640625
745.0 14.15211689453125
746.0 14.983841015625
747.0 13.97474912109375
748.0 13.92378486328125
749.0 15.0451
750.0 14.9916771484375
751.0 15.1412173828125
752.0 13.9764048828125
753.0 14.463383984375
754.0 15.41985546875
755.0 13.4494259765625
756.0 14.98634833984375
757.0 14.428191015625
758.0 13.85551240234375
759.0 15.3957484375
760.0 14.7378478515625
761.0 11.24657490234375
762.0 15.70690126953125
763.0 13.71652724609375
764.0 14.58333701171875
765.0 12.508473828125
766.0 14.59937919921875
767.0 15.0239587890625
768.0 14.31837734375
769.0 11.7336138671875
770.0 13.7828130859375
771.0 13.4587771484375
772.0 12.95087802734375
773.0 13.32021416015625
774.0 13.67511005859375
775.0 13.80172880859375
776.0 12.36275576171875
777.0 13.67983076171875
778.0 13.14727880859375
779.0 12.33857529296875
780.0 13.89662626953125
781.0 13.124946484375
782.0 9.7335314453125
783.0 15.40436611328125
784.0 13.30366171875
785.0 16.189683203125
786.0 13.528025390625
787.0 13.83616796875
788.0 13.82631533203125
789.0 12.13441796875
790.0 13.25349091796875
791.0 12.1664373046875
792.0 13.88153251953125
793.0 12.4061490234375
794.0 13.30753984375
795.0 12.76694169921875
796.0 12.1543142578125
797.0 13.291834765625
798.0 14.65074833984375
799.0 15.198951171875
