0.0 13.387774609375
1.0 14.15564091796875
2.0 13.85096103515625
3.0 12.7137197265625
4.0 12.50905029296875
5.0 13.90990126953125
6.0 13.90175380859375
7.0 11.25228173828125
8.0 15.38434716796875
9.0 6.4982416015625
10.0 17.52894345703125
11.0 13.95348515625
12.0 12.9368953125
13.0 11.91655224609375
14.0 14.3829607421875
15.0 13.93329580078125
16.0 12.98758505859375
17.0 15.00431611328125
18.0 12.3975146484375
19.0 14.13784580078125
20.0 13.8259953125
21.0 13.90778837890625
22.0 12.3327240234375
23.0 13.9693015625
24.0 13.5322798828125
25.0 9.5779083984375
26.0 17.1727974609375
27.0 14.170758203125
28.0 9.51886083984375
29.0 16.83378515625
30.0 12.4462599609375
31.0 13.757907421875
32.0 10.77597666015625
33.0 15.7552291015625
34.0 13.82828095703125
35.0 11.8960580078125
36.0 13.7053197265625
37.0 13.77965849609375
38.0 13.9161478515625
39.0 9.82516337890625
40.0 14.4620189453125
41.0 13.77529443359375
42.0 10.24253212890625
43.0 18.0760212890625
44.0 14.219696875
45.0 14.01069521484375
46.0 12.8891484375
47.0 12.62466005859375
48.0 12.09042109375
49.0 12.750963671875
50.0 14.5703537109375
51.0 14.87930927734375
52.0 14.22664736328125
53.0 12.1899046875
54.0 14.211478515625
55.0 13.36122646484375
56.0 13.891341015625
57.0 13.0802947265625
58.0 14.2773595703125
59.0 14.0265333984375
60.0 12.3462076171875
61.0 13.89721171875
62.0 13.939646875
63.0 12.790944921875
64.0 13.3634873046875
65.0 11.8301330078125
66.0 14.39273671875
67.0 12.5024416015625
68.0 14.1045298828125
69.0 11.68433701171875
70.0 14.0883701171875
71.0 12.16005703125
72.0 14.2826244140625
73.0 13.0060953125
74.0 13.88982861328125
75.0 13.03492666015625
76.0 13.46036123046875
77.0 14.912832421875
78.0 14.97635625
79.0 13.52932861328125
80.0 14.20945439453125
81.0 14.80577119140625
82.0 12.09826689453125
83.0 13.26983515625
84.0 14.01702451171875
85.0 13.96804150390625
86.0 12.5851697265625
87.0 13.5880306640625
88.0 13.34975009765625
89.0 11.51169951171875
90.0 8.26795048828125
91.0 8.414033984375
92.0 13.2133802734375
93.0 13.58324853515625
94.0 13.2306580078125
95.0 11.80064072265625
96.0 13.70442197265625
97.0 13.76704091796875
98.0 12.99300419921875
99.0 12.89692890625
100.0 12.428648828125
101.0 13.51842509765625
102.0 13.61887431640625
103.0 13.39143408203125
104.0 12.6388353515625
105.0 13.07405
106.0 12.3483546875
107.0 14.04921259765625
108.0 12.7415771484375
109.0 14.65594521484375
110.0 14.22989150390625
111.0 12.964222265625
112.0 15.20096982421875
113.0 14.1394232421875
114.0 14.902473046875
115.0 12.6532103515625
116.0 14.04322939453125
117.0 13.47354404296875
118.0 13.7755845703125
119.0 13.3423421875
120.0 12.84105029296875
121.0 13.9251603515625
122.0 9.9362400390625
123.0 17.18339521484375
124.0 12.36000654296875
125.0 13.7258466796875
126.0 12.62332255859375
127.0 14.01903310546875
128.0 12.2260685546875
129.0 13.96158291015625
130.0 13.62341796875
131.0 14.14017314453125
132.0 12.23229677734375
133.0 14.01821533203125
134.0 13.74978857421875
135.0 12.196692578125
136.0 13.54688173828125
137.0 13.84424814453125
138.0 12.6888919921875
139.0 13.1244353515625
140.0 12.5433423828125
141.0 11.066903125
142.0 14.3003083984375
143.0 14.4327630859375
144.0 13.78520966796875
145.0 12.44693232421875
146.0 13.56692041015625
147.0 13.214365625
148.0 11.47143515625
149.0 13.4204419921875
150.0 13.73583125
151.0 13.3755482421875
152.0 12.42809169921875
153.0 13.84385
154.0 13.64779423828125
155.0 13.91439365234375
156.0 12.55078564453125
157.0 13.21886103515625
158.0 13.6204859375
159.0 11.66489267578125
160.0 14.24377333984375
161.0 13.8240986328125
162.0 13.94351884765625
163.0 12.17617626953125
164.0 13.95238662109375
165.0 13.6140884765625
166.0 12.66700673828125
167.0 13.51810224609375
168.0 13.60984345703125
169.0 13.957115625
170.0 12.50553916015625
171.0 13.55885283203125
172.0 13.68336591796875
173.0 12.965527734375
174.0 13.8871322265625
175.0 12.24767099609375
176.0 13.83121220703125
177.0 13.020644921875
178.0 13.562653515625
179.0 12.385786328125
180.0 14.172634765625
181.0 13.21828310546875
182.0 12.6509287109375
183.0 13.88495810546875
184.0 14.37353857421875
185.0 13.00465966796875
186.0 14.68635654296875
187.0 13.0973955078125
188.0 13.456480859375
189.0 13.32590361328125
190.0 12.18307119140625
191.0 13.46896767578125
192.0 13.4268345703125
193.0 12.3924291015625
194.0 13.86035
195.0 13.79203515625
196.0 13.30173603515625
197.0 12.06068173828125
198.0 13.4144578125
199.0 13.4534494140625
200.0 12.617487109375
201.0 13.7032685546875
202.0 13.67349423828125
203.0 13.91608994140625
204.0 11.93332802734375
205.0 13.903990625
206.0 13.96475185546875
207.0 12.3751439453125
208.0 14.016378515625
209.0 13.95025947265625
210.0 13.93376884765625
211.0 12.01859951171875
212.0 13.9417306640625
213.0 14.0293109375
214.0 14.10224873046875
215.0 12.68788662109375
216.0 13.9491904296875
217.0 14.6548529296875
218.0 12.38025283203125
219.0 14.315854296875
220.0 14.06784990234375
221.0 12.62270546875
222.0 13.0531470703125
223.0 13.76748701171875
224.0 15.716341015625
225.0 15.273681640625
226.0 14.6067228515625
227.0 12.654567578125
228.0 15.01944580078125
229.0 14.0125708984375
230.0 13.18281044921875
231.0 14.8188478515625
232.0 14.28088173828125
233.0 13.51976123046875
234.0 12.5300708984375
235.0 14.6611541015625
236.0 14.32895546875
237.0 12.52392626953125
238.0 14.21697314453125
239.0 15.06041083984375
240.0 13.55126591796875
241.0 12.02637333984375
242.0 12.98489951171875
243.0 14.26235205078125
244.0 13.9386369140625
245.0 12.4552431640625
246.0 10.32622509765625
247.0 13.0062564453125
248.0 14.05380771484375
249.0 12.6364642578125
250.0 14.428922265625
251.0 13.5534396484375
252.0 11.59317509765625
253.0 14.39296181640625
254.0 14.56205439453125
255.0 13.51072138671875
256.0 12.63384599609375
257.0 13.52859970703125
258.0 13.8514353515625
259.0 12.78204287109375
260.0 12.796748046875
261.0 14.04646298828125
262.0 14.63111083984375
263.0 13.38723583984375
264.0 14.59890322265625
265.0 15.44331767578125
266.0 12.23373486328125
267.0 15.21028076171875
268.0 13.62859609375
269.0 14.50399541015625
270.0 12.228977734375
271.0 14.79600703125
272.0 15.59656484375
273.0 14.02395390625
274.0 16.70370732421875
275.0 16.051326953125
276.0 11.49208515625
277.0 19.27357685546875
278.0 14.87273984375
279.0 15.49827529296875
280.0 14.5130572265625
281.0 13.44785712890625
282.0 15.0592939453125
283.0 16.05460556640625
284.0 14.52334638671875
285.0 12.53075478515625
286.0 11.425807421875
287.0 20.4945876953125
288.0 14.26419833984375
289.0 16.26693408203125
290.0 15.1459234375
291.0 13.6547517578125
292.0 16.39372978515625
293.0 14.4245234375
294.0 10.31112705078125
295.0 10.595294140625
296.0 13.0330435546875
297.0 11.42448359375
298.0 10.310113671875
299.0 9.540121875
300.0 12.28890498046875
301.0 13.676453125
302.0 12.81510869140625
303.0 13.91373212890625
304.0 14.49083095703125
305.0 11.7081390625
306.0 10.8237853515625
307.0 14.33036083984375
308.0 13.95664814453125
309.0 11.51858564453125
310.0 10.79742666015625
311.0 13.29705810546875
312.0 13.731315234375
313.0 12.3624248046875
314.0 14.06368720703125
315.0 12.88362412109375
316.0 13.304716015625
317.0 12.93027724609375
318.0 14.27089130859375
319.0 14.04401435546875
320.0 13.26406044921875
321.0 14.0480474609375
322.0 12.8558857421875
323.0 13.96014931640625
324.0 13.29963583984375
325.0 14.13215361328125
326.0 15.080071875
327.0 13.91311220703125
328.0 14.79937353515625
329.0 13.507068359375
330.0 11.53938935546875
331.0 14.06093974609375
332.0 13.15803828125
333.0 12.034662890625
334.0 12.1203537109375
335.0 13.76140126953125
336.0 13.863197265625
337.0 12.29312783203125
338.0 13.1852158203125
339.0 12.96449267578125
340.0 9.64304423828125
341.0 13.27678193359375
342.0 13.7185509765625
343.0 13.9451041015625
344.0 12.82542001953125
345.0 13.7995236328125
346.0 13.60595771484375
347.0 12.5195482421875
348.0 15.127088671875
349.0 14.44226455078125
350.0 14.252669140625
351.0 13.8523126953125
352.0 12.60807109375
353.0 15.12538408203125
354.0 14.3233005859375
355.0 15.143474609375
356.0 13.367209765625
357.0 13.9683052734375
358.0 11.9187916015625
359.0 13.16994423828125
360.0 11.3972080078125
361.0 13.37903837890625
362.0 13.3286251953125
363.0 13.21722861328125
364.0 12.23149453125
365.0 13.039790625
366.0 12.36603388671875
367.0 13.33197451171875
368.0 13.09186767578125
369.0 12.1055650390625
370.0 12.16563046875
371.0 14.033552734375
372.0 13.51985166015625
373.0 9.597902734375
374.0 18.31971708984375
375.0 9.676547265625
376.0 17.38089345703125
377.0 15.234325390625
378.0 10.1835697265625
379.0 16.90842275390625
380.0 13.41317333984375
381.0 13.175041015625
382.0 13.29434541015625
383.0 9.91637255859375
384.0 11.510029296875
385.0 14.81890439453125
386.0 11.6777513671875
387.0 13.76235126953125
388.0 13.59279033203125
389.0 14.50127763671875
390.0 14.5168388671875
391.0 14.25808017578125
392.0 9.35126728515625
393.0 14.35288056640625
394.0 14.32349638671875
395.0 14.3996724609375
396.0 12.86070380859375
397.0 14.46808212890625
398.0 13.98813671875
399.0 8.30931953125
400.0 13.04020390625
401.0 15.16791787109375
402.0 14.5485158203125
403.0 12.79518984375
404.0 13.67638271484375
405.0 12.92522021484375
406.0 15.133007421875
407.0 5.21170263671875
408.0 21.64181279296875
409.0 14.88938115234375
410.0 14.15566435546875
411.0 13.8169443359375
412.0 14.9839439453125
413.0 14.35378994140625
414.0 12.8596458984375
415.0 14.32507783203125
416.0 13.81038671875
417.0 14.3858552734375
418.0 13.19942529296875
419.0 15.06345634765625
420.0 14.59347333984375
421.0 12.9427541015625
422.0 12.88760615234375
423.0 13.71084189453125
424.0 13.6981017578125
425.0 12.86656328125
426.0 13.3502603515625
427.0 13.48445009765625
428.0 12.25509912109375
429.0 13.6721466796875
430.0 13.631055078125
431.0 14.041440234375
432.0 11.09597451171875
433.0 15.5039359375
434.0 13.29271650390625
435.0 13.88789697265625
436.0 15.8665791015625
437.0 15.2092451171875
438.0 15.89657490234375
439.0 13.86646923828125
440.0 10.21942431640625
441.0 18.3183767578125
442.0 8.842344140625
443.0 15.20409443359375
444.0 12.7548779296875
445.0 11.25137685546875
446.0 13.57705654296875
447.0 12.119966796875
448.0 12.4270986328125
449.0 13.52291962890625
450.0 9.40609794921875
451.0 17.1412376953125
452.0 13.0295015625
453.0 12.69613046875
454.0 11.99168369140625
455.0 14.2361669921875
456.0 14.31231884765625
457.0 13.38366748046875
458.0 14.35649599609375
459.0 13.74544833984375
460.0 13.80518232421875
461.0 11.598083984375
462.0 13.6496802734375
463.0 12.949594921875
464.0 9.79973798828125
465.0 14.2001703125
466.0 13.73154072265625
467.0 13.3439453125
468.0 12.3395705078125
469.0 13.37731357421875
470.0 12.695737890625
471.0 13.403665625
472.0 11.86425146484375
473.0 14.312771875
474.0 12.1159052734375
475.0 13.8769822265625
476.0 14.2495259765625
477.0 12.60410302734375
478.0 13.83914580078125
479.0 13.93389287109375
480.0 9.73231962890625
481.0 12.68222109375
482.0 13.9441791015625
483.0 13.7838837890625
484.0 12.69046533203125
485.0 13.8040716796875
486.0 14.7314748046875
487.0 12.80133408203125
488.0 14.48437890625
489.0 11.80112451171875
490.0 13.6042421875
491.0 13.8349986328125
492.0 13.75954130859375
493.0 12.0766958984375
494.0 13.32546484375
495.0 13.48120986328125
496.0 14.0997361328125
497.0 12.651761328125
498.0 13.81275595703125
499.0 14.02949541015625
500.0 12.45503583984375
501.0 13.8514982421875
502.0 13.89993974609375
503.0 14.10660029296875
504.0 12.5021521484375
505.0 12.97613486328125
506.0 13.82348388671875
507.0 13.27002783203125
508.0 12.172676953125
509.0 13.482220703125
510.0 13.85101533203125
511.0 14.09472333984375
512.0 12.2510287109375
513.0 14.07569765625
514.0 13.3569267578125
515.0 13.11203173828125
516.0 13.62954375
517.0 12.97322998046875
518.0 13.8746310546875
519.0 12.1794552734375
520.0 13.38765400390625
521.0 13.95528759765625
522.0 12.29640634765625
523.0 13.73889658203125
524.0 13.41555673828125
525.0 13.7784513671875
526.0 8.39147353515625
527.0 17.06396435546875
528.0 12.75235166015625
529.0 13.75802880859375
530.0 13.82888916015625
531.0 9.921430859375
532.0 16.3118962890625
533.0 13.857062109375
534.0 13.44687724609375
535.0 12.5287044921875
536.0 11.08336201171875
537.0 13.57141142578125
538.0 12.5855470703125
539.0 13.90189560546875
540.0 13.74545791015625
541.0 13.6093126953125
542.0 12.2824845703125
543.0 13.75445341796875
544.0 12.6462056640625
545.0 13.83043564453125
546.0 14.05055126953125
547.0 13.76415751953125
548.0 12.3545533203125
549.0 13.43424501953125
550.0 13.5227357421875
551.0 12.33161484375
552.0 13.93601083984375
553.0 14.168106640625
554.0 13.7783208984375
555.0 12.476935546875
556.0 14.0713580078125
557.0 13.7046462890625
558.0 13.78860859375
559.0 12.53247080078125
560.0 14.23624619140625
561.0 13.7655822265625
562.0 13.301595703125
563.0 12.535436328125
564.0 13.91598916015625
565.0 13.91579853515625
566.0 12.31034833984375
567.0 13.77029169921875
568.0 13.269397265625
569.0 12.69893671875
570.0 14.402408984375
571.0 13.937116796875
572.0 14.2970810546875
573.0 12.83341142578125
574.0 13.03224990234375
575.0 13.9991099609375
576.0 7.498610546875
577.0 19.91881416015625
578.0 12.7877966796875
579.0 13.77187705078125
580.0 14.0813771484375
581.0 13.21043115234375
582.0 12.83654345703125
583.0 14.40663291015625
584.0 14.71741689453125
585.0 13.6521853515625
586.0 15.43895810546875
587.0 14.05429921875
588.0 13.70608740234375
589.0 12.43629072265625
590.0 14.02540625
591.0 13.7663626953125
592.0 13.8663748046875
593.0 12.5225248046875
594.0 13.7812607421875
595.0 13.58625107421875
596.0 12.33365771484375
597.0 13.8066603515625
598.0 13.36543427734375
599.0 13.232880078125
600.0 13.47879599609375
601.0 12.38945185546875
602.0 13.59925478515625
603.0 13.64683291015625
604.0 14.1430263671875
605.0 12.61210263671875
606.0 13.89657294921875
607.0 13.97928837890625
608.0 13.6915939453125
609.0 12.55434658203125
610.0 14.30581953125
611.0 13.4015775390625
612.0 12.29451123046875
613.0 13.63774208984375
614.0 14.25806357421875
615.0 14.10689521484375
616.0 12.8121595703125
617.0 14.2445193359375
618.0 10.09676025390625
619.0 17.55418916015625
620.0 13.91452236328125
621.0 12.5072431640625
622.0 13.7949052734375
623.0 13.91973173828125
624.0 13.99405234375
625.0 12.44614541015625
626.0 13.8569884765625
627.0 12.06250419921875
628.0 13.772859765625
629.0 12.1983080078125
630.0 14.3630115234375
631.0 13.8175712890625
632.0 12.48260341796875
633.0 13.45714052734375
634.0 13.753103515625
635.0 14.289280078125
636.0 12.43665185546875
637.0 14.02589150390625
638.0 14.396061328125
639.0 12.7364546875
640.0 13.71128427734375
641.0 13.7700244140625
642.0 13.78635048828125
643.0 12.717932421875
644.0 13.95401865234375
645.0 14.51976240234375
646.0 13.5571970703125
647.0 12.1097587890625
648.0 13.445716015625
649.0 13.35851728515625
650.0 12.3965919921875
651.0 10.33668388671875
652.0 17.274316015625
653.0 11.1038578125
654.0 13.7008904296875
655.0 14.17374130859375
656.0 13.94218525390625
657.0 10.27512265625
658.0 13.2895140625
659.0 13.89741650390625
660.0 12.17945537109375
661.0 13.29906875
662.0 13.697544140625
663.0 13.7045673828125
664.0 12.69699677734375
665.0 13.89727216796875
666.0 13.9147412109375
667.0 13.07806064453125
668.0 15.3681146484375
669.0 15.018573046875
670.0 9.686483984375
671.0 19.56652890625
672.0 14.39144423828125
673.0 14.2475921875
674.0 13.10347900390625
675.0 14.1845216796875
676.0 12.4666705078125
677.0 11.2321568359375
678.0 14.5480044921875
679.0 15.26285849609375
680.0 14.44712861328125
681.0 13.3660853515625
682.0 14.60908056640625
683.0 10.8620501953125
684.0 18.0721638671875
685.0 15.4419052734375
686.0 16.61126953125
687.0 14.273751171875
688.0 15.2762544921875
689.0 14.3767423828125
690.0 14.0817251953125
691.0 15.8546302734375
692.0 8.89760205078125
693.0 22.8022744140625
694.0 11.12912021484375
695.0 17.8660904296875
696.0 12.69276015625
697.0 14.2357453125
698.0 13.19608447265625
699.0 13.89128623046875
700.0 14.3108080078125
701.0 14.02067373046875
702.0 11.57754287109375
703.0 14.14001455078125
704.0 14.3390865234375
705.0 11.96332861328125
706.0 13.8525900390625
707.0 13.4654244140625
708.0 13.41940322265625
709.0 12.30253525390625
710.0 14.5085408203125
711.0 10.78065888671875
712.0 13.34750712890625
713.0 12.1701666015625
714.0 13.545591015625
715.0 14.3130322265625
716.0 13.1366673828125
717.0 14.66550673828125
718.0 14.34046015625
719.0 13.64248017578125
720.0 12.65786005859375
721.0 13.6648130859375
722.0 13.60600693359375
723.0 14.728271484375
724.0 13.95369013671875
725.0 14.71037890625
726.0 13.9996240234375
727.0 14.63103955078125
728.0 16.09356484375
729.0 13.29441552734375
730.0 15.03824130859375
731.0 15.38620126953125
732.0 13.99779130859375
733.0 9.2107978515625
734.0 16.51000703125
735.0 16.97299765625
736.0 15.975790234375
737.0 14.81220595703125
738.0 13.69185263671875
739.0 15.04331806640625
740.0 13.83326083984375
741.0 12.209384375
742.0 14.1533828125
743.0 13.64379375
744.0 14.091008203125
745.0 11.91808955078125
746.0 13.55172578125
747.0 13.64319970703125
748.0 12.119215234375
749.0 13.2272466796875
750.0 13.64337216796875
751.0 13.9465501953125
752.0 12.0635509765625
753.0 13.98684501953125
754.0 12.95097421875
755.0 12.0521296875
756.0 13.2497791015625
757.0 13.7830560546875
758.0 13.24623505859375
759.0 12.53019169921875
760.0 13.90691923828125
761.0 14.16882412109375
762.0 14.33120927734375
763.0 12.8377302734375
764.0 13.88000419921875
765.0 12.48967236328125
766.0 12.07192890625
767.0 13.4160751953125
768.0 14.54465634765625
769.0 9.0410251953125
770.0 16.144247265625
771.0 12.95687138671875
772.0 12.43506748046875
773.0 8.63672275390625
774.0 12.23103837890625
775.0 11.864907421875
776.0 12.76017705078125
777.0 14.06243173828125
778.0 14.0014966796875
779.0 11.79478916015625
780.0 11.78155546875
781.0 13.7393302734375
782.0 12.53080634765625
783.0 13.63191259765625
784.0 13.43999482421875
785.0 10.3839353515625
786.0 13.9839953125
787.0 13.29437890625
788.0 15.416865625
789.0 14.34519111328125
790.0 13.985279296875
791.0 10.87192568359375
792.0 13.20993671875
793.0 14.03236357421875
794.0 13.682790625
795.0 12.65874931640625
796.0 13.8614005859375
797.0 14.05530810546875
798.0 12.8588158203125
799.0 14.0054166015625
