661.715
149	1023	27	306.9	8.1	4.03906	9
148	1007	36	302.1	10.8	4.00781	9
147	954	82	286.201	24.6	2.11719	9
146	933	96	279.901	28.8	3.88281	9
145	910	112	273.001	33.6	1.21094	9
144	885	130	265.501	39	2.15625	9
143	859	149	257.702	44.6999	5.60156	9
142	844	157	253.202	47.0999	4.51562	9
141	828	166	248.402	49.7999	4.42969	9
140	813	174	243.902	52.1999	4.94531	9
139	798	182	239.402	54.5999	4.69531	9
138	765	208	229.502	62.3999	2.57031	9
137	733	233	219.901	69.8999	2.36719	9
136	706	253	211.801	75.9	7.79688	9
135	681	271	204.301	81.3001	3.875	9
134	662	283	198.601	84.9001	4.39844	9
133	642	296	192.601	88.8001	4.59375	9
132	630	301	189.001	90.3002	8.14062	9
131	617	307	185.101	92.1002	9.45312	9
130	591	326	177.301	97.8002	2.57031	9
129	571	339	171.301	101.7	3.80469	9
128	557	346	167.101	103.8	5.94531	9
127	542	354	162.601	106.2	6.03906	9
126	522	367	156.601	110.1	5.10156	9
125	508	374	152.401	112.2	4.09375	9
124	493	382	147.901	114.6	4.94531	9
123	478	390	143.401	117	4.57812	9
122	464	397	139.201	119.1	7.64062	9
121	445	409	133.501	122.7	4.95312	9
120	430	417	129.001	125.101	4.625	9
119	416	424	124.801	127.201	5.03906	9
118	401	432	120.3	129.601	4.00781	9
117	383	443	114.9	132.901	8.21094	9
116	369	450	110.7	135.001	4.66406	9
115	355	457	106.5	137.101	4.625	9
114	341	464	102.3	139.201	4.92188	9
113	327	471	98.1002	141.301	4.60156	9
112	314	477	94.2002	143.101	5.28125	9
111	301	483	90.3002	144.901	4.875	9
110	287	490	86.1001	147.001	5.00781	9
109	273	497	81.9001	149.101	4.96094	9
108	259	504	77.7	151.201	5.05469	9
107	245	511	73.5	153.301	5.17188	9
106	231	518	69.2999	155.401	5.00781	9
105	217	525	65.0999	157.501	5.15625	9
104	203	532	60.8999	159.601	5.53125	9
103	191	537	57.2999	161.101	5.07812	9
102	178	543	53.3999	162.901	5.33594	9
101	165	549	49.4999	164.701	5.22656	9
100	149	558	44.6999	167.401	4.85938	9
99	135	565	40.4999	169.501	3.40625	9
98	121	572	36.3	171.601	4.99219	9
97	108	578	32.4	173.401	5.36719	9
96	94	585	28.2	175.501	5.01562	9
95	80	592	24	177.601	4.67969	8
94	69	596	20.7	178.801	4.95312	8
93	59	599	17.7	179.701	9.33594	8
92	49	602	14.7	180.601	5.08594	7
91	44	600	13.2	180.001	9.57812	3
90	44	593	13.2	177.901	9.57812	3
89	44	586	13.2	175.801	9.57812	3
88	44	579	13.2	173.701	9.57812	3
87	44	572	13.2	171.601	9.57812	3
86	44	565	13.2	169.501	9.57812	3
85	44	558	13.2	167.401	9.57812	3
84	44	551	13.2	165.301	9.57812	3
83	44	544	13.2	163.201	9.57812	3
82	44	537	13.2	161.101	9.57812	3
81	44	530	13.2	159.001	9.57812	3
80	44	523	13.2	156.901	9.57812	3
79	44	516	13.2	154.801	9.57812	3
78	44	509	13.2	152.701	9.57812	3
77	44	502	13.2	150.601	9.57812	3
76	44	495	13.2	148.501	9.57812	3
75	44	488	13.2	146.401	9.57812	3
74	44	481	13.2	144.301	9.57812	3
73	44	474	13.2	142.201	9.57812	3
72	44	467	13.2	140.101	9.57812	3
71	44	460	13.2	138.001	9.57812	3
70	44	453	13.2	135.901	9.57812	3
69	44	446	13.2	133.801	9.57812	3
68	44	439	13.2	131.701	9.57812	3
67	44	432	13.2	129.601	9.57812	3
66	44	425	13.2	127.501	9.57812	3
65	44	418	13.2	125.401	9.57812	3
64	44	411	13.2	123.3	9.57812	3
63	44	404	13.2	121.2	9.57812	3
62	44	397	13.2	119.1	9.57812	3
61	44	390	13.2	117	9.57812	3
60	44	383	13.2	114.9	9.57812	3
59	44	376	13.2	112.8	9.57812	3
58	44	369	13.2	110.7	9.57812	3
57	44	362	13.2	108.6	9.57812	3
56	44	355	13.2	106.5	9.57812	3
55	44	348	13.2	104.4	9.57812	3
54	44	341	13.2	102.3	9.57812	3
53	44	334	13.2	100.2	9.57812	3
52	44	327	13.2	98.1002	9.57812	3
51	44	320	13.2	96.0002	9.57812	3
50	44	313	13.2	93.9002	9.57812	3
49	44	306	13.2	91.8002	9.57812	3
48	44	299	13.2	89.7001	9.57812	3
47	44	292	13.2	87.6001	9.57812	3
46	44	285	13.2	85.5001	9.57812	3
45	44	278	13.2	83.4001	9.57812	3
44	44	271	13.2	81.3001	9.57812	3
43	44	264	13.2	79.2	9.57812	3
42	44	257	13.2	77.1	9.57812	3
41	44	250	13.2	75	9.57812	3
40	44	243	13.2	72.9	9.57812	3
39	44	236	13.2	70.8	9.57812	3
38	44	229	13.2	68.6999	9.57812	3
37	44	222	13.2	66.5999	9.57812	3
36	44	215	13.2	64.4999	9.57812	3
35	44	208	13.2	62.3999	9.57812	3
34	44	201	13.2	60.2999	9.57812	3
33	44	194	13.2	58.1999	9.57812	3
32	44	187	13.2	56.0999	9.57812	3
31	44	180	13.2	53.9999	9.57812	3
30	44	173	13.2	51.8999	9.57812	3
29	44	166	13.2	49.7999	9.57812	3
28	44	159	13.2	47.6999	9.57812	3
27	44	152	13.2	45.5999	9.57812	3
26	44	145	13.2	43.4999	9.57812	3
25	44	138	13.2	41.3999	9.57812	3
24	44	131	13.2	39.2999	9.57812	3
23	44	124	13.2	37.2	9.57812	3
22	44	117	13.2	35.1	9.57812	3
21	44	110	13.2	33	9.57812	3
20	44	103	13.2	30.9	9.57812	3
19	44	96	13.2	28.8	9.57812	3
18	44	89	13.2	26.7	9.57812	3
17	44	82	13.2	24.6	9.57812	3
16	44	75	13.2	22.5	9.57812	3
15	44	68	13.2	20.4	9.57812	3
14	44	61	13.2	18.3	9.57812	3
13	44	54	13.2	16.2	9.57812	3
12	44	47	13.2	14.1	9.57812	3
11	44	40	13.2	12	9.57812	3
10	44	33	13.2	9.9	9.57812	3
9	44	26	13.2	7.8	9.57812	3
8	44	19	13.2	5.7	9.57812	4
7	39	17	11.7	5.1	4.64844	4
6	36	13	10.8	3.9	4.71094	4
5	34	8	10.2	2.4	4.71094	4
4	27	8	8.1	2.4	1.89844	4
3	17	11	5.1	3.3	1.24219	4
2	10	11	3	3.3	2.36719	4
1	2	12	0.6	3.6	1.35156	1
0	1	6	0.3	1.8	1.35156	1

