592.95
149	1041	8	312.3	2.4	3.41406	9
148	1022	20	306.6	6	3.19531	9
147	1001	34	300.3	10.2	3.14844	9
146	980	48	294	14.4	2.53906	9
145	959	62	287.701	18.6	3.28906	9
144	938	76	281.401	22.8	3.39844	9
143	916	91	274.801	27.3	3.44531	9
142	896	104	268.801	31.2	3.44531	9
141	875	118	262.502	35.4	3.34375	9
140	854	132	256.202	39.5999	3.28906	9
139	832	147	249.602	44.0999	3.38281	9
138	811	161	243.302	48.2999	3.46094	9
137	791	174	237.302	52.1999	3.29688	9
136	771	187	231.302	56.0999	3.29688	9
135	749	202	224.702	60.5999	3.38281	9
134	728	216	218.401	64.7999	3.38281	9
133	711	226	213.301	67.7999	5.1875	9
132	691	239	207.301	71.7	7.125	9
131	669	254	200.701	76.2	3.28906	9
130	649	267	194.701	80.1001	7.4375	9
129	625	284	187.501	85.2001	5.92969	9
128	603	299	180.901	89.7001	3.28125	9
127	585	310	175.501	93.0002	7.75781	9
126	563	325	168.901	97.5002	7.72656	9
125	544	337	163.201	101.1	3.23438	9
124	523	351	156.901	105.3	3.4375	9
123	502	365	150.601	109.5	3.40625	9
122	482	378	144.601	113.4	3.17969	9
121	462	391	138.601	117.3	2.71875	9
120	441	405	132.301	121.5	3.35156	9
119	424	415	127.201	124.501	6.84375	9
118	404	428	121.2	128.401	6.82812	9
117	380	445	114	133.501	3.375	9
116	360	458	108	137.401	3.375	9
115	340	471	102	141.301	2.8125	9
114	320	484	96.0002	145.201	3.29688	9
113	299	498	89.7001	149.401	2.57031	9
112	279	511	83.7001	153.301	6.02344	9
111	259	524	77.7	157.201	3.375	9
110	239	537	71.7	161.101	3.41406	9
109	218	551	65.3999	165.301	3.34375	9
108	199	563	59.6999	168.901	3.49219	9
107	178	577	53.3999	173.101	3.375	9
106	159	589	47.6999	176.701	3.38281	9
105	141	600	42.2999	180.001	6.00781	9
104	118	616	35.4	184.801	3.35156	9
103	101	626	30.3	187.801	7.875	3
102	101	619	30.3	185.701	7.875	3
101	101	612	30.3	183.601	7.875	3
100	101	605	30.3	181.501	7.875	3
99	101	598	30.3	179.401	7.875	3
98	101	591	30.3	177.301	7.875	3
97	101	584	30.3	175.201	7.875	3
96	101	577	30.3	173.101	7.875	3
95	101	570	30.3	171.001	7.875	3
94	101	563	30.3	168.901	7.875	3
93	101	556	30.3	166.801	7.875	3
92	101	549	30.3	164.701	7.875	3
91	101	542	30.3	162.601	7.875	3
90	101	535	30.3	160.501	7.875	3
89	101	528	30.3	158.401	7.875	3
88	101	521	30.3	156.301	7.875	3
87	101	514	30.3	154.201	7.875	3
86	101	507	30.3	152.101	7.875	3
85	101	500	30.3	150.001	7.875	3
84	101	493	30.3	147.901	7.875	3
83	101	486	30.3	145.801	7.875	3
82	101	479	30.3	143.701	7.875	3
81	101	472	30.3	141.601	7.875	3
80	101	465	30.3	139.501	7.875	3
79	101	458	30.3	137.401	7.875	3
78	101	451	30.3	135.301	7.875	3
77	101	444	30.3	133.201	7.875	3
76	101	437	30.3	131.101	7.875	3
75	101	430	30.3	129.001	7.875	3
74	101	423	30.3	126.901	7.875	3
73	101	416	30.3	124.801	7.875	3
72	101	409	30.3	122.7	7.875	3
71	101	402	30.3	120.6	7.875	3
70	101	395	30.3	118.5	7.875	3
69	101	388	30.3	116.4	7.875	3
68	101	381	30.3	114.3	7.875	3
67	101	374	30.3	112.2	7.875	3
66	101	367	30.3	110.1	7.875	3
65	101	360	30.3	108	7.875	3
64	101	353	30.3	105.9	7.875	3
63	101	346	30.3	103.8	7.875	3
62	101	339	30.3	101.7	7.875	3
61	101	332	30.3	99.6003	7.875	3
60	101	325	30.3	97.5002	7.875	3
59	101	318	30.3	95.4002	7.875	3
58	101	311	30.3	93.3002	7.875	3
57	101	304	30.3	91.2002	7.875	3
56	101	297	30.3	89.1001	7.875	3
55	101	290	30.3	87.0001	7.875	3
54	101	283	30.3	84.9001	7.875	3
53	101	276	30.3	82.8001	7.875	3
52	101	269	30.3	80.7001	7.875	3
51	101	262	30.3	78.6	7.875	3
50	101	255	30.3	76.5	7.875	3
49	101	248	30.3	74.4	7.875	3
48	101	241	30.3	72.3	7.875	3
47	101	234	30.3	70.2	7.875	3
46	101	227	30.3	68.0999	7.875	3
45	101	220	30.3	65.9999	7.875	3
44	101	213	30.3	63.8999	7.875	3
43	101	206	30.3	61.7999	7.875	3
42	101	199	30.3	59.6999	7.875	3
41	101	192	30.3	57.5999	7.875	3
40	101	185	30.3	55.4999	7.875	3
39	101	178	30.3	53.3999	7.875	3
38	101	171	30.3	51.2999	7.875	3
37	101	164	30.3	49.1999	7.875	3
36	101	157	30.3	47.0999	7.875	3
35	101	150	30.3	44.9999	7.875	3
34	101	143	30.3	42.8999	7.875	3
33	101	136	30.3	40.7999	7.875	3
32	101	129	30.3	38.7	7.875	3
31	101	122	30.3	36.6	7.875	3
30	101	115	30.3	34.5	7.875	3
29	101	108	30.3	32.4	7.875	3
28	101	101	30.3	30.3	7.875	3
27	101	94	30.3	28.2	7.875	3
26	101	87	30.3	26.1	7.875	3
25	101	80	30.3	24	7.875	3
24	101	73	30.3	21.9	7.875	3
23	101	66	30.3	19.8	7.875	3
22	101	59	30.3	17.7	7.875	3
21	101	52	30.3	15.6	7.875	3
20	101	45	30.3	13.5	7.875	3
19	101	38	30.3	11.4	7.875	3
18	101	31	30.3	9.3	7.875	4
17	94	31	28.2	9.3	2.21875	5
16	88	30	26.4	9	3.42969	5
15	83	28	24.9	8.4	7.21094	5
14	81	23	24.3	6.9	7.21094	5
13	72	25	21.6	7.5	3.25	5
12	66	24	19.8	7.2	3.38281	5
11	60	23	18	6.9	3.46875	5
10	54	22	16.2	6.6	3.23438	5
9	48	21	14.4	6.3	3.39844	5
8	42	20	12.6	6	3.4375	5
7	38	17	11.4	5.1	6.79688	5
6	31	17	9.3	5.1	3.16406	5
5	25	16	7.5	4.8	3.35156	5
4	22	12	6.6	3.6	7.61719	5
3	20	7	6	2.1	7.61719	5
2	12	8	3.6	2.4	3.32812	5
1	6	7	1.8	2.1	3.28906	5
0	0	6	0	1.8	3.01562	1

