0.0 14.1410826171875
1.0 14.70835859375
2.0 15.2109806640625
3.0 12.198716015625
4.0 14.418359375
5.0 15.84407314453125
6.0 15.45820849609375
7.0 14.20758271484375
8.0 15.71263740234375
9.0 16.30400400390625
10.0 16.68093310546875
11.0 14.7651529296875
12.0 14.36312802734375
13.0 11.745384375
14.0 13.90822880859375
15.0 14.08813671875
16.0 11.7276310546875
17.0 13.44177138671875
18.0 10.2280630859375
19.0 9.7968990234375
20.0 12.34185869140625
21.0 13.5981408203125
22.0 13.1675076171875
23.0 12.36385859375
24.0 11.967322265625
25.0 11.72342158203125
26.0 8.0996796875
27.0 10.7064990234375
28.0 12.0192814453125
29.0 10.73087783203125
30.0 11.17948330078125
31.0 8.94000537109375
32.0 15.8207232421875
33.0 12.4695677734375
34.0 12.76255244140625
35.0 11.40803427734375
36.0 14.22885712890625
37.0 11.92495126953125
38.0 10.68462607421875
39.0 12.99889033203125
40.0 11.95909306640625
41.0 14.98249931640625
42.0 12.95492802734375
43.0 12.52553818359375
44.0 12.94469443359375
45.0 13.84178173828125
46.0 12.62370654296875
47.0 11.6591927734375
48.0 8.8409451171875
49.0 8.89438828125
50.0 9.05126767578125
51.0 7.58428720703125
52.0 9.59128349609375
53.0 7.37028740234375
54.0 8.71231611328125
55.0 16.15578984375
56.0 12.71916591796875
57.0 13.6708568359375
58.0 13.10683662109375
59.0 10.2393287109375
60.0 11.90174208984375
61.0 9.84255771484375
62.0 11.88504287109375
63.0 9.56253505859375
64.0 7.38191142578125
65.0 3.1698607421875
66.0 0.8394912109375
67.0 0.528245703125
68.0 1.8319232421875
69.0 0.23100390625
70.0 0.9774048828125
71.0 0.73697021484375
72.0 1.34639306640625
73.0 0.21851337890625
74.0 0.88998896484375
75.0 0.4529599609375
76.0 1.97551884765625
77.0 0.23238212890625
78.0 0.41584013671875
79.0 1.68788154296875
80.0 0.20800771484375
81.0 1.12915419921875
82.0 0.28505322265625
83.0 0.78913115234375
84.0 0.51701982421875
85.0 0.6683439453125
86.0 0.30168154296875
87.0 1.56916044921875
88.0 7.3869767578125
89.0 1.49425625
90.0 1.34174931640625
91.0 1.32769970703125
92.0 0.5311345703125
93.0 0.42475751953125
94.0 4.99240439453125
95.0 3.6590337890625
96.0 0.440602734375
97.0 1.7158228515625
98.0 0.15565498046875
99.0 0.28031923828125
100.0 0.43442373046875
101.0 1.81409609375
102.0 0.32899072265625
103.0 0.31534208984375
104.0 1.01755517578125
105.0 0.1898728515625
106.0 0.452935546875
107.0 1.60151845703125
108.0 0.51553037109375
109.0 0.71927646484375
110.0 1.6453322265625
111.0 0.4037796875
112.0 0.33370048828125
113.0 0.8250115234375
114.0 0.4218634765625
115.0 0.34399892578125
116.0 0.39017509765625
117.0 2.1900482421875
118.0 0.29064921875
119.0 3.73618984375
120.0 11.756881640625
121.0 10.6222060546875
122.0 7.02687333984375
123.0 0.07095966796875
124.0 0.54195703125
125.0 0.17779375
126.0 7.97836328125
127.0 13.06855849609375
128.0 12.29542666015625
129.0 12.80426875
130.0 11.07634404296875
131.0 11.45068427734375
132.0 8.36554951171875
133.0 0.15221923828125
134.0 0.213248828125
135.0 0.31201171875
136.0 9.0183587890625
137.0 8.7463564453125
138.0 8.498266015625
139.0 7.68524833984375
140.0 8.73388583984375
141.0 6.095182421875
142.0 0.8064521484375
143.0 0.504277734375
144.0 0.2291947265625
145.0 2.657341015625
146.0 5.7009875
147.0 6.59611240234375
148.0 7.11442744140625
149.0 9.7327673828125
150.0 15.6875662109375
151.0 12.39383994140625
152.0 8.383796484375
153.0 0.37364189453125
154.0 0.4884021484375
155.0 0.1983044921875
156.0 2.53261962890625
157.0 7.52249111328125
158.0 7.07268896484375
159.0 6.76647041015625
160.0 6.62421796875
161.0 11.214115234375
162.0 13.1791759765625
163.0 4.959757421875
164.0 0.21672529296875
165.0 0.60171826171875
166.0 0.2837181640625
167.0 10.0585791015625
168.0 10.297652734375
169.0 9.006947265625
170.0 12.7588162109375
171.0 10.84664267578125
172.0 11.3751556640625
173.0 11.38597060546875
174.0 10.8661466796875
175.0 1.78363447265625
176.0 1.0199404296875
177.0 0.8179892578125
178.0 0.56562373046875
179.0 11.10126015625
180.0 11.98708740234375
181.0 10.78424296875
182.0 14.33456240234375
183.0 13.383134765625
184.0 13.42771796875
185.0 7.22295400390625
186.0 0.3529814453125
187.0 0.0623322265625
188.0 0.17684169921875
189.0 0.42591640625
190.0 1.59604091796875
191.0 7.61404052734375
192.0 12.36256708984375
193.0 9.315140234375
194.0 0.818386328125
195.0 0.27365478515625
196.0 9.30753193359375
197.0 9.19449287109375
198.0 9.77481474609375
199.0 13.1529474609375
200.0 13.73472138671875
201.0 8.57599140625
202.0 3.59964931640625
203.0 3.015470703125
204.0 0.2714171875
205.0 0.29170224609375
206.0 8.1587228515625
207.0 10.81529931640625
208.0 9.14685947265625
209.0 12.982187109375
210.0 13.2899912109375
211.0 15.46034013671875
212.0 12.26722333984375
213.0 13.82342958984375
214.0 8.186090625
215.0 3.11007529296875
216.0 0.2975275390625
217.0 3.17974443359375
218.0 13.782675
219.0 8.99267568359375
220.0 12.7091802734375
221.0 12.9723033203125
222.0 13.82050400390625
223.0 13.6243130859375
224.0 14.0072302734375
225.0 12.62167890625
226.0 2.78334365234375
227.0 6.84578828125
228.0 12.4024265625
229.0 12.997555078125
230.0 8.56958388671875
231.0 5.8591693359375
232.0 8.50615927734375
233.0 9.01045673828125
234.0 9.32903447265625
235.0 15.1227287109375
236.0 12.8809958984375
237.0 15.22628720703125
238.0 11.86964560546875
239.0 13.42126513671875
240.0 14.80628369140625
241.0 14.71799365234375
242.0 9.7894916015625
243.0 11.30374892578125
244.0 8.90991533203125
245.0 8.9183677734375
246.0 5.10090576171875
247.0 10.33784775390625
248.0 9.466345703125
249.0 9.6099310546875
250.0 11.17636220703125
251.0 12.947165234375
252.0 12.75070009765625
253.0 10.3985349609375
254.0 15.735415625
255.0 13.3556201171875
256.0 9.54515341796875
257.0 15.423829296875
258.0 8.59155576171875
259.0 10.7320583984375
260.0 13.15636708984375
261.0 12.85480341796875
262.0 11.7518626953125
263.0 17.95156083984375
264.0 14.99200537109375
265.0 12.6931525390625
266.0 15.05588154296875
267.0 13.94894462890625
268.0 10.28444326171875
269.0 13.88289248046875
270.0 14.4888537109375
271.0 13.0891234375
272.0 13.581090234375
273.0 12.9142736328125
274.0 15.80097216796875
275.0 14.55984140625
276.0 13.97519931640625
277.0 14.60810234375
278.0 8.4090734375
279.0 12.7020927734375
280.0 11.83762744140625
281.0 13.6904150390625
282.0 15.28125185546875
283.0 14.0004630859375
284.0 11.14615302734375
285.0 1.1117826171875
286.0 1.80807451171875
287.0 11.01371865234375
288.0 12.3982171875
289.0 10.75778017578125
290.0 11.7737869140625
291.0 13.40688642578125
292.0 15.66637119140625
293.0 16.016983203125
294.0 15.48855595703125
295.0 11.10401455078125
296.0 15.54666396484375
297.0 9.98475087890625
298.0 13.55248896484375
299.0 7.09006015625
300.0 15.878732421875
301.0 15.27891728515625
302.0 12.99935732421875
303.0 15.59165478515625
304.0 12.621514453125
305.0 5.48344560546875
306.0 5.630775390625
307.0 12.2007216796875
308.0 12.3388779296875
309.0 10.06712734375
310.0 12.4368240234375
311.0 13.15054169921875
312.0 11.8409998046875
313.0 13.9722810546875
314.0 12.7263966796875
315.0 3.85618818359375
316.0 0.48920380859375
317.0 1.72010087890625
318.0 0.18752294921875
319.0 0.1355208984375
320.0 0.32251748046875
321.0 9.52892724609375
322.0 10.220290234375
323.0 9.09301552734375
324.0 9.6653955078125
325.0 10.17112451171875
326.0 9.7313853515625
327.0 8.99926015625
328.0 8.7290498046875
329.0 8.79251669921875
330.0 12.377565234375
331.0 10.09128193359375
332.0 13.22759560546875
333.0 13.015673046875
334.0 9.97703125
335.0 15.83818310546875
336.0 14.5560537109375
337.0 7.44354453125
338.0 17.223751953125
339.0 14.37648125
340.0 12.819928125
341.0 10.23927646484375
342.0 11.22861982421875
343.0 11.712853515625
344.0 10.749185546875
345.0 11.5679765625
346.0 14.36004755859375
347.0 14.41210009765625
348.0 12.2658326171875
349.0 12.4769681640625
350.0 11.35266484375
351.0 14.1359623046875
352.0 12.71379306640625
353.0 14.2510982421875
354.0 10.6769748046875
355.0 13.1500787109375
356.0 12.35434921875
357.0 13.76458974609375
358.0 15.04919384765625
359.0 13.63420927734375
360.0 11.784240234375
361.0 12.08456025390625
362.0 11.74241572265625
363.0 10.35058134765625
364.0 12.457191796875
365.0 14.41470283203125
366.0 12.6787720703125
367.0 9.1854361328125
368.0 11.68203779296875
369.0 9.00857099609375
370.0 8.56657958984375
371.0 11.25279462890625
372.0 6.0555296875
373.0 10.4715958984375
374.0 5.012673828125
375.0 8.899030859375
376.0 4.53187607421875
377.0 1.31084580078125
378.0 6.78968046875
379.0 10.865888671875
380.0 9.19005322265625
381.0 10.67611474609375
382.0 9.3625765625
383.0 6.08060517578125
384.0 9.7975009765625
385.0 9.6218408203125
386.0 7.8016611328125
387.0 9.8619091796875
388.0 8.71701923828125
389.0 10.25383525390625
390.0 10.87215263671875
391.0 8.9553583984375
392.0 8.4346548828125
393.0 11.46271640625
394.0 11.35274287109375
395.0 8.7783689453125
396.0 5.45246171875
397.0 8.319441796875
398.0 8.68031474609375
399.0 8.2585013671875
400.0 7.11184140625
401.0 6.62856630859375
402.0 8.35759482421875
403.0 8.1260767578125
404.0 7.89769189453125
405.0 9.81342001953125
406.0 7.1616953125
407.0 7.79614140625
408.0 7.09412138671875
409.0 11.9590220703125
410.0 11.43147578125
411.0 12.21447412109375
412.0 11.7601380859375
413.0 12.36552431640625
414.0 14.15966572265625
415.0 12.141203515625
416.0 7.8102658203125
417.0 14.64558505859375
418.0 11.282154296875
419.0 12.3256943359375
420.0 12.81675810546875
421.0 11.64797607421875
422.0 13.18153857421875
423.0 11.8322166015625
424.0 13.7673810546875
425.0 12.41370791015625
426.0 12.5138142578125
427.0 14.41036025390625
428.0 15.0446357421875
429.0 13.57642705078125
430.0 11.77134296875
431.0 12.70543095703125
432.0 9.582488671875
433.0 11.88021337890625
434.0 12.38794267578125
435.0 9.5577228515625
436.0 7.4996251953125
437.0 12.5722572265625
438.0 8.504221875
439.0 11.54359970703125
440.0 13.44360771484375
441.0 12.083444921875
442.0 12.9724828125
443.0 14.7516052734375
444.0 10.40946220703125
445.0 13.61631044921875
446.0 8.74307509765625
447.0 17.46211708984375
448.0 14.5220265625
449.0 15.02397568359375
450.0 12.6198982421875
451.0 13.80736748046875
452.0 10.49130869140625
453.0 9.20176083984375
454.0 12.71274384765625
455.0 13.06015703125
456.0 4.603683984375
457.0 13.04732724609375
458.0 9.0174767578125
459.0 19.82966796875
460.0 14.5567759765625
461.0 15.262325390625
462.0 13.056780859375
463.0 14.9317716796875
464.0 15.7629982421875
465.0 12.2250451171875
466.0 10.3051875
467.0 14.39235107421875
468.0 12.7034021484375
469.0 14.11941552734375
470.0 15.28841591796875
471.0 13.3204068359375
472.0 8.6533611328125
473.0 19.1149349609375
474.0 13.45005791015625
475.0 14.93517607421875
476.0 11.723474609375
477.0 12.79978037109375
478.0 11.6573607421875
479.0 10.0307279296875
480.0 12.412709765625
481.0 13.0773025390625
482.0 13.82789306640625
483.0 15.46881650390625
484.0 13.8147265625
485.0 11.016816796875
486.0 14.67696591796875
487.0 10.0999908203125
488.0 16.98074736328125
489.0 15.4875935546875
490.0 13.78923740234375
491.0 14.18442861328125
492.0 13.23453740234375
493.0 12.3055201171875
494.0 14.05823447265625
495.0 15.2017990234375
496.0 12.74860361328125
497.0 12.25120537109375
498.0 14.079891015625
499.0 13.48622724609375
500.0 10.463627734375
501.0 12.1114025390625
502.0 12.02485859375
503.0 12.86553857421875
504.0 12.6123732421875
505.0 11.67192109375
506.0 11.50169208984375
507.0 12.40769130859375
508.0 12.0440384765625
509.0 13.98910263671875
510.0 14.38827431640625
511.0 13.49594638671875
512.0 12.84684697265625
513.0 13.476041796875
514.0 15.9508708984375
515.0 9.82763896484375
516.0 11.698909765625
517.0 10.43410439453125
518.0 12.24922626953125
519.0 10.65886171875
520.0 12.44468740234375
521.0 10.243320703125
522.0 6.98204052734375
523.0 9.02624296875
524.0 11.10037841796875
525.0 12.15406923828125
526.0 9.9703822265625
527.0 12.3649455078125
528.0 11.12820478515625
529.0 9.8569919921875
530.0 8.84163984375
531.0 10.40605029296875
532.0 8.3963162109375
533.0 9.40875673828125
534.0 10.93301142578125
535.0 11.02146005859375
536.0 13.384647265625
537.0 14.6705484375
538.0 13.93604931640625
539.0 11.0868609375
540.0 11.35295361328125
541.0 14.0003923828125
542.0 12.7873162109375
543.0 12.8844083984375
544.0 11.7650625
545.0 13.482176171875
546.0 11.9217
547.0 13.3121318359375
548.0 12.66047392578125
549.0 10.19825791015625
550.0 12.393255078125
551.0 11.792556640625
552.0 13.5955330078125
553.0 14.32299345703125
554.0 12.606330859375
555.0 13.6667564453125
556.0 14.6703423828125
557.0 13.86145595703125
558.0 13.2356603515625
559.0 13.34906689453125
560.0 8.938886328125
561.0 5.77147685546875
562.0 6.4250984375
563.0 7.1473708984375
564.0 5.0153583984375
565.0 6.50631201171875
566.0 10.27228369140625
567.0 11.88675341796875
568.0 13.68981474609375
569.0 13.188603515625
570.0 12.00715166015625
571.0 10.2198181640625
572.0 14.40536181640625
573.0 14.23268984375
574.0 11.77967724609375
575.0 14.52298701171875
576.0 9.7902958984375
577.0 10.54370263671875
578.0 8.23323642578125
579.0 14.35129873046875
580.0 10.0537521484375
581.0 14.144034375
582.0 7.81368095703125
583.0 11.91925869140625
584.0 11.64966123046875
585.0 13.777609375
586.0 9.86455341796875
587.0 12.42613271484375
588.0 9.78755283203125
589.0 6.828613671875
590.0 15.020496875
591.0 12.8291916015625
592.0 9.8544771484375
593.0 10.55747275390625
594.0 8.11478583984375
595.0 13.587769140625
596.0 13.675305859375
597.0 10.07024267578125
598.0 10.1932681640625
599.0 12.06612734375
600.0 7.9577814453125
601.0 12.31868486328125
602.0 9.343810546875
603.0 10.6651345703125
604.0 8.74435615234375
605.0 8.5199859375
606.0 8.4630771484375
607.0 11.73025068359375
608.0 7.5150009765625
609.0 6.79647998046875
610.0 6.85482998046875
611.0 7.0582423828125
612.0 8.54675654296875
613.0 8.87241357421875
614.0 2.20188896484375
615.0 0.1558302734375
616.0 1.57706923828125
617.0 4.27361171875
618.0 4.35615205078125
619.0 3.62986513671875
620.0 1.4001642578125
621.0 3.63266728515625
622.0 4.88614345703125
623.0 2.6565828125
624.0 0.1921140625
625.0 0.40188681640625
626.0 0.218745703125
627.0 5.7790421875
628.0 10.024215234375
629.0 2.28195654296875
630.0 8.127235546875
631.0 3.0894337890625
632.0 6.4812587890625
633.0 11.6221431640625
634.0 6.57285263671875
635.0 5.907654296875
636.0 12.1479005859375
637.0 11.26778837890625
638.0 6.2561224609375
639.0 10.46615869140625
640.0 10.43932529296875
641.0 3.52331953125
642.0 0.60944482421875
643.0 7.137145703125
644.0 6.72373603515625
645.0 7.5175955078125
646.0 8.18728798828125
647.0 10.1602498046875
648.0 8.925413671875
649.0 11.193064453125
650.0 7.82455234375
651.0 9.51377080078125
652.0 8.76919189453125
653.0 12.5097037109375
654.0 14.63089384765625
655.0 15.3878701171875
656.0 11.6983515625
657.0 7.8167169921875
658.0 4.93058017578125
659.0 14.070750390625
660.0 12.8336208984375
661.0 12.90698701171875
662.0 3.65360244140625
663.0 7.388296484375
664.0 7.62144619140625
665.0 7.257290625
666.0 9.33217705078125
667.0 7.115764453125
668.0 8.6113318359375
669.0 12.82071474609375
670.0 10.8774091796875
671.0 7.72814560546875
672.0 7.1140794921875
673.0 5.92217294921875
674.0 11.39942236328125
675.0 3.971519921875
676.0 10.5396919921875
677.0 9.50817900390625
678.0 8.1141125
679.0 3.48166826171875
680.0 1.49192392578125
681.0 1.5101623046875
682.0 1.063331640625
683.0 9.14527626953125
684.0 6.54344912109375
685.0 8.4028033203125
686.0 11.713079296875
687.0 13.562275390625
688.0 4.22332646484375
689.0 2.13901650390625
690.0 5.53422919921875
691.0 2.23595693359375
692.0 5.013769140625
693.0 5.16594423828125
694.0 9.178600390625
695.0 2.67992294921875
696.0 8.189171875
697.0 12.0838931640625
698.0 11.69784873046875
699.0 12.2306443359375
700.0 11.571686328125
701.0 9.7217142578125
702.0 9.207463671875
703.0 11.360290625
704.0 10.38819873046875
705.0 10.1729462890625
706.0 12.00817783203125
707.0 12.6524435546875
708.0 12.249177734375
709.0 11.48927275390625
710.0 10.4319796875
711.0 10.53209384765625
712.0 9.7628541015625
713.0 11.42706845703125
714.0 9.2355248046875
715.0 15.938663671875
716.0 13.05685986328125
717.0 10.5923994140625
718.0 11.86493662109375
719.0 13.1328873046875
720.0 7.5460796875
721.0 10.62145888671875
722.0 13.0545263671875
723.0 11.193319140625
724.0 11.53074482421875
725.0 10.12887021484375
726.0 8.40180888671875
727.0 8.90970107421875
728.0 6.83097802734375
729.0 7.77080615234375
730.0 6.13281494140625
731.0 7.57454248046875
732.0 7.190156640625
733.0 6.71152490234375
734.0 5.7980515625
735.0 10.3105421875
736.0 5.84733447265625
737.0 4.59198916015625
738.0 8.754234375
739.0 7.06159892578125
740.0 5.6301658203125
741.0 6.35495927734375
742.0 3.48859619140625
743.0 8.14192392578125
744.0 8.25059248046875
745.0 10.06959814453125
746.0 7.6681107421875
747.0 6.88692822265625
748.0 3.40440869140625
749.0 7.39723193359375
750.0 9.21943916015625
751.0 8.09478935546875
752.0 10.59598115234375
753.0 7.2503478515625
754.0 6.902240234375
755.0 10.313418359375
756.0 12.21663349609375
757.0 11.413784375
758.0 8.4581599609375
759.0 7.4241638671875
760.0 7.84905810546875
761.0 8.04999375
762.0 8.07973642578125
763.0 8.8793478515625
764.0 11.05335712890625
765.0 12.535501171875
766.0 14.55824287109375
767.0 13.2760947265625
768.0 7.89965859375
769.0 11.57949814453125
770.0 15.0825462890625
771.0 11.05991396484375
772.0 12.15749462890625
773.0 12.574915625
774.0 10.43393359375
775.0 10.50733017578125
776.0 13.70559697265625
777.0 13.4199076171875
778.0 11.6183185546875
779.0 14.60519990234375
780.0 4.406561328125
781.0 11.11172255859375
782.0 13.10554599609375
783.0 13.4215814453125
784.0 11.5263166015625
785.0 12.1265119140625
786.0 11.4200580078125
787.0 12.6361046875
788.0 10.9844056640625
789.0 13.5072115234375
790.0 14.8098865234375
791.0 14.29376806640625
792.0 9.04903701171875
793.0 7.38307109375
794.0 11.61962919921875
795.0 8.4714779296875
796.0 15.20904716796875
797.0 14.580801171875
798.0 13.62153212890625
799.0 10.2357556640625
