0.0 4.75946650390625
1.0 11.4957470703125
2.0 12.25538466796875
3.0 7.315583984375
4.0 10.09944775390625
5.0 15.228646484375
6.0 13.47627275390625
7.0 16.8471921875
8.0 16.8979984375
9.0 15.0023544921875
10.0 10.58317265625
11.0 13.37502587890625
12.0 7.910704296875
13.0 3.271934375
14.0 14.9172083984375
15.0 8.53135419921875
16.0 12.4942818359375
17.0 15.4959798828125
18.0 14.83848388671875
19.0 16.49555029296875
20.0 17.55371494140625
21.0 19.14227080078125
22.0 18.41543720703125
23.0 17.98811376953125
24.0 15.783773828125
25.0 11.667208984375
26.0 17.4292115234375
27.0 10.53955537109375
28.0 13.92716201171875
29.0 25.23216240234375
30.0 9.6846619140625
31.0 17.4731892578125
32.0 18.6860791015625
33.0 16.0184404296875
34.0 14.63853759765625
35.0 14.628933984375
36.0 15.68628662109375
37.0 19.626920703125
38.0 18.83590087890625
39.0 15.71480986328125
40.0 14.33774228515625
41.0 18.56953603515625
42.0 16.5863796875
43.0 16.846076953125
44.0 15.29953525390625
45.0 18.17000400390625
46.0 17.6138470703125
47.0 8.8056669921875
48.0 11.95303330078125
49.0 9.6346845703125
50.0 12.61805068359375
51.0 12.27864443359375
52.0 16.64832236328125
53.0 10.252618359375
54.0 15.3620994140625
55.0 13.31040078125
56.0 16.7257185546875
57.0 18.58262392578125
58.0 19.11281904296875
59.0 16.089796875
60.0 16.24704931640625
61.0 16.8229017578125
62.0 12.2333833984375
63.0 19.14054453125
64.0 13.95875693359375
65.0 19.37604697265625
66.0 15.3405560546875
67.0 13.91967470703125
68.0 13.7013232421875
69.0 9.85147294921875
70.0 17.31073564453125
71.0 20.802419921875
72.0 13.36517734375
73.0 7.88906123046875
74.0 15.94314404296875
75.0 4.4392591796875
76.0 7.15709326171875
77.0 15.567428125
78.0 14.32302880859375
79.0 12.71323251953125
80.0 9.92709208984375
81.0 22.98486337890625
82.0 18.20108759765625
83.0 17.264066796875
84.0 13.97030029296875
85.0 16.61501884765625
86.0 0.0
87.0 0.0
88.0 24.36173349609375
89.0 10.6585484375
90.0 6.51538837890625
91.0 8.58019462890625
92.0 15.40277294921875
93.0 17.22733701171875
94.0 14.20957724609375
95.0 6.44302763671875
96.0 16.7423095703125
97.0 12.98746923828125
98.0 15.43454462890625
99.0 14.64737197265625
100.0 13.0111314453125
101.0 11.5134078125
102.0 10.01820234375
103.0 13.50425908203125
104.0 9.46277998046875
105.0 9.02666728515625
106.0 6.9965701171875
107.0 8.57325693359375
108.0 5.88216943359375
109.0 10.98210166015625
110.0 11.4620689453125
111.0 8.16017724609375
112.0 3.41753388671875
113.0 11.81457841796875
114.0 10.8278505859375
115.0 10.012083984375
116.0 9.62790869140625
117.0 11.0213943359375
118.0 10.4607765625
119.0 5.87448427734375
120.0 8.35095498046875
121.0 5.33349521484375
122.0 2.61166123046875
123.0 9.0594455078125
124.0 10.0446033203125
125.0 9.5310458984375
126.0 9.40138935546875
127.0 8.45315048828125
128.0 7.8473630859375
129.0 8.87294287109375
130.0 11.03470322265625
131.0 9.40849658203125
132.0 9.7118138671875
133.0 10.50095439453125
134.0 11.997245703125
135.0 14.30028232421875
136.0 12.89182109375
137.0 14.805178125
138.0 9.67578642578125
139.0 6.27274453125
140.0 8.65755810546875
141.0 9.257812890625
142.0 14.74181376953125
143.0 10.17657099609375
144.0 19.4885400390625
145.0 12.33671572265625
146.0 13.48093662109375
147.0 0.0
148.0 0.0
149.0 34.16691630859375
150.0 11.5222470703125
151.0 11.04535234375
152.0 9.7939658203125
153.0 6.85151142578125
154.0 12.28407060546875
155.0 9.69048740234375
156.0 8.5521513671875
157.0 10.70225888671875
158.0 11.78957529296875
159.0 10.15676416015625
160.0 5.6861951171875
161.0 8.027832421875
162.0 8.20193857421875
163.0 5.40961845703125
164.0 10.9472802734375
165.0 9.82567529296875
166.0 9.767965625
167.0 6.553190625
168.0 10.707929296875
169.0 9.92935390625
170.0 7.1737841796875
171.0 10.823895703125
172.0 10.4698474609375
173.0 14.08103984375
174.0 12.68928134765625
175.0 12.40086611328125
176.0 8.14136767578125
177.0 8.98095078125
178.0 6.145973046875
179.0 14.3864865234375
180.0 7.86038359375
181.0 10.97835166015625
182.0 8.20083525390625
183.0 9.61560751953125
184.0 14.42107001953125
185.0 13.6334150390625
186.0 10.2385193359375
187.0 14.1122232421875
188.0 15.79828798828125
189.0 14.4893328125
190.0 11.131665625
191.0 15.43483076171875
192.0 14.864140234375
193.0 10.72088525390625
194.0 11.79868115234375
195.0 7.5008029296875
196.0 12.389518359375
197.0 13.6853986328125
198.0 12.032991796875
199.0 13.2991548828125
200.0 16.066570703125
201.0 10.89890654296875
202.0 20.47071171875
203.0 12.858961328125
204.0 10.8839927734375
205.0 8.17123046875
206.0 9.6302744140625
207.0 10.524718359375
208.0 18.030845703125
209.0 9.10527001953125
210.0 9.821420703125
211.0 9.535801953125
212.0 11.58914453125
213.0 11.96167294921875
214.0 12.61493251953125
215.0 12.696473046875
216.0 12.435477734375
217.0 10.39155859375
218.0 7.5350974609375
219.0 10.610066796875
220.0 7.05683076171875
221.0 9.278778125
222.0 12.4774681640625
223.0 13.5339048828125
224.0 7.85946435546875
225.0 9.5006328125
226.0 7.31715908203125
227.0 9.33059736328125
228.0 8.2723953125
229.0 8.98588544921875
230.0 10.46923798828125
231.0 8.42667607421875
232.0 12.07113076171875
233.0 11.05548564453125
234.0 13.7175171875
235.0 14.49947197265625
236.0 11.36871513671875
237.0 13.4733982421875
238.0 9.85901748046875
239.0 10.8201646484375
240.0 11.86341044921875
241.0 13.14259736328125
242.0 14.51374990234375
243.0 13.78711845703125
244.0 12.87219521484375
245.0 14.4739974609375
246.0 15.164991015625
247.0 17.0764529296875
248.0 12.4749626953125
249.0 2.04082666015625
250.0 1.61774638671875
251.0 9.953901953125
252.0 12.19318974609375
253.0 13.7581796875
254.0 18.6629841796875
255.0 14.3113806640625
256.0 12.4753228515625
257.0 11.4643845703125
258.0 12.771960546875
259.0 8.22774951171875
260.0 13.409192578125
261.0 11.560509375
262.0 10.86612353515625
263.0 6.82024169921875
264.0 7.419726953125
265.0 14.5331947265625
266.0 10.272549609375
267.0 10.110033203125
268.0 12.4317076171875
269.0 12.277734375
270.0 10.92439091796875
271.0 9.3490259765625
272.0 10.29362021484375
273.0 7.57082607421875
274.0 10.440693359375
275.0 7.69955615234375
276.0 12.08204423828125
277.0 7.4235220703125
278.0 15.3158603515625
279.0 12.07175966796875
280.0 13.918203125
281.0 12.35022548828125
282.0 8.1180099609375
283.0 11.74788447265625
284.0 14.28493369140625
285.0 11.8557671875
286.0 14.0235412109375
287.0 13.63696728515625
288.0 10.6646205078125
289.0 10.17886181640625
290.0 10.80072587890625
291.0 11.054429296875
292.0 10.363755859375
293.0 10.730683984375
294.0 11.01689541015625
295.0 8.467751171875
296.0 12.22335302734375
297.0 11.85183798828125
298.0 8.525858984375
299.0 7.7933119140625
300.0 7.01482041015625
301.0 8.9893927734375
302.0 9.95178388671875
303.0 8.64481005859375
304.0 10.00239150390625
305.0 9.2947984375
306.0 8.027887890625
307.0 14.51684140625
308.0 13.99653291015625
309.0 11.56476484375
310.0 12.11411552734375
311.0 12.0239935546875
312.0 12.13063193359375
313.0 6.55965009765625
314.0 10.40790322265625
315.0 5.31116181640625
316.0 8.607646875
317.0 6.3411521484375
318.0 11.61959091796875
319.0 10.91438203125
320.0 8.63007734375
321.0 9.80147744140625
322.0 5.1783322265625
323.0 5.16522939453125
324.0 6.99113798828125
325.0 9.7470064453125
326.0 10.6886783203125
327.0 10.14615185546875
328.0 11.4850900390625
329.0 12.5181052734375
330.0 12.34916142578125
331.0 10.3219212890625
332.0 8.6100328125
333.0 11.3124615234375
334.0 10.75864609375
335.0 7.55149716796875
336.0 5.78810078125
337.0 10.2091279296875
338.0 8.41478583984375
339.0 7.87663798828125
340.0 7.06784912109375
341.0 9.69065810546875
342.0 6.58588798828125
343.0 9.5913224609375
344.0 9.4829966796875
345.0 9.596549609375
346.0 9.2201544921875
347.0 8.3982951171875
348.0 5.467254296875
349.0 8.60164365234375
350.0 11.61126962890625
351.0 11.0630787109375
352.0 11.321299609375
353.0 13.0485224609375
354.0 9.48041904296875
355.0 7.4166490234375
356.0 13.0712373046875
357.0 10.81024384765625
358.0 12.5767349609375
359.0 14.61986357421875
360.0 11.88484296875
361.0 14.3280140625
362.0 11.918982421875
363.0 13.11194765625
364.0 6.97892919921875
365.0 14.561925390625
366.0 14.69731962890625
367.0 12.68796708984375
368.0 14.50846240234375
369.0 13.66398388671875
370.0 12.740012890625
371.0 7.9990697265625
372.0 16.7619376953125
373.0 11.33832802734375
374.0 15.36993564453125
375.0 9.63653388671875
376.0 15.008901171875
377.0 12.92246328125
378.0 13.631693359375
379.0 10.36985625
380.0 11.930729296875
381.0 13.964584375
382.0 14.98114345703125
383.0 15.8432107421875
384.0 12.8259046875
385.0 11.98445498046875
386.0 15.5834427734375
387.0 17.12461396484375
388.0 14.0979580078125
389.0 15.3338546875
390.0 15.12259345703125
391.0 13.7582640625
392.0 10.0195138671875
393.0 11.32887607421875
394.0 16.96115263671875
395.0 17.94411416015625
396.0 13.6387658203125
397.0 15.742051953125
398.0 16.95085322265625
399.0 15.1335478515625
400.0 14.8309052734375
401.0 14.84166240234375
402.0 15.2144685546875
403.0 12.34460859375
404.0 15.28866611328125
405.0 16.1241953125
406.0 0.0
407.0 0.0
408.0 29.1947658203125
409.0 16.76627314453125
410.0 14.8136197265625
411.0 16.9499884765625
412.0 15.04808330078125
413.0 15.20765810546875
414.0 17.7047548828125
415.0 15.60163857421875
416.0 17.5561119140625
417.0 15.0781908203125
418.0 16.18647978515625
419.0 16.66876640625
420.0 18.431208984375
421.0 17.88510244140625
422.0 18.54475126953125
423.0 18.8375404296875
424.0 16.056535546875
425.0 18.61910966796875
426.0 18.22797001953125
427.0 17.43077158203125
428.0 17.941315234375
429.0 16.63928359375
430.0 14.82648330078125
431.0 19.77818720703125
432.0 18.10629970703125
433.0 13.40615263671875
434.0 18.2627185546875
435.0 18.42360322265625
436.0 15.610263671875
437.0 12.2591857421875
438.0 17.7146814453125
439.0 16.77553955078125
440.0 7.0091380859375
441.0 16.15386806640625
442.0 16.38659111328125
443.0 11.87589638671875
444.0 15.23620732421875
445.0 4.26044658203125
446.0 14.23751728515625
447.0 13.045865625
448.0 7.8606994140625
449.0 15.452366015625
450.0 8.69637529296875
451.0 18.89414755859375
452.0 12.43621826171875
453.0 6.59033759765625
454.0 16.15158505859375
455.0 17.8325390625
456.0 13.77178662109375
457.0 15.07817431640625
458.0 15.879499609375
459.0 14.49440703125
460.0 10.85229306640625
461.0 15.732938671875
462.0 13.78454521484375
463.0 9.949468359375
464.0 17.452015234375
465.0 8.272931640625
466.0 12.64680712890625
467.0 9.7734521484375
468.0 20.4675048828125
469.0 15.7298740234375
470.0 13.38659892578125
471.0 12.64121396484375
472.0 12.20596923828125
473.0 14.68647763671875
474.0 13.7219455078125
475.0 8.99778017578125
476.0 12.2241056640625
477.0 9.3516087890625
478.0 11.3490482421875
479.0 14.64681123046875
480.0 10.37630576171875
481.0 11.69478515625
482.0 10.57293095703125
483.0 11.444914453125
484.0 10.00357236328125
485.0 12.23622470703125
486.0 14.5978390625
487.0 8.98782841796875
488.0 7.1268181640625
489.0 11.041355859375
490.0 10.54966787109375
491.0 9.2610888671875
492.0 6.2501984375
493.0 10.825770703125
494.0 8.0477783203125
495.0 12.18631865234375
496.0 10.93077529296875
497.0 8.3584125
498.0 8.608188671875
499.0 6.0468365234375
500.0 11.3170994140625
501.0 13.39747802734375
502.0 14.41391484375
503.0 10.5105517578125
504.0 11.32778359375
505.0 13.157281640625
506.0 11.07933486328125
507.0 6.368165625
508.0 20.06076337890625
509.0 12.0869568359375
510.0 14.5157828125
511.0 13.2406638671875
512.0 17.549314453125
513.0 10.31604453125
514.0 14.99616484375
515.0 14.92097060546875
516.0 11.0491287109375
517.0 14.45860849609375
518.0 17.23664228515625
519.0 16.51214384765625
520.0 16.247610546875
521.0 15.98697578125
522.0 11.41587744140625
523.0 16.7468060546875
524.0 14.8519880859375
525.0 17.58827763671875
526.0 16.46850537109375
527.0 14.38708876953125
528.0 11.00215205078125
529.0 6.54685595703125
530.0 12.2480552734375
531.0 15.03182548828125
532.0 17.27484775390625
533.0 18.2421501953125
534.0 15.5941951171875
535.0 19.67333603515625
536.0 18.263984765625
537.0 11.6725755859375
538.0 19.5122638671875
539.0 12.05932236328125
540.0 9.38512255859375
541.0 11.29449736328125
542.0 10.64887373046875
543.0 12.4086546875
544.0 1.282817578125
545.0 35.232854296875
546.0 9.13545712890625
547.0 21.727504296875
548.0 15.43080439453125
549.0 14.30214697265625
550.0 12.07671455078125
551.0 10.1106873046875
552.0 21.88384404296875
553.0 13.80329931640625
554.0 21.83269931640625
555.0 18.04577998046875
556.0 15.981134765625
557.0 15.9069017578125
558.0 6.27107998046875
559.0 14.7925283203125
560.0 10.8009892578125
561.0 18.0284224609375
562.0 14.21324560546875
563.0 13.22052822265625
564.0 13.0839083984375
565.0 10.74293193359375
566.0 5.6650392578125
567.0 8.51934072265625
568.0 9.08525830078125
569.0 8.95993671875
570.0 14.942914453125
571.0 12.90140517578125
572.0 14.02543349609375
573.0 10.694851171875
574.0 8.088115234375
575.0 8.79402685546875
576.0 13.76502119140625
577.0 7.69017265625
578.0 12.99894755859375
579.0 11.87081826171875
580.0 10.67363642578125
581.0 11.92844921875
582.0 11.06200634765625
583.0 11.080096875
584.0 12.524932421875
585.0 13.47744931640625
586.0 8.39609150390625
587.0 7.66826982421875
588.0 4.43342255859375
589.0 13.175266796875
590.0 12.23715009765625
591.0 8.7273154296875
592.0 13.74310634765625
593.0 10.962030859375
594.0 13.7016857421875
595.0 10.3803775390625
596.0 7.5990373046875
597.0 15.42374326171875
598.0 4.8141640625
599.0 16.73191103515625
600.0 14.65617607421875
601.0 9.86840087890625
602.0 6.4766640625
603.0 4.89077353515625
604.0 8.59540205078125
605.0 6.1325779296875
606.0 12.86331103515625
607.0 7.1775189453125
608.0 13.04838779296875
609.0 6.00013017578125
610.0 3.68146591796875
611.0 12.80917578125
612.0 15.9742931640625
613.0 13.545755078125
614.0 13.8505638671875
615.0 14.4624146484375
616.0 9.41752294921875
617.0 13.906113671875
618.0 6.5820810546875
619.0 6.3454095703125
620.0 7.33496943359375
621.0 5.79912734375
622.0 2.75679931640625
623.0 0.4212859375
624.0 10.80968740234375
625.0 13.44418564453125
626.0 17.0987796875
627.0 14.4977259765625
628.0 13.2152626953125
629.0 14.8721205078125
630.0 11.29745537109375
631.0 13.09311103515625
632.0 12.16435478515625
633.0 13.82179521484375
634.0 7.55179404296875
635.0 16.87640283203125
636.0 20.46206787109375
637.0 13.60193115234375
638.0 15.0097109375
639.0 11.97069130859375
640.0 16.49707451171875
641.0 11.1101357421875
642.0 9.19012607421875
643.0 12.387274609375
644.0 11.28396806640625
645.0 10.8509689453125
646.0 10.63334501953125
647.0 9.812423046875
648.0 10.7150876953125
649.0 13.97834521484375
650.0 10.68778095703125
651.0 11.6593369140625
652.0 11.81236103515625
653.0 14.03773427734375
654.0 13.5142931640625
655.0 12.3298251953125
656.0 12.76584189453125
657.0 15.440243359375
658.0 9.99597734375
659.0 5.3487080078125
660.0 10.036121484375
661.0 9.400501171875
662.0 13.22472119140625
663.0 10.21596328125
664.0 15.38513505859375
665.0 15.9043861328125
666.0 15.7016107421875
667.0 15.67749326171875
668.0 17.768050390625
669.0 16.77252138671875
670.0 12.12621806640625
671.0 14.79762900390625
672.0 13.837751953125
673.0 13.90467412109375
674.0 9.91273798828125
675.0 14.18351611328125
676.0 15.03195556640625
677.0 14.64212978515625
678.0 13.1493046875
679.0 13.69919306640625
680.0 15.166148828125
681.0 10.66194345703125
682.0 11.5836259765625
683.0 13.669606640625
684.0 15.89850234375
685.0 14.457076171875
686.0 13.08327578125
687.0 11.351794921875
688.0 12.2623408203125
689.0 12.79517744140625
690.0 10.32838837890625
691.0 10.06091376953125
692.0 11.60603955078125
693.0 11.66699833984375
694.0 11.23262958984375
695.0 15.01059501953125
696.0 15.50973876953125
697.0 11.44249072265625
698.0 11.39262783203125
699.0 11.6198333984375
700.0 10.8655208984375
701.0 12.3724587890625
702.0 11.718730078125
703.0 8.65813271484375
704.0 9.8587693359375
705.0 10.4153001953125
706.0 10.56025234375
707.0 9.10905322265625
708.0 10.76499462890625
709.0 10.85936083984375
710.0 11.06274345703125
711.0 10.0895849609375
712.0 8.8099734375
713.0 12.54091650390625
714.0 10.08007763671875
715.0 10.79703310546875
716.0 10.552719921875
717.0 11.6119951171875
718.0 7.19386416015625
719.0 14.19078388671875
720.0 13.11001953125
721.0 17.33161513671875
722.0 18.41321552734375
723.0 15.37262900390625
724.0 17.06796142578125
725.0 17.13744775390625
726.0 6.4825599609375
727.0 1.4101740234375
728.0 1.67594052734375
729.0 15.96976552734375
730.0 15.09550078125
731.0 17.9790744140625
732.0 16.5251732421875
733.0 17.78490283203125
734.0 17.05001806640625
735.0 16.8610509765625
736.0 15.24182978515625
737.0 15.1040765625
738.0 15.9064720703125
739.0 12.93662421875
740.0 12.10864521484375
741.0 11.23664189453125
742.0 13.89184658203125
743.0 10.67802099609375
744.0 13.60482412109375
745.0 15.18153037109375
746.0 15.45285654296875
747.0 16.9489970703125
748.0 16.7848583984375
749.0 19.16807939453125
750.0 17.3134673828125
751.0 12.94207412109375
752.0 15.38468203125
753.0 16.81028154296875
754.0 11.08494697265625
755.0 12.421211328125
756.0 13.6766671875
757.0 12.9856220703125
758.0 12.0745931640625
759.0 10.550805859375
760.0 12.77374287109375
761.0 14.36038779296875
762.0 13.4923587890625
763.0 10.68268740234375
764.0 10.75002333984375
765.0 13.87173857421875
766.0 13.751364453125
767.0 14.15707197265625
768.0 13.4061
769.0 12.71317900390625
770.0 13.91185087890625
771.0 13.54766435546875
772.0 14.0746529296875
773.0 10.81473046875
774.0 12.48670888671875
775.0 10.7965193359375
776.0 11.86910751953125
777.0 9.985952734375
778.0 9.7139267578125
779.0 9.69222265625
780.0 9.92325546875
781.0 10.1023041015625
782.0 10.4726419921875
783.0 14.01641591796875
784.0 10.05806708984375
785.0 14.1664224609375
786.0 13.67254365234375
787.0 10.76094560546875
788.0 9.012827734375
789.0 0.0
790.0 0.0
791.0 26.46236318359375
792.0 10.350966796875
793.0 11.05034013671875
794.0 12.4776564453125
795.0 8.9207806640625
796.0 10.22566943359375
797.0 10.298426171875
798.0 12.58631962890625
799.0 9.4886146484375
