0.0 5.363425390625
1.0 7.1479701171875
2.0 4.2836125
3.0 0.0
4.0 0.0
5.0 0.0
6.0 0.0
7.0 0.0
8.0 0.0
9.0 0.0
10.0 0.0
11.0 0.0
12.0 0.00763701171875
13.0 0.01033017578125
14.0 0.0206603515625
15.0 0.0300716796875
16.0 0.10457197265625
17.0 0.478172265625
18.0 0.333725
19.0 0.27785654296875
20.0 0.87671865234375
21.0 0.65621591796875
22.0 0.6352310546875
23.0 0.55136103515625
24.0 1.26940927734375
25.0 0.23882294921875
26.0 0.052001953125
27.0 0.0726623046875
28.0 3.00723173828125
29.0 4.88880009765625
30.0 5.94447158203125
31.0 1.14818984375
32.0 3.7928498046875
33.0 1.82494033203125
34.0 1.52242275390625
35.0 0.34405517578125
36.0 1.2465953125
37.0 0.21156513671875
38.0 0.41741943359375
39.0 0.13481904296875
40.0 0.23934951171875
41.0 0.66424873046875
42.0 0.32431455078125
43.0 1.50588671875
44.0 3.78799921875
45.0 0.02467939453125
46.0 0.4575119140625
47.0 1.61520185546875
48.0 5.3334271484375
49.0 4.238626953125
50.0 3.71818310546875
51.0 0.76015673828125
52.0 0.05217744140625
53.0 2.4213955078125
54.0 1.66820400390625
55.0 2.70674072265625
56.0 4.935093359375
57.0 3.25527763671875
58.0 2.923491796875
59.0 3.08198408203125
60.0 0.16260537109375
61.0 0.388630078125
62.0 0.1100271484375
63.0 0.57219697265625
64.0 0.1621384765625
65.0 0.13919208984375
66.0 0.08316796875
67.0 0.52037041015625
68.0 0.1202396484375
69.0 0.04592099609375
70.0 0.0
71.0 0.0
72.0 0.0
73.0 0.0
74.0 0.0
75.0 0.0
76.0 0.0
77.0 0.0
78.0 0.0
79.0 0.0
80.0 0.0
81.0 0.0
82.0 0.0
83.0 0.0
84.0 0.0
85.0 0.0
86.0 0.0
87.0 0.02083583984375
88.0 1.623629296875
89.0 1.29273837890625
90.0 1.19840908203125
91.0 0.0
92.0 0.0
93.0 0.01033017578125
94.0 0.01033017578125
95.0 0.0
96.0 0.0
97.0 0.02083583984375
98.0 0.02083583984375
99.0 0.0208359375
100.0 0.03116611328125
101.0 0.0
102.0 0.0
103.0 0.0
104.0 0.0
105.0 0.0
106.0 0.0
107.0 0.0
108.0 0.0
109.0 0.0
110.0 0.0
111.0 0.0
112.0 0.0
113.0 0.0
114.0 0.0
115.0 0.0
116.0 0.0
117.0 0.0
118.0 0.0
119.0 0.0
120.0 0.0
121.0 0.0
122.0 0.0
123.0 0.0
124.0 0.0
125.0 0.0
126.0 0.0
127.0 0.0
128.0 0.0
129.0 0.0
130.0 0.0
131.0 0.0
132.0 0.0
133.0 0.0
134.0 0.0
135.0 0.01033017578125
136.0 0.01033017578125
137.0 0.08611484375
138.0 1.11561875
139.0 2.79877158203125
140.0 0.97505751953125
141.0 0.0
142.0 0.0
143.0 1.4141869140625
144.0 1.63164931640625
145.0 0.54422861328125
146.0 0.21798720703125
147.0 2.04570966796875
148.0 3.29513603515625
149.0 0.26049560546875
150.0 1.4630162109375
151.0 1.36119306640625
152.0 0.60407763671875
153.0 0.212902734375
154.0 0.47869873046875
155.0 0.47197060546875
156.0 0.4948796875
157.0 0.5725478515625
158.0 2.2387837890625
159.0 3.7323326171875
160.0 4.21336943359375
161.0 2.445306640625
162.0 4.14666845703125
163.0 3.462255078125
164.0 2.530219921875
165.0 3.971115625
166.0 2.32811669921875
167.0 0.99336337890625
168.0 3.72505185546875
169.0 5.4045787109375
170.0 2.597630859375
171.0 3.433596484375
172.0 3.33112060546875
173.0 1.2641552734375
174.0 4.6236447265625
175.0 1.3827251953125
176.0 0.8687169921875
177.0 1.7696962890625
178.0 3.64885791015625
179.0 2.123244140625
180.0 1.021484375
181.0 0.81920625
182.0 0.4099349609375
183.0 3.00242841796875
184.0 2.12808759765625
185.0 0.14567578125
186.0 1.571094140625
187.0 1.13028369140625
188.0 0.84201044921875
189.0 4.3506751953125
190.0 4.86453994140625
191.0 4.91277177734375
192.0 4.50494560546875
193.0 0.84004794921875
194.0 4.514975390625
195.0 4.5974681640625
196.0 4.09221416015625
197.0 2.74377978515625
198.0 3.9541041015625
199.0 3.78717490234375
200.0 2.9235349609375
201.0 2.520101953125
202.0 1.37847236328125
203.0 0.0
204.0 0.0
205.0 0.16703798828125
206.0 0.0
207.0 0.0
208.0 0.0
209.0 0.0
210.0 0.0
211.0 0.0
212.0 0.0
213.0 0.0
214.0 0.0
215.0 0.0
216.0 0.0
217.0 0.0
218.0 0.0
219.0 0.0
220.0 0.0
221.0 0.0
222.0 0.0
223.0 0.0
224.0 0.0
225.0 0.0
226.0 0.0
227.0 0.0
228.0 0.0
229.0 0.0
230.0 0.0
231.0 0.0
232.0 0.0
233.0 0.0
234.0 0.0
235.0 0.0
236.0 0.0
237.0 0.0
238.0 0.0
239.0 0.0
240.0 0.0
241.0 0.0
242.0 0.57903876953125
243.0 1.95490283203125
244.0 1.82602822265625
245.0 1.19848408203125
246.0 1.50862919921875
247.0 1.76210791015625
248.0 1.70266640625
249.0 1.9203970703125
250.0 1.8840849609375
251.0 2.085887109375
252.0 1.7866685546875
253.0 1.88887998046875
254.0 1.7780927734375
255.0 2.0193814453125
256.0 1.9696958984375
257.0 1.766730859375
258.0 1.66736943359375
259.0 2.15571533203125
260.0 1.4583201171875
261.0 1.5336177734375
262.0 1.647112109375
263.0 1.62206708984375
264.0 1.65080556640625
265.0 1.85271884765625
266.0 2.11665849609375
267.0 2.053391796875
268.0 2.07012041015625
269.0 1.96140859375
270.0 1.46639384765625
271.0 2.75086220703125
272.0 1.54170908203125
273.0 0.09504794921875
274.0 0.3225173828125
275.0 0.06215673828125
276.0 0.01033017578125
277.0 0.6442150390625
278.0 0.12618603515625
279.0 0.031166015625
280.0 0.031166015625
281.0 0.01033017578125
282.0 0.01033017578125
283.0 0.04149638671875
284.0 0.0
285.0 0.0
286.0 0.0
287.0 0.0
288.0 0.0
289.0 0.0
290.0 0.0
291.0 0.0
292.0 0.0
293.0 0.0
294.0 0.0
295.0 0.0
296.0 0.0
297.0 0.0
298.0 0.0
299.0 0.0
300.0 0.0
301.0 0.0
302.0 0.0
303.0 0.0
304.0 0.0
305.0 0.0
306.0 0.0
307.0 0.0
308.0 0.0
309.0 0.0
310.0 0.0
311.0 0.0
312.0 0.0
313.0 0.0
314.0 0.0
315.0 0.0
316.0 0.0
317.0 0.0
318.0 0.0
319.0 0.0
320.0 0.0
321.0 0.0
322.0 0.0
323.0 0.05200205078125
324.0 0.582218359375
325.0 0.187831640625
326.0 1.09772626953125
327.0 0.0
328.0 0.0
329.0 0.8215837890625
330.0 0.83789970703125
331.0 0.58903642578125
332.0 1.28131884765625
333.0 2.0082931640625
334.0 1.1538466796875
335.0 0.373905078125
336.0 0.02250302734375
337.0 0.0208359375
338.0 0.02066044921875
339.0 0.0206603515625
340.0 0.0208359375
341.0 0.03099072265625
342.0 0.0206603515625
343.0 0.04149619140625
344.0 0.08864306640625
345.0 0.63439208984375
346.0 0.720146875
347.0 0.76617158203125
348.0 1.48401328125
349.0 0.030990625
350.0 0.12519072265625
351.0 0.0206603515625
352.0 0.02083583984375
353.0 0.0
354.0 0.0
355.0 0.0
356.0 0.0
357.0 0.0
358.0 0.0
359.0 0.0
360.0 0.0
361.0 0.0
362.0 0.0
363.0 0.0
364.0 0.0
365.0 0.0
366.0 0.0
367.0 0.0
368.0 0.0
369.0 0.0
370.0 0.0
371.0 0.0
372.0 0.0
373.0 0.0
374.0 0.0
375.0 0.0
376.0 0.0
377.0 0.0
378.0 0.0
379.0 0.0
380.0 0.0
381.0 0.0
382.0 0.0
383.0 0.0
384.0 0.0
385.0 0.01033017578125
386.0 0.0
387.0 0.0
388.0 0.0
389.0 0.0
390.0 0.0
391.0 0.0
392.0 0.0
393.0 0.0
394.0 0.0
395.0 0.0
396.0 0.0
397.0 0.0
398.0 0.0
399.0 0.0
400.0 0.0
401.0 0.0
402.0 0.0
403.0 0.0
404.0 0.0
405.0 0.0
406.0 0.0
407.0 0.0
408.0 0.0
409.0 0.0
410.0 0.0
411.0 0.0206603515625
412.0 2.971067578125
413.0 1.4518931640625
414.0 1.652638671875
415.0 1.7324384765625
416.0 1.595931640625
417.0 0.02584033203125
418.0 0.7417810546875
419.0 1.61949521484375
420.0 1.64685546875
421.0 1.70707919921875
422.0 1.49416162109375
423.0 1.57555322265625
424.0 1.3877521484375
425.0 1.205031640625
426.0 2.00564794921875
427.0 1.420808203125
428.0 1.264959765625
429.0 1.45371201171875
430.0 1.80423486328125
431.0 1.69605546875
432.0 1.03915859375
433.0 2.16444462890625
434.0 1.35697275390625
435.0 1.48688564453125
436.0 1.10966826171875
437.0 0.890665234375
438.0 1.74205546875
439.0 0.8702572265625
440.0 0.50445869140625
441.0 1.28445361328125
442.0 1.3303673828125
443.0 1.2483318359375
444.0 1.40159140625
445.0 1.5823357421875
446.0 1.3253591796875
447.0 1.253351171875
448.0 0.88808076171875
449.0 1.167425390625
450.0 1.03221982421875
451.0 1.01870126953125
452.0 0.60027802734375
453.0 0.86357333984375
454.0 0.702873046875
455.0 0.7358138671875
456.0 0.807214453125
457.0 0.79002001953125
458.0 0.66800712890625
459.0 1.6086345703125
460.0 1.209618359375
461.0 1.2672541015625
462.0 0.99296279296875
463.0 0.48275849609375
464.0 1.4464400390625
465.0 1.047046875
466.0 1.203377734375
467.0 1.15358251953125
468.0 1.30089453125
469.0 1.26223095703125
470.0 1.519739453125
471.0 1.4348228515625
472.0 0.64217216796875
473.0 1.99074375
474.0 0.86094091796875
475.0 0.79863759765625
476.0 0.99445029296875
477.0 0.8485546875
478.0 0.80704091796875
479.0 0.8547931640625
480.0 0.80992490234375
481.0 0.9173578125
482.0 1.2614951171875
483.0 1.400966015625
484.0 1.38732822265625
485.0 1.372460546875
486.0 1.29760654296875
487.0 1.5108876953125
488.0 0.0
489.0 0.0
490.0 0.2639916015625
491.0 0.5909501953125
492.0 0.5739478515625
493.0 1.065312890625
494.0 1.20112021484375
495.0 1.4021478515625
496.0 1.3215431640625
497.0 1.58693154296875
498.0 1.33484111328125
499.0 1.33530712890625
500.0 1.19019384765625
501.0 1.390342578125
502.0 1.509884765625
503.0 1.4071255859375
504.0 1.2406513671875
505.0 1.6003837890625
506.0 1.123932421875
507.0 0.7379669921875
508.0 1.5407283203125
509.0 1.0356998046875
510.0 0.5212478515625
511.0 0.04149638671875
512.0 0.0516509765625
513.0 0.07283779296875
514.0 0.0934982421875
515.0 1.18098642578125
516.0 2.09754521484375
517.0 2.32771025390625
518.0 1.80176474609375
519.0 2.66777607421875
520.0 1.9638892578125
521.0 0.0
522.0 0.0
523.0 0.03264482421875
524.0 0.0
525.0 0.0
526.0 0.0
527.0 0.0
528.0 0.02083583984375
529.0 0.0416716796875
530.0 0.0
531.0 0.0
532.0 0.0
533.0 0.0
534.0 0.0
535.0 0.0
536.0 0.0
537.0 0.0
538.0 0.0
539.0 0.0
540.0 0.0
541.0 0.0
542.0 0.0
543.0 0.0
544.0 0.0
545.0 0.0
546.0 0.0
547.0 0.0
548.0 0.0
549.0 0.0
550.0 0.0
551.0 0.0
552.0 0.0
553.0 0.0
554.0 0.0
555.0 0.0
556.0 0.0
557.0 0.0
558.0 0.0
559.0 0.0
560.0 0.0
561.0 0.0
562.0 0.0
563.0 0.0
564.0 0.0
565.0 0.0
566.0 0.0
567.0 0.0
568.0 0.0
569.0 0.0
570.0 0.0
571.0 0.0
572.0 0.0
573.0 0.0
574.0 0.0
575.0 0.0
576.0 0.0
577.0 0.0
578.0 0.0
579.0 0.0
580.0 0.0
581.0 0.0
582.0 0.97951435546875
583.0 1.9996650390625
584.0 0.7439587890625
585.0 0.631735546875
586.0 0.1875228515625
587.0 0.34370419921875
588.0 0.17684169921875
589.0 0.239700390625
590.0 0.468017578125
591.0 0.29135126953125
592.0 0.87224833984375
593.0 0.7072568359375
594.0 0.64870546875
595.0 0.41576572265625
596.0 0.2711162109375
597.0 0.33054228515625
598.0 0.6471576171875
599.0 0.20854111328125
600.0 0.26036083984375
601.0 0.13534541015625
602.0 0.70841982421875
603.0 0.072837890625
604.0 0.44683076171875
605.0 1.05501142578125
606.0 0.3333859375
607.0 0.2186890625
608.0 0.0
609.0 0.0
610.0 0.07283779296875
611.0 0.11450947265625
612.0 0.57008251953125
613.0 1.30984619140625
614.0 2.6400275390625
615.0 1.130052734375
616.0 0.59373466796875
617.0 2.70128017578125
618.0 2.0091984375
619.0 1.576991796875
620.0 1.01806669921875
621.0 1.17188857421875
622.0 4.03174404296875
623.0 4.68344345703125
624.0 4.07345693359375
625.0 5.38866728515625
626.0 3.44323154296875
627.0 0.3426818359375
628.0 6.13298076171875
629.0 2.80329853515625
630.0 1.5796359375
631.0 1.5285716796875
632.0 0.1453248046875
633.0 0.27033994140625
634.0 0.42599482421875
635.0 2.02702333984375
636.0 2.13037861328125
637.0 1.72233271484375
638.0 1.6399978515625
639.0 1.35219189453125
640.0 1.32570712890625
641.0 2.14575966796875
642.0 3.05853984375
643.0 1.59528125
644.0 1.76708671875
645.0 2.02772197265625
646.0 3.9589966796875
647.0 5.23343125
648.0 5.16281171875
649.0 5.41609033203125
650.0 3.10950048828125
651.0 3.64737939453125
652.0 0.35927421875
653.0 1.9823283203125
654.0 2.99084462890625
655.0 4.00271484375
656.0 3.4326529296875
657.0 4.67694111328125
658.0 4.454153515625
659.0 0.9988923828125
660.0 1.3690900390625
661.0 1.10549560546875
662.0 0.717182421875
663.0 0.39331669921875
664.0 1.14681748046875
665.0 1.789432421875
666.0 1.33804033203125
667.0 1.42488857421875
668.0 0.14567548828125
669.0 2.13441611328125
670.0 2.18437822265625
671.0 3.73309912109375
672.0 0.2539869140625
673.0 0.9766736328125
674.0 2.2057123046875
675.0 1.983433984375
676.0 1.34349423828125
677.0 0.66063466796875
678.0 1.71763515625
679.0 2.21105390625
680.0 1.6709443359375
681.0 0.09367373046875
682.0 0.1246642578125
683.0 0.59268173828125
684.0 0.11415869140625
685.0 0.11415869140625
686.0 0.04132080078125
687.0 0.10382841796875
688.0 0.48937978515625
689.0 1.456230078125
690.0 0.82292939453125
691.0 1.99550634765625
692.0 0.4174193359375
693.0 0.0625076171875
694.0 0.0
695.0 0.0
696.0 0.1875228515625
697.0 0.0206603515625
698.0 0.0414962890625
699.0 0.04818876953125
700.0 0.0
701.0 0.0
702.0 0.01033017578125
703.0 0.0518265625
704.0 0.0
705.0 0.0
706.0 0.01033017578125
707.0 0.0208359375
708.0 0.0
709.0 0.0
710.0 0.0
711.0 0.0
712.0 0.0
713.0 0.0
714.0 0.0
715.0 0.0
716.0 0.0
717.0 0.0
718.0 0.0
719.0 0.0
720.0 0.0
721.0 0.0
722.0 0.0
723.0 0.0
724.0 0.0
725.0 0.0
726.0 0.0
727.0 0.0
728.0 0.0
729.0 0.0
730.0 0.0
731.0 0.0
732.0 0.0
733.0 0.0
734.0 0.0
735.0 0.0
736.0 0.0
737.0 0.0
738.0 0.0
739.0 0.0
740.0 0.0
741.0 0.0
742.0 0.0
743.0 0.0
744.0 0.0
745.0 0.0
746.0 0.0
747.0 0.0
748.0 0.0
749.0 0.0
750.0 0.0
751.0 0.0
752.0 0.0
753.0 0.0
754.0 0.0
755.0 0.0
756.0 0.0
757.0 0.0
758.0 0.0
759.0 0.0
760.0 0.0
761.0 0.0
762.0 0.0
763.0 0.0
764.0 0.0
765.0 0.0
766.0 0.0
767.0 0.0
768.0 0.01033017578125
769.0 0.79700166015625
770.0 1.39409384765625
771.0 0.56825029296875
772.0 0.6250763671875
773.0 0.94683203125
774.0 0.6761982421875
775.0 0.679246484375
776.0 1.54521318359375
777.0 1.90145732421875
778.0 5.80213486328125
779.0 1.1345169921875
780.0 1.19967021484375
781.0 2.24742724609375
782.0 13.4294482421875
783.0 0.5691650390625
784.0 12.79789541015625
785.0 5.24430791015625
786.0 4.6181974609375
787.0 3.36751533203125
788.0 8.2946609375
789.0 2.7445388671875
790.0 10.072415234375
791.0 8.53705146484375
792.0 1.65829482421875
793.0 3.2950515625
794.0 2.366714453125
795.0 3.14237978515625
796.0 0.0
797.0 0.0
798.0 0.04110185546875
799.0 0.06272666015625
