0.0 50.9430533203125
1.0 44.0173771484375
2.0 51.7245060546875
3.0 49.281264453125
4.0 51.90168359375
5.0 47.06862685546875
6.0 40.15274501953125
7.0 67.1503912109375
8.0 52.1359658203125
9.0 53.05452978515625
10.0 43.1906416015625
11.0 51.35848984375
12.0 50.0805408203125
13.0 53.102251171875
14.0 51.80140615234375
15.0 52.18712109375
16.0 51.12063349609375
17.0 51.52380087890625
18.0 51.78522626953125
19.0 53.08605087890625
20.0 46.4158421875
21.0 51.3307978515625
22.0 53.23895556640625
23.0 47.8857849609375
24.0 57.848377734375
25.0 51.7375029296875
26.0 44.67723837890625
27.0 56.5598939453125
28.0 51.03546572265625
29.0 51.881512890625
30.0 50.9844474609375
31.0 51.33695693359375
32.0 58.35272548828125
33.0 51.1154546875
34.0 51.91490908203125
35.0 48.07803359375
36.0 43.38358974609375
37.0 51.0264458984375
38.0 36.685030859375
39.0 66.1107908203125
40.0 40.57172060546875
41.0 62.140671875
42.0 43.98795029296875
43.0 51.867401171875
44.0 52.81315107421875
45.0 36.5055380859375
46.0 66.5131482421875
47.0 52.07686298828125
48.0 53.25902861328125
49.0 47.71757080078125
50.0 46.45264345703125
51.0 56.21671845703125
52.0 52.648807421875
53.0 51.9109162109375
54.0 48.1090484375
55.0 51.28369794921875
56.0 52.14023466796875
57.0 52.2564365234375
58.0 46.5756482421875
59.0 47.27298828125
60.0 45.10200498046875
61.0 66.07624638671875
62.0 51.56678779296875
63.0 56.77797705078125
64.0 51.0517921875
65.0 52.6369279296875
66.0 51.5563474609375
67.0 46.7917419921875
68.0 53.99132919921875
69.0 50.87865341796875
70.0 37.068805859375
71.0 67.11221728515625
72.0 53.8638978515625
73.0 52.57035439453125
74.0 47.67325732421875
75.0 48.40395380859375
76.0 52.23897783203125
77.0 52.56591376953125
78.0 49.00163701171875
79.0 53.9528078125
80.0 53.16577060546875
81.0 53.62310947265625
82.0 53.08715498046875
83.0 52.86808603515625
84.0 46.0371517578125
85.0 53.15927158203125
86.0 52.10693125
87.0 52.30089609375
88.0 45.1834234375
89.0 60.44783037109375
90.0 48.7897849609375
91.0 53.64849794921875
92.0 50.02322265625
93.0 41.17230849609375
94.0 65.67136962890625
95.0 49.2488462890625
96.0 51.2416609375
97.0 52.0097044921875
98.0 46.624105078125
99.0 44.4035447265625
100.0 36.9410517578125
101.0 55.02590908203125
102.0 49.46246640625
103.0 36.63509365234375
104.0 58.86557333984375
105.0 49.14161220703125
106.0 49.51579580078125
107.0 48.13429990234375
108.0 46.58863486328125
109.0 50.03738818359375
110.0 41.98889462890625
111.0 46.19104580078125
112.0 28.30962001953125
113.0 41.24674990234375
114.0 44.5024625
115.0 28.66671806640625
116.0 29.14234658203125
117.0 54.72780791015625
118.0 36.46527314453125
119.0 45.58865126953125
120.0 47.5691109375
121.0 50.32238330078125
122.0 42.06638505859375
123.0 41.74024423828125
124.0 29.73493857421875
125.0 48.430266015625
126.0 45.40964091796875
127.0 38.4636603515625
128.0 23.94170126953125
129.0 45.7326046875
130.0 44.10099599609375
131.0 50.52927607421875
132.0 46.54878369140625
133.0 45.829394140625
134.0 55.46956953125
135.0 52.0490384765625
136.0 50.4282376953125
137.0 43.5450318359375
138.0 41.8449078125
139.0 52.79647060546875
140.0 52.84144189453125
141.0 54.56291357421875
142.0 50.99968447265625
143.0 42.773590234375
144.0 53.0611203125
145.0 35.744789453125
146.0 45.9616716796875
147.0 51.7124041015625
148.0 53.405490234375
149.0 11.59380556640625
150.0 35.4773330078125
151.0 43.813288671875
152.0 50.895069921875
153.0 51.41082353515625
154.0 45.18726162109375
155.0 49.4857765625
156.0 44.80435546875
157.0 27.7514529296875
158.0 48.79808720703125
159.0 53.04269052734375
160.0 45.961086328125
161.0 51.39188759765625
162.0 28.46723349609375
163.0 27.51388076171875
164.0 43.9332544921875
165.0 36.79757138671875
166.0 47.95396044921875
167.0 45.7646048828125
168.0 52.9562517578125
169.0 36.557003515625
170.0 67.56271298828125
171.0 52.54974580078125
172.0 49.34791982421875
173.0 47.21140244140625
174.0 48.10235888671875
175.0 49.27554111328125
176.0 50.85339755859375
177.0 50.428054296875
178.0 50.80206767578125
179.0 52.961732421875
180.0 41.79721279296875
181.0 51.3526494140625
182.0 41.9731755859375
183.0 45.129747265625
184.0 40.77006572265625
185.0 52.64139169921875
186.0 60.643841796875
187.0 50.4039791015625
188.0 51.24049775390625
189.0 50.51219951171875
190.0 50.34951142578125
191.0 45.63161123046875
192.0 57.0646791015625
193.0 52.34771806640625
194.0 37.06225009765625
195.0 63.2857271484375
196.0 53.36253017578125
197.0 49.73566484375
198.0 35.25517080078125
199.0 49.360954296875
200.0 67.11535078125
201.0 52.6765216796875
202.0 47.651674609375
203.0 47.94836044921875
204.0 50.9002779296875
205.0 36.60983017578125
206.0 70.399617578125
207.0 51.795584375
208.0 44.44650615234375
209.0 51.7849576171875
210.0 49.74553115234375
211.0 50.89212548828125
212.0 47.22968603515625
213.0 44.8784080078125
214.0 52.09686103515625
215.0 49.518879296875
216.0 47.07516806640625
217.0 48.1489689453125
218.0 58.27199423828125
219.0 49.1372279296875
220.0 51.85738486328125
221.0 51.18996552734375
222.0 49.40781259765625
223.0 32.49310224609375
224.0 67.221566015625
225.0 47.4690603515625
226.0 48.75930576171875
227.0 47.9603138671875
228.0 50.72740205078125
229.0 54.7894796875
230.0 49.33340869140625
231.0 49.062558203125
232.0 49.82182138671875
233.0 45.14764931640625
234.0 50.26483369140625
235.0 49.6023595703125
236.0 50.02189072265625
237.0 37.4225150390625
238.0 67.159011328125
239.0 50.920477734375
240.0 48.76917919921875
241.0 50.84108408203125
242.0 46.98383544921875
243.0 48.21190224609375
244.0 27.03056044921875
245.0 46.14885517578125
246.0 47.0510080078125
247.0 46.29851650390625
248.0 47.60511259765625
249.0 46.5467232421875
250.0 50.9668791015625
251.0 52.40774560546875
252.0 39.77383779296875
253.0 58.60292890625
254.0 49.21226728515625
255.0 50.73356123046875
256.0 50.08037021484375
257.0 47.24690126953125
258.0 49.87438232421875
259.0 46.399469921875
260.0 51.70916279296875
261.0 48.14700712890625
262.0 49.31053056640625
263.0 32.92364541015625
264.0 67.07539248046875
265.0 47.32998837890625
266.0 47.2326830078125
267.0 48.9217892578125
268.0 53.2362388671875
269.0 53.677290234375
270.0 50.52812744140625
271.0 46.70059296875
272.0 44.1651345703125
273.0 62.048662890625
274.0 49.1812921875
275.0 48.99088017578125
276.0 52.1505236328125
277.0 55.7925427734375
278.0 31.52917119140625
279.0 61.1939134765625
280.0 52.24769755859375
281.0 48.42857216796875
282.0 53.64109130859375
283.0 34.36005205078125
284.0 63.36568427734375
285.0 34.47302607421875
286.0 65.15765087890625
287.0 56.85984658203125
288.0 40.5168474609375
289.0 56.5257728515625
290.0 39.7983017578125
291.0 25.955826953125
292.0 32.1839830078125
293.0 36.22092060546875
294.0 46.2898404296875
295.0 44.70396611328125
296.0 41.1818390625
297.0 59.08133818359375
298.0 38.3847001953125
299.0 56.06352373046875
300.0 48.32901650390625
301.0 50.55657001953125
302.0 33.47124423828125
303.0 64.77221611328125
304.0 53.1000716796875
305.0 47.187980078125
306.0 37.98089931640625
307.0 61.92902587890625
308.0 35.549276953125
309.0 63.06690224609375
310.0 47.636979296875
311.0 44.43916533203125
312.0 51.022903125
313.0 52.27710107421875
314.0 49.30864375
315.0 47.615926171875
316.0 47.522264453125
317.0 46.99728603515625
318.0 41.1311037109375
319.0 47.983066015625
320.0 49.48022939453125
321.0 49.62568349609375
322.0 51.25107314453125
323.0 44.8008935546875
324.0 50.50117529296875
325.0 42.76222138671875
326.0 52.62371669921875
327.0 52.40095869140625
328.0 49.95763759765625
329.0 46.97082490234375
330.0 51.43900947265625
331.0 46.6796595703125
332.0 48.94618125
333.0 52.81943779296875
334.0 50.73306064453125
335.0 46.42583984375
336.0 50.0917099609375
337.0 39.40157080078125
338.0 60.8429333984375
339.0 52.86255966796875
340.0 51.35039384765625
341.0 50.90559921875
342.0 49.18798583984375
343.0 49.65679189453125
344.0 54.57764208984375
345.0 50.24598984375
346.0 47.5458833984375
347.0 50.68903779296875
348.0 50.06108486328125
349.0 32.93187060546875
350.0 46.6952896484375
351.0 55.838500390625
352.0 45.4967583984375
353.0 50.12148056640625
354.0 45.0207453125
355.0 51.03907275390625
356.0 41.5176134765625
357.0 52.1278646484375
358.0 40.06761220703125
359.0 50.57598876953125
360.0 50.8105083984375
361.0 49.8496556640625
362.0 49.45792998046875
363.0 48.168796484375
364.0 50.90788349609375
365.0 36.19622177734375
366.0 56.13187255859375
367.0 37.49030810546875
368.0 43.1768822265625
369.0 47.7980126953125
370.0 49.80492548828125
371.0 44.63512412109375
372.0 47.72101357421875
373.0 47.609820703125
374.0 49.48071953125
375.0 51.527972265625
376.0 48.82891123046875
377.0 49.88102978515625
378.0 48.4486103515625
379.0 50.510334765625
380.0 51.622630859375
381.0 50.827857421875
382.0 43.8857818359375
383.0 49.9204283203125
384.0 50.11823173828125
385.0 48.71587685546875
386.0 55.8822119140625
387.0 40.638276171875
388.0 31.225148046875
389.0 67.43334609375
390.0 43.5789318359375
391.0 53.0735796875
392.0 44.7535630859375
393.0 50.5728515625
394.0 50.9591259765625
395.0 37.238815625
396.0 66.799054296875
397.0 47.903551171875
398.0 49.9713986328125
399.0 49.56964775390625
400.0 50.44428505859375
401.0 50.44497685546875
402.0 42.0459458984375
403.0 59.6231552734375
404.0 51.46131943359375
405.0 51.99866455078125
406.0 52.35211376953125
407.0 52.003589453125
408.0 55.3489544921875
409.0 48.4649521484375
410.0 50.027762890625
411.0 52.32577294921875
412.0 52.5088248046875
413.0 47.13549541015625
414.0 55.63767119140625
415.0 47.04805927734375
416.0 56.49149794921875
417.0 52.64908525390625
418.0 37.1193765625
419.0 58.136435546875
420.0 52.89513359375
421.0 50.5947416015625
422.0 49.878149609375
423.0 53.1529021484375
424.0 51.6731689453125
425.0 34.299028515625
426.0 66.16445595703125
427.0 47.1647572265625
428.0 35.644343359375
429.0 47.79631796875
430.0 41.2046048828125
431.0 41.22689111328125
432.0 39.0150625
433.0 43.1470814453125
434.0 21.4583923828125
435.0 48.45632880859375
436.0 40.69154130859375
437.0 46.2563748046875
438.0 37.16951259765625
439.0 23.667030859375
440.0 26.0088173828125
441.0 48.2782884765625
442.0 47.5780484375
443.0 39.865775
444.0 51.31285673828125
445.0 45.1961529296875
446.0 46.80345107421875
447.0 45.03677451171875
448.0 44.58144091796875
449.0 38.45030947265625
450.0 33.23262392578125
451.0 45.20698544921875
452.0 49.09075615234375
453.0 45.8200017578125
454.0 47.94215439453125
455.0 29.8053048828125
456.0 48.9871115234375
457.0 50.55632666015625
458.0 52.53410224609375
459.0 46.66792763671875
460.0 43.720078515625
461.0 56.3559673828125
462.0 52.4869908203125
463.0 51.54843056640625
464.0 49.56088935546875
465.0 47.74743359375
466.0 49.88982392578125
467.0 47.13038447265625
468.0 49.53774873046875
469.0 47.5519744140625
470.0 43.86868837890625
471.0 41.88624736328125
472.0 51.87464736328125
473.0 51.4022146484375
474.0 50.04532705078125
475.0 50.0150685546875
476.0 48.68240166015625
477.0 29.9893017578125
478.0 13.3507080078125
479.0 38.84013974609375
480.0 48.1756904296875
481.0 48.99751435546875
482.0 38.740533203125
483.0 15.61577060546875
484.0 46.27724833984375
485.0 47.60874833984375
486.0 49.153948828125
487.0 55.6226703125
488.0 49.24372392578125
489.0 48.315469921875
490.0 51.8775515625
491.0 53.735650390625
492.0 48.42451298828125
493.0 39.94331552734375
494.0 64.8983791015625
495.0 47.3360826171875
496.0 39.06247548828125
497.0 49.4769916015625
498.0 63.61643173828125
499.0 56.51506962890625
500.0 52.15598916015625
501.0 49.21033125
502.0 52.3791990234375
503.0 51.26898720703125
504.0 51.39040234375
505.0 52.1413365234375
506.0 47.413583984375
507.0 45.19181572265625
508.0 59.0703751953125
509.0 43.8829380859375
510.0 54.32660810546875
511.0 50.68099736328125
512.0 51.48299716796875
513.0 51.71304140625
514.0 59.2441287109375
515.0 48.65148515625
516.0 52.6689447265625
517.0 49.13132734375
518.0 49.84295244140625
519.0 48.6802306640625
520.0 51.584448828125
521.0 35.244546875
522.0 31.5431423828125
523.0 31.96640771484375
524.0 23.75893994140625
525.0 20.4027921875
526.0 30.228801171875
527.0 45.31916982421875
528.0 51.68610107421875
529.0 31.8145193359375
530.0 38.36184248046875
531.0 37.2053125
532.0 48.2731978515625
533.0 23.041757421875
534.0 68.62633203125
535.0 51.45404052734375
536.0 46.20085244140625
537.0 46.50527421875
538.0 49.58621015625
539.0 50.6144595703125
540.0 51.04892529296875
541.0 50.800872265625
542.0 52.8762111328125
543.0 58.04147978515625
544.0 47.49091533203125
545.0 58.599640625
546.0 47.3389845703125
547.0 51.31568740234375
548.0 48.528454296875
549.0 48.6236705078125
550.0 52.80536025390625
551.0 51.94783583984375
552.0 29.74190166015625
553.0 48.1420859375
554.0 43.575617578125
555.0 43.79443359375
556.0 41.49479013671875
557.0 31.3548302734375
558.0 33.3067833984375
559.0 19.1763306640625
560.0 27.16895146484375
561.0 30.68946796875
562.0 49.29472763671875
563.0 44.79969423828125
564.0 57.53809521484375
565.0 48.68647392578125
566.0 43.20063916015625
567.0 12.594688671875
568.0 44.44161982421875
569.0 45.63540625
570.0 39.59148095703125
571.0 46.4152173828125
572.0 55.96116689453125
573.0 43.6455716796875
574.0 51.259748828125
575.0 52.89971552734375
576.0 48.93459853515625
577.0 36.53383583984375
578.0 45.2815986328125
579.0 51.4836392578125
580.0 50.8678966796875
581.0 50.4459078125
582.0 41.41023125
583.0 33.397409375
584.0 74.19669423828125
585.0 43.7234416015625
586.0 51.6560115234375
587.0 48.3718158203125
588.0 48.61813388671875
589.0 48.82307919921875
590.0 45.5364408203125
591.0 41.46301728515625
592.0 55.92068154296875
593.0 31.341646484375
594.0 29.8367197265625
595.0 20.35416533203125
596.0 27.07204765625
597.0 47.1630576171875
598.0 47.3108416015625
599.0 52.0244517578125
600.0 46.5453740234375
601.0 49.030259375
602.0 49.62557529296875
603.0 50.25938017578125
604.0 50.9385099609375
605.0 46.643028125
606.0 39.30005166015625
607.0 46.945374609375
608.0 47.99159951171875
609.0 48.63868193359375
610.0 52.57389287109375
611.0 44.28346484375
612.0 51.75533662109375
613.0 54.61250888671875
614.0 51.06475107421875
615.0 44.41423916015625
616.0 50.60174091796875
617.0 52.88923505859375
618.0 39.7522822265625
619.0 47.27186279296875
620.0 47.6893857421875
621.0 49.14673349609375
622.0 49.1113427734375
623.0 48.6420673828125
624.0 54.3149484375
625.0 40.39999091796875
626.0 49.79707802734375
627.0 46.91322548828125
628.0 47.712961328125
629.0 49.2085546875
630.0 52.5364990234375
631.0 47.15985771484375
632.0 51.70285107421875
633.0 49.25791689453125
634.0 51.25045185546875
635.0 49.108147265625
636.0 37.68170537109375
637.0 66.82781953125
638.0 49.1554240234375
639.0 47.3454771484375
640.0 46.56744990234375
641.0 48.2121974609375
642.0 49.3095314453125
643.0 43.8875025390625
644.0 35.3502146484375
645.0 38.41114052734375
646.0 61.44476728515625
647.0 49.665196484375
648.0 52.59360166015625
649.0 41.5706466796875
650.0 49.03453701171875
651.0 47.8952583984375
652.0 50.83955869140625
653.0 49.35788193359375
654.0 44.97527314453125
655.0 59.07067666015625
656.0 51.50556591796875
657.0 49.644565234375
658.0 49.78778017578125
659.0 51.32918828125
660.0 46.24765390625
661.0 52.00504599609375
662.0 50.99045458984375
663.0 49.0778611328125
664.0 51.779155078125
665.0 54.8041544921875
666.0 50.60421640625
667.0 49.49819501953125
668.0 49.66335234375
669.0 45.78914052734375
670.0 44.00646279296875
671.0 49.5736111328125
672.0 55.34359189453125
673.0 50.07188408203125
674.0 51.8875861328125
675.0 45.596365625
676.0 48.366403515625
677.0 49.2172388671875
678.0 50.063674609375
679.0 47.1772673828125
680.0 54.17752783203125
681.0 39.01721572265625
682.0 60.84196923828125
683.0 52.83113994140625
684.0 52.31610302734375
685.0 52.593805859375
686.0 58.0581765625
687.0 46.51744453125
688.0 53.0425458984375
689.0 51.6230810546875
690.0 50.56375703125
691.0 39.4174568359375
692.0 46.12618720703125
693.0 53.589280859375
694.0 53.2002958984375
695.0 52.57892138671875
696.0 49.4582865234375
697.0 51.39697451171875
698.0 53.6031455078125
699.0 41.67531142578125
700.0 47.6257490234375
701.0 52.1099873046875
702.0 49.26674384765625
703.0 34.5815255859375
704.0 59.44422421875
705.0 58.1832017578125
706.0 52.47887919921875
707.0 53.1083044921875
708.0 49.216554296875
709.0 31.6086080078125
710.0 58.844391015625
711.0 48.24295185546875
712.0 48.62810810546875
713.0 49.19666416015625
714.0 51.9600478515625
715.0 50.31064248046875
716.0 48.68280615234375
717.0 48.52690947265625
718.0 51.17711259765625
719.0 52.08260703125
720.0 47.94339951171875
721.0 50.5771892578125
722.0 50.84831318359375
723.0 51.86527158203125
724.0 52.32663603515625
725.0 48.29109169921875
726.0 48.5306564453125
727.0 52.07291220703125
728.0 51.4763359375
729.0 50.6889703125
730.0 40.50778056640625
731.0 47.632096484375
732.0 57.185329296875
733.0 33.1066564453125
734.0 69.07279765625
735.0 47.5941888671875
736.0 51.41721962890625
737.0 51.382578125
738.0 32.55399052734375
739.0 50.31526484375
740.0 54.591422265625
741.0 45.80905009765625
742.0 36.39128798828125
743.0 48.788559765625
744.0 43.70443583984375
745.0 41.47142333984375
746.0 58.9077013671875
747.0 53.4347654296875
748.0 30.80897412109375
749.0 70.067813671875
750.0 19.772037890625
751.0 22.9110935546875
752.0 33.52002822265625
753.0 65.304300390625
754.0 41.62484208984375
755.0 53.71122529296875
756.0 17.81641181640625
757.0 63.33308330078125
758.0 39.49390947265625
759.0 41.603848046875
760.0 32.3245494140625
761.0 8.7249564453125
762.0 5.2307052734375
763.0 2.549
764.0 5.472446875
765.0 7.9776755859375
766.0 7.95115078125
767.0 7.0012875
768.0 6.5269966796875
769.0 5.0355220703125
770.0 4.47731435546875
771.0 20.002970703125
772.0 34.450583203125
773.0 50.399121875
774.0 52.569869140625
775.0 48.97774482421875
776.0 39.77497666015625
777.0 55.5943232421875
778.0 44.8350849609375
779.0 49.5593119140625
780.0 53.3585240234375
781.0 50.0239626953125
782.0 35.36424765625
783.0 46.99038037109375
784.0 39.71049951171875
785.0 61.107815625
786.0 45.62789228515625
787.0 48.007985546875
788.0 51.06005263671875
789.0 53.03121533203125
790.0 50.95834111328125
791.0 41.6056421875
792.0 32.69355439453125
793.0 53.2200806640625
794.0 39.4419529296875
795.0 43.3622982421875
796.0 60.0544326171875
797.0 43.24184541015625
798.0 52.70385849609375
799.0 51.28608974609375
