0.0 17.40944892578125
1.0 28.543507421875
2.0 24.1884462890625
3.0 22.0332267578125
4.0 23.7397404296875
5.0 24.13805224609375
6.0 21.78206923828125
7.0 24.35196650390625
8.0 21.921314453125
9.0 22.0381740234375
10.0 21.78321474609375
11.0 24.31084189453125
12.0 21.65754970703125
13.0 24.418050390625
14.0 20.83629658203125
15.0 24.41576376953125
16.0 24.28216181640625
17.0 22.02163720703125
18.0 24.3443912109375
19.0 20.8254998046875
20.0 24.25139990234375
21.0 21.660262890625
22.0 24.1334580078125
23.0 21.82610732421875
24.0 24.21051396484375
25.0 21.68340693359375
26.0 21.3343078125
27.0 23.64590537109375
28.0 19.87275654296875
29.0 21.904889453125
30.0 21.663111328125
31.0 24.16222158203125
32.0 23.78261650390625
33.0 16.33511064453125
34.0 24.95125947265625
35.0 24.419593359375
36.0 22.27467802734375
37.0 24.55111640625
38.0 21.79064228515625
39.0 21.9722673828125
40.0 21.55874765625
41.0 25.2413994140625
42.0 24.37372705078125
43.0 21.9430166015625
44.0 22.1885009765625
45.0 22.28810703125
46.0 20.1773453125
47.0 26.757644140625
48.0 24.69485400390625
49.0 15.1770595703125
50.0 31.1088662109375
51.0 19.7593328125
52.0 26.77051279296875
53.0 15.53424921875
54.0 28.119319921875
55.0 24.64536611328125
56.0 24.4840833984375
57.0 21.75305869140625
58.0 24.2833755859375
59.0 23.65751064453125
60.0 22.29843896484375
61.0 21.201597265625
62.0 25.60871513671875
63.0 24.3549751953125
64.0 22.18776064453125
65.0 24.37071630859375
66.0 22.3825876953125
67.0 23.9261076171875
68.0 19.14409404296875
69.0 20.02206611328125
70.0 22.71778603515625
71.0 24.09867373046875
72.0 21.3453716796875
73.0 19.43556064453125
74.0 24.230500390625
75.0 23.2245513671875
76.0 21.51721435546875
77.0 24.3756662109375
78.0 19.50650478515625
79.0 23.0839705078125
80.0 22.76094638671875
81.0 21.257967578125
82.0 22.9245443359375
83.0 22.13152861328125
84.0 24.527158984375
85.0 20.80054990234375
86.0 23.2546328125
87.0 21.96894853515625
88.0 24.5325076171875
89.0 24.34847880859375
90.0 21.9960515625
91.0 24.540771484375
92.0 21.97985146484375
93.0 24.6083287109375
94.0 21.01732060546875
95.0 18.63634873046875
96.0 23.73463671875
97.0 19.51117666015625
98.0 17.69792294921875
99.0 20.7279935546875
100.0 15.9846962890625
101.0 28.90884794921875
102.0 18.469150390625
103.0 24.6999876953125
104.0 23.4270267578125
105.0 20.356451171875
106.0 23.2642328125
107.0 24.41943544921875
108.0 14.4665251953125
109.0 28.6412822265625
110.0 20.03584833984375
111.0 21.13198349609375
112.0 19.21979560546875
113.0 18.998971484375
114.0 21.812069140625
115.0 24.286291796875
116.0 21.628199609375
117.0 23.7389728515625
118.0 21.58661943359375
119.0 24.3417998046875
120.0 24.13790341796875
121.0 21.9565833984375
122.0 23.56995546875
123.0 17.0769080078125
124.0 27.21223291015625
125.0 24.32967666015625
126.0 24.20101611328125
127.0 21.95722724609375
128.0 24.2835236328125
129.0 20.828660546875
130.0 23.611369921875
131.0 22.12256171875
132.0 24.11760595703125
133.0 24.0602900390625
134.0 20.3065677734375
135.0 23.5769587890625
136.0 22.99402705078125
137.0 12.090375390625
138.0 11.3810498046875
139.0 23.9306013671875
140.0 21.9689578125
141.0 22.58652548828125
142.0 22.6597443359375
143.0 21.49432587890625
144.0 22.76867509765625
145.0 21.59460380859375
146.0 24.87208017578125
147.0 21.56654619140625
148.0 24.823020703125
149.0 21.8659435546875
150.0 24.337484375
151.0 21.75351220703125
152.0 23.9508638671875
153.0 16.90340146484375
154.0 26.86674638671875
155.0 23.37957412109375
156.0 20.9852890625
157.0 23.2413419921875
158.0 17.57133857421875
159.0 25.14426513671875
160.0 22.064029296875
161.0 24.13817822265625
162.0 22.28291787109375
163.0 23.34084482421875
164.0 23.24438125
165.0 23.6066123046875
166.0 21.7759033203125
167.0 22.3290302734375
168.0 21.77189716796875
169.0 23.509026171875
170.0 22.286221484375
171.0 20.96701162109375
172.0 22.89172392578125
173.0 21.0010525390625
174.0 17.74449521484375
175.0 28.72481494140625
176.0 21.75042158203125
177.0 23.3505482421875
178.0 21.19622666015625
179.0 24.94752255859375
180.0 21.8033482421875
181.0 23.9641669921875
182.0 23.697121484375
183.0 21.68161025390625
184.0 23.78865078125
185.0 21.141216015625
186.0 21.05177607421875
187.0 20.94820537109375
188.0 20.48646484375
189.0 18.881244921875
190.0 24.00202998046875
191.0 21.6882328125
192.0 24.45694287109375
193.0 23.9875328125
194.0 17.13704970703125
195.0 27.705923046875
196.0 20.20366044921875
197.0 24.1499109375
198.0 24.43027744140625
199.0 21.95800234375
200.0 24.66333125
201.0 21.96732314453125
202.0 24.18689775390625
203.0 23.88955341796875
204.0 22.09233125
205.0 23.8229693359375
206.0 21.5907775390625
207.0 24.1320830078125
208.0 21.7092080078125
209.0 24.27221474609375
210.0 16.415945703125
211.0 27.94979482421875
212.0 24.3469998046875
213.0 24.22462265625
214.0 21.943015234375
215.0 24.9698205078125
216.0 22.1201623046875
217.0 24.58676181640625
218.0 21.84828623046875
219.0 24.7235234375
220.0 21.53104775390625
221.0 24.69083984375
222.0 24.89467421875
223.0 22.59589326171875
224.0 25.1470599609375
225.0 22.42871083984375
226.0 24.462713671875
227.0 22.425153515625
228.0 24.6173689453125
229.0 24.814020703125
230.0 22.5711390625
231.0 25.4832451171875
232.0 22.64603779296875
233.0 23.60535615234375
234.0 22.24398544921875
235.0 24.46814921875
236.0 17.67746435546875
237.0 24.36413369140625
238.0 24.45083037109375
239.0 21.86968916015625
240.0 25.06268974609375
241.0 21.89621142578125
242.0 25.30756416015625
243.0 20.1014576171875
244.0 22.00882451171875
245.0 26.157395703125
246.0 24.65788916015625
247.0 22.152987890625
248.0 24.14321875
249.0 20.4510087890625
250.0 23.91604169921875
251.0 24.72071640625
252.0 21.244782421875
253.0 21.35091181640625
254.0 22.45178974609375
255.0 21.75867099609375
256.0 24.69536650390625
257.0 24.2086521484375
258.0 20.548680078125
259.0 24.71549677734375
260.0 22.306837109375
261.0 20.511970703125
262.0 23.51763984375
263.0 20.8967984375
264.0 22.05957509765625
265.0 25.19562890625
266.0 21.77120986328125
267.0 17.044121875
268.0 29.22435732421875
269.0 24.62863056640625
270.0 21.63704697265625
271.0 24.51411328125
272.0 23.11457138671875
273.0 22.22037236328125
274.0 23.90242998046875
275.0 21.890088671875
276.0 24.26477373046875
277.0 20.91772216796875
278.0 22.8849673828125
279.0 21.2950892578125
280.0 25.3007673828125
281.0 21.40896787109375
282.0 22.50266513671875
283.0 18.81416435546875
284.0 23.5189955078125
285.0 21.75583916015625
286.0 24.39378076171875
287.0 22.19307353515625
288.0 15.48908564453125
289.0 31.3569736328125
290.0 24.44751796875
291.0 21.83800927734375
292.0 23.81864541015625
293.0 21.67034892578125
294.0 24.5614625
295.0 21.8281802734375
296.0 24.186317578125
297.0 22.59680888671875
298.0 23.0110408203125
299.0 21.67427919921875
300.0 25.79331953125
301.0 21.863065234375
302.0 22.79448359375
303.0 19.7046572265625
304.0 14.8735080078125
305.0 18.47337890625
306.0 24.15656015625
307.0 15.81081640625
308.0 23.3746654296875
309.0 22.35259169921875
310.0 24.2422763671875
311.0 24.78134892578125
312.0 21.20811435546875
313.0 24.6748869140625
314.0 21.907411328125
315.0 24.1127900390625
316.0 21.563447265625
317.0 23.22501044921875
318.0 19.4599466796875
319.0 21.9978326171875
320.0 24.47011416015625
321.0 27.01636767578125
322.0 21.99111689453125
323.0 23.389523046875
324.0 24.28002021484375
325.0 21.85080576171875
326.0 17.30669248046875
327.0 28.2536783203125
328.0 22.046250390625
329.0 24.59640556640625
330.0 24.36517578125
331.0 22.71637744140625
332.0 23.2962431640625
333.0 10.48156982421875
334.0 7.4100888671875
335.0 8.00248046875
336.0 24.24128447265625
337.0 23.874701171875
338.0 22.10905751953125
339.0 24.57522119140625
340.0 20.1460123046875
341.0 22.249186328125
342.0 21.48892080078125
343.0 18.883516796875
344.0 28.8264845703125
345.0 21.8955443359375
346.0 24.0916619140625
347.0 21.302623828125
348.0 24.198547265625
349.0 21.69509658203125
350.0 24.4766291015625
351.0 24.452715625
352.0 22.22223798828125
353.0 24.45608447265625
354.0 22.23470634765625
355.0 24.4669740234375
356.0 21.167157421875
357.0 18.24255634765625
358.0 21.53363388671875
359.0 24.06145673828125
360.0 16.34298974609375
361.0 21.2028890625
362.0 23.508037890625
363.0 21.866885546875
364.0 24.48094111328125
365.0 24.50274609375
366.0 22.1844283203125
367.0 24.1067158203125
368.0 21.80439951171875
369.0 24.4993412109375
370.0 22.21357138671875
371.0 24.3176841796875
372.0 20.86165283203125
373.0 24.60353349609375
374.0 22.11014912109375
375.0 24.3614328125
376.0 23.872647265625
377.0 21.00559990234375
378.0 24.07778046875
379.0 21.75369501953125
380.0 24.5804859375
381.0 24.14004892578125
382.0 21.0403287109375
383.0 18.6482818359375
384.0 13.1976015625
385.0 31.7645083984375
386.0 21.884339453125
387.0 24.11812138671875
388.0 23.265034375
389.0 24.33609619140625
390.0 21.33457939453125
391.0 24.6295259765625
392.0 19.54218720703125
393.0 27.43224853515625
394.0 16.46481318359375
395.0 27.7423173828125
396.0 23.34506982421875
397.0 20.77769580078125
398.0 24.34949443359375
399.0 21.60384306640625
400.0 24.6251521484375
401.0 23.92728076171875
402.0 21.69724208984375
403.0 22.57737880859375
404.0 24.11707998046875
405.0 23.496678515625
406.0 21.93789501953125
407.0 24.10974736328125
408.0 21.80124248046875
409.0 24.40537568359375
410.0 21.72940146484375
411.0 22.5340052734375
412.0 20.896052734375
413.0 23.81391953125
414.0 20.0157201171875
415.0 24.52363896484375
416.0 24.0325447265625
417.0 22.21654658203125
418.0 22.18240048828125
419.0 24.28160439453125
420.0 21.83015927734375
421.0 24.0658201171875
422.0 17.0155576171875
423.0 23.8192822265625
424.0 28.0337154296875
425.0 24.3893595703125
426.0 24.1996115234375
427.0 21.56484404296875
428.0 23.8040998046875
429.0 19.443176171875
430.0 24.0611310546875
431.0 21.5356251953125
432.0 23.930762109375
433.0 23.56458408203125
434.0 23.38569970703125
435.0 22.1799380859375
436.0 23.3657853515625
437.0 20.67929130859375
438.0 17.24958115234375
439.0 24.147691015625
440.0 27.4938666015625
441.0 23.8420158203125
442.0 21.643440625
443.0 23.6351583984375
444.0 17.46372666015625
445.0 28.14285908203125
446.0 23.877991015625
447.0 18.53738955078125
448.0 27.586730859375
449.0 21.8530939453125
450.0 23.4130162109375
451.0 23.65744072265625
452.0 21.28219814453125
453.0 22.74880380859375
454.0 24.17981787109375
455.0 20.51960625
456.0 24.72063154296875
457.0 24.48471201171875
458.0 16.498738671875
459.0 22.826774609375
460.0 28.7523767578125
461.0 24.6297658203125
462.0 22.5728884765625
463.0 24.12790283203125
464.0 22.82113359375
465.0 17.18263447265625
466.0 29.3286392578125
467.0 20.83799892578125
468.0 24.5765986328125
469.0 23.92124619140625
470.0 22.8067486328125
471.0 22.14536650390625
472.0 22.1597974609375
473.0 24.90141611328125
474.0 21.94683623046875
475.0 22.62508046875
476.0 23.57603046875
477.0 18.39737685546875
478.0 21.7958615234375
479.0 24.0196857421875
480.0 22.2498580078125
481.0 21.684800390625
482.0 25.98164892578125
483.0 21.5968115234375
484.0 23.21554482421875
485.0 23.44074990234375
486.0 21.8588638671875
487.0 24.16738037109375
488.0 21.676059375
489.0 9.962666796875
490.0 37.5994484375
491.0 23.1140244140625
492.0 22.24260302734375
493.0 24.2180783203125
494.0 22.334089453125
495.0 23.93621005859375
496.0 21.95283134765625
497.0 24.9171564453125
498.0 21.8362267578125
499.0 24.373298046875
500.0 23.851426171875
501.0 21.48157099609375
502.0 23.97421484375
503.0 21.806578125
504.0 24.24957568359375
505.0 21.87583505859375
506.0 24.0521654296875
507.0 24.51692412109375
508.0 21.54532177734375
509.0 24.44518427734375
510.0 21.98362958984375
511.0 24.33030263671875
512.0 22.08416416015625
513.0 24.3400142578125
514.0 24.4025642578125
515.0 21.85670380859375
516.0 24.28701494140625
517.0 21.93015185546875
518.0 23.7252291015625
519.0 23.2635435546875
520.0 20.62654501953125
521.0 24.09251064453125
522.0 21.78050390625
523.0 24.175035546875
524.0 21.7834525390625
525.0 24.3072306640625
526.0 22.05886064453125
527.0 24.40334482421875
528.0 24.2462353515625
529.0 22.25478583984375
530.0 17.7126787109375
531.0 27.70257216796875
532.0 24.38652392578125
533.0 24.9294251953125
534.0 22.204694921875
535.0 24.53846552734375
536.0 21.8516943359375
537.0 24.771923828125
538.0 22.1751869140625
539.0 24.660435546875
540.0 24.43802939453125
541.0 22.02123427734375
542.0 24.39660908203125
543.0 21.5452927734375
544.0 24.49860546875
545.0 22.3219822265625
546.0 23.998058203125
547.0 22.2954439453125
548.0 24.32894287109375
549.0 23.804671875
550.0 22.1163689453125
551.0 24.02297607421875
552.0 21.970865625
553.0 24.41925048828125
554.0 21.8970185546875
555.0 24.173660546875
556.0 23.97561708984375
557.0 22.2185671875
558.0 23.85976845703125
559.0 19.722037109375
560.0 25.30284150390625
561.0 24.66012041015625
562.0 22.08943349609375
563.0 24.4281373046875
564.0 24.40679013671875
565.0 19.27765654296875
566.0 23.53835078125
567.0 22.08423544921875
568.0 24.25684609375
569.0 21.71535634765625
570.0 24.3031314453125
571.0 21.67628505859375
572.0 24.7248736328125
573.0 23.44505244140625
574.0 22.5020740234375
575.0 23.75775302734375
576.0 22.0919171875
577.0 24.34838134765625
578.0 21.43877451171875
579.0 24.88820810546875
580.0 21.8616619140625
581.0 19.514148046875
582.0 23.8195890625
583.0 21.86769658203125
584.0 24.69416171875
585.0 23.64905771484375
586.0 22.16689248046875
587.0 24.37575146484375
588.0 22.40381923828125
589.0 24.51194794921875
590.0 21.880219140625
591.0 24.17366337890625
592.0 22.96205654296875
593.0 22.1263603515625
594.0 20.61880673828125
595.0 22.72848603515625
596.0 24.40230185546875
597.0 17.83716591796875
598.0 21.40991474609375
599.0 21.46982802734375
600.0 22.70240771484375
601.0 23.87707841796875
602.0 21.99272587890625
603.0 23.53361923828125
604.0 21.132547265625
605.0 17.580583203125
606.0 20.964215234375
607.0 19.69004169921875
608.0 19.09107578125
609.0 24.4726591796875
610.0 21.96046953125
611.0 24.47921552734375
612.0 22.04290029296875
613.0 24.57942607421875
614.0 12.27046474609375
615.0 30.13901943359375
616.0 26.208201953125
617.0 21.257777734375
618.0 24.31359873046875
619.0 23.05306953125
620.0 20.26911708984375
621.0 23.9591056640625
622.0 21.85734189453125
623.0 23.00733994140625
624.0 20.7223205078125
625.0 24.21376103515625
626.0 21.63422451171875
627.0 23.89444482421875
628.0 19.3252564453125
629.0 27.81932021484375
630.0 16.82944248046875
631.0 22.67030205078125
632.0 21.51990400390625
633.0 24.27035185546875
634.0 24.3794724609375
635.0 21.5443771484375
636.0 24.26062607421875
637.0 15.72679970703125
638.0 29.58067822265625
639.0 22.05032958984375
640.0 26.08798681640625
641.0 18.6463431640625
642.0 23.9910044921875
643.0 22.1847228515625
644.0 24.3512146484375
645.0 23.2746654296875
646.0 21.67735146484375
647.0 24.1489275390625
648.0 20.61303232421875
649.0 24.32145546875
650.0 22.197373828125
651.0 16.1714720703125
652.0 27.7892974609375
653.0 24.3678708984375
654.0 15.492295703125
655.0 23.03151708984375
656.0 29.47302890625
657.0 24.2395857421875
658.0 23.54305
659.0 21.6610884765625
660.0 24.4113830078125
661.0 23.2272400390625
662.0 21.94184228515625
663.0 24.18380595703125
664.0 23.19826953125
665.0 22.24442568359375
666.0 15.08463994140625
667.0 15.75127431640625
668.0 15.32237841796875
669.0 15.96177197265625
670.0 11.2288029296875
671.0 19.3714216796875
672.0 14.22383603515625
673.0 15.07901591796875
674.0 13.8263275390625
675.0 14.3733314453125
676.0 16.1413578125
677.0 15.81778935546875
678.0 16.1170625
679.0 18.7320521484375
680.0 22.3094017578125
681.0 20.65041904296875
682.0 20.53257216796875
683.0 22.74867529296875
684.0 15.0503263671875
685.0 14.6452509765625
686.0 17.3488078125
687.0 22.42704111328125
688.0 21.184434375
689.0 23.94180537109375
690.0 21.41995751953125
691.0 19.1819556640625
692.0 23.8401076171875
693.0 21.51314013671875
694.0 24.71747216796875
695.0 21.95317724609375
696.0 22.361726953125
697.0 24.15598984375
698.0 21.98953427734375
699.0 24.49285986328125
700.0 22.00015458984375
701.0 24.14717109375
702.0 20.0678126953125
703.0 23.1795173828125
704.0 24.09304736328125
705.0 20.9059259765625
706.0 17.82393203125
707.0 30.38607724609375
708.0 21.72088603515625
709.0 24.2418142578125
710.0 21.9789177734375
711.0 23.7380025390625
712.0 21.9016306640625
713.0 22.60359208984375
714.0 24.44602705078125
715.0 17.0691888671875
716.0 21.28910390625
717.0 20.86401328125
718.0 23.11833369140625
719.0 18.44006572265625
720.0 27.0472341796875
721.0 24.27962158203125
722.0 22.11392451171875
723.0 23.83873759765625
724.0 24.111897265625
725.0 23.22437841796875
726.0 21.90230107421875
727.0 23.87970185546875
728.0 21.67854794921875
729.0 24.70207294921875
730.0 22.63559921875
731.0 21.85606083984375
732.0 24.5648642578125
733.0 23.89065869140625
734.0 21.61531015625
735.0 24.16332705078125
736.0 21.998919140625
737.0 23.7245177734375
738.0 24.42242724609375
739.0 21.65699208984375
740.0 24.63650869140625
741.0 22.176233203125
742.0 17.018615234375
743.0 31.27163798828125
744.0 23.434887109375
745.0 21.48764296875
746.0 24.17116767578125
747.0 22.20661162109375
748.0 16.99920439453125
749.0 29.05113994140625
750.0 24.415912890625
751.0 24.14128310546875
752.0 22.3602083984375
753.0 24.3225609375
754.0 23.05537626953125
755.0 21.12303330078125
756.0 24.66385107421875
757.0 22.4823818359375
758.0 24.57327265625
759.0 22.944182421875
760.0 24.257403125
761.0 16.06383125
762.0 28.55398291015625
763.0 23.97126083984375
764.0 21.7855232421875
765.0 24.269004296875
766.0 22.5882712890625
767.0 24.64241064453125
768.0 21.9449630859375
769.0 24.4697169921875
770.0 21.8850740234375
771.0 23.836726171875
772.0 24.21441044921875
773.0 21.88628779296875
774.0 23.2776646484375
775.0 24.0976119140625
776.0 20.74994052734375
777.0 24.22396474609375
778.0 24.2236560546875
779.0 18.9636505859375
780.0 24.35118681640625
781.0 24.21694453125
782.0 21.7895134765625
783.0 24.0402177734375
784.0 22.14674853515625
785.0 24.23563837890625
786.0 21.97015234375
787.0 24.64290419921875
788.0 24.53547275390625
789.0 21.71097587890625
790.0 22.73229853515625
791.0 21.97103212890625
792.0 23.68660537109375
793.0 23.36701591796875
794.0 22.07220009765625
795.0 22.539163671875
796.0 21.7826537109375
797.0 23.91374990234375
798.0 21.90574013671875
799.0 22.6329029296875
