0.0 23.56111025390625
1.0 24.4108462890625
2.0 18.52288759765625
3.0 18.09896494140625
4.0 24.546220703125
5.0 25.9595169921875
6.0 14.7093328125
7.0 29.81936357421875
8.0 24.4310724609375
9.0 22.6145208984375
10.0 26.56259599609375
11.0 25.76850419921875
12.0 15.38946875
13.0 25.559415234375
14.0 16.50729638671875
15.0 21.04517294921875
16.0 18.81237294921875
17.0 19.2113841796875
18.0 25.40919072265625
19.0 19.41217421875
20.0 24.09160849609375
21.0 15.8289025390625
22.0 11.81758818359375
23.0 21.70691796875
24.0 16.006529296875
25.0 14.72416630859375
26.0 19.17752373046875
27.0 17.14814033203125
28.0 22.4516125
29.0 25.89306416015625
30.0 22.30144052734375
31.0 27.3699623046875
32.0 24.61213955078125
33.0 22.135821875
34.0 24.28384130859375
35.0 22.277387890625
36.0 25.50591953125
37.0 16.4616390625
38.0 22.2458953125
39.0 28.4432927734375
40.0 23.5951208984375
41.0 16.8244568359375
42.0 22.9982259765625
43.0 25.40337490234375
44.0 23.0605984375
45.0 23.9405958984375
46.0 20.3431818359375
47.0 24.13144013671875
48.0 24.41153271484375
49.0 22.07549150390625
50.0 23.44483017578125
51.0 20.8004533203125
52.0 20.15851416015625
53.0 26.96697197265625
54.0 24.56719267578125
55.0 22.21100361328125
56.0 23.79516220703125
57.0 15.335559375
58.0 25.41751064453125
59.0 25.8601724609375
60.0 17.60276279296875
61.0 22.396871484375
62.0 15.05250166015625
63.0 12.96953779296875
64.0 20.365218359375
65.0 18.62076533203125
66.0 22.80802666015625
67.0 13.1120259765625
68.0 13.81111181640625
69.0 17.82226865234375
70.0 16.53399267578125
71.0 15.081212890625
72.0 20.20081787109375
73.0 15.016885546875
74.0 16.045960546875
75.0 17.0424498046875
76.0 17.85126943359375
77.0 18.592909375
78.0 16.10696767578125
79.0 15.949997265625
80.0 13.81254638671875
81.0 10.59689990234375
82.0 11.3223685546875
83.0 12.29414912109375
84.0 12.16117802734375
85.0 11.06980654296875
86.0 10.05284375
87.0 13.38917177734375
88.0 12.24825498046875
89.0 11.38941630859375
90.0 13.419769921875
91.0 11.2738326171875
92.0 9.1855732421875
93.0 11.070355078125
94.0 4.3342955078125
95.0 11.6479890625
96.0 11.1974751953125
97.0 11.754083984375
98.0 11.8137494140625
99.0 15.16805849609375
100.0 22.7478033203125
101.0 17.27639833984375
102.0 16.58047412109375
103.0 15.06428330078125
104.0 12.07671142578125
105.0 18.53846806640625
106.0 17.08846435546875
107.0 18.67392626953125
108.0 18.2332591796875
109.0 20.58330078125
110.0 20.5350884765625
111.0 13.93652705078125
112.0 18.48608271484375
113.0 16.40858330078125
114.0 16.64536611328125
115.0 17.03821201171875
116.0 14.2531837890625
117.0 15.22347724609375
118.0 13.24329951171875
119.0 15.83272998046875
120.0 10.8683986328125
121.0 16.20675654296875
122.0 6.2070640625
123.0 3.25086748046875
124.0 12.65509951171875
125.0 10.39084482421875
126.0 17.0607755859375
127.0 14.54784716796875
128.0 12.12750556640625
129.0 12.75470234375
130.0 0.0
131.0 0.0
132.0 0.0
133.0 18.91074365234375
134.0 0.0
135.0 0.0
136.0 0.0
137.0 22.97198935546875
138.0 6.41408798828125
139.0 6.3568908203125
140.0 8.23781669921875
141.0 10.66816279296875
142.0 1.62629951171875
143.0 4.1881560546875
144.0 7.338306640625
145.0 3.28069677734375
146.0 2.86016826171875
147.0 2.745559765625
148.0 3.91318818359375
149.0 1.57234599609375
150.0 2.34320068359375
151.0 1.87588876953125
152.0 2.99668134765625
153.0 3.54682802734375
154.0 9.17428857421875
155.0 11.16465546875
156.0 3.48006572265625
157.0 8.81176328125
158.0 11.55799111328125
159.0 7.667724609375
160.0 19.24986396484375
161.0 7.74392392578125
162.0 11.3476849609375
163.0 15.819312890625
164.0 11.41514951171875
165.0 15.82526494140625
166.0 15.53408974609375
167.0 14.99600498046875
168.0 11.3745064453125
169.0 0.0
170.0 0.0
171.0 36.47800986328125
172.0 14.50761171875
173.0 15.935126171875
174.0 13.76015205078125
175.0 14.29548388671875
176.0 15.00552275390625
177.0 12.5678703125
178.0 15.168661328125
179.0 12.328294921875
180.0 16.068914453125
181.0 14.43556591796875
182.0 7.7722498046875
183.0 16.14502080078125
184.0 15.20588466796875
185.0 12.43009013671875
186.0 16.90472294921875
187.0 13.13069501953125
188.0 6.4464267578125
189.0 15.667833203125
190.0 6.31189560546875
191.0 23.327086328125
192.0 16.4991515625
193.0 2.11512255859375
194.0 5.562444921875
195.0 5.82300009765625
196.0 8.9270455078125
197.0 7.9867017578125
198.0 13.2456533203125
199.0 12.83230888671875
200.0 14.4242048828125
201.0 16.535851953125
202.0 14.3447701171875
203.0 11.79012119140625
204.0 13.39735654296875
205.0 12.69229248046875
206.0 10.42428828125
207.0 12.93149033203125
208.0 13.31573662109375
209.0 10.48244853515625
210.0 14.79267412109375
211.0 13.38526318359375
212.0 14.4944134765625
213.0 13.77337861328125
214.0 10.64700419921875
215.0 9.86777431640625
216.0 12.57797861328125
217.0 13.33743447265625
218.0 8.10440732421875
219.0 3.01391728515625
220.0 0.48833896484375
221.0 3.025340625
222.0 4.85522783203125
223.0 15.20146845703125
224.0 13.5173904296875
225.0 6.1552630859375
226.0 3.0657169921875
227.0 1.99272158203125
228.0 4.644317578125
229.0 3.0553462890625
230.0 5.6938142578125
231.0 1.16435244140625
232.0 1.05712255859375
233.0 0.403609765625
234.0 1.778983203125
235.0 0.0
236.0 0.0
237.0 0.0
238.0 0.0
239.0 0.0
240.0 0.0
241.0 0.0
242.0 0.0
243.0 20.59726484375
244.0 9.1468125
245.0 2.67385322265625
246.0 4.0173111328125
247.0 0.6633033203125
248.0 0.3163337890625
249.0 0.0
250.0 0.0
251.0 0.31903720703125
252.0 0.0
253.0 0.0
254.0 0.09367373046875
255.0 0.0
256.0 0.0
257.0 0.03116611328125
258.0 0.05217744140625
259.0 0.0
260.0 0.0
261.0 0.0
262.0 0.0
263.0 0.0
264.0 0.0
265.0 0.0
266.0 0.0
267.0 0.0
268.0 0.0
269.0 0.0
270.0 0.0
271.0 0.0
272.0 0.0
273.0 0.0
274.0 0.0
275.0 0.0
276.0 0.0
277.0 0.0
278.0 0.0
279.0 0.0
280.0 0.0
281.0 0.0
282.0 0.0
283.0 0.0
284.0 0.0103302734375
285.0 0.46907041015625
286.0 4.518425
287.0 1.45046240234375
288.0 1.27204130859375
289.0 1.05229951171875
290.0 5.7908599609375
291.0 2.7879517578125
292.0 5.74811943359375
293.0 7.01979521484375
294.0 2.40608349609375
295.0 7.85630341796875
296.0 7.48280263671875
297.0 4.22548232421875
298.0 1.8491189453125
299.0 0.141496875
300.0 1.5119171875
301.0 0.69808955078125
302.0 2.8143875
303.0 1.20046689453125
304.0 4.64307587890625
305.0 7.19494658203125
306.0 4.084493359375
307.0 2.7753830078125
308.0 5.95921669921875
309.0 0.95954541015625
310.0 9.55286650390625
311.0 11.84143759765625
312.0 17.59048173828125
313.0 11.222441796875
314.0 3.946977734375
315.0 8.2967455078125
316.0 6.14425263671875
317.0 10.087326171875
318.0 25.5366927734375
319.0 39.61945009765625
320.0 32.05838037109375
321.0 30.45245751953125
322.0 35.7987134765625
323.0 33.6559984375
324.0 6.73851923828125
325.0 4.6876259765625
326.0 4.46066015625
327.0 7.6613912109375
328.0 4.0098404296875
329.0 6.0533841796875
330.0 6.19722734375
331.0 5.701068359375
332.0 4.74695732421875
333.0 7.6666541015625
334.0 4.7473412109375
335.0 4.21906337890625
336.0 4.07727119140625
337.0 3.13123193359375
338.0 2.378891796875
339.0 2.4404296875
340.0 1.18975068359375
341.0 1.3217294921875
342.0 0.27370654296875
343.0 1.01806826171875
344.0 0.7101736328125
345.0 0.53548916015625
346.0 1.12133154296875
347.0 0.83376376953125
348.0 3.660483203125
349.0 4.1579677734375
350.0 2.67819970703125
351.0 3.556640625
352.0 15.6658623046875
353.0 4.16703876953125
354.0 6.44366318359375
355.0 3.17702607421875
356.0 0.5937345703125
357.0 2.91090390625
358.0 3.78706357421875
359.0 2.7607337890625
360.0 5.12210341796875
361.0 10.6979693359375
362.0 25.3548458984375
363.0 23.71288544921875
364.0 28.54948291015625
365.0 22.72883056640625
366.0 38.30296865234375
367.0 22.83729970703125
368.0 22.263969921875
369.0 28.16578984375
370.0 43.27286552734375
371.0 30.7337474609375
372.0 24.52304990234375
373.0 33.15226357421875
374.0 25.07682177734375
375.0 35.6623255859375
376.0 30.01117158203125
377.0 25.359687890625
378.0 32.5152572265625
379.0 30.57016591796875
380.0 35.58353447265625
381.0 22.18632509765625
382.0 28.80634326171875
383.0 9.401296875
384.0 19.89657138671875
385.0 19.74851552734375
386.0 33.2070453125
387.0 30.69173291015625
388.0 23.6924185546875
389.0 14.73051640625
390.0 13.9762134765625
391.0 15.2432099609375
392.0 7.58573515625
393.0 22.063801171875
394.0 15.45482734375
395.0 9.48820751953125
396.0 5.8550796875
397.0 0.6837177734375
398.0 0.26440234375
399.0 0.3071892578125
400.0 0.10952822265625
401.0 0.17570625
402.0 0.0118166015625
403.0 0.26000966796875
404.0 0.11745244140625
405.0 0.0667923828125
406.0 0.2109349609375
407.0 2.08926396484375
408.0 0.02083583984375
409.0 0.4765787109375
410.0 5.53849599609375
411.0 14.62044599609375
412.0 13.3957123046875
413.0 30.520016796875
414.0 24.2937263671875
415.0 30.26102568359375
416.0 30.58315185546875
417.0 32.80017529296875
418.0 26.3117873046875
419.0 43.88110390625
420.0 19.7906416015625
421.0 46.09442568359375
422.0 31.42442587890625
423.0 36.78042841796875
424.0 24.63134599609375
425.0 47.83323076171875
426.0 27.97265693359375
427.0 38.0042439453125
428.0 36.2682392578125
429.0 27.6587173828125
430.0 21.37236708984375
431.0 20.3183833984375
432.0 33.17425732421875
433.0 14.0572369140625
434.0 15.80632958984375
435.0 10.796387109375
436.0 19.81442021484375
437.0 22.99864423828125
438.0 3.227933203125
439.0 0.17719267578125
440.0 1.84133916015625
441.0 1.0712681640625
442.0 3.6760005859375
443.0 0.271041796875
444.0 0.54243466796875
445.0 9.40491103515625
446.0 7.2321857421875
447.0 3.1606482421875
448.0 11.51684560546875
449.0 6.45501708984375
450.0 9.23941806640625
451.0 12.68408330078125
452.0 9.76979248046875
453.0 16.082959765625
454.0 12.05303154296875
455.0 4.52307509765625
456.0 15.3570685546875
457.0 17.9097404296875
458.0 19.8488408203125
459.0 17.5263931640625
460.0 9.17001064453125
461.0 3.49078837890625
462.0 10.962066796875
463.0 18.75662294921875
464.0 4.6672462890625
465.0 20.9087912109375
466.0 15.90252431640625
467.0 6.72451875
468.0 0.16237724609375
469.0 0.0
470.0 0.0
471.0 0.28007841796875
472.0 0.242458984375
473.0 0.4203458984375
474.0 0.46071181640625
475.0 0.53244423828125
476.0 0.9377935546875
477.0 1.0931388671875
478.0 0.5444341796875
479.0 0.528480859375
480.0 0.663740625
481.0 0.47084970703125
482.0 0.5107421875
483.0 5.837406640625
484.0 7.21365712890625
485.0 7.69622646484375
486.0 13.090390625
487.0 7.162091796875
488.0 13.47118046875
489.0 7.84485009765625
490.0 9.48503935546875
491.0 0.349983203125
492.0 4.84811396484375
493.0 9.2198404296875
494.0 5.050568359375
495.0 0.2395248046875
496.0 0.42472275390625
497.0 1.8572443359375
498.0 0.936397265625
499.0 1.4884041015625
500.0 1.5416
501.0 1.19453828125
502.0 2.3568978515625
503.0 4.980043359375
504.0 8.2745384765625
505.0 4.20009609375
506.0 19.03148154296875
507.0 17.5514994140625
508.0 21.74575078125
509.0 27.38380400390625
510.0 23.80641474609375
511.0 14.0459564453125
512.0 16.04256611328125
513.0 33.24723505859375
514.0 6.59223232421875
515.0 8.40606142578125
516.0 1.8277115234375
517.0 3.1705626953125
518.0 8.66783369140625
519.0 17.63009775390625
520.0 28.178640625
521.0 8.86914609375
522.0 14.448746875
523.0 19.522276953125
524.0 11.62300107421875
525.0 17.88159404296875
526.0 28.7693396484375
527.0 12.2834443359375
528.0 28.04362744140625
529.0 26.17524541015625
530.0 24.8474943359375
531.0 26.61137783203125
532.0 30.3045501953125
533.0 27.89330517578125
534.0 26.64487880859375
535.0 18.3882064453125
536.0 43.11590595703125
537.0 26.9282109375
538.0 30.70619873046875
539.0 34.70180400390625
540.0 21.2964080078125
541.0 21.80803681640625
542.0 23.50781240234375
543.0 24.225590625
544.0 18.83783251953125
545.0 36.596325390625
546.0 16.752475390625
547.0 20.99546572265625
548.0 14.67350263671875
549.0 15.88176337890625
550.0 11.5640970703125
551.0 0.88476142578125
552.0 5.524592578125
553.0 1.4618400390625
554.0 0.52142333984375
555.0 16.55197578125
556.0 12.064525
557.0 4.64290732421875
558.0 9.47576552734375
559.0 2.771372265625
560.0 2.15835078125
561.0 4.144210546875
562.0 1.40418759765625
563.0 4.46098330078125
564.0 0.2922287109375
565.0 1.936517578125
566.0 0.6919615234375
567.0 3.86715810546875
568.0 26.6835302734375
569.0 21.770303125
570.0 27.27219619140625
571.0 8.57308310546875
572.0 1.43155322265625
573.0 29.832733203125
574.0 15.60386962890625
575.0 14.30597734375
576.0 4.47321728515625
577.0 9.54990576171875
578.0 12.50010029296875
579.0 24.0422220703125
580.0 26.75318232421875
581.0 18.35593603515625
582.0 23.2952083984375
583.0 6.29778095703125
584.0 11.1177634765625
585.0 21.91144013671875
586.0 12.09369912109375
587.0 19.1336203125
588.0 22.49146669921875
589.0 29.19010234375
590.0 24.69870888671875
591.0 20.6049248046875
592.0 20.89254111328125
593.0 18.9206412109375
594.0 13.00830107421875
595.0 16.9163609375
596.0 22.9100849609375
597.0 22.57936123046875
598.0 20.54330517578125
599.0 32.66830341796875
600.0 23.94916943359375
601.0 18.441190625
602.0 28.841845703125
603.0 20.66847490234375
604.0 32.01408056640625
605.0 6.73154423828125
606.0 0.6111896484375
607.0 2.029293359375
608.0 22.01239970703125
609.0 18.0872400390625
610.0 10.676575390625
611.0 8.87668076171875
612.0 6.62195830078125
613.0 18.01847607421875
614.0 9.8216146484375
615.0 20.842448046875
616.0 14.642797265625
617.0 17.41666279296875
618.0 13.34089912109375
619.0 18.96403486328125
620.0 18.59990439453125
621.0 16.41894951171875
622.0 26.3555033203125
623.0 11.3176810546875
624.0 3.90383876953125
625.0 5.23117412109375
626.0 13.59716689453125
627.0 21.67786083984375
628.0 12.7203076171875
629.0 22.385334375
630.0 0.521541015625
631.0 12.24147939453125
632.0 0.4723953125
633.0 15.20738828125
634.0 0.712251171875
635.0 0.4425015625
636.0 7.217941796875
637.0 14.84256796875
638.0 20.4694234375
639.0 19.34301748046875
640.0 18.11194189453125
641.0 25.1475091796875
642.0 9.55401025390625
643.0 12.358482421875
644.0 23.3973716796875
645.0 8.3291546875
646.0 6.62701240234375
647.0 20.37443076171875
648.0 13.1577708984375
649.0 9.095739453125
650.0 7.683880078125
651.0 9.4330140625
652.0 9.10434951171875
653.0 4.0307259765625
654.0 5.167857421875
655.0 1.0950240234375
656.0 2.407861328125
657.0 1.94159541015625
658.0 2.157829296875
659.0 0.46389013671875
660.0 0.374064453125
661.0 1.095654296875
662.0 11.8187
663.0 3.93361923828125
664.0 10.2429568359375
665.0 1.8423322265625
666.0 7.85207373046875
667.0 0.0
668.0 0.0
669.0 0.0
670.0 0.0
671.0 0.08351904296875
672.0 0.0
673.0 0.0
674.0 0.0
675.0 0.0
676.0 0.0
677.0 0.0
678.0 0.0
679.0 0.0
680.0 0.0
681.0 0.0
682.0 0.0
683.0 0.0
684.0 0.0
685.0 0.0
686.0 0.10417939453125
687.0 0.031166015625
688.0 0.01033017578125
689.0 0.08334345703125
690.0 0.0206603515625
691.0 0.01033017578125
692.0 0.0625076171875
693.0 0.05182646484375
694.0 0.08334345703125
695.0 0.07301328125
696.0 0.03116611328125
697.0 0.03116611328125
698.0 0.0
699.0 0.0
700.0 0.0
701.0 0.0
702.0 0.0
703.0 0.0
704.0 0.0
705.0 0.0
706.0 0.0
707.0 0.0
708.0 0.0
709.0 0.0
710.0 0.0
711.0 0.0
712.0 0.0
713.0 0.0
714.0 0.0
715.0 0.0
716.0 0.24985498046875
717.0 0.8442916015625
718.0 1.16369892578125
719.0 0.7326193359375
720.0 0.45866201171875
721.0 1.61392412109375
722.0 2.631804296875
723.0 0.9075984375
724.0 1.07575830078125
725.0 0.81834912109375
726.0 0.98201767578125
727.0 0.53409345703125
728.0 0.87206025390625
729.0 0.7999669921875
730.0 0.9702748046875
731.0 0.70975595703125
732.0 1.111446484375
733.0 0.6926462890625
734.0 0.733305859375
735.0 0.62085068359375
736.0 0.96771220703125
737.0 0.84246123046875
738.0 0.771733984375
739.0 1.18392841796875
740.0 0.630183203125
741.0 0.7702255859375
742.0 1.21872802734375
743.0 10.2315611328125
744.0 29.55749208984375
745.0 30.4000865234375
746.0 26.48338388671875
747.0 25.3544751953125
748.0 21.2029384765625
749.0 19.6677580078125
750.0 21.4310541015625
751.0 22.47445927734375
752.0 24.7782603515625
753.0 31.7718751953125
754.0 32.4568486328125
755.0 39.2740458984375
756.0 23.09746044921875
757.0 34.94130322265625
758.0 21.02756220703125
759.0 45.67119599609375
760.0 32.76455615234375
761.0 42.1395705078125
762.0 35.5322169921875
763.0 37.2887705078125
764.0 34.85627060546875
765.0 33.1724728515625
766.0 35.92117548828125
767.0 34.532285546875
768.0 32.393583984375
769.0 30.965357421875
770.0 37.27577939453125
771.0 34.2183599609375
772.0 35.117094140625
773.0 22.6607478515625
774.0 44.1804669921875
775.0 24.01871396484375
776.0 32.00856875
777.0 32.15548369140625
778.0 20.30548271484375
779.0 17.9217009765625
780.0 18.71407958984375
781.0 25.15802685546875
782.0 19.6308755859375
783.0 40.68199052734375
784.0 28.48776533203125
785.0 22.73982314453125
786.0 13.1479140625
787.0 15.613006640625
788.0 28.22735849609375
789.0 29.77125185546875
790.0 28.96629072265625
791.0 21.790191015625
792.0 31.4782208984375
793.0 29.4770634765625
794.0 32.5232779296875
795.0 31.9623220703125
796.0 35.6234619140625
797.0 25.0845083984375
798.0 24.67385087890625
799.0 25.00471005859375
