0.0 8.741497265625
1.0 7.9717234375
2.0 9.9376306640625
3.0 10.39722705078125
4.0 12.5335978515625
5.0 10.73578828125
6.0 11.649033984375
7.0 9.52215654296875
8.0 9.194655859375
9.0 6.6054814453125
10.0 8.193748046875
11.0 6.5180576171875
12.0 4.1458232421875
13.0 4.993420703125
14.0 8.8529591796875
15.0 7.21253203125
16.0 6.4307666015625
17.0 6.66725927734375
18.0 7.08785390625
19.0 6.3243568359375
20.0 6.51641201171875
21.0 8.4960244140625
22.0 12.84034658203125
23.0 11.51220361328125
24.0 11.093225390625
25.0 11.39736298828125
26.0 11.02852607421875
27.0 8.36756572265625
28.0 9.11073896484375
29.0 7.7930494140625
30.0 8.615016015625
31.0 7.81296318359375
32.0 9.3567875
33.0 10.2505154296875
34.0 10.0318580078125
35.0 8.41699306640625
36.0 13.03102626953125
37.0 10.503378125
38.0 10.6388115234375
39.0 8.5647107421875
40.0 8.0842328125
41.0 6.322110546875
42.0 6.6075451171875
43.0 5.26603583984375
44.0 6.3335048828125
45.0 7.3788556640625
46.0 8.4224982421875
47.0 8.08919169921875
48.0 11.157798828125
49.0 7.4048072265625
50.0 5.53996552734375
51.0 5.4114251953125
52.0 8.4315779296875
53.0 7.8531654296875
54.0 6.2214021484375
55.0 7.482957421875
56.0 9.1662583984375
57.0 8.95268154296875
58.0 8.3009404296875
59.0 7.7014650390625
60.0 7.3027783203125
61.0 7.83052275390625
62.0 6.36744619140625
63.0 6.3540486328125
64.0 6.52894462890625
65.0 5.9537365234375
66.0 7.9842462890625
67.0 0.0
68.0 0.0
69.0 0.0
70.0 27.587315234375
71.0 5.62936103515625
72.0 6.33648291015625
73.0 5.0877884765625
74.0 10.03076884765625
75.0 6.90237568359375
76.0 8.62786708984375
77.0 10.6988517578125
78.0 8.51699609375
79.0 9.61200712890625
80.0 9.23221591796875
81.0 9.90727431640625
82.0 10.60557373046875
83.0 9.40478173828125
84.0 5.2676431640625
85.0 11.37580712890625
86.0 7.1672080078125
87.0 6.38719140625
88.0 8.6770408203125
89.0 9.0537166015625
90.0 9.24739443359375
91.0 7.61546064453125
92.0 8.3698236328125
93.0 9.3609044921875
94.0 6.5070875
95.0 5.54798837890625
96.0 6.4515849609375
97.0 5.67452470703125
98.0 6.17947861328125
99.0 5.1587578125
100.0 6.391530859375
101.0 6.3928234375
102.0 9.41142939453125
103.0 7.80918056640625
104.0 8.2381173828125
105.0 6.37104833984375
106.0 9.5768263671875
107.0 10.51212021484375
108.0 8.18476669921875
109.0 12.2607228515625
110.0 11.41382451171875
111.0 10.2485525390625
112.0 11.19939306640625
113.0 9.98436044921875
114.0 8.08253173828125
115.0 11.21410107421875
116.0 9.743128125
117.0 8.133094921875
118.0 12.35097021484375
119.0 8.94034150390625
120.0 8.39915791015625
121.0 9.32711923828125
122.0 8.8029109375
123.0 8.21411650390625
124.0 10.397891015625
125.0 7.9706427734375
126.0 8.85138359375
127.0 11.44392119140625
128.0 11.66727119140625
129.0 12.6179244140625
130.0 10.7121421875
131.0 11.4340845703125
132.0 11.16548232421875
133.0 10.64462138671875
134.0 10.99036533203125
135.0 11.9761037109375
136.0 11.6337435546875
137.0 9.3026693359375
138.0 11.344331640625
139.0 10.82742080078125
140.0 12.64057919921875
141.0 8.0893021484375
142.0 9.594095703125
143.0 10.40123212890625
144.0 8.9521279296875
145.0 9.66432333984375
146.0 8.720941015625
147.0 8.5360998046875
148.0 6.0879650390625
149.0 6.09487255859375
150.0 6.94243349609375
151.0 6.73293583984375
152.0 6.07967001953125
153.0 6.8454359375
154.0 10.90720078125
155.0 9.51444658203125
156.0 8.53906298828125
157.0 8.12212109375
158.0 9.15203369140625
159.0 6.70751494140625
160.0 7.95677255859375
161.0 7.8851431640625
162.0 9.84091015625
163.0 9.61276748046875
164.0 11.2307265625
165.0 8.121871484375
166.0 10.022623046875
167.0 8.79909658203125
168.0 7.8906994140625
169.0 6.8761205078125
170.0 10.16321181640625
171.0 9.5992392578125
172.0 9.14581240234375
173.0 4.98600126953125
174.0 9.30274384765625
175.0 8.51877958984375
176.0 9.281249609375
177.0 10.95692939453125
178.0 7.44105830078125
179.0 8.882927734375
180.0 7.95926044921875
181.0 8.63019873046875
182.0 11.04220947265625
183.0 11.1734455078125
184.0 9.8640833984375
185.0 8.85565263671875
186.0 9.024351953125
187.0 7.49442626953125
188.0 9.02024248046875
189.0 9.73607001953125
190.0 10.41687177734375
191.0 6.103737109375
192.0 8.0671162109375
193.0 6.0154345703125
194.0 7.00067841796875
195.0 5.68488427734375
196.0 0.1311599609375
197.0 6.2171693359375
198.0 5.126372265625
199.0 6.33545556640625
200.0 5.91952529296875
201.0 6.28009501953125
202.0 5.90419345703125
203.0 6.264469140625
204.0 6.31862138671875
205.0 7.21623896484375
206.0 5.51826396484375
207.0 6.56365625
208.0 5.4766390625
209.0 5.78893076171875
210.0 7.29557861328125
211.0 7.83102138671875
212.0 8.0024494140625
213.0 7.6387421875
214.0 5.58959755859375
215.0 6.06442119140625
216.0 6.1436359375
217.0 6.3851111328125
218.0 8.8838095703125
219.0 8.70504560546875
220.0 6.388919140625
221.0 5.9809302734375
222.0 5.75020390625
223.0 5.8210861328125
224.0 4.930415625
225.0 10.7242625
226.0 10.05834189453125
227.0 10.628254296875
228.0 9.48706748046875
229.0 8.65755693359375
230.0 7.60855341796875
231.0 5.93772490234375
232.0 7.39150615234375
233.0 7.3058244140625
234.0 7.371731640625
235.0 6.11697333984375
236.0 7.4100123046875
237.0 10.74034052734375
238.0 7.68074013671875
239.0 5.97274912109375
240.0 4.76282470703125
241.0 6.50274306640625
242.0 5.67852822265625
243.0 6.95578310546875
244.0 7.87524814453125
245.0 6.66035263671875
246.0 7.04149560546875
247.0 6.67117373046875
248.0 5.993019140625
249.0 6.3525087890625
250.0 6.620666015625
251.0 7.86886162109375
252.0 5.92400244140625
253.0 6.3294009765625
254.0 7.90969736328125
255.0 6.3487958984375
256.0 6.5871689453125
257.0 9.51935048828125
258.0 7.39240107421875
259.0 6.416123046875
260.0 7.47083779296875
261.0 6.391964453125
262.0 6.56660517578125
263.0 7.17328017578125
264.0 9.8318076171875
265.0 7.16194296875
266.0 6.46151767578125
267.0 8.0118333984375
268.0 6.6008478515625
269.0 5.8168736328125
270.0 8.7248658203125
271.0 9.4146998046875
272.0 9.54874052734375
273.0 11.18505791015625
274.0 7.733473046875
275.0 8.8110435546875
276.0 11.3458802734375
277.0 10.74646064453125
278.0 10.59304013671875
279.0 9.09983271484375
280.0 8.4946171875
281.0 7.86297392578125
282.0 8.69062529296875
283.0 10.75856474609375
284.0 8.8570158203125
285.0 5.21105322265625
286.0 11.62840673828125
287.0 9.9999115234375
288.0 12.23750458984375
289.0 12.6285919921875
290.0 10.2504962890625
291.0 11.684402734375
292.0 12.10979384765625
293.0 12.66787490234375
294.0 11.53116806640625
295.0 12.96652822265625
296.0 9.0241146484375
297.0 8.280109375
298.0 7.64890009765625
299.0 10.615107421875
300.0 13.09504970703125
301.0 12.35131982421875
302.0 10.86699384765625
303.0 11.28271728515625
304.0 12.67761669921875
305.0 10.51553583984375
306.0 6.1547923828125
307.0 9.6137095703125
308.0 11.23418720703125
309.0 12.10678642578125
310.0 9.56037470703125
311.0 11.40031474609375
312.0 10.86808251953125
313.0 10.02180224609375
314.0 10.84388203125
315.0 10.669224609375
316.0 11.45502197265625
317.0 8.882623046875
318.0 10.4615107421875
319.0 10.31979892578125
320.0 11.24007431640625
321.0 12.2435833984375
322.0 12.62819384765625
323.0 11.32527744140625
324.0 13.0237953125
325.0 12.9781314453125
326.0 11.61795810546875
327.0 10.38486240234375
328.0 11.9872611328125
329.0 10.70935625
330.0 11.74134453125
331.0 11.82398017578125
332.0 9.55594921875
333.0 8.0182154296875
334.0 10.4321869140625
335.0 10.43681640625
336.0 11.06584931640625
337.0 9.731460546875
338.0 7.97040654296875
339.0 9.37760712890625
340.0 12.0427052734375
341.0 11.882077734375
342.0 11.48495615234375
343.0 7.52333740234375
344.0 7.2145515625
345.0 14.86218671875
346.0 10.66059326171875
347.0 12.98587685546875
348.0 10.26051396484375
349.0 8.951696875
350.0 9.9225216796875
351.0 5.01585087890625
352.0 14.45573740234375
353.0 9.70414267578125
354.0 4.90909912109375
355.0 15.034712890625
356.0 10.4957716796875
357.0 12.132352734375
358.0 12.1303494140625
359.0 9.1761013671875
360.0 10.562083203125
361.0 11.85896826171875
362.0 11.14116572265625
363.0 6.82550234375
364.0 6.77961474609375
365.0 5.96561123046875
366.0 11.55464736328125
367.0 8.1144833984375
368.0 9.9272880859375
369.0 14.50023603515625
370.0 10.4201548828125
371.0 12.3528884765625
372.0 11.54187001953125
373.0 7.12385078125
374.0 8.533198828125
375.0 11.3110267578125
376.0 10.4031462890625
377.0 9.63328779296875
378.0 12.02132333984375
379.0 9.77729951171875
380.0 10.5676802734375
381.0 5.22803193359375
382.0 5.7963529296875
383.0 9.145443359375
384.0 6.11443828125
385.0 11.165058984375
386.0 10.8730794921875
387.0 11.30751171875
388.0 13.1501158203125
389.0 12.7593546875
390.0 11.4549884765625
391.0 11.2972330078125
392.0 8.9255427734375
393.0 7.59366796875
394.0 10.07081630859375
395.0 10.3519423828125
396.0 9.537058984375
397.0 8.77946181640625
398.0 12.13784296875
399.0 10.90274033203125
400.0 9.56969619140625
401.0 10.672430859375
402.0 12.6755955078125
403.0 12.74566396484375
404.0 9.96019453125
405.0 11.9078935546875
406.0 11.14158916015625
407.0 11.96726787109375
408.0 10.4201044921875
409.0 11.6177443359375
410.0 9.9569708984375
411.0 10.535501953125
412.0 10.9658873046875
413.0 8.2974705078125
414.0 7.50282197265625
415.0 9.53143818359375
416.0 6.689446484375
417.0 2.95955361328125
418.0 9.474223828125
419.0 10.4612591796875
420.0 10.4462326171875
421.0 9.9159908203125
422.0 11.84590244140625
423.0 6.10452568359375
424.0 7.01867861328125
425.0 7.22057373046875
426.0 6.83936279296875
427.0 9.53234677734375
428.0 11.66088994140625
429.0 11.0206861328125
430.0 10.88726884765625
431.0 5.87850947265625
432.0 6.32190205078125
433.0 6.96951904296875
434.0 10.3101330078125
435.0 12.1607201171875
436.0 11.44469248046875
437.0 11.6004802734375
438.0 11.4447439453125
439.0 11.22349306640625
440.0 10.227768359375
441.0 10.0987873046875
442.0 8.99781142578125
443.0 10.74740478515625
444.0 8.29805478515625
445.0 11.99305283203125
446.0 7.046043359375
447.0 9.102098828125
448.0 8.70832275390625
449.0 9.96327490234375
450.0 9.3549126953125
451.0 7.631377734375
452.0 7.2866716796875
453.0 6.6875994140625
454.0 6.69334375
455.0 7.71836484375
456.0 10.19016240234375
457.0 5.9052111328125
458.0 7.1422943359375
459.0 6.1539111328125
460.0 6.16818603515625
461.0 6.0448359375
462.0 5.629551953125
463.0 7.6622724609375
464.0 8.45652021484375
465.0 7.0664568359375
466.0 8.24505810546875
467.0 10.65417958984375
468.0 6.76783291015625
469.0 9.10290009765625
470.0 5.9307349609375
471.0 8.0510041015625
472.0 9.381391015625
473.0 10.40168525390625
474.0 10.502623046875
475.0 11.23784677734375
476.0 10.59079130859375
477.0 11.51243935546875
478.0 10.9369451171875
479.0 9.883894140625
480.0 10.8978373046875
481.0 9.592551953125
482.0 8.73628154296875
483.0 5.30413984375
484.0 6.40562294921875
485.0 8.43431796875
486.0 4.63286259765625
487.0 8.376290625
488.0 6.7139330078125
489.0 6.273415234375
490.0 6.73886865234375
491.0 5.72122392578125
492.0 5.2481623046875
493.0 4.9467671875
494.0 5.459728125
495.0 5.5588345703125
496.0 5.55649111328125
497.0 7.64287265625
498.0 7.9613849609375
499.0 10.27197919921875
500.0 9.1556740234375
501.0 7.132778515625
502.0 7.51210537109375
503.0 10.745523046875
504.0 8.97467412109375
505.0 8.206028515625
506.0 7.042437109375
507.0 8.1344533203125
508.0 7.4563982421875
509.0 11.46043388671875
510.0 7.72039013671875
511.0 8.82158076171875
512.0 10.77833681640625
513.0 7.37698544921875
514.0 9.87967451171875
515.0 7.238442578125
516.0 6.95042802734375
517.0 10.5039310546875
518.0 5.5226728515625
519.0 8.68367900390625
520.0 9.30601748046875
521.0 11.40314697265625
522.0 7.72342451171875
523.0 6.9785318359375
524.0 10.31166474609375
525.0 9.2357099609375
526.0 7.724351171875
527.0 11.4585689453125
528.0 8.29894921875
529.0 11.00723046875
530.0 10.4022732421875
531.0 7.86993662109375
532.0 10.71777490234375
533.0 12.375719921875
534.0 11.90660224609375
535.0 12.0561064453125
536.0 11.6663845703125
537.0 10.91004423828125
538.0 10.08376865234375
539.0 11.6274193359375
540.0 11.665832421875
541.0 9.77852080078125
542.0 9.60280908203125
543.0 11.94165712890625
544.0 12.39420791015625
545.0 10.59708359375
546.0 8.61601875
547.0 11.1300880859375
548.0 10.47573173828125
549.0 13.0496759765625
550.0 9.08091162109375
551.0 11.1029708984375
552.0 10.96223681640625
553.0 12.4856927734375
554.0 12.93833193359375
555.0 10.20365244140625
556.0 8.76607587890625
557.0 12.494908984375
558.0 13.0300044921875
559.0 12.146180859375
560.0 10.9533267578125
561.0 8.546890625
562.0 12.82754521484375
563.0 9.699462890625
564.0 9.60190458984375
565.0 11.9755400390625
566.0 8.2602912109375
567.0 6.5219693359375
568.0 11.94278076171875
569.0 12.69534287109375
570.0 12.76602763671875
571.0 9.33197421875
572.0 9.7508669921875
573.0 12.76008603515625
574.0 11.22753310546875
575.0 11.9435216796875
576.0 12.79270166015625
577.0 10.4965154296875
578.0 10.941464453125
579.0 10.75308203125
580.0 9.80848359375
581.0 10.690338671875
582.0 9.48065087890625
583.0 7.4622927734375
584.0 10.79199462890625
585.0 11.15778076171875
586.0 8.9019791015625
587.0 11.22130322265625
588.0 8.9403916015625
589.0 12.28729150390625
590.0 11.63284033203125
591.0 9.72770087890625
592.0 8.33360654296875
593.0 8.70631806640625
594.0 9.68003232421875
595.0 10.48926103515625
596.0 7.09312783203125
597.0 9.07147060546875
598.0 9.84892861328125
599.0 10.14998388671875
600.0 8.65271064453125
601.0 11.49684736328125
602.0 10.3422828125
603.0 10.072471875
604.0 10.064634765625
605.0 7.46001611328125
606.0 8.63384453125
607.0 8.0717423828125
608.0 8.45821220703125
609.0 9.31645986328125
610.0 6.508015625
611.0 6.03012373046875
612.0 5.7134498046875
613.0 5.89281884765625
614.0 5.67254443359375
615.0 5.52179814453125
616.0 5.80246845703125
617.0 5.57327255859375
618.0 5.7793044921875
619.0 5.935413671875
620.0 5.7160666015625
621.0 3.39568583984375
622.0 5.874176953125
623.0 4.21842333984375
624.0 7.218992578125
625.0 3.399255078125
626.0 4.45294384765625
627.0 4.65432236328125
628.0 6.07045048828125
629.0 7.8252732421875
630.0 4.5231849609375
631.0 8.24473486328125
632.0 4.62224658203125
633.0 4.05609873046875
634.0 5.37386669921875
635.0 9.11039130859375
636.0 8.6710150390625
637.0 8.12291669921875
638.0 7.20372900390625
639.0 7.8769701171875
640.0 7.40297158203125
641.0 8.95590498046875
642.0 7.77349580078125
643.0 8.2316458984375
644.0 9.31682783203125
645.0 8.15075537109375
646.0 7.5861419921875
647.0 8.63836474609375
648.0 9.37579619140625
649.0 9.58375478515625
650.0 8.5725591796875
651.0 9.23344375
652.0 8.6799923828125
653.0 7.98568447265625
654.0 9.48048681640625
655.0 11.40970712890625
656.0 6.0434294921875
657.0 9.64700302734375
658.0 8.94395380859375
659.0 10.29506962890625
660.0 4.1057875
661.0 7.7163896484375
662.0 4.23789990234375
663.0 6.7266412109375
664.0 6.61670576171875
665.0 7.216381640625
666.0 7.652115625
667.0 7.75963349609375
668.0 9.704608203125
669.0 10.94370615234375
670.0 8.46961357421875
671.0 7.541230078125
672.0 7.801147265625
673.0 7.69763740234375
674.0 5.9413630859375
675.0 7.35120126953125
676.0 8.08409697265625
677.0 7.528292578125
678.0 10.1226373046875
679.0 10.97469599609375
680.0 9.0711814453125
681.0 9.8395708984375
682.0 5.9401576171875
683.0 8.318437109375
684.0 10.36467021484375
685.0 7.39450615234375
686.0 9.1841845703125
687.0 9.6270171875
688.0 9.9246765625
689.0 9.49441845703125
690.0 9.489698828125
691.0 9.6363013671875
692.0 8.453741015625
693.0 6.462184765625
694.0 7.90063291015625
695.0 8.50513994140625
696.0 8.56206533203125
697.0 6.649124609375
698.0 7.73682744140625
699.0 7.48124345703125
700.0 3.522184375
701.0 10.64010283203125
702.0 8.750307421875
703.0 8.00742939453125
704.0 8.470952734375
705.0 7.85037158203125
706.0 5.05798505859375
707.0 5.2735021484375
708.0 6.3780318359375
709.0 7.11369755859375
710.0 9.2319193359375
711.0 10.724544140625
712.0 8.47508701171875
713.0 6.74484765625
714.0 12.65293271484375
715.0 10.575289453125
716.0 10.86667275390625
717.0 10.62511279296875
718.0 8.7294958984375
719.0 10.75702890625
720.0 9.983033203125
721.0 9.81727314453125
722.0 9.76284736328125
723.0 9.4420404296875
724.0 8.4020248046875
725.0 8.88978984375
726.0 9.53593759765625
727.0 5.92579384765625
728.0 8.84894990234375
729.0 9.53386630859375
730.0 9.96361865234375
731.0 9.658396875
732.0 6.88879228515625
733.0 8.6086240234375
734.0 6.95338701171875
735.0 10.46107333984375
736.0 7.03291826171875
737.0 9.2131158203125
738.0 6.53039150390625
739.0 8.76519580078125
740.0 9.08164423828125
741.0 10.76204794921875
742.0 11.24426318359375
743.0 10.8040666015625
744.0 9.40596533203125
745.0 0.0
746.0 0.0
747.0 29.05953466796875
748.0 11.040812890625
749.0 11.97681826171875
750.0 11.5837669921875
751.0 11.86290771484375
752.0 10.37480751953125
753.0 10.25977841796875
754.0 8.6466392578125
755.0 9.49376337890625
756.0 11.22222685546875
757.0 11.9159283203125
758.0 10.38461669921875
759.0 12.22819921875
760.0 12.301541796875
761.0 10.42696025390625
762.0 10.52859189453125
763.0 9.9034693359375
764.0 10.103377734375
765.0 7.25023779296875
766.0 10.35007626953125
767.0 10.1242419921875
768.0 12.20002998046875
769.0 9.856203515625
770.0 9.54572548828125
771.0 5.96027763671875
772.0 10.34435849609375
773.0 8.95441572265625
774.0 9.74228232421875
775.0 8.23608525390625
776.0 11.1612208984375
777.0 7.72846923828125
778.0 8.147722265625
779.0 9.522494140625
780.0 11.02657666015625
781.0 6.7119962890625
782.0 9.21630927734375
783.0 6.87345009765625
784.0 7.4729521484375
785.0 7.28061171875
786.0 10.62199248046875
787.0 8.65903076171875
788.0 10.53088232421875
789.0 10.74653251953125
790.0 6.8547716796875
791.0 8.15905546875
792.0 11.88512265625
793.0 12.80358955078125
794.0 13.24000849609375
795.0 11.2197208984375
796.0 12.02297099609375
797.0 13.63772724609375
798.0 11.672813671875
799.0 11.66385380859375
