0.0 22.018578125
1.0 24.38041220703125
2.0 24.30518369140625
3.0 21.2481380859375
4.0 23.9397263671875
5.0 21.52195595703125
6.0 24.31744248046875
7.0 21.83973623046875
8.0 23.64048720703125
9.0 24.12633720703125
10.0 21.909078515625
11.0 24.583044921875
12.0 21.5222830078125
13.0 24.2444728515625
14.0 21.67738955078125
15.0 22.92395009765625
16.0 23.9600146484375
17.0 21.71516953125
18.0 24.1904361328125
19.0 22.74814189453125
20.0 21.71976669921875
21.0 22.8770921875
22.0 23.834057421875
23.0 23.96585419921875
24.0 22.8975025390625
25.0 21.79340537109375
26.0 23.10503134765625
27.0 21.740953125
28.0 24.57019150390625
29.0 20.5656431640625
30.0 23.8061400390625
31.0 15.992137890625
32.0 31.09177783203125
33.0 23.22890771484375
34.0 22.11983037109375
35.0 24.50001533203125
36.0 18.11900654296875
37.0 25.82932900390625
38.0 23.73355693359375
39.0 23.866013671875
40.0 21.89308349609375
41.0 22.99473359375
42.0 21.485592578125
43.0 24.40456767578125
44.0 21.82722197265625
45.0 23.53135224609375
46.0 24.48486015625
47.0 21.85263505859375
48.0 24.38833828125
49.0 21.76908232421875
50.0 22.31809912109375
51.0 23.7660353515625
52.0 24.00247490234375
53.0 14.4960990234375
54.0 31.04310771484375
55.0 21.30924609375
56.0 23.1877080078125
57.0 23.904373828125
58.0 21.5029298828125
59.0 24.27386875
60.0 22.46002412109375
61.0 23.8698453125
62.0 22.18504677734375
63.0 23.81024921875
64.0 21.897517578125
65.0 24.0953919921875
66.0 21.43767626953125
67.0 24.26306357421875
68.0 21.5959791015625
69.0 21.28019326171875
70.0 21.47806748046875
71.0 24.220907421875
72.0 24.71490078125
73.0 21.5248337890625
74.0 24.6252150390625
75.0 22.1018611328125
76.0 21.695443359375
77.0 16.79817763671875
78.0 29.91377783203125
79.0 21.64882197265625
80.0 23.81281962890625
81.0 20.81356162109375
82.0 23.71080712890625
83.0 22.4600705078125
84.0 21.5929111328125
85.0 24.48713310546875
86.0 21.55591455078125
87.0 24.1253333984375
88.0 16.34194501953125
89.0 25.97240029296875
90.0 26.774170703125
91.0 21.59783994140625
92.0 23.30465361328125
93.0 23.78547314453125
94.0 21.81475107421875
95.0 24.2015841796875
96.0 21.7675337890625
97.0 24.22192421875
98.0 21.70482255859375
99.0 24.32737548828125
100.0 21.6430642578125
101.0 24.32089248046875
102.0 21.66763935546875
103.0 23.112890234375
104.0 24.0108044921875
105.0 21.55847578125
106.0 22.74528251953125
107.0 24.0628369140625
108.0 21.43295751953125
109.0 24.01192666015625
110.0 21.62849921875
111.0 20.5900732421875
112.0 25.662309375
113.0 23.4782888671875
114.0 21.4432125
115.0 24.092525390625
116.0 21.89117490234375
117.0 23.63939970703125
118.0 21.694387890625
119.0 24.00130517578125
120.0 19.64382275390625
121.0 26.2895064453125
122.0 21.5793384765625
123.0 24.19122919921875
124.0 17.24662041015625
125.0 23.5801607421875
126.0 28.61351064453125
127.0 24.0906634765625
128.0 20.20838720703125
129.0 24.1950951171875
130.0 21.93920546875
131.0 22.9200962890625
132.0 24.1090609375
133.0 24.34663388671875
134.0 21.58902158203125
135.0 24.50314755859375
136.0 21.967088671875
137.0 24.39199208984375
138.0 17.10922978515625
139.0 28.6683970703125
140.0 24.1970171875
141.0 21.690051953125
142.0 22.25370400390625
143.0 24.380771484375
144.0 24.2772228515625
145.0 21.9794955078125
146.0 23.934552734375
147.0 20.9018490234375
148.0 24.19389072265625
149.0 16.47730888671875
150.0 27.41064609375
151.0 22.52737431640625
152.0 24.09274306640625
153.0 21.62014931640625
154.0 24.0694552734375
155.0 22.204054296875
156.0 24.05168056640625
157.0 20.0389734375
158.0 24.387358984375
159.0 21.94673193359375
160.0 24.0172400390625
161.0 21.5292994140625
162.0 24.33606689453125
163.0 16.39044140625
164.0 28.55875830078125
165.0 23.8417580078125
166.0 21.71578623046875
167.0 24.3328296875
168.0 24.24451611328125
169.0 22.12511171875
170.0 24.107908203125
171.0 21.14979873046875
172.0 17.291399609375
173.0 24.81249912109375
174.0 20.4561326171875
175.0 21.3980146484375
176.0 23.832184375
177.0 21.82463134765625
178.0 24.022024609375
179.0 23.6470099609375
180.0 19.9238720703125
181.0 22.57207880859375
182.0 24.0712423828125
183.0 22.09344248046875
184.0 23.54430478515625
185.0 24.27729375
186.0 21.836841015625
187.0 24.47517724609375
188.0 21.4071015625
189.0 24.2272685546875
190.0 21.11899658203125
191.0 23.57403896484375
192.0 24.0241697265625
193.0 20.72234736328125
194.0 23.707977734375
195.0 21.6416619140625
196.0 24.11961904296875
197.0 21.55326484375
198.0 24.487850390625
199.0 23.49051767578125
200.0 24.861804296875
201.0 20.9760845703125
202.0 24.1362021484375
203.0 19.83297099609375
204.0 27.2572310546875
205.0 22.06205615234375
206.0 23.4834408203125
207.0 20.60050595703125
208.0 24.62536513671875
209.0 22.133090234375
210.0 16.6839138671875
211.0 28.11753447265625
212.0 23.77740029296875
213.0 24.3192216796875
214.0 24.663752734375
215.0 22.46502080078125
216.0 21.71822451171875
217.0 24.33032705078125
218.0 21.9182849609375
219.0 24.39848408203125
220.0 21.86689404296875
221.0 24.51462978515625
222.0 22.0549392578125
223.0 24.37272509765625
224.0 22.887878125
225.0 22.810594140625
226.0 22.645169140625
227.0 17.62620517578125
228.0 24.49798310546875
229.0 21.96865478515625
230.0 23.111859375
231.0 23.60345498046875
232.0 20.1881447265625
233.0 23.84131640625
234.0 22.12944140625
235.0 24.7311431640625
236.0 21.38697685546875
237.0 19.21562900390625
238.0 25.51985283203125
239.0 21.67067822265625
240.0 22.38580625
241.0 23.91999384765625
242.0 21.76150947265625
243.0 24.2316228515625
244.0 16.70472958984375
245.0 24.981601953125
246.0 24.08376142578125
247.0 23.48264560546875
248.0 22.66538173828125
249.0 24.15562177734375
250.0 19.54814482421875
251.0 23.90878701171875
252.0 21.681395703125
253.0 24.4163435546875
254.0 21.63471826171875
255.0 24.16879794921875
256.0 17.24896318359375
257.0 30.53603203125
258.0 22.1101642578125
259.0 24.4664669921875
260.0 23.00860556640625
261.0 24.88995751953125
262.0 22.28845205078125
263.0 25.15883095703125
264.0 21.85566611328125
265.0 23.909975
266.0 15.1775900390625
267.0 31.37661171875
268.0 24.72298232421875
269.0 21.99550595703125
270.0 24.11565166015625
271.0 22.47673916015625
272.0 23.51387060546875
273.0 17.566578125
274.0 27.7477494140625
275.0 24.27998349609375
276.0 21.24922451171875
277.0 18.343487109375
278.0 24.10836513671875
279.0 21.102028125
280.0 24.36142548828125
281.0 24.22520595703125
282.0 22.2861095703125
283.0 23.91032861328125
284.0 21.122337109375
285.0 24.52824599609375
286.0 20.66696455078125
287.0 24.544451953125
288.0 21.69669267578125
289.0 13.30291845703125
290.0 29.95125009765625
291.0 21.86194990234375
292.0 24.060622265625
293.0 24.4403912109375
294.0 22.14953876953125
295.0 23.45461689453125
296.0 21.86665048828125
297.0 24.20811328125
298.0 22.85560107421875
299.0 24.7509625
300.0 21.92536884765625
301.0 24.5067
302.0 22.12302255859375
303.0 24.205737109375
304.0 21.98110859375
305.0 24.2619693359375
306.0 22.46388994140625
307.0 24.21733828125
308.0 22.03607763671875
309.0 24.63139814453125
310.0 24.54410146484375
311.0 21.98213271484375
312.0 24.62036953125
313.0 22.1421314453125
314.0 24.01001513671875
315.0 22.860825390625
316.0 23.1508283203125
317.0 21.22914970703125
318.0 22.96652646484375
319.0 17.5080775390625
320.0 22.19108583984375
321.0 31.515246875
322.0 21.1550484375
323.0 23.86060224609375
324.0 21.99426318359375
325.0 24.144629296875
326.0 24.21996806640625
327.0 21.6523162109375
328.0 19.8195630859375
329.0 25.86920947265625
330.0 22.62015966796875
331.0 20.9611251953125
332.0 24.53826787109375
333.0 24.7990720703125
334.0 21.98058408203125
335.0 24.20182744140625
336.0 22.07327744140625
337.0 17.21783486328125
338.0 31.57751708984375
339.0 22.60920634765625
340.0 20.3101716796875
341.0 22.19206689453125
342.0 23.79925732421875
343.0 17.02737177734375
344.0 26.8119193359375
345.0 21.2773412109375
346.0 24.832511328125
347.0 24.09306103515625
348.0 22.088003515625
349.0 24.679141015625
350.0 21.95777607421875
351.0 24.42496552734375
352.0 21.7932125
353.0 25.0901109375
354.0 21.8332345703125
355.0 24.62067783203125
356.0 25.00804931640625
357.0 22.0518537109375
358.0 24.679105859375
359.0 21.131240625
360.0 23.278956640625
361.0 21.9928033203125
362.0 24.38867451171875
363.0 19.5831029296875
364.0 27.35626796875
365.0 21.70063876953125
366.0 24.89550986328125
367.0 22.39465283203125
368.0 24.06522080078125
369.0 23.60977822265625
370.0 17.07174814453125
371.0 21.93697421875
372.0 26.339100390625
373.0 20.84348203125
374.0 22.505636328125
375.0 24.47409267578125
376.0 21.640923828125
377.0 24.4408384765625
378.0 22.85090068359375
379.0 24.28921923828125
380.0 17.29830263671875
381.0 29.0518767578125
382.0 24.04334423828125
383.0 22.0492251953125
384.0 24.41449052734375
385.0 21.80958271484375
386.0 24.002806640625
387.0 25.34828974609375
388.0 23.86722021484375
389.0 27.32418505859375
390.0 23.03169248046875
391.0 24.15160888671875
392.0 22.3363529296875
393.0 22.89806728515625
394.0 19.00653505859375
395.0 21.62517314453125
396.0 21.99803837890625
397.0 24.21038681640625
398.0 21.81331162109375
399.0 24.41742607421875
400.0 22.54095302734375
401.0 23.688111328125
402.0 11.4198361328125
403.0 7.174853125
404.0 13.34008427734375
405.0 23.00196943359375
406.0 21.811651953125
407.0 24.39319501953125
408.0 21.7945294921875
409.0 24.50895048828125
410.0 23.96714873046875
411.0 19.78946669921875
412.0 24.52799267578125
413.0 21.63679580078125
414.0 24.5843248046875
415.0 21.99911240234375
416.0 23.11733388671875
417.0 24.35317646484375
418.0 22.3406474609375
419.0 24.4046736328125
420.0 21.705282421875
421.0 24.64463916015625
422.0 21.40911123046875
423.0 24.565014453125
424.0 19.7769732421875
425.0 23.7824509765625
426.0 20.75269228515625
427.0 23.87574755859375
428.0 23.24492724609375
429.0 22.21596083984375
430.0 17.0864880859375
431.0 22.57503759765625
432.0 24.0782984375
433.0 24.0054712890625
434.0 21.944641796875
435.0 23.64987177734375
436.0 24.50443740234375
437.0 21.465418359375
438.0 21.96043662109375
439.0 24.034457421875
440.0 24.0422947265625
441.0 24.451789453125
442.0 22.31434853515625
443.0 24.1404072265625
444.0 21.920764453125
445.0 24.80494365234375
446.0 14.583101171875
447.0 31.1577849609375
448.0 19.77083203125
449.0 24.852166796875
450.0 19.72466171875
451.0 24.55519423828125
452.0 21.8314123046875
453.0 22.7020654296875
454.0 19.2417359375
455.0 23.89994287109375
456.0 20.202840234375
457.0 24.77140068359375
458.0 23.05123427734375
459.0 24.08046396484375
460.0 17.63387177734375
461.0 20.7730728515625
462.0 28.49695400390625
463.0 21.4794796875
464.0 23.6790318359375
465.0 24.055859375
466.0 21.98453212890625
467.0 24.2738134765625
468.0 22.10106669921875
469.0 22.953508203125
470.0 24.61926083984375
471.0 22.68983505859375
472.0 20.62231162109375
473.0 24.4286822265625
474.0 21.799344140625
475.0 22.16373046875
476.0 19.52196943359375
477.0 14.70994375
478.0 32.85501044921875
479.0 22.33503388671875
480.0 24.8735400390625
481.0 22.746919140625
482.0 22.23024697265625
483.0 23.77141962890625
484.0 22.929310546875
485.0 22.31436474609375
486.0 24.13334384765625
487.0 21.61797041015625
488.0 25.2245208984375
489.0 22.54029658203125
490.0 22.0376169921875
491.0 23.480611328125
492.0 22.7493072265625
493.0 21.61588203125
494.0 23.9793953125
495.0 24.35639580078125
496.0 21.5912447265625
497.0 23.0685923828125
498.0 22.40962353515625
499.0 24.53468681640625
500.0 23.81803818359375
501.0 21.2676697265625
502.0 21.80003125
503.0 21.86945966796875
504.0 20.909079296875
505.0 17.19086201171875
506.0 29.43644951171875
507.0 21.78464912109375
508.0 24.85325732421875
509.0 18.86484287109375
510.0 21.336119140625
511.0 22.31660419921875
512.0 24.619141015625
513.0 17.44462333984375
514.0 29.10046767578125
515.0 24.65020302734375
516.0 22.03289404296875
517.0 24.0486697265625
518.0 22.50504677734375
519.0 24.534129296875
520.0 22.33187705078125
521.0 17.1148076171875
522.0 29.87129609375
523.0 22.8653751953125
524.0 22.17583505859375
525.0 25.100733984375
526.0 23.199121875
527.0 26.05395244140625
528.0 20.9523505859375
529.0 27.56968349609375
530.0 21.70524580078125
531.0 24.66708798828125
532.0 15.63399072265625
533.0 30.42934560546875
534.0 25.0810369140625
535.0 22.3825537109375
536.0 24.10628330078125
537.0 24.44828291015625
538.0 22.170834375
539.0 16.4484048828125
540.0 28.6880630859375
541.0 24.45494560546875
542.0 19.4101052734375
543.0 26.128815625
544.0 23.98338203125
545.0 22.38634580078125
546.0 23.12057490234375
547.0 22.5835625
548.0 24.30944990234375
549.0 21.99779814453125
550.0 24.4027755859375
551.0 24.1631544921875
552.0 22.2576693359375
553.0 16.40240517578125
554.0 25.2796861328125
555.0 29.4605919921875
556.0 22.807880859375
557.0 24.4074486328125
558.0 22.9847275390625
559.0 24.7846669921875
560.0 21.79213681640625
561.0 17.63116123046875
562.0 28.7384390625
563.0 24.194680078125
564.0 22.53667138671875
565.0 24.6661080078125
566.0 21.9315373046875
567.0 24.6996099609375
568.0 22.0807125
569.0 24.05582421875
570.0 22.3495177734375
571.0 24.17349384765625
572.0 22.3788501953125
573.0 21.4511830078125
574.0 24.33493271484375
575.0 20.84650234375
576.0 24.29300458984375
577.0 23.4357654296875
578.0 25.31136767578125
579.0 21.9776396484375
580.0 24.777753515625
581.0 24.88730693359375
582.0 22.255108984375
583.0 25.35857890625
584.0 21.8802890625
585.0 24.21138974609375
586.0 23.0740927734375
587.0 25.78277255859375
588.0 23.07819697265625
589.0 25.45437490234375
590.0 22.54506455078125
591.0 24.5151619140625
592.0 24.3161333984375
593.0 21.95878828125
594.0 24.61320048828125
595.0 22.64828525390625
596.0 25.46053955078125
597.0 22.24613955078125
598.0 24.25110986328125
599.0 22.468093359375
600.0 24.48222880859375
601.0 21.82766103515625
602.0 24.4312953125
603.0 22.18952705078125
604.0 24.65599296875
605.0 22.04930283203125
606.0 24.66849951171875
607.0 21.992790625
608.0 19.494870703125
609.0 28.1546447265625
610.0 21.85269091796875
611.0 24.58616982421875
612.0 15.77229189453125
613.0 31.21715517578125
614.0 22.207263671875
615.0 24.34816357421875
616.0 22.07758837890625
617.0 24.10442646484375
618.0 22.05120517578125
619.0 24.0748345703125
620.0 24.5578318359375
621.0 22.2646484375
622.0 24.2123150390625
623.0 21.953473046875
624.0 24.6458876953125
625.0 22.43044423828125
626.0 24.16245478515625
627.0 22.28991533203125
628.0 23.98548828125
629.0 25.00853994140625
630.0 19.5278345703125
631.0 24.80668408203125
632.0 25.083251171875
633.0 23.6591154296875
634.0 22.43143046875
635.0 24.34861923828125
636.0 22.04723427734375
637.0 25.18039169921875
638.0 22.93347919921875
639.0 24.27965625
640.0 22.84558486328125
641.0 19.37550498046875
642.0 24.7038626953125
643.0 24.73667529296875
644.0 16.4687923828125
645.0 29.7874138671875
646.0 20.6728283203125
647.0 23.9412484375
648.0 22.007246875
649.0 24.7415724609375
650.0 21.46835390625
651.0 23.86321474609375
652.0 14.937821875
653.0 28.83758857421875
654.0 17.96689814453125
655.0 21.6597955078125
656.0 27.50662666015625
657.0 21.95724912109375
658.0 24.55231806640625
659.0 20.8708625
660.0 24.4100919921875
661.0 21.534558984375
662.0 22.98052646484375
663.0 23.09423046875
664.0 25.74896328125
665.0 23.46474521484375
666.0 26.33679912109375
667.0 23.14571279296875
668.0 25.51495673828125
669.0 22.29045732421875
670.0 26.1742673828125
671.0 24.599501171875
672.0 22.48932978515625
673.0 24.77740009765625
674.0 17.729318359375
675.0 24.49625205078125
676.0 27.34228828125
677.0 25.11988466796875
678.0 22.2894421875
679.0 24.57571484375
680.0 21.94099033203125
681.0 19.65586455078125
682.0 26.736990234375
683.0 24.64677880859375
684.0 21.94350380859375
685.0 24.133503515625
686.0 22.42919404296875
687.0 21.60102626953125
688.0 24.5114716796875
689.0 21.3204486328125
690.0 24.49395986328125
691.0 17.50953349609375
692.0 27.3923369140625
693.0 24.0526083984375
694.0 23.5746185546875
695.0 17.777608203125
696.0 23.13041123046875
697.0 16.920753515625
698.0 30.5350650390625
699.0 23.79840751953125
700.0 21.65228798828125
701.0 24.2816837890625
702.0 21.466718359375
703.0 23.94286572265625
704.0 20.95784052734375
705.0 24.55176396484375
706.0 21.6334697265625
707.0 24.7234109375
708.0 24.33614658203125
709.0 21.83974677734375
710.0 22.70350380859375
711.0 24.235006640625
712.0 22.03963037109375
713.0 19.08405126953125
714.0 26.02838994140625
715.0 23.85906396484375
716.0 16.3603111328125
717.0 24.39177060546875
718.0 24.2436310546875
719.0 22.22039091796875
720.0 23.71704853515625
721.0 22.81458232421875
722.0 22.1657796875
723.0 23.78839892578125
724.0 20.832531640625
725.0 19.6563017578125
726.0 16.4553671875
727.0 24.74055068359375
728.0 22.51432060546875
729.0 25.02108271484375
730.0 22.6722396484375
731.0 25.6161765625
732.0 26.34566513671875
733.0 23.480741796875
734.0 25.1093265625
735.0 18.35754775390625
736.0 30.29495751953125
737.0 25.33894013671875
738.0 24.29784677734375
739.0 21.868164453125
740.0 21.399329296875
741.0 20.9199833984375
742.0 23.8185697265625
743.0 21.689867578125
744.0 21.2103853515625
745.0 25.26747841796875
746.0 23.6461203125
747.0 19.91234404296875
748.0 23.4719943359375
749.0 21.7870845703125
750.0 24.53459716796875
751.0 21.007588671875
752.0 19.8670759765625
753.0 24.1182583984375
754.0 22.31590712890625
755.0 25.2900923828125
756.0 23.441142578125
757.0 22.415410546875
758.0 25.19030712890625
759.0 24.8607837890625
760.0 23.7627392578125
761.0 24.946580078125
762.0 23.14665830078125
763.0 24.37695693359375
764.0 22.17779521484375
765.0 26.22129765625
766.0 21.60018798828125
767.0 23.55702939453125
768.0 21.99904501953125
769.0 17.85939140625
770.0 30.96259384765625
771.0 22.0753138671875
772.0 24.79335234375
773.0 25.2345505859375
774.0 23.591538671875
775.0 23.7778326171875
776.0 26.0864220703125
777.0 23.725606640625
778.0 26.15270732421875
779.0 25.94487431640625
780.0 22.9737568359375
781.0 25.93499228515625
782.0 22.3530962890625
783.0 25.27712294921875
784.0 24.06077626953125
785.0 26.35908837890625
786.0 19.6125595703125
787.0 24.3804896484375
788.0 22.2943244140625
789.0 22.39940224609375
790.0 22.8928875
791.0 24.492402734375
792.0 23.5008671875
793.0 25.11498427734375
794.0 21.9026181640625
795.0 23.29146669921875
796.0 22.363875390625
797.0 22.9940212890625
798.0 24.9786283203125
799.0 21.9669544921875
