0.0 23.096284765625
1.0 20.73501376953125
2.0 19.29707802734375
3.0 15.34336328125
4.0 20.02648583984375
5.0 22.605278515625
6.0 18.73057021484375
7.0 21.4721427734375
8.0 18.10168427734375
9.0 18.10250576171875
10.0 22.9679080078125
11.0 21.83391728515625
12.0 22.8769189453125
13.0 18.892885546875
14.0 24.81952783203125
15.0 24.958230078125
16.0 23.81342490234375
17.0 24.8722255859375
18.0 24.4730935546875
19.0 22.3408998046875
20.0 23.78220322265625
21.0 23.8987546875
22.0 26.28325654296875
23.0 26.221478515625
24.0 25.67424267578125
25.0 26.21016591796875
26.0 21.8105900390625
27.0 22.6114375
28.0 19.41761923828125
29.0 27.4155857421875
30.0 17.325934375
31.0 18.58014521484375
32.0 18.15564326171875
33.0 17.78187373046875
34.0 23.32619482421875
35.0 24.819640234375
36.0 25.9511091796875
37.0 23.77910146484375
38.0 21.1694966796875
39.0 23.79391455078125
40.0 26.66642109375
41.0 24.16616923828125
42.0 25.41201103515625
43.0 23.207467578125
44.0 24.7331166015625
45.0 21.37456728515625
46.0 23.51208564453125
47.0 27.80066611328125
48.0 19.1825521484375
49.0 22.4364904296875
50.0 21.1818962890625
51.0 24.2600119140625
52.0 29.12961123046875
53.0 27.978363671875
54.0 19.85692041015625
55.0 27.310475
56.0 27.66886171875
57.0 24.39854091796875
58.0 23.832358203125
59.0 25.78640830078125
60.0 22.91097548828125
61.0 23.594871875
62.0 22.46553017578125
63.0 25.95193349609375
64.0 23.58250146484375
65.0 24.08112197265625
66.0 22.03579306640625
67.0 24.9458611328125
68.0 21.37615556640625
69.0 24.70186572265625
70.0 22.86803564453125
71.0 25.6983744140625
72.0 23.38048212890625
73.0 22.87962197265625
74.0 23.18024814453125
75.0 23.3150630859375
76.0 20.48441015625
77.0 18.3520453125
78.0 20.3200361328125
79.0 19.5488388671875
80.0 22.80420888671875
81.0 20.8118546875
82.0 26.96438994140625
83.0 24.08573955078125
84.0 22.96933251953125
85.0 25.72865869140625
86.0 21.1533154296875
87.0 26.73020478515625
88.0 21.92962900390625
89.0 23.79674365234375
90.0 22.22268388671875
91.0 25.9275435546875
92.0 24.1572037109375
93.0 24.1620751953125
94.0 24.53662216796875
95.0 21.64848916015625
96.0 25.7665947265625
97.0 20.22555400390625
98.0 23.370880078125
99.0 25.98685537109375
100.0 22.19134873046875
101.0 18.0084943359375
102.0 26.47009794921875
103.0 22.01072998046875
104.0 23.13126240234375
105.0 18.762544140625
106.0 24.0679177734375
107.0 24.3250513671875
108.0 25.046240234375
109.0 27.2759966796875
110.0 26.13835078125
111.0 23.5178763671875
112.0 24.3276673828125
113.0 26.281609375
114.0 23.666782421875
115.0 26.84882900390625
116.0 23.9471123046875
117.0 23.27135634765625
118.0 26.9993193359375
119.0 24.05498837890625
120.0 20.3815677734375
121.0 27.0719615234375
122.0 24.27949453125
123.0 26.1211662109375
124.0 23.7928865234375
125.0 25.66321220703125
126.0 23.6370431640625
127.0 26.71434951171875
128.0 22.4610080078125
129.0 24.7434837890625
130.0 24.1500521484375
131.0 26.22958330078125
132.0 24.02251865234375
133.0 27.58182099609375
134.0 24.69921875
135.0 26.02564501953125
136.0 23.73739013671875
137.0 25.33163359375
138.0 27.2953220703125
139.0 24.42803134765625
140.0 26.72887158203125
141.0 23.639616015625
142.0 26.99173857421875
143.0 22.673832421875
144.0 24.1234111328125
145.0 25.8321015625
146.0 21.99471953125
147.0 22.951899609375
148.0 20.908463671875
149.0 24.5540908203125
150.0 19.84036923828125
151.0 24.47884345703125
152.0 21.94875791015625
153.0 21.1075267578125
154.0 22.33128701171875
155.0 21.818508203125
156.0 25.53334697265625
157.0 25.17389736328125
158.0 23.09610732421875
159.0 24.78779482421875
160.0 15.11996123046875
161.0 29.4295453125
162.0 17.5523767578125
163.0 28.711119921875
164.0 23.9882162109375
165.0 26.16003193359375
166.0 24.89686943359375
167.0 21.48592841796875
168.0 25.19091337890625
169.0 22.3509736328125
170.0 23.30375751953125
171.0 21.4334919921875
172.0 21.46732822265625
173.0 25.1506794921875
174.0 22.803482421875
175.0 25.90860791015625
176.0 26.08505390625
177.0 28.9931763671875
178.0 20.26742861328125
179.0 25.5712654296875
180.0 21.8807765625
181.0 18.16014580078125
182.0 26.3866431640625
183.0 19.89919951171875
184.0 25.95498818359375
185.0 23.37486748046875
186.0 24.4997087890625
187.0 26.3391974609375
188.0 19.77629052734375
189.0 22.7523224609375
190.0 24.58405849609375
191.0 22.911345703125
192.0 26.34687919921875
193.0 20.5401203125
194.0 21.92697734375
195.0 23.99308173828125
196.0 24.271836328125
197.0 27.8056015625
198.0 23.26550810546875
199.0 27.1528552734375
200.0 20.11489931640625
201.0 19.8157935546875
202.0 15.29313134765625
203.0 31.19180263671875
204.0 24.253123046875
205.0 23.96009921875
206.0 24.6870482421875
207.0 19.1432326171875
208.0 27.7863205078125
209.0 24.0680865234375
210.0 26.96163173828125
211.0 22.00368134765625
212.0 21.5463626953125
213.0 28.19548818359375
214.0 24.15460380859375
215.0 22.118312890625
216.0 15.08151142578125
217.0 16.220041015625
218.0 30.66481533203125
219.0 23.25553271484375
220.0 17.95243662109375
221.0 29.46482568359375
222.0 23.86180302734375
223.0 25.76298388671875
224.0 23.6795685546875
225.0 25.22922705078125
226.0 25.1003951171875
227.0 25.751195703125
228.0 18.40607890625
229.0 23.4076841796875
230.0 23.6379560546875
231.0 28.00502119140625
232.0 26.646810546875
233.0 28.16624453125
234.0 24.11936123046875
235.0 24.9521162109375
236.0 29.74712919921875
237.0 26.4710095703125
238.0 28.009990625
239.0 24.55551123046875
240.0 31.4557984375
241.0 27.70255849609375
242.0 30.1734728515625
243.0 24.4890685546875
244.0 23.39494052734375
245.0 21.756157421875
246.0 26.10543525390625
247.0 26.089396875
248.0 24.20042421875
249.0 22.2158109375
250.0 24.72267744140625
251.0 24.64972470703125
252.0 25.68898857421875
253.0 19.26252373046875
254.0 14.775003515625
255.0 16.57600224609375
256.0 19.88586142578125
257.0 23.0541490234375
258.0 23.66070771484375
259.0 21.13727470703125
260.0 18.97611875
261.0 18.55969375
262.0 20.10329189453125
263.0 24.097972265625
264.0 19.94507001953125
265.0 20.06111181640625
266.0 19.47987001953125
267.0 24.442919921875
268.0 22.75463583984375
269.0 20.34211962890625
270.0 23.24170107421875
271.0 18.99650986328125
272.0 23.34466611328125
273.0 24.74948115234375
274.0 19.41406650390625
275.0 23.566269140625
276.0 24.050047265625
277.0 23.0978
278.0 22.12589423828125
279.0 26.36904755859375
280.0 22.9604830078125
281.0 15.47363935546875
282.0 24.10691083984375
283.0 20.71751923828125
284.0 22.90546171875
285.0 24.14015341796875
286.0 18.400206640625
287.0 22.0553271484375
288.0 24.3959734375
289.0 22.929955859375
290.0 21.39127568359375
291.0 25.6917779296875
292.0 23.96065107421875
293.0 21.9497974609375
294.0 20.188823046875
295.0 20.82314580078125
296.0 13.21515703125
297.0 19.209643359375
298.0 23.35777763671875
299.0 15.8403107421875
300.0 17.35033759765625
301.0 16.009423046875
302.0 20.25434873046875
303.0 15.92277265625
304.0 16.461026171875
305.0 17.83786787109375
306.0 18.01415986328125
307.0 17.32733193359375
308.0 24.94016875
309.0 23.6147833984375
310.0 16.73556220703125
311.0 13.2301755859375
312.0 15.1813060546875
313.0 16.49454169921875
314.0 15.710942578125
315.0 16.25680830078125
316.0 20.4309896484375
317.0 19.72983623046875
318.0 22.80633193359375
319.0 25.04496298828125
320.0 22.3728734375
321.0 26.40012802734375
322.0 22.70833388671875
323.0 21.2595517578125
324.0 22.16073671875
325.0 24.7010451171875
326.0 21.71695771484375
327.0 26.01516455078125
328.0 26.3320896484375
329.0 22.55705
330.0 23.39158173828125
331.0 21.65019482421875
332.0 16.5807330078125
333.0 16.7640857421875
334.0 22.26995361328125
335.0 21.6573837890625
336.0 23.591955859375
337.0 25.4661478515625
338.0 22.815290625
339.0 23.53993125
340.0 23.0314322265625
341.0 23.2178462890625
342.0 20.81042333984375
343.0 22.274751171875
344.0 23.6883720703125
345.0 22.52629599609375
346.0 23.78996650390625
347.0 22.257584375
348.0 22.78695078125
349.0 19.3513642578125
350.0 22.18967060546875
351.0 22.52705087890625
352.0 23.3549435546875
353.0 23.60379619140625
354.0 21.99417919921875
355.0 25.301881640625
356.0 19.32968076171875
357.0 24.928980859375
358.0 23.61670087890625
359.0 24.07297373046875
360.0 21.1717197265625
361.0 22.56873720703125
362.0 25.68881982421875
363.0 22.82836044921875
364.0 25.4324623046875
365.0 15.87666552734375
366.0 20.2943748046875
367.0 15.8533453125
368.0 19.6752830078125
369.0 23.8811962890625
370.0 20.23206630859375
371.0 14.096583203125
372.0 20.97196826171875
373.0 25.31724599609375
374.0 21.78007275390625
375.0 26.57452265625
376.0 21.24708720703125
377.0 26.39309384765625
378.0 21.99544267578125
379.0 26.70952392578125
380.0 21.226250390625
381.0 23.3437638671875
382.0 23.07548837890625
383.0 21.81929375
384.0 23.08158076171875
385.0 22.45112529296875
386.0 24.7047662109375
387.0 22.8403009765625
388.0 26.6110853515625
389.0 23.4336318359375
390.0 25.94315849609375
391.0 19.04529853515625
392.0 22.86893193359375
393.0 23.784865234375
394.0 21.9796095703125
395.0 25.46345283203125
396.0 23.2923466796875
397.0 22.928609765625
398.0 21.6492466796875
399.0 25.34732060546875
400.0 20.54512490234375
401.0 21.793784375
402.0 22.869403125
403.0 21.732791796875
404.0 22.61437197265625
405.0 23.24222451171875
406.0 25.37449384765625
407.0 19.01963896484375
408.0 21.7501767578125
409.0 16.36722001953125
410.0 25.73120126953125
411.0 25.1424255859375
412.0 17.66468408203125
413.0 19.78857841796875
414.0 25.86476728515625
415.0 21.83979443359375
416.0 23.3245634765625
417.0 24.30615556640625
418.0 22.239202734375
419.0 22.88832060546875
420.0 22.41182275390625
421.0 24.791503125
422.0 22.16530498046875
423.0 24.899765234375
424.0 20.82274833984375
425.0 20.9793404296875
426.0 24.959116796875
427.0 21.9748138671875
428.0 25.6510376953125
429.0 18.5722771484375
430.0 24.3946185546875
431.0 16.45613271484375
432.0 17.26851435546875
433.0 19.90944052734375
434.0 15.72248466796875
435.0 20.88728310546875
436.0 18.5157884765625
437.0 16.2433857421875
438.0 15.75476328125
439.0 21.84569375
440.0 22.53770703125
441.0 21.39846630859375
442.0 22.95610302734375
443.0 22.00950859375
444.0 22.36359541015625
445.0 23.93964638671875
446.0 23.54139013671875
447.0 21.67334365234375
448.0 22.40706865234375
449.0 15.631554296875
450.0 26.525727734375
451.0 13.94869169921875
452.0 23.48799736328125
453.0 21.97647861328125
454.0 16.65139853515625
455.0 25.36847978515625
456.0 19.1161896484375
457.0 17.7356224609375
458.0 26.45023720703125
459.0 22.8245185546875
460.0 19.30191787109375
461.0 22.32166259765625
462.0 22.9859638671875
463.0 22.093082421875
464.0 23.9014859375
465.0 17.6693259765625
466.0 25.32086787109375
467.0 15.95135078125
468.0 20.7404345703125
469.0 21.81790771484375
470.0 18.95839560546875
471.0 18.202101171875
472.0 22.81245302734375
473.0 17.49583681640625
474.0 21.02464873046875
475.0 15.26231162109375
476.0 16.02841044921875
477.0 12.1444025390625
478.0 17.1998806640625
479.0 14.3744388671875
480.0 18.49188232421875
481.0 21.53846201171875
482.0 16.41942041015625
483.0 17.65913701171875
484.0 19.747153125
485.0 23.12693154296875
486.0 20.41433134765625
487.0 19.8304408203125
488.0 21.08123974609375
489.0 18.9165765625
490.0 25.07319189453125
491.0 18.9588947265625
492.0 22.3795279296875
493.0 22.2726771484375
494.0 23.39068916015625
495.0 21.25891640625
496.0 23.27534658203125
497.0 21.24220712890625
498.0 16.045197265625
499.0 15.14989990234375
500.0 15.7344611328125
501.0 18.0911294921875
502.0 18.70502998046875
503.0 23.34206376953125
504.0 22.81876552734375
505.0 15.61845810546875
506.0 24.0613806640625
507.0 22.9697583984375
508.0 25.71503447265625
509.0 19.8081912109375
510.0 24.9868376953125
511.0 25.799336328125
512.0 23.05697431640625
513.0 25.68459755859375
514.0 21.3071009765625
515.0 24.65333525390625
516.0 24.2412962890625
517.0 25.58481044921875
518.0 23.3490400390625
519.0 26.49277626953125
520.0 18.3133912109375
521.0 23.14278720703125
522.0 23.9530416015625
523.0 15.7265802734375
524.0 30.38303095703125
525.0 21.158708984375
526.0 24.74487236328125
527.0 19.700490234375
528.0 25.55770712890625
529.0 27.21431484375
530.0 20.042858203125
531.0 23.9419802734375
532.0 18.6365751953125
533.0 23.7870220703125
534.0 23.6713173828125
535.0 22.07605341796875
536.0 21.15013955078125
537.0 18.9113353515625
538.0 23.7406482421875
539.0 22.84238486328125
540.0 23.43163896484375
541.0 24.34212607421875
542.0 19.4103697265625
543.0 24.26343037109375
544.0 22.04164365234375
545.0 26.6797158203125
546.0 22.11593486328125
547.0 23.85660517578125
548.0 22.41822158203125
549.0 25.3941484375
550.0 21.57192685546875
551.0 22.76196611328125
552.0 24.2612109375
553.0 20.49336201171875
554.0 22.18131767578125
555.0 22.675519921875
556.0 24.99679716796875
557.0 18.788241796875
558.0 19.977928125
559.0 25.48483349609375
560.0 24.09004365234375
561.0 22.87231171875
562.0 23.1326162109375
563.0 17.50289619140625
564.0 24.77486767578125
565.0 20.6586330078125
566.0 25.40399140625
567.0 23.6539576171875
568.0 22.8822759765625
569.0 23.72215263671875
570.0 21.15720283203125
571.0 25.08195048828125
572.0 23.19838330078125
573.0 22.96793837890625
574.0 22.8578921875
575.0 23.29656796875
576.0 25.42108916015625
577.0 21.67604423828125
578.0 21.5076837890625
579.0 21.08779345703125
580.0 23.7168115234375
581.0 25.14165927734375
582.0 22.95211513671875
583.0 21.44781875
584.0 20.0842150390625
585.0 24.59912138671875
586.0 20.3225828125
587.0 19.41422666015625
588.0 12.53714169921875
589.0 20.11000576171875
590.0 20.76214267578125
591.0 23.4521107421875
592.0 18.01997626953125
593.0 21.4105380859375
594.0 17.393707421875
595.0 28.7820080078125
596.0 21.06220849609375
597.0 24.8349216796875
598.0 20.02261181640625
599.0 22.39855537109375
600.0 23.4145228515625
601.0 23.3105046875
602.0 20.90358994140625
603.0 26.62508232421875
604.0 23.18782470703125
605.0 22.44462861328125
606.0 22.5245939453125
607.0 25.261075390625
608.0 22.52235439453125
609.0 24.61705595703125
610.0 20.20252216796875
611.0 23.89511572265625
612.0 24.21394794921875
613.0 25.90014599609375
614.0 22.66911591796875
615.0 21.02996953125
616.0 19.79266611328125
617.0 22.4755884765625
618.0 18.15080986328125
619.0 29.53535791015625
620.0 24.7228435546875
621.0 21.4662783203125
622.0 19.26079775390625
623.0 25.5904298828125
624.0 23.60937314453125
625.0 26.07532138671875
626.0 20.4644265625
627.0 21.7122138671875
628.0 23.79120146484375
629.0 24.79258935546875
630.0 27.5883982421875
631.0 25.58177861328125
632.0 20.45993759765625
633.0 23.7339978515625
634.0 22.686458984375
635.0 26.8335056640625
636.0 24.79620126953125
637.0 23.38197060546875
638.0 27.12657294921875
639.0 18.09606611328125
640.0 24.003573046875
641.0 26.590646875
642.0 20.4129517578125
643.0 26.8368119140625
644.0 17.5031048828125
645.0 26.2214806640625
646.0 24.21488173828125
647.0 26.05218564453125
648.0 24.05686552734375
649.0 26.28660966796875
650.0 17.701980859375
651.0 25.11125810546875
652.0 21.4236240234375
653.0 22.66289638671875
654.0 25.40030712890625
655.0 19.335316796875
656.0 23.849476953125
657.0 21.60521337890625
658.0 26.86136796875
659.0 23.8652169921875
660.0 20.1120361328125
661.0 21.38620576171875
662.0 23.37518583984375
663.0 26.46537568359375
664.0 22.042679296875
665.0 26.795411328125
666.0 23.2237677734375
667.0 25.8925830078125
668.0 19.26534619140625
669.0 28.17006279296875
670.0 14.717001953125
671.0 31.076861328125
672.0 25.8703494140625
673.0 25.54086015625
674.0 24.07972001953125
675.0 24.634534375
676.0 23.52607880859375
677.0 26.74146611328125
678.0 24.310102734375
679.0 25.61152529296875
680.0 21.929140625
681.0 25.2478642578125
682.0 23.9288466796875
683.0 24.82846552734375
684.0 26.60549111328125
685.0 26.07766435546875
686.0 20.46262939453125
687.0 25.10998974609375
688.0 22.6905390625
689.0 25.143696875
690.0 23.4001275390625
691.0 19.0019935546875
692.0 33.65263896484375
693.0 23.82656025390625
694.0 24.38352705078125
695.0 26.714673828125
696.0 20.974819140625
697.0 18.4593412109375
698.0 29.49653583984375
699.0 24.23336240234375
700.0 26.76344560546875
701.0 22.81007666015625
702.0 25.15543662109375
703.0 21.98721650390625
704.0 26.86963212890625
705.0 23.82795517578125
706.0 26.97493662109375
707.0 24.56768076171875
708.0 24.2191419921875
709.0 24.455630078125
710.0 23.9800798828125
711.0 25.650641796875
712.0 25.26284619140625
713.0 21.22481669921875
714.0 22.8061208984375
715.0 23.7633814453125
716.0 26.03160947265625
717.0 24.33524580078125
718.0 22.57170029296875
719.0 29.03410615234375
720.0 21.2812369140625
721.0 23.594949609375
722.0 22.49399658203125
723.0 20.08166142578125
724.0 24.67209248046875
725.0 24.60864794921875
726.0 20.2736884765625
727.0 23.1673826171875
728.0 21.573362109375
729.0 26.1539640625
730.0 23.186092578125
731.0 24.40213720703125
732.0 19.74143427734375
733.0 24.2526958984375
734.0 25.258765625
735.0 12.23614833984375
736.0 21.4041623046875
737.0 19.80159423828125
738.0 20.39623505859375
739.0 23.85895009765625
740.0 24.08508720703125
741.0 25.6891490234375
742.0 21.7554005859375
743.0 24.90474189453125
744.0 18.801766796875
745.0 23.8943716796875
746.0 22.98639111328125
747.0 26.71045673828125
748.0 18.06200205078125
749.0 24.59015927734375
750.0 21.32638681640625
751.0 23.18744345703125
752.0 27.4148845703125
753.0 27.4872283203125
754.0 22.5698087890625
755.0 20.661522265625
756.0 21.13353115234375
757.0 26.67127431640625
758.0 21.49724873046875
759.0 26.964644921875
760.0 24.21573544921875
761.0 20.2340146484375
762.0 23.7976423828125
763.0 16.463889453125
764.0 31.6913837890625
765.0 22.8343353515625
766.0 27.0825009765625
767.0 25.05808974609375
768.0 25.96096884765625
769.0 23.17985009765625
770.0 24.94230166015625
771.0 23.3896115234375
772.0 26.44720302734375
773.0 24.5757703125
774.0 23.8305876953125
775.0 25.789626953125
776.0 22.72175400390625
777.0 25.47404619140625
778.0 24.5179314453125
779.0 25.91069521484375
780.0 24.32141044921875
781.0 23.8779396484375
782.0 20.321076953125
783.0 25.99169697265625
784.0 20.69263486328125
785.0 27.46595419921875
786.0 24.58002392578125
787.0 16.98044853515625
788.0 19.25310859375
789.0 25.46499052734375
790.0 20.19919931640625
791.0 21.87940458984375
792.0 22.61604130859375
793.0 23.81884267578125
794.0 20.89105498046875
795.0 22.91695341796875
796.0 25.515158984375
797.0 24.05935048828125
798.0 24.934887109375
799.0 19.2022162109375
