0.0 0.21833798828125
1.0 0.2080078125
2.0 0.25407724609375
3.0 0.16193828125
4.0 0.427080078125
5.0 0.29009677734375
6.0 0.26786142578125
7.0 0.13644375
8.0 0.15720419921875
9.0 0.2638240234375
10.0 0.1513140625
11.0 0.32216640625
12.0 0.19732666015625
13.0 0.21372001953125
14.0 0.20635263671875
15.0 0.0778826171875
16.0 0.12448876953125
17.0 0.40394052734375
18.0 0.14619228515625
19.0 0.30018115234375
20.0 0.115132421875
21.0 0.1973267578125
22.0 0.2179869140625
23.0 0.19750224609375
24.0 0.17613984375
25.0 0.2551626953125
26.0 0.22213212890625
27.0 0.2076568359375
28.0 0.29875126953125
29.0 0.1960330078125
30.0 0.23201455078125
31.0 0.15522548828125
32.0 0.2014716796875
33.0 0.10939013671875
34.0 0.15618125
35.0 0.113983203125
36.0 0.2037423828125
37.0 0.06607109375
38.0 0.2179556640625
39.0 0.18702783203125
40.0 0.329345703125
41.0 0.27372734375
42.0 0.24823125
43.0 0.29227314453125
44.0 0.2170890625
45.0 0.29172294921875
46.0 0.26272890625
47.0 0.1829837890625
48.0 0.1348845703125
49.0 0.0828171875
50.0 0.09314736328125
51.0 0.08316796875
52.0 0.11415859375
53.0 0.17428857421875
54.0 0.085194921875
55.0 0.16913623046875
56.0 0.16318505859375
57.0 0.10341298828125
58.0 0.1875875
59.0 0.1871720703125
60.0 0.18682080078125
61.0 0.12483974609375
62.0 0.19715107421875
63.0 0.17618359375
64.0 0.17679814453125
65.0 0.1940908203125
66.0 0.13823056640625
67.0 0.13499453125
68.0 0.0518265625
69.0 0.12466435546875
70.0 0.1974990234375
71.0 0.09315048828125
72.0 0.320358984375
73.0 0.344458984375
74.0 0.28102099609375
75.0 0.387528515625
76.0 0.53976435546875
77.0 0.24436240234375
78.0 0.345151953125
79.0 0.50282314453125
80.0 0.335383203125
81.0 0.20113076171875
82.0 0.3426513671875
83.0 0.35155322265625
84.0 2.78670810546875
85.0 7.8324048828125
86.0 4.9363619140625
87.0 0.7431578125
88.0 2.94745869140625
89.0 8.844834375
90.0 6.775387890625
91.0 8.29423017578125
92.0 10.9583
93.0 10.33686123046875
94.0 9.8242490234375
95.0 4.4121525390625
96.0 10.3307509765625
97.0 10.2223326171875
98.0 12.659428125
99.0 12.30961845703125
100.0 11.335294921875
101.0 11.76085947265625
102.0 15.05183076171875
103.0 12.9611541015625
104.0 8.88256640625
105.0 13.589869140625
106.0 2.5892759765625
107.0 0.187171875
108.0 0.50881181640625
109.0 0.300962109375
110.0 0.2288611328125
111.0 0.27086640625
112.0 0.40066640625
113.0 0.19201572265625
114.0 0.3225173828125
115.0 0.2185134765625
116.0 0.2486265625
117.0 0.197151171875
118.0 0.24591650390625
119.0 0.15976884765625
120.0 0.3739927734375
121.0 0.286330078125
122.0 0.46484755859375
123.0 0.13110068359375
124.0 0.14415185546875
125.0 0.1918439453125
126.0 0.19083955078125
127.0 0.180005078125
128.0 0.27016455078125
129.0 0.17278427734375
130.0 0.24292861328125
131.0 0.68968115234375
132.0 0.32788876953125
133.0 0.3130701171875
134.0 0.24932861328125
135.0 0.2284927734375
136.0 0.20853427734375
137.0 0.30185703125
138.0 0.27033994140625
139.0 0.291351171875
140.0 0.36363291015625
141.0 0.1351998046875
142.0 0.30150595703125
143.0 0.082992578125
144.0 0.7063140625
145.0 0.93124638671875
146.0 0.4321873046875
147.0 0.33793232421875
148.0 0.3972533203125
149.0 0.10429951171875
150.0 0.31201171875
151.0 0.20765703125
152.0 0.45716103515625
153.0 0.19732216796875
154.0 0.1768462890625
155.0 0.2500306640625
156.0 0.2968708984375
157.0 0.2619423828125
158.0 0.26236123046875
159.0 0.34810205078125
160.0 0.1365216796875
161.0 0.375990234375
162.0 0.19850615234375
163.0 0.37399287109375
164.0 0.27608701171875
165.0 0.22126953125
166.0 0.2508048828125
167.0 0.36947626953125
168.0 0.150894140625
169.0 0.3817322265625
170.0 0.41544111328125
171.0 0.47148291015625
172.0 0.20911162109375
173.0 0.5405044921875
174.0 0.374302734375
175.0 0.31817568359375
176.0 0.29374072265625
177.0 0.303499609375
178.0 0.35315693359375
179.0 0.572497265625
180.0 0.301556640625
181.0 0.103828515625
182.0 0.502195703125
183.0 12.9115845703125
184.0 17.20891689453125
185.0 14.13752080078125
186.0 16.480372265625
187.0 18.7760802734375
188.0 15.3478357421875
189.0 14.87303232421875
190.0 15.64579404296875
191.0 14.4420390625
192.0 17.90134423828125
193.0 11.481658984375
194.0 12.4499232421875
195.0 14.55078046875
196.0 12.704303125
197.0 14.34491572265625
198.0 14.6806330078125
199.0 11.9073541015625
200.0 13.293156640625
201.0 17.2219625
202.0 12.5946150390625
203.0 16.24668740234375
204.0 13.46597607421875
205.0 12.4483681640625
206.0 14.13891201171875
207.0 14.75821796875
208.0 9.2958138671875
209.0 6.22572490234375
210.0 7.661652734375
211.0 1.54386103515625
212.0 6.32163994140625
213.0 13.398348828125
214.0 13.0070048828125
215.0 10.258190234375
216.0 11.2695974609375
217.0 5.069414453125
218.0 6.8046259765625
219.0 12.99078935546875
220.0 12.66451435546875
221.0 14.8565138671875
222.0 13.2146732421875
223.0 13.93299130859375
224.0 14.658507421875
225.0 11.90874306640625
226.0 15.16809130859375
227.0 14.1449392578125
228.0 14.59302138671875
229.0 13.2057525390625
230.0 12.88396396484375
231.0 12.776132421875
232.0 11.94091005859375
233.0 12.38695205078125
234.0 11.41079013671875
235.0 12.76891806640625
236.0 12.5884634765625
237.0 11.31911025390625
238.0 14.0996150390625
239.0 12.9624654296875
240.0 12.52790439453125
241.0 10.32921806640625
242.0 10.80270654296875
243.0 11.894733203125
244.0 7.01275634765625
245.0 6.05602041015625
246.0 9.99975703125
247.0 6.72112001953125
248.0 9.56811435546875
249.0 7.32238427734375
250.0 11.88861630859375
251.0 11.84650751953125
252.0 9.134324609375
253.0 7.60524091796875
254.0 10.2161970703125
255.0 7.57808779296875
256.0 11.67525634765625
257.0 8.7368763671875
258.0 7.8645658203125
259.0 8.754564453125
260.0 13.11319951171875
261.0 3.83166904296875
262.0 2.6073431640625
263.0 5.86613564453125
264.0 5.8003794921875
265.0 4.58560029296875
266.0 7.9059263671875
267.0 14.01880908203125
268.0 12.0792697265625
269.0 10.97867255859375
270.0 12.14019990234375
271.0 10.5103216796875
272.0 7.58492470703125
273.0 7.60319228515625
274.0 8.82303095703125
275.0 4.2014974609375
276.0 11.45368154296875
277.0 8.530608203125
278.0 10.26381767578125
279.0 12.95019482421875
280.0 10.7885611328125
281.0 13.39712392578125
282.0 8.1349185546875
283.0 9.34260546875
284.0 9.09545869140625
285.0 12.71041533203125
286.0 11.441691796875
287.0 12.00679228515625
288.0 13.641852734375
289.0 11.1862171875
290.0 8.2071072265625
291.0 11.29708056640625
292.0 6.99811630859375
293.0 8.312455859375
294.0 10.7322123046875
295.0 8.48963115234375
296.0 8.96728701171875
297.0 13.6428763671875
298.0 8.2785107421875
299.0 11.20324951171875
300.0 14.00235029296875
301.0 14.24663740234375
302.0 9.169511328125
303.0 8.76225029296875
304.0 10.521225390625
305.0 11.669023046875
306.0 11.566241796875
307.0 8.9221287109375
308.0 5.8521970703125
309.0 13.14069091796875
310.0 13.95311630859375
311.0 13.22765654296875
312.0 10.57276171875
313.0 9.62873974609375
314.0 7.23611708984375
315.0 13.026185546875
316.0 11.44543603515625
317.0 10.4483552734375
318.0 12.795635546875
319.0 13.1304603515625
320.0 11.871773828125
321.0 13.28851552734375
322.0 13.3263583984375
323.0 11.25535771484375
324.0 11.92326064453125
325.0 12.1859419921875
326.0 4.145591015625
327.0 8.3795931640625
328.0 11.0752404296875
329.0 6.0694001953125
330.0 8.0022291015625
331.0 8.475048046875
332.0 1.9565791015625
333.0 1.7028060546875
334.0 8.170276171875
335.0 8.932984375
336.0 5.39339287109375
337.0 9.3086162109375
338.0 6.52914580078125
339.0 9.08297373046875
340.0 8.10646025390625
341.0 8.401698828125
342.0 8.1517318359375
343.0 7.507863671875
344.0 8.41499677734375
345.0 9.55417197265625
346.0 6.462437890625
347.0 4.79089404296875
348.0 7.31562880859375
349.0 8.51141455078125
350.0 4.7953439453125
351.0 10.6389896484375
352.0 9.52534033203125
353.0 10.72623896484375
354.0 11.78912353515625
355.0 11.61457998046875
356.0 9.690547265625
357.0 11.60193935546875
358.0 11.04209921875
359.0 8.286301953125
360.0 15.04933720703125
361.0 12.9059201171875
362.0 9.35323369140625
363.0 14.85298505859375
364.0 14.7037626953125
365.0 12.081909375
366.0 14.95041181640625
367.0 12.34905400390625
368.0 14.09800703125
369.0 10.96503671875
370.0 13.439441015625
371.0 13.83772705078125
372.0 9.9155322265625
373.0 13.19013857421875
374.0 6.06278271484375
375.0 8.941725390625
376.0 7.9596927734375
377.0 12.67217021484375
378.0 10.2588603515625
379.0 10.73818486328125
380.0 12.6697673828125
381.0 12.69082197265625
382.0 12.02387431640625
383.0 10.4048705078125
384.0 11.00728388671875
385.0 11.16708330078125
386.0 11.2757462890625
387.0 10.90789169921875
388.0 0.0
389.0 0.0
390.0 0.0
391.0 0.0
392.0 21.17516591796875
393.0 10.266501171875
394.0 11.57592646484375
395.0 11.577459375
396.0 10.9635533203125
397.0 9.67224423828125
398.0 11.04730302734375
399.0 9.82051455078125
400.0 8.39275986328125
401.0 7.797901953125
402.0 5.46224501953125
403.0 9.80588642578125
404.0 7.2448828125
405.0 5.08594267578125
406.0 8.8256734375
407.0 12.10619013671875
408.0 6.19166201171875
409.0 7.33370009765625
410.0 8.5842001953125
411.0 6.5210884765625
412.0 2.01948154296875
413.0 6.44071005859375
414.0 0.47244521484375
415.0 14.566268359375
416.0 10.64800146484375
417.0 10.14388076171875
418.0 9.9316369140625
419.0 11.4096806640625
420.0 11.2328087890625
421.0 8.064227734375
422.0 14.54736767578125
423.0 11.3945828125
424.0 10.17195146484375
425.0 10.58599423828125
426.0 5.353809375
427.0 7.86186826171875
428.0 8.7213326171875
429.0 11.7318484375
430.0 12.1493001953125
431.0 10.292633203125
432.0 8.7411791015625
433.0 9.80544404296875
434.0 11.30165947265625
435.0 8.63598544921875
436.0 7.556630078125
437.0 6.64601376953125
438.0 9.86186845703125
439.0 11.1076095703125
440.0 12.123226953125
441.0 10.80247080078125
442.0 11.38780166015625
443.0 10.6709919921875
444.0 10.40590673828125
445.0 11.6494607421875
446.0 9.84479697265625
447.0 11.803406640625
448.0 8.83624248046875
449.0 11.49548544921875
450.0 9.6474861328125
451.0 11.28995390625
452.0 11.19963349609375
453.0 11.22418310546875
454.0 11.85361484375
455.0 7.2929501953125
456.0 9.03444521484375
457.0 7.4026939453125
458.0 6.72383203125
459.0 5.33633837890625
460.0 5.561169921875
461.0 2.6622169921875
462.0 7.5538232421875
463.0 9.69381630859375
464.0 8.98398203125
465.0 10.973390625
466.0 10.6548990234375
467.0 9.360915234375
468.0 9.05129345703125
469.0 10.77886435546875
470.0 11.95543701171875
471.0 10.7702341796875
472.0 10.1393888671875
473.0 9.55863505859375
474.0 9.64031025390625
475.0 8.50795302734375
476.0 9.23697109375
477.0 9.8623376953125
478.0 9.709776171875
479.0 11.49879267578125
480.0 11.83474462890625
481.0 11.297616015625
482.0 11.12321611328125
483.0 11.3264685546875
484.0 11.186022265625
485.0 12.1544509765625
486.0 10.47454873046875
487.0 11.54914365234375
488.0 8.79838125
489.0 8.12475478515625
490.0 6.10891572265625
491.0 7.11915263671875
492.0 7.854385546875
493.0 8.69845888671875
494.0 5.57408974609375
495.0 9.101553515625
496.0 11.341944140625
497.0 10.59194677734375
498.0 8.6624705078125
499.0 10.4158986328125
500.0 12.57977470703125
501.0 8.9852609375
502.0 9.3655703125
503.0 6.32319912109375
504.0 10.7538095703125
505.0 10.83224140625
506.0 12.11594677734375
507.0 12.08589052734375
508.0 13.194262890625
509.0 11.7043421875
510.0 11.25410400390625
511.0 11.653987109375
512.0 11.13668623046875
513.0 11.2396587890625
514.0 11.559521875
515.0 13.15884912109375
516.0 9.7524689453125
517.0 11.56073427734375
518.0 11.3934453125
519.0 11.2091427734375
520.0 12.6227119140625
521.0 13.41653935546875
522.0 10.62120576171875
523.0 11.33363955078125
524.0 15.4947400390625
525.0 12.2967345703125
526.0 13.15589853515625
527.0 11.86257861328125
528.0 12.529806640625
529.0 11.08117705078125
530.0 12.4520779296875
531.0 12.70459736328125
532.0 11.30005439453125
533.0 6.508226953125
534.0 2.24676083984375
535.0 6.6446205078125
536.0 4.52487421875
537.0 9.90254375
538.0 4.87465498046875
539.0 7.5570916015625
540.0 6.0111904296875
541.0 5.14981181640625
542.0 8.71507255859375
543.0 7.91757822265625
544.0 9.49044169921875
545.0 9.64075654296875
546.0 10.39273203125
547.0 6.5060853515625
548.0 10.439173046875
549.0 8.49305947265625
550.0 5.3124955078125
551.0 8.10908291015625
552.0 5.40756357421875
553.0 6.002315234375
554.0 5.53657119140625
555.0 9.54669892578125
556.0 9.5021388671875
557.0 11.17400546875
558.0 10.71321259765625
559.0 7.01492666015625
560.0 10.10944287109375
561.0 10.13815390625
562.0 10.80989169921875
563.0 12.0555251953125
564.0 10.7023955078125
565.0 9.51903115234375
566.0 11.7819666015625
567.0 10.9473326171875
568.0 10.42787255859375
569.0 11.4596013671875
570.0 11.87818486328125
571.0 8.282470703125
572.0 6.816876953125
573.0 4.06076318359375
574.0 10.007863671875
575.0 10.26706708984375
576.0 12.80835087890625
577.0 13.26505634765625
578.0 13.2888830078125
579.0 11.84797568359375
580.0 12.842150390625
581.0 12.38462548828125
582.0 12.47955791015625
583.0 12.023653125
584.0 13.1263546875
585.0 9.58009716796875
586.0 11.43521025390625
587.0 11.1882279296875
588.0 11.93996337890625
589.0 12.0674638671875
590.0 11.75142978515625
591.0 10.6698865234375
592.0 12.0638595703125
593.0 11.11503623046875
594.0 9.61544677734375
595.0 6.8834234375
596.0 8.4046228515625
597.0 10.01857841796875
598.0 9.024773828125
599.0 9.4729697265625
600.0 6.836053515625
601.0 7.3725564453125
602.0 9.73237822265625
603.0 9.69603544921875
604.0 11.92251279296875
605.0 10.17766923828125
606.0 8.8914060546875
607.0 8.10927568359375
608.0 10.27433984375
609.0 10.03762080078125
610.0 8.1900013671875
611.0 11.01370380859375
612.0 11.12750078125
613.0 8.951896875
614.0 8.7086587890625
615.0 8.51204580078125
616.0 8.6367185546875
617.0 7.86179873046875
618.0 9.7911443359375
619.0 9.32530341796875
620.0 9.77618095703125
621.0 8.75586005859375
622.0 9.5136306640625
623.0 5.70833232421875
624.0 3.189363671875
625.0 8.1816556640625
626.0 3.55369375
627.0 9.3360423828125
628.0 8.5565751953125
629.0 8.174391796875
630.0 5.013960546875
631.0 7.3440427734375
632.0 4.27693115234375
633.0 3.94152919921875
634.0 8.1816771484375
635.0 2.439582421875
636.0 8.99370615234375
637.0 7.92864384765625
638.0 9.4021099609375
639.0 9.50105849609375
640.0 8.3482328125
641.0 1.96378212890625
642.0 6.7971181640625
643.0 10.2264099609375
644.0 1.58618642578125
645.0 8.59078271484375
646.0 0.0
647.0 0.0
648.0 6.30304384765625
649.0 8.56508974609375
650.0 11.5619755859375
651.0 8.52306953125
652.0 9.04379384765625
653.0 6.2282119140625
654.0 2.82401806640625
655.0 2.6488673828125
656.0 6.590028125
657.0 6.0192384765625
658.0 3.79001376953125
659.0 3.04307685546875
660.0 5.2531908203125
661.0 8.26095947265625
662.0 7.69146826171875
663.0 8.22300615234375
664.0 7.80771357421875
665.0 7.2084798828125
666.0 4.36478759765625
667.0 5.72468134765625
668.0 5.21063955078125
669.0 7.25316474609375
670.0 1.1352615234375
671.0 4.98177529296875
672.0 1.9586328125
673.0 6.74770859375
674.0 10.70941220703125
675.0 8.9222361328125
676.0 6.37814404296875
677.0 0.0
678.0 0.0
679.0 5.75106142578125
680.0 3.2768478515625
681.0 7.0096763671875
682.0 5.52060478515625
683.0 6.30363369140625
684.0 7.74576875
685.0 8.3124484375
686.0 8.66280966796875
687.0 0.4417416015625
688.0 8.6949498046875
689.0 8.59720146484375
690.0 4.57106103515625
691.0 7.79379365234375
692.0 8.4172125
693.0 8.37798125
694.0 6.03233251953125
695.0 7.6009046875
696.0 7.8594953125
697.0 4.79061064453125
698.0 6.12221162109375
699.0 7.6775287109375
700.0 5.2772619140625
701.0 4.92786279296875
702.0 11.2481
703.0 11.3541830078125
704.0 10.64011240234375
705.0 13.129882421875
706.0 12.34929072265625
707.0 6.8436263671875
708.0 14.6563900390625
709.0 12.8166380859375
710.0 9.29636435546875
711.0 7.45755947265625
712.0 5.679271484375
713.0 5.2144498046875
714.0 10.2200484375
715.0 12.8630837890625
716.0 13.47444326171875
717.0 11.36386591796875
718.0 10.51528701171875
719.0 9.7601228515625
720.0 10.83195390625
721.0 10.6330859375
722.0 12.06500732421875
723.0 7.4804154296875
724.0 12.57491767578125
725.0 12.155379296875
726.0 11.9324912109375
727.0 13.03670966796875
728.0 11.18182958984375
729.0 11.9737220703125
730.0 11.18907802734375
731.0 12.1294412109375
732.0 10.8631208984375
733.0 10.4828384765625
734.0 10.67906533203125
735.0 11.17254208984375
736.0 12.46496318359375
737.0 12.880200390625
738.0 13.01521015625
739.0 9.51846123046875
740.0 10.03213095703125
741.0 12.01672255859375
742.0 11.92643232421875
743.0 13.59216171875
744.0 13.7764955078125
745.0 11.8809177734375
746.0 12.314207421875
747.0 12.62487958984375
748.0 11.6707197265625
749.0 11.850135546875
750.0 10.361130078125
751.0 12.0597583984375
752.0 11.14707880859375
753.0 10.99772568359375
754.0 12.7229994140625
755.0 11.96903515625
756.0 11.38183642578125
757.0 10.935702734375
758.0 13.02255419921875
759.0 13.34849990234375
760.0 13.011496484375
761.0 10.9036423828125
762.0 12.2939927734375
763.0 14.49360498046875
764.0 11.69847587890625
765.0 12.05764736328125
766.0 12.53023623046875
767.0 11.466347265625
768.0 11.14824541015625
769.0 11.847428125
770.0 10.419480859375
771.0 10.5278779296875
772.0 5.10508935546875
773.0 13.94615703125
774.0 12.90884423828125
775.0 8.38379453125
776.0 9.7696234375
777.0 9.567559375
778.0 10.85069677734375
779.0 11.0157439453125
780.0 10.8870291015625
781.0 9.66614765625
782.0 9.44351669921875
783.0 9.26186552734375
784.0 8.34115966796875
785.0 5.1067263671875
786.0 8.765940234375
787.0 8.95046552734375
788.0 7.69660107421875
789.0 9.045620703125
790.0 10.28010537109375
791.0 8.801034375
792.0 10.17152783203125
793.0 11.4134849609375
794.0 12.41089912109375
795.0 8.66186201171875
796.0 7.22076298828125
797.0 13.4537896484375
798.0 12.60145390625
799.0 10.47071142578125
