0.0 11.16697041015625
1.0 8.08908740234375
2.0 9.98377373046875
3.0 10.13367705078125
4.0 11.252026171875
5.0 9.384316796875
6.0 11.2433203125
7.0 10.523104296875
8.0 11.34323076171875
9.0 9.017669140625
10.0 10.77806748046875
11.0 10.71073955078125
12.0 12.29637060546875
13.0 11.00589814453125
14.0 12.95442109375
15.0 9.1475564453125
16.0 13.843280859375
17.0 11.6979150390625
18.0 12.6993087890625
19.0 11.9259216796875
20.0 11.13625263671875
21.0 11.71851416015625
22.0 14.6175115234375
23.0 13.65070078125
24.0 13.4014306640625
25.0 14.4218236328125
26.0 14.76499111328125
27.0 13.27282109375
28.0 13.37090185546875
29.0 13.2268865234375
30.0 11.39622197265625
31.0 8.8638986328125
32.0 11.53116337890625
33.0 14.983644921875
34.0 14.53514482421875
35.0 13.5597240234375
36.0 14.8732705078125
37.0 16.41334609375
38.0 13.5967421875
39.0 15.84922529296875
40.0 12.9075517578125
41.0 9.98449541015625
42.0 14.24939296875
43.0 13.86085205078125
44.0 15.66993125
45.0 14.22964453125
46.0 17.68637275390625
47.0 16.80914521484375
48.0 14.820761328125
49.0 17.2862576171875
50.0 12.37327255859375
51.0 15.53520576171875
52.0 17.09719052734375
53.0 13.89296025390625
54.0 16.08477587890625
55.0 16.9441330078125
56.0 15.52090322265625
57.0 6.40114873046875
58.0 12.19704716796875
59.0 13.92429716796875
60.0 11.6760240234375
61.0 7.85124677734375
62.0 14.3398623046875
63.0 13.8964095703125
64.0 9.0108759765625
65.0 12.9537884765625
66.0 14.69676103515625
67.0 12.85859560546875
68.0 14.69516357421875
69.0 17.082140234375
70.0 14.41003818359375
71.0 17.2263220703125
72.0 14.58386376953125
73.0 12.567302734375
74.0 12.14854931640625
75.0 4.28837470703125
76.0 16.842091796875
77.0 14.93908564453125
78.0 17.5820380859375
79.0 12.9001953125
80.0 13.38246064453125
81.0 11.10929736328125
82.0 12.79519794921875
83.0 14.16059736328125
84.0 13.4822783203125
85.0 14.5414431640625
86.0 9.46650947265625
87.0 11.0487228515625
88.0 15.5561359375
89.0 16.08368837890625
90.0 15.214716796875
91.0 16.16308564453125
92.0 12.6748830078125
93.0 10.26706064453125
94.0 18.78928994140625
95.0 14.04098515625
96.0 15.6031712890625
97.0 9.38255615234375
98.0 14.00441357421875
99.0 13.362812109375
100.0 11.90944228515625
101.0 13.97117080078125
102.0 6.562034375
103.0 13.40019853515625
104.0 12.620006640625
105.0 13.8902447265625
106.0 11.79840283203125
107.0 7.8837125
108.0 11.91800927734375
109.0 13.6694330078125
110.0 13.44657890625
111.0 12.51066962890625
112.0 10.525190234375
113.0 8.8031888671875
114.0 11.41265361328125
115.0 11.1577361328125
116.0 10.71105859375
117.0 3.3603220703125
118.0 9.39767177734375
119.0 10.87715615234375
120.0 11.613802734375
121.0 13.46888974609375
122.0 10.27849462890625
123.0 13.75768515625
124.0 7.3348111328125
125.0 7.17725693359375
126.0 12.226486328125
127.0 11.88846484375
128.0 14.1864470703125
129.0 15.15802724609375
130.0 14.36835498046875
131.0 14.45013642578125
132.0 13.932480078125
133.0 14.748680859375
134.0 12.26191318359375
135.0 14.70754970703125
136.0 10.81206318359375
137.0 10.7194634765625
138.0 10.89227763671875
139.0 14.1465291015625
140.0 14.61353798828125
141.0 11.932955859375
142.0 11.1804607421875
143.0 15.35306962890625
144.0 14.33218671875
145.0 11.00959892578125
146.0 10.26259921875
147.0 7.1622724609375
148.0 4.51264853515625
149.0 8.84777958984375
150.0 13.8394482421875
151.0 12.954563671875
152.0 13.99114501953125
153.0 12.64618271484375
154.0 11.7380216796875
155.0 12.10770234375
156.0 9.52096396484375
157.0 7.68438916015625
158.0 11.058782421875
159.0 10.8787935546875
160.0 8.3841470703125
161.0 10.78108564453125
162.0 7.9267216796875
163.0 6.4167671875
164.0 4.154572265625
165.0 8.8820111328125
166.0 7.68243662109375
167.0 10.54122626953125
168.0 9.155500390625
169.0 9.83193427734375
170.0 11.29941025390625
171.0 12.41767861328125
172.0 12.144216015625
173.0 12.02081650390625
174.0 9.6677658203125
175.0 5.13085400390625
176.0 6.22601435546875
177.0 8.0595380859375
178.0 9.77924736328125
179.0 8.3158564453125
180.0 8.74213671875
181.0 11.5690529296875
182.0 12.603075390625
183.0 13.8921302734375
184.0 12.3367140625
185.0 10.3705677734375
186.0 10.53814169921875
187.0 9.08674697265625
188.0 5.26362744140625
189.0 8.31910703125
190.0 9.1826431640625
191.0 11.39299814453125
192.0 7.57237626953125
193.0 13.10843486328125
194.0 12.67330087890625
195.0 13.2262146484375
196.0 11.749617578125
197.0 9.58298037109375
198.0 12.5766001953125
199.0 8.6975203125
200.0 14.5784068359375
201.0 14.6774166015625
202.0 12.8112029296875
203.0 11.26137998046875
204.0 12.22780615234375
205.0 13.2058021484375
206.0 12.62137314453125
207.0 12.41957333984375
208.0 14.16613603515625
209.0 14.7813478515625
210.0 13.2896671875
211.0 10.55593427734375
212.0 12.66433076171875
213.0 10.86670576171875
214.0 12.006941796875
215.0 12.07752890625
216.0 13.3902056640625
217.0 9.9421572265625
218.0 10.8510962890625
219.0 12.72589287109375
220.0 14.16076494140625
221.0 10.2100837890625
222.0 12.4397001953125
223.0 13.1752841796875
224.0 12.97027333984375
225.0 14.80439306640625
226.0 15.50583427734375
227.0 10.6988865234375
228.0 13.2085287109375
229.0 13.3628111328125
230.0 15.2321056640625
231.0 8.71914658203125
232.0 10.385531640625
233.0 9.4891998046875
234.0 7.9456494140625
235.0 10.93306298828125
236.0 8.20764072265625
237.0 7.837115234375
238.0 13.35216884765625
239.0 10.45778330078125
240.0 13.8464775390625
241.0 16.0038923828125
242.0 10.2914150390625
243.0 8.57269677734375
244.0 9.7756791015625
245.0 9.91845849609375
246.0 10.09843505859375
247.0 10.2693796875
248.0 12.99484287109375
249.0 16.85304169921875
250.0 12.39663232421875
251.0 13.6291822265625
252.0 10.57238671875
253.0 14.669743359375
254.0 14.0001353515625
255.0 16.47026015625
256.0 14.4390908203125
257.0 14.5144384765625
258.0 15.23071513671875
259.0 14.28558740234375
260.0 12.32801103515625
261.0 11.46221337890625
262.0 16.77219013671875
263.0 15.41110703125
264.0 10.24289814453125
265.0 12.5544888671875
266.0 10.2242103515625
267.0 12.74309248046875
268.0 13.84825498046875
269.0 8.49742958984375
270.0 14.92200859375
271.0 12.1322767578125
272.0 13.52559873046875
273.0 11.3221162109375
274.0 3.53329228515625
275.0 13.27214345703125
276.0 12.5147041015625
277.0 14.454255859375
278.0 13.01338818359375
279.0 13.76221181640625
280.0 13.92126943359375
281.0 9.8929869140625
282.0 9.9926548828125
283.0 8.2056771484375
284.0 9.9052044921875
285.0 9.27936416015625
286.0 9.7211623046875
287.0 9.08908251953125
288.0 8.2192017578125
289.0 10.946890234375
290.0 8.90678828125
291.0 11.42806025390625
292.0 12.2479533203125
293.0 9.3839072265625
294.0 10.201284765625
295.0 10.14018681640625
296.0 10.47453076171875
297.0 9.7676921875
298.0 13.64378701171875
299.0 13.48351904296875
300.0 13.119433203125
301.0 14.5185494140625
302.0 8.35068828125
303.0 9.64348115234375
304.0 9.10146845703125
305.0 8.886445703125
306.0 8.7012708984375
307.0 4.9363623046875
308.0 11.19727353515625
309.0 8.16109775390625
310.0 10.769273828125
311.0 10.05112685546875
312.0 15.26236474609375
313.0 13.256109765625
314.0 13.5145435546875
315.0 12.15668935546875
316.0 12.01198173828125
317.0 12.5762171875
318.0 13.106528515625
319.0 13.889187109375
320.0 11.74572431640625
321.0 12.5348400390625
322.0 12.98420146484375
323.0 13.19891337890625
324.0 8.77741865234375
325.0 11.3733927734375
326.0 8.2874583984375
327.0 16.38384169921875
328.0 14.82138955078125
329.0 12.81726103515625
330.0 13.903802734375
331.0 10.8205484375
332.0 11.562115625
333.0 13.40406298828125
334.0 15.3533052734375
335.0 12.048978515625
336.0 12.51857763671875
337.0 16.2752037109375
338.0 14.41915986328125
339.0 13.9354130859375
340.0 11.446404296875
341.0 12.45707900390625
342.0 11.6773314453125
343.0 12.6370626953125
344.0 13.32368037109375
345.0 9.9533923828125
346.0 14.19896669921875
347.0 13.3396794921875
348.0 15.09772607421875
349.0 14.59931240234375
350.0 12.68842578125
351.0 13.70743076171875
352.0 13.31119130859375
353.0 13.3443970703125
354.0 12.2463259765625
355.0 13.1248982421875
356.0 10.47820634765625
357.0 16.58857451171875
358.0 10.2698734375
359.0 12.927280078125
360.0 11.56060986328125
361.0 10.34551484375
362.0 12.39527412109375
363.0 8.5736130859375
364.0 9.53096337890625
365.0 12.01609267578125
366.0 11.2143515625
367.0 4.39511123046875
368.0 10.14105966796875
369.0 10.40326904296875
370.0 11.29793291015625
371.0 8.46076796875
372.0 10.922744921875
373.0 11.2753375
374.0 12.1017271484375
375.0 11.42395908203125
376.0 14.121722265625
377.0 13.126475390625
378.0 12.16380673828125
379.0 16.45686171875
380.0 15.34213349609375
381.0 13.4472166015625
382.0 12.5444501953125
383.0 14.19331181640625
384.0 14.17917666015625
385.0 14.9790505859375
386.0 13.942183203125
387.0 13.58863876953125
388.0 12.5232271484375
389.0 13.85278193359375
390.0 12.2593841796875
391.0 13.18709951171875
392.0 12.57502890625
393.0 13.7354564453125
394.0 11.8230212890625
395.0 12.94263974609375
396.0 13.52103544921875
397.0 13.28960185546875
398.0 11.8312134765625
399.0 12.31325634765625
400.0 13.783962890625
401.0 12.568842578125
402.0 11.65807255859375
403.0 14.17812158203125
404.0 10.36112880859375
405.0 12.28598310546875
406.0 13.99202861328125
407.0 14.25450791015625
408.0 11.4913822265625
409.0 12.24201015625
410.0 14.7380982421875
411.0 14.2755443359375
412.0 15.9533880859375
413.0 12.0379609375
414.0 12.88392060546875
415.0 8.10089794921875
416.0 12.58532314453125
417.0 9.44570244140625
418.0 4.4127021484375
419.0 6.9697470703125
420.0 14.17312041015625
421.0 15.12983798828125
422.0 14.32592255859375
423.0 16.59992939453125
424.0 12.1357587890625
425.0 12.3398189453125
426.0 10.242631640625
427.0 11.28728388671875
428.0 11.87826083984375
429.0 12.602162890625
430.0 11.658840625
431.0 13.67308212890625
432.0 15.3157037109375
433.0 13.1607494140625
434.0 15.9524708984375
435.0 7.74775205078125
436.0 16.94105703125
437.0 9.57537314453125
438.0 8.90936123046875
439.0 14.79755546875
440.0 13.5559384765625
441.0 14.78483525390625
442.0 12.4127626953125
443.0 14.8391537109375
444.0 13.67610400390625
445.0 12.50062548828125
446.0 12.845638671875
447.0 9.02799716796875
448.0 17.997509375
449.0 9.73425283203125
450.0 12.194116015625
451.0 11.2355408203125
452.0 12.07070458984375
453.0 13.0489708984375
454.0 12.9520265625
455.0 13.168433203125
456.0 10.83423056640625
457.0 9.49913935546875
458.0 15.322110546875
459.0 11.19489365234375
460.0 12.60634794921875
461.0 0.0
462.0 0.0
463.0 28.1128796875
464.0 9.05352265625
465.0 11.06424814453125
466.0 11.57711611328125
467.0 8.565676953125
468.0 10.9248013671875
469.0 11.7009193359375
470.0 12.06913095703125
471.0 10.72175537109375
472.0 9.4646365234375
473.0 13.5898978515625
474.0 8.518701953125
475.0 13.49783017578125
476.0 9.32437490234375
477.0 9.09397294921875
478.0 13.9566251953125
479.0 12.47722734375
480.0 10.5602072265625
481.0 12.1596291015625
482.0 13.1997998046875
483.0 13.7780345703125
484.0 11.506491015625
485.0 12.1041509765625
486.0 14.0063876953125
487.0 14.27082314453125
488.0 10.80912421875
489.0 12.8768236328125
490.0 13.99009453125
491.0 14.2966001953125
492.0 13.9239580078125
493.0 13.3271669921875
494.0 13.94084267578125
495.0 12.9707732421875
496.0 12.9978654296875
497.0 16.22154033203125
498.0 15.77349267578125
499.0 16.06524404296875
500.0 12.78714521484375
501.0 14.58088544921875
502.0 15.82831083984375
503.0 14.37867548828125
504.0 16.43930126953125
505.0 13.6951458984375
506.0 13.3001404296875
507.0 12.828084765625
508.0 9.41166259765625
509.0 9.18267626953125
510.0 10.9077400390625
511.0 13.62549208984375
512.0 13.54177724609375
513.0 13.3560560546875
514.0 16.9730634765625
515.0 11.118346484375
516.0 18.9475888671875
517.0 16.37480546875
518.0 12.9520576171875
519.0 14.2510134765625
520.0 14.9698537109375
521.0 12.912316015625
522.0 16.7114197265625
523.0 14.924523046875
524.0 14.7472041015625
525.0 13.42305791015625
526.0 14.99550458984375
527.0 11.51573115234375
528.0 18.83777802734375
529.0 14.6993392578125
530.0 14.1248478515625
531.0 8.9191640625
532.0 15.4059310546875
533.0 15.198197265625
534.0 13.39870224609375
535.0 12.80483974609375
536.0 13.13839501953125
537.0 15.02073896484375
538.0 4.96696416015625
539.0 9.8936013671875
540.0 10.80662080078125
541.0 10.55515380859375
542.0 14.48323291015625
543.0 11.06347158203125
544.0 12.03388359375
545.0 11.45213369140625
546.0 13.36847900390625
547.0 11.4746841796875
548.0 10.57967333984375
549.0 12.45523291015625
550.0 11.45766142578125
551.0 13.060147265625
552.0 9.58426533203125
553.0 11.8019478515625
554.0 10.72473681640625
555.0 14.3029166015625
556.0 16.01101435546875
557.0 0.0
558.0 0.0
559.0 29.83195693359375
560.0 10.96083525390625
561.0 9.47955634765625
562.0 11.03362568359375
563.0 10.318175
564.0 11.7067015625
565.0 8.05712919921875
566.0 12.16172177734375
567.0 10.37180888671875
568.0 5.59797587890625
569.0 11.54419873046875
570.0 10.63222529296875
571.0 13.10005556640625
572.0 13.2320412109375
573.0 14.20800810546875
574.0 12.072928515625
575.0 12.7258353515625
576.0 16.28243779296875
577.0 13.740618359375
578.0 12.20196015625
579.0 13.35437021484375
580.0 12.71143251953125
581.0 8.52515927734375
582.0 9.94240615234375
583.0 15.5000408203125
584.0 14.45496455078125
585.0 14.08012294921875
586.0 9.2358548828125
587.0 11.026213671875
588.0 11.93472939453125
589.0 11.33187216796875
590.0 11.76784482421875
591.0 12.2491388671875
592.0 10.09792939453125
593.0 11.53122900390625
594.0 6.36027509765625
595.0 11.09482880859375
596.0 8.39625478515625
597.0 8.85064697265625
598.0 9.11436201171875
599.0 12.6322046875
600.0 3.49362900390625
601.0 7.19042109375
602.0 12.6163255859375
603.0 10.90164677734375
604.0 12.447572265625
605.0 9.09824013671875
606.0 13.95918408203125
607.0 15.58732978515625
608.0 12.6835765625
609.0 11.747259375
610.0 12.17419111328125
611.0 14.63836806640625
612.0 14.9231548828125
613.0 14.850816796875
614.0 13.29437060546875
615.0 10.24327529296875
616.0 12.06768037109375
617.0 13.19827138671875
618.0 11.39446767578125
619.0 14.400011328125
620.0 12.38855849609375
621.0 3.78124697265625
622.0 3.19030029296875
623.0 12.9109505859375
624.0 11.256103515625
625.0 10.593500390625
626.0 12.6360154296875
627.0 9.01412724609375
628.0 8.5843126953125
629.0 5.8734791015625
630.0 7.24099453125
631.0 6.910945703125
632.0 8.4236912109375
633.0 11.239490625
634.0 13.01563876953125
635.0 14.08700498046875
636.0 12.17600654296875
637.0 16.4195125
638.0 11.85940322265625
639.0 14.55318095703125
640.0 12.1984974609375
641.0 8.9548154296875
642.0 13.22009365234375
643.0 9.19547294921875
644.0 11.15504833984375
645.0 13.37542265625
646.0 10.4431890625
647.0 11.80804677734375
648.0 10.3374521484375
649.0 12.98984404296875
650.0 12.95002138671875
651.0 13.66768154296875
652.0 15.6541865234375
653.0 13.31542216796875
654.0 12.41933271484375
655.0 11.55878662109375
656.0 11.74709375
657.0 12.4879083984375
658.0 11.515143359375
659.0 9.6839830078125
660.0 10.85875048828125
661.0 9.80324638671875
662.0 10.91634775390625
663.0 10.802645703125
664.0 12.006530859375
665.0 9.8752880859375
666.0 6.759377734375
667.0 14.8788099609375
668.0 10.7634537109375
669.0 10.41203935546875
670.0 11.888291015625
671.0 6.76283701171875
672.0 10.95973173828125
673.0 10.4550416015625
674.0 11.909175
675.0 12.64194990234375
676.0 13.5389306640625
677.0 7.7104896484375
678.0 10.95980087890625
679.0 10.883120703125
680.0 12.40280888671875
681.0 11.04681630859375
682.0 11.584284375
683.0 4.7445490234375
684.0 11.6745685546875
685.0 12.1100119140625
686.0 6.8808181640625
687.0 7.24890107421875
688.0 12.7691791015625
689.0 9.35631142578125
690.0 9.95626708984375
691.0 9.9636888671875
692.0 12.5045224609375
693.0 8.2020927734375
694.0 8.4417435546875
695.0 9.56020859375
696.0 10.28391064453125
697.0 12.096197265625
698.0 12.1235599609375
699.0 9.71391630859375
700.0 13.6987408203125
701.0 15.49449931640625
702.0 13.32700068359375
703.0 12.9918919921875
704.0 10.41041943359375
705.0 9.81284521484375
706.0 2.20871953125
707.0 6.2456537109375
708.0 29.807468359375
709.0 12.71194853515625
710.0 14.179994921875
711.0 12.290395703125
712.0 11.10026630859375
713.0 13.34450322265625
714.0 11.5795109375
715.0 11.20246494140625
716.0 10.49990107421875
717.0 9.99331044921875
718.0 10.46795888671875
719.0 5.99872138671875
720.0 11.47731328125
721.0 11.16635986328125
722.0 14.48602998046875
723.0 11.40573125
724.0 12.0235888671875
725.0 13.11879033203125
726.0 13.7277150390625
727.0 10.35582841796875
728.0 13.81983984375
729.0 15.7734287109375
730.0 10.57816513671875
731.0 15.13557841796875
732.0 12.2282427734375
733.0 10.61874443359375
734.0 8.7782375
735.0 13.8803427734375
736.0 16.1816630859375
737.0 12.55359287109375
738.0 11.7750119140625
739.0 12.68849814453125
740.0 11.96720615234375
741.0 13.36319765625
742.0 16.4870923828125
743.0 14.3235109375
744.0 11.69166220703125
745.0 15.187429296875
746.0 16.24243828125
747.0 10.7830359375
748.0 8.9637318359375
749.0 13.0421822265625
750.0 11.332778125
751.0 20.20991337890625
752.0 12.06155498046875
753.0 11.54297421875
754.0 11.2324990234375
755.0 12.703857421875
756.0 15.590780859375
757.0 12.794171875
758.0 10.03704306640625
759.0 13.09472724609375
760.0 14.67849150390625
761.0 11.7883078125
762.0 13.75420888671875
763.0 16.041547265625
764.0 0.0
765.0 0.0
766.0 34.07280712890625
767.0 16.487372265625
768.0 15.71406826171875
769.0 5.8622802734375
770.0 14.01272275390625
771.0 13.0810712890625
772.0 15.389346875
773.0 15.30322265625
774.0 12.9012884765625
775.0 13.17689912109375
776.0 14.8631328125
777.0 14.371715625
778.0 14.95174306640625
779.0 11.15393681640625
780.0 15.0916470703125
781.0 10.24709013671875
782.0 11.97070263671875
783.0 14.87078466796875
784.0 14.18213974609375
785.0 13.88306494140625
786.0 14.56021689453125
787.0 15.93343564453125
788.0 14.29679189453125
789.0 12.05898125
790.0 9.6293390625
791.0 11.42763642578125
792.0 10.42150751953125
793.0 10.79704150390625
794.0 15.16508173828125
795.0 10.604983984375
796.0 12.528059375
797.0 10.17816943359375
798.0 14.28306103515625
799.0 10.95083662109375
