0.0 46.363959765625
1.0 48.17509091796875
2.0 50.79155849609375
3.0 53.00264345703125
4.0 45.6706318359375
5.0 62.24933779296875
6.0 59.92952451171875
7.0 50.4536484375
8.0 57.11712763671875
9.0 51.8273767578125
10.0 48.64587197265625
11.0 64.45724169921876
12.0 57.3911865234375
13.0 53.4275841796875
14.0 53.46718857421875
15.0 40.768671484375
16.0 59.8767625
17.0 55.55954814453125
18.0 51.64989169921875
19.0 51.621900390625
20.0 42.792780859375
21.0 7.226983984375
22.0 90.497588671875
23.0 46.78453935546875
24.0 62.31964375
25.0 48.263355078125
26.0 12.42933740234375
27.0 39.6739669921875
28.0 39.0120166015625
29.0 45.09960048828125
30.0 13.792594140625
31.0 31.31930048828125
32.0 38.91366064453125
33.0 31.062815234375
34.0 47.900421484375
35.0 30.20080517578125
36.0 17.29757578125
37.0 45.52537783203125
38.0 39.96121279296875
39.0 31.50145908203125
40.0 37.0614587890625
41.0 24.76587802734375
42.0 38.9811033203125
43.0 39.60781923828125
44.0 37.286672265625
45.0 40.269421484375
46.0 17.2774548828125
47.0 37.86336708984375
48.0 43.62458388671875
49.0 37.74083564453125
50.0 37.732886328125
51.0 21.715370703125
52.0 36.4384154296875
53.0 45.844903125
54.0 54.48977294921875
55.0 54.2710427734375
56.0 14.63348095703125
57.0 47.1999380859375
58.0 47.6761076171875
59.0 48.545451953125
60.0 35.56003310546875
61.0 4.14733583984375
62.0 44.2290970703125
63.0 55.48690849609375
64.0 34.6082099609375
65.0 75.98074697265625
66.0 30.78721376953125
67.0 44.2324833984375
68.0 38.92786796875
69.0 55.24024423828125
70.0 53.35973349609375
71.0 28.10015341796875
72.0 60.60780947265625
73.0 60.74522880859375
74.0 53.9402359375
75.0 59.55369765625
76.0 13.65747724609375
77.0 41.45781240234375
78.0 35.5399931640625
79.0 48.10380087890625
80.0 52.31433447265625
81.0 30.27180693359375
82.0 40.236220703125
83.0 56.71014345703125
84.0 60.87624951171875
85.0 38.96457666015625
86.0 26.68651279296875
87.0 55.82289130859375
88.0 56.5252029296875
89.0 57.183337890625
90.0 61.2462080078125
91.0 27.58095302734375
92.0 59.45832421875
93.0 26.00229912109375
94.0 68.73002080078125
95.0 62.901116015625
96.0 38.0229806640625
97.0 57.9737134765625
98.0 61.43006123046875
99.0 57.5742044921875
100.0 42.74494794921875
101.0 51.50185478515625
102.0 59.361720703125
103.0 47.96808017578125
104.0 59.10956416015625
105.0 23.8780322265625
106.0 32.84516884765625
107.0 38.80351015625
108.0 39.42514375
109.0 42.62849384765625
110.0 11.6013181640625
111.0 33.23103427734375
112.0 41.47420009765625
113.0 43.78578349609375
114.0 50.59261796875
115.0 30.00238818359375
116.0 21.35180517578125
117.0 44.586880078125
118.0 35.02198037109375
119.0 42.76542041015625
120.0 29.88710947265625
121.0 29.4583455078125
122.0 43.24026455078125
123.0 60.9942171875
124.0 59.03820302734375
125.0 59.90661806640625
126.0 3.2060396484375
127.0 72.19167568359374
128.0 43.58158701171875
129.0 58.0523240234375
130.0 61.2125236328125
131.0 3.77144482421875
132.0 64.9494013671875
133.0 52.1711041015625
134.0 59.6910138671875
135.0 61.38895546875
136.0 20.71054375
137.0 40.05944755859375
138.0 60.6910693359375
139.0 59.56379013671875
140.0 43.08606240234375
141.0 51.73612490234375
142.0 58.03545439453125
143.0 57.74548837890625
144.0 56.84043798828125
145.0 30.4885158203125
146.0 16.65295078125
147.0 57.05586572265625
148.0 77.619341015625
149.0 53.4818611328125
150.0 43.79748701171875
151.0 27.69165947265625
152.0 55.20405703125
153.0 54.36230361328125
154.0 54.50351162109375
155.0 57.70095625
156.0 15.132905078125
157.0 57.50646181640625
158.0 53.54898330078125
159.0 58.5605896484375
160.0 52.13254765625
161.0 45.00128115234375
162.0 60.46182138671875
163.0 45.1923642578125
164.0 56.57889189453125
165.0 28.75135400390625
166.0 37.22586708984375
167.0 54.7223783203125
168.0 58.446732421875
169.0 60.31086337890625
170.0 52.25430322265625
171.0 28.2430615234375
172.0 53.473431640625
173.0 51.701489453125
174.0 61.55918369140625
175.0 48.60598115234375
176.0 24.214959765625
177.0 56.56791728515625
178.0 57.22677451171875
179.0 52.38111015625
180.0 61.1223416015625
181.0 26.2393783203125
182.0 55.63170380859375
183.0 51.482275390625
184.0 49.08088623046875
185.0 63.08082685546875
186.0 16.3837349609375
187.0 44.6915287109375
188.0 60.4843302734375
189.0 61.3724142578125
190.0 62.177430859375
191.0 25.23457744140625
192.0 10.28458896484375
193.0 47.5482357421875
194.0 55.5478716796875
195.0 50.39977177734375
196.0 37.42461328125
197.0 52.4669791015625
198.0 68.93307080078125
199.0 52.3988736328125
200.0 60.82620263671875
201.0 20.9946638671875
202.0 60.7394623046875
203.0 48.06268642578125
204.0 41.60914765625
205.0 74.00069560546875
206.0 27.4882283203125
207.0 46.10403974609375
208.0 53.285698828125
209.0 60.1429111328125
210.0 63.100938671875
211.0 10.067020703125
212.0 52.79814033203125
213.0 52.29784677734375
214.0 59.74547138671875
215.0 53.12982490234375
216.0 61.61870654296875
217.0 61.728286328125
218.0 56.315252734375
219.0 46.626934765625
220.0 61.824409375
221.0 60.4345453125
222.0 60.1923623046875
223.0 52.45115771484375
224.0 58.9551255859375
225.0 50.52844833984375
226.0 57.6518314453125
227.0 59.01241357421875
228.0 61.34126103515625
229.0 53.8724068359375
230.0 58.238836328125
231.0 56.14333037109375
232.0 58.417495703125
233.0 62.05469658203125
234.0 61.56091396484375
235.0 53.9976109375
236.0 59.5092447265625
237.0 53.938000390625
238.0 53.27212861328125
239.0 63.584569140625
240.0 57.65349765625
241.0 45.8866849609375
242.0 67.69156220703125
243.0 53.190844140625
244.0 54.55559873046875
245.0 49.497334765625
246.0 66.07257529296875
247.0 53.68736611328125
248.0 38.07958037109375
249.0 51.14508173828125
250.0 58.88789951171875
251.0 54.89638798828125
252.0 51.38237138671875
253.0 57.34328720703125
254.0 55.92787646484375
255.0 49.8756025390625
256.0 35.94686962890625
257.0 68.3940533203125
258.0 50.36012080078125
259.0 60.55428076171875
260.0 63.2742986328125
261.0 49.9789939453125
262.0 57.85191240234375
263.0 58.29571611328125
264.0 55.544985546875
265.0 59.35356484375
266.0 44.73431171875
267.0 59.49870166015625
268.0 59.93911552734375
269.0 54.81015869140625
270.0 59.440770703125
271.0 61.8727130859375
272.0 51.8908044921875
273.0 59.92797373046875
274.0 52.10847294921875
275.0 59.608058203125
276.0 59.846330078125
277.0 61.98270068359375
278.0 53.400337109375
279.0 58.72607509765625
280.0 60.220593359375
281.0 51.314871875
282.0 60.93083759765625
283.0 58.60176669921875
284.0 52.85132421875
285.0 60.93577412109375
286.0 60.13921533203125
287.0 49.554382421875
288.0 58.8371166015625
289.0 61.53248359375
290.0 53.0716048828125
291.0 61.55010986328125
292.0 61.46644921875
293.0 46.5759595703125
294.0 64.8433943359375
295.0 56.87468662109375
296.0 61.159141796875
297.0 53.0423763671875
298.0 57.46664462890625
299.0 62.1215646484375
300.0 53.3484873046875
301.0 59.61631298828125
302.0 51.813972265625
303.0 57.50895498046875
304.0 62.80742890625
305.0 56.57088505859375
306.0 57.69724951171875
307.0 62.51372978515625
308.0 56.5950810546875
309.0 59.6612875
310.0 56.691059765625
311.0 55.99747578125
312.0 60.25213916015625
313.0 54.9415826171875
314.0 55.84626220703125
315.0 60.062206640625
316.0 62.3713826171875
317.0 60.0921248046875
318.0 61.0193609375
319.0 53.54713134765625
320.0 59.46368798828125
321.0 54.2932248046875
322.0 63.28491923828125
323.0 54.44933095703125
324.0 60.61319306640625
325.0 61.0496390625
326.0 58.306739453125
327.0 49.6383056640625
328.0 54.566697265625
329.0 61.90882001953125
330.0 61.4606802734375
331.0 58.1374671875
332.0 59.48878330078125
333.0 57.14056533203125
334.0 53.31646640625
335.0 53.66256162109375
336.0 62.8919310546875
337.0 53.62410458984375
338.0 61.684157421875
339.0 61.802921484375
340.0 57.336896875
341.0 51.78395263671875
342.0 61.97619130859375
343.0 60.0855736328125
344.0 62.14324453125
345.0 51.88275927734375
346.0 61.99909404296875
347.0 61.8043826171875
348.0 58.5597724609375
349.0 46.3449888671875
350.0 53.58692666015625
351.0 35.16904853515625
352.0 71.822801953125
353.0 51.8705201171875
354.0 58.83688193359375
355.0 54.54208271484375
356.0 63.8809595703125
357.0 48.84952861328125
358.0 62.2522353515625
359.0 63.298200390625
360.0 58.7708310546875
361.0 48.17091708984375
362.0 61.07915419921875
363.0 59.6185234375
364.0 62.7551927734375
365.0 53.11013642578125
366.0 59.9680609375
367.0 51.9043240234375
368.0 62.92779990234375
369.0 53.74072861328125
370.0 63.81405478515625
371.0 54.2737267578125
372.0 56.42820078125
373.0 49.7493375
374.0 63.32304833984375
375.0 38.01560576171875
376.0 67.79070322265625
377.0 58.19120400390625
378.0 64.1506259765625
379.0 52.58248564453125
380.0 55.6328060546875
381.0 50.5404736328125
382.0 61.82489580078125
383.0 61.2903810546875
384.0 45.0086087890625
385.0 74.7815794921875
386.0 63.6950697265625
387.0 51.2336435546875
388.0 62.77412373046875
389.0 58.3193044921875
390.0 62.18600791015625
391.0 55.74134189453125
392.0 56.59153056640625
393.0 62.6434521484375
394.0 62.11687353515625
395.0 53.2657408203125
396.0 61.40917822265625
397.0 58.290098046875
398.0 53.42869833984375
399.0 36.67143916015625
400.0 54.6836865234375
401.0 48.58300146484375
402.0 53.18081220703125
403.0 47.6626546875
404.0 53.5635423828125
405.0 47.9126845703125
406.0 71.8583033203125
407.0 22.5150583984375
408.0 20.2186609375
409.0 14.1323259765625
410.0 11.56400009765625
411.0 41.69715078125
412.0 61.9523154296875
413.0 52.23571455078125
414.0 61.5198037109375
415.0 59.40773583984375
416.0 57.1693736328125
417.0 58.77129443359375
418.0 49.182784375
419.0 58.91248505859375
420.0 62.7130306640625
421.0 50.84943056640625
422.0 53.26505009765625
423.0 56.67591083984375
424.0 55.0330384765625
425.0 55.71757021484375
426.0 58.30215146484375
427.0 50.887481640625
428.0 57.1563462890625
429.0 60.474759765625
430.0 55.632760546875
431.0 61.317456640625
432.0 45.6948984375
433.0 67.5875583984375
434.0 59.30190732421875
435.0 61.29369189453125
436.0 54.56221484375
437.0 59.73581044921875
438.0 59.61127314453125
439.0 58.6999462890625
440.0 59.83056142578125
441.0 54.14411474609375
442.0 57.27772373046875
443.0 60.19181220703125
444.0 59.7832123046875
445.0 58.49697275390625
446.0 53.2598884765625
447.0 51.80385654296875
448.0 58.7057236328125
449.0 61.9288134765625
450.0 62.07584736328125
451.0 61.74626591796875
452.0 61.765083203125
453.0 62.3698708984375
454.0 63.5859490234375
455.0 63.7438587890625
456.0 56.09567587890625
457.0 62.90686611328125
458.0 63.44386953125
459.0 62.06352470703125
460.0 63.43746484375
461.0 63.49004736328125
462.0 62.28787373046875
463.0 62.52706015625
464.0 63.33276708984375
465.0 64.24408271484376
466.0 54.03633828125
467.0 62.5832046875
468.0 46.8568904296875
469.0 73.9518703125
470.0 58.5454927734375
471.0 61.234741796875
472.0 65.994009375
473.0 63.8424634765625
474.0 61.5127255859375
475.0 56.11634287109375
476.0 63.05883310546875
477.0 63.79563994140625
478.0 64.770004296875
479.0 62.4537255859375
480.0 62.60252724609375
481.0 62.5350716796875
482.0 63.0404046875
483.0 62.56129140625
484.0 60.06809697265625
485.0 55.60862041015625
486.0 59.67451220703125
487.0 62.21382333984375
488.0 64.170417578125
489.0 63.50632568359375
490.0 64.45782978515625
491.0 63.91094140625
492.0 56.8777283203125
493.0 62.849235546875
494.0 64.2365298828125
495.0 57.01376904296875
496.0 64.18468037109375
497.0 64.5100724609375
498.0 63.36365390625
499.0 64.78344013671875
500.0 63.68328447265625
501.0 62.5219154296875
502.0 63.9406130859375
503.0 56.66672001953125
504.0 62.355649609375
505.0 62.52124833984375
506.0 63.8108302734375
507.0 62.70584228515625
508.0 64.72436435546875
509.0 64.27985576171875
510.0 63.856204296875
511.0 62.87547236328125
512.0 51.3496548828125
513.0 69.10288447265626
514.0 62.91686884765625
515.0 60.0932455078125
516.0 63.11108544921875
517.0 61.91384248046875
518.0 63.271504296875
519.0 64.76580517578125
520.0 64.70258232421875
521.0 60.11748486328125
522.0 59.20380927734375
523.0 56.53775908203125
524.0 64.06635107421874
525.0 58.43385986328125
526.0 62.26570654296875
527.0 65.0329748046875
528.0 63.23831337890625
529.0 61.91105078125
530.0 63.69925986328125
531.0 63.09861513671875
532.0 63.58064736328125
533.0 56.71555478515625
534.0 64.651725390625
535.0 63.2605326171875
536.0 64.71536767578125
537.0 62.174515625
538.0 61.52066826171875
539.0 64.64667041015625
540.0 64.56048828125
541.0 57.34978447265625
542.0 63.5528412109375
543.0 64.22109775390625
544.0 64.32847421875
545.0 64.5198515625
546.0 65.1701787109375
547.0 64.18850654296875
548.0 63.44262216796875
549.0 57.70982841796875
550.0 64.92395888671875
551.0 63.92692412109375
552.0 64.3606857421875
553.0 62.62839716796875
554.0 63.5896310546875
555.0 62.847914453125
556.0 55.71857744140625
557.0 63.10102470703125
558.0 59.2221392578125
559.0 64.53237763671875
560.0 63.6619755859375
561.0 63.0958322265625
562.0 63.7663166015625
563.0 64.06818505859376
564.0 62.2482947265625
565.0 64.89212333984375
566.0 56.886840625
567.0 63.8055103515625
568.0 64.7144830078125
569.0 64.22455908203125
570.0 63.8095458984375
571.0 62.491071484375
572.0 62.8354013671875
573.0 57.538536328125
574.0 64.41906337890624
575.0 63.112619140625
576.0 63.4856619140625
577.0 64.9214017578125
578.0 63.63284697265625
579.0 65.125029296875
580.0 63.275371875
581.0 57.178713671875
582.0 65.06550205078125
583.0 65.2684458984375
584.0 65.179152734375
585.0 64.1525919921875
586.0 61.56299833984375
587.0 62.32295048828125
588.0 60.36296396484375
589.0 57.085071875
590.0 63.45233046875
591.0 62.59410537109375
592.0 60.07182197265625
593.0 55.3013376953125
594.0 61.884624609375
595.0 65.3220740234375
596.0 62.35210205078125
597.0 55.9649818359375
598.0 36.24936650390625
599.0 60.3837775390625
600.0 63.57097236328125
601.0 62.4885783203125
602.0 62.74815556640625
603.0 63.90090751953125
604.0 59.710992578125
605.0 62.2046041015625
606.0 63.1471123046875
607.0 57.57574375
608.0 63.76167392578125
609.0 63.70473857421875
610.0 63.09117958984375
611.0 63.77715341796875
612.0 63.80010556640625
613.0 57.754706640625
614.0 64.0913689453125
615.0 64.00578515625
616.0 61.794914453125
617.0 64.452255859375
618.0 62.5151765625
619.0 63.1549564453125
620.0 61.9158439453125
621.0 62.0792966796875
622.0 61.705448828125
623.0 55.6858884765625
624.0 60.00011796875
625.0 61.32647275390625
626.0 64.17939765625
627.0 64.058910546875
628.0 59.95652861328125
629.0 63.460491015625
630.0 61.85714111328125
631.0 62.72740244140625
632.0 61.998375390625
633.0 63.48673857421875
634.0 55.83096142578125
635.0 62.3818462890625
636.0 61.707705859375
637.0 61.3979634765625
638.0 57.660383984375
639.0 56.02603427734375
640.0 62.5157662109375
641.0 58.1010193359375
642.0 62.51810947265625
643.0 64.31023544921875
644.0 60.38731494140625
645.0 61.972013671875
646.0 55.364525
647.0 62.4570892578125
648.0 44.30934365234375
649.0 56.736210546875
650.0 49.6553412109375
651.0 70.61812978515626
652.0 62.73193740234375
653.0 62.79146591796875
654.0 62.2447416015625
655.0 62.2457271484375
656.0 64.1925904296875
657.0 60.745508984375
658.0 57.77075615234375
659.0 39.67762646484375
660.0 74.63924013671875
661.0 61.8358908203125
662.0 54.59245341796875
663.0 60.6575341796875
664.0 63.85562451171875
665.0 63.60594326171875
666.0 63.02699345703125
667.0 62.36203212890625
668.0 61.5704333984375
669.0 55.9147482421875
670.0 62.7596181640625
671.0 63.4272732421875
672.0 59.34612548828125
673.0 62.8176638671875
674.0 64.859965625
675.0 63.8809951171875
676.0 64.5060818359375
677.0 59.0083025390625
678.0 55.08092880859375
679.0 62.61459921875
680.0 56.97920927734375
681.0 64.01356259765625
682.0 58.25755478515625
683.0 56.474502734375
684.0 64.07070390625
685.0 63.54536845703125
686.0 61.44457529296875
687.0 62.9974138671875
688.0 61.41099736328125
689.0 64.48741025390625
690.0 62.90682861328125
691.0 62.8979134765625
692.0 52.17215234375
693.0 55.873917578125
694.0 53.5644732421875
695.0 65.02565478515625
696.0 61.2668408203125
697.0 60.542506640625
698.0 58.97108134765625
699.0 58.78125126953125
700.0 61.106803515625
701.0 59.40745830078125
702.0 62.63825859375
703.0 63.7694912109375
704.0 47.72900263671875
705.0 67.13031142578124
706.0 60.7492826171875
707.0 52.23410341796875
708.0 61.96225595703125
709.0 62.970540625
710.0 62.9585787109375
711.0 61.8463337890625
712.0 62.92401474609375
713.0 62.89415283203125
714.0 59.3510109375
715.0 62.8372109375
716.0 58.47296796875
717.0 59.85741005859375
718.0 63.97540166015625
719.0 55.979591015625
720.0 62.6855361328125
721.0 63.83721376953125
722.0 63.4937958984375
723.0 63.13730546875
724.0 62.5186904296875
725.0 50.94075283203125
726.0 53.2876734375
727.0 62.8696375
728.0 46.8066046875
729.0 59.9831056640625
730.0 63.5568279296875
731.0 64.19424384765625
732.0 62.73385419921875
733.0 63.28977548828125
734.0 56.2228794921875
735.0 62.53091123046875
736.0 63.342693359375
737.0 62.28664453125
738.0 63.3380125
739.0 61.7283263671875
740.0 63.50440302734375
741.0 63.58606005859375
742.0 63.39840751953125
743.0 60.8592150390625
744.0 63.48740966796875
745.0 63.6654361328125
746.0 62.64684921875
747.0 63.49238115234375
748.0 56.66898837890625
749.0 62.47388818359375
750.0 63.4512462890625
751.0 62.17368701171875
752.0 64.307000390625
753.0 64.05093271484375
754.0 63.58112392578125
755.0 64.32427998046875
756.0 63.8664341796875
757.0 56.28900986328125
758.0 62.88686767578125
759.0 63.43908642578125
760.0 64.26050888671875
761.0 64.06434677734374
762.0 62.82950927734375
763.0 49.307183203125
764.0 49.70604990234375
765.0 51.00754541015625
766.0 40.50336611328125
767.0 47.41493310546875
768.0 26.4432953125
769.0 76.93123046875
770.0 52.1561375
771.0 54.04076240234375
772.0 52.11171953125
773.0 47.33355029296875
774.0 42.79633037109375
775.0 67.0191638671875
776.0 56.22809013671875
777.0 59.145258984375
778.0 55.7729078125
779.0 57.900604296875
780.0 59.3745484375
781.0 60.1982291015625
782.0 59.97294580078125
783.0 63.74697880859375
784.0 64.23241220703125
785.0 64.0773251953125
786.0 64.99218525390626
787.0 63.27279228515625
788.0 57.0176419921875
789.0 63.7161611328125
790.0 63.043719140625
791.0 60.0668439453125
792.0 63.80202998046875
793.0 64.06491328125
794.0 63.17780849609375
795.0 62.632454296875
796.0 64.1693265625
797.0 55.9821958984375
798.0 34.84252587890625
799.0 60.1069419921875
