0.0 14.47439833984375
1.0 15.95612919921875
2.0 18.100768359375
3.0 18.210365625
4.0 18.50937294921875
5.0 13.45800869140625
6.0 7.70505224609375
7.0 4.56050810546875
8.0 16.1483478515625
9.0 17.1799669921875
10.0 19.43421142578125
11.0 18.3761234375
12.0 16.48944150390625
13.0 2.96879521484375
14.0 0.21833798828125
15.0 1.37484931640625
16.0 0.93074091796875
17.0 5.36080703125
18.0 1.03727001953125
19.0 0.32624951171875
20.0 8.94017666015625
21.0 11.84591044921875
22.0 7.42589404296875
23.0 20.72024775390625
24.0 16.3591681640625
25.0 13.0280779296875
26.0 12.16098466796875
27.0 15.51455830078125
28.0 5.2244962890625
29.0 8.682203515625
30.0 11.7691029296875
31.0 12.0233435546875
32.0 6.44265107421875
33.0 16.0060390625
34.0 18.2324751953125
35.0 17.89396875
36.0 14.20489697265625
37.0 10.15381865234375
38.0 19.34883408203125
39.0 13.45330009765625
40.0 11.21431201171875
41.0 5.05256552734375
42.0 11.3620458984375
43.0 11.462879296875
44.0 21.31983212890625
45.0 16.44406015625
46.0 19.996804296875
47.0 17.10736171875
48.0 14.905058203125
49.0 19.77620927734375
50.0 12.4223861328125
51.0 14.945904296875
52.0 14.75990341796875
53.0 11.41988076171875
54.0 19.52592802734375
55.0 17.92151103515625
56.0 17.10402822265625
57.0 16.76164345703125
58.0 12.6600806640625
59.0 12.9875564453125
60.0 17.959749609375
61.0 13.8034603515625
62.0 5.78441396484375
63.0 24.06999375
64.0 19.8918130859375
65.0 13.34018837890625
66.0 19.7291248046875
67.0 13.0446576171875
68.0 14.0941255859375
69.0 12.28002392578125
70.0 11.04791376953125
71.0 5.6998431640625
72.0 10.68238173828125
73.0 13.75432392578125
74.0 16.27607197265625
75.0 14.4927546875
76.0 15.25781904296875
77.0 16.58972802734375
78.0 3.72521142578125
79.0 2.4851052734375
80.0 1.132463671875
81.0 2.7328318359375
82.0 6.5193587890625
83.0 21.66178662109375
84.0 1.19223310546875
85.0 29.8099595703125
86.0 8.23285146484375
87.0 1.50767880859375
88.0 1.54742841796875
89.0 2.96713603515625
90.0 7.8398365234375
91.0 1.44332763671875
92.0 10.8675830078125
93.0 14.401301953125
94.0 4.722265625
95.0 5.84741953125
96.0 0.57634755859375
97.0 0.07283779296875
98.0 0.27121748046875
99.0 0.3311919921875
100.0 0.1585388671875
101.0 0.1353455078125
102.0 0.13517001953125
103.0 0.22884365234375
104.0 2.29148056640625
105.0 0.3705373046875
106.0 13.32229609375
107.0 16.8034466796875
108.0 17.61837890625
109.0 15.14126064453125
110.0 7.22269560546875
111.0 9.80171962890625
112.0 17.97619560546875
113.0 13.93063359375
114.0 17.2246982421875
115.0 15.59005576171875
116.0 17.2510833984375
117.0 14.1583611328125
118.0 11.4592318359375
119.0 11.24791337890625
120.0 8.43924765625
121.0 4.3782134765625
122.0 7.84664453125
123.0 3.43253447265625
124.0 6.0635482421875
125.0 2.275961328125
126.0 10.9658541015625
127.0 4.94900185546875
128.0 6.49222529296875
129.0 3.78134970703125
130.0 8.33489990234375
131.0 9.8241673828125
132.0 12.8143318359375
133.0 11.034712109375
134.0 11.33250107421875
135.0 13.564598046875
136.0 4.107790234375
137.0 12.02776640625
138.0 11.62640185546875
139.0 7.3490693359375
140.0 1.66255673828125
141.0 0.583930859375
142.0 8.90630341796875
143.0 0.70947265625
144.0 0.031166015625
145.0 0.313064453125
146.0 0.13552099609375
147.0 0.27086630859375
148.0 0.35473642578125
149.0 0.27054697265625
150.0 0.1985234375
151.0 2.17954267578125
152.0 2.30202490234375
153.0 1.7439955078125
154.0 4.82263876953125
155.0 2.47500673828125
156.0 3.95304501953125
157.0 3.68055283203125
158.0 6.14724384765625
159.0 9.92327421875
160.0 9.03749560546875
161.0 0.2633552734375
162.0 3.46156318359375
163.0 17.1500345703125
164.0 13.19743349609375
165.0 14.3206298828125
166.0 17.7730166015625
167.0 20.561884375
168.0 6.631698046875
169.0 4.377675
170.0 16.688526953125
171.0 22.48964697265625
172.0 12.113241796875
173.0 24.48895712890625
174.0 14.23193203125
175.0 17.89022890625
176.0 20.86306513671875
177.0 21.06945166015625
178.0 8.91370146484375
179.0 24.9160693359375
180.0 21.94734775390625
181.0 22.14788828125
182.0 18.441128515625
183.0 21.67786806640625
184.0 24.203223046875
185.0 24.16993994140625
186.0 18.82477275390625
187.0 18.53883447265625
188.0 17.9345498046875
189.0 20.90717548828125
190.0 23.02135693359375
191.0 17.3189890625
192.0 24.36864892578125
193.0 24.63627353515625
194.0 26.08389384765625
195.0 17.628514453125
196.0 11.53757236328125
197.0 23.2813033203125
198.0 13.511023046875
199.0 22.41924189453125
200.0 24.74469638671875
201.0 23.07994716796875
202.0 24.21379765625
203.0 25.2400064453125
204.0 18.7850998046875
205.0 23.32508408203125
206.0 18.8945875
207.0 21.89132744140625
208.0 17.61537509765625
209.0 16.064600390625
210.0 8.14868115234375
211.0 11.00338232421875
212.0 16.42420185546875
213.0 0.0
214.0 0.0
215.0 5.969653515625
216.0 2.7420388671875
217.0 10.80699697265625
218.0 8.50740283203125
219.0 8.3761896484375
220.0 22.07889423828125
221.0 21.46701767578125
222.0 19.44549970703125
223.0 7.7030544921875
224.0 12.26063447265625
225.0 19.963705078125
226.0 19.8166693359375
227.0 20.89254619140625
228.0 15.17461806640625
229.0 18.21294482421875
230.0 24.30374697265625
231.0 13.265195703125
232.0 12.86457021484375
233.0 20.38524365234375
234.0 15.3206876953125
235.0 5.744256640625
236.0 47.460289453125
237.0 29.2085498046875
238.0 21.36299501953125
239.0 5.1607978515625
240.0 6.51764287109375
241.0 2.61502431640625
242.0 17.28526728515625
243.0 17.5573685546875
244.0 14.7050345703125
245.0 12.0580458984375
246.0 5.36110595703125
247.0 15.343446484375
248.0 18.7378513671875
249.0 23.246152734375
250.0 10.9150134765625
251.0 0.82469033203125
252.0 19.80366650390625
253.0 13.88224658203125
254.0 2.077254296875
255.0 0.8219154296875
256.0 0.2018662109375
257.0 2.61660908203125
258.0 16.7257193359375
259.0 1.20287578125
260.0 0.30238349609375
261.0 4.27854921875
262.0 8.19753837890625
263.0 1.26184677734375
264.0 11.8177359375
265.0 5.95841357421875
266.0 26.08607333984375
267.0 16.615772265625
268.0 13.557919921875
269.0 17.606432421875
270.0 16.487203125
271.0 25.31575205078125
272.0 17.50462138671875
273.0 9.7906046875
274.0 7.9444876953125
275.0 28.58856240234375
276.0 18.7729751953125
277.0 16.366638671875
278.0 10.2835578125
279.0 1.52400185546875
280.0 17.742009765625
281.0 16.0264056640625
282.0 10.28754169921875
283.0 5.12433779296875
284.0 8.9758787109375
285.0 15.59541484375
286.0 13.31849404296875
287.0 12.5870986328125
288.0 4.24169677734375
289.0 6.79892236328125
290.0 8.297644921875
291.0 17.1398904296875
292.0 21.93505859375
293.0 6.06975673828125
294.0 12.07789189453125
295.0 9.7047234375
296.0 9.020546484375
297.0 0.0
298.0 0.0
299.0 0.0
300.0 0.0
301.0 0.0
302.0 0.0
303.0 0.0
304.0 0.0
305.0 26.336944140625
306.0 4.3293228515625
307.0 9.39479912109375
308.0 5.50140546875
309.0 14.66137568359375
310.0 20.0677125
311.0 5.3492099609375
312.0 12.458286328125
313.0 8.509339453125
314.0 10.86493818359375
315.0 21.77941484375
316.0 19.44079345703125
317.0 16.74793779296875
318.0 6.01138447265625
319.0 8.04557138671875
320.0 6.28508876953125
321.0 13.5611103515625
322.0 21.8538244140625
323.0 19.77213017578125
324.0 22.58727783203125
325.0 20.0861888671875
326.0 21.66154072265625
327.0 8.2083494140625
328.0 1.7100880859375
329.0 0.13580595703125
330.0 20.48339921875
331.0 21.04577275390625
332.0 9.89191640625
333.0 0.43786689453125
334.0 0.67075341796875
335.0 5.0942142578125
336.0 8.16604580078125
337.0 14.2781033203125
338.0 18.15630068359375
339.0 15.66501083984375
340.0 18.88587978515625
341.0 17.91144033203125
342.0 8.11378916015625
343.0 2.2467181640625
344.0 1.77450712890625
345.0 14.56967265625
346.0 8.8956193359375
347.0 19.39040390625
348.0 8.28301943359375
349.0 16.3158666015625
350.0 21.9390712890625
351.0 16.42224169921875
352.0 14.93061748046875
353.0 7.6282623046875
354.0 6.400778515625
355.0 0.23632373046875
356.0 0.0833435546875
357.0 0.07301337890625
358.0 0.0
359.0 0.0
360.0 0.0
361.0 0.0
362.0 0.0
363.0 0.0
364.0 0.0
365.0 0.0
366.0 0.0
367.0 0.0
368.0 0.0
369.0 0.0
370.0 0.0
371.0 0.0
372.0 0.0
373.0 0.0
374.0 0.0
375.0 0.0
376.0 10.32024345703125
377.0 23.68563857421875
378.0 20.327485546875
379.0 12.41930263671875
380.0 26.55304443359375
381.0 11.36349755859375
382.0 13.82277958984375
383.0 16.96840517578125
384.0 11.74240380859375
385.0 24.167557421875
386.0 25.51878173828125
387.0 20.09441279296875
388.0 21.8499865234375
389.0 22.19743916015625
390.0 25.44640673828125
391.0 26.96247802734375
392.0 22.06194951171875
393.0 24.02064599609375
394.0 22.911049609375
395.0 23.9240044921875
396.0 18.70065400390625
397.0 11.4019583984375
398.0 2.56299287109375
399.0 30.47599921875
400.0 24.35785537109375
401.0 14.7725234375
402.0 20.89566669921875
403.0 23.17827705078125
404.0 13.204251953125
405.0 28.21109287109375
406.0 17.88007900390625
407.0 20.07707041015625
408.0 17.24727763671875
409.0 15.51355009765625
410.0 24.31719384765625
411.0 22.41314248046875
412.0 22.08159921875
413.0 9.92531064453125
414.0 31.6269697265625
415.0 23.08652138671875
416.0 23.1297982421875
417.0 23.143014453125
418.0 21.9685986328125
419.0 14.90060146484375
420.0 9.94187666015625
421.0 11.53987451171875
422.0 16.18115244140625
423.0 13.00622607421875
424.0 10.33732109375
425.0 9.95665849609375
426.0 15.2095056640625
427.0 14.59134638671875
428.0 14.60209169921875
429.0 14.5474876953125
430.0 10.09337314453125
431.0 16.0548263671875
432.0 11.0570541015625
433.0 2.67290771484375
434.0 1.25120546875
435.0 11.0839572265625
436.0 4.63121953125
437.0 2.69974599609375
438.0 12.6045986328125
439.0 8.2239171875
440.0 11.54709521484375
441.0 9.00398359375
442.0 11.76512578125
443.0 6.637091015625
444.0 11.2450923828125
445.0 13.05854619140625
446.0 13.57589931640625
447.0 7.63065908203125
448.0 5.99268662109375
449.0 1.85352841796875
450.0 0.29152685546875
451.0 0.35018779296875
452.0 0.149171484375
453.0 10.91539248046875
454.0 22.21045791015625
455.0 20.881954296875
456.0 19.14080244140625
457.0 25.476557421875
458.0 22.7928361328125
459.0 24.17014521484375
460.0 13.16820927734375
461.0 28.657958203125
462.0 13.44342724609375
463.0 13.797477734375
464.0 23.96377265625
465.0 16.806261328125
466.0 25.5035169921875
467.0 15.261121875
468.0 0.4027828125
469.0 1.70004267578125
470.0 3.61839111328125
471.0 3.82881767578125
472.0 1.61289599609375
473.0 4.87453544921875
474.0 11.190222265625
475.0 11.5581625
476.0 7.19866005859375
477.0 6.7121978515625
478.0 11.64599375
479.0 5.88378857421875
480.0 6.959838671875
481.0 7.2777310546875
482.0 6.98704736328125
483.0 8.87991953125
484.0 3.943880078125
485.0 15.06757841796875
486.0 25.11365751953125
487.0 28.8261501953125
488.0 25.15162080078125
489.0 28.0241185546875
490.0 29.06840439453125
491.0 23.5147912109375
492.0 30.55902998046875
493.0 20.43107158203125
494.0 10.591046875
495.0 14.8835056640625
496.0 25.2313583984375
497.0 26.53590400390625
498.0 27.182659765625
499.0 19.2048607421875
500.0 22.59678330078125
501.0 25.47130576171875
502.0 21.36762109375
503.0 9.02758095703125
504.0 0.2227654296875
505.0 0.3752212890625
506.0 0.3127134765625
507.0 0.37434404296875
508.0 0.249855078125
509.0 0.44841005859375
510.0 0.37148291015625
511.0 0.48047119140625
512.0 0.38734208984375
513.0 0.26018515625
514.0 0.51784521484375
515.0 16.57850205078125
516.0 24.62305361328125
517.0 26.40554697265625
518.0 25.001874609375
519.0 24.2071869140625
520.0 24.50106103515625
521.0 19.49015654296875
522.0 1.17383486328125
523.0 0.55727041015625
524.0 0.670760546875
525.0 14.831437890625
526.0 20.94095927734375
527.0 24.9799568359375
528.0 22.10585615234375
529.0 25.8514546875
530.0 21.12141552734375
531.0 15.49483330078125
532.0 1.2170068359375
533.0 21.533037890625
534.0 13.6857380859375
535.0 10.3916736328125
536.0 1.8897705078125
537.0 14.5721375
538.0 23.8050392578125
539.0 25.40840419921875
540.0 20.48111630859375
541.0 18.22312041015625
542.0 25.43962919921875
543.0 23.94283720703125
544.0 24.65982177734375
545.0 21.4005005859375
546.0 20.58425703125
547.0 5.84244033203125
548.0 4.6161630859375
549.0 18.166846875
550.0 16.9979009765625
551.0 23.30377529296875
552.0 14.41346162109375
553.0 21.3323412109375
554.0 16.57549169921875
555.0 20.9076380859375
556.0 23.88403515625
557.0 17.38785380859375
558.0 11.3357744140625
559.0 20.69082412109375
560.0 2.17730556640625
561.0 28.71222216796875
562.0 19.31503095703125
563.0 21.92933212890625
564.0 21.1341640625
565.0 23.887234765625
566.0 21.27404150390625
567.0 25.41970029296875
568.0 21.400336328125
569.0 16.285509375
570.0 13.08158916015625
571.0 12.6067771484375
572.0 4.97588779296875
573.0 11.59135517578125
574.0 20.32974150390625
575.0 18.25410224609375
576.0 20.4687337890625
577.0 19.73780908203125
578.0 17.381344140625
579.0 22.3145505859375
580.0 18.89493935546875
581.0 22.156605078125
582.0 13.06582763671875
583.0 10.45205478515625
584.0 23.74675322265625
585.0 21.48928798828125
586.0 23.5749720703125
587.0 19.2195353515625
588.0 19.95062158203125
589.0 15.00597431640625
590.0 17.94407529296875
591.0 19.1571791015625
592.0 21.2947830078125
593.0 17.5540525390625
594.0 16.0638705078125
595.0 21.10279150390625
596.0 21.1844978515625
597.0 19.5406970703125
598.0 12.4925490234375
599.0 8.82579423828125
600.0 14.433299609375
601.0 16.34764267578125
602.0 1.3897529296875
603.0 0.77342236328125
604.0 6.95376494140625
605.0 12.59613037109375
606.0 18.59886201171875
607.0 15.99205068359375
608.0 19.8449986328125
609.0 18.10982158203125
610.0 16.9112859375
611.0 19.29688720703125
612.0 18.44209599609375
613.0 22.18551337890625
614.0 22.52732919921875
615.0 24.8029515625
616.0 10.09347373046875
617.0 14.21797470703125
618.0 18.75823232421875
619.0 22.3928169921875
620.0 14.44411923828125
621.0 20.14499052734375
622.0 19.2337259765625
623.0 18.84673251953125
624.0 13.07289248046875
625.0 21.6770755859375
626.0 16.30077294921875
627.0 11.82582451171875
628.0 4.13017421875
629.0 6.00563818359375
630.0 5.97013203125
631.0 18.231287890625
632.0 17.0306140625
633.0 18.1671693359375
634.0 19.2674234375
635.0 10.57148212890625
636.0 8.31030341796875
637.0 14.5294228515625
638.0 13.7320001953125
639.0 5.146424609375
640.0 18.6926552734375
641.0 16.716678515625
642.0 16.476922265625
643.0 22.36669033203125
644.0 15.6233244140625
645.0 17.17108740234375
646.0 6.632953515625
647.0 11.529301171875
648.0 21.41202353515625
649.0 19.26442568359375
650.0 12.18950771484375
651.0 29.57775751953125
652.0 22.00404150390625
653.0 27.9229193359375
654.0 17.21019638671875
655.0 24.58236044921875
656.0 21.86714814453125
657.0 21.49459150390625
658.0 1.43076748046875
659.0 21.67474482421875
660.0 23.19746259765625
661.0 17.895262890625
662.0 19.62464208984375
663.0 15.84637197265625
664.0 7.82481279296875
665.0 0.7841607421875
666.0 6.74446220703125
667.0 5.04059482421875
668.0 3.78278076171875
669.0 4.1893146484375
670.0 8.37436005859375
671.0 5.76165380859375
672.0 11.48596982421875
673.0 19.72553251953125
674.0 21.80905859375
675.0 17.9535046875
676.0 20.85247197265625
677.0 19.7820583984375
678.0 24.99270322265625
679.0 7.91572119140625
680.0 27.00138076171875
681.0 21.097045703125
682.0 22.68065361328125
683.0 19.719621875
684.0 19.2371900390625
685.0 21.78568662109375
686.0 20.48656103515625
687.0 21.1625576171875
688.0 17.3580734375
689.0 23.61087412109375
690.0 22.4709826171875
691.0 21.83597392578125
692.0 22.06847001953125
693.0 24.00853330078125
694.0 21.4280142578125
695.0 10.29405498046875
696.0 9.3888853515625
697.0 2.96202861328125
698.0 7.3951068359375
699.0 15.33867314453125
700.0 22.31326484375
701.0 24.34169609375
702.0 23.1682998046875
703.0 20.324859375
704.0 12.27698193359375
705.0 28.5785416015625
706.0 21.33374287109375
707.0 12.89779794921875
708.0 20.46169228515625
709.0 17.41457314453125
710.0 15.93854541015625
711.0 11.991413671875
712.0 13.671007421875
713.0 16.52244052734375
714.0 2.1460876953125
715.0 0.42292685546875
716.0 4.76467900390625
717.0 17.91027197265625
718.0 12.227015234375
719.0 10.60547998046875
720.0 17.58987626953125
721.0 4.6670896484375
722.0 7.04712177734375
723.0 4.8181658203125
724.0 5.59482568359375
725.0 3.96497138671875
726.0 4.040239453125
727.0 2.71000869140625
728.0 11.4480435546875
729.0 18.14234111328125
730.0 20.5844375
731.0 10.9227177734375
732.0 26.112016796875
733.0 18.79043544921875
734.0 19.40419599609375
735.0 11.82575498046875
736.0 10.39292138671875
737.0 11.39276162109375
738.0 10.63821171875
739.0 5.36166806640625
740.0 7.23222958984375
741.0 10.7663693359375
742.0 15.9255599609375
743.0 2.011669921875
744.0 3.0599796875
745.0 15.96721025390625
746.0 9.04937412109375
747.0 4.24187939453125
748.0 3.09822373046875
749.0 2.04050712890625
750.0 26.81561328125
751.0 16.60077548828125
752.0 1.0157833984375
753.0 7.91432626953125
754.0 8.50612119140625
755.0 18.93261015625
756.0 11.17101298828125
757.0 26.2696689453125
758.0 22.56312880859375
759.0 25.01969169921875
760.0 16.47648798828125
761.0 16.2788064453125
762.0 12.638607421875
763.0 23.99300087890625
764.0 15.96666015625
765.0 13.14924091796875
766.0 17.89674375
767.0 23.820346875
768.0 14.51041298828125
769.0 17.1296666015625
770.0 0.28172294921875
771.0 10.49462509765625
772.0 7.24242763671875
773.0 3.7323416015625
774.0 2.03158212890625
775.0 3.418596484375
776.0 7.5468400390625
777.0 14.81043916015625
778.0 2.3900146484375
779.0 19.46154345703125
780.0 25.40289296875
781.0 18.64671328125
782.0 4.17493603515625
783.0 22.37166484375
784.0 5.39336318359375
785.0 10.13101484375
786.0 11.4153716796875
787.0 14.46225361328125
788.0 17.5032365234375
789.0 12.911049609375
790.0 13.7241216796875
791.0 10.251520703125
792.0 9.5002533203125
793.0 16.1992583984375
794.0 18.07487939453125
795.0 19.66525126953125
796.0 12.815790234375
797.0 18.5208107421875
798.0 12.88237783203125
799.0 13.01280556640625
