0.0 15.4891142578125
1.0 14.48275654296875
2.0 17.67177060546875
3.0 21.7388419921875
4.0 20.84276748046875
5.0 16.822255859375
6.0 20.26059375
7.0 18.5436796875
8.0 22.45072265625
9.0 20.3192634765625
10.0 15.67512451171875
11.0 18.68673330078125
12.0 19.140606640625
13.0 17.8274603515625
14.0 18.5366326171875
15.0 20.26878515625
16.0 17.1186974609375
17.0 17.9012478515625
18.0 20.33247421875
19.0 14.00625908203125
20.0 17.02693232421875
21.0 18.61745146484375
22.0 17.62180654296875
23.0 17.2645216796875
24.0 15.1360529296875
25.0 15.850479296875
26.0 18.3001298828125
27.0 18.1261560546875
28.0 20.42026796875
29.0 18.386
30.0 16.735048828125
31.0 15.634380078125
32.0 13.918905078125
33.0 15.1728455078125
34.0 18.381692578125
35.0 16.91959189453125
36.0 19.3746146484375
37.0 19.1058357421875
38.0 13.354716015625
39.0 19.21326357421875
40.0 21.12149638671875
41.0 14.35280703125
42.0 20.078718359375
43.0 17.125145703125
44.0 17.12296171875
45.0 20.6260662109375
46.0 17.3562572265625
47.0 18.69472666015625
48.0 19.83374267578125
49.0 20.451328125
50.0 19.128016796875
51.0 20.26719765625
52.0 18.99038916015625
53.0 19.72764580078125
54.0 20.56804228515625
55.0 17.52889892578125
56.0 17.6645203125
57.0 18.50651162109375
58.0 22.1208314453125
59.0 18.9133361328125
60.0 19.86166953125
61.0 21.7299826171875
62.0 19.94938349609375
63.0 19.33077734375
64.0 20.88627607421875
65.0 18.85744609375
66.0 21.39521640625
67.0 20.4813302734375
68.0 18.149296484375
69.0 19.5362205078125
70.0 19.20604677734375
71.0 19.25043876953125
72.0 22.82841005859375
73.0 19.78579287109375
74.0 21.65234638671875
75.0 23.30532451171875
76.0 18.859996484375
77.0 22.09099736328125
78.0 19.0646759765625
79.0 21.66793046875
80.0 22.700257421875
81.0 20.5301341796875
82.0 19.01054072265625
83.0 16.55239794921875
84.0 18.60085380859375
85.0 20.659856640625
86.0 19.9982185546875
87.0 20.69347421875
88.0 20.20405908203125
89.0 17.62479208984375
90.0 22.6967642578125
91.0 20.2372462890625
92.0 21.277042578125
93.0 19.76110751953125
94.0 22.57012294921875
95.0 19.53376865234375
96.0 16.5463634765625
97.0 19.67899267578125
98.0 21.01665908203125
99.0 21.709347265625
100.0 24.06535537109375
101.0 20.9398373046875
102.0 22.081090625
103.0 19.7818865234375
104.0 22.4580271484375
105.0 18.26657734375
106.0 19.26044951171875
107.0 23.44412783203125
108.0 19.0375693359375
109.0 15.50929248046875
110.0 26.8415474609375
111.0 23.855552734375
112.0 21.9423453125
113.0 20.68090615234375
114.0 20.93423916015625
115.0 15.855245703125
116.0 24.35017001953125
117.0 16.5886759765625
118.0 17.6308208984375
119.0 18.44964091796875
120.0 19.8687828125
121.0 20.4921830078125
122.0 17.9222994140625
123.0 17.75062080078125
124.0 14.86545927734375
125.0 13.83870927734375
126.0 5.1532060546875
127.0 28.41964716796875
128.0 16.819344921875
129.0 17.28033564453125
130.0 15.60310380859375
131.0 16.32649013671875
132.0 16.5803275390625
133.0 15.731660546875
134.0 17.95096142578125
135.0 18.82344677734375
136.0 14.2912734375
137.0 16.0612388671875
138.0 15.210802734375
139.0 18.33522685546875
140.0 23.06710634765625
141.0 21.53152109375
142.0 19.786316796875
143.0 22.60021650390625
144.0 19.56922978515625
145.0 20.941398828125
146.0 21.9293384765625
147.0 20.444095703125
148.0 19.7708861328125
149.0 19.64915791015625
150.0 18.503754296875
151.0 16.04496142578125
152.0 14.799176953125
153.0 11.930607421875
154.0 16.86446845703125
155.0 21.0651779296875
156.0 14.7817138671875
157.0 23.6538462890625
158.0 21.9718888671875
159.0 19.40439423828125
160.0 21.3480009765625
161.0 21.832001953125
162.0 19.59582373046875
163.0 21.86461669921875
164.0 18.33058955078125
165.0 20.60194189453125
166.0 17.8854119140625
167.0 12.9968375
168.0 15.52230986328125
169.0 13.52446435546875
170.0 17.89057333984375
171.0 16.80591982421875
172.0 17.92695615234375
173.0 14.361218359375
174.0 17.86729892578125
175.0 17.9080828125
176.0 15.53805576171875
177.0 13.5837298828125
178.0 21.43145849609375
179.0 14.88254873046875
180.0 19.580673828125
181.0 20.14113564453125
182.0 17.536934375
183.0 19.8884833984375
184.0 16.02714970703125
185.0 14.87406357421875
186.0 20.46637685546875
187.0 16.93715478515625
188.0 21.443611328125
189.0 17.3964201171875
190.0 22.1577125
191.0 23.00939638671875
192.0 17.49064599609375
193.0 19.94241474609375
194.0 20.80496640625
195.0 20.7371076171875
196.0 20.4229029296875
197.0 16.60486279296875
198.0 21.18663642578125
199.0 18.59582353515625
200.0 19.226965625
201.0 16.5058501953125
202.0 16.088834765625
203.0 16.71268935546875
204.0 12.05212197265625
205.0 16.4306861328125
206.0 15.89784990234375
207.0 19.9811947265625
208.0 17.25777216796875
209.0 16.5682640625
210.0 13.5922587890625
211.0 12.881932421875
212.0 14.2840185546875
213.0 13.3411041015625
214.0 13.82439267578125
215.0 12.61651640625
216.0 14.1737884765625
217.0 18.458377734375
218.0 18.1370302734375
219.0 17.6199611328125
220.0 18.97240029296875
221.0 14.9433283203125
222.0 17.86547353515625
223.0 17.048145703125
224.0 19.1465859375
225.0 20.13500078125
226.0 17.5368087890625
227.0 17.91985625
228.0 21.49782255859375
229.0 19.4095560546875
230.0 20.04327783203125
231.0 18.9782478515625
232.0 19.15852255859375
233.0 22.9845576171875
234.0 20.8548794921875
235.0 20.7873767578125
236.0 20.6745033203125
237.0 21.089770703125
238.0 22.76814052734375
239.0 19.43330244140625
240.0 21.2783783203125
241.0 17.59302333984375
242.0 20.44675400390625
243.0 21.3808634765625
244.0 19.40611806640625
245.0 21.7514193359375
246.0 19.40847373046875
247.0 20.70579462890625
248.0 20.625065234375
249.0 15.66640654296875
250.0 15.62724365234375
251.0 16.13192236328125
252.0 19.77435869140625
253.0 20.63672470703125
254.0 16.56073017578125
255.0 19.46553095703125
256.0 19.08266240234375
257.0 18.9928896484375
258.0 20.07462197265625
259.0 20.48917177734375
260.0 21.38969619140625
261.0 22.29675341796875
262.0 19.444178125
263.0 20.1801255859375
264.0 18.6884953125
265.0 18.8620744140625
266.0 21.09377236328125
267.0 19.167269921875
268.0 20.79130068359375
269.0 21.509171484375
270.0 17.30189931640625
271.0 21.14451640625
272.0 19.38066455078125
273.0 17.8024609375
274.0 18.5861923828125
275.0 17.2811763671875
276.0 20.17589189453125
277.0 17.34610380859375
278.0 18.71478349609375
279.0 16.05342216796875
280.0 18.19854384765625
281.0 20.56052060546875
282.0 18.02249599609375
283.0 16.204801171875
284.0 21.43759404296875
285.0 18.2574998046875
286.0 16.3672513671875
287.0 20.37582900390625
288.0 19.40517421875
289.0 20.45968173828125
290.0 18.286338671875
291.0 19.610520703125
292.0 15.5774490234375
293.0 17.88423046875
294.0 20.65404814453125
295.0 17.72235615234375
296.0 16.678642578125
297.0 13.95073984375
298.0 24.02135458984375
299.0 17.909422265625
300.0 20.35549765625
301.0 15.43771591796875
302.0 16.700146484375
303.0 20.1358748046875
304.0 17.69064755859375
305.0 18.24091015625
306.0 13.92565546875
307.0 20.7269861328125
308.0 15.07833974609375
309.0 15.6036498046875
310.0 18.12953310546875
311.0 17.996890234375
312.0 18.99498466796875
313.0 19.8094794921875
314.0 17.20420234375
315.0 21.1899544921875
316.0 17.39993369140625
317.0 18.040030859375
318.0 21.34236357421875
319.0 18.8805318359375
320.0 20.658167578125
321.0 18.82990810546875
322.0 21.29074892578125
323.0 20.6211140625
324.0 19.9961236328125
325.0 18.0474755859375
326.0 17.09957470703125
327.0 20.38789365234375
328.0 17.40078994140625
329.0 16.08282783203125
330.0 19.0910583984375
331.0 18.832334765625
332.0 16.632290234375
333.0 14.08343134765625
334.0 15.3646115234375
335.0 21.60719931640625
336.0 20.2824318359375
337.0 19.24029248046875
338.0 20.34041298828125
339.0 20.0321353515625
340.0 19.89868916015625
341.0 17.40902666015625
342.0 15.84748466796875
343.0 16.5677978515625
344.0 16.874515625
345.0 15.691649609375
346.0 16.2354017578125
347.0 16.94662939453125
348.0 13.75158427734375
349.0 15.8127076171875
350.0 13.14219306640625
351.0 16.88620673828125
352.0 18.568362890625
353.0 20.22042880859375
354.0 14.8501998046875
355.0 15.03406640625
356.0 12.623048828125
357.0 13.19478681640625
358.0 18.43367099609375
359.0 19.47681181640625
360.0 14.6006345703125
361.0 13.9928474609375
362.0 15.58228720703125
363.0 13.9653884765625
364.0 19.25523974609375
365.0 16.96570830078125
366.0 11.8871158203125
367.0 14.92846796875
368.0 13.2905892578125
369.0 12.35427626953125
370.0 15.9793232421875
371.0 15.2465591796875
372.0 13.26955595703125
373.0 16.9040998046875
374.0 20.12134736328125
375.0 12.85162490234375
376.0 16.68946396484375
377.0 2.581962890625
378.0 30.02777353515625
379.0 17.4999814453125
380.0 15.99185107421875
381.0 17.28822119140625
382.0 14.394202734375
383.0 17.1977291015625
384.0 18.0273203125
385.0 21.14118173828125
386.0 17.060015234375
387.0 19.1872017578125
388.0 20.5400111328125
389.0 15.746459765625
390.0 17.53775009765625
391.0 19.27109521484375
392.0 19.6637099609375
393.0 17.59286083984375
394.0 17.3139703125
395.0 18.33734306640625
396.0 11.11053720703125
397.0 24.7963236328125
398.0 17.68175341796875
399.0 15.20758251953125
400.0 15.2732181640625
401.0 12.96919951171875
402.0 12.99626982421875
403.0 15.71519169921875
404.0 12.53036201171875
405.0 13.175618359375
406.0 19.4737923828125
407.0 16.63519619140625
408.0 10.09523505859375
409.0 11.68977802734375
410.0 4.10127724609375
411.0 3.1815056640625
412.0 5.80888994140625
413.0 12.098379296875
414.0 13.37683583984375
415.0 14.3565607421875
416.0 15.27239638671875
417.0 15.76158798828125
418.0 18.71919326171875
419.0 17.5726193359375
420.0 17.95630595703125
421.0 14.8249369140625
422.0 16.514801171875
423.0 15.33806796875
424.0 18.13446826171875
425.0 16.53820009765625
426.0 22.6660240234375
427.0 21.195170703125
428.0 20.1463205078125
429.0 19.37001103515625
430.0 17.73419052734375
431.0 19.23224716796875
432.0 18.3766765625
433.0 17.08462607421875
434.0 23.54058427734375
435.0 20.5093392578125
436.0 19.10800859375
437.0 20.51828486328125
438.0 18.96622822265625
439.0 22.89393759765625
440.0 21.21950810546875
441.0 15.82634296875
442.0 5.31054384765625
443.0 21.1614826171875
444.0 13.94696396484375
445.0 10.231962890625
446.0 4.300315234375
447.0 25.8232533203125
448.0 19.973472265625
449.0 18.2168990234375
450.0 20.47035556640625
451.0 18.14100419921875
452.0 22.554952734375
453.0 20.2982546875
454.0 20.21451181640625
455.0 24.17949091796875
456.0 19.10204716796875
457.0 20.32090810546875
458.0 17.19810361328125
459.0 20.10002880859375
460.0 14.7365724609375
461.0 18.316541796875
462.0 18.49496904296875
463.0 17.08513505859375
464.0 17.27627998046875
465.0 16.946504296875
466.0 16.13555029296875
467.0 20.075775390625
468.0 18.2376193359375
469.0 19.47418212890625
470.0 15.02323955078125
471.0 19.27491103515625
472.0 17.66286884765625
473.0 16.117137109375
474.0 16.02713408203125
475.0 19.93607109375
476.0 19.93953896484375
477.0 16.0385455078125
478.0 16.854221875
479.0 19.745817578125
480.0 16.854041796875
481.0 23.181695703125
482.0 10.62320615234375
483.0 21.2243728515625
484.0 18.420291015625
485.0 19.3983671875
486.0 14.79939609375
487.0 17.18698828125
488.0 19.351327734375
489.0 22.78987080078125
490.0 20.2615984375
491.0 20.14871845703125
492.0 19.29866015625
493.0 19.032611328125
494.0 22.44866552734375
495.0 19.5671349609375
496.0 20.8566736328125
497.0 15.05102890625
498.0 18.10535732421875
499.0 18.89103388671875
500.0 17.4930724609375
501.0 18.70591787109375
502.0 22.895866015625
503.0 19.34422021484375
504.0 15.2101328125
505.0 19.3646888671875
506.0 18.0601302734375
507.0 20.314293359375
508.0 19.1659748046875
509.0 18.5366974609375
510.0 15.0091701171875
511.0 17.15100244140625
512.0 15.28826044921875
513.0 15.475823828125
514.0 18.989797265625
515.0 4.30043544921875
516.0 33.82206396484375
517.0 18.67229326171875
518.0 17.7901025390625
519.0 20.85094013671875
520.0 17.0672021484375
521.0 17.3240697265625
522.0 20.27493603515625
523.0 15.41380458984375
524.0 15.6552064453125
525.0 17.08682880859375
526.0 14.11845771484375
527.0 19.60286015625
528.0 19.59303681640625
529.0 15.21181171875
530.0 17.88153583984375
531.0 12.9843220703125
532.0 18.83632724609375
533.0 20.8012669921875
534.0 16.88386767578125
535.0 17.9140517578125
536.0 20.16568955078125
537.0 19.2907978515625
538.0 20.392414453125
539.0 19.18926005859375
540.0 18.64423876953125
541.0 19.9777017578125
542.0 15.69490888671875
543.0 20.058876953125
544.0 20.7510228515625
545.0 18.63103759765625
546.0 19.2932806640625
547.0 19.450615625
548.0 19.6744529296875
549.0 16.1472521484375
550.0 18.84376025390625
551.0 22.15982958984375
552.0 20.04572685546875
553.0 20.73742275390625
554.0 22.6323021484375
555.0 19.6643453125
556.0 24.1479732421875
557.0 17.11056943359375
558.0 22.2150400390625
559.0 19.16924423828125
560.0 13.9583513671875
561.0 19.03427314453125
562.0 19.439170703125
563.0 19.297758984375
564.0 14.317950390625
565.0 11.30601396484375
566.0 18.958899609375
567.0 14.5116515625
568.0 19.624623046875
569.0 18.82891640625
570.0 15.95738076171875
571.0 18.046051171875
572.0 18.1633427734375
573.0 16.60426953125
574.0 18.18391064453125
575.0 15.96820224609375
576.0 18.05166953125
577.0 16.79736298828125
578.0 16.96509208984375
579.0 16.152616796875
580.0 16.0799345703125
581.0 16.89563759765625
582.0 15.82233056640625
583.0 16.784254296875
584.0 17.19041416015625
585.0 16.97821259765625
586.0 21.26197216796875
587.0 15.25614248046875
588.0 19.12693515625
589.0 16.95528232421875
590.0 18.36608896484375
591.0 18.2556537109375
592.0 17.8339451171875
593.0 14.50634306640625
594.0 17.56057841796875
595.0 19.5057185546875
596.0 17.44365439453125
597.0 19.973662109375
598.0 21.19288583984375
599.0 19.239166796875
600.0 10.70109228515625
601.0 11.90790517578125
602.0 10.89027802734375
603.0 8.092901171875
604.0 2.12660791015625
605.0 11.693315234375
606.0 15.93919931640625
607.0 15.74468837890625
608.0 15.29131171875
609.0 17.7351716796875
610.0 14.72032763671875
611.0 14.09256943359375
612.0 11.87914404296875
613.0 12.96800478515625
614.0 12.95535009765625
615.0 11.42974462890625
616.0 12.86267998046875
617.0 12.9608388671875
618.0 12.98480380859375
619.0 11.2718673828125
620.0 14.091691796875
621.0 15.63769951171875
622.0 13.037887890625
623.0 15.9818158203125
624.0 15.1406849609375
625.0 17.23307666015625
626.0 12.65447900390625
627.0 14.0963056640625
628.0 15.18537548828125
629.0 13.7037791015625
630.0 12.2441779296875
631.0 12.26638662109375
632.0 12.14462421875
633.0 10.979831640625
634.0 11.9255396484375
635.0 12.7767189453125
636.0 12.9069994140625
637.0 11.535246484375
638.0 11.524999609375
639.0 0.8309640625
640.0 3.613766796875
641.0 13.39695048828125
642.0 14.12873671875
643.0 8.75452890625
644.0 15.780759765625
645.0 13.07500986328125
646.0 15.18615087890625
647.0 15.31751796875
648.0 8.559910546875
649.0 11.86569697265625
650.0 15.31331494140625
651.0 12.78234423828125
652.0 16.51394130859375
653.0 14.5756728515625
654.0 17.23549365234375
655.0 10.15501591796875
656.0 21.82492314453125
657.0 14.29960205078125
658.0 16.0079265625
659.0 16.8264056640625
660.0 13.39784921875
661.0 16.29278955078125
662.0 15.684613671875
663.0 14.8273599609375
664.0 11.86653349609375
665.0 4.09002373046875
666.0 17.73410595703125
667.0 14.6732234375
668.0 20.2560662109375
669.0 18.26516533203125
670.0 18.415263671875
671.0 21.038587109375
672.0 15.9196037109375
673.0 17.9190255859375
674.0 17.9708970703125
675.0 13.27142470703125
676.0 20.721651171875
677.0 20.8146220703125
678.0 18.47782353515625
679.0 20.179778515625
680.0 16.17974287109375
681.0 16.20802109375
682.0 18.6927572265625
683.0 14.40647490234375
684.0 14.602534765625
685.0 14.7404126953125
686.0 7.085473046875
687.0 18.21948173828125
688.0 17.43994384765625
689.0 14.82242158203125
690.0 16.45145908203125
691.0 18.42648505859375
692.0 13.4678125
693.0 19.358901171875
694.0 12.97794169921875
695.0 13.1938017578125
696.0 14.83313701171875
697.0 12.29584833984375
698.0 13.02391220703125
699.0 15.0357439453125
700.0 16.04284443359375
701.0 15.27113955078125
702.0 19.94608955078125
703.0 12.9076859375
704.0 14.49760439453125
705.0 13.470333984375
706.0 16.41519736328125
707.0 13.61170556640625
708.0 15.643589453125
709.0 16.26112353515625
710.0 13.08548662109375
711.0 15.17064013671875
712.0 15.50987841796875
713.0 14.4854013671875
714.0 3.840023828125
715.0 0.157662890625
716.0 37.03403310546875
717.0 14.10438466796875
718.0 15.39566259765625
719.0 16.086528125
720.0 15.2167951171875
721.0 16.131736328125
722.0 13.04650263671875
723.0 16.4737708984375
724.0 17.35897421875
725.0 15.07716796875
726.0 18.4098408203125
727.0 17.68662109375
728.0 12.75321689453125
729.0 17.87882412109375
730.0 17.5967490234375
731.0 14.699144140625
732.0 16.062393359375
733.0 13.403137109375
734.0 12.403096484375
735.0 12.99866416015625
736.0 10.9495142578125
737.0 15.07117109375
738.0 10.0285455078125
739.0 3.08279052734375
740.0 13.827524609375
741.0 15.45337392578125
742.0 16.24189599609375
743.0 14.36823564453125
744.0 14.42509228515625
745.0 13.50869775390625
746.0 13.77610478515625
747.0 13.99556552734375
748.0 13.26829111328125
749.0 15.3495404296875
750.0 14.62093955078125
751.0 15.30379248046875
752.0 18.89019296875
753.0 14.717719921875
754.0 14.8054478515625
755.0 19.276644140625
756.0 15.91714306640625
757.0 18.60227099609375
758.0 16.211248828125
759.0 16.8517544921875
760.0 15.70935263671875
761.0 14.5608138671875
762.0 13.76662705078125
763.0 14.7864412109375
764.0 12.5415615234375
765.0 15.3834578125
766.0 17.090359765625
767.0 14.14923623046875
768.0 15.017274609375
769.0 15.32232958984375
770.0 16.01770673828125
771.0 15.6267205078125
772.0 18.62548291015625
773.0 17.21069072265625
774.0 15.35416904296875
775.0 17.76275205078125
776.0 18.18366416015625
777.0 17.982459765625
778.0 18.2414357421875
779.0 16.26936982421875
780.0 17.2070693359375
781.0 18.854579296875
782.0 17.11373359375
783.0 17.16948388671875
784.0 17.8396615234375
785.0 16.4589037109375
786.0 17.99577353515625
787.0 18.32009833984375
788.0 17.898166015625
789.0 21.47784912109375
790.0 0.50473818359375
791.0 37.00283603515625
792.0 21.86398271484375
793.0 16.9011443359375
794.0 16.79994912109375
795.0 17.66977197265625
796.0 13.57536611328125
797.0 24.70501484375
798.0 18.8660796875
799.0 14.7271421875
