0.0 8.133124609375
1.0 9.2836857421875
2.0 9.18401298828125
3.0 5.1607626953125
4.0 6.711339453125
5.0 8.04671025390625
6.0 7.79617080078125
7.0 7.49955166015625
8.0 9.41947578125
9.0 7.91094248046875
10.0 9.231421875
11.0 8.46590654296875
12.0 8.87990205078125
13.0 9.45161279296875
14.0 8.33748818359375
15.0 8.7809904296875
16.0 9.55527451171875
17.0 9.7406748046875
18.0 9.55009599609375
19.0 8.72596005859375
20.0 9.072721875
21.0 9.35705791015625
22.0 8.53760322265625
23.0 7.83445732421875
24.0 8.76221455078125
25.0 9.46365966796875
26.0 9.18313623046875
27.0 9.33520634765625
28.0 9.01035966796875
29.0 7.95066357421875
30.0 9.31431572265625
31.0 8.31821181640625
32.0 9.18591005859375
33.0 7.58467001953125
34.0 8.917021484375
35.0 8.87839169921875
36.0 8.7639013671875
37.0 9.09867021484375
38.0 7.77783798828125
39.0 8.15644873046875
40.0 9.00211435546875
41.0 8.89167724609375
42.0 8.94620302734375
43.0 8.04882412109375
44.0 8.68801689453125
45.0 8.9678748046875
46.0 9.3267029296875
47.0 8.25138251953125
48.0 9.0399646484375
49.0 8.8307990234375
50.0 8.812867578125
51.0 7.92665185546875
52.0 8.7080779296875
53.0 7.76409189453125
54.0 9.098958984375
55.0 7.61618505859375
56.0 9.2907365234375
57.0 8.8913529296875
58.0 7.40488896484375
59.0 8.88403994140625
60.0 9.33259140625
61.0 8.43568544921875
62.0 8.55521669921875
63.0 8.0230349609375
64.0 9.22621357421875
65.0 9.0232685546875
66.0 8.00551142578125
67.0 8.66262490234375
68.0 8.45080673828125
69.0 8.3175482421875
70.0 8.57604052734375
71.0 7.09716328125
72.0 8.56807724609375
73.0 8.57788623046875
74.0 8.81607119140625
75.0 8.74287138671875
76.0 8.97890654296875
77.0 8.510301171875
78.0 9.15617255859375
79.0 9.63501005859375
80.0 9.36722060546875
81.0 7.939631640625
82.0 8.3362291015625
83.0 7.97090107421875
84.0 4.69938798828125
85.0 0.0
86.0 0.0
87.0 0.0
88.0 4.73198935546875
89.0 29.995994921875
90.0 8.96112861328125
91.0 7.932513671875
92.0 8.9290736328125
93.0 8.24076884765625
94.0 7.4112390625
95.0 7.6612724609375
96.0 7.73093115234375
97.0 6.90308125
98.0 6.882531640625
99.0 8.35024033203125
100.0 8.310482421875
101.0 7.14987646484375
102.0 7.7320353515625
103.0 8.2428701171875
104.0 7.15785751953125
105.0 8.3342326171875
106.0 7.00314716796875
107.0 7.663734765625
108.0 6.90314541015625
109.0 7.27636611328125
110.0 6.71935419921875
111.0 6.125623046875
112.0 8.15281962890625
113.0 8.7778765625
114.0 8.1232732421875
115.0 8.73543818359375
116.0 7.83667568359375
117.0 8.75622802734375
118.0 9.1690541015625
119.0 8.50659296875
120.0 8.45900888671875
121.0 7.58597666015625
122.0 8.52044365234375
123.0 8.41671298828125
124.0 7.643799609375
125.0 7.8096740234375
126.0 7.45999482421875
127.0 7.92194892578125
128.0 8.4324818359375
129.0 8.265622265625
130.0 8.1834033203125
131.0 8.2196564453125
132.0 8.825897265625
133.0 8.94286953125
134.0 9.0902693359375
135.0 7.70650595703125
136.0 8.0409892578125
137.0 8.3300169921875
138.0 8.3570283203125
139.0 8.2747125
140.0 8.3489599609375
141.0 7.8679044921875
142.0 8.94519150390625
143.0 9.00265
144.0 8.9736474609375
145.0 9.1209052734375
146.0 8.26301103515625
147.0 8.43482294921875
148.0 8.673343359375
149.0 8.70177939453125
150.0 9.09570673828125
151.0 8.21387841796875
152.0 8.83366826171875
153.0 8.507475390625
154.0 8.50863212890625
155.0 7.95790498046875
156.0 7.71832880859375
157.0 8.66751689453125
158.0 8.754949609375
159.0 8.58685458984375
160.0 7.55581875
161.0 7.47405087890625
162.0 8.379397265625
163.0 8.4711751953125
164.0 7.81699970703125
165.0 7.9661548828125
166.0 7.1591685546875
167.0 8.5688025390625
168.0 8.56641220703125
169.0 8.48562998046875
170.0 7.9550853515625
171.0 6.815711328125
172.0 8.1619517578125
173.0 8.5829193359375
174.0 8.7247515625
175.0 8.1463876953125
176.0 6.531048046875
177.0 8.22948603515625
178.0 7.14392724609375
179.0 8.446012109375
180.0 8.40675703125
181.0 6.6966
182.0 7.16705341796875
183.0 7.18878603515625
184.0 6.71915556640625
185.0 5.30603330078125
186.0 6.14852548828125
187.0 8.2538779296875
188.0 8.0611359375
189.0 8.39444638671875
190.0 8.467723828125
191.0 8.0569138671875
192.0 9.0841970703125
193.0 9.30498486328125
194.0 7.81841552734375
195.0 8.18767529296875
196.0 0.0
197.0 0.0
198.0 0.0
199.0 27.14345107421875
200.0 8.23922099609375
201.0 7.2433076171875
202.0 7.911367578125
203.0 7.56290078125
204.0 7.64377373046875
205.0 8.789272265625
206.0 7.56588564453125
207.0 8.370682421875
208.0 8.01120029296875
209.0 8.4150869140625
210.0 8.5643873046875
211.0 7.78348525390625
212.0 8.19759375
213.0 8.6385052734375
214.0 8.247215234375
215.0 6.03121572265625
216.0 9.43589521484375
217.0 7.94432529296875
218.0 8.54591455078125
219.0 8.1717302734375
220.0 7.57753154296875
221.0 8.7133712890625
222.0 8.51467919921875
223.0 8.54588916015625
224.0 8.38226865234375
225.0 7.40702353515625
226.0 5.0392375
227.0 4.93151376953125
228.0 5.29418837890625
229.0 4.7087986328125
230.0 4.74307861328125
231.0 4.9260017578125
232.0 3.73464619140625
233.0 4.9780119140625
234.0 5.27578330078125
235.0 5.84071484375
236.0 4.57731005859375
237.0 4.87687919921875
238.0 5.412629296875
239.0 4.43014638671875
240.0 5.6761978515625
241.0 6.13748349609375
242.0 7.0130845703125
243.0 8.51210107421875
244.0 8.0724615234375
245.0 8.06801455078125
246.0 8.48697373046875
247.0 7.78493291015625
248.0 7.27970771484375
249.0 8.52002841796875
250.0 8.492610546875
251.0 8.64938896484375
252.0 9.35906328125
253.0 7.928687109375
254.0 9.0116853515625
255.0 8.98238349609375
256.0 9.0436263671875
257.0 9.07505234375
258.0 7.513859765625
259.0 8.962483984375
260.0 8.01119873046875
261.0 9.0486009765625
262.0 8.5810841796875
263.0 7.80091044921875
264.0 8.75652998046875
265.0 8.47729189453125
266.0 8.411221484375
267.0 7.58310009765625
268.0 7.6079056640625
269.0 9.1457576171875
270.0 8.19975
271.0 9.004323828125
272.0 9.0632052734375
273.0 8.36670419921875
274.0 9.41275849609375
275.0 9.3187953125
276.0 9.11155859375
277.0 8.37376416015625
278.0 8.57990947265625
279.0 9.01898984375
280.0 8.76823720703125
281.0 8.76648642578125
282.0 7.80478603515625
283.0 8.71656923828125
284.0 9.27443720703125
285.0 9.15573427734375
286.0 9.01720693359375
287.0 8.4151345703125
288.0 8.6666033203125
289.0 8.15381396484375
290.0 8.29646845703125
291.0 7.93065576171875
292.0 9.22560185546875
293.0 8.97569560546875
294.0 8.94622783203125
295.0 8.81295986328125
296.0 7.71982119140625
297.0 9.31304404296875
298.0 9.24901669921875
299.0 8.62624189453125
300.0 8.94649912109375
301.0 8.31287197265625
302.0 9.14673369140625
303.0 8.96180546875
304.0 9.7816779296875
305.0 7.989438671875
306.0 9.2285095703125
307.0 9.395032421875
308.0 9.40090009765625
309.0 0.0
310.0 0.0
311.0 24.884724609375
312.0 8.93653896484375
313.0 9.67969921875
314.0 8.74999501953125
315.0 9.74816806640625
316.0 9.56503876953125
317.0 9.31435283203125
318.0 8.80633388671875
319.0 6.83893662109375
320.0 7.98682958984375
321.0 8.42703681640625
322.0 8.24246884765625
323.0 8.3008947265625
324.0 6.54148466796875
325.0 7.71248642578125
326.0 8.3565267578125
327.0 8.24778955078125
328.0 7.9682431640625
329.0 7.4662626953125
330.0 8.89968515625
331.0 8.20425849609375
332.0 8.577369140625
333.0 8.34839423828125
334.0 7.52378203125
335.0 8.4611708984375
336.0 8.29674501953125
337.0 7.66005859375
338.0 8.46672255859375
339.0 8.41028056640625
340.0 9.05830224609375
341.0 8.46362802734375
342.0 7.61108515625
343.0 8.300625390625
344.0 7.1465880859375
345.0 7.42837802734375
346.0 8.8149935546875
347.0 8.2215896484375
348.0 7.61713330078125
349.0 6.819270703125
350.0 8.38550732421875
351.0 6.7346302734375
352.0 6.97974697265625
353.0 7.781843359375
354.0 8.13180712890625
355.0 7.29396181640625
356.0 8.01157373046875
357.0 7.4319322265625
358.0 7.841355078125
359.0 7.96418662109375
360.0 6.11308115234375
361.0 6.99464619140625
362.0 6.4802869140625
363.0 6.83154814453125
364.0 7.0661943359375
365.0 8.2768416015625
366.0 8.28652080078125
367.0 7.24992666015625
368.0 8.06575927734375
369.0 7.94241767578125
370.0 7.6882626953125
371.0 7.7749828125
372.0 6.5602953125
373.0 6.03926572265625
374.0 6.7509501953125
375.0 7.2088705078125
376.0 7.7631755859375
377.0 7.20804091796875
378.0 7.835742578125
379.0 6.68091748046875
380.0 6.57354306640625
381.0 7.66804228515625
382.0 7.2322462890625
383.0 7.6905875
384.0 6.76186923828125
385.0 7.41647998046875
386.0 7.84842734375
387.0 7.705518359375
388.0 7.9781470703125
389.0 7.30147578125
390.0 7.88167158203125
391.0 7.26955009765625
392.0 7.45165087890625
393.0 7.8012890625
394.0 8.03129990234375
395.0 6.62884951171875
396.0 7.59684921875
397.0 7.62229130859375
398.0 7.70072626953125
399.0 8.0391
400.0 7.89137548828125
401.0 7.92560205078125
402.0 8.07777353515625
403.0 7.540521484375
404.0 8.48122451171875
405.0 7.64539541015625
406.0 8.97090205078125
407.0 8.9673873046875
408.0 9.546382421875
409.0 7.42292529296875
410.0 8.152664453125
411.0 7.7778546875
412.0 7.86398828125
413.0 7.425445703125
414.0 6.9108708984375
415.0 8.20218330078125
416.0 9.407029296875
417.0 9.199319140625
418.0 9.20529267578125
419.0 7.94981787109375
420.0 8.7533841796875
421.0 9.665044140625
422.0 8.46867421875
423.0 7.85322421875
424.0 7.38849072265625
425.0 7.6741412109375
426.0 9.07205
427.0 9.250907421875
428.0 8.6390779296875
429.0 6.87300068359375
430.0 9.06717431640625
431.0 9.454643359375
432.0 8.92573544921875
433.0 7.77706796875
434.0 7.3269603515625
435.0 8.135742578125
436.0 8.38455029296875
437.0 8.79665498046875
438.0 8.52968583984375
439.0 8.8609185546875
440.0 8.68712666015625
441.0 8.0896892578125
442.0 7.77956845703125
443.0 8.023308203125
444.0 8.00613056640625
445.0 8.4835017578125
446.0 8.1229498046875
447.0 9.37900869140625
448.0 8.4859798828125
449.0 8.63545517578125
450.0 8.75259404296875
451.0 7.65313486328125
452.0 7.971299609375
453.0 7.82478837890625
454.0 8.15228349609375
455.0 7.84586572265625
456.0 9.02782255859375
457.0 7.55716201171875
458.0 8.78937607421875
459.0 9.18674755859375
460.0 8.6175509765625
461.0 8.11685810546875
462.0 8.8445052734375
463.0 8.20126171875
464.0 8.47669306640625
465.0 8.05215986328125
466.0 7.14573408203125
467.0 9.09322255859375
468.0 8.6379923828125
469.0 8.54144541015625
470.0 9.06548115234375
471.0 8.99467080078125
472.0 7.74347255859375
473.0 7.60495849609375
474.0 8.18433095703125
475.0 8.16233232421875
476.0 9.12907353515625
477.0 8.21395078125
478.0 8.850386328125
479.0 9.81530771484375
480.0 9.53955986328125
481.0 8.4053666015625
482.0 9.12691552734375
483.0 8.94075712890625
484.0 8.96536845703125
485.0 9.0388349609375
486.0 8.0993515625
487.0 8.3701431640625
488.0 9.070405078125
489.0 8.2008337890625
490.0 9.080087890625
491.0 8.365069140625
492.0 8.85087734375
493.0 8.2964134765625
494.0 8.1504814453125
495.0 7.33001640625
496.0 8.6931736328125
497.0 9.4139548828125
498.0 8.5990046875
499.0 8.7830798828125
500.0 8.1706611328125
501.0 9.4211333984375
502.0 8.61547412109375
503.0 8.31920869140625
504.0 8.04138583984375
505.0 6.85405068359375
506.0 8.327901953125
507.0 9.54458857421875
508.0 9.1724671875
509.0 7.8527427734375
510.0 7.41387978515625
511.0 8.21361328125
512.0 8.81126552734375
513.0 8.0436865234375
514.0 7.2902775390625
515.0 7.32607412109375
516.0 6.65067421875
517.0 8.93725927734375
518.0 7.85207626953125
519.0 8.03309228515625
520.0 7.76615556640625
521.0 8.00358740234375
522.0 8.18999609375
523.0 8.52895849609375
524.0 7.775480859375
525.0 7.201259765625
526.0 7.2693857421875
527.0 8.128555078125
528.0 8.30885400390625
529.0 7.925875
530.0 8.6648388671875
531.0 7.7969126953125
532.0 9.561291015625
533.0 9.71595078125
534.0 9.8458884765625
535.0 8.1488177734375
536.0 8.33104013671875
537.0 9.27266630859375
538.0 9.2423755859375
539.0 9.50570546875
540.0 8.1878712890625
541.0 9.31400771484375
542.0 9.22745556640625
543.0 9.2806412109375
544.0 7.69397978515625
545.0 8.51411640625
546.0 8.26486865234375
547.0 7.94840830078125
548.0 8.3600791015625
549.0 8.25296943359375
550.0 8.38242333984375
551.0 8.025500390625
552.0 8.7501787109375
553.0 8.21946259765625
554.0 7.3100802734375
555.0 7.24254794921875
556.0 8.25127744140625
557.0 8.1481302734375
558.0 9.78532734375
559.0 9.55386796875
560.0 7.75574287109375
561.0 8.28950400390625
562.0 9.8139923828125
563.0 9.11991123046875
564.0 9.13582646484375
565.0 9.10402822265625
566.0 9.38335830078125
567.0 10.00954521484375
568.0 9.87142265625
569.0 7.9934865234375
570.0 10.05595673828125
571.0 7.9931462890625
572.0 9.88806171875
573.0 9.5919162109375
574.0 8.35083671875
575.0 8.94220556640625
576.0 8.67329482421875
577.0 9.70999970703125
578.0 8.35450234375
579.0 9.10616201171875
580.0 8.90597255859375
581.0 8.5357697265625
582.0 9.51339697265625
583.0 8.0623033203125
584.0 9.2427888671875
585.0 8.814127734375
586.0 8.49478095703125
587.0 0.0
588.0 0.0
589.0 0.0
590.0 27.68291748046875
591.0 9.67785966796875
592.0 8.9726232421875
593.0 7.99146171875
594.0 8.9064814453125
595.0 8.8390390625
596.0 8.97134541015625
597.0 9.82788779296875
598.0 7.850949609375
599.0 8.38376220703125
600.0 8.29797138671875
601.0 7.98799228515625
602.0 8.86902978515625
603.0 7.8472005859375
604.0 8.76445869140625
605.0 8.46718662109375
606.0 7.875025390625
607.0 7.86540859375
608.0 7.50190009765625
609.0 8.36663564453125
610.0 0.0
611.0 0.0
612.0 0.0
613.0 27.1172921875
614.0 8.79468935546875
615.0 8.7100279296875
616.0 9.0568634765625
617.0 8.4584998046875
618.0 9.30209052734375
619.0 8.62764609375
620.0 8.59425966796875
621.0 8.98890693359375
622.0 9.0011201171875
623.0 9.03888310546875
624.0 9.5843912109375
625.0 8.10985380859375
626.0 8.91385048828125
627.0 8.74419501953125
628.0 8.73937060546875
629.0 7.719971875
630.0 9.19188388671875
631.0 9.2417515625
632.0 8.238625390625
633.0 8.7118333984375
634.0 8.55068173828125
635.0 7.39137060546875
636.0 8.63824970703125
637.0 8.58786474609375
638.0 8.82047275390625
639.0 8.64872783203125
640.0 7.559594921875
641.0 8.1679142578125
642.0 8.0400423828125
643.0 8.99545341796875
644.0 8.62923818359375
645.0 8.31028447265625
646.0 8.14110322265625
647.0 8.5381916015625
648.0 7.78897314453125
649.0 7.73062529296875
650.0 8.3729884765625
651.0 8.12522919921875
652.0 9.08208046875
653.0 9.7581427734375
654.0 10.932480859375
655.0 10.26676083984375
656.0 9.1667076171875
657.0 9.56382060546875
658.0 10.05334345703125
659.0 9.398665234375
660.0 8.0376404296875
661.0 8.54156728515625
662.0 9.37271826171875
663.0 8.87183037109375
664.0 8.400112109375
665.0 9.15196474609375
666.0 9.835808203125
667.0 9.84651552734375
668.0 9.54618583984375
669.0 7.70829189453125
670.0 8.7724962890625
671.0 8.959165625
672.0 9.0651265625
673.0 9.0016328125
674.0 7.946444921875
675.0 8.98831015625
676.0 9.4540365234375
677.0 9.59739326171875
678.0 7.9855740234375
679.0 8.6144912109375
680.0 8.59864052734375
681.0 8.94211259765625
682.0 8.98647841796875
683.0 7.39417001953125
684.0 8.1059271484375
685.0 8.43484873046875
686.0 8.32798056640625
687.0 7.4028759765625
688.0 7.8640771484375
689.0 7.67270439453125
690.0 7.81090166015625
691.0 7.98821689453125
692.0 7.2840318359375
693.0 7.80090595703125
694.0 7.2904927734375
695.0 7.87143701171875
696.0 8.37894814453125
697.0 8.161350390625
698.0 7.14248984375
699.0 7.7870375
700.0 7.845084765625
701.0 8.558036328125
702.0 8.612634765625
703.0 7.714938671875
704.0 8.37645009765625
705.0 8.079384765625
706.0 9.9221875
707.0 8.93005078125
708.0 7.94431552734375
709.0 8.63858330078125
710.0 8.3153564453125
711.0 8.90252158203125
712.0 9.7243453125
713.0 8.7982568359375
714.0 9.29279052734375
715.0 8.78423994140625
716.0 7.9963466796875
717.0 8.9586068359375
718.0 8.74504462890625
719.0 9.4221857421875
720.0 9.77261337890625
721.0 9.32426708984375
722.0 7.787661328125
723.0 8.60271513671875
724.0 8.91399814453125
725.0 8.35956103515625
726.0 7.56335810546875
727.0 7.57692802734375
728.0 8.6321880859375
729.0 8.85183876953125
730.0 8.4393107421875
731.0 8.36744833984375
732.0 7.51610751953125
733.0 8.64296826171875
734.0 8.8955990234375
735.0 8.38430029296875
736.0 7.83912998046875
737.0 8.4793419921875
738.0 7.88412578125
739.0 8.1118529296875
740.0 8.39509296875
741.0 8.62149951171875
742.0 7.7448455078125
743.0 8.50077861328125
744.0 8.50169931640625
745.0 8.4558875
746.0 9.07336923828125
747.0 7.99964150390625
748.0 8.008809765625
749.0 7.9188802734375
750.0 8.08655419921875
751.0 7.70570224609375
752.0 7.03378251953125
753.0 7.76921845703125
754.0 7.973485546875
755.0 8.01133173828125
756.0 8.0062017578125
757.0 6.77495791015625
758.0 8.00925556640625
759.0 6.8428248046875
760.0 5.19407333984375
761.0 8.11313779296875
762.0 7.2881373046875
763.0 8.09892666015625
764.0 7.7244361328125
765.0 8.0795869140625
766.0 7.1366650390625
767.0 8.10890673828125
768.0 8.41471689453125
769.0 7.925908984375
770.0 7.56765810546875
771.0 8.3680009765625
772.0 6.87538193359375
773.0 7.6215681640625
774.0 8.42116123046875
775.0 8.33839736328125
776.0 7.68378564453125
777.0 7.42315478515625
778.0 8.5389087890625
779.0 8.2719455078125
780.0 9.06758857421875
781.0 8.42855
782.0 8.1251544921875
783.0 9.2751390625
784.0 9.40289892578125
785.0 8.7472328125
786.0 7.837430078125
787.0 9.01562978515625
788.0 0.0
789.0 0.0
790.0 0.0
791.0 25.62269228515625
792.0 5.63373935546875
793.0 8.59866767578125
794.0 9.11081640625
795.0 7.98205439453125
796.0 9.1165078125
797.0 9.397157421875
798.0 8.834425390625
799.0 8.99974970703125
