0.0 10.98369150390625
1.0 7.98706484375
2.0 18.77785302734375
3.0 17.70446103515625
4.0 16.059374609375
5.0 12.8791234375
6.0 8.22527197265625
7.0 9.88483759765625
8.0 15.06935478515625
9.0 17.05129091796875
10.0 15.64738896484375
11.0 16.29799091796875
12.0 13.066058203125
13.0 13.97788984375
14.0 18.20267451171875
15.0 15.53943701171875
16.0 16.4709931640625
17.0 15.5990421875
18.0 14.202378515625
19.0 9.53996103515625
20.0 4.431571875
21.0 2.68676826171875
22.0 13.2500890625
23.0 13.461060546875
24.0 15.56264765625
25.0 12.31507001953125
26.0 11.480829296875
27.0 11.84451240234375
28.0 6.09674658203125
29.0 8.2858580078125
30.0 3.86557783203125
31.0 9.6606162109375
32.0 9.51305400390625
33.0 6.16369072265625
34.0 7.45408203125
35.0 2.99442294921875
36.0 1.636405859375
37.0 2.34241845703125
38.0 5.5237642578125
39.0 5.95473271484375
40.0 5.58699814453125
41.0 6.4650462890625
42.0 10.1473359375
43.0 2.6901357421875
44.0 3.47418486328125
45.0 5.14413076171875
46.0 5.92100703125
47.0 0.6959775390625
48.0 1.77389580078125
49.0 10.1908271484375
50.0 16.025526953125
51.0 13.44557138671875
52.0 17.4038375
53.0 14.40542080078125
54.0 18.85783916015625
55.0 14.028025
56.0 13.20698515625
57.0 16.193463671875
58.0 13.53109853515625
59.0 9.67961611328125
60.0 9.66515283203125
61.0 15.58352265625
62.0 9.39133779296875
63.0 18.83625751953125
64.0 13.9149775390625
65.0 14.99827099609375
66.0 16.041488671875
67.0 12.8706806640625
68.0 13.6988724609375
69.0 13.94456025390625
70.0 10.62929189453125
71.0 3.0876771484375
72.0 9.44138291015625
73.0 14.7727544921875
74.0 16.15755224609375
75.0 10.8338841796875
76.0 16.17975107421875
77.0 9.6585056640625
78.0 13.351521484375
79.0 12.49087197265625
80.0 11.25928984375
81.0 4.24872490234375
82.0 21.6244408203125
83.0 11.2838859375
84.0 12.20187373046875
85.0 11.50509296875
86.0 11.758281640625
87.0 12.86988896484375
88.0 11.83121123046875
89.0 0.78104375
90.0 10.86614453125
91.0 14.57034833984375
92.0 11.185973828125
93.0 13.92006123046875
94.0 9.93179482421875
95.0 7.2952072265625
96.0 4.64194404296875
97.0 7.26297451171875
98.0 12.09946962890625
99.0 10.1791623046875
100.0 11.4103404296875
101.0 10.6852203125
102.0 10.04801474609375
103.0 7.8698572265625
104.0 6.99046826171875
105.0 4.43821630859375
106.0 7.84729912109375
107.0 8.60382080078125
108.0 11.07803359375
109.0 6.922974609375
110.0 7.3387435546875
111.0 12.426899609375
112.0 5.89882841796875
113.0 4.984338671875
114.0 8.8187484375
115.0 11.71421337890625
116.0 13.99951357421875
117.0 11.64678486328125
118.0 11.5733498046875
119.0 11.17062412109375
120.0 13.93464853515625
121.0 15.947268359375
122.0 9.3886234375
123.0 7.23819443359375
124.0 8.6399533203125
125.0 9.0168353515625
126.0 4.4145689453125
127.0 7.81876904296875
128.0 14.34739326171875
129.0 11.06473359375
130.0 17.38191474609375
131.0 14.0973255859375
132.0 14.3482796875
133.0 16.362748828125
134.0 13.747058984375
135.0 15.25803955078125
136.0 13.9827287109375
137.0 11.37887021484375
138.0 10.8920138671875
139.0 13.55463408203125
140.0 15.17489609375
141.0 14.20140556640625
142.0 16.7306072265625
143.0 0.0
144.0 0.0
145.0 35.15626826171875
146.0 17.4080796875
147.0 15.46549453125
148.0 17.02109384765625
149.0 15.0373052734375
150.0 17.17407041015625
151.0 14.93419716796875
152.0 10.996066015625
153.0 2.31993642578125
154.0 16.42337607421875
155.0 17.03660205078125
156.0 17.12401103515625
157.0 16.354162890625
158.0 16.66526298828125
159.0 18.3066986328125
160.0 16.1746544921875
161.0 18.09835390625
162.0 17.79660029296875
163.0 17.38395712890625
164.0 18.0981810546875
165.0 18.0291611328125
166.0 15.14662080078125
167.0 17.90293466796875
168.0 14.26015009765625
169.0 12.0017591796875
170.0 5.8824556640625
171.0 9.29627705078125
172.0 8.956674609375
173.0 0.53622744140625
174.0 1.643828515625
175.0 2.23637060546875
176.0 0.9439205078125
177.0 0.24950400390625
178.0 0.71787255859375
179.0 0.28102119140625
180.0 1.52058701171875
181.0 4.92907529296875
182.0 7.64283046875
183.0 0.557390234375
184.0 7.54751748046875
185.0 8.09267099609375
186.0 3.69083017578125
187.0 5.58349013671875
188.0 0.488678125
189.0 2.15835576171875
190.0 1.09572607421875
191.0 2.6929107421875
192.0 3.28850673828125
193.0 5.93597314453125
194.0 0.620741015625
195.0 0.23728076171875
196.0 0.543275
197.0 1.19636767578125
198.0 1.231275
199.0 0.32321923828125
200.0 0.1373671875
201.0 0.072837890625
202.0 0.0
203.0 0.0
204.0 0.0
205.0 1.84296650390625
206.0 0.36982490234375
207.0 1.49844130859375
208.0 4.6829931640625
209.0 8.21580546875
210.0 2.84306298828125
211.0 16.072498828125
212.0 14.87316552734375
213.0 9.05912197265625
214.0 22.449636328125
215.0 19.81542626953125
216.0 20.4736349609375
217.0 15.74222578125
218.0 22.322348828125
219.0 17.34142314453125
220.0 25.43762197265625
221.0 6.77715390625
222.0 39.1891279296875
223.0 23.21332216796875
224.0 20.35904921875
225.0 21.7810486328125
226.0 23.07059296875
227.0 20.9170990234375
228.0 21.75527109375
229.0 12.394787109375
230.0 18.959058203125
231.0 9.57584560546875
232.0 18.6938755859375
233.0 22.29432939453125
234.0 19.7252390625
235.0 19.96219599609375
236.0 20.86856611328125
237.0 16.6105853515625
238.0 19.17247587890625
239.0 23.73247685546875
240.0 20.57271240234375
241.0 23.8658767578125
242.0 21.151663671875
243.0 20.08542333984375
244.0 23.32372734375
245.0 21.7018482421875
246.0 20.20557626953125
247.0 22.197134375
248.0 23.41538330078125
249.0 19.0434716796875
250.0 25.29407158203125
251.0 20.51001103515625
252.0 16.94769140625
253.0 13.68535
254.0 8.4731140625
255.0 19.10049306640625
256.0 19.58273994140625
257.0 14.36100048828125
258.0 21.82086220703125
259.0 16.32989736328125
260.0 10.5668935546875
261.0 13.45129453125
262.0 22.06719482421875
263.0 10.21721328125
264.0 28.60734765625
265.0 16.0081837890625
266.0 12.50804853515625
267.0 14.6483064453125
268.0 15.56841171875
269.0 9.1645533203125
270.0 12.32961796875
271.0 19.8408328125
272.0 26.9556103515625
273.0 23.97995458984375
274.0 5.67678681640625
275.0 10.58190576171875
276.0 6.2121171875
277.0 6.97227958984375
278.0 9.4865078125
279.0 8.73542529296875
280.0 13.76261044921875
281.0 6.5917716796875
282.0 22.0410837890625
283.0 28.22086982421875
284.0 23.14832431640625
285.0 24.7488859375
286.0 27.21225732421875
287.0 15.86449462890625
288.0 2.59511142578125
289.0 1.59763779296875
290.0 6.70894873046875
291.0 2.65754462890625
292.0 3.1737767578125
293.0 10.0041712890625
294.0 8.29557021484375
295.0 14.84678310546875
296.0 20.52314013671875
297.0 12.85009033203125
298.0 15.66478603515625
299.0 14.41745048828125
300.0 3.80989462890625
301.0 6.22930263671875
302.0 21.6193896484375
303.0 2.07161923828125
304.0 4.91209375
305.0 8.08949306640625
306.0 9.56088203125
307.0 16.50164033203125
308.0 2.3580087890625
309.0 1.22163447265625
310.0 3.4470234375
311.0 2.72890322265625
312.0 1.99074482421875
313.0 2.1296720703125
314.0 5.38897197265625
315.0 3.2109228515625
316.0 1.222925390625
317.0 1.233343359375
318.0 1.59742451171875
319.0 2.90803193359375
320.0 3.50586728515625
321.0 14.74909580078125
322.0 21.7169234375
323.0 20.48989404296875
324.0 11.58493310546875
325.0 14.386023828125
326.0 14.80829072265625
327.0 20.1150416015625
328.0 24.05593349609375
329.0 12.9751583984375
330.0 9.3795013671875
331.0 15.32838525390625
332.0 10.95973291015625
333.0 10.8545849609375
334.0 12.28459638671875
335.0 15.34788681640625
336.0 13.2056244140625
337.0 5.7722263671875
338.0 2.11772099609375
339.0 2.5639728515625
340.0 0.62984658203125
341.0 2.7072958984375
342.0 0.06233212890625
343.0 0.2083587890625
344.0 1.4292755859375
345.0 3.42628505859375
346.0 0.28732265625
347.0 0.05182646484375
348.0 3.31588740234375
349.0 11.51168212890625
350.0 14.75851787109375
351.0 7.10487626953125
352.0 9.7435150390625
353.0 2.1446654296875
354.0 3.98408017578125
355.0 4.05186875
356.0 8.17197138671875
357.0 5.10075771484375
358.0 10.11593720703125
359.0 9.71951572265625
360.0 8.999854296875
361.0 11.261369921875
362.0 8.264259375
363.0 6.6466755859375
364.0 9.6410951171875
365.0 0.0
366.0 0.0
367.0 0.0
368.0 28.6765060546875
369.0 20.72512216796875
370.0 14.101478125
371.0 17.81344189453125
372.0 24.9765205078125
373.0 5.682441015625
374.0 11.4145203125
375.0 17.44141591796875
376.0 10.3953119140625
377.0 4.620336328125
378.0 4.9131392578125
379.0 17.022647265625
380.0 10.50303642578125
381.0 14.48340625
382.0 14.75285966796875
383.0 4.48476376953125
384.0 3.70302275390625
385.0 11.104630078125
386.0 25.64424853515625
387.0 25.27788623046875
388.0 11.58243720703125
389.0 26.190861328125
390.0 21.82821689453125
391.0 24.80054111328125
392.0 11.66051669921875
393.0 9.5620822265625
394.0 2.3564537109375
395.0 13.56324755859375
396.0 13.3340974609375
397.0 6.591524609375
398.0 37.756852734375
399.0 19.15532529296875
400.0 18.084178515625
401.0 6.57939384765625
402.0 10.17917626953125
403.0 8.8612076171875
404.0 10.4685236328125
405.0 14.45226640625
406.0 13.2631611328125
407.0 20.1977396484375
408.0 14.87736953125
409.0 3.0190072265625
410.0 4.630126953125
411.0 9.85831396484375
412.0 1.562050390625
413.0 0.85608681640625
414.0 0.2181625
415.0 0.166160546875
416.0 2.880790625
417.0 2.1714935546875
418.0 5.27439619140625
419.0 1.89141357421875
420.0 1.7890876953125
421.0 4.30502822265625
422.0 9.47933984375
423.0 2.46354677734375
424.0 1.081515625
425.0 0.30468427734375
426.0 0.187873828125
427.0 1.5504302734375
428.0 8.62121708984375
429.0 8.61775751953125
430.0 2.1768833984375
431.0 11.447444921875
432.0 8.8235400390625
433.0 10.48556328125
434.0 10.317577734375
435.0 5.28538056640625
436.0 2.63500556640625
437.0 19.591437109375
438.0 18.95375009765625
439.0 19.9153998046875
440.0 23.7958326171875
441.0 19.22415576171875
442.0 6.07070439453125
443.0 2.1416021484375
444.0 12.42434501953125
445.0 15.91140283203125
446.0 10.9264548828125
447.0 8.717319921875
448.0 13.9212333984375
449.0 10.49786552734375
450.0 0.9344291015625
451.0 13.45095556640625
452.0 19.804574609375
453.0 12.24186259765625
454.0 14.18342890625
455.0 10.8329953125
456.0 7.2429015625
457.0 8.64498056640625
458.0 9.95480595703125
459.0 10.43272734375
460.0 15.299984765625
461.0 16.01535458984375
462.0 6.38341953125
463.0 16.1004876953125
464.0 0.4625845703125
465.0 0.15488759765625
466.0 0.41748486328125
467.0 1.4038904296875
468.0 9.5014619140625
469.0 4.5728505859375
470.0 0.6049423828125
471.0 6.55053701171875
472.0 6.293225390625
473.0 5.1018017578125
474.0 3.8973681640625
475.0 1.70223828125
476.0 5.9358875
477.0 3.64275927734375
478.0 8.1805955078125
479.0 2.40264873046875
480.0 1.2349587890625
481.0 0.65053388671875
482.0 0.26288388671875
483.0 0.1873474609375
484.0 0.30203251953125
485.0 0.70394130859375
486.0 0.534327734375
487.0 0.88216083984375
488.0 1.79169345703125
489.0 0.0
490.0 0.0
491.0 0.279050390625
492.0 1.45973974609375
493.0 0.10417939453125
494.0 0.7609482421875
495.0 0.239173828125
496.0 0.59764755859375
497.0 1.15256591796875
498.0 7.51962900390625
499.0 2.9414076171875
500.0 0.81347646484375
501.0 1.98760595703125
502.0 13.14871318359375
503.0 13.10067705078125
504.0 20.89580634765625
505.0 20.4270853515625
506.0 22.824358984375
507.0 19.74920341796875
508.0 20.1268818359375
509.0 12.20742080078125
510.0 19.2763716796875
511.0 23.7577740234375
512.0 22.338782421875
513.0 22.79753740234375
514.0 21.0110638671875
515.0 23.367808984375
516.0 24.37554970703125
517.0 20.87442333984375
518.0 24.6442076171875
519.0 18.85403740234375
520.0 16.31219697265625
521.0 27.86925869140625
522.0 24.8716390625
523.0 22.34536025390625
524.0 25.48549599609375
525.0 21.32510625
526.0 19.69066083984375
527.0 18.13233173828125
528.0 24.14698505859375
529.0 5.02977607421875
530.0 34.5927939453125
531.0 25.36891865234375
532.0 24.92818662109375
533.0 25.4856154296875
534.0 25.44086572265625
535.0 24.59919130859375
536.0 25.74756103515625
537.0 14.48005380859375
538.0 5.7976458984375
539.0 13.692997265625
540.0 5.882146484375
541.0 9.26080615234375
542.0 18.0562115234375
543.0 25.22487275390625
544.0 16.0671115234375
545.0 20.03937041015625
546.0 8.48264580078125
547.0 7.99738466796875
548.0 9.23079443359375
549.0 17.1678064453125
550.0 18.38973681640625
551.0 17.57138095703125
552.0 14.3548580078125
553.0 10.61346181640625
554.0 20.34787568359375
555.0 14.471520703125
556.0 10.87515078125
557.0 7.056599609375
558.0 7.44867255859375
559.0 9.05077861328125
560.0 19.364093359375
561.0 16.348127734375
562.0 15.07549052734375
563.0 8.73421484375
564.0 11.99173603515625
565.0 30.0364021484375
566.0 19.53076240234375
567.0 16.879137109375
568.0 5.77369296875
569.0 5.6102419921875
570.0 6.48272978515625
571.0 12.52769189453125
572.0 23.6041958984375
573.0 22.581992578125
574.0 25.96929677734375
575.0 28.40681923828125
576.0 18.17232685546875
577.0 8.72598173828125
578.0 9.155712109375
579.0 14.6950533203125
580.0 31.14473291015625
581.0 19.79346318359375
582.0 20.17887470703125
583.0 27.0502498046875
584.0 11.124697265625
585.0 6.089615625
586.0 4.9037412109375
587.0 12.32318212890625
588.0 14.7156857421875
589.0 7.55128134765625
590.0 0.0
591.0 0.0
592.0 0.0
593.0 0.0
594.0 0.0
595.0 0.0
596.0 0.0
597.0 0.0
598.0 0.0
599.0 0.0
600.0 0.0
601.0 0.0
602.0 14.2581248046875
603.0 0.59391015625
604.0 0.78978720703125
605.0 0.33534990234375
606.0 0.61474619140625
607.0 0.38111279296875
608.0 0.7956755859375
609.0 0.5312271484375
610.0 0.83378603515625
611.0 0.91642763671875
612.0 0.81203427734375
613.0 0.19806708984375
614.0 0.84358994140625
615.0 0.62525185546875
616.0 0.7711029296875
617.0 0.41671748046875
618.0 1.7084171875
619.0 0.80581455078125
620.0 0.994121484375
621.0 0.47182529296875
622.0 6.65654775390625
623.0 8.26985908203125
624.0 6.208938671875
625.0 14.91369775390625
626.0 7.528830859375
627.0 3.27509111328125
628.0 11.7325533203125
629.0 10.66875400390625
630.0 9.50293994140625
631.0 6.2449787109375
632.0 13.765075
633.0 5.836324609375
634.0 11.92268544921875
635.0 5.71089140625
636.0 6.02306337890625
637.0 15.37762451171875
638.0 1.74731904296875
639.0 6.3146193359375
640.0 3.98184609375
641.0 4.6318298828125
642.0 6.550809375
643.0 14.67654501953125
644.0 10.89198359375
645.0 12.6408931640625
646.0 4.9223697265625
647.0 10.3358611328125
648.0 11.2820087890625
649.0 7.024357421875
650.0 8.1065080078125
651.0 11.81220234375
652.0 10.77371767578125
653.0 9.689194921875
654.0 10.75246728515625
655.0 13.3832619140625
656.0 14.415676171875
657.0 11.21613623046875
658.0 8.592466015625
659.0 17.37116640625
660.0 16.68767919921875
661.0 15.4157103515625
662.0 9.43991884765625
663.0 4.72833193359375
664.0 1.0218353515625
665.0 0.38516044921875
666.0 4.4294970703125
667.0 13.82422744140625
668.0 17.89747880859375
669.0 14.14260419921875
670.0 3.8989287109375
671.0 4.66093857421875
672.0 13.75842587890625
673.0 1.1813966796875
674.0 1.7614212890625
675.0 2.70219423828125
676.0 11.173241796875
677.0 14.18618916015625
678.0 15.246083984375
679.0 11.7983966796875
680.0 18.52106875
681.0 11.44122021484375
682.0 8.05498017578125
683.0 23.53749013671875
684.0 23.1215103515625
685.0 27.05710859375
686.0 26.03012939453125
687.0 18.249184375
688.0 24.20055322265625
689.0 14.11742109375
690.0 4.82946357421875
691.0 5.39771533203125
692.0 0.472203515625
693.0 0.86533359375
694.0 2.0984802734375
695.0 9.76468994140625
696.0 17.14225517578125
697.0 19.696238671875
698.0 19.355578125
699.0 25.8264515625
700.0 18.34486484375
701.0 2.9110201171875
702.0 4.06337177734375
703.0 34.3025498046875
704.0 17.30514091796875
705.0 21.1372607421875
706.0 23.84906337890625
707.0 25.29875009765625
708.0 26.08319384765625
709.0 15.13104267578125
710.0 25.9842947265625
711.0 19.7546302734375
712.0 18.44709541015625
713.0 20.79246796875
714.0 19.51593896484375
715.0 24.5163265625
716.0 22.07540302734375
717.0 12.490278515625
718.0 21.42734873046875
719.0 17.6822705078125
720.0 22.93382099609375
721.0 17.8783509765625
722.0 18.2456203125
723.0 13.7725564453125
724.0 5.26409365234375
725.0 13.32906162109375
726.0 18.526490234375
727.0 5.621526171875
728.0 16.25514453125
729.0 9.11246025390625
730.0 9.84441298828125
731.0 13.00565419921875
732.0 0.71487978515625
733.0 0.0
734.0 0.0
735.0 0.0
736.0 0.0
737.0 0.0
738.0 0.0
739.0 0.0
740.0 0.0
741.0 0.0
742.0 0.0
743.0 0.0
744.0 0.0
745.0 0.0
746.0 0.0
747.0 0.0
748.0 0.0
749.0 0.0
750.0 0.0
751.0 0.0
752.0 0.0
753.0 0.40471708984375
754.0 7.5588740234375
755.0 8.31618662109375
756.0 0.395881640625
757.0 5.7706822265625
758.0 9.72296962890625
759.0 10.33184296875
760.0 6.05378798828125
761.0 2.26037294921875
762.0 5.51679228515625
763.0 10.02100078125
764.0 1.66206650390625
765.0 1.469993359375
766.0 2.29862099609375
767.0 1.69705341796875
768.0 22.40000458984375
769.0 17.2608087890625
770.0 20.151957421875
771.0 15.11817578125
772.0 8.210152734375
773.0 18.02224833984375
774.0 19.164587109375
775.0 12.76689091796875
776.0 11.52066103515625
777.0 19.0970798828125
778.0 26.73740654296875
779.0 30.57905302734375
780.0 25.5728322265625
781.0 24.51055673828125
782.0 21.39561396484375
783.0 27.79037958984375
784.0 27.4424376953125
785.0 28.23895283203125
786.0 22.02873291015625
787.0 21.13630751953125
788.0 18.95161474609375
789.0 8.71371123046875
790.0 26.155649609375
791.0 13.92471884765625
792.0 5.3854443359375
793.0 2.8133712890625
794.0 4.6516671875
795.0 4.1470095703125
796.0 4.08532109375
797.0 4.64653505859375
798.0 2.34934072265625
799.0 1.23019404296875
