0.0 25.94001806640625
1.0 23.102124609375
2.0 26.13129814453125
3.0 24.4442294921875
4.0 27.298865234375
5.0 23.9295265625
6.0 27.533052734375
7.0 24.21035556640625
8.0 23.36749677734375
9.0 26.62472529296875
10.0 24.7531095703125
11.0 28.61934091796875
12.0 24.651916015625
13.0 28.36000146484375
14.0 24.29357021484375
15.0 26.53689443359375
16.0 24.32615859375
17.0 25.95792470703125
18.0 23.84083544921875
19.0 26.95958720703125
20.0 25.6140970703125
21.0 22.682058203125
22.0 23.02206787109375
23.0 19.909198046875
24.0 21.23539892578125
25.0 21.47343134765625
26.0 25.0828669921875
27.0 21.44917041015625
28.0 22.16796484375
29.0 21.68947880859375
30.0 24.13754560546875
31.0 24.132183984375
32.0 24.8183123046875
33.0 20.37628642578125
34.0 18.3477630859375
35.0 16.89107958984375
36.0 21.3510314453125
37.0 21.750880078125
38.0 22.7974787109375
39.0 20.32132041015625
40.0 18.5584939453125
41.0 24.9036158203125
42.0 19.5888109375
43.0 31.0034046875
44.0 22.86862333984375
45.0 21.36367724609375
46.0 19.99459306640625
47.0 25.771048828125
48.0 23.1482662109375
49.0 28.38005634765625
50.0 25.33366044921875
51.0 27.17031240234375
52.0 26.942060546875
53.0 30.2300802734375
54.0 27.74199697265625
55.0 26.0985447265625
56.0 27.7809974609375
57.0 25.8003404296875
58.0 28.754791015625
59.0 26.5963951171875
60.0 27.51505107421875
61.0 22.776476171875
62.0 28.299100390625
63.0 26.27096328125
64.0 27.2420921875
65.0 25.12420166015625
66.0 27.736291015625
67.0 25.6338041015625
68.0 27.38595966796875
69.0 24.8567529296875
70.0 25.8760533203125
71.0 19.9299474609375
72.0 22.067394140625
73.0 20.45981376953125
74.0 19.59484921875
75.0 28.3176837890625
76.0 25.71033173828125
77.0 26.34937744140625
78.0 22.76296005859375
79.0 27.3468087890625
80.0 23.4835447265625
81.0 23.02743515625
82.0 24.91475322265625
83.0 24.91924521484375
84.0 26.2763484375
85.0 25.28763046875
86.0 26.51502041015625
87.0 23.76029013671875
88.0 28.014744921875
89.0 26.152551171875
90.0 25.99783759765625
91.0 30.35774775390625
92.0 25.45076708984375
93.0 30.3937587890625
94.0 25.27525234375
95.0 26.64683046875
96.0 25.24310263671875
97.0 27.39024013671875
98.0 17.8071775390625
99.0 23.4692958984375
100.0 22.532165625
101.0 27.1155794921875
102.0 18.768171875
103.0 18.75452431640625
104.0 22.06685712890625
105.0 24.138584765625
106.0 24.6725673828125
107.0 19.45643974609375
108.0 20.84896103515625
109.0 21.4498646484375
110.0 19.741266796875
111.0 19.60794580078125
112.0 20.431893359375
113.0 12.967783984375
114.0 22.3573080078125
115.0 20.7830345703125
116.0 23.767853515625
117.0 23.6024740234375
118.0 14.9581564453125
119.0 22.97234013671875
120.0 12.375048828125
121.0 17.0347857421875
122.0 18.44840322265625
123.0 19.4000240234375
124.0 20.3907345703125
125.0 24.0066349609375
126.0 26.1874052734375
127.0 21.15279375
128.0 17.29271943359375
129.0 29.2790716796875
130.0 23.05779091796875
131.0 23.6552509765625
132.0 25.781029296875
133.0 22.22963779296875
134.0 24.45117705078125
135.0 21.19574755859375
136.0 26.49749072265625
137.0 25.04181884765625
138.0 26.58186787109375
139.0 24.0787595703125
140.0 27.709296875
141.0 22.6670552734375
142.0 21.67220341796875
143.0 23.8505119140625
144.0 20.2218630859375
145.0 21.2747083984375
146.0 22.77647890625
147.0 21.9751869140625
148.0 23.3508125
149.0 26.0005673828125
150.0 28.41530302734375
151.0 24.44893896484375
152.0 26.145305078125
153.0 21.46331142578125
154.0 20.83796435546875
155.0 19.85135546875
156.0 25.9826666015625
157.0 21.71412490234375
158.0 25.4408521484375
159.0 25.12319765625
160.0 21.59120341796875
161.0 24.32742158203125
162.0 23.521376953125
163.0 25.98137431640625
164.0 23.74317783203125
165.0 23.0958701171875
166.0 25.78992216796875
167.0 18.95390380859375
168.0 24.1761783203125
169.0 21.97808671875
170.0 25.20983349609375
171.0 23.68963935546875
172.0 23.54017802734375
173.0 24.39379580078125
174.0 22.39988173828125
175.0 28.27065732421875
176.0 22.82129248046875
177.0 25.15046689453125
178.0 22.60554033203125
179.0 22.6837423828125
180.0 21.66506669921875
181.0 25.81084638671875
182.0 22.9906318359375
183.0 22.54451806640625
184.0 25.23957666015625
185.0 22.77176376953125
186.0 26.35181669921875
187.0 22.39438857421875
188.0 26.54508154296875
189.0 21.04088388671875
190.0 24.59741337890625
191.0 24.6406896484375
192.0 22.70713310546875
193.0 24.67038154296875
194.0 16.8938478515625
195.0 23.9444470703125
196.0 20.6258486328125
197.0 21.96681044921875
198.0 31.5796515625
199.0 24.7577759765625
200.0 21.84522998046875
201.0 23.45464375
202.0 23.7656560546875
203.0 20.220588671875
204.0 18.02860185546875
205.0 19.14077431640625
206.0 20.3215083984375
207.0 16.91132353515625
208.0 18.14039208984375
209.0 20.88203447265625
210.0 18.862386328125
211.0 19.13441083984375
212.0 16.2109787109375
213.0 17.967464453125
214.0 17.637550390625
215.0 16.16681630859375
216.0 19.37180673828125
217.0 16.48321142578125
218.0 19.01019609375
219.0 18.39353935546875
220.0 15.4331517578125
221.0 17.002276953125
222.0 14.9349943359375
223.0 14.55349384765625
224.0 16.8862447265625
225.0 15.64105166015625
226.0 19.2049736328125
227.0 21.02539755859375
228.0 23.323858203125
229.0 21.14406982421875
230.0 20.48728232421875
231.0 20.82721279296875
232.0 19.40628759765625
233.0 21.66869189453125
234.0 18.74123427734375
235.0 19.31102685546875
236.0 19.88590791015625
237.0 20.57382666015625
238.0 25.32418408203125
239.0 23.44047705078125
240.0 24.85655625
241.0 25.90174541015625
242.0 21.81557412109375
243.0 23.81745009765625
244.0 21.60901572265625
245.0 22.22379013671875
246.0 29.85434921875
247.0 25.31588193359375
248.0 23.828540625
249.0 25.26922265625
250.0 27.84959951171875
251.0 22.93559091796875
252.0 25.22325986328125
253.0 25.65341455078125
254.0 25.9794005859375
255.0 21.0415103515625
256.0 23.05712021484375
257.0 25.70780185546875
258.0 22.98432705078125
259.0 26.70352275390625
260.0 21.00089609375
261.0 24.8623986328125
262.0 23.6820025390625
263.0 24.0080208984375
264.0 26.11924580078125
265.0 25.11302802734375
266.0 26.1797490234375
267.0 28.43882900390625
268.0 22.67945546875
269.0 26.42866005859375
270.0 16.49285185546875
271.0 34.76696806640625
272.0 25.96285693359375
273.0 27.555473046875
274.0 23.85022744140625
275.0 26.44349931640625
276.0 24.9306166015625
277.0 23.14867607421875
278.0 27.8684796875
279.0 25.59455048828125
280.0 28.48338154296875
281.0 26.15435185546875
282.0 28.7606302734375
283.0 24.9227431640625
284.0 26.58173740234375
285.0 26.8417642578125
286.0 30.1049900390625
287.0 25.76989931640625
288.0 29.96408837890625
289.0 26.99761416015625
290.0 29.68844853515625
291.0 18.412653515625
292.0 38.62033125
293.0 27.843427734375
294.0 29.0951251953125
295.0 28.287292578125
296.0 26.850667578125
297.0 29.3609138671875
298.0 25.4356771484375
299.0 28.1089693359375
300.0 25.03948212890625
301.0 27.74849462890625
302.0 25.1530728515625
303.0 28.91231826171875
304.0 25.214662109375
305.0 27.949255859375
306.0 23.55851455078125
307.0 28.90139091796875
308.0 26.276052734375
309.0 28.9220068359375
310.0 22.52019921875
311.0 29.1957318359375
312.0 26.08954619140625
313.0 27.6229033203125
314.0 20.52745537109375
315.0 28.59509208984375
316.0 21.51195556640625
317.0 27.3347099609375
318.0 26.9263037109375
319.0 29.02808681640625
320.0 28.13339658203125
321.0 27.171097265625
322.0 24.04353583984375
323.0 27.54758095703125
324.0 26.909929296875
325.0 27.4872322265625
326.0 32.25228623046875
327.0 25.74760927734375
328.0 29.4875451171875
329.0 26.366872265625
330.0 29.79751123046875
331.0 20.054671875
332.0 29.04701611328125
333.0 28.92478740234375
334.0 27.58142548828125
335.0 24.35134912109375
336.0 27.0709126953125
337.0 21.46564140625
338.0 21.37440732421875
339.0 24.1730814453125
340.0 25.4754091796875
341.0 24.52129375
342.0 28.01049091796875
343.0 25.7892546875
344.0 27.9876232421875
345.0 29.0584375
346.0 21.1235330078125
347.0 21.31459326171875
348.0 27.77975859375
349.0 26.220124609375
350.0 28.40863408203125
351.0 24.2716375
352.0 30.51819384765625
353.0 24.59936123046875
354.0 26.744193359375
355.0 25.23204501953125
356.0 28.75255009765625
357.0 25.152694140625
358.0 27.69995986328125
359.0 25.303719921875
360.0 29.3240185546875
361.0 24.1560802734375
362.0 26.37125556640625
363.0 25.50067255859375
364.0 26.95372509765625
365.0 24.02637998046875
366.0 24.6819876953125
367.0 20.66823203125
368.0 23.24356728515625
369.0 20.4148220703125
370.0 25.23749775390625
371.0 26.84247392578125
372.0 22.8998552734375
373.0 26.270247265625
374.0 24.49961513671875
375.0 28.103601953125
376.0 23.0197939453125
377.0 27.42587841796875
378.0 25.18964697265625
379.0 25.35528955078125
380.0 26.22773466796875
381.0 24.27056748046875
382.0 26.760872265625
383.0 22.9003060546875
384.0 27.16091142578125
385.0 22.647575390625
386.0 28.52204921875
387.0 24.50176826171875
388.0 26.92494951171875
389.0 25.867110546875
390.0 29.44035390625
391.0 25.893771875
392.0 28.06328212890625
393.0 24.09671337890625
394.0 26.84430712890625
395.0 25.7893556640625
396.0 27.60172900390625
397.0 24.2516662109375
398.0 28.0242814453125
399.0 25.30050205078125
400.0 27.495865234375
401.0 25.3346791015625
402.0 27.75366455078125
403.0 24.9222365234375
404.0 22.46608232421875
405.0 32.4686271484375
406.0 25.80694697265625
407.0 22.04262919921875
408.0 24.470435546875
409.0 26.00945205078125
410.0 27.2433037109375
411.0 24.0793626953125
412.0 29.1388021484375
413.0 21.1037203125
414.0 30.6380953125
415.0 26.891826953125
416.0 27.02629580078125
417.0 29.64709423828125
418.0 26.10355576171875
419.0 27.25266455078125
420.0 27.69347177734375
421.0 19.4810146484375
422.0 31.96577197265625
423.0 28.81756396484375
424.0 26.91241494140625
425.0 26.712343359375
426.0 26.7645546875
427.0 24.35742490234375
428.0 30.49866435546875
429.0 25.833518359375
430.0 29.41546943359375
431.0 23.2183142578125
432.0 28.0229287109375
433.0 27.09069501953125
434.0 27.03825546875
435.0 23.26712568359375
436.0 28.51006767578125
437.0 24.32351357421875
438.0 28.4853705078125
439.0 25.73334052734375
440.0 28.3366931640625
441.0 26.05523125
442.0 29.47240927734375
443.0 26.17601298828125
444.0 29.1482587890625
445.0 26.14495615234375
446.0 29.2599248046875
447.0 26.69862177734375
448.0 25.67086494140625
449.0 27.50852998046875
450.0 26.4347650390625
451.0 24.73175029296875
452.0 27.95976728515625
453.0 24.9809673828125
454.0 30.04918125
455.0 25.422067578125
456.0 28.2493498046875
457.0 23.1340978515625
458.0 28.83291611328125
459.0 25.26095146484375
460.0 23.7150919921875
461.0 23.02199580078125
462.0 26.7800619140625
463.0 25.52476416015625
464.0 26.962838671875
465.0 25.7470052734375
466.0 20.62808740234375
467.0 27.50807724609375
468.0 24.896586328125
469.0 27.204422265625
470.0 24.3939666015625
471.0 29.3021783203125
472.0 26.9622087890625
473.0 25.61489794921875
474.0 28.35441171875
475.0 24.89253916015625
476.0 26.91705400390625
477.0 25.67511875
478.0 29.20753623046875
479.0 24.215846875
480.0 27.57102109375
481.0 23.0612453125
482.0 28.23280537109375
483.0 23.793433203125
484.0 27.65682919921875
485.0 23.64868955078125
486.0 27.23161083984375
487.0 22.598581640625
488.0 24.25890244140625
489.0 21.6013828125
490.0 21.37967373046875
491.0 22.1105462890625
492.0 20.3836849609375
493.0 22.4077041015625
494.0 22.9883498046875
495.0 23.87956513671875
496.0 23.5960646484375
497.0 23.4743912109375
498.0 22.7945265625
499.0 19.28126162109375
500.0 20.8881388671875
501.0 24.33834453125
502.0 21.7236365234375
503.0 23.14166884765625
504.0 19.3707462890625
505.0 22.0731578125
506.0 20.818265234375
507.0 20.52393271484375
508.0 18.22828955078125
509.0 15.122958203125
510.0 25.06974541015625
511.0 25.91890859375
512.0 21.161147265625
513.0 27.76176982421875
514.0 25.740698828125
515.0 26.863941015625
516.0 22.757483984375
517.0 23.64821318359375
518.0 22.97402412109375
519.0 27.34191640625
520.0 25.558059765625
521.0 29.4787298828125
522.0 27.01783427734375
523.0 26.91482294921875
524.0 24.50180556640625
525.0 27.0720556640625
526.0 23.4610234375
527.0 23.56152001953125
528.0 25.49058671875
529.0 26.4353486328125
530.0 15.3534818359375
531.0 44.6927744140625
532.0 27.24046708984375
533.0 24.45110185546875
534.0 25.8376771484375
535.0 23.5428806640625
536.0 22.628054296875
537.0 29.5838189453125
538.0 27.40066279296875
539.0 28.9923115234375
540.0 25.87064365234375
541.0 28.483534375
542.0 25.5071974609375
543.0 23.535868359375
544.0 32.0172580078125
545.0 26.9429107421875
546.0 23.1841767578125
547.0 26.6760439453125
548.0 23.177465234375
549.0 26.563877734375
550.0 26.50210087890625
551.0 30.65255009765625
552.0 24.01430439453125
553.0 24.18918896484375
554.0 25.1163703125
555.0 26.54377001953125
556.0 24.180991015625
557.0 28.49869931640625
558.0 23.02578857421875
559.0 24.921196875
560.0 22.8296310546875
561.0 28.5455810546875
562.0 25.87716337890625
563.0 27.00301962890625
564.0 26.57259677734375
565.0 30.32388896484375
566.0 25.137448828125
567.0 26.50207900390625
568.0 26.36800380859375
569.0 26.37275615234375
570.0 25.29876171875
571.0 27.95704775390625
572.0 24.4168244140625
573.0 25.07251103515625
574.0 28.67209970703125
575.0 26.7642126953125
576.0 29.34546259765625
577.0 21.6657736328125
578.0 26.28320810546875
579.0 25.9895201171875
580.0 27.293388671875
581.0 26.08276650390625
582.0 26.67087509765625
583.0 22.93676337890625
584.0 19.6897404296875
585.0 21.0776900390625
586.0 17.75919033203125
587.0 22.213501953125
588.0 21.040137890625
589.0 18.403039453125
590.0 18.8606041015625
591.0 16.15918046875
592.0 16.16061337890625
593.0 16.9772166015625
594.0 18.94831767578125
595.0 18.860483984375
596.0 16.91016650390625
597.0 23.7694986328125
598.0 18.2014345703125
599.0 18.10263037109375
600.0 19.1766751953125
601.0 16.52546220703125
602.0 18.9917734375
603.0 17.31654482421875
604.0 19.32505205078125
605.0 20.05513564453125
606.0 19.03266904296875
607.0 20.0969751953125
608.0 21.27289921875
609.0 23.81340341796875
610.0 22.382062890625
611.0 22.989531640625
612.0 23.79476240234375
613.0 17.87583583984375
614.0 25.58396123046875
615.0 26.3896146484375
616.0 19.61224150390625
617.0 21.78889140625
618.0 20.3107373046875
619.0 20.30676044921875
620.0 23.4413048828125
621.0 27.811385546875
622.0 23.11236162109375
623.0 24.56857587890625
624.0 20.38571630859375
625.0 21.73033515625
626.0 26.21764404296875
627.0 17.722575390625
628.0 27.43391083984375
629.0 23.38487529296875
630.0 24.0593955078125
631.0 23.32193857421875
632.0 24.5029453125
633.0 24.3038205078125
634.0 27.157804296875
635.0 24.1484390625
636.0 30.1256107421875
637.0 27.04280537109375
638.0 30.49921513671875
639.0 27.2323552734375
640.0 28.46933369140625
641.0 25.700615625
642.0 28.759938671875
643.0 26.3670431640625
644.0 28.06742265625
645.0 23.41276953125
646.0 30.264555859375
647.0 15.98235693359375
648.0 17.7339978515625
649.0 27.76778720703125
650.0 26.3571630859375
651.0 27.66423671875
652.0 28.7577607421875
653.0 23.47603896484375
654.0 29.25096044921875
655.0 27.39208642578125
656.0 25.26974541015625
657.0 26.169216015625
658.0 26.82846982421875
659.0 25.33322041015625
660.0 26.5739130859375
661.0 23.71997998046875
662.0 28.78940009765625
663.0 24.354556640625
664.0 23.3466275390625
665.0 26.4175439453125
666.0 27.966642578125
667.0 23.53901884765625
668.0 31.0823275390625
669.0 27.1436599609375
670.0 24.96957138671875
671.0 27.6970533203125
672.0 23.54102626953125
673.0 28.67382060546875
674.0 23.1329138671875
675.0 27.6794783203125
676.0 24.42287705078125
677.0 27.88558017578125
678.0 24.4404728515625
679.0 26.83340517578125
680.0 22.635890234375
681.0 27.14894990234375
682.0 24.76282763671875
683.0 27.0330978515625
684.0 22.41240322265625
685.0 27.092836328125
686.0 27.5321486328125
687.0 24.1238326171875
688.0 24.347774609375
689.0 17.89865791015625
690.0 21.54516611328125
691.0 24.226115234375
692.0 21.98585166015625
693.0 24.67451044921875
694.0 18.4413923828125
695.0 18.80215478515625
696.0 21.75503642578125
697.0 27.29868037109375
698.0 24.8019490234375
699.0 20.16136748046875
700.0 20.70015869140625
701.0 21.251083984375
702.0 19.51414072265625
703.0 21.30430751953125
704.0 24.619571484375
705.0 22.433385546875
706.0 22.31341669921875
707.0 21.660678515625
708.0 18.67626103515625
709.0 20.81480625
710.0 18.23194931640625
711.0 21.0299404296875
712.0 21.11427060546875
713.0 21.9540283203125
714.0 26.7818779296875
715.0 23.17788271484375
716.0 26.59124462890625
717.0 23.23424638671875
718.0 27.6958412109375
719.0 25.92921162109375
720.0 27.81141630859375
721.0 26.00847578125
722.0 22.34140615234375
723.0 24.717914453125
724.0 24.9489482421875
725.0 26.31259287109375
726.0 24.22770576171875
727.0 27.85853857421875
728.0 24.51572314453125
729.0 26.04135859375
730.0 27.74991064453125
731.0 27.08661572265625
732.0 28.871517578125
733.0 23.3362556640625
734.0 27.33443056640625
735.0 25.76560009765625
736.0 28.76051943359375
737.0 26.7785142578125
738.0 28.07210029296875
739.0 25.38940849609375
740.0 26.67100791015625
741.0 25.97799111328125
742.0 25.50953603515625
743.0 28.85257216796875
744.0 28.07507646484375
745.0 27.96367265625
746.0 26.3702150390625
747.0 20.41533125
748.0 32.96234736328125
749.0 25.09999814453125
750.0 24.94055673828125
751.0 25.86429921875
752.0 27.7478958984375
753.0 26.1115748046875
754.0 28.28382216796875
755.0 26.24763994140625
756.0 27.40072529296875
757.0 25.2645216796875
758.0 24.49775830078125
759.0 26.0786234375
760.0 21.34417451171875
761.0 27.832815625
762.0 28.76573603515625
763.0 26.04371455078125
764.0 28.7107224609375
765.0 27.43645693359375
766.0 27.6092634765625
767.0 24.96175283203125
768.0 28.55189521484375
769.0 21.073032421875
770.0 31.39086611328125
771.0 19.79456845703125
772.0 27.40263359375
773.0 18.89988232421875
774.0 30.84695302734375
775.0 25.3956548828125
776.0 24.52023828125
777.0 22.27776201171875
778.0 22.00141005859375
779.0 27.647998828125
780.0 24.1694134765625
781.0 26.90334091796875
782.0 22.12021376953125
783.0 26.698815625
784.0 20.83615498046875
785.0 22.9894728515625
786.0 22.0356365234375
787.0 19.1216263671875
788.0 20.2497861328125
789.0 19.9022384765625
790.0 25.9296955078125
791.0 22.82021572265625
792.0 25.64703994140625
793.0 23.8838142578125
794.0 22.164401953125
795.0 27.77176142578125
796.0 24.085930859375
797.0 25.80621943359375
798.0 23.54457958984375
799.0 23.94546767578125
