0.0 0.0
1.0 0.0
2.0 0.0
3.0 0.0
4.0 0.0
5.0 0.0
6.0 0.0
7.0 0.0
8.0 0.0
9.0 0.0
10.0 0.0
11.0 17.9425888671875
12.0 13.798536328125
13.0 12.08449873046875
14.0 18.3488375
15.0 26.9163576171875
16.0 16.795138671875
17.0 25.51394853515625
18.0 24.1182005859375
19.0 19.5066037109375
20.0 21.1756208984375
21.0 23.47949052734375
22.0 20.90908330078125
23.0 22.5253955078125
24.0 21.6096259765625
25.0 20.81752822265625
26.0 21.81885048828125
27.0 20.574783984375
28.0 24.0442546875
29.0 17.60539560546875
30.0 24.09038505859375
31.0 21.61840654296875
32.0 19.54975029296875
33.0 19.62941201171875
34.0 1.919495703125
35.0 2.57559951171875
36.0 4.8464623046875
37.0 6.481166796875
38.0 2.00147236328125
39.0 3.30418349609375
40.0 2.5894091796875
41.0 7.866005078125
42.0 3.22488916015625
43.0 6.19915244140625
44.0 0.7880791015625
45.0 1.7560607421875
46.0 2.010090234375
47.0 3.65727392578125
48.0 0.0
49.0 0.0
50.0 0.14550478515625
51.0 0.1250107421875
52.0 0.03116611328125
53.0 0.02083583984375
54.0 0.0
55.0 0.0
56.0 0.03864326171875
57.0 0.01318310546875
58.0 0.030990625
59.0 0.06250751953125
60.0 0.02083583984375
61.0 0.04167177734375
62.0 0.0625076171875
63.0 0.47593251953125
64.0 1.01842451171875
65.0 2.57842080078125
66.0 12.44398974609375
67.0 18.06744404296875
68.0 19.12618046875
69.0 20.72689931640625
70.0 17.3480263671875
71.0 15.09346572265625
72.0 13.37331201171875
73.0 17.770241015625
74.0 23.2296421875
75.0 18.716801171875
76.0 15.61544189453125
77.0 16.1541228515625
78.0 6.40122421875
79.0 6.1029849609375
80.0 7.4887599609375
81.0 4.4314998046875
82.0 1.8663841796875
83.0 3.7448021484375
84.0 3.82724716796875
85.0 10.284819140625
86.0 10.11907666015625
87.0 9.8570150390625
88.0 2.77625439453125
89.0 15.40020927734375
90.0 9.627384765625
91.0 10.05074951171875
92.0 12.24798125
93.0 16.69402255859375
94.0 18.67256064453125
95.0 11.12593212890625
96.0 12.14508203125
97.0 7.79234921875
98.0 10.10140986328125
99.0 13.57718681640625
100.0 15.13597333984375
101.0 14.96911953125
102.0 12.4837740234375
103.0 16.892357421875
104.0 11.33573994140625
105.0 13.760300390625
106.0 13.9014830078125
107.0 21.42896181640625
108.0 19.10703671875
109.0 23.11520751953125
110.0 18.0229251953125
111.0 20.4591298828125
112.0 14.49448779296875
113.0 19.427572265625
114.0 21.0521509765625
115.0 13.7609466796875
116.0 21.6207580078125
117.0 21.34387978515625
118.0 22.766190234375
119.0 22.7073181640625
120.0 10.899196484375
121.0 13.3992248046875
122.0 11.10343037109375
123.0 13.09781103515625
124.0 14.9742537109375
125.0 10.91469404296875
126.0 11.7558884765625
127.0 15.72156572265625
128.0 14.73881630859375
129.0 17.95237099609375
130.0 13.34670986328125
131.0 13.0741671875
132.0 12.32129638671875
133.0 10.36598515625
134.0 13.38964052734375
135.0 10.363051953125
136.0 12.26573564453125
137.0 7.66409736328125
138.0 8.32086982421875
139.0 13.50245126953125
140.0 9.63569951171875
141.0 13.0377578125
142.0 9.571461328125
143.0 13.9721927734375
144.0 9.49344033203125
145.0 12.72910283203125
146.0 6.553472265625
147.0 7.27389765625
148.0 14.47530185546875
149.0 14.7932748046875
150.0 13.9373458984375
151.0 9.19234658203125
152.0 5.1373068359375
153.0 10.18410166015625
154.0 1.01722275390625
155.0 0.0
156.0 0.0
157.0 1.30966474609375
158.0 0.50986474609375
159.0 0.6304015625
160.0 1.36624130859375
161.0 5.418544921875
162.0 1.37675849609375
163.0 1.52365107421875
164.0 6.20525341796875
165.0 5.23565673828125
166.0 0.392665234375
167.0 0.41905654296875
168.0 4.58164892578125
169.0 1.8076181640625
170.0 15.9816849609375
171.0 18.03229609375
172.0 16.24905185546875
173.0 2.8680466796875
174.0 5.61355712890625
175.0 34.993787890625
176.0 9.62332119140625
177.0 10.94967060546875
178.0 19.4358556640625
179.0 12.19951494140625
180.0 11.00192138671875
181.0 15.5642677734375
182.0 13.41496005859375
183.0 18.2808029296875
184.0 16.45021533203125
185.0 17.83828583984375
186.0 21.5300548828125
187.0 16.70533818359375
188.0 22.55463193359375
189.0 18.13676259765625
190.0 22.60673935546875
191.0 15.55918740234375
192.0 18.0135615234375
193.0 16.11703505859375
194.0 8.96000849609375
195.0 4.10522275390625
196.0 0.5110931640625
197.0 0.40313837890625
198.0 0.15398466796875
199.0 0.06381240234375
200.0 0.09676181640625
201.0 0.14550009765625
202.0 0.0934521484375
203.0 0.062378125
204.0 0.10400380859375
205.0 0.10400390625
206.0 0.20853427734375
207.0 0.07283779296875
208.0 0.1390978515625
209.0 0.4327482421875
210.0 0.27672177734375
211.0 2.12682265625
212.0 1.66225927734375
213.0 0.727545703125
214.0 5.24728564453125
215.0 2.31458876953125
216.0 0.37645810546875
217.0 9.73630654296875
218.0 11.7071673828125
219.0 15.27835693359375
220.0 10.39413603515625
221.0 15.53997919921875
222.0 12.4939931640625
223.0 0.6259115234375
224.0 7.1437943359375
225.0 12.623733984375
226.0 14.5252626953125
227.0 14.8803771484375
228.0 16.268163671875
229.0 19.64072158203125
230.0 13.06805537109375
231.0 7.80198310546875
232.0 10.0055076171875
233.0 1.84591748046875
234.0 12.58688134765625
235.0 9.8794783203125
236.0 6.21575751953125
237.0 0.6011814453125
238.0 4.333076171875
239.0 1.83368720703125
240.0 14.773033203125
241.0 11.06360615234375
242.0 7.10445869140625
243.0 6.9204873046875
244.0 4.40627880859375
245.0 1.751164453125
246.0 2.69196611328125
247.0 12.60721591796875
248.0 16.644916015625
249.0 7.84193359375
250.0 8.6585513671875
251.0 5.263643359375
252.0 4.9086740234375
253.0 10.7871896484375
254.0 20.7415408203125
255.0 18.05948857421875
256.0 22.9642765625
257.0 21.509619921875
258.0 22.41158525390625
259.0 18.87295654296875
260.0 13.7415515625
261.0 11.06789736328125
262.0 14.53430126953125
263.0 18.848184375
264.0 22.52663701171875
265.0 22.5091025390625
266.0 15.36708154296875
267.0 9.33577841796875
268.0 14.22729443359375
269.0 28.52921318359375
270.0 8.169067578125
271.0 10.67903701171875
272.0 23.4981384765625
273.0 24.52563759765625
274.0 20.95545712890625
275.0 22.568366015625
276.0 22.02899462890625
277.0 17.61409951171875
278.0 21.23038427734375
279.0 24.5152546875
280.0 21.30742099609375
281.0 24.3586306640625
282.0 22.4311361328125
283.0 23.706640625
284.0 23.1360369140625
285.0 21.13013046875
286.0 20.45782509765625
287.0 23.33572294921875
288.0 19.293573828125
289.0 9.28751025390625
290.0 31.73992744140625
291.0 15.63367919921875
292.0 21.4048064453125
293.0 16.64808515625
294.0 27.543309765625
295.0 22.96199677734375
296.0 19.67259521484375
297.0 21.91102333984375
298.0 19.9480373046875
299.0 18.49389072265625
300.0 18.30125048828125
301.0 22.84134150390625
302.0 22.1334853515625
303.0 9.31178173828125
304.0 32.822709375
305.0 22.586919921875
306.0 23.78176787109375
307.0 23.12646474609375
308.0 22.41106904296875
309.0 23.06150810546875
310.0 19.60206494140625
311.0 22.75900703125
312.0 24.9304423828125
313.0 19.69895234375
314.0 18.0692609375
315.0 13.5509939453125
316.0 20.3360685546875
317.0 17.8191927734375
318.0 6.663974609375
319.0 9.551370703125
320.0 18.158094921875
321.0 16.538446484375
322.0 18.37936796875
323.0 18.449473828125
324.0 20.3633447265625
325.0 10.193078515625
326.0 8.6996724609375
327.0 20.711717578125
328.0 18.7702515625
329.0 12.996044140625
330.0 14.02480966796875
331.0 14.7418669921875
332.0 8.0872345703125
333.0 9.97121044921875
334.0 10.11112314453125
335.0 3.21551650390625
336.0 1.58397529296875
337.0 4.08120380859375
338.0 3.98055771484375
339.0 0.52775
340.0 0.77538212890625
341.0 0.04167177734375
342.0 0.24335576171875
343.0 0.02733505859375
344.0 0.052001953125
345.0 0.01033017578125
346.0 0.01033017578125
347.0 0.03116611328125
348.0 0.0208359375
349.0 0.0
350.0 0.0
351.0 0.0
352.0 0.0
353.0 0.0
354.0 0.0
355.0 0.0
356.0 0.0
357.0 0.0
358.0 0.0
359.0 0.0
360.0 0.0
361.0 0.0
362.0 0.0
363.0 0.0
364.0 0.0
365.0 0.0
366.0 0.0
367.0 0.0
368.0 0.0
369.0 0.0
370.0 0.0
371.0 0.0
372.0 0.0
373.0 0.0
374.0 0.0
375.0 0.0
376.0 0.0
377.0 0.0
378.0 0.0
379.0 0.0
380.0 0.0
381.0 0.0
382.0 0.0
383.0 0.0
384.0 0.0
385.0 0.0
386.0 0.88430087890625
387.0 5.04671787109375
388.0 9.74775087890625
389.0 11.60889248046875
390.0 10.85325009765625
391.0 9.812834375
392.0 17.9463470703125
393.0 18.54037802734375
394.0 16.25385400390625
395.0 15.9003734375
396.0 14.90285244140625
397.0 15.68516689453125
398.0 14.25468603515625
399.0 16.267029296875
400.0 17.37784267578125
401.0 14.443242578125
402.0 15.735407421875
403.0 11.98969404296875
404.0 12.12071435546875
405.0 14.03756357421875
406.0 9.25867529296875
407.0 8.23730224609375
408.0 11.0649802734375
409.0 9.790301953125
410.0 6.17000732421875
411.0 8.85413486328125
412.0 12.7287306640625
413.0 12.9036291015625
414.0 12.1580697265625
415.0 16.52675498046875
416.0 1.1281751953125
417.0 13.5903203125
418.0 15.89676015625
419.0 15.292190625
420.0 17.97783193359375
421.0 20.1332427734375
422.0 13.64000634765625
423.0 16.29544609375
424.0 9.17564365234375
425.0 15.81834775390625
426.0 20.78595361328125
427.0 19.88506630859375
428.0 19.42647978515625
429.0 20.3591982421875
430.0 16.66016982421875
431.0 10.12813115234375
432.0 3.7658767578125
433.0 6.546537109375
434.0 21.044123828125
435.0 13.1119724609375
436.0 19.29374033203125
437.0 17.0242669921875
438.0 13.12125068359375
439.0 5.023208984375
440.0 12.41922158203125
441.0 15.7883513671875
442.0 14.1031568359375
443.0 10.8864544921875
444.0 13.011587890625
445.0 15.826287109375
446.0 17.83998115234375
447.0 19.015078515625
448.0 21.56921748046875
449.0 13.05710078125
450.0 5.92456826171875
451.0 17.41440537109375
452.0 21.171343359375
453.0 13.58964208984375
454.0 9.92823388671875
455.0 3.3635474609375
456.0 15.36138701171875
457.0 18.46908720703125
458.0 17.96615595703125
459.0 20.1956716796875
460.0 10.07430703125
461.0 5.110028125
462.0 11.7982845703125
463.0 16.662841796875
464.0 15.4119650390625
465.0 13.95250185546875
466.0 4.24736533203125
467.0 14.75448623046875
468.0 15.6622208984375
469.0 10.92619423828125
470.0 8.47199140625
471.0 0.3757759765625
472.0 0.61474619140625
473.0 0.20835869140625
474.0 0.6239458984375
475.0 2.20133330078125
476.0 9.22147373046875
477.0 2.6485115234375
478.0 4.600690234375
479.0 10.0263708984375
480.0 16.677036328125
481.0 16.04383486328125
482.0 15.748146484375
483.0 9.09358798828125
484.0 13.1766171875
485.0 14.247257421875
486.0 14.58567314453125
487.0 11.96743564453125
488.0 13.838803515625
489.0 12.9671515625
490.0 14.16258525390625
491.0 0.19388232421875
492.0 4.8361796875
493.0 6.70704580078125
494.0 12.23938388671875
495.0 13.46990556640625
496.0 14.3130021484375
497.0 9.328683984375
498.0 9.4558748046875
499.0 3.37171884765625
500.0 0.1078177734375
501.0 0.2789083984375
502.0 1.57497275390625
503.0 1.9703232421875
504.0 2.33739189453125
505.0 0.9321765625
506.0 0.2636669921875
507.0 0.0
508.0 0.0
509.0 0.32181552734375
510.0 0.30985166015625
511.0 0.0
512.0 0.0
513.0 0.266022265625
514.0 0.014998828125
515.0 0.02083583984375
516.0 0.14835263671875
517.0 0.22900283203125
518.0 4.49674140625
519.0 8.6655236328125
520.0 14.10703759765625
521.0 13.9889751953125
522.0 9.4186802734375
523.0 0.87651064453125
524.0 9.07279208984375
525.0 6.252716015625
526.0 14.706893359375
527.0 15.01579912109375
528.0 7.527734765625
529.0 13.49472783203125
530.0 9.23412666015625
531.0 15.80318583984375
532.0 17.4597474609375
533.0 15.69837705078125
534.0 9.811805078125
535.0 10.89681279296875
536.0 19.53788662109375
537.0 14.26245146484375
538.0 17.26224423828125
539.0 5.7626953125
540.0 1.8458900390625
541.0 10.06829697265625
542.0 6.04747509765625
543.0 11.45207958984375
544.0 11.9768646484375
545.0 12.8331017578125
546.0 16.3460982421875
547.0 20.00831591796875
548.0 20.8783
549.0 17.7452736328125
550.0 21.98148017578125
551.0 16.74921171875
552.0 20.73541708984375
553.0 16.88370556640625
554.0 12.89807216796875
555.0 14.04422578125
556.0 19.20283056640625
557.0 3.9782216796875
558.0 1.101546875
559.0 17.74527509765625
560.0 18.96443798828125
561.0 21.041660546875
562.0 16.21265966796875
563.0 14.6365904296875
564.0 23.29047900390625
565.0 17.820820703125
566.0 25.23390107421875
567.0 16.80049248046875
568.0 19.10894638671875
569.0 21.33357763671875
570.0 21.421818359375
571.0 20.26776455078125
572.0 18.963983984375
573.0 26.913731640625
574.0 20.46517734375
575.0 21.9233541015625
576.0 24.4178302734375
577.0 20.796860546875
578.0 11.47032998046875
579.0 15.1659009765625
580.0 19.4095
581.0 17.41725791015625
582.0 16.58566796875
583.0 21.257683984375
584.0 15.38008642578125
585.0 8.5517814453125
586.0 14.2287443359375
587.0 17.35708916015625
588.0 14.118036328125
589.0 24.9408220703125
590.0 22.52861923828125
591.0 24.5893138671875
592.0 21.48179892578125
593.0 15.64809287109375
594.0 24.156496875
595.0 8.3114080078125
596.0 17.4465486328125
597.0 12.90953076171875
598.0 10.821909375
599.0 16.4112275390625
600.0 10.59584345703125
601.0 18.55868720703125
602.0 21.388821484375
603.0 21.334290625
604.0 20.9528451171875
605.0 20.84393046875
606.0 8.47466943359375
607.0 16.948525390625
608.0 23.10953388671875
609.0 20.33042255859375
610.0 21.36010205078125
611.0 17.85120185546875
612.0 14.61007861328125
613.0 21.397759375
614.0 16.6121703125
615.0 19.360428125
616.0 19.62669404296875
617.0 18.586382421875
618.0 20.91223388671875
619.0 21.7539025390625
620.0 12.84408291015625
621.0 25.2062693359375
622.0 20.39601630859375
623.0 13.245966015625
624.0 17.4077404296875
625.0 22.03139912109375
626.0 20.0946828125
627.0 21.68203369140625
628.0 18.39432900390625
629.0 23.88653779296875
630.0 24.80801884765625
631.0 22.084432421875
632.0 26.00559609375
633.0 15.169736328125
634.0 30.38606376953125
635.0 22.25954892578125
636.0 24.27693388671875
637.0 20.38671474609375
638.0 24.08215517578125
639.0 22.5067505859375
640.0 21.85190400390625
641.0 19.700306640625
642.0 22.40154208984375
643.0 25.6679140625
644.0 23.97072646484375
645.0 26.25038974609375
646.0 23.8942208984375
647.0 24.05505458984375
648.0 24.66485302734375
649.0 19.0246009765625
650.0 20.8771146484375
651.0 24.31737587890625
652.0 14.143769140625
653.0 21.24001484375
654.0 15.70936298828125
655.0 19.8634498046875
656.0 23.37871904296875
657.0 20.55027041015625
658.0 21.21629443359375
659.0 19.97163115234375
660.0 21.31242978515625
661.0 19.6996955078125
662.0 20.2536697265625
663.0 19.68942919921875
664.0 25.35676806640625
665.0 22.926639453125
666.0 10.42001376953125
667.0 28.87062890625
668.0 20.29866435546875
669.0 16.8648373046875
670.0 14.744616015625
671.0 25.572805859375
672.0 20.94131591796875
673.0 21.86730849609375
674.0 17.38003408203125
675.0 18.6805826171875
676.0 17.38964228515625
677.0 22.30944599609375
678.0 24.10412822265625
679.0 20.00168779296875
680.0 19.56857998046875
681.0 24.25114228515625
682.0 12.6399619140625
683.0 33.69828603515625
684.0 15.608011328125
685.0 14.1596751953125
686.0 18.61139716796875
687.0 22.2589556640625
688.0 20.01227412109375
689.0 15.6629283203125
690.0 19.08733154296875
691.0 23.19749072265625
692.0 22.2749677734375
693.0 20.99002353515625
694.0 20.121966015625
695.0 22.5982205078125
696.0 17.92047861328125
697.0 26.18671162109375
698.0 23.58188896484375
699.0 22.5735275390625
700.0 25.103675390625
701.0 20.1944255859375
702.0 24.1835654296875
703.0 21.99715439453125
704.0 22.4796837890625
705.0 23.256228515625
706.0 21.179139453125
707.0 21.994270703125
708.0 22.93987001953125
709.0 21.22727822265625
710.0 24.71208857421875
711.0 22.2837234375
712.0 25.29650546875
713.0 21.848909375
714.0 24.31673935546875
715.0 25.63148310546875
716.0 22.07651474609375
717.0 25.8010400390625
718.0 23.0597958984375
719.0 20.762684375
720.0 12.81643623046875
721.0 17.5680341796875
722.0 12.36627880859375
723.0 17.95631015625
724.0 17.10861767578125
725.0 0.0
726.0 0.0
727.0 0.0
728.0 26.75913994140625
729.0 8.3779009765625
730.0 0.64369033203125
731.0 0.13876435546875
732.0 6.71940673828125
733.0 8.2063125
734.0 4.81915537109375
735.0 9.076743359375
736.0 15.60607724609375
737.0 22.10257392578125
738.0 10.94355556640625
739.0 16.42515791015625
740.0 10.69269326171875
741.0 9.97422607421875
742.0 21.456315234375
743.0 21.50434658203125
744.0 18.3750330078125
745.0 5.2063736328125
746.0 6.61806005859375
747.0 18.52746728515625
748.0 11.66552734375
749.0 14.458558203125
750.0 19.3593896484375
751.0 14.19358291015625
752.0 7.43868662109375
753.0 12.79654658203125
754.0 11.5957064453125
755.0 3.95161708984375
756.0 2.2887572265625
757.0 2.19571787109375
758.0 2.2718830078125
759.0 5.317630859375
760.0 17.68140234375
761.0 19.61204072265625
762.0 18.73383837890625
763.0 18.47746513671875
764.0 2.49935283203125
765.0 11.5285908203125
766.0 12.933225390625
767.0 18.36753232421875
768.0 15.3880904296875
769.0 22.34991806640625
770.0 20.807521875
771.0 19.9462802734375
772.0 16.85709111328125
773.0 8.71577685546875
774.0 17.89945595703125
775.0 6.6153810546875
776.0 2.74478623046875
777.0 6.1559611328125
778.0 5.45022490234375
779.0 7.91973544921875
780.0 12.125375390625
781.0 9.40944287109375
782.0 8.9687423828125
783.0 7.1160013671875
784.0 1.00206416015625
785.0 0.71875
786.0 5.9695052734375
787.0 0.58016787109375
788.0 0.81242060546875
789.0 2.26502158203125
790.0 16.8396826171875
791.0 17.25421767578125
792.0 4.193963671875
793.0 5.68121962890625
794.0 28.73901728515625
795.0 20.04222802734375
796.0 17.3070015625
797.0 17.5657865234375
798.0 22.01598125
799.0 17.52902392578125
