0.0 19.51908857421875
1.0 15.82201826171875
2.0 17.30460673828125
3.0 15.4336626953125
4.0 19.7781685546875
5.0 20.21306474609375
6.0 13.988876953125
7.0 14.5283314453125
8.0 13.8678294921875
9.0 19.2294091796875
10.0 22.3456015625
11.0 19.14525634765625
12.0 21.4325708984375
13.0 19.71368740234375
14.0 20.0849021484375
15.0 23.27328095703125
16.0 17.71871630859375
17.0 22.7800064453125
18.0 21.59217587890625
19.0 23.28779462890625
20.0 20.5975072265625
21.0 21.69848671875
22.0 21.02743994140625
23.0 17.6313529296875
24.0 18.54161611328125
25.0 19.95553701171875
26.0 20.019398046875
27.0 20.9600876953125
28.0 19.8919861328125
29.0 21.45306865234375
30.0 23.9077880859375
31.0 20.52688681640625
32.0 22.746646875
33.0 16.65436845703125
34.0 21.51963193359375
35.0 22.8660388671875
36.0 15.92269521484375
37.0 22.2540623046875
38.0 17.925915625
39.0 16.745210546875
40.0 16.81570654296875
41.0 21.03893115234375
42.0 19.61774248046875
43.0 24.1610455078125
44.0 16.2448953125
45.0 20.44541640625
46.0 23.22355390625
47.0 17.36174345703125
48.0 19.3735908203125
49.0 22.56033466796875
50.0 17.35195712890625
51.0 14.84470205078125
52.0 16.413862890625
53.0 16.3852322265625
54.0 16.83243193359375
55.0 15.71114970703125
56.0 17.4068703125
57.0 21.05807392578125
58.0 20.89423671875
59.0 21.3680171875
60.0 21.897778125
61.0 15.54884951171875
62.0 17.66680654296875
63.0 21.12955888671875
64.0 21.29878349609375
65.0 19.17125166015625
66.0 26.03885810546875
67.0 18.4182509765625
68.0 23.42452705078125
69.0 18.66046689453125
70.0 23.4004455078125
71.0 21.06981220703125
72.0 15.81835361328125
73.0 20.13506044921875
74.0 19.558865234375
75.0 19.96435791015625
76.0 16.83937802734375
77.0 15.42313896484375
78.0 15.3162998046875
79.0 14.88822861328125
80.0 22.26378388671875
81.0 19.54143642578125
82.0 23.1904802734375
83.0 20.10684541015625
84.0 20.616497265625
85.0 21.4871623046875
86.0 17.787868359375
87.0 20.09449228515625
88.0 17.96597998046875
89.0 21.95004052734375
90.0 19.7430125
91.0 19.85597626953125
92.0 20.74255400390625
93.0 18.89503974609375
94.0 21.1170603515625
95.0 16.09456416015625
96.0 18.577690234375
97.0 20.6603322265625
98.0 17.87682548828125
99.0 18.4794390625
100.0 20.7956021484375
101.0 19.82619501953125
102.0 18.788128515625
103.0 17.69428125
104.0 20.33898759765625
105.0 19.53987197265625
106.0 17.94742802734375
107.0 18.3120619140625
108.0 18.9534103515625
109.0 19.55713525390625
110.0 20.92217626953125
111.0 15.91871396484375
112.0 16.91694140625
113.0 18.68907900390625
114.0 18.86630849609375
115.0 18.1179486328125
116.0 19.0637455078125
117.0 19.830096484375
118.0 18.14752685546875
119.0 20.193169140625
120.0 17.10975341796875
121.0 16.68603125
122.0 19.73422158203125
123.0 16.2850619140625
124.0 16.71821201171875
125.0 15.504765234375
126.0 20.02712783203125
127.0 20.5531755859375
128.0 22.7732974609375
129.0 19.91065869140625
130.0 19.87728173828125
131.0 21.72214150390625
132.0 19.66102470703125
133.0 20.799791015625
134.0 20.77000439453125
135.0 14.30450185546875
136.0 24.13763310546875
137.0 15.84067470703125
138.0 20.49986298828125
139.0 21.52793427734375
140.0 14.02080673828125
141.0 24.083623828125
142.0 18.35410830078125
143.0 20.21236630859375
144.0 20.8298966796875
145.0 17.0603037109375
146.0 14.85408974609375
147.0 20.08850478515625
148.0 18.445203515625
149.0 21.3670435546875
150.0 13.3729671875
151.0 15.4350177734375
152.0 16.72302158203125
153.0 20.9794248046875
154.0 14.29464892578125
155.0 15.7873630859375
156.0 18.74231455078125
157.0 19.8206302734375
158.0 15.18305107421875
159.0 19.259198046875
160.0 19.63761943359375
161.0 20.80710859375
162.0 23.02620673828125
163.0 20.76127451171875
164.0 20.3782763671875
165.0 19.6937619140625
166.0 20.8307833984375
167.0 18.20395341796875
168.0 16.13459853515625
169.0 17.99070302734375
170.0 18.82794248046875
171.0 17.950809765625
172.0 12.359640234375
173.0 19.1460068359375
174.0 20.5335171875
175.0 19.2254474609375
176.0 20.89484736328125
177.0 20.47089970703125
178.0 18.7535095703125
179.0 19.7613005859375
180.0 15.77981611328125
181.0 17.7965681640625
182.0 16.63146396484375
183.0 12.94593544921875
184.0 21.49476015625
185.0 19.2071443359375
186.0 15.04119912109375
187.0 20.77102568359375
188.0 18.84734501953125
189.0 15.97491083984375
190.0 16.0275220703125
191.0 12.21126123046875
192.0 10.07525302734375
193.0 12.43422646484375
194.0 16.1085123046875
195.0 15.2521177734375
196.0 15.3214943359375
197.0 17.74378330078125
198.0 16.973954296875
199.0 14.7367017578125
200.0 18.1718974609375
201.0 16.96680888671875
202.0 12.8441990234375
203.0 14.38216689453125
204.0 14.28566689453125
205.0 12.47882705078125
206.0 15.5889525390625
207.0 12.77541708984375
208.0 15.3787349609375
209.0 12.0912642578125
210.0 12.8074572265625
211.0 12.428948046875
212.0 12.40487060546875
213.0 15.15808154296875
214.0 10.716523046875
215.0 12.69042080078125
216.0 11.04065234375
217.0 14.5855716796875
218.0 15.66076904296875
219.0 13.700394921875
220.0 17.44310107421875
221.0 15.9336580078125
222.0 15.13207978515625
223.0 14.03630625
224.0 16.21517626953125
225.0 14.9924033203125
226.0 15.73747265625
227.0 17.28267138671875
228.0 17.21377734375
229.0 16.37940380859375
230.0 15.14012783203125
231.0 16.4292916015625
232.0 18.70554033203125
233.0 19.9464271484375
234.0 19.5930751953125
235.0 18.17062529296875
236.0 18.36171923828125
237.0 18.35433974609375
238.0 16.98788505859375
239.0 19.9266828125
240.0 19.4076083984375
241.0 17.93633955078125
242.0 12.60908525390625
243.0 22.61690078125
244.0 17.44783662109375
245.0 19.31401083984375
246.0 15.959878125
247.0 15.13722646484375
248.0 20.86645234375
249.0 17.17030234375
250.0 19.9755611328125
251.0 17.75562080078125
252.0 20.2966396484375
253.0 20.6707826171875
254.0 17.644131640625
255.0 17.414683984375
256.0 19.98813818359375
257.0 15.863594921875
258.0 18.56585869140625
259.0 18.4300666015625
260.0 17.96521552734375
261.0 20.56814384765625
262.0 16.7058134765625
263.0 20.912433984375
264.0 21.5505115234375
265.0 18.137926171875
266.0 17.4097896484375
267.0 13.5310615234375
268.0 13.41613857421875
269.0 18.471762109375
270.0 18.66860244140625
271.0 22.0400443359375
272.0 18.79482421875
273.0 18.07385029296875
274.0 18.79917197265625
275.0 18.72402333984375
276.0 17.39041826171875
277.0 19.6236421875
278.0 20.20180234375
279.0 18.12131953125
280.0 20.24030185546875
281.0 19.325516015625
282.0 14.838554296875
283.0 19.253470703125
284.0 20.03091982421875
285.0 19.3555564453125
286.0 21.124794921875
287.0 19.81763154296875
288.0 22.14015888671875
289.0 19.2243951171875
290.0 13.26368857421875
291.0 24.31773896484375
292.0 19.561190625
293.0 20.02645615234375
294.0 16.4536419921875
295.0 24.71869169921875
296.0 18.5208751953125
297.0 19.7677111328125
298.0 14.4501884765625
299.0 21.92290673828125
300.0 20.7636365234375
301.0 21.82362958984375
302.0 18.1306828125
303.0 16.677617578125
304.0 17.41377939453125
305.0 19.26672080078125
306.0 22.16522314453125
307.0 20.010419921875
308.0 19.03803427734375
309.0 20.80886318359375
310.0 19.77512685546875
311.0 19.43640625
312.0 20.01998173828125
313.0 17.3901998046875
314.0 21.65861240234375
315.0 22.77746806640625
316.0 20.7457689453125
317.0 23.4720240234375
318.0 19.43167822265625
319.0 20.0474146484375
320.0 20.9834677734375
321.0 20.59185380859375
322.0 21.78035869140625
323.0 18.95842041015625
324.0 20.006430859375
325.0 21.3417869140625
326.0 17.0506216796875
327.0 16.70297919921875
328.0 13.18839521484375
329.0 15.06003916015625
330.0 13.4448
331.0 15.17951259765625
332.0 13.94310185546875
333.0 16.909692578125
334.0 19.53067080078125
335.0 20.62492255859375
336.0 16.8123318359375
337.0 22.61463466796875
338.0 17.49946142578125
339.0 22.2002494140625
340.0 16.503776171875
341.0 12.8042767578125
342.0 18.44790908203125
343.0 15.633175
344.0 18.62012939453125
345.0 12.87939599609375
346.0 12.55681318359375
347.0 12.097170703125
348.0 8.64928037109375
349.0 13.77234248046875
350.0 13.33404111328125
351.0 13.05910947265625
352.0 13.22602666015625
353.0 6.5370447265625
354.0 0.16633603515625
355.0 2.691162109375
356.0 11.68817080078125
357.0 11.76295546875
358.0 11.026705078125
359.0 11.87447177734375
360.0 13.65124091796875
361.0 10.1332798828125
362.0 7.98005087890625
363.0 14.6809646484375
364.0 12.01880380859375
365.0 11.65555966796875
366.0 11.28726201171875
367.0 14.38360078125
368.0 13.44494560546875
369.0 14.70470107421875
370.0 10.52472412109375
371.0 18.258729296875
372.0 14.57737373046875
373.0 17.98205107421875
374.0 13.5790109375
375.0 15.8019337890625
376.0 19.47644072265625
377.0 18.94132529296875
378.0 20.1891353515625
379.0 16.91047587890625
380.0 19.6108751953125
381.0 17.20442685546875
382.0 17.57214130859375
383.0 21.34272919921875
384.0 19.44500927734375
385.0 18.25939912109375
386.0 19.49422158203125
387.0 19.117741015625
388.0 20.26842666015625
389.0 15.14304462890625
390.0 18.453828515625
391.0 20.7156326171875
392.0 17.5673841796875
393.0 19.10446689453125
394.0 19.977516796875
395.0 19.04749013671875
396.0 16.30008125
397.0 19.638573828125
398.0 21.06024111328125
399.0 21.64937431640625
400.0 16.77082958984375
401.0 19.124469921875
402.0 18.458941796875
403.0 16.56107158203125
404.0 16.69137236328125
405.0 17.32520537109375
406.0 19.80722685546875
407.0 18.7383771484375
408.0 18.71387431640625
409.0 21.4134865234375
410.0 19.71974892578125
411.0 12.86197216796875
412.0 17.806805859375
413.0 18.2829576171875
414.0 16.41508125
415.0 13.6445501953125
416.0 17.92930546875
417.0 17.2891826171875
418.0 20.87992314453125
419.0 17.9908181640625
420.0 15.58115380859375
421.0 18.7364361328125
422.0 20.4339833984375
423.0 16.58132685546875
424.0 14.9738919921875
425.0 25.009031640625
426.0 17.8720529296875
427.0 16.067954296875
428.0 16.54510185546875
429.0 18.63685263671875
430.0 17.9505611328125
431.0 17.535246484375
432.0 15.2748341796875
433.0 18.4732505859375
434.0 17.2920353515625
435.0 12.88912578125
436.0 17.30736220703125
437.0 11.277166015625
438.0 14.68825517578125
439.0 17.98380234375
440.0 19.971433203125
441.0 13.41943076171875
442.0 19.1841671875
443.0 14.38937431640625
444.0 14.12959287109375
445.0 17.27027685546875
446.0 14.15054326171875
447.0 15.63040263671875
448.0 19.45963466796875
449.0 19.99017421875
450.0 15.90880009765625
451.0 18.1256576171875
452.0 19.05872265625
453.0 15.1480365234375
454.0 16.085721484375
455.0 13.7946126953125
456.0 10.9120365234375
457.0 16.25011884765625
458.0 12.79977138671875
459.0 15.57263310546875
460.0 18.02672265625
461.0 16.55110634765625
462.0 14.45465703125
463.0 14.1869673828125
464.0 14.07620029296875
465.0 12.54205205078125
466.0 19.46412705078125
467.0 14.90673173828125
468.0 12.9793537109375
469.0 18.26253291015625
470.0 15.2740138671875
471.0 11.36772724609375
472.0 14.1799224609375
473.0 12.11582392578125
474.0 16.6681267578125
475.0 13.0731564453125
476.0 0.0
477.0 0.0
478.0 37.34479560546875
479.0 17.7245677734375
480.0 21.7436615234375
481.0 16.4170466796875
482.0 16.523812890625
483.0 16.8512255859375
484.0 12.86240673828125
485.0 15.762546875
486.0 16.53191474609375
487.0 16.13906220703125
488.0 12.3771318359375
489.0 15.24405625
490.0 16.65112353515625
491.0 15.10064287109375
492.0 11.027339453125
493.0 20.77216796875
494.0 16.23669482421875
495.0 14.7050056640625
496.0 19.49024248046875
497.0 19.0715423828125
498.0 18.88735185546875
499.0 19.371416015625
500.0 20.86626416015625
501.0 22.80985048828125
502.0 13.43145361328125
503.0 11.89829326171875
504.0 15.8073126953125
505.0 17.6705203125
506.0 18.2665634765625
507.0 17.13574697265625
508.0 15.268292578125
509.0 15.989177734375
510.0 18.60210361328125
511.0 16.13328359375
512.0 12.67731806640625
513.0 13.406750390625
514.0 13.54855556640625
515.0 12.04681884765625
516.0 13.666322265625
517.0 13.84606533203125
518.0 15.052104296875
519.0 13.651537109375
520.0 12.0204349609375
521.0 14.3274578125
522.0 12.64102841796875
523.0 12.3965423828125
524.0 14.0844634765625
525.0 14.04696162109375
526.0 19.2280580078125
527.0 19.650496875
528.0 21.51760966796875
529.0 18.43781474609375
530.0 23.74750576171875
531.0 20.1186923828125
532.0 22.02368232421875
533.0 20.0042802734375
534.0 19.1702712890625
535.0 23.18457353515625
536.0 20.69155537109375
537.0 23.7712423828125
538.0 20.43086923828125
539.0 15.24294775390625
540.0 15.37661787109375
541.0 13.5584634765625
542.0 9.58735078125
543.0 15.8521736328125
544.0 18.29892822265625
545.0 21.08958916015625
546.0 16.4274525390625
547.0 16.05540830078125
548.0 21.688869921875
549.0 9.705837890625
550.0 10.92232822265625
551.0 12.81844228515625
552.0 12.03314482421875
553.0 12.871081640625
554.0 15.34013818359375
555.0 16.11997421875
556.0 18.0612314453125
557.0 17.9963029296875
558.0 17.7783232421875
559.0 18.6203935546875
560.0 20.08709453125
561.0 21.150394921875
562.0 18.13768759765625
563.0 13.584783203125
564.0 14.2580177734375
565.0 22.73766943359375
566.0 22.351221875
567.0 20.2727962890625
568.0 21.68068173828125
569.0 19.741159375
570.0 22.69028984375
571.0 21.31334326171875
572.0 15.44678916015625
573.0 27.3450751953125
574.0 16.33646494140625
575.0 18.31011904296875
576.0 20.46324970703125
577.0 23.40284833984375
578.0 19.0246716796875
579.0 18.66533623046875
580.0 19.85442734375
581.0 18.7470734375
582.0 22.468559765625
583.0 14.6082115234375
584.0 18.53879306640625
585.0 20.97892978515625
586.0 18.757015625
587.0 22.55835810546875
588.0 22.06641435546875
589.0 22.53433935546875
590.0 15.08502099609375
591.0 24.45241845703125
592.0 14.902118359375
593.0 19.0421970703125
594.0 25.128501953125
595.0 22.62145361328125
596.0 20.863904296875
597.0 18.73805673828125
598.0 18.70969775390625
599.0 17.97121396484375
600.0 19.29381552734375
601.0 23.18583974609375
602.0 19.08210546875
603.0 20.787739453125
604.0 17.484887109375
605.0 18.98177294921875
606.0 17.2326669921875
607.0 16.79879462890625
608.0 21.49041962890625
609.0 20.804993359375
610.0 18.6441021484375
611.0 21.5762416015625
612.0 16.64001279296875
613.0 23.097319921875
614.0 21.68068642578125
615.0 15.8458076171875
616.0 18.598476171875
617.0 15.9304283203125
618.0 18.8276658203125
619.0 20.058257421875
620.0 16.70935078125
621.0 13.91138232421875
622.0 19.7674806640625
623.0 17.95710185546875
624.0 18.188223828125
625.0 20.54295302734375
626.0 18.76315849609375
627.0 19.68782314453125
628.0 0.0
629.0 0.0
630.0 36.61812998046875
631.0 19.6264498046875
632.0 20.76793291015625
633.0 18.803087890625
634.0 19.84586494140625
635.0 18.29551806640625
636.0 20.4968896484375
637.0 16.3026728515625
638.0 20.62567890625
639.0 16.509494921875
640.0 16.6983814453125
641.0 17.3166150390625
642.0 17.0519625
643.0 21.91993935546875
644.0 22.3809130859375
645.0 17.5348095703125
646.0 20.3149869140625
647.0 17.271148828125
648.0 18.18627109375
649.0 21.6111275390625
650.0 18.23526025390625
651.0 21.04998037109375
652.0 19.1209701171875
653.0 24.202816015625
654.0 22.17883837890625
655.0 19.181094140625
656.0 16.3936099609375
657.0 17.899165625
658.0 19.23882392578125
659.0 16.55998310546875
660.0 19.068924609375
661.0 17.06243203125
662.0 20.741869140625
663.0 19.611369140625
664.0 21.309198046875
665.0 21.48734365234375
666.0 20.5812060546875
667.0 22.84263291015625
668.0 18.44367490234375
669.0 20.84943525390625
670.0 19.82812138671875
671.0 19.64180595703125
672.0 23.0830861328125
673.0 18.45893779296875
674.0 17.56868330078125
675.0 16.82292451171875
676.0 19.309589453125
677.0 22.67755390625
678.0 19.2526498046875
679.0 21.64675927734375
680.0 20.4424306640625
681.0 18.81393212890625
682.0 16.9932033203125
683.0 15.16935078125
684.0 19.45680478515625
685.0 17.1122642578125
686.0 12.51364677734375
687.0 22.6145119140625
688.0 21.2483044921875
689.0 16.757308203125
690.0 17.85423623046875
691.0 21.473461328125
692.0 19.16151904296875
693.0 23.2864783203125
694.0 20.74410244140625
695.0 21.14915205078125
696.0 17.35554462890625
697.0 16.92170439453125
698.0 18.79907509765625
699.0 17.09088984375
700.0 18.759478515625
701.0 15.1639796875
702.0 14.51261328125
703.0 17.77128662109375
704.0 15.6709115234375
705.0 15.559653125
706.0 13.62529697265625
707.0 18.04581787109375
708.0 11.3123169921875
709.0 11.84627724609375
710.0 13.43096884765625
711.0 13.815300390625
712.0 12.466508203125
713.0 13.57360830078125
714.0 12.920616015625
715.0 14.1794607421875
716.0 14.98867939453125
717.0 16.31005146484375
718.0 13.9081740234375
719.0 14.04042705078125
720.0 14.705434765625
721.0 13.80977568359375
722.0 15.08509873046875
723.0 13.7734294921875
724.0 13.48005283203125
725.0 20.71617265625
726.0 17.1272994140625
727.0 18.96542412109375
728.0 18.7438583984375
729.0 21.42816806640625
730.0 22.4810720703125
731.0 13.51570234375
732.0 17.97887998046875
733.0 14.12790341796875
734.0 18.34896494140625
735.0 16.77191396484375
736.0 12.0163734375
737.0 13.59268798828125
738.0 11.7114720703125
739.0 15.20302509765625
740.0 15.4840591796875
741.0 16.3120083984375
742.0 15.56874189453125
743.0 11.76831982421875
744.0 12.54267880859375
745.0 12.99889697265625
746.0 13.66562216796875
747.0 12.09798251953125
748.0 13.6245818359375
749.0 13.53707890625
750.0 12.4434259765625
751.0 13.25465654296875
752.0 20.1253693359375
753.0 16.83902119140625
754.0 13.05702197265625
755.0 24.4347333984375
756.0 13.779793359375
757.0 14.297704296875
758.0 17.4597189453125
759.0 15.369842578125
760.0 16.6852609375
761.0 15.3421494140625
762.0 16.54546962890625
763.0 19.07345146484375
764.0 18.77790458984375
765.0 15.5585857421875
766.0 17.8478615234375
767.0 14.7595099609375
768.0 16.80124306640625
769.0 20.44416708984375
770.0 13.9998888671875
771.0 27.09913037109375
772.0 17.35955830078125
773.0 22.66568134765625
774.0 19.014466015625
775.0 18.712982421875
776.0 17.913232421875
777.0 19.97653046875
778.0 19.95916455078125
779.0 21.76127509765625
780.0 18.57538095703125
781.0 13.2991298828125
782.0 28.99446826171875
783.0 20.66534130859375
784.0 20.415589453125
785.0 23.0468494140625
786.0 20.77390087890625
787.0 21.63653779296875
788.0 15.64420947265625
789.0 20.37521923828125
790.0 22.760301953125
791.0 17.26455576171875
792.0 21.1390640625
793.0 23.0657326171875
794.0 18.5701359375
795.0 20.51903232421875
796.0 18.64801787109375
797.0 20.2750830078125
798.0 19.33628955078125
799.0 18.3101884765625
