0.0 9.09487685546875
1.0 9.6877447265625
2.0 9.432991796875
3.0 9.52383037109375
4.0 10.74285361328125
5.0 10.8224447265625
6.0 7.38047509765625
7.0 7.29040126953125
8.0 9.3087109375
9.0 10.33424111328125
10.0 10.28442314453125
11.0 7.31701240234375
12.0 6.12843564453125
13.0 6.45240205078125
14.0 5.84762705078125
15.0 3.86834775390625
16.0 6.55370615234375
17.0 9.71754326171875
18.0 10.3485947265625
19.0 10.48433798828125
20.0 12.48922421875
21.0 11.9911013671875
22.0 10.14266689453125
23.0 10.2477728515625
24.0 10.349234375
25.0 12.74912978515625
26.0 10.2912275390625
27.0 11.08178671875
28.0 9.0371125
29.0 12.23173115234375
30.0 12.6504986328125
31.0 12.05773115234375
32.0 10.10782998046875
33.0 9.39177021484375
34.0 8.89419931640625
35.0 11.948746484375
36.0 9.781177734375
37.0 8.1101662109375
38.0 8.55508251953125
39.0 10.1139529296875
40.0 9.29603740234375
41.0 8.0225896484375
42.0 11.90849736328125
43.0 9.79694697265625
44.0 12.1911431640625
45.0 10.51911943359375
46.0 11.47396953125
47.0 8.48800693359375
48.0 6.06909775390625
49.0 11.55621806640625
50.0 8.7233060546875
51.0 6.73939462890625
52.0 10.6952587890625
53.0 8.7058056640625
54.0 7.76749638671875
55.0 8.7649896484375
56.0 7.10581904296875
57.0 9.82386611328125
58.0 6.33209189453125
59.0 6.55493466796875
60.0 8.21988544921875
61.0 7.67465615234375
62.0 7.6447681640625
63.0 6.64444169921875
64.0 8.91362880859375
65.0 7.67453544921875
66.0 6.51200263671875
67.0 6.14064189453125
68.0 6.675684375
69.0 7.28903837890625
70.0 6.68045751953125
71.0 6.26400830078125
72.0 6.62357900390625
73.0 5.4379310546875
74.0 10.23794912109375
75.0 9.2371373046875
76.0 6.01407783203125
77.0 6.5917408203125
78.0 7.71093271484375
79.0 9.55176943359375
80.0 8.76001240234375
81.0 8.81423916015625
82.0 7.46919541015625
83.0 7.0832251953125
84.0 10.29313759765625
85.0 13.07263310546875
86.0 9.20704501953125
87.0 12.01379873046875
88.0 9.66270947265625
89.0 7.6855064453125
90.0 10.62496396484375
91.0 5.5280587890625
92.0 13.96425234375
93.0 10.2626119140625
94.0 8.10339384765625
95.0 8.550389453125
96.0 9.37971669921875
97.0 11.66382294921875
98.0 12.84928486328125
99.0 9.59066181640625
100.0 6.68365927734375
101.0 6.80904248046875
102.0 10.50772451171875
103.0 11.5975642578125
104.0 9.93391640625
105.0 12.579253515625
106.0 13.39135703125
107.0 11.68149287109375
108.0 11.07960654296875
109.0 11.3470935546875
110.0 12.44255546875
111.0 9.6006568359375
112.0 12.096691015625
113.0 8.91938603515625
114.0 11.66060869140625
115.0 11.72191884765625
116.0 9.3028115234375
117.0 12.84753427734375
118.0 11.81752509765625
119.0 10.5915890625
120.0 6.78076494140625
121.0 7.03550615234375
122.0 9.66085986328125
123.0 10.84676083984375
124.0 7.69855107421875
125.0 6.24161845703125
126.0 6.1141986328125
127.0 7.260419921875
128.0 7.4093755859375
129.0 6.69598759765625
130.0 6.9708041015625
131.0 6.99529873046875
132.0 6.21035185546875
133.0 7.38938232421875
134.0 8.1109140625
135.0 7.59978154296875
136.0 8.7653630859375
137.0 7.767886328125
138.0 7.0580185546875
139.0 7.01720048828125
140.0 6.66978515625
141.0 6.7878240234375
142.0 6.4206533203125
143.0 5.7627361328125
144.0 6.20064140625
145.0 6.44531806640625
146.0 6.123758203125
147.0 6.59301357421875
148.0 7.893645703125
149.0 6.55218916015625
150.0 9.52832236328125
151.0 10.3215560546875
152.0 8.96654111328125
153.0 6.83374375
154.0 12.86030546875
155.0 12.61768125
156.0 7.38649443359375
157.0 3.9587296875
158.0 8.370591796875
159.0 6.20674833984375
160.0 6.75410966796875
161.0 6.2559962890625
162.0 8.65916455078125
163.0 12.18365908203125
164.0 11.68520400390625
165.0 10.42821572265625
166.0 9.13748740234375
167.0 9.6067140625
168.0 8.36634775390625
169.0 10.25223935546875
170.0 10.51134296875
171.0 8.93776962890625
172.0 12.68970458984375
173.0 13.3892998046875
174.0 11.97945380859375
175.0 13.022099609375
176.0 13.43790380859375
177.0 11.80651240234375
178.0 11.49430947265625
179.0 13.81374697265625
180.0 13.2848326171875
181.0 13.3888732421875
182.0 12.37275078125
183.0 13.2562591796875
184.0 12.67475439453125
185.0 11.9953494140625
186.0 13.24335576171875
187.0 11.31352451171875
188.0 12.91863017578125
189.0 13.07615302734375
190.0 11.83477001953125
191.0 13.8602697265625
192.0 13.12887392578125
193.0 10.7671623046875
194.0 14.658503125
195.0 11.9310740234375
196.0 12.07277431640625
197.0 12.35659658203125
198.0 12.67313525390625
199.0 12.43758720703125
200.0 10.76658408203125
201.0 12.32472587890625
202.0 12.57514267578125
203.0 9.80664658203125
204.0 7.8315822265625
205.0 7.00134501953125
206.0 9.85597265625
207.0 13.1393826171875
208.0 11.05812265625
209.0 9.02933583984375
210.0 9.53296474609375
211.0 11.129194140625
212.0 11.22590869140625
213.0 8.5919162109375
214.0 12.1780828125
215.0 10.88663427734375
216.0 12.828175
217.0 10.23512685546875
218.0 13.76569404296875
219.0 12.7088263671875
220.0 12.12823935546875
221.0 9.2355755859375
222.0 11.84956474609375
223.0 11.985204296875
224.0 10.3144736328125
225.0 9.09230185546875
226.0 10.6284662109375
227.0 12.75269140625
228.0 11.974605859375
229.0 11.02515830078125
230.0 11.27415703125
231.0 12.16729833984375
232.0 10.1683302734375
233.0 8.66263505859375
234.0 9.19847978515625
235.0 6.22714697265625
236.0 8.81761435546875
237.0 7.4701455078125
238.0 7.6932541015625
239.0 8.46765517578125
240.0 8.133631640625
241.0 8.11141318359375
242.0 6.7719224609375
243.0 7.3309853515625
244.0 7.10721171875
245.0 9.01005556640625
246.0 6.73139091796875
247.0 6.6294255859375
248.0 7.2415205078125
249.0 6.76135
250.0 7.7052259765625
251.0 8.29690927734375
252.0 7.930383203125
253.0 7.7692828125
254.0 9.2473755859375
255.0 11.11223515625
256.0 10.90668671875
257.0 9.98939033203125
258.0 7.72523974609375
259.0 5.59705380859375
260.0 6.4740474609375
261.0 6.2302259765625
262.0 4.52498466796875
263.0 6.60370517578125
264.0 6.72577841796875
265.0 6.65599609375
266.0 6.68072958984375
267.0 6.31077802734375
268.0 6.73504208984375
269.0 6.63051103515625
270.0 6.63348935546875
271.0 5.5245939453125
272.0 6.15698896484375
273.0 6.38703671875
274.0 6.08230673828125
275.0 6.4328912109375
276.0 7.6583990234375
277.0 12.11439765625
278.0 11.85219306640625
279.0 11.58154658203125
280.0 13.56436005859375
281.0 12.18016201171875
282.0 10.57528076171875
283.0 11.4650193359375
284.0 12.45799189453125
285.0 12.6894234375
286.0 11.69623837890625
287.0 11.94055498046875
288.0 12.28535595703125
289.0 13.22932724609375
290.0 11.1314478515625
291.0 6.8603181640625
292.0 6.50710791015625
293.0 7.080341015625
294.0 7.07677939453125
295.0 6.0688171875
296.0 7.84904638671875
297.0 6.64767744140625
298.0 12.87608984375
299.0 12.72552587890625
300.0 12.1459791015625
301.0 12.3897205078125
302.0 14.06734853515625
303.0 12.6856736328125
304.0 13.2267267578125
305.0 6.9515533203125
306.0 7.76190439453125
307.0 8.023612109375
308.0 8.64548505859375
309.0 7.15719443359375
310.0 12.88615537109375
311.0 10.40649013671875
312.0 9.516344921875
313.0 9.457090625
314.0 11.26872783203125
315.0 12.6599201171875
316.0 10.88442421875
317.0 13.1198494140625
318.0 10.64222060546875
319.0 7.62278671875
320.0 9.7893810546875
321.0 6.37142392578125
322.0 6.43577685546875
323.0 9.32950654296875
324.0 10.80540244140625
325.0 11.2860087890625
326.0 10.92960234375
327.0 10.157463671875
328.0 9.35999833984375
329.0 11.67535576171875
330.0 12.88276884765625
331.0 12.51209970703125
332.0 11.21925361328125
333.0 12.3732515625
334.0 12.87753125
335.0 11.74490927734375
336.0 11.69709599609375
337.0 12.26721767578125
338.0 11.46222509765625
339.0 12.76612734375
340.0 10.29199931640625
341.0 11.56346044921875
342.0 12.96172314453125
343.0 10.88759892578125
344.0 11.65220830078125
345.0 13.01636181640625
346.0 10.4271052734375
347.0 12.55023056640625
348.0 12.3395162109375
349.0 12.513844140625
350.0 13.03070732421875
351.0 10.3394291015625
352.0 6.569975
353.0 12.52325927734375
354.0 12.0921146484375
355.0 13.12883125
356.0 12.04094228515625
357.0 13.9181390625
358.0 12.61831865234375
359.0 9.3783556640625
360.0 9.95668642578125
361.0 10.71472060546875
362.0 11.56658544921875
363.0 12.56457041015625
364.0 10.14519267578125
365.0 10.02640205078125
366.0 8.15977109375
367.0 7.82819072265625
368.0 9.589398046875
369.0 12.38921455078125
370.0 8.519324609375
371.0 10.332458203125
372.0 11.1373060546875
373.0 12.34624697265625
374.0 10.14143974609375
375.0 7.2523458984375
376.0 10.3545423828125
377.0 12.13601484375
378.0 9.32778759765625
379.0 10.24896376953125
380.0 10.88243505859375
381.0 11.4962447265625
382.0 9.424912890625
383.0 8.80992705078125
384.0 6.02230380859375
385.0 8.90426435546875
386.0 7.72730771484375
387.0 12.53750615234375
388.0 11.19036953125
389.0 11.95503330078125
390.0 10.7393783203125
391.0 12.04100908203125
392.0 11.26218388671875
393.0 12.31546806640625
394.0 11.01898017578125
395.0 11.93153115234375
396.0 10.89843984375
397.0 10.661659765625
398.0 12.0482978515625
399.0 11.4253349609375
400.0 10.1001873046875
401.0 10.0766369140625
402.0 6.23978037109375
403.0 8.0190841796875
404.0 11.96031416015625
405.0 11.78673056640625
406.0 10.9858310546875
407.0 12.19723056640625
408.0 12.4145544921875
409.0 9.90338759765625
410.0 6.9211142578125
411.0 6.6974859375
412.0 10.365122265625
413.0 11.605718359375
414.0 11.9497357421875
415.0 8.8748568359375
416.0 12.9128662109375
417.0 11.086056640625
418.0 11.118944921875
419.0 8.27789306640625
420.0 9.80976962890625
421.0 7.1881404296875
422.0 7.35372099609375
423.0 8.04993828125
424.0 8.50705693359375
425.0 6.4636541015625
426.0 7.447736328125
427.0 5.49106533203125
428.0 8.766919140625
429.0 8.45112841796875
430.0 8.34360302734375
431.0 6.994030078125
432.0 6.9266513671875
433.0 7.7451400390625
434.0 9.1859330078125
435.0 8.80279111328125
436.0 9.769456640625
437.0 10.85166162109375
438.0 7.21586240234375
439.0 8.6539591796875
440.0 10.0546810546875
441.0 8.6459013671875
442.0 9.4919349609375
443.0 6.3606576171875
444.0 6.7473236328125
445.0 6.5369072265625
446.0 8.306780078125
447.0 7.921131640625
448.0 10.969928515625
449.0 9.21524619140625
450.0 10.84686064453125
451.0 8.81582890625
452.0 8.20253623046875
453.0 7.3206509765625
454.0 11.09839951171875
455.0 10.62367265625
456.0 10.49731533203125
457.0 11.7670947265625
458.0 9.39937900390625
459.0 13.17164404296875
460.0 11.12041455078125
461.0 13.610543359375
462.0 13.02549912109375
463.0 9.27789453125
464.0 10.41876337890625
465.0 13.7237705078125
466.0 12.91479091796875
467.0 12.3555005859375
468.0 12.726087890625
469.0 10.6310396484375
470.0 11.53515146484375
471.0 8.86370810546875
472.0 10.8425419921875
473.0 11.11823447265625
474.0 8.328481640625
475.0 9.19416689453125
476.0 8.49779072265625
477.0 8.4988697265625
478.0 9.2322908203125
479.0 10.6467015625
480.0 10.65204560546875
481.0 10.398634765625
482.0 12.51090908203125
483.0 8.2651611328125
484.0 7.19952060546875
485.0 8.98618046875
486.0 6.78854453125
487.0 10.03300078125
488.0 9.3950728515625
489.0 8.1905490234375
490.0 8.00878310546875
491.0 5.34033095703125
492.0 7.98888310546875
493.0 9.92560390625
494.0 5.1930130859375
495.0 7.19616572265625
496.0 11.0581396484375
497.0 10.6496828125
498.0 12.30371376953125
499.0 9.734198046875
500.0 10.92183740234375
501.0 11.17046943359375
502.0 10.50433076171875
503.0 13.433701171875
504.0 10.7192384765625
505.0 10.9909349609375
506.0 10.96632841796875
507.0 11.63122919921875
508.0 12.179234375
509.0 10.12702802734375
510.0 10.62374951171875
511.0 9.04353037109375
512.0 11.29031103515625
513.0 12.05846025390625
514.0 6.6466666015625
515.0 13.16141591796875
516.0 7.04897080078125
517.0 7.30473203125
518.0 10.084512109375
519.0 10.8591099609375
520.0 9.93530439453125
521.0 12.3218818359375
522.0 11.35242431640625
523.0 11.403501171875
524.0 10.52615751953125
525.0 7.8402515625
526.0 6.95229765625
527.0 7.02269345703125
528.0 5.8439861328125
529.0 6.65896611328125
530.0 8.19661123046875
531.0 8.34197138671875
532.0 8.7015638671875
533.0 8.35108115234375
534.0 7.4691310546875
535.0 6.9364728515625
536.0 7.031942578125
537.0 6.3296546875
538.0 6.275416015625
539.0 5.31851552734375
540.0 5.98911083984375
541.0 6.04444716796875
542.0 5.804008203125
543.0 6.1519427734375
544.0 6.151097265625
545.0 5.49745205078125
546.0 6.1455734375
547.0 6.7470181640625
548.0 6.65078388671875
549.0 7.4117234375
550.0 9.605113671875
551.0 5.87768759765625
552.0 11.54431748046875
553.0 11.21528671875
554.0 13.3494576171875
555.0 11.116139453125
556.0 13.07402529296875
557.0 12.95376943359375
558.0 12.42595576171875
559.0 11.281755078125
560.0 11.66728095703125
561.0 12.73203759765625
562.0 12.76024150390625
563.0 11.96104619140625
564.0 9.5249685546875
565.0 10.40159091796875
566.0 10.19077421875
567.0 10.157428515625
568.0 9.818436328125
569.0 11.43655693359375
570.0 13.06329775390625
571.0 12.58138720703125
572.0 11.86048759765625
573.0 8.3009265625
574.0 8.856104296875
575.0 7.713636328125
576.0 8.3298755859375
577.0 6.54036103515625
578.0 7.6507865234375
579.0 7.6701490234375
580.0 16.2422958984375
581.0 11.992210546875
582.0 10.88635126953125
583.0 8.733052734375
584.0 10.520626171875
585.0 11.22865380859375
586.0 10.50097314453125
587.0 11.2239408203125
588.0 9.6433763671875
589.0 8.74443115234375
590.0 10.032040625
591.0 11.4560806640625
592.0 10.23772939453125
593.0 7.0220689453125
594.0 8.626140625
595.0 10.6004474609375
596.0 10.4622994140625
597.0 9.89032978515625
598.0 11.27353818359375
599.0 10.51845205078125
600.0 11.71262939453125
601.0 9.74900029296875
602.0 11.30673955078125
603.0 11.14253837890625
604.0 9.51724697265625
605.0 10.540352734375
606.0 9.59004814453125
607.0 12.00599833984375
608.0 8.4064794921875
609.0 8.25254169921875
610.0 5.60753623046875
611.0 4.6957044921875
612.0 1.6030826171875
613.0 6.4228703125
614.0 7.45212607421875
615.0 5.62525009765625
616.0 6.7098236328125
617.0 6.90699228515625
618.0 4.8555943359375
619.0 5.96657705078125
620.0 8.433854296875
621.0 8.4928357421875
622.0 7.22608515625
623.0 6.84543544921875
624.0 6.71038212890625
625.0 5.83310927734375
626.0 6.32584228515625
627.0 6.27323662109375
628.0 6.5533798828125
629.0 5.97131982421875
630.0 6.3904201171875
631.0 6.3641890625
632.0 5.37825830078125
633.0 5.84879482421875
634.0 5.9899740234375
635.0 6.444296484375
636.0 9.61390390625
637.0 8.9421390625
638.0 7.888956640625
639.0 7.81775498046875
640.0 6.424542578125
641.0 6.80248203125
642.0 5.284606640625
643.0 6.754974609375
644.0 6.4466630859375
645.0 5.9205357421875
646.0 5.3924306640625
647.0 7.63010888671875
648.0 6.4416787109375
649.0 6.68384541015625
650.0 5.88656376953125
651.0 10.65485947265625
652.0 6.888521484375
653.0 7.43270048828125
654.0 6.8300103515625
655.0 10.97676513671875
656.0 8.5531193359375
657.0 9.6316486328125
658.0 6.4283009765625
659.0 6.39084072265625
660.0 5.804024609375
661.0 11.20590341796875
662.0 11.0656279296875
663.0 6.0747673828125
664.0 6.873195703125
665.0 8.51172880859375
666.0 9.20426357421875
667.0 10.3447634765625
668.0 12.6471353515625
669.0 11.22183154296875
670.0 7.8999421875
671.0 6.750725
672.0 8.41127421875
673.0 11.4340853515625
674.0 9.13417314453125
675.0 7.9760861328125
676.0 11.35786318359375
677.0 12.2088376953125
678.0 8.9793572265625
679.0 9.53806962890625
680.0 12.28030537109375
681.0 9.40497099609375
682.0 10.87350908203125
683.0 10.03268828125
684.0 9.2811138671875
685.0 9.32368486328125
686.0 12.33253447265625
687.0 9.22977861328125
688.0 10.80817861328125
689.0 12.68069775390625
690.0 9.89235771484375
691.0 10.6650765625
692.0 11.65263681640625
693.0 12.465894140625
694.0 10.72759091796875
695.0 12.8093359375
696.0 10.898051171875
697.0 10.36786982421875
698.0 11.22947451171875
699.0 11.216133203125
700.0 9.261052734375
701.0 15.47752568359375
702.0 11.4921236328125
703.0 12.9760626953125
704.0 12.22207275390625
705.0 12.24346904296875
706.0 11.1505185546875
707.0 10.711925
708.0 10.35588466796875
709.0 12.36043095703125
710.0 13.11570546875
711.0 11.79199375
712.0 9.3230044921875
713.0 9.3390470703125
714.0 7.9032181640625
715.0 10.4366458984375
716.0 8.370975
717.0 9.2383068359375
718.0 10.41124013671875
719.0 10.1765076171875
720.0 10.31721474609375
721.0 7.59399189453125
722.0 11.6080505859375
723.0 11.34998515625
724.0 12.0968978515625
725.0 12.75037578125
726.0 10.94981943359375
727.0 10.20118623046875
728.0 10.33801201171875
729.0 12.05595126953125
730.0 12.1671396484375
731.0 11.00122431640625
732.0 11.7200796875
733.0 11.0236939453125
734.0 7.911969140625
735.0 6.77405576171875
736.0 9.0634841796875
737.0 14.171641796875
738.0 8.393866015625
739.0 8.85108095703125
740.0 14.96255732421875
741.0 8.2854009765625
742.0 5.54721533203125
743.0 10.61446357421875
744.0 11.34388115234375
745.0 6.2566076171875
746.0 5.6377931640625
747.0 9.43347646484375
748.0 10.98313662109375
749.0 9.67386845703125
750.0 9.5121869140625
751.0 10.89463984375
752.0 10.83443408203125
753.0 10.039496484375
754.0 6.42996650390625
755.0 10.0777537109375
756.0 11.20191904296875
757.0 10.73535673828125
758.0 9.05000791015625
759.0 10.93997421875
760.0 10.42825615234375
761.0 11.48344091796875
762.0 10.35798115234375
763.0 5.74892578125
764.0 13.9168927734375
765.0 12.66820107421875
766.0 10.93357587890625
767.0 11.02353955078125
768.0 10.7895654296875
769.0 5.2275162109375
770.0 5.98810419921875
771.0 8.86914375
772.0 8.3775587890625
773.0 11.5803544921875
774.0 7.43533349609375
775.0 5.8670158203125
776.0 7.02374990234375
777.0 6.68955263671875
778.0 8.95954091796875
779.0 8.04513271484375
780.0 8.03595791015625
781.0 6.19659765625
782.0 6.03604375
783.0 5.3798173828125
784.0 6.8137880859375
785.0 5.84977265625
786.0 5.34593720703125
787.0 5.7944236328125
788.0 6.960566796875
789.0 8.017230859375
790.0 10.623823046875
791.0 8.92249716796875
792.0 8.2579599609375
793.0 10.60134423828125
794.0 11.87165869140625
795.0 11.748375390625
796.0 12.0456390625
797.0 11.42310185546875
798.0 10.3810943359375
799.0 9.389928125
