0.0 11.3971814453125
1.0 9.505339453125
2.0 10.071613671875
3.0 10.1560515625
4.0 10.3803333984375
5.0 9.3715630859375
6.0 7.65888955078125
7.0 9.44990703125
8.0 10.00170341796875
9.0 7.192290625
10.0 9.43135615234375
11.0 6.96349658203125
12.0 10.3277806640625
13.0 11.39054267578125
14.0 8.8141896484375
15.0 9.25507861328125
16.0 5.5082490234375
17.0 10.57569306640625
18.0 10.6970240234375
19.0 7.5414484375
20.0 9.537921875
21.0 11.26075078125
22.0 10.09259208984375
23.0 10.804776953125
24.0 9.21622099609375
25.0 11.714415234375
26.0 9.59619736328125
27.0 12.27313125
28.0 10.4166009765625
29.0 11.10757373046875
30.0 10.95950595703125
31.0 9.5913080078125
32.0 7.94804140625
33.0 11.660084765625
34.0 10.160030078125
35.0 11.58182685546875
36.0 9.3754783203125
37.0 8.83791640625
38.0 9.50720966796875
39.0 9.3692322265625
40.0 9.30338251953125
41.0 8.92925849609375
42.0 11.30692294921875
43.0 11.4396767578125
44.0 7.5556525390625
45.0 11.31315615234375
46.0 8.23052724609375
47.0 8.41113564453125
48.0 10.18998984375
49.0 9.68303447265625
50.0 6.44778251953125
51.0 6.1378724609375
52.0 5.63717177734375
53.0 10.72056376953125
54.0 10.13155986328125
55.0 8.8139671875
56.0 7.38414267578125
57.0 9.3861853515625
58.0 8.685726171875
59.0 10.24180087890625
60.0 8.01883994140625
61.0 8.019586328125
62.0 5.70403388671875
63.0 9.31780302734375
64.0 9.79943759765625
65.0 9.21726240234375
66.0 8.27702099609375
67.0 0.0
68.0 0.0
69.0 0.649220703125
70.0 29.305821484375
71.0 6.71393662109375
72.0 6.208881640625
73.0 6.580308203125
74.0 6.06385625
75.0 6.5132744140625
76.0 5.69757060546875
77.0 6.8264560546875
78.0 5.14394921875
79.0 6.4066828125
80.0 6.6879697265625
81.0 5.5768244140625
82.0 7.65805673828125
83.0 3.09595703125
84.0 6.66610908203125
85.0 6.44638974609375
86.0 8.2651146484375
87.0 8.88108544921875
88.0 7.40205908203125
89.0 5.55331748046875
90.0 8.406200390625
91.0 6.60129521484375
92.0 5.6352953125
93.0 5.3373876953125
94.0 4.7837759765625
95.0 7.301038671875
96.0 7.64566337890625
97.0 8.6883109375
98.0 6.49966064453125
99.0 7.41233193359375
100.0 7.49608720703125
101.0 5.693362890625
102.0 6.148703515625
103.0 5.80091845703125
104.0 6.2290892578125
105.0 6.60759599609375
106.0 6.3956748046875
107.0 6.06426787109375
108.0 6.596208203125
109.0 3.7877001953125
110.0 5.64376025390625
111.0 7.063318359375
112.0 6.6944828125
113.0 5.5715580078125
114.0 7.7688505859375
115.0 7.4443787109375
116.0 6.27707783203125
117.0 5.3772109375
118.0 4.12040576171875
119.0 6.44431328125
120.0 6.84219482421875
121.0 7.099593359375
122.0 8.31378037109375
123.0 6.872080859375
124.0 7.24180166015625
125.0 8.18777412109375
126.0 5.78226435546875
127.0 7.23510615234375
128.0 7.23634677734375
129.0 4.9631169921875
130.0 5.774109765625
131.0 5.57385478515625
132.0 5.09182470703125
133.0 5.29286904296875
134.0 5.02334287109375
135.0 5.732387890625
136.0 4.187689453125
137.0 5.01039990234375
138.0 6.0049052734375
139.0 4.19516572265625
140.0 6.15660283203125
141.0 4.94369091796875
142.0 6.5790796875
143.0 8.02365224609375
144.0 5.92270859375
145.0 7.592022265625
146.0 6.39900185546875
147.0 6.92473359375
148.0 5.1922796875
149.0 5.84993681640625
150.0 7.21191474609375
151.0 6.30057822265625
152.0 8.15538212890625
153.0 8.59256474609375
154.0 5.4056916015625
155.0 10.21500654296875
156.0 8.07310732421875
157.0 11.18663603515625
158.0 8.47678037109375
159.0 9.041106640625
160.0 8.9529181640625
161.0 11.0020587890625
162.0 11.94994541015625
163.0 12.22919443359375
164.0 10.78088974609375
165.0 9.0223294921875
166.0 9.931679296875
167.0 9.8141203125
168.0 11.591839453125
169.0 6.99808818359375
170.0 11.74702197265625
171.0 12.72670244140625
172.0 11.394459765625
173.0 12.24254453125
174.0 11.021819921875
175.0 10.96328251953125
176.0 11.92765361328125
177.0 10.3665794921875
178.0 10.7867716796875
179.0 10.635883984375
180.0 7.942267578125
181.0 12.54693212890625
182.0 11.58164287109375
183.0 10.990061328125
184.0 9.7817400390625
185.0 9.4073224609375
186.0 8.69477802734375
187.0 11.3446609375
188.0 12.40086552734375
189.0 9.231307421875
190.0 11.43116416015625
191.0 12.81810361328125
192.0 11.99383505859375
193.0 10.49298271484375
194.0 10.591010546875
195.0 5.86686083984375
196.0 13.10648505859375
197.0 11.27438828125
198.0 10.421703515625
199.0 12.8613423828125
200.0 11.38807412109375
201.0 13.39373173828125
202.0 11.20235947265625
203.0 9.35612314453125
204.0 9.680192578125
205.0 13.757096875
206.0 8.63052080078125
207.0 11.28193681640625
208.0 9.40999443359375
209.0 9.9123125
210.0 10.0762625
211.0 11.77783251953125
212.0 11.29971552734375
213.0 11.9286
214.0 12.1103861328125
215.0 12.2719966796875
216.0 10.71428642578125
217.0 9.7690986328125
218.0 11.9519626953125
219.0 10.73344453125
220.0 9.83723818359375
221.0 12.2491923828125
222.0 11.3582880859375
223.0 10.488192578125
224.0 11.5018060546875
225.0 10.29860361328125
226.0 10.416629296875
227.0 9.89626494140625
228.0 11.379453515625
229.0 11.4468265625
230.0 7.6968533203125
231.0 7.0905044921875
232.0 6.77095625
233.0 7.24673671875
234.0 10.7918892578125
235.0 10.54205986328125
236.0 9.7207107421875
237.0 10.0259173828125
238.0 12.36880810546875
239.0 11.018040234375
240.0 10.50184189453125
241.0 7.356178515625
242.0 10.61341044921875
243.0 11.9352599609375
244.0 10.78698837890625
245.0 8.41224423828125
246.0 9.25359150390625
247.0 10.89769541015625
248.0 11.087391015625
249.0 10.21404052734375
250.0 11.67797587890625
251.0 10.5521888671875
252.0 9.02830595703125
253.0 6.5594697265625
254.0 8.67077080078125
255.0 10.579965625
256.0 8.12139541015625
257.0 11.5094783203125
258.0 6.91810888671875
259.0 1.50511875
260.0 7.33076025390625
261.0 10.06630546875
262.0 8.0266287109375
263.0 10.34966728515625
264.0 8.99744599609375
265.0 9.62656142578125
266.0 6.498462109375
267.0 10.0010953125
268.0 10.00895966796875
269.0 6.71331103515625
270.0 8.52319130859375
271.0 9.12952578125
272.0 8.9578603515625
273.0 7.23181083984375
274.0 4.72246181640625
275.0 8.94465341796875
276.0 7.4736455078125
277.0 7.7134013671875
278.0 6.37389111328125
279.0 6.09612392578125
280.0 4.54470087890625
281.0 5.50341982421875
282.0 6.58620361328125
283.0 8.61656513671875
284.0 8.48866494140625
285.0 7.205741796875
286.0 10.1780712890625
287.0 8.4111005859375
288.0 6.9935294921875
289.0 4.6776474609375
290.0 6.90971259765625
291.0 7.4769671875
292.0 5.80385947265625
293.0 7.17919990234375
294.0 6.45092373046875
295.0 7.15278408203125
296.0 7.44975888671875
297.0 7.10034560546875
298.0 9.342621484375
299.0 5.454196484375
300.0 7.18714970703125
301.0 5.40968681640625
302.0 9.70647275390625
303.0 10.4257052734375
304.0 8.126949609375
305.0 8.7370357421875
306.0 6.3452404296875
307.0 9.62066953125
308.0 8.51135029296875
309.0 8.87687958984375
310.0 6.39343671875
311.0 8.777482421875
312.0 7.6780021484375
313.0 7.43301708984375
314.0 8.64185625
315.0 8.18070126953125
316.0 7.2051306640625
317.0 6.30350400390625
318.0 8.74312919921875
319.0 6.12581005859375
320.0 5.53273662109375
321.0 9.61061416015625
322.0 8.59041103515625
323.0 8.5392642578125
324.0 4.47924775390625
325.0 3.28295361328125
326.0 7.0759205078125
327.0 5.34350576171875
328.0 5.87439794921875
329.0 8.58281923828125
330.0 6.67704892578125
331.0 9.0125970703125
332.0 9.24664892578125
333.0 8.7963466796875
334.0 7.738988671875
335.0 6.2021724609375
336.0 7.2298341796875
337.0 8.418784375
338.0 7.3955697265625
339.0 7.5539822265625
340.0 7.4732271484375
341.0 8.17934443359375
342.0 6.81966162109375
343.0 5.87287109375
344.0 6.5731630859375
345.0 8.00959970703125
346.0 8.2086875
347.0 8.15907763671875
348.0 8.71977333984375
349.0 5.56699580078125
350.0 9.75400009765625
351.0 12.10386708984375
352.0 8.15975517578125
353.0 9.039934375
354.0 9.84931181640625
355.0 9.3089310546875
356.0 10.05630361328125
357.0 9.769748046875
358.0 10.373221875
359.0 11.04836044921875
360.0 6.78360478515625
361.0 6.241892578125
362.0 7.15241484375
363.0 11.33628896484375
364.0 10.39469345703125
365.0 6.34997275390625
366.0 11.4316568359375
367.0 10.71488515625
368.0 10.7157828125
369.0 9.3771375
370.0 11.60976513671875
371.0 9.69665087890625
372.0 9.92716640625
373.0 9.69666552734375
374.0 9.6928693359375
375.0 10.284075
376.0 12.64624384765625
377.0 9.0374921875
378.0 9.6027908203125
379.0 8.83680693359375
380.0 8.14578212890625
381.0 7.2773603515625
382.0 11.96280107421875
383.0 12.214295703125
384.0 11.53237099609375
385.0 9.49228310546875
386.0 9.1382125
387.0 10.3324517578125
388.0 11.80138486328125
389.0 6.3606275390625
390.0 13.26843251953125
391.0 10.4365818359375
392.0 9.622125390625
393.0 10.66894775390625
394.0 6.43904951171875
395.0 5.03721396484375
396.0 10.68926025390625
397.0 7.0526326171875
398.0 9.54849677734375
399.0 9.0344271484375
400.0 8.062476953125
401.0 11.31875068359375
402.0 10.88427978515625
403.0 8.403859375
404.0 11.1556521484375
405.0 12.38326357421875
406.0 11.87805302734375
407.0 9.93074970703125
408.0 5.6729140625
409.0 8.97130087890625
410.0 10.80489677734375
411.0 12.52268349609375
412.0 11.82749130859375
413.0 9.41851904296875
414.0 11.74508798828125
415.0 12.2995421875
416.0 12.9506212890625
417.0 10.0532099609375
418.0 7.61738662109375
419.0 11.1778060546875
420.0 9.51083115234375
421.0 10.9792142578125
422.0 13.10017744140625
423.0 9.59844150390625
424.0 11.052656640625
425.0 12.313311328125
426.0 10.18161806640625
427.0 11.38135322265625
428.0 6.84370888671875
429.0 7.40119296875
430.0 3.76086103515625
431.0 6.04290400390625
432.0 4.275156640625
433.0 3.870140625
434.0 4.46226630859375
435.0 10.4421685546875
436.0 10.7268236328125
437.0 9.68039111328125
438.0 10.02163046875
439.0 9.54661279296875
440.0 4.50981689453125
441.0 8.99888583984375
442.0 9.75988076171875
443.0 11.16702392578125
444.0 10.27687119140625
445.0 11.1363703125
446.0 11.38620654296875
447.0 11.7051205078125
448.0 9.51291435546875
449.0 8.96851357421875
450.0 10.04780107421875
451.0 10.942350390625
452.0 11.69860107421875
453.0 9.86961826171875
454.0 8.18655693359375
455.0 8.86548115234375
456.0 9.95149306640625
457.0 9.8566669921875
458.0 9.29166953125
459.0 10.711192578125
460.0 9.4326375
461.0 8.6659546875
462.0 8.77570810546875
463.0 10.63314169921875
464.0 9.09383779296875
465.0 9.6226576171875
466.0 9.1432716796875
467.0 9.395067578125
468.0 9.2686052734375
469.0 9.23202890625
470.0 9.01303076171875
471.0 9.5098732421875
472.0 7.4152294921875
473.0 8.4253828125
474.0 10.1148349609375
475.0 9.28707255859375
476.0 7.75539306640625
477.0 9.004225390625
478.0 7.4939119140625
479.0 8.055422265625
480.0 7.6405515625
481.0 7.86437373046875
482.0 8.315875390625
483.0 6.70249873046875
484.0 9.2029787109375
485.0 10.7893486328125
486.0 8.44186025390625
487.0 7.98905693359375
488.0 6.71086669921875
489.0 6.7441845703125
490.0 7.5925810546875
491.0 6.52588193359375
492.0 6.67430888671875
493.0 7.3612359375
494.0 7.9121537109375
495.0 8.7210884765625
496.0 7.365383203125
497.0 7.6000349609375
498.0 8.34712060546875
499.0 7.79165830078125
500.0 7.69407080078125
501.0 6.86393388671875
502.0 7.32914765625
503.0 7.9283861328125
504.0 7.30145087890625
505.0 7.62362109375
506.0 4.30945751953125
507.0 2.1562966796875
508.0 1.04397451171875
509.0 0.83265869140625
510.0 0.5744373046875
511.0 1.85865400390625
512.0 3.638248828125
513.0 6.64233212890625
514.0 3.8982369140625
515.0 2.58104853515625
516.0 1.732449609375
517.0 5.916877734375
518.0 5.3641697265625
519.0 4.99533828125
520.0 6.524591015625
521.0 5.555648046875
522.0 5.845948828125
523.0 6.58130166015625
524.0 7.21506552734375
525.0 2.98757001953125
526.0 6.196884375
527.0 5.67934677734375
528.0 5.18552001953125
529.0 4.1554978515625
530.0 7.25990361328125
531.0 7.12345537109375
532.0 6.61405302734375
533.0 6.44803095703125
534.0 5.726708203125
535.0 5.15926376953125
536.0 5.46240966796875
537.0 7.0084033203125
538.0 8.49717080078125
539.0 9.2020654296875
540.0 5.86195234375
541.0 9.5550533203125
542.0 10.08856708984375
543.0 8.34704912109375
544.0 11.1114970703125
545.0 8.21984267578125
546.0 7.05613388671875
547.0 12.20218642578125
548.0 10.55945927734375
549.0 11.56069248046875
550.0 11.46068271484375
551.0 8.8521298828125
552.0 8.85677763671875
553.0 7.8369005859375
554.0 9.2073908203125
555.0 7.8536431640625
556.0 11.371014453125
557.0 7.7436423828125
558.0 12.02730888671875
559.0 8.3891439453125
560.0 6.3980634765625
561.0 4.88934765625
562.0 7.5229005859375
563.0 6.0676330078125
564.0 7.67405400390625
565.0 7.34294619140625
566.0 7.91922275390625
567.0 8.09406865234375
568.0 8.15719580078125
569.0 8.28684150390625
570.0 7.69097158203125
571.0 8.4685421875
572.0 6.776573046875
573.0 5.78236005859375
574.0 7.55521513671875
575.0 10.0096556640625
576.0 11.001680078125
577.0 8.57422587890625
578.0 9.6369109375
579.0 10.66155859375
580.0 10.17735810546875
581.0 11.62239072265625
582.0 10.709753125
583.0 7.55500341796875
584.0 10.162666015625
585.0 8.96456748046875
586.0 12.6837525390625
587.0 11.96918896484375
588.0 10.833414453125
589.0 7.72147236328125
590.0 8.18734765625
591.0 10.9799205078125
592.0 10.715355078125
593.0 9.86164775390625
594.0 8.5250466796875
595.0 8.5726328125
596.0 9.92146328125
597.0 10.6859373046875
598.0 11.13856044921875
599.0 7.64321328125
600.0 12.24092255859375
601.0 9.18740107421875
602.0 8.4505001953125
603.0 10.013223046875
604.0 9.28641083984375
605.0 9.26280634765625
606.0 10.378451953125
607.0 9.3281787109375
608.0 10.17198037109375
609.0 7.307388671875
610.0 5.8022580078125
611.0 9.11954541015625
612.0 11.2711001953125
613.0 11.5431607421875
614.0 8.66488583984375
615.0 4.63854833984375
616.0 7.42731171875
617.0 11.9562158203125
618.0 9.31294580078125
619.0 10.34550693359375
620.0 8.8242087890625
621.0 10.1084033203125
622.0 10.7759181640625
623.0 9.65033837890625
624.0 9.2513697265625
625.0 8.5358494140625
626.0 8.06169072265625
627.0 9.85308212890625
628.0 10.5847943359375
629.0 9.64553759765625
630.0 8.62139609375
631.0 7.50430869140625
632.0 5.37239658203125
633.0 7.7079421875
634.0 6.8987505859375
635.0 10.9076728515625
636.0 8.36835048828125
637.0 9.34525390625
638.0 9.18088876953125
639.0 8.44723056640625
640.0 9.54388818359375
641.0 0.0
642.0 0.0
643.0 24.53930283203125
644.0 9.101658984375
645.0 7.6142685546875
646.0 5.92306201171875
647.0 5.23871416015625
648.0 7.416878515625
649.0 10.43034326171875
650.0 10.4562943359375
651.0 9.0099447265625
652.0 4.676116015625
653.0 8.48662451171875
654.0 2.1669197265625
655.0 4.5533029296875
656.0 8.11262744140625
657.0 5.681929296875
658.0 6.06355302734375
659.0 7.19946064453125
660.0 6.54860458984375
661.0 8.16506591796875
662.0 7.2126451171875
663.0 8.4934525390625
664.0 6.99373232421875
665.0 4.39838330078125
666.0 7.43062548828125
667.0 7.493617578125
668.0 5.58161767578125
669.0 6.5811001953125
670.0 5.30521533203125
671.0 3.87922529296875
672.0 7.40639716796875
673.0 8.93906689453125
674.0 6.89231318359375
675.0 8.04434248046875
676.0 7.24400986328125
677.0 7.67046123046875
678.0 7.24606904296875
679.0 6.42762373046875
680.0 8.2627521484375
681.0 9.06306435546875
682.0 8.20970400390625
683.0 8.42433447265625
684.0 4.11209052734375
685.0 5.38941376953125
686.0 6.91645087890625
687.0 6.7588005859375
688.0 6.8999986328125
689.0 10.546084765625
690.0 9.572770703125
691.0 11.79660419921875
692.0 8.20597998046875
693.0 11.08820419921875
694.0 10.5881802734375
695.0 5.195201953125
696.0 10.75252041015625
697.0 7.52460615234375
698.0 10.45367685546875
699.0 8.8442240234375
700.0 6.9274431640625
701.0 10.74264365234375
702.0 7.87745263671875
703.0 6.8718669921875
704.0 7.7630779296875
705.0 7.29782744140625
706.0 5.3601609375
707.0 6.34748916015625
708.0 7.1771404296875
709.0 9.9218423828125
710.0 10.20665703125
711.0 8.2445115234375
712.0 8.20561572265625
713.0 6.37739697265625
714.0 7.83557294921875
715.0 6.07088994140625
716.0 9.6941291015625
717.0 10.1592990234375
718.0 9.8279373046875
719.0 11.3300916015625
720.0 11.664685546875
721.0 10.5698455078125
722.0 9.0509037109375
723.0 8.5454427734375
724.0 9.605951171875
725.0 9.4239931640625
726.0 6.89929287109375
727.0 7.76445654296875
728.0 10.43633486328125
729.0 9.65846279296875
730.0 12.18256806640625
731.0 10.19314912109375
732.0 5.900019140625
733.0 10.28998408203125
734.0 9.3721642578125
735.0 9.26809599609375
736.0 9.961967578125
737.0 8.7153607421875
738.0 7.67064248046875
739.0 9.28888369140625
740.0 10.11809345703125
741.0 9.97584609375
742.0 8.16230712890625
743.0 11.4010224609375
744.0 9.78294384765625
745.0 10.354941015625
746.0 10.317121875
747.0 8.52235224609375
748.0 11.07594697265625
749.0 11.81181064453125
750.0 11.91006904296875
751.0 9.7309044921875
752.0 11.73827080078125
753.0 11.93677607421875
754.0 9.7988625
755.0 9.27491796875
756.0 7.2020666015625
757.0 9.14517890625
758.0 7.85308193359375
759.0 3.38893701171875
760.0 10.26612529296875
761.0 10.47828017578125
762.0 11.3583841796875
763.0 9.78445244140625
764.0 7.52959970703125
765.0 9.358965625
766.0 9.4182001953125
767.0 11.30859453125
768.0 11.395593359375
769.0 12.03461044921875
770.0 9.253594140625
771.0 9.614507421875
772.0 11.58889541015625
773.0 12.38198701171875
774.0 12.25239404296875
775.0 8.06835693359375
776.0 9.8322935546875
777.0 11.92832255859375
778.0 9.8132259765625
779.0 8.006635546875
780.0 12.00552705078125
781.0 9.19945791015625
782.0 10.8714435546875
783.0 8.00007958984375
784.0 7.0422826171875
785.0 6.04827236328125
786.0 5.70444345703125
787.0 6.56700009765625
788.0 8.43052431640625
789.0 12.50632412109375
790.0 11.1399849609375
791.0 7.6466548828125
792.0 9.3327173828125
793.0 8.501064453125
794.0 9.23163330078125
795.0 8.3388345703125
796.0 10.2897421875
797.0 7.84525751953125
798.0 11.04124287109375
799.0 6.35947197265625
