0.0 22.4092283203125
1.0 20.08263564453125
2.0 21.16051279296875
3.0 19.1948376953125
4.0 18.8775908203125
5.0 21.992126171875
6.0 18.58558876953125
7.0 24.19310126953125
8.0 23.329048046875
9.0 19.05903349609375
10.0 18.8878306640625
11.0 15.32308251953125
12.0 14.8151662109375
13.0 17.66060517578125
14.0 17.68167890625
15.0 19.069909765625
16.0 13.66735087890625
17.0 18.41127880859375
18.0 15.43588271484375
19.0 17.42189970703125
20.0 16.8641591796875
21.0 18.3100677734375
22.0 20.74433857421875
23.0 18.47639931640625
24.0 20.406640234375
25.0 19.9492724609375
26.0 23.0573849609375
27.0 25.3416658203125
28.0 22.365842578125
29.0 25.96162451171875
30.0 21.61420078125
31.0 25.84204853515625
32.0 20.7403501953125
33.0 19.16952548828125
34.0 20.018358203125
35.0 16.66123935546875
36.0 22.93408037109375
37.0 21.02761103515625
38.0 21.21832568359375
39.0 24.49784150390625
40.0 25.87014384765625
41.0 17.74705283203125
42.0 23.2752958984375
43.0 20.771508984375
44.0 24.3778267578125
45.0 26.01163193359375
46.0 22.09074189453125
47.0 18.58762451171875
48.0 18.25113720703125
49.0 23.03697275390625
50.0 20.9090330078125
51.0 18.87689169921875
52.0 22.80936552734375
53.0 20.40549111328125
54.0 20.28082158203125
55.0 18.75000830078125
56.0 15.77060693359375
57.0 14.96622666015625
58.0 14.43467978515625
59.0 20.92356865234375
60.0 14.722756640625
61.0 13.86318466796875
62.0 20.32785234375
63.0 20.054541015625
64.0 21.52073046875
65.0 18.28010986328125
66.0 17.3674291015625
67.0 17.364259375
68.0 17.135187109375
69.0 14.2008765625
70.0 17.8071021484375
71.0 20.88505615234375
72.0 20.45481572265625
73.0 22.654000390625
74.0 22.52338408203125
75.0 25.86658125
76.0 23.8172744140625
77.0 23.25937216796875
78.0 19.52343291015625
79.0 24.6920001953125
80.0 22.480651953125
81.0 20.08427392578125
82.0 22.20824921875
83.0 24.965565234375
84.0 18.99828759765625
85.0 21.43500126953125
86.0 20.2898609375
87.0 21.49892568359375
88.0 19.92624150390625
89.0 19.55291015625
90.0 18.5972751953125
91.0 20.49704501953125
92.0 22.66773955078125
93.0 25.41723662109375
94.0 23.2192376953125
95.0 25.7343140625
96.0 22.30884072265625
97.0 21.085499609375
98.0 25.0684224609375
99.0 21.30515791015625
100.0 21.98820322265625
101.0 23.34976259765625
102.0 20.52514765625
103.0 16.72549208984375
104.0 16.8283169921875
105.0 16.80004091796875
106.0 19.75801552734375
107.0 19.9794947265625
108.0 23.1208994140625
109.0 19.03977802734375
110.0 24.41932158203125
111.0 19.57445283203125
112.0 19.83255478515625
113.0 15.65444375
114.0 21.3803353515625
115.0 20.20667275390625
116.0 17.92411689453125
117.0 20.36573125
118.0 18.477037890625
119.0 21.6474787109375
120.0 21.31000625
121.0 18.98657529296875
122.0 20.8480458984375
123.0 15.47737548828125
124.0 18.508499609375
125.0 16.72139453125
126.0 15.61376171875
127.0 21.14070146484375
128.0 23.572991796875
129.0 21.5183203125
130.0 24.1562642578125
131.0 22.31231669921875
132.0 22.56162412109375
133.0 20.256813671875
134.0 21.92211884765625
135.0 22.5408880859375
136.0 24.7717638671875
137.0 21.504823828125
138.0 24.0959833984375
139.0 20.475415234375
140.0 22.3427634765625
141.0 20.81451630859375
142.0 24.19537041015625
143.0 20.44540576171875
144.0 20.1901240234375
145.0 18.45224091796875
146.0 19.0256041015625
147.0 23.2034185546875
148.0 17.52463359375
149.0 27.117092578125
150.0 17.3322095703125
151.0 5.23699052734375
152.0 0.06706572265625
153.0 24.37242236328125
154.0 18.73433876953125
155.0 18.4558193359375
156.0 24.5117958984375
157.0 21.58027685546875
158.0 22.42271875
159.0 18.9864619140625
160.0 20.65418408203125
161.0 13.5511544921875
162.0 19.13062978515625
163.0 11.35378408203125
164.0 10.34451943359375
165.0 12.78612451171875
166.0 13.56657666015625
167.0 14.6024810546875
168.0 12.31827197265625
169.0 10.6598125
170.0 7.34310830078125
171.0 17.3426880859375
172.0 8.95885615234375
173.0 12.89108271484375
174.0 16.7289875
175.0 10.9909138671875
176.0 11.7966685546875
177.0 15.79715185546875
178.0 21.225277734375
179.0 24.1530693359375
180.0 20.336826171875
181.0 24.0492794921875
182.0 22.34769228515625
183.0 21.4504431640625
184.0 19.75057109375
185.0 22.44459658203125
186.0 19.44097060546875
187.0 20.64854755859375
188.0 20.135196875
189.0 21.718363671875
190.0 23.62001845703125
191.0 20.66891513671875
192.0 22.39527666015625
193.0 24.72972373046875
194.0 21.55585322265625
195.0 23.81027001953125
196.0 21.77083642578125
197.0 21.9943591796875
198.0 22.1570228515625
199.0 25.85173330078125
200.0 21.37489775390625
201.0 24.516835546875
202.0 24.74376455078125
203.0 21.4740337890625
204.0 23.9729318359375
205.0 25.23304580078125
206.0 22.281792578125
207.0 24.36572802734375
208.0 22.72280888671875
209.0 25.65023388671875
210.0 23.293680078125
211.0 21.52906513671875
212.0 23.7557341796875
213.0 19.3128818359375
214.0 23.60971865234375
215.0 16.9899076171875
216.0 23.7430048828125
217.0 22.73164326171875
218.0 20.724023046875
219.0 32.11046044921875
220.0 37.100784375
221.0 26.3225859375
222.0 24.02723212890625
223.0 23.5660421875
224.0 24.69126279296875
225.0 21.8457033203125
226.0 25.41176064453125
227.0 21.99112451171875
228.0 22.2071109375
229.0 21.2208396484375
230.0 23.0292046875
231.0 26.39177802734375
232.0 20.27600068359375
233.0 17.06154853515625
234.0 20.07294521484375
235.0 23.5846876953125
236.0 23.789223828125
237.0 19.3105646484375
238.0 21.61283720703125
239.0 20.75541484375
240.0 15.28057470703125
241.0 22.70353818359375
242.0 23.69498125
243.0 20.75942353515625
244.0 22.053802734375
245.0 19.72383798828125
246.0 17.5786796875
247.0 17.59323193359375
248.0 18.3958318359375
249.0 17.61788798828125
250.0 20.66161572265625
251.0 19.6243853515625
252.0 19.07628603515625
253.0 14.90503134765625
254.0 21.65389619140625
255.0 24.0161158203125
256.0 19.5194814453125
257.0 20.731603125
258.0 20.42217158203125
259.0 23.11863662109375
260.0 25.05474912109375
261.0 21.13410966796875
262.0 24.4327013671875
263.0 21.07917763671875
264.0 22.71576611328125
265.0 23.3338515625
266.0 20.54389609375
267.0 23.15741337890625
268.0 22.0466521484375
269.0 21.89862255859375
270.0 22.3809458984375
271.0 26.99943310546875
272.0 25.1078853515625
273.0 22.27847109375
274.0 20.645848046875
275.0 23.18487265625
276.0 27.1825140625
277.0 23.26984072265625
278.0 23.8429546875
279.0 20.75759892578125
280.0 21.375219140625
281.0 20.00700087890625
282.0 14.0708623046875
283.0 12.00612265625
284.0 10.89484423828125
285.0 14.51544736328125
286.0 17.68481064453125
287.0 18.63045634765625
288.0 16.552538671875
289.0 19.21603671875
290.0 23.012022265625
291.0 24.12920966796875
292.0 23.155917578125
293.0 20.78328955078125
294.0 21.334619921875
295.0 17.02675869140625
296.0 18.984384765625
297.0 19.97410625
298.0 22.98565458984375
299.0 17.4448974609375
300.0 17.09240947265625
301.0 22.47115986328125
302.0 26.37369130859375
303.0 24.33359443359375
304.0 24.20792802734375
305.0 23.14476123046875
306.0 22.65197705078125
307.0 24.75782841796875
308.0 22.3182009765625
309.0 24.08508125
310.0 18.5611109375
311.0 26.37539287109375
312.0 21.51019716796875
313.0 24.713272265625
314.0 24.5651609375
315.0 23.320010546875
316.0 22.202763671875
317.0 21.80039892578125
318.0 21.0064716796875
319.0 19.755612890625
320.0 21.94327294921875
321.0 23.35292431640625
322.0 19.066286328125
323.0 22.1382970703125
324.0 15.6323259765625
325.0 22.57170107421875
326.0 19.4731673828125
327.0 22.35751640625
328.0 13.392221875
329.0 19.25054697265625
330.0 25.18632734375
331.0 22.4237041015625
332.0 20.15507060546875
333.0 18.10336181640625
334.0 28.55015595703125
335.0 23.43948212890625
336.0 19.1146869140625
337.0 23.4017078125
338.0 22.86871943359375
339.0 25.1296953125
340.0 22.09972470703125
341.0 26.35636513671875
342.0 25.1120421875
343.0 21.85959677734375
344.0 24.14774658203125
345.0 21.4727068359375
346.0 24.74139599609375
347.0 22.48685478515625
348.0 19.97627158203125
349.0 28.4349486328125
350.0 22.2439447265625
351.0 19.32882861328125
352.0 29.11331845703125
353.0 19.38260947265625
354.0 23.1994017578125
355.0 21.01781767578125
356.0 21.4349427734375
357.0 14.0274646484375
358.0 30.79022021484375
359.0 21.64410146484375
360.0 25.06259541015625
361.0 25.84247353515625
362.0 19.80037841796875
363.0 10.51392294921875
364.0 18.88589306640625
365.0 22.4867572265625
366.0 22.8184712890625
367.0 19.7101919921875
368.0 21.58083828125
369.0 21.82289580078125
370.0 19.93287138671875
371.0 22.54290888671875
372.0 16.2314978515625
373.0 17.94353359375
374.0 20.71954541015625
375.0 19.107494921875
376.0 23.16212421875
377.0 20.12664091796875
378.0 18.470408984375
379.0 21.060537890625
380.0 17.88977587890625
381.0 16.436715234375
382.0 22.1845125
383.0 19.74362451171875
384.0 21.7287193359375
385.0 21.01524189453125
386.0 23.12785361328125
387.0 19.93460009765625
388.0 23.885060546875
389.0 19.721562109375
390.0 21.9707646484375
391.0 24.34753125
392.0 21.8410234375
393.0 22.62096162109375
394.0 20.77244150390625
395.0 21.13459375
396.0 22.3644236328125
397.0 19.26028408203125
398.0 15.6858529296875
399.0 21.98458134765625
400.0 21.25361318359375
401.0 23.830678125
402.0 22.30103837890625
403.0 24.0013830078125
404.0 22.74228125
405.0 22.240723046875
406.0 21.70757666015625
407.0 20.7653583984375
408.0 18.28859609375
409.0 23.10440810546875
410.0 15.87149267578125
411.0 21.24272939453125
412.0 19.9295150390625
413.0 21.28445537109375
414.0 18.3077681640625
415.0 18.90084931640625
416.0 23.1249205078125
417.0 21.46493935546875
418.0 21.33447099609375
419.0 23.57272783203125
420.0 25.31338271484375
421.0 19.04632900390625
422.0 21.16148876953125
423.0 22.9975814453125
424.0 17.6064830078125
425.0 23.98233193359375
426.0 21.57246357421875
427.0 19.39175126953125
428.0 18.54445439453125
429.0 18.106578515625
430.0 17.59087802734375
431.0 21.7295919921875
432.0 22.01079580078125
433.0 20.2841900390625
434.0 18.916113671875
435.0 16.9783248046875
436.0 26.6867294921875
437.0 22.3272681640625
438.0 21.8210216796875
439.0 24.54256884765625
440.0 22.4422556640625
441.0 26.31807841796875
442.0 21.93534736328125
443.0 21.06019677734375
444.0 21.2154353515625
445.0 23.21409892578125
446.0 21.70682744140625
447.0 19.479865234375
448.0 22.24928876953125
449.0 19.03037978515625
450.0 21.51204296875
451.0 15.05195244140625
452.0 26.19464677734375
453.0 23.24980927734375
454.0 24.218175
455.0 19.79904599609375
456.0 22.19793466796875
457.0 23.93071728515625
458.0 18.708769921875
459.0 26.4207744140625
460.0 22.776040234375
461.0 18.5825748046875
462.0 22.24482685546875
463.0 19.758713671875
464.0 20.63892626953125
465.0 21.17024912109375
466.0 19.391958203125
467.0 17.25644931640625
468.0 16.14545615234375
469.0 25.30581962890625
470.0 21.1392796875
471.0 24.60413564453125
472.0 15.39141845703125
473.0 25.28741171875
474.0 22.14748310546875
475.0 21.9876255859375
476.0 21.2894837890625
477.0 20.6726087890625
478.0 21.77274111328125
479.0 15.94955869140625
480.0 22.06097861328125
481.0 20.66157451171875
482.0 22.80577939453125
483.0 18.0351197265625
484.0 20.60175537109375
485.0 16.98602158203125
486.0 24.5141978515625
487.0 22.98126142578125
488.0 21.57377861328125
489.0 17.7046392578125
490.0 19.76610009765625
491.0 18.8958693359375
492.0 20.4989630859375
493.0 24.0901724609375
494.0 24.446902734375
495.0 23.36234375
496.0 25.60054072265625
497.0 22.9558556640625
498.0 23.0269142578125
499.0 19.43107822265625
500.0 24.71453349609375
501.0 24.412088671875
502.0 22.9069892578125
503.0 24.89282587890625
504.0 22.93048046875
505.0 25.34193056640625
506.0 16.78580859375
507.0 21.1450146484375
508.0 23.7855708984375
509.0 20.197640625
510.0 22.89390517578125
511.0 19.95197890625
512.0 18.10231689453125
513.0 15.92663701171875
514.0 16.98631044921875
515.0 15.02396337890625
516.0 21.55936669921875
517.0 17.54525888671875
518.0 20.65991240234375
519.0 22.94980771484375
520.0 21.11827373046875
521.0 24.56809306640625
522.0 20.39840703125
523.0 22.09896953125
524.0 18.78534638671875
525.0 17.78089462890625
526.0 19.490803515625
527.0 19.00480888671875
528.0 20.7329056640625
529.0 20.0526123046875
530.0 18.86636484375
531.0 19.4173521484375
532.0 20.35588916015625
533.0 23.9893267578125
534.0 23.19648017578125
535.0 21.642415234375
536.0 22.82336298828125
537.0 22.0550537109375
538.0 25.8560703125
539.0 23.35032109375
540.0 17.884052734375
541.0 23.15930908203125
542.0 23.3410111328125
543.0 25.5496828125
544.0 22.61249306640625
545.0 23.634284765625
546.0 24.57731796875
547.0 19.99892578125
548.0 22.41684443359375
549.0 18.2000443359375
550.0 24.09397138671875
551.0 22.59341962890625
552.0 25.7569837890625
553.0 21.09319560546875
554.0 16.76424716796875
555.0 23.73935615234375
556.0 21.95449951171875
557.0 20.25541806640625
558.0 17.2205857421875
559.0 21.90705634765625
560.0 20.50919384765625
561.0 18.671742578125
562.0 20.23320205078125
563.0 17.046377734375
564.0 19.80117421875
565.0 17.54060263671875
566.0 20.0838083984375
567.0 17.91521328125
568.0 20.02520205078125
569.0 19.4838287109375
570.0 24.61980078125
571.0 21.80825693359375
572.0 17.8654552734375
573.0 21.2245814453125
574.0 19.679679296875
575.0 17.0611431640625
576.0 17.60234208984375
577.0 20.87545244140625
578.0 22.2603076171875
579.0 20.27923876953125
580.0 18.6269728515625
581.0 21.179551171875
582.0 18.3943298828125
583.0 21.0166765625
584.0 19.78652041015625
585.0 19.05333486328125
586.0 21.0707212890625
587.0 18.37187490234375
588.0 16.9141779296875
589.0 18.8562970703125
590.0 19.17428076171875
591.0 20.5709001953125
592.0 20.520945703125
593.0 17.150253515625
594.0 18.9288810546875
595.0 13.8773529296875
596.0 21.11539013671875
597.0 19.9037890625
598.0 22.76095498046875
599.0 23.8569076171875
600.0 23.2336740234375
601.0 22.19056279296875
602.0 22.77507685546875
603.0 21.57686357421875
604.0 22.9111556640625
605.0 16.7508935546875
606.0 29.93709853515625
607.0 20.48505361328125
608.0 15.269635546875
609.0 29.0032888671875
610.0 21.36198779296875
611.0 21.77679521484375
612.0 18.1997478515625
613.0 28.2287642578125
614.0 20.17290185546875
615.0 17.26677548828125
616.0 15.47617314453125
617.0 21.77643564453125
618.0 21.94259443359375
619.0 23.43756259765625
620.0 25.97961083984375
621.0 21.62406865234375
622.0 23.521145703125
623.0 22.33230009765625
624.0 20.67465859375
625.0 17.07940634765625
626.0 21.063791796875
627.0 25.0349220703125
628.0 22.7133265625
629.0 24.18121640625
630.0 23.0520017578125
631.0 25.818499609375
632.0 22.04970810546875
633.0 23.4040376953125
634.0 22.23499296875
635.0 19.168702734375
636.0 23.84516328125
637.0 19.79486044921875
638.0 24.20351650390625
639.0 20.00090869140625
640.0 21.584597265625
641.0 22.21862841796875
642.0 19.11730087890625
643.0 19.50004072265625
644.0 23.1614009765625
645.0 23.53503193359375
646.0 20.36900146484375
647.0 21.37627509765625
648.0 19.011930859375
649.0 17.19560205078125
650.0 20.96875869140625
651.0 20.448354296875
652.0 19.814401953125
653.0 17.23565400390625
654.0 20.72912412109375
655.0 21.765780078125
656.0 22.02542763671875
657.0 21.17767607421875
658.0 23.6286771484375
659.0 18.750585546875
660.0 21.8644560546875
661.0 18.19789443359375
662.0 14.665519140625
663.0 23.89644697265625
664.0 21.94510263671875
665.0 24.083403125
666.0 20.9603267578125
667.0 22.1024560546875
668.0 17.792752734375
669.0 20.79073349609375
670.0 19.98544541015625
671.0 20.6252220703125
672.0 23.7181482421875
673.0 20.905117578125
674.0 22.19794521484375
675.0 17.7436751953125
676.0 26.78524580078125
677.0 22.09170947265625
678.0 23.755790234375
679.0 22.13571689453125
680.0 24.49196455078125
681.0 22.29759755859375
682.0 23.59159052734375
683.0 23.82234287109375
684.0 21.32408291015625
685.0 21.5102923828125
686.0 22.4908046875
687.0 21.7675880859375
688.0 24.11956708984375
689.0 21.68971875
690.0 24.23906494140625
691.0 25.839498828125
692.0 21.91797119140625
693.0 24.761349609375
694.0 22.32307822265625
695.0 23.5473779296875
696.0 18.28917001953125
697.0 27.165666796875
698.0 21.34926298828125
699.0 23.3209875
700.0 20.47165810546875
701.0 22.96131865234375
702.0 20.7135380859375
703.0 22.16468232421875
704.0 22.7445296875
705.0 24.206631640625
706.0 22.11173232421875
707.0 23.82613896484375
708.0 23.33019619140625
709.0 21.45328916015625
710.0 24.24293994140625
711.0 22.1216892578125
712.0 24.20653388671875
713.0 21.03167822265625
714.0 24.02207744140625
715.0 24.05213818359375
716.0 20.065594921875
717.0 23.70869267578125
718.0 18.85143525390625
719.0 19.93867236328125
720.0 22.20420078125
721.0 23.701330859375
722.0 19.9777783203125
723.0 21.75183076171875
724.0 18.36107333984375
725.0 19.91875283203125
726.0 21.28099375
727.0 14.59165869140625
728.0 24.8535431640625
729.0 26.3397564453125
730.0 23.7278384765625
731.0 20.7106091796875
732.0 21.52125712890625
733.0 19.5803498046875
734.0 22.15038154296875
735.0 21.0295462890625
736.0 23.487101171875
737.0 23.41397890625
738.0 18.22882783203125
739.0 26.69692783203125
740.0 18.79658701171875
741.0 22.3252412109375
742.0 20.94352197265625
743.0 21.52780361328125
744.0 23.18151162109375
745.0 20.82468125
746.0 22.44085380859375
747.0 21.48046728515625
748.0 16.56405517578125
749.0 14.7972037109375
750.0 18.75220400390625
751.0 23.14527421875
752.0 22.91983515625
753.0 24.00393916015625
754.0 24.019842578125
755.0 21.2371583984375
756.0 23.056180859375
757.0 20.3280263671875
758.0 23.76339873046875
759.0 20.5275240234375
760.0 24.0313484375
761.0 22.11239296875
762.0 22.7245654296875
763.0 22.0921634765625
764.0 23.10909775390625
765.0 21.2416310546875
766.0 22.35010927734375
767.0 23.273146875
768.0 18.78164111328125
769.0 18.53556474609375
770.0 19.72583203125
771.0 17.929398046875
772.0 18.36351162109375
773.0 19.60552880859375
774.0 19.42946103515625
775.0 18.4705818359375
776.0 18.1035603515625
777.0 13.78233896484375
778.0 20.49904345703125
779.0 18.1898908203125
780.0 19.621101171875
781.0 17.41732548828125
782.0 23.13770693359375
783.0 23.12669169921875
784.0 18.81902431640625
785.0 21.469028125
786.0 17.7089634765625
787.0 20.423324609375
788.0 31.5143591796875
789.0 19.42272783203125
790.0 21.12163974609375
791.0 22.999868359375
792.0 20.04083681640625
793.0 22.0507837890625
794.0 21.9243931640625
795.0 23.4401205078125
796.0 23.63988369140625
797.0 21.42074658203125
798.0 19.7355919921875
799.0 16.083063671875
