0.0 0.0
1.0 0.0
2.0 0.0
3.0 0.0
4.0 0.0
5.0 0.0
6.0 0.0
7.0 0.0
8.0 0.0
9.0 0.0
10.0 0.0
11.0 0.0
12.0 0.0
13.0 0.0
14.0 0.2293701171875
15.0 0.384849609375
16.0 0.8427208984375
17.0 0.47816669921875
18.0 1.15954951171875
19.0 1.278771484375
20.0 0.6250763671875
21.0 0.707893359375
22.0 0.77993115234375
23.0 0.569480078125
24.0 0.34774755859375
25.0 0.41619111328125
26.0 0.634178125
27.0 1.29515986328125
28.0 2.55511279296875
29.0 0.79399560546875
30.0 1.6446517578125
31.0 1.479067578125
32.0 0.41741455078125
33.0 0.15618125
34.0 0.4373779296875
35.0 0.2813720703125
36.0 0.4254572265625
37.0 0.52625810546875
38.0 0.61530693359375
39.0 0.95425947265625
40.0 3.3675130859375
41.0 4.249669921875
42.0 2.062432421875
43.0 0.698616015625
44.0 0.73993681640625
45.0 2.038101953125
46.0 5.21482822265625
47.0 1.53840576171875
48.0 4.87960185546875
49.0 1.9734712890625
50.0 0.03099052734375
51.0 0.49840908203125
52.0 5.43858984375
53.0 0.52229833984375
54.0 11.34280361328125
55.0 1.0999224609375
56.0 1.821823046875
57.0 0.0208359375
58.0 0.0
59.0 0.0
60.0 0.0421494140625
61.0 0.00985244140625
62.0 12.5682611328125
63.0 6.88442119140625
64.0 2.34327216796875
65.0 0.0
66.0 0.0
67.0 0.04149619140625
68.0 0.04167177734375
69.0 0.0414962890625
70.0 0.06233212890625
71.0 0.01033017578125
72.0 0.0208359375
73.0 0.031166015625
74.0 0.0
75.0 0.0
76.0 0.0
77.0 0.0
78.0 0.0
79.0 0.0
80.0 0.0
81.0 0.0
82.0 0.0
83.0 0.0
84.0 0.0
85.0 0.0
86.0 0.0
87.0 0.0
88.0 0.0
89.0 0.0
90.0 0.0
91.0 0.0
92.0 0.0
93.0 0.0
94.0 0.0
95.0 0.0
96.0 0.0
97.0 0.0
98.0 0.0
99.0 6.274698828125
100.0 3.18170517578125
101.0 15.44460849609375
102.0 15.84522744140625
103.0 16.34286845703125
104.0 16.6235951171875
105.0 17.86596298828125
106.0 9.51118642578125
107.0 8.53235029296875
108.0 15.5494529296875
109.0 12.02614697265625
110.0 4.67801318359375
111.0 1.0522994140625
112.0 2.49802392578125
113.0 11.59037080078125
114.0 13.14360634765625
115.0 10.382666015625
116.0 0.65739677734375
117.0 4.81772646484375
118.0 4.21939716796875
119.0 7.53356328125
120.0 19.61238359375
121.0 14.9472955078125
122.0 8.60514609375
123.0 10.21486669921875
124.0 13.78265078125
125.0 5.7548642578125
126.0 15.1354349609375
127.0 6.3727478515625
128.0 7.989048828125
129.0 13.07669599609375
130.0 4.41571044921875
131.0 7.1644669921875
132.0 8.48698427734375
133.0 1.814253125
134.0 8.0827857421875
135.0 7.11054462890625
136.0 20.607558203125
137.0 11.17257333984375
138.0 17.9341595703125
139.0 19.36382861328125
140.0 15.4347455078125
141.0 23.8276326171875
142.0 12.11717548828125
143.0 19.71139345703125
144.0 11.87098046875
145.0 25.66964716796875
146.0 24.9414619140625
147.0 29.6635095703125
148.0 29.69784765625
149.0 22.8873677734375
150.0 39.60091806640625
151.0 32.9736048828125
152.0 18.655177734375
153.0 9.14487861328125
154.0 3.971526953125
155.0 13.3298736328125
156.0 11.3271236328125
157.0 27.07908798828125
158.0 7.834555859375
159.0 13.073
160.0 27.25636123046875
161.0 22.4127296875
162.0 4.08023505859375
163.0 17.10499970703125
164.0 23.4897337890625
165.0 18.26104931640625
166.0 4.22452275390625
167.0 3.781758203125
168.0 1.98323955078125
169.0 9.9452705078125
170.0 5.89851904296875
171.0 22.03679326171875
172.0 24.42844921875
173.0 18.73286171875
174.0 14.39695068359375
175.0 7.7713810546875
176.0 7.60140078125
177.0 22.60386005859375
178.0 6.19863828125
179.0 8.57500966796875
180.0 10.52668251953125
181.0 23.515850390625
182.0 1.037153515625
183.0 3.70614248046875
184.0 3.571955078125
185.0 0.54518251953125
186.0 0.743965234375
187.0 4.64128525390625
188.0 2.127098046875
189.0 0.84411630859375
190.0 1.07196513671875
191.0 0.33454443359375
192.0 0.1455001953125
193.0 1.76274443359375
194.0 0.6901212890625
195.0 4.99657822265625
196.0 12.34531787109375
197.0 20.481867578125
198.0 13.2652009765625
199.0 9.98204755859375
200.0 11.406355078125
201.0 5.06801220703125
202.0 19.61317841796875
203.0 18.39701337890625
204.0 1.69342158203125
205.0 6.2837142578125
206.0 6.1700427734375
207.0 11.5224900390625
208.0 5.1290421875
209.0 4.358814453125
210.0 7.61900263671875
211.0 25.81162568359375
212.0 22.17681865234375
213.0 24.1665896484375
214.0 10.41887509765625
215.0 2.9030353515625
216.0 23.55835732421875
217.0 21.3042220703125
218.0 27.9416474609375
219.0 25.025310546875
220.0 15.35166162109375
221.0 3.5516298828125
222.0 9.46185361328125
223.0 24.9104265625
224.0 34.10726279296875
225.0 24.84657041015625
226.0 15.68692470703125
227.0 9.78545927734375
228.0 3.14241796875
229.0 0.5718458984375
230.0 2.73999013671875
231.0 5.34962734375
232.0 11.76176787109375
233.0 5.6110626953125
234.0 1.62296474609375
235.0 11.80046953125
236.0 12.25803994140625
237.0 15.6036884765625
238.0 13.09943046875
239.0 14.3800115234375
240.0 17.12717177734375
241.0 18.84994072265625
242.0 16.0951640625
243.0 19.53560380859375
244.0 13.7545017578125
245.0 0.0
246.0 0.0
247.0 26.4368494140625
248.0 12.73496904296875
249.0 13.32152412109375
250.0 8.65934931640625
251.0 5.5807283203125
252.0 5.35573369140625
253.0 2.035300390625
254.0 9.4283439453125
255.0 5.4409984375
256.0 9.2047125
257.0 0.986659765625
258.0 3.47047939453125
259.0 0.62385810546875
260.0 0.37539677734375
261.0 0.05200205078125
262.0 0.21059677734375
263.0 0.08075458984375
264.0 0.0416716796875
265.0 0.10417939453125
266.0 0.56071171875
267.0 0.0
268.0 0.0
269.0 0.824333203125
270.0 0.26036064453125
271.0 0.11468505859375
272.0 0.18769833984375
273.0 1.14039423828125
274.0 0.27328671875
275.0 0.6240234375
276.0 3.54679169921875
277.0 3.05832744140625
278.0 4.06631416015625
279.0 2.6862552734375
280.0 8.488815625
281.0 0.82532548828125
282.0 16.82940703125
283.0 11.97146474609375
284.0 10.1363763671875
285.0 14.03886494140625
286.0 11.84565478515625
287.0 5.72821982421875
288.0 8.266414453125
289.0 11.58359326171875
290.0 1.2110322265625
291.0 1.20179267578125
292.0 3.0183404296875
293.0 1.10588125
294.0 5.65756181640625
295.0 1.61582353515625
296.0 17.15741142578125
297.0 12.469182421875
298.0 11.8710138671875
299.0 7.7592064453125
300.0 18.36110322265625
301.0 11.55752705078125
302.0 15.96488974609375
303.0 12.292417578125
304.0 16.42248916015625
305.0 11.84978564453125
306.0 11.7728630859375
307.0 13.0315951171875
308.0 7.19455244140625
309.0 7.83465439453125
310.0 12.4737513671875
311.0 16.77707236328125
312.0 22.8916208984375
313.0 11.7554091796875
314.0 12.65572451171875
315.0 20.3789369140625
316.0 11.78444755859375
317.0 16.21012919921875
318.0 5.7216748046875
319.0 41.15638310546875
320.0 16.72103349609375
321.0 17.2618982421875
322.0 12.34535185546875
323.0 11.41130078125
324.0 9.42428564453125
325.0 11.8824392578125
326.0 12.14971123046875
327.0 4.66817021484375
328.0 13.5251984375
329.0 13.62202685546875
330.0 16.19370810546875
331.0 17.212476171875
332.0 20.23333662109375
333.0 18.1397828125
334.0 26.58619267578125
335.0 10.919671875
336.0 15.951286328125
337.0 8.71343876953125
338.0 2.21649296875
339.0 0.51306572265625
340.0 4.21534267578125
341.0 21.25554755859375
342.0 24.06509736328125
343.0 20.3696212890625
344.0 28.33879873046875
345.0 28.06466396484375
346.0 27.99978720703125
347.0 10.35617041015625
348.0 1.34922236328125
349.0 3.8941521484375
350.0 3.7060029296875
351.0 13.00316640625
352.0 18.26848828125
353.0 17.08017041015625
354.0 18.66983916015625
355.0 20.5026640625
356.0 25.60443681640625
357.0 15.61867021484375
358.0 15.330964453125
359.0 9.37022392578125
360.0 11.85294814453125
361.0 13.37203212890625
362.0 10.8090703125
363.0 8.4980494140625
364.0 6.425810546875
365.0 9.96204580078125
366.0 7.7937294921875
367.0 8.24092822265625
368.0 12.56562265625
369.0 9.45127470703125
370.0 8.6982748046875
371.0 6.62441875
372.0 1.2527021484375
373.0 1.78228583984375
374.0 1.38755908203125
375.0 0.81439150390625
376.0 0.10410244140625
377.0 0.21868896484375
378.0 0.227298046875
379.0 0.156101171875
380.0 0.1061560546875
381.0 0.75402197265625
382.0 3.07169248046875
383.0 3.6629353515625
384.0 3.8064064453125
385.0 4.6245375
386.0 2.6145810546875
387.0 5.4287921875
388.0 4.27533330078125
389.0 2.69063828125
390.0 3.40509921875
391.0 14.45448330078125
392.0 7.115871484375
393.0 4.31533515625
394.0 10.13164326171875
395.0 3.20654384765625
396.0 3.637951953125
397.0 2.7735529296875
398.0 0.11562529296875
399.0 0.0
400.0 0.0
401.0 0.0
402.0 0.0
403.0 0.0
404.0 0.0
405.0 0.0
406.0 0.0
407.0 0.0
408.0 0.0
409.0 0.0
410.0 0.0
411.0 0.0
412.0 0.0
413.0 0.0
414.0 0.0
415.0 0.0
416.0 0.0
417.0 0.0
418.0 0.0
419.0 0.0
420.0 0.0
421.0 0.0
422.0 0.0
423.0 0.0
424.0 0.0
425.0 0.0
426.0 0.0
427.0 0.0
428.0 0.0
429.0 0.0
430.0 0.0
431.0 0.0
432.0 0.0
433.0 0.0
434.0 0.0
435.0 0.0
436.0 0.0
437.0 0.0
438.0 0.0
439.0 0.07283779296875
440.0 1.1365203125
441.0 0.50450771484375
442.0 3.4482984375
443.0 1.81435302734375
444.0 1.38706884765625
445.0 0.52107236328125
446.0 0.46871953125
447.0 0.80803466796875
448.0 1.08014921875
449.0 3.87390185546875
450.0 6.06213828125
451.0 5.00304521484375
452.0 0.51234580078125
453.0 7.8406611328125
454.0 7.9899388671875
455.0 5.10298515625
456.0 7.3680931640625
457.0 4.981905859375
458.0 2.11637158203125
459.0 2.6397970703125
460.0 6.813794140625
461.0 3.4166634765625
462.0 8.0613666015625
463.0 4.88888154296875
464.0 7.1399453125
465.0 3.579782421875
466.0 6.2208017578125
467.0 1.50018310546875
468.0 5.6570283203125
469.0 5.0991974609375
470.0 6.53123095703125
471.0 3.79856494140625
472.0 0.90144345703125
473.0 6.49327099609375
474.0 6.02106474609375
475.0 8.953720703125
476.0 3.9971453125
477.0 1.7937857421875
478.0 1.83015732421875
479.0 2.8300828125
480.0 5.35613154296875
481.0 1.26163408203125
482.0 5.99470341796875
483.0 8.88632763671875
484.0 9.70562275390625
485.0 10.0486400390625
486.0 5.09230185546875
487.0 3.2056873046875
488.0 8.100390234375
489.0 11.03388994140625
490.0 8.5986220703125
491.0 4.90879072265625
492.0 4.27363583984375
493.0 3.9396802734375
494.0 7.0186240234375
495.0 7.7813791015625
496.0 7.465194921875
497.0 4.5835279296875
498.0 8.3395919921875
499.0 9.736876953125
500.0 10.51465966796875
501.0 3.90804345703125
502.0 0.7836876953125
503.0 2.57886416015625
504.0 12.4802353515625
505.0 11.57058681640625
506.0 6.60322685546875
507.0 2.69930517578125
508.0 0.15042314453125
509.0 7.44147978515625
510.0 13.200891015625
511.0 11.006862109375
512.0 5.90077431640625
513.0 8.377833203125
514.0 16.384687109375
515.0 15.19534638671875
516.0 15.25756552734375
517.0 12.4555171875
518.0 12.99546474609375
519.0 11.138043359375
520.0 13.7893189453125
521.0 16.2745615234375
522.0 18.12568544921875
523.0 19.16134619140625
524.0 15.132025390625
525.0 19.89474716796875
526.0 16.49914580078125
527.0 11.83407431640625
528.0 10.975919140625
529.0 8.25868310546875
530.0 14.6848724609375
531.0 10.7135609375
532.0 10.895551171875
533.0 9.6683998046875
534.0 10.83835771484375
535.0 16.166198828125
536.0 13.9700154296875
537.0 17.61778408203125
538.0 12.7430849609375
539.0 8.65826591796875
540.0 12.03142001953125
541.0 6.02433916015625
542.0 14.64652666015625
543.0 14.13140849609375
544.0 19.10169921875
545.0 17.28739970703125
546.0 19.66404521484375
547.0 22.4056916015625
548.0 20.08884052734375
549.0 19.8581900390625
550.0 16.6771615234375
551.0 14.93927333984375
552.0 15.16321796875
553.0 18.93316640625
554.0 20.09074482421875
555.0 15.40987265625
556.0 27.82968779296875
557.0 27.03366923828125
558.0 17.74540771484375
559.0 17.9056205078125
560.0 22.75577177734375
561.0 19.6962693359375
562.0 25.18397080078125
563.0 20.75365673828125
564.0 11.693052734375
565.0 13.12050380859375
566.0 22.50142802734375
567.0 24.97419853515625
568.0 17.8867744140625
569.0 12.400650390625
570.0 17.04970908203125
571.0 17.7556421875
572.0 21.4643205078125
573.0 18.16446767578125
574.0 13.9459384765625
575.0 16.446
576.0 14.6173919921875
577.0 15.27204482421875
578.0 13.74612412109375
579.0 11.5039638671875
580.0 14.33505
581.0 9.964097265625
582.0 13.5689001953125
583.0 13.86681494140625
584.0 10.98794384765625
585.0 7.74908466796875
586.0 8.3515009765625
587.0 7.689398828125
588.0 1.16289736328125
589.0 1.0504697265625
590.0 4.58213154296875
591.0 4.82253740234375
592.0 5.7592958984375
593.0 0.34425205078125
594.0 1.33643994140625
595.0 2.674094140625
596.0 3.13699736328125
597.0 0.4158623046875
598.0 9.77125439453125
599.0 5.7548375
600.0 7.86320322265625
601.0 12.472400390625
602.0 9.03853740234375
603.0 4.61475166015625
604.0 4.395144921875
605.0 2.18186416015625
606.0 0.70789716796875
607.0 11.9471896484375
608.0 4.46745068359375
609.0 2.1054763671875
610.0 9.20136259765625
611.0 9.82914091796875
612.0 14.36526650390625
613.0 11.255499609375
614.0 25.273157421875
615.0 35.4868060546875
616.0 4.86977734375
617.0 33.256747265625
618.0 8.0684388671875
619.0 3.3329099609375
620.0 0.7051501953125
621.0 14.681412109375
622.0 15.96446416015625
623.0 6.27593349609375
624.0 5.01452158203125
625.0 2.2024548828125
626.0 0.25522470703125
627.0 0.05626064453125
628.0 4.7164650390625
629.0 0.0
630.0 0.0
631.0 0.0
632.0 0.0
633.0 0.0
634.0 0.0
635.0 0.0
636.0 0.0
637.0 0.0
638.0 0.0
639.0 0.0
640.0 0.0
641.0 0.0
642.0 0.0
643.0 0.0
644.0 0.0
645.0 0.0
646.0 0.0
647.0 0.0
648.0 0.0
649.0 0.0
650.0 0.0
651.0 0.0
652.0 0.0
653.0 0.0
654.0 0.0
655.0 0.0
656.0 0.0
657.0 0.0
658.0 0.0
659.0 0.0
660.0 0.0
661.0 0.0
662.0 0.0
663.0 0.0
664.0 0.0
665.0 0.0
666.0 0.0
667.0 0.0399494140625
668.0 0.346704296875
669.0 0.6820802734375
670.0 0.925883984375
671.0 1.10203134765625
672.0 1.86750361328125
673.0 2.25343125
674.0 1.32601376953125
675.0 1.27093046875
676.0 0.38494228515625
677.0 0.01033017578125
678.0 0.0103302734375
679.0 0.04132080078125
680.0 0.1036529296875
681.0 0.6899537109375
682.0 0.78693681640625
683.0 1.032758203125
684.0 0.46426640625
685.0 2.143451171875
686.0 1.36668359375
687.0 1.4872083984375
688.0 0.80150859375
689.0 0.5133431640625
690.0 1.11906728515625
691.0 1.4666619140625
692.0 2.29300166015625
693.0 1.92846435546875
694.0 1.56424208984375
695.0 8.4069140625
696.0 6.757591015625
697.0 3.561996875
698.0 3.4083888671875
699.0 3.81402255859375
700.0 0.0413208984375
701.0 0.02083583984375
702.0 0.052001953125
703.0 0.20853427734375
704.0 0.290731640625
705.0 0.3710447265625
706.0 0.44234970703125
707.0 1.03082001953125
708.0 0.60435771484375
709.0 0.0
710.0 0.0
711.0 0.02083583984375
712.0 0.0
713.0 0.0
714.0 0.0
715.0 0.0
716.0 0.0
717.0 0.0
718.0 0.0
719.0 0.0
720.0 0.0
721.0 0.0
722.0 0.0
723.0 0.0
724.0 0.0
725.0 0.0
726.0 0.0
727.0 0.0
728.0 0.0
729.0 0.0
730.0 0.0
731.0 0.0
732.0 0.0
733.0 0.0
734.0 0.0
735.0 0.0
736.0 0.0
737.0 0.0
738.0 0.0
739.0 0.0
740.0 0.0
741.0 0.0
742.0 0.0
743.0 0.7444400390625
744.0 8.81208916015625
745.0 0.822687890625
746.0 1.78453837890625
747.0 1.06720166015625
748.0 0.06233212890625
749.0 0.17649072265625
750.0 0.0934982421875
751.0 0.1455001953125
752.0 0.0
753.0 0.0
754.0 0.3542099609375
755.0 1.2360875
756.0 1.39208955078125
757.0 0.53797607421875
758.0 0.02083583984375
759.0 0.0311662109375
760.0 0.04132080078125
761.0 0.0206603515625
762.0 0.04149638671875
763.0 2.3724822265625
764.0 4.7677416015625
765.0 3.08929111328125
766.0 4.127466015625
767.0 3.52027421875
768.0 2.3721421875
769.0 3.5583328125
770.0 2.884143359375
771.0 3.75251298828125
772.0 2.409790625
773.0 0.61435185546875
774.0 0.05200205078125
775.0 0.030990625
776.0 0.082992578125
777.0 0.187347265625
778.0 0.18752275390625
779.0 0.0726623046875
780.0 0.09236337890625
781.0 0.09498408203125
782.0 0.12501533203125
783.0 0.06233212890625
784.0 0.13499443359375
785.0 0.09367373046875
786.0 0.09332275390625
787.0 0.13534541015625
788.0 0.16651162109375
789.0 0.26036064453125
790.0 0.87915068359375
791.0 0.744468359375
792.0 0.70151015625
793.0 1.23424912109375
794.0 2.985520703125
795.0 1.5059017578125
796.0 1.95162548828125
797.0 4.75462314453125
798.0 0.84504951171875
799.0 0.1275611328125
