0.0 26.813605859375
1.0 23.8558619140625
2.0 26.43005068359375
3.0 25.491044140625
4.0 27.78461728515625
5.0 24.08657880859375
6.0 19.58032783203125
7.0 31.230175390625
8.0 25.64108193359375
9.0 26.40928037109375
10.0 24.94946748046875
11.0 28.13397216796875
12.0 24.31016796875
13.0 21.90503486328125
14.0 25.722837890625
15.0 22.80078505859375
16.0 25.98546318359375
17.0 20.85095048828125
18.0 23.9083123046875
19.0 27.26434580078125
20.0 25.32164111328125
21.0 25.58915400390625
22.0 26.11990498046875
23.0 23.5852267578125
24.0 25.78800751953125
25.0 24.469839453125
26.0 24.0910716796875
27.0 23.15024150390625
28.0 22.737665625
29.0 26.64834130859375
30.0 23.55502919921875
31.0 16.37514599609375
32.0 34.75440751953125
33.0 24.64468388671875
34.0 27.88925400390625
35.0 24.95641728515625
36.0 26.3571546875
37.0 25.08414130859375
38.0 22.73110966796875
39.0 25.1923078125
40.0 17.33298505859375
41.0 29.0845078125
42.0 22.5966044921875
43.0 24.98420185546875
44.0 25.94599111328125
45.0 24.14681181640625
46.0 26.535800390625
47.0 22.515371875
48.0 24.16997666015625
49.0 23.6034951171875
50.0 26.62531796875
51.0 22.12854248046875
52.0 23.95902578125
53.0 24.32818486328125
54.0 23.7393208984375
55.0 22.814610546875
56.0 26.67240400390625
57.0 24.36477841796875
58.0 22.262690625
59.0 26.96577177734375
60.0 22.02790126953125
61.0 26.32590791015625
62.0 24.44223662109375
63.0 26.11719169921875
64.0 24.40659853515625
65.0 27.21481044921875
66.0 24.2435853515625
67.0 26.28860966796875
68.0 27.0430728515625
69.0 19.33362314453125
70.0 31.15402138671875
71.0 18.92101923828125
72.0 33.170875390625
73.0 24.958640625
74.0 26.632649609375
75.0 22.552612890625
76.0 24.29310458984375
77.0 24.16745087890625
78.0 23.22232275390625
79.0 26.38225078125
80.0 21.34805166015625
81.0 26.0427919921875
82.0 24.713956640625
83.0 26.1103951171875
84.0 23.26207822265625
85.0 24.8951830078125
86.0 25.26988310546875
87.0 25.1088056640625
88.0 24.8691365234375
89.0 26.1005435546875
90.0 23.4084658203125
91.0 26.0963396484375
92.0 22.39249599609375
93.0 26.87709658203125
94.0 24.89450576171875
95.0 27.23074345703125
96.0 24.23370244140625
97.0 26.4742419921875
98.0 23.18843701171875
99.0 27.24025634765625
100.0 25.316497265625
101.0 27.3631720703125
102.0 24.379028515625
103.0 25.92677060546875
104.0 26.99097744140625
105.0 23.7663408203125
106.0 25.78276796875
107.0 23.656589453125
108.0 26.33939990234375
109.0 22.2580740234375
110.0 25.9232919921875
111.0 22.12013427734375
112.0 25.40755732421875
113.0 21.45619287109375
114.0 26.86329970703125
115.0 27.30425302734375
116.0 23.9991744140625
117.0 26.27142822265625
118.0 24.439667578125
119.0 25.40617939453125
120.0 27.28969921875
121.0 23.5389810546875
122.0 23.238709375
123.0 26.27528349609375
124.0 24.30922392578125
125.0 27.88188212890625
126.0 25.0221076171875
127.0 27.02766962890625
128.0 26.71125361328125
129.0 23.64557626953125
130.0 26.49895458984375
131.0 24.34147724609375
132.0 26.8445814453125
133.0 23.95668046875
134.0 27.5850064453125
135.0 24.55861044921875
136.0 27.31645537109375
137.0 24.15236162109375
138.0 25.71834462890625
139.0 25.40242724609375
140.0 23.790878515625
141.0 26.957015234375
142.0 24.819184765625
143.0 24.18408720703125
144.0 27.19441650390625
145.0 24.368971875
146.0 27.83531513671875
147.0 23.15358857421875
148.0 26.78573349609375
149.0 27.5703630859375
150.0 24.59114384765625
151.0 27.51797724609375
152.0 24.2082861328125
153.0 27.0564337890625
154.0 25.02776259765625
155.0 27.23494150390625
156.0 16.51782529296875
157.0 27.11003681640625
158.0 31.2272322265625
159.0 27.64883447265625
160.0 24.8090201171875
161.0 27.72305712890625
162.0 25.0807314453125
163.0 27.529883984375
164.0 26.34263583984375
165.0 17.73258359375
166.0 32.14927001953125
167.0 26.1616693359375
168.0 24.7489796875
169.0 28.03752392578125
170.0 23.97947724609375
171.0 23.522210546875
172.0 25.59803701171875
173.0 24.596933984375
174.0 27.27915234375
175.0 24.39406748046875
176.0 26.52481767578125
177.0 24.12608828125
178.0 27.09622998046875
179.0 24.25482001953125
180.0 23.58677578125
181.0 27.22033193359375
182.0 23.50029609375
183.0 26.0356162109375
184.0 24.07933974609375
185.0 27.517710546875
186.0 21.3352763671875
187.0 27.04900263671875
188.0 23.86735498046875
189.0 26.50123046875
190.0 24.4586876953125
191.0 27.028640625
192.0 26.8704083984375
193.0 24.686734765625
194.0 26.9825501953125
195.0 23.63489267578125
196.0 26.6044732421875
197.0 24.1262591796875
198.0 27.24864736328125
199.0 24.3921076171875
200.0 23.68398759765625
201.0 26.33520771484375
202.0 23.71083408203125
203.0 26.3958537109375
204.0 24.55110927734375
205.0 26.91682490234375
206.0 24.64341337890625
207.0 26.807571875
208.0 26.2348826171875
209.0 24.20515556640625
210.0 25.1777654296875
211.0 24.1825677734375
212.0 26.78823251953125
213.0 24.43512255859375
214.0 18.75776845703125
215.0 34.0708373046875
216.0 23.01742099609375
217.0 26.266694921875
218.0 24.5588802734375
219.0 24.51470810546875
220.0 27.3942603515625
221.0 24.4616859375
222.0 28.34661708984375
223.0 21.97624814453125
224.0 27.5184744140625
225.0 22.82459677734375
226.0 27.34841162109375
227.0 24.57323466796875
228.0 25.16874150390625
229.0 24.28079501953125
230.0 28.7780234375
231.0 25.29085849609375
232.0 27.47909833984375
233.0 24.3722716796875
234.0 27.70959462890625
235.0 25.3557509765625
236.0 26.44628251953125
237.0 24.132116015625
238.0 26.79378447265625
239.0 23.92341416015625
240.0 26.64192685546875
241.0 23.59961416015625
242.0 24.53953095703125
243.0 23.8598296875
244.0 26.44912607421875
245.0 24.5495322265625
246.0 26.80994853515625
247.0 22.2986728515625
248.0 27.8388017578125
249.0 27.25739921875
250.0 24.99383984375
251.0 26.53710703125
252.0 23.88113701171875
253.0 27.56531083984375
254.0 24.67149033203125
255.0 22.63882265625
256.0 28.0211248046875
257.0 25.203651953125
258.0 27.46441162109375
259.0 25.16523212890625
260.0 27.44107314453125
261.0 25.5681314453125
262.0 28.4125697265625
263.0 25.10123984375
264.0 28.42193486328125
265.0 25.568521875
266.0 28.12723798828125
267.0 17.38351884765625
268.0 34.29591533203125
269.0 23.46598408203125
270.0 26.72421455078125
271.0 19.28428046875
272.0 30.57728583984375
273.0 25.334910546875
274.0 28.44166845703125
275.0 22.6390435546875
276.0 28.05376953125
277.0 26.04870908203125
278.0 26.65000791015625
279.0 24.73035107421875
280.0 28.79321455078125
281.0 25.53389267578125
282.0 27.8223712890625
283.0 23.53791943359375
284.0 27.6446138671875
285.0 25.36409208984375
286.0 27.6665302734375
287.0 26.2114623046875
288.0 28.7029625
289.0 27.94607080078125
290.0 25.56665849609375
291.0 28.0565583984375
292.0 24.13090712890625
293.0 28.17896240234375
294.0 20.40777880859375
295.0 31.05030654296875
296.0 26.86990322265625
297.0 24.47356025390625
298.0 27.2578369140625
299.0 25.411518359375
300.0 27.656190625
301.0 24.67229619140625
302.0 29.32899599609375
303.0 26.562778515625
304.0 25.39257783203125
305.0 26.06853623046875
306.0 25.37890830078125
307.0 28.78205791015625
308.0 26.1289095703125
309.0 28.4004185546875
310.0 26.217555859375
311.0 28.5903447265625
312.0 25.9992603515625
313.0 26.64251552734375
314.0 28.72669033203125
315.0 25.76650107421875
316.0 29.02726396484375
317.0 26.05365966796875
318.0 26.072503125
319.0 27.96078017578125
320.0 25.7021490234375
321.0 28.13551806640625
322.0 25.32511435546875
323.0 28.64843466796875
324.0 21.31233701171875
325.0 28.63992978515625
326.0 25.20931982421875
327.0 28.49957822265625
328.0 25.86499072265625
329.0 27.88780234375
330.0 25.660940625
331.0 27.35599462890625
332.0 26.4647318359375
333.0 21.5997017578125
334.0 28.77445244140625
335.0 24.94630400390625
336.0 29.05014091796875
337.0 23.93038779296875
338.0 24.64502353515625
339.0 25.709888671875
340.0 25.75528076171875
341.0 28.49973427734375
342.0 25.3786677734375
343.0 20.276724609375
344.0 11.4383810546875
345.0 27.2842939453125
346.0 23.74086943359375
347.0 27.94958681640625
348.0 24.5925126953125
349.0 28.55525830078125
350.0 23.205276953125
351.0 23.04765986328125
352.0 16.09696396484375
353.0 21.8702984375
354.0 27.45738662109375
355.0 23.22708662109375
356.0 28.4631015625
357.0 24.483572265625
358.0 28.87099345703125
359.0 26.16643173828125
360.0 26.31422353515625
361.0 25.74449794921875
362.0 24.35576376953125
363.0 26.0054880859375
364.0 27.570433984375
365.0 24.28253212890625
366.0 25.10607099609375
367.0 27.12971943359375
368.0 25.82070341796875
369.0 28.0023052734375
370.0 25.52968388671875
371.0 28.46908076171875
372.0 25.83156591796875
373.0 28.49968935546875
374.0 22.44736767578125
375.0 25.55468955078125
376.0 24.83972294921875
377.0 27.02076484375
378.0 28.2801232421875
379.0 24.994366015625
380.0 28.717898046875
381.0 22.6124794921875
382.0 27.13616728515625
383.0 25.42861806640625
384.0 27.4141796875
385.0 25.35524921875
386.0 28.375984765625
387.0 25.4432009765625
388.0 27.85763974609375
389.0 25.2066958984375
390.0 28.23042353515625
391.0 24.6693158203125
392.0 28.95124951171875
393.0 24.79065205078125
394.0 27.670075390625
395.0 25.343940625
396.0 28.53889599609375
397.0 23.57321552734375
398.0 28.7974703125
399.0 26.0485216796875
400.0 27.46023369140625
401.0 25.7532142578125
402.0 29.0334740234375
403.0 25.2422462890625
404.0 28.56498623046875
405.0 25.95219814453125
406.0 26.647012109375
407.0 18.90918984375
408.0 33.816311328125
409.0 24.468784375
410.0 27.145107421875
411.0 25.18961796875
412.0 24.87930263671875
413.0 28.24186806640625
414.0 25.40053544921875
415.0 28.00857646484375
416.0 25.10596767578125
417.0 27.80534482421875
418.0 27.91734990234375
419.0 25.2241802734375
420.0 29.0099044921875
421.0 25.34641044921875
422.0 25.8645646484375
423.0 20.45439453125
424.0 30.96236845703125
425.0 28.64222705078125
426.0 25.22863203125
427.0 24.77589033203125
428.0 28.67640302734375
429.0 25.7525712890625
430.0 28.94135947265625
431.0 25.65355751953125
432.0 28.04157353515625
433.0 25.63504501953125
434.0 28.5948021484375
435.0 25.75600986328125
436.0 28.20411767578125
437.0 25.40768232421875
438.0 28.60319560546875
439.0 26.15653017578125
440.0 29.063773046875
441.0 24.94271591796875
442.0 27.14797041015625
443.0 24.65673984375
444.0 28.23339482421875
445.0 25.9041373046875
446.0 29.30600986328125
447.0 25.7425373046875
448.0 27.74009990234375
449.0 26.07664091796875
450.0 27.56195419921875
451.0 28.36784091796875
452.0 25.98706845703125
453.0 25.64031044921875
454.0 29.03560654296875
455.0 20.1179658203125
456.0 30.3071142578125
457.0 22.55629375
458.0 20.6739177734375
459.0 26.30302138671875
460.0 29.11501884765625
461.0 25.63766142578125
462.0 29.478038671875
463.0 25.321225
464.0 29.11204052734375
465.0 26.246242578125
466.0 28.3271736328125
467.0 29.481961328125
468.0 26.07709189453125
469.0 26.70066181640625
470.0 25.418898828125
471.0 26.24616689453125
472.0 28.70055888671875
473.0 26.0373123046875
474.0 29.04399931640625
475.0 25.58526181640625
476.0 29.03074970703125
477.0 24.0925662109375
478.0 28.4111912109375
479.0 26.190628125
480.0 28.36407080078125
481.0 25.909638671875
482.0 28.69443076171875
483.0 26.38992197265625
484.0 26.12646611328125
485.0 28.84773544921875
486.0 29.01844755859375
487.0 25.59828056640625
488.0 28.1452193359375
489.0 23.811875390625
490.0 28.38280498046875
491.0 25.98737626953125
492.0 28.0502
493.0 25.46728330078125
494.0 28.270928515625
495.0 25.91383359375
496.0 28.39139345703125
497.0 26.09146083984375
498.0 28.2645478515625
499.0 25.8347703125
500.0 28.7984669921875
501.0 25.029245703125
502.0 29.13779736328125
503.0 25.7042556640625
504.0 28.26921845703125
505.0 27.321131640625
506.0 26.8803123046875
507.0 25.95286259765625
508.0 28.67443173828125
509.0 25.41409775390625
510.0 29.16716396484375
511.0 25.94642392578125
512.0 29.54705556640625
513.0 25.75529794921875
514.0 28.3624294921875
515.0 25.84070703125
516.0 29.11967109375
517.0 25.588573046875
518.0 28.9463939453125
519.0 16.103021875
520.0 36.1040146484375
521.0 25.76257529296875
522.0 28.5702201171875
523.0 24.85841162109375
524.0 26.413325390625
525.0 26.00172177734375
526.0 27.15376103515625
527.0 25.31627451171875
528.0 27.6371416015625
529.0 25.47417939453125
530.0 28.3612595703125
531.0 26.0862134765625
532.0 28.63930244140625
533.0 25.5426478515625
534.0 28.43874453125
535.0 25.6649673828125
536.0 28.3918236328125
537.0 23.564172265625
538.0 28.21162138671875
539.0 28.46323193359375
540.0 23.72134111328125
541.0 28.490631640625
542.0 25.377532421875
543.0 29.0291208984375
544.0 24.91651875
545.0 24.73023583984375
546.0 25.18047529296875
547.0 27.96789453125
548.0 25.49936376953125
549.0 28.47003642578125
550.0 25.588441015625
551.0 28.9356755859375
552.0 25.99119150390625
553.0 27.78797314453125
554.0 25.364118359375
555.0 26.92099443359375
556.0 28.7422892578125
557.0 25.4091537109375
558.0 27.29262958984375
559.0 25.9019833984375
560.0 28.70464169921875
561.0 24.89259501953125
562.0 28.03024375
563.0 25.73171826171875
564.0 28.63714443359375
565.0 26.0744966796875
566.0 29.03597509765625
567.0 25.48131826171875
568.0 29.38083935546875
569.0 25.64393955078125
570.0 28.40010751953125
571.0 25.70973154296875
572.0 26.44229189453125
573.0 26.27654453125
574.0 28.7738880859375
575.0 26.48638125
576.0 28.82118662109375
577.0 25.9503205078125
578.0 28.38978681640625
579.0 25.78784228515625
580.0 28.40698896484375
581.0 24.146673046875
582.0 28.24979111328125
583.0 25.60471904296875
584.0 28.605784765625
585.0 25.16520498046875
586.0 26.81044462890625
587.0 25.50858583984375
588.0 27.8907501953125
589.0 26.19327880859375
590.0 25.37798837890625
591.0 28.229191015625
592.0 24.71661962890625
593.0 27.21854931640625
594.0 25.79488017578125
595.0 25.3564546875
596.0 28.73334833984375
597.0 24.30188564453125
598.0 28.0343564453125
599.0 25.42305751953125
600.0 28.3472296875
601.0 25.91348603515625
602.0 28.30566240234375
603.0 24.09799306640625
604.0 27.52340673828125
605.0 25.007304296875
606.0 28.0507912109375
607.0 25.732424609375
608.0 28.02434931640625
609.0 24.806340234375
610.0 27.98302021484375
611.0 24.6541806640625
612.0 27.83057783203125
613.0 24.89056611328125
614.0 28.45107255859375
615.0 25.5672423828125
616.0 28.3100529296875
617.0 25.46270947265625
618.0 28.359476171875
619.0 28.38789365234375
620.0 25.68290986328125
621.0 25.51471650390625
622.0 25.1656244140625
623.0 28.4298234375
624.0 24.29491142578125
625.0 28.6591154296875
626.0 24.99615947265625
627.0 28.52999169921875
628.0 24.5950576171875
629.0 28.2478814453125
630.0 26.064842578125
631.0 24.11752314453125
632.0 28.05124482421875
633.0 27.459578515625
634.0 25.99324619140625
635.0 27.52792177734375
636.0 25.75415166015625
637.0 28.61424990234375
638.0 25.61533046875
639.0 27.58824833984375
640.0 25.86877919921875
641.0 28.11149423828125
642.0 23.44575400390625
643.0 26.374821875
644.0 25.55712265625
645.0 24.95792509765625
646.0 27.39595244140625
647.0 24.601306640625
648.0 27.60283095703125
649.0 24.7099158203125
650.0 27.62924169921875
651.0 21.8283564453125
652.0 29.70627412109375
653.0 24.90688828125
654.0 27.7708119140625
655.0 23.99975576171875
656.0 27.36079501953125
657.0 24.59296689453125
658.0 24.45720673828125
659.0 27.88670830078125
660.0 28.77027783203125
661.0 26.27122265625
662.0 29.0963609375
663.0 23.7058916015625
664.0 31.36279306640625
665.0 25.0127162109375
666.0 27.73022021484375
667.0 26.0353443359375
668.0 29.01635126953125
669.0 25.97654033203125
670.0 26.40187216796875
671.0 23.93516376953125
672.0 26.9308630859375
673.0 24.8774783203125
674.0 25.6713185546875
675.0 28.9744853515625
676.0 25.82031630859375
677.0 28.41612265625
678.0 24.95187041015625
679.0 27.8314384765625
680.0 25.6720216796875
681.0 28.93061357421875
682.0 26.49555859375
683.0 24.95504345703125
684.0 25.87400263671875
685.0 11.42473037109375
686.0 42.477850390625
687.0 23.926412109375
688.0 23.91329501953125
689.0 25.16748056640625
690.0 24.77486513671875
691.0 29.02826357421875
692.0 24.06803984375
693.0 28.96027265625
694.0 25.31301669921875
695.0 27.93358359375
696.0 25.64028662109375
697.0 28.37554228515625
698.0 25.5457205078125
699.0 28.7602228515625
700.0 24.874832421875
701.0 26.231064453125
702.0 28.0780029296875
703.0 25.95049365234375
704.0 25.907226171875
705.0 28.999381640625
706.0 26.690425390625
707.0 25.77780732421875
708.0 29.25330849609375
709.0 25.58491943359375
710.0 26.180612109375
711.0 29.2022767578125
712.0 25.78076552734375
713.0 28.584440625
714.0 23.3139087890625
715.0 19.415143359375
716.0 35.94683671875
717.0 26.03199326171875
718.0 19.91129140625
719.0 33.44158291015625
720.0 27.17122509765625
721.0 27.1906365234375
722.0 24.46287138671875
723.0 26.7580220703125
724.0 15.25051845703125
725.0 35.2459904296875
726.0 29.10733037109375
727.0 24.21618408203125
728.0 28.74113896484375
729.0 23.05545146484375
730.0 28.088276171875
731.0 25.54125185546875
732.0 29.05286396484375
733.0 25.16454248046875
734.0 25.6649216796875
735.0 23.70196953125
736.0 28.812714453125
737.0 26.35832451171875
738.0 28.8600205078125
739.0 27.352529296875
740.0 26.236987109375
741.0 28.49157392578125
742.0 25.95420380859375
743.0 25.684690234375
744.0 27.99701318359375
745.0 23.67884072265625
746.0 29.0929541015625
747.0 25.930788671875
748.0 9.36344306640625
749.0 44.57776748046875
750.0 24.0035701171875
751.0 29.28561494140625
752.0 26.19479072265625
753.0 28.777248828125
754.0 20.40503955078125
755.0 34.61532099609375
756.0 25.50831220703125
757.0 29.3012927734375
758.0 25.61387236328125
759.0 28.985140234375
760.0 25.93810986328125
761.0 27.69060595703125
762.0 26.28902724609375
763.0 28.9764337890625
764.0 26.30032578125
765.0 29.0024681640625
766.0 25.44570947265625
767.0 24.954158984375
768.0 22.77273095703125
769.0 27.68488232421875
770.0 24.4209515625
771.0 27.10022158203125
772.0 25.59667666015625
773.0 27.0122318359375
774.0 27.3902654296875
775.0 25.6137033203125
776.0 28.08963515625
777.0 26.03639931640625
778.0 29.1339189453125
779.0 26.2754134765625
780.0 28.32361787109375
781.0 25.9981818359375
782.0 28.89996025390625
783.0 25.66934892578125
784.0 27.61721884765625
785.0 25.615160546875
786.0 17.60271201171875
787.0 34.04177314453125
788.0 29.4352287109375
789.0 24.31057744140625
790.0 19.81420009765625
791.0 24.42205009765625
792.0 27.48335126953125
793.0 23.219219140625
794.0 25.800068359375
795.0 26.10971845703125
796.0 28.9081671875
797.0 25.208329296875
798.0 27.858566796875
799.0 26.14190615234375
