0.0 11.38190966796875
1.0 9.78550458984375
2.0 10.64571240234375
3.0 11.30503623046875
4.0 10.5691671875
5.0 10.88548916015625
6.0 9.85258408203125
7.0 11.62689404296875
8.0 10.175221875
9.0 10.874128125
10.0 9.73572783203125
11.0 9.04272314453125
12.0 9.50444990234375
13.0 9.48655556640625
14.0 9.6025611328125
15.0 9.65377373046875
16.0 9.97239755859375
17.0 9.34933037109375
18.0 7.81377783203125
19.0 7.60695830078125
20.0 5.60303701171875
21.0 7.17476865234375
22.0 7.4190546875
23.0 6.6753958984375
24.0 5.9363150390625
25.0 11.1797544921875
26.0 12.0030337890625
27.0 10.947954296875
28.0 10.23761240234375
29.0 10.23005341796875
30.0 10.87497900390625
31.0 10.62716015625
32.0 10.83420166015625
33.0 9.5593884765625
34.0 9.36659697265625
35.0 11.9236232421875
36.0 12.613714453125
37.0 11.521704296875
38.0 9.31342783203125
39.0 10.4835525390625
40.0 10.6783849609375
41.0 10.65555712890625
42.0 9.76651103515625
43.0 10.572059375
44.0 9.13931669921875
45.0 11.49258544921875
46.0 10.94667314453125
47.0 12.31403330078125
48.0 0.0
49.0 0.0
50.0 25.89790888671875
51.0 13.602156640625
52.0 11.84535185546875
53.0 8.00544794921875
54.0 12.10861455078125
55.0 12.73810830078125
56.0 11.73885185546875
57.0 11.49157470703125
58.0 14.82703759765625
59.0 9.05443759765625
60.0 17.68141181640625
61.0 15.2497365234375
62.0 13.29081357421875
63.0 12.226494140625
64.0 14.23901875
65.0 14.22688076171875
66.0 16.1381560546875
67.0 13.64116923828125
68.0 13.8426876953125
69.0 12.6643408203125
70.0 13.120745703125
71.0 0.0
72.0 0.0
73.0 24.8974779296875
74.0 9.7567640625
75.0 11.63234306640625
76.0 13.8045708984375
77.0 14.27485126953125
78.0 14.90836708984375
79.0 12.91458447265625
80.0 14.59807880859375
81.0 14.2554423828125
82.0 13.29555927734375
83.0 11.69155205078125
84.0 14.5881390625
85.0 14.4641568359375
86.0 13.0451986328125
87.0 14.59869501953125
88.0 12.39569638671875
89.0 13.55791044921875
90.0 12.50561904296875
91.0 16.3271078125
92.0 12.14495791015625
93.0 11.11054892578125
94.0 13.1242484375
95.0 15.82224365234375
96.0 14.24822783203125
97.0 15.27992783203125
98.0 17.80414853515625
99.0 16.32653427734375
100.0 14.63009072265625
101.0 15.10619404296875
102.0 15.70997822265625
103.0 10.68120966796875
104.0 13.34061533203125
105.0 16.89225791015625
106.0 16.422603515625
107.0 15.219894140625
108.0 14.8703685546875
109.0 11.61357783203125
110.0 15.20257978515625
111.0 13.3687607421875
112.0 16.60630458984375
113.0 14.92219248046875
114.0 13.3544966796875
115.0 14.93338671875
116.0 15.78563544921875
117.0 15.64662802734375
118.0 12.1823021484375
119.0 16.07808486328125
120.0 14.961439453125
121.0 12.737908984375
122.0 10.02467421875
123.0 13.9055818359375
124.0 13.08194189453125
125.0 14.176628125
126.0 14.505261328125
127.0 12.56063017578125
128.0 11.902611328125
129.0 12.38793291015625
130.0 14.88925068359375
131.0 12.54742001953125
132.0 13.48812216796875
133.0 10.61426484375
134.0 13.59970322265625
135.0 12.17587890625
136.0 13.42020107421875
137.0 15.75032548828125
138.0 13.6809806640625
139.0 13.7389005859375
140.0 13.62396923828125
141.0 14.99664755859375
142.0 12.065664453125
143.0 9.154325390625
144.0 12.9239212890625
145.0 13.1558373046875
146.0 14.57958642578125
147.0 11.99675166015625
148.0 14.76971015625
149.0 14.27182314453125
150.0 13.43603349609375
151.0 14.38011748046875
152.0 15.64607109375
153.0 15.7513439453125
154.0 11.89168583984375
155.0 16.1042337890625
156.0 16.71781201171875
157.0 15.430393359375
158.0 15.92447041015625
159.0 15.20399951171875
160.0 13.73271875
161.0 12.2698662109375
162.0 16.86218837890625
163.0 14.084843359375
164.0 12.85519814453125
165.0 15.2940349609375
166.0 15.06714248046875
167.0 11.712383984375
168.0 12.80976416015625
169.0 12.0995806640625
170.0 13.79454912109375
171.0 10.018927734375
172.0 16.6596689453125
173.0 13.049164453125
174.0 11.62550966796875
175.0 14.2027923828125
176.0 13.2019876953125
177.0 14.16298779296875
178.0 13.6237484375
179.0 12.67016025390625
180.0 13.72951240234375
181.0 10.56233974609375
182.0 13.02381953125
183.0 12.36168544921875
184.0 9.7785203125
185.0 12.42243154296875
186.0 14.17887529296875
187.0 12.80178984375
188.0 14.08754296875
189.0 13.944294140625
190.0 10.04493603515625
191.0 19.040363671875
192.0 10.91151474609375
193.0 13.9154708984375
194.0 10.3303861328125
195.0 12.3473240234375
196.0 12.8221419921875
197.0 11.890332421875
198.0 11.2121537109375
199.0 11.5380447265625
200.0 13.8387240234375
201.0 11.1766328125
202.0 13.657149609375
203.0 11.81493505859375
204.0 11.15295859375
205.0 11.06452373046875
206.0 11.30219423828125
207.0 13.22419658203125
208.0 13.31283466796875
209.0 10.58025234375
210.0 12.2496720703125
211.0 11.48817373046875
212.0 11.66762275390625
213.0 9.77437109375
214.0 9.26320556640625
215.0 9.81218857421875
216.0 10.21195205078125
217.0 10.29471396484375
218.0 11.4578458984375
219.0 10.45817080078125
220.0 9.63225576171875
221.0 10.00002236328125
222.0 10.67431318359375
223.0 11.5494775390625
224.0 10.00454794921875
225.0 9.59950244140625
226.0 9.69568125
227.0 9.52363681640625
228.0 10.44679716796875
229.0 9.45351064453125
230.0 10.497309375
231.0 12.84759423828125
232.0 10.18499501953125
233.0 8.978503515625
234.0 0.0
235.0 0.0
236.0 22.9466861328125
237.0 11.40555478515625
238.0 10.56009072265625
239.0 10.05416103515625
240.0 9.85834248046875
241.0 10.40811220703125
242.0 13.5183515625
243.0 10.04697431640625
244.0 12.1995275390625
245.0 11.03322119140625
246.0 12.12524248046875
247.0 11.61621513671875
248.0 7.96878251953125
249.0 10.5386517578125
250.0 12.8601607421875
251.0 12.62153095703125
252.0 13.688848046875
253.0 13.2445884765625
254.0 9.6995021484375
255.0 13.34247109375
256.0 13.73573740234375
257.0 13.8310787109375
258.0 14.02336220703125
259.0 13.64261416015625
260.0 13.03386396484375
261.0 10.20813671875
262.0 6.4907525390625
263.0 3.4705564453125
264.0 11.1750208984375
265.0 13.37247724609375
266.0 13.2494556640625
267.0 13.958692578125
268.0 14.96878408203125
269.0 14.7578333984375
270.0 12.6657298828125
271.0 15.26447353515625
272.0 15.88706142578125
273.0 8.606014453125
274.0 10.230282421875
275.0 13.92055029296875
276.0 14.90035654296875
277.0 13.48259970703125
278.0 14.3295791015625
279.0 16.62999189453125
280.0 12.31633994140625
281.0 15.8542185546875
282.0 16.76402880859375
283.0 13.74460498046875
284.0 15.932832421875
285.0 13.1101828125
286.0 15.57196494140625
287.0 15.07112275390625
288.0 15.66599775390625
289.0 11.05804228515625
290.0 13.12924453125
291.0 13.73229072265625
292.0 14.68589267578125
293.0 14.94147548828125
294.0 14.7899791015625
295.0 4.49179189453125
296.0 0.2653265625
297.0 33.38578701171875
298.0 15.77246513671875
299.0 13.58331796875
300.0 13.5959951171875
301.0 13.7603205078125
302.0 15.0200974609375
303.0 10.972267578125
304.0 13.28023544921875
305.0 12.02313759765625
306.0 14.19382685546875
307.0 11.9427998046875
308.0 12.86389462890625
309.0 13.64937802734375
310.0 14.9920021484375
311.0 11.9426564453125
312.0 13.75796845703125
313.0 14.1615826171875
314.0 10.82283134765625
315.0 9.6636162109375
316.0 11.926311328125
317.0 15.70935751953125
318.0 11.4851796875
319.0 14.42972607421875
320.0 11.19704609375
321.0 10.06835732421875
322.0 7.64159453125
323.0 15.52916220703125
324.0 13.67292373046875
325.0 14.24425068359375
326.0 12.8407474609375
327.0 11.936469140625
328.0 4.2174619140625
329.0 10.951810546875
330.0 15.0366978515625
331.0 14.0567798828125
332.0 13.0948564453125
333.0 15.282249609375
334.0 13.2760076171875
335.0 11.826884375
336.0 7.86845927734375
337.0 12.79790068359375
338.0 10.4899875
339.0 13.8624173828125
340.0 13.98362900390625
341.0 15.96739462890625
342.0 14.7313765625
343.0 16.23314560546875
344.0 15.20591943359375
345.0 12.223677734375
346.0 13.8610830078125
347.0 16.33185947265625
348.0 16.13016396484375
349.0 13.34271474609375
350.0 15.5710974609375
351.0 15.39092060546875
352.0 14.8208123046875
353.0 16.3347435546875
354.0 14.18479765625
355.0 14.095655078125
356.0 12.3864068359375
357.0 13.92823193359375
358.0 15.42637451171875
359.0 15.53140703125
360.0 14.61605869140625
361.0 13.95015966796875
362.0 12.42485986328125
363.0 13.2023884765625
364.0 15.88800166015625
365.0 14.63596396484375
366.0 13.48226513671875
367.0 16.07873232421875
368.0 15.3180552734375
369.0 13.04663681640625
370.0 16.34786904296875
371.0 16.3704677734375
372.0 14.21748486328125
373.0 16.2878845703125
374.0 16.49234072265625
375.0 14.6653771484375
376.0 14.46099853515625
377.0 16.12344150390625
378.0 17.00694365234375
379.0 14.797396875
380.0 16.83376416015625
381.0 15.359487890625
382.0 12.357137890625
383.0 14.862419921875
384.0 17.20171435546875
385.0 13.305704296875
386.0 13.84451708984375
387.0 14.65002802734375
388.0 16.25487451171875
389.0 11.92240478515625
390.0 12.46843837890625
391.0 11.04957109375
392.0 13.45983505859375
393.0 14.47376455078125
394.0 15.15652041015625
395.0 13.635796484375
396.0 14.22039267578125
397.0 12.92796572265625
398.0 14.3406328125
399.0 10.57772255859375
400.0 11.6918232421875
401.0 13.24493291015625
402.0 12.037238671875
403.0 12.985980078125
404.0 16.541830859375
405.0 15.671696484375
406.0 16.28307470703125
407.0 13.01615478515625
408.0 10.852375390625
409.0 13.1783642578125
410.0 12.32541103515625
411.0 14.28977197265625
412.0 13.971698828125
413.0 13.66341943359375
414.0 5.75344375
415.0 12.534668359375
416.0 15.04330107421875
417.0 11.22411630859375
418.0 11.2001572265625
419.0 6.57282333984375
420.0 14.35514228515625
421.0 14.265526953125
422.0 13.161087890625
423.0 15.21223076171875
424.0 15.32129521484375
425.0 13.7351025390625
426.0 12.44125087890625
427.0 14.37970751953125
428.0 13.2088798828125
429.0 11.7712326171875
430.0 11.213066796875
431.0 14.56623359375
432.0 16.6018509765625
433.0 13.0890986328125
434.0 13.87974755859375
435.0 12.91718310546875
436.0 11.8938603515625
437.0 14.98121494140625
438.0 12.332217578125
439.0 5.10585517578125
440.0 18.18115849609375
441.0 14.53565869140625
442.0 3.20743818359375
443.0 29.184312109375
444.0 14.467474609375
445.0 14.55211923828125
446.0 16.77884013671875
447.0 16.26373603515625
448.0 13.7006748046875
449.0 15.8134552734375
450.0 11.6217501953125
451.0 20.43378046875
452.0 14.9317271484375
453.0 17.0257796875
454.0 16.8886521484375
455.0 15.9393494140625
456.0 17.6713349609375
457.0 15.252951953125
458.0 17.53988974609375
459.0 15.9322826171875
460.0 18.2964728515625
461.0 18.1173849609375
462.0 13.07599912109375
463.0 13.72116064453125
464.0 17.44201396484375
465.0 15.47471279296875
466.0 15.560148046875
467.0 13.6463904296875
468.0 14.18074404296875
469.0 13.4657234375
470.0 13.49812783203125
471.0 16.5839796875
472.0 14.96076337890625
473.0 12.85661015625
474.0 14.43148330078125
475.0 16.74710849609375
476.0 0.0
477.0 0.0
478.0 26.026374609375
479.0 11.86721357421875
480.0 14.18578408203125
481.0 14.92146142578125
482.0 15.70608056640625
483.0 14.8568740234375
484.0 15.4001404296875
485.0 13.71960947265625
486.0 14.248168359375
487.0 13.41477001953125
488.0 9.5001611328125
489.0 15.10173974609375
490.0 12.0075580078125
491.0 13.826206640625
492.0 13.59947578125
493.0 10.1924349609375
494.0 13.8624140625
495.0 12.13566015625
496.0 12.9502888671875
497.0 11.83427802734375
498.0 15.0338294921875
499.0 9.20630703125
500.0 12.56910146484375
501.0 14.27915791015625
502.0 13.7729931640625
503.0 13.3468134765625
504.0 13.8040060546875
505.0 14.64040224609375
506.0 13.2168990234375
507.0 14.982105859375
508.0 14.333521875
509.0 13.65438212890625
510.0 9.2594009765625
511.0 13.0866251953125
512.0 13.17644287109375
513.0 14.3458654296875
514.0 11.2759384765625
515.0 11.7255142578125
516.0 9.4595869140625
517.0 12.11924384765625
518.0 13.45604384765625
519.0 11.35477734375
520.0 12.1530470703125
521.0 13.38381943359375
522.0 13.15974453125
523.0 13.5108572265625
524.0 13.50799658203125
525.0 13.48890380859375
526.0 14.34903896484375
527.0 12.25335107421875
528.0 13.71345556640625
529.0 13.15087509765625
530.0 11.328988671875
531.0 12.4025955078125
532.0 13.01713955078125
533.0 12.446658203125
534.0 13.14543486328125
535.0 13.6194115234375
536.0 13.5770140625
537.0 12.09553115234375
538.0 13.989146875
539.0 14.185098046875
540.0 13.22339306640625
541.0 14.0451458984375
542.0 13.344933203125
543.0 12.48417080078125
544.0 12.812498828125
545.0 13.2233345703125
546.0 12.22588056640625
547.0 9.1029130859375
548.0 11.29367001953125
549.0 12.6557396484375
550.0 10.83287421875
551.0 11.0822759765625
552.0 11.44722685546875
553.0 12.33059697265625
554.0 10.32378896484375
555.0 11.16469619140625
556.0 9.85502275390625
557.0 11.67130537109375
558.0 15.5645888671875
559.0 14.0650720703125
560.0 9.310280078125
561.0 13.08503076171875
562.0 6.439716796875
563.0 9.569748046875
564.0 5.9084125
565.0 12.57452001953125
566.0 11.0957705078125
567.0 12.410885546875
568.0 9.0783181640625
569.0 10.09670546875
570.0 9.716559375
571.0 10.6984236328125
572.0 14.720511328125
573.0 4.66655185546875
574.0 10.63488115234375
575.0 11.18474306640625
576.0 11.03047841796875
577.0 14.1713541015625
578.0 15.58648330078125
579.0 15.7339580078125
580.0 15.389576171875
581.0 12.92401357421875
582.0 13.3537736328125
583.0 15.24495
584.0 13.9500849609375
585.0 15.02534052734375
586.0 14.47312138671875
587.0 13.32799755859375
588.0 14.79916962890625
589.0 15.108194140625
590.0 15.770498046875
591.0 13.6145703125
592.0 15.416094140625
593.0 14.5239876953125
594.0 13.40626513671875
595.0 14.13588193359375
596.0 14.86000166015625
597.0 14.02792705078125
598.0 15.37538251953125
599.0 15.20664677734375
600.0 15.3344341796875
601.0 13.1185634765625
602.0 13.82677314453125
603.0 16.710987890625
604.0 13.39818388671875
605.0 13.85406162109375
606.0 13.22767314453125
607.0 13.69810986328125
608.0 11.70228310546875
609.0 12.03811962890625
610.0 13.84674501953125
611.0 13.56693857421875
612.0 14.7355533203125
613.0 14.10609306640625
614.0 14.5928892578125
615.0 12.47310126953125
616.0 11.12846640625
617.0 13.6149953125
618.0 13.6160333984375
619.0 12.11523095703125
620.0 14.75900322265625
621.0 14.101062890625
622.0 11.00391533203125
623.0 14.85876923828125
624.0 15.03739658203125
625.0 15.43129365234375
626.0 13.39703994140625
627.0 13.639478125
628.0 15.8174548828125
629.0 12.7765458984375
630.0 14.24286435546875
631.0 15.5493919921875
632.0 10.52647421875
633.0 18.48569755859375
634.0 13.97469150390625
635.0 13.78985771484375
636.0 14.66255107421875
637.0 14.66182890625
638.0 14.2909787109375
639.0 14.0122681640625
640.0 14.8840220703125
641.0 14.66296611328125
642.0 14.80444697265625
643.0 14.085522265625
644.0 17.09950908203125
645.0 14.9913927734375
646.0 14.0000994140625
647.0 11.487373046875
648.0 14.5757453125
649.0 8.1068017578125
650.0 15.316787109375
651.0 11.96611572265625
652.0 5.64943486328125
653.0 1.40414921875
654.0 38.454663671875
655.0 16.74524326171875
656.0 14.26445732421875
657.0 15.68140693359375
658.0 17.3135611328125
659.0 13.60437646484375
660.0 18.4357841796875
661.0 15.4676982421875
662.0 16.49766865234375
663.0 16.24846572265625
664.0 16.0889826171875
665.0 17.60217265625
666.0 11.124747265625
667.0 18.85520400390625
668.0 15.47502724609375
669.0 17.5137142578125
670.0 14.90241953125
671.0 13.51197333984375
672.0 12.9856330078125
673.0 15.56850791015625
674.0 12.7655046875
675.0 17.90073916015625
676.0 16.7505232421875
677.0 14.543660546875
678.0 14.80533037109375
679.0 13.18642333984375
680.0 13.646546875
681.0 14.9304154296875
682.0 14.8865947265625
683.0 12.95005185546875
684.0 12.41807490234375
685.0 15.28163310546875
686.0 12.7257248046875
687.0 15.52505849609375
688.0 15.27496162109375
689.0 11.52590263671875
690.0 13.40747265625
691.0 13.61577685546875
692.0 13.3355849609375
693.0 11.37531181640625
694.0 12.38095908203125
695.0 14.410866796875
696.0 14.53228955078125
697.0 12.73706826171875
698.0 14.9125470703125
699.0 14.5422451171875
700.0 16.29141396484375
701.0 12.929528515625
702.0 14.68074580078125
703.0 12.6286341796875
704.0 13.04258828125
705.0 10.557348046875
706.0 12.7339966796875
707.0 12.40694033203125
708.0 14.302017578125
709.0 13.67625048828125
710.0 15.3133935546875
711.0 15.48838681640625
712.0 13.44105693359375
713.0 14.60132744140625
714.0 14.0957248046875
715.0 13.7137359375
716.0 12.09502548828125
717.0 12.90122119140625
718.0 13.9724583984375
719.0 12.08488662109375
720.0 10.3865064453125
721.0 14.34164208984375
722.0 14.88525166015625
723.0 14.0736748046875
724.0 12.19251083984375
725.0 14.05359990234375
726.0 13.184221875
727.0 13.734064453125
728.0 14.4017484375
729.0 14.38957197265625
730.0 11.63026611328125
731.0 9.1209458984375
732.0 9.4674953125
733.0 9.155875
734.0 9.29712001953125
735.0 12.679095703125
736.0 10.7828283203125
737.0 10.89761669921875
738.0 9.02373193359375
739.0 9.68172177734375
740.0 10.73543291015625
741.0 11.5470287109375
742.0 11.509874609375
743.0 8.4929326171875
744.0 9.61484453125
745.0 12.48309921875
746.0 11.0484798828125
747.0 15.04870361328125
748.0 11.6712119140625
749.0 10.974045703125
750.0 12.36241318359375
751.0 10.41668408203125
752.0 10.5472880859375
753.0 13.88667138671875
754.0 12.84577890625
755.0 13.56408134765625
756.0 12.44130595703125
757.0 14.20530712890625
758.0 14.55459228515625
759.0 12.051270703125
760.0 13.1735830078125
761.0 13.80143603515625
762.0 13.85525888671875
763.0 12.15949619140625
764.0 13.93149013671875
765.0 13.40375302734375
766.0 14.0885703125
767.0 13.218212109375
768.0 13.6764619140625
769.0 11.6233802734375
770.0 9.77767041015625
771.0 1.38874365234375
772.0 12.49328154296875
773.0 14.188439453125
774.0 13.8497087890625
775.0 12.4256486328125
776.0 14.60503056640625
777.0 14.9017228515625
778.0 12.64563671875
779.0 11.4669810546875
780.0 11.89268642578125
781.0 12.26845126953125
782.0 14.66190751953125
783.0 13.3826130859375
784.0 16.24829482421875
785.0 15.30670888671875
786.0 13.984051953125
787.0 9.52980322265625
788.0 13.66820556640625
789.0 13.49980458984375
790.0 14.813793359375
791.0 13.75978818359375
792.0 13.5813552734375
793.0 13.714546875
794.0 14.5898142578125
795.0 11.782939453125
796.0 16.27348916015625
797.0 15.68224326171875
798.0 13.881612109375
799.0 14.86072353515625
