0.0 44.6589634765625
1.0 43.43349970703125
2.0 45.81279443359375
3.0 46.72204541015625
4.0 45.671150390625
5.0 46.6447
6.0 49.06077724609375
7.0 48.4984091796875
8.0 45.00867724609375
9.0 44.1870447265625
10.0 49.28270166015625
11.0 44.15529033203125
12.0 44.8099439453125
13.0 36.4884443359375
14.0 54.48709404296875
15.0 44.369057421875
16.0 46.1346251953125
17.0 48.966565625
18.0 32.42051484375
19.0 57.2968296875
20.0 43.60716845703125
21.0 42.86007568359375
22.0 42.242712890625
23.0 41.48105205078125
24.0 44.16511787109375
25.0 47.2299685546875
26.0 51.073140234375
27.0 30.87263154296875
28.0 68.51450205078125
29.0 45.90978896484375
30.0 50.15033955078125
31.0 48.54616279296875
32.0 46.84438955078125
33.0 45.70069560546875
34.0 46.9797216796875
35.0 43.52461669921875
36.0 52.12406015625
37.0 50.28862099609375
38.0 46.432562109375
39.0 49.6046173828125
40.0 48.933132421875
41.0 46.4619578125
42.0 49.28759951171875
43.0 47.80895595703125
44.0 44.46422822265625
45.0 49.76472421875
46.0 54.65311123046875
47.0 49.77051298828125
48.0 48.46243916015625
49.0 46.9859462890625
50.0 45.8725677734375
51.0 46.95720751953125
52.0 48.00041806640625
53.0 48.7546640625
54.0 48.40148056640625
55.0 46.89607744140625
56.0 52.224378125
57.0 47.38913310546875
58.0 45.1556970703125
59.0 49.825988671875
60.0 48.66489375
61.0 51.45906826171875
62.0 44.7925748046875
63.0 49.789271875
64.0 49.08096845703125
65.0 53.89512236328125
66.0 48.61565771484375
67.0 49.2996853515625
68.0 49.18967646484375
69.0 49.9051611328125
70.0 49.4895142578125
71.0 52.14142041015625
72.0 49.19767373046875
73.0 46.85514912109375
74.0 34.05347119140625
75.0 64.7408380859375
76.0 47.1497447265625
77.0 46.17756533203125
78.0 48.27473232421875
79.0 47.8007078125
80.0 53.7904908203125
81.0 49.63076669921875
82.0 47.250282421875
83.0 46.613755859375
84.0 48.0232279296875
85.0 47.492611328125
86.0 49.81216962890625
87.0 45.7381044921875
88.0 25.8232552734375
89.0 63.9579265625
90.0 50.964181640625
91.0 40.78272783203125
92.0 52.3879490234375
93.0 47.56867587890625
94.0 48.59529208984375
95.0 45.82386572265625
96.0 46.13945107421875
97.0 47.72652578125
98.0 44.6091541015625
99.0 46.626664453125
100.0 47.6961013671875
101.0 55.20769833984375
102.0 44.24767177734375
103.0 43.72601337890625
104.0 45.88403623046875
105.0 48.44461572265625
106.0 47.10778330078125
107.0 47.73171298828125
108.0 47.44355234375
109.0 48.66140419921875
110.0 46.18605
111.0 47.161578125
112.0 41.7007708984375
113.0 45.92409248046875
114.0 49.27876796875
115.0 47.99213798828125
116.0 47.57862890625
117.0 47.5179765625
118.0 52.91670458984375
119.0 46.84383076171875
120.0 46.01853544921875
121.0 47.13556123046875
122.0 48.59652392578125
123.0 46.24222861328125
124.0 43.6384865234375
125.0 48.10316064453125
126.0 41.11972978515625
127.0 47.85150302734375
128.0 39.4861666015625
129.0 48.54707392578125
130.0 47.799595703125
131.0 48.31240244140625
132.0 46.26967626953125
133.0 45.5450205078125
134.0 46.89250283203125
135.0 44.74013662109375
136.0 44.500231640625
137.0 46.59708837890625
138.0 48.93230029296875
139.0 44.4958625
140.0 45.915821484375
141.0 46.4040818359375
142.0 46.68966455078125
143.0 46.112282421875
144.0 46.05841064453125
145.0 42.11383427734375
146.0 41.6999732421875
147.0 50.176410546875
148.0 49.616264453125
149.0 54.4497736328125
150.0 47.38930908203125
151.0 47.83839873046875
152.0 48.39426982421875
153.0 44.4953978515625
154.0 47.49460888671875
155.0 46.656380078125
156.0 47.27927255859375
157.0 50.837819921875
158.0 40.82855107421875
159.0 48.60691015625
160.0 45.9593494140625
161.0 47.5593443359375
162.0 45.980828125
163.0 44.408633984375
164.0 48.90362001953125
165.0 34.31113935546875
166.0 56.57388876953125
167.0 49.41509482421875
168.0 49.104935546875
169.0 43.80105458984375
170.0 46.51012138671875
171.0 51.40996640625
172.0 49.1181470703125
173.0 50.84766416015625
174.0 47.16849345703125
175.0 48.10144169921875
176.0 49.079333203125
177.0 49.503865625
178.0 46.12229970703125
179.0 44.138757421875
180.0 49.59848095703125
181.0 45.95935908203125
182.0 44.2834005859375
183.0 46.40926796875
184.0 45.90696865234375
185.0 44.05586845703125
186.0 45.98611904296875
187.0 51.88953095703125
188.0 46.50366337890625
189.0 47.24745849609375
190.0 25.00446318359375
191.0 43.297251953125
192.0 49.8403708984375
193.0 49.58395478515625
194.0 39.0895529296875
195.0 49.334080859375
196.0 47.88123935546875
197.0 45.340429296875
198.0 51.35516591796875
199.0 44.07401494140625
200.0 48.5090625
201.0 49.01750380859375
202.0 49.24746689453125
203.0 48.97479306640625
204.0 49.4544333984375
205.0 48.295691796875
206.0 47.692830078125
207.0 48.26029462890625
208.0 49.9453677734375
209.0 47.42461005859375
210.0 49.26116796875
211.0 50.12394072265625
212.0 50.45678779296875
213.0 45.5683658203125
214.0 56.80981103515625
215.0 50.11976748046875
216.0 50.44984951171875
217.0 50.08534716796875
218.0 49.5261064453125
219.0 48.1872626953125
220.0 50.0352982421875
221.0 51.4550501953125
222.0 49.95829912109375
223.0 49.88532138671875
224.0 48.6528158203125
225.0 46.8008505859375
226.0 53.21803115234375
227.0 47.71111689453125
228.0 49.25409931640625
229.0 44.7858376953125
230.0 47.4807154296875
231.0 46.03949853515625
232.0 45.78205576171875
233.0 47.35594150390625
234.0 50.57476171875
235.0 55.21252421875
236.0 48.6754267578125
237.0 47.38658935546875
238.0 49.735388671875
239.0 48.54941044921875
240.0 48.27554375
241.0 49.34855849609375
242.0 47.972375
243.0 49.77571796875
244.0 49.89006640625
245.0 48.91424453125
246.0 50.51358251953125
247.0 55.10931552734375
248.0 48.54069345703125
249.0 47.14863720703125
250.0 48.05774580078125
251.0 47.58574609375
252.0 48.24955625
253.0 50.6732775390625
254.0 49.1222509765625
255.0 50.88867998046875
256.0 51.57507216796875
257.0 46.98132822265625
258.0 45.7066669921875
259.0 49.4245125
260.0 50.1464466796875
261.0 47.94239970703125
262.0 49.4681560546875
263.0 49.2776826171875
264.0 47.5152994140625
265.0 47.84974462890625
266.0 48.37608466796875
267.0 48.006669140625
268.0 49.1588654296875
269.0 47.7371978515625
270.0 55.12667373046875
271.0 49.42215537109375
272.0 49.2468833984375
273.0 50.20654072265625
274.0 49.6568896484375
275.0 48.1132138671875
276.0 49.59665166015625
277.0 48.0425962890625
278.0 46.4396890625
279.0 49.68942587890625
280.0 49.15548837890625
281.0 48.497314453125
282.0 49.44983642578125
283.0 50.52677509765625
284.0 48.77399375
285.0 48.86593662109375
286.0 49.95783974609375
287.0 49.48516513671875
288.0 49.5920267578125
289.0 48.0472515625
290.0 44.33174677734375
291.0 53.124829296875
292.0 46.71216396484375
293.0 49.65131943359375
294.0 47.52507607421875
295.0 46.6686625
296.0 47.6978466796875
297.0 48.4904224609375
298.0 46.89734873046875
299.0 49.11194765625
300.0 47.16402734375
301.0 52.03983740234375
302.0 47.3481775390625
303.0 48.765088671875
304.0 46.8397509765625
305.0 49.5938126953125
306.0 45.786890625
307.0 38.05719658203125
308.0 61.07048046875
309.0 49.62411279296875
310.0 47.63690595703125
311.0 48.35233349609375
312.0 37.41002353515625
313.0 53.5285787109375
314.0 46.25275830078125
315.0 49.5316326171875
316.0 46.76669873046875
317.0 48.40014169921875
318.0 48.302611328125
319.0 49.2945857421875
320.0 44.47579287109375
321.0 42.630689453125
322.0 48.26458515625
323.0 47.130771875
324.0 47.82609775390625
325.0 45.4456212890625
326.0 49.68143984375
327.0 35.659109765625
328.0 61.2773638671875
329.0 49.33490947265625
330.0 49.92524267578125
331.0 49.04142470703125
332.0 49.1044337890625
333.0 48.52440478515625
334.0 51.24472119140625
335.0 48.73881181640625
336.0 49.23376806640625
337.0 55.5225630859375
338.0 49.80689755859375
339.0 49.21499248046875
340.0 47.00117421875
341.0 49.52109912109375
342.0 47.32783984375
343.0 48.28806845703125
344.0 49.07941875
345.0 47.40057255859375
346.0 52.64641484375
347.0 49.52109228515625
348.0 36.39768701171875
349.0 58.98451123046875
350.0 46.83794921875
351.0 37.121566015625
352.0 64.237878515625
353.0 47.7137060546875
354.0 45.66618935546875
355.0 48.5172525390625
356.0 49.40746748046875
357.0 49.91695986328125
358.0 49.49666826171875
359.0 48.49483642578125
360.0 48.9787453125
361.0 45.0571626953125
362.0 47.60634775390625
363.0 45.61714267578125
364.0 53.5667318359375
365.0 29.582005078125
366.0 59.13018740234375
367.0 38.44658994140625
368.0 48.95584482421875
369.0 48.05114892578125
370.0 48.30036552734375
371.0 48.24583798828125
372.0 49.12688662109375
373.0 49.48345791015625
374.0 48.71401083984375
375.0 52.3268578125
376.0 49.74608310546875
377.0 45.11866435546875
378.0 48.9821400390625
379.0 46.8477798828125
380.0 46.5383830078125
381.0 46.09153427734375
382.0 49.802965625
383.0 46.84081162109375
384.0 48.35198251953125
385.0 48.3654548828125
386.0 48.1364103515625
387.0 55.0674537109375
388.0 49.25053369140625
389.0 47.9100646484375
390.0 43.8939919921875
391.0 52.02270908203125
392.0 49.4097611328125
393.0 48.4427421875
394.0 38.07636474609375
395.0 46.819243359375
396.0 47.325653515625
397.0 40.163296484375
398.0 49.026609765625
399.0 39.31370517578125
400.0 34.7593470703125
401.0 53.79941064453125
402.0 46.70372158203125
403.0 44.865213671875
404.0 40.1654751953125
405.0 50.01998671875
406.0 43.2501640625
407.0 42.67220166015625
408.0 42.11130830078125
409.0 44.17273525390625
410.0 45.96308603515625
411.0 46.3131986328125
412.0 48.25514375
413.0 49.7510701171875
414.0 45.3830271484375
415.0 45.66216435546875
416.0 38.657547265625
417.0 43.15673564453125
418.0 32.4129220703125
419.0 34.74477392578125
420.0 39.789980078125
421.0 47.1832359375
422.0 48.2779091796875
423.0 45.43030986328125
424.0 46.60525146484375
425.0 49.9415158203125
426.0 45.51253466796875
427.0 30.9730572265625
428.0 53.4095611328125
429.0 50.6087734375
430.0 49.394237890625
431.0 50.368516796875
432.0 50.59507412109375
433.0 51.2036802734375
434.0 49.27178759765625
435.0 55.6580328125
436.0 46.045853125
437.0 49.54389853515625
438.0 50.497206640625
439.0 48.3902484375
440.0 52.82322001953125
441.0 48.45577783203125
442.0 50.230523046875
443.0 47.992403515625
444.0 45.3393859375
445.0 46.64617880859375
446.0 51.99520537109375
447.0 47.07873818359375
448.0 48.203327734375
449.0 49.3910693359375
450.0 49.56840537109375
451.0 48.534333203125
452.0 47.49432626953125
453.0 50.5456353515625
454.0 49.212421484375
455.0 50.28663369140625
456.0 48.53490439453125
457.0 49.3932203125
458.0 48.27664228515625
459.0 56.52097607421875
460.0 43.16917568359375
461.0 49.1795681640625
462.0 46.91080654296875
463.0 54.4442228515625
464.0 46.5082498046875
465.0 45.55549189453125
466.0 52.5012212890625
467.0 48.01006494140625
468.0 41.7154158203125
469.0 49.53435078125
470.0 46.2049896484375
471.0 53.269701171875
472.0 48.65156220703125
473.0 49.34768447265625
474.0 48.360631640625
475.0 48.41720146484375
476.0 48.5095677734375
477.0 47.091916015625
478.0 45.2490005859375
479.0 54.19009052734375
480.0 46.96888564453125
481.0 33.914929296875
482.0 62.15342060546875
483.0 48.3704875
484.0 49.15700517578125
485.0 37.13871982421875
486.0 50.42017353515625
487.0 53.64074619140625
488.0 53.700110546875
489.0 46.29210322265625
490.0 41.16285986328125
491.0 48.031415234375
492.0 47.94956552734375
493.0 50.5433921875
494.0 49.49141650390625
495.0 48.0404900390625
496.0 49.82476640625
497.0 49.643471875
498.0 50.342967578125
499.0 49.3764064453125
500.0 47.23440654296875
501.0 44.0995041015625
502.0 47.2501970703125
503.0 54.20925888671875
504.0 47.39738603515625
505.0 48.99519033203125
506.0 42.9725189453125
507.0 51.54845625
508.0 42.8919505859375
509.0 52.00694951171875
510.0 49.97124619140625
511.0 46.850458984375
512.0 45.46858779296875
513.0 48.5561396484375
514.0 50.84558701171875
515.0 48.67387822265625
516.0 49.0684234375
517.0 50.15884345703125
518.0 49.7475189453125
519.0 49.1779271484375
520.0 46.85307177734375
521.0 50.08210869140625
522.0 43.91222294921875
523.0 55.8240103515625
524.0 51.2417998046875
525.0 49.8115431640625
526.0 47.2675326171875
527.0 49.18806142578125
528.0 47.8399248046875
529.0 50.22536455078125
530.0 50.41707412109375
531.0 45.94410869140625
532.0 47.9183564453125
533.0 47.73224384765625
534.0 54.7114888671875
535.0 45.13087138671875
536.0 47.22394638671875
537.0 53.684456640625
538.0 48.6307400390625
539.0 47.5531181640625
540.0 48.42385224609375
541.0 46.90538935546875
542.0 46.53527841796875
543.0 49.14259287109375
544.0 47.69623251953125
545.0 50.02222724609375
546.0 53.8392716796875
547.0 49.8277564453125
548.0 49.81371552734375
549.0 50.00173642578125
550.0 47.271255859375
551.0 44.91087744140625
552.0 47.95539638671875
553.0 50.13685947265625
554.0 46.75724404296875
555.0 54.8144654296875
556.0 48.40942744140625
557.0 49.50899814453125
558.0 50.17854765625
559.0 50.05285361328125
560.0 49.92441162109375
561.0 46.16361650390625
562.0 38.61057431640625
563.0 49.744952734375
564.0 50.98446806640625
565.0 47.68650498046875
566.0 48.387210546875
567.0 49.77237314453125
568.0 46.8681056640625
569.0 48.09539765625
570.0 47.87188359375
571.0 49.59970341796875
572.0 48.46597568359375
573.0 52.62667685546875
574.0 47.4670498046875
575.0 49.49653740234375
576.0 48.779527734375
577.0 47.80989013671875
578.0 49.49935419921875
579.0 49.78160380859375
580.0 48.99760009765625
581.0 47.58460791015625
582.0 48.7343169921875
583.0 48.10365966796875
584.0 47.75474541015625
585.0 49.12349853515625
586.0 38.56158388671875
587.0 48.899246484375
588.0 46.93152197265625
589.0 54.575613671875
590.0 48.439348046875
591.0 48.1623859375
592.0 48.57603515625
593.0 47.0101875
594.0 48.78878125
595.0 48.931139453125
596.0 47.2270552734375
597.0 49.67950791015625
598.0 48.92194921875
599.0 53.47706552734375
600.0 47.62420048828125
601.0 48.3310419921875
602.0 43.50976259765625
603.0 49.3145751953125
604.0 47.79780478515625
605.0 50.788450390625
606.0 50.0657955078125
607.0 49.0091154296875
608.0 51.08900380859375
609.0 50.09516796875
610.0 48.42118701171875
611.0 48.919812109375
612.0 49.504272265625
613.0 41.31337626953125
614.0 48.35646884765625
615.0 36.332350390625
616.0 65.65787861328126
617.0 38.55211279296875
618.0 58.72390888671875
619.0 55.3397568359375
620.0 49.07801318359375
621.0 50.368108203125
622.0 50.46512314453125
623.0 50.70023388671875
624.0 46.938309375
625.0 47.7206318359375
626.0 48.74916162109375
627.0 49.61427109375
628.0 49.0568150390625
629.0 49.08447431640625
630.0 44.8591962890625
631.0 55.88998310546875
632.0 48.2548279296875
633.0 49.20215048828125
634.0 52.845539453125
635.0 47.9396236328125
636.0 47.8600033203125
637.0 49.57381416015625
638.0 46.1364494140625
639.0 45.9340568359375
640.0 47.28632880859375
641.0 47.691920703125
642.0 50.8613193359375
643.0 49.4252662109375
644.0 49.6076833984375
645.0 49.53286923828125
646.0 35.97547705078125
647.0 62.66888056640625
648.0 43.66075595703125
649.0 54.9805134765625
650.0 46.8899169921875
651.0 46.4038576171875
652.0 50.27313974609375
653.0 48.1751783203125
654.0 47.7327634765625
655.0 48.1755044921875
656.0 48.1843994140625
657.0 47.2702615234375
658.0 54.86393876953125
659.0 47.0954458984375
660.0 49.97198173828125
661.0 45.83181181640625
662.0 37.74479501953125
663.0 57.47270576171875
664.0 54.6994650390625
665.0 47.0665380859375
666.0 35.97480517578125
667.0 58.297558203125
668.0 45.524442578125
669.0 48.31939169921875
670.0 48.6518298828125
671.0 51.275830078125
672.0 42.187512890625
673.0 46.4926453125
674.0 48.46936435546875
675.0 48.3539244140625
676.0 47.73790166015625
677.0 46.37297734375
678.0 46.96099794921875
679.0 49.00009501953125
680.0 48.175220703125
681.0 54.88111455078125
682.0 49.15753583984375
683.0 48.9990205078125
684.0 49.720913671875
685.0 36.82402158203125
686.0 60.30452041015625
687.0 40.56104765625
688.0 43.82815830078125
689.0 47.2706625
690.0 49.91273125
691.0 49.04911962890625
692.0 46.50848740234375
693.0 48.01684833984375
694.0 48.71535009765625
695.0 48.469996484375
696.0 49.67245068359375
697.0 48.63510927734375
698.0 49.5854166015625
699.0 50.802058984375
700.0 53.58749140625
701.0 43.99334013671875
702.0 53.601624609375
703.0 49.8407662109375
704.0 50.4440439453125
705.0 50.79881318359375
706.0 34.1324169921875
707.0 64.64642197265626
708.0 47.12263203125
709.0 47.628555078125
710.0 42.156066796875
711.0 52.2263861328125
712.0 49.146530078125
713.0 46.796396484375
714.0 50.18926337890625
715.0 48.788755078125
716.0 48.623455859375
717.0 48.61791494140625
718.0 53.2025390625
719.0 49.09925224609375
720.0 47.7630912109375
721.0 44.0779755859375
722.0 58.68265498046875
723.0 49.578342578125
724.0 50.84051845703125
725.0 50.73461259765625
726.0 45.1904802734375
727.0 48.38114619140625
728.0 45.2153736328125
729.0 49.68939609375
730.0 49.77760048828125
731.0 49.8842349609375
732.0 50.212766796875
733.0 56.02006220703125
734.0 48.28977607421875
735.0 49.1326896484375
736.0 49.16760625
737.0 49.2243103515625
738.0 49.110235546875
739.0 50.1680736328125
740.0 49.266877734375
741.0 39.92922763671875
742.0 52.09601923828125
743.0 49.4723140625
744.0 47.85880703125
745.0 54.571351953125
746.0 45.95273046875
747.0 45.657794140625
748.0 48.315967578125
749.0 55.50123505859375
750.0 47.10987724609375
751.0 47.3306453125
752.0 49.400103515625
753.0 48.42341591796875
754.0 48.08107470703125
755.0 49.4941701171875
756.0 47.60366689453125
757.0 48.7123546875
758.0 53.35288349609375
759.0 48.91198564453125
760.0 47.383837890625
761.0 47.97163525390625
762.0 47.308172265625
763.0 48.7952697265625
764.0 40.49255546875
765.0 57.7461197265625
766.0 53.35140908203125
767.0 44.403861328125
768.0 53.1175740234375
769.0 48.614528125
770.0 48.913279296875
771.0 48.369224609375
772.0 49.5795275390625
773.0 48.73272236328125
774.0 46.15180634765625
775.0 49.1299029296875
776.0 48.10921474609375
777.0 54.55229072265625
778.0 49.52826787109375
779.0 49.51185634765625
780.0 41.65444521484375
781.0 48.28018017578125
782.0 44.02817109375
783.0 49.2146001953125
784.0 49.1449552734375
785.0 55.40752255859375
786.0 44.282034375
787.0 47.1791919921875
788.0 50.363516796875
789.0 50.82288408203125
790.0 51.4774705078125
791.0 48.03353857421875
792.0 46.24944873046875
793.0 47.87770419921875
794.0 49.08067705078125
795.0 49.0549884765625
796.0 54.9027419921875
797.0 50.09703603515625
798.0 48.4838486328125
799.0 50.51235390625
