0.0 22.14852421875
1.0 11.47056025390625
2.0 21.87247001953125
3.0 20.506776953125
4.0 25.67511796875
5.0 38.60609033203125
6.0 43.56218740234375
7.0 29.92538115234375
8.0 47.97794736328125
9.0 47.4489775390625
10.0 28.30226572265625
11.0 48.22653076171875
12.0 45.41615166015625
13.0 48.65530556640625
14.0 36.880198828125
15.0 41.1677556640625
16.0 20.847866015625
17.0 49.727063671875
18.0 36.82298271484375
19.0 32.7642025390625
20.0 43.45237548828125
21.0 35.9188353515625
22.0 46.638616015625
23.0 49.18466728515625
24.0 45.36665537109375
25.0 36.3740630859375
26.0 11.05665888671875
27.0 39.1989103515625
28.0 26.1696658203125
29.0 57.28478662109375
30.0 38.5415392578125
31.0 48.91073349609375
32.0 38.8492353515625
33.0 39.04964150390625
34.0 52.24949794921875
35.0 46.2190884765625
36.0 28.99087529296875
37.0 47.55932333984375
38.0 39.146633984375
39.0 33.6246626953125
40.0 32.6751921875
41.0 22.2084166015625
42.0 26.17311513671875
43.0 28.04832353515625
44.0 19.4745916015625
45.0 27.01726025390625
46.0 16.925962109375
47.0 24.55345458984375
48.0 29.921298046875
49.0 20.6933107421875
50.0 28.26047998046875
51.0 32.01437958984375
52.0 36.1480376953125
53.0 41.57231123046875
54.0 28.8298265625
55.0 41.137901171875
56.0 32.84139189453125
57.0 36.0917416015625
58.0 47.79489833984375
59.0 44.03941923828125
60.0 26.4228126953125
61.0 31.18429140625
62.0 20.42522919921875
63.0 12.8514703125
64.0 38.88885400390625
65.0 39.20805166015625
66.0 28.08778955078125
67.0 21.26909765625
68.0 52.73700048828125
69.0 42.3368447265625
70.0 21.3485435546875
71.0 50.9009609375
72.0 48.54784443359375
73.0 46.2507302734375
74.0 38.7127224609375
75.0 32.17354375
76.0 27.029705078125
77.0 27.14651396484375
78.0 30.73111435546875
79.0 39.84126298828125
80.0 40.35506474609375
81.0 27.70481611328125
82.0 29.3608669921875
83.0 20.3604328125
84.0 25.2282328125
85.0 45.0366013671875
86.0 38.5863912109375
87.0 45.03377099609375
88.0 37.3559009765625
89.0 37.89836328125
90.0 35.3676375
91.0 41.19874951171875
92.0 44.14735400390625
93.0 24.1186923828125
94.0 43.2334236328125
95.0 21.12001328125
96.0 34.57261796875
97.0 42.16346650390625
98.0 43.2577158203125
99.0 34.8575482421875
100.0 55.25504462890625
101.0 17.32156689453125
102.0 5.66531259765625
103.0 9.34039892578125
104.0 13.9509064453125
105.0 11.5364556640625
106.0 12.357222265625
107.0 34.266847265625
108.0 45.302877734375
109.0 38.277979296875
110.0 30.73913837890625
111.0 38.87406640625
112.0 40.44266982421875
113.0 49.27432607421875
114.0 38.59674638671875
115.0 53.1102150390625
116.0 35.34479677734375
117.0 37.12072939453125
118.0 53.58420234375
119.0 24.6351443359375
120.0 53.82028896484375
121.0 45.344405078125
122.0 44.1099958984375
123.0 41.82233134765625
124.0 25.733133203125
125.0 54.6692361328125
126.0 31.68514921875
127.0 55.85856884765625
128.0 44.77825234375
129.0 28.7658439453125
130.0 53.41491279296875
131.0 44.65466171875
132.0 28.204774609375
133.0 44.03529501953125
134.0 42.368026953125
135.0 43.82591845703125
136.0 31.063426171875
137.0 51.34822255859375
138.0 45.93886044921875
139.0 36.83526279296875
140.0 43.023786328125
141.0 29.15566318359375
142.0 53.92844169921875
143.0 45.397458203125
144.0 53.07859111328125
145.0 37.68116708984375
146.0 39.81449365234375
147.0 23.9206419921875
148.0 37.327011328125
149.0 42.61357060546875
150.0 37.03409755859375
151.0 40.0255453125
152.0 23.9267923828125
153.0 23.03391943359375
154.0 37.32576240234375
155.0 16.8692
156.0 46.1991998046875
157.0 30.72177119140625
158.0 42.05138837890625
159.0 30.1963291015625
160.0 36.834773828125
161.0 16.80326123046875
162.0 0.57558583984375
163.0 19.9025845703125
164.0 22.73792841796875
165.0 6.752359375
166.0 17.29815751953125
167.0 22.78626552734375
168.0 26.23386337890625
169.0 46.61302978515625
170.0 38.13259375
171.0 36.9970572265625
172.0 41.9742228515625
173.0 23.85174228515625
174.0 50.26080517578125
175.0 31.9583875
176.0 26.16264765625
177.0 24.6276328125
178.0 11.347465625
179.0 35.68113564453125
180.0 28.72756220703125
181.0 37.02086044921875
182.0 33.4354490234375
183.0 37.95099541015625
184.0 44.205936328125
185.0 24.2856087890625
186.0 33.23584638671875
187.0 38.5165763671875
188.0 32.451024609375
189.0 34.0039458984375
190.0 14.206926953125
191.0 41.991305078125
192.0 20.1544447265625
193.0 21.157415625
194.0 33.6796865234375
195.0 27.3858189453125
196.0 43.22031708984375
197.0 25.56767294921875
198.0 34.02036728515625
199.0 43.57261806640625
200.0 32.077502734375
201.0 40.044908984375
202.0 47.84275048828125
203.0 41.50917685546875
204.0 36.0487216796875
205.0 24.350975
206.0 14.96997353515625
207.0 20.46075927734375
208.0 20.68094228515625
209.0 34.484387109375
210.0 41.59931982421875
211.0 42.56785302734375
212.0 33.16978369140625
213.0 25.8631626953125
214.0 27.29370322265625
215.0 20.907459375
216.0 40.54769716796875
217.0 22.43777392578125
218.0 48.81966435546875
219.0 35.070137890625
220.0 36.24275673828125
221.0 16.51097548828125
222.0 35.489222265625
223.0 23.7178318359375
224.0 10.7838107421875
225.0 3.502055078125
226.0 13.9582173828125
227.0 43.0014509765625
228.0 40.19951015625
229.0 44.60496123046875
230.0 29.96764140625
231.0 12.05491650390625
232.0 8.7494052734375
233.0 5.07122373046875
234.0 2.0463298828125
235.0 29.23089697265625
236.0 40.57861201171875
237.0 19.5042421875
238.0 43.7658765625
239.0 30.24248994140625
240.0 48.73540908203125
241.0 34.1500080078125
242.0 56.15733154296875
243.0 29.86458740234375
244.0 25.580508203125
245.0 33.5641498046875
246.0 24.74698955078125
247.0 41.26791962890625
248.0 46.265306640625
249.0 16.8726802734375
250.0 44.35467607421875
251.0 27.816922265625
252.0 48.40672724609375
253.0 37.400044921875
254.0 7.66825869140625
255.0 10.186858984375
256.0 0.0
257.0 0.0
258.0 0.0
259.0 0.0
260.0 0.0
261.0 0.0
262.0 0.0
263.0 0.0
264.0 0.0
265.0 0.0
266.0 0.02083583984375
267.0 2.9224625
268.0 10.5827080078125
269.0 43.37394384765625
270.0 39.867375
271.0 44.88401396484375
272.0 34.8356689453125
273.0 35.18973037109375
274.0 43.4922548828125
275.0 39.23079384765625
276.0 39.0092634765625
277.0 37.74397060546875
278.0 23.13841396484375
279.0 52.819052734375
280.0 38.18991708984375
281.0 23.556176953125
282.0 40.8506876953125
283.0 41.903196484375
284.0 45.03448486328125
285.0 40.810828125
286.0 43.4284806640625
287.0 32.644067578125
288.0 33.21892568359375
289.0 42.91385048828125
290.0 32.78809892578125
291.0 45.4268865234375
292.0 39.36111162109375
293.0 46.77319404296875
294.0 25.74985126953125
295.0 59.3486314453125
296.0 36.8404244140625
297.0 45.251704296875
298.0 39.89065
299.0 26.45756513671875
300.0 30.213358984375
301.0 13.0659943359375
302.0 17.02298984375
303.0 14.24660791015625
304.0 12.62024658203125
305.0 29.709387890625
306.0 43.37767001953125
307.0 31.99940078125
308.0 45.20645849609375
309.0 30.2668919921875
310.0 36.095570703125
311.0 28.3751630859375
312.0 43.7164966796875
313.0 27.91289755859375
314.0 33.168874609375
315.0 45.463598828125
316.0 35.18397626953125
317.0 35.8598029296875
318.0 29.24626533203125
319.0 18.43668173828125
320.0 51.926771484375
321.0 24.31332548828125
322.0 48.90944716796875
323.0 33.531351953125
324.0 21.31664638671875
325.0 40.92607236328125
326.0 40.03293583984375
327.0 36.21804619140625
328.0 41.25262294921875
329.0 41.6082677734375
330.0 25.6061400390625
331.0 24.8273572265625
332.0 26.303477734375
333.0 20.85731669921875
334.0 23.16137451171875
335.0 26.3794595703125
336.0 24.586843359375
337.0 13.1716828125
338.0 21.3746259765625
339.0 26.17255556640625
340.0 27.36975791015625
341.0 32.59229736328125
342.0 36.20848017578125
343.0 35.33409755859375
344.0 31.0789341796875
345.0 38.7827462890625
346.0 34.6661837890625
347.0 43.04037451171875
348.0 26.7794828125
349.0 33.45548623046875
350.0 33.8894056640625
351.0 26.86785
352.0 29.45156435546875
353.0 22.5329248046875
354.0 49.30157900390625
355.0 30.886367578125
356.0 42.0805916015625
357.0 40.0947080078125
358.0 32.8257314453125
359.0 26.56854013671875
360.0 53.6940201171875
361.0 29.22937294921875
362.0 40.880444921875
363.0 26.23587802734375
364.0 33.757408203125
365.0 32.3131755859375
366.0 36.60045908203125
367.0 41.7509927734375
368.0 48.633110546875
369.0 32.70996357421875
370.0 48.590681640625
371.0 36.9660078125
372.0 38.51952470703125
373.0 26.471727734375
374.0 39.17020791015625
375.0 33.68269814453125
376.0 47.432805078125
377.0 42.467375390625
378.0 46.17235322265625
379.0 27.53896630859375
380.0 43.801649609375
381.0 36.8451580078125
382.0 32.70247705078125
383.0 30.275542578125
384.0 48.25104580078125
385.0 44.40198662109375
386.0 33.6266841796875
387.0 51.67814873046875
388.0 21.1130484375
389.0 43.791293359375
390.0 44.82914658203125
391.0 32.97026474609375
392.0 26.23104345703125
393.0 31.61614228515625
394.0 54.59010712890625
395.0 13.80282958984375
396.0 50.38435205078125
397.0 32.13427900390625
398.0 36.97858974609375
399.0 41.05847451171875
400.0 46.05399267578125
401.0 26.376378125
402.0 42.97058271484375
403.0 18.71922392578125
404.0 40.4919390625
405.0 48.602689453125
406.0 47.45761513671875
407.0 46.6075828125
408.0 46.048640625
409.0 41.0585736328125
410.0 51.53344521484375
411.0 43.85184677734375
412.0 42.73752275390625
413.0 30.27730048828125
414.0 49.9796638671875
415.0 47.48280546875
416.0 46.007824609375
417.0 44.3162251953125
418.0 40.387762890625
419.0 43.81534970703125
420.0 41.03618232421875
421.0 40.06302978515625
422.0 32.5494185546875
423.0 46.45684853515625
424.0 41.9310744140625
425.0 32.700333203125
426.0 56.90839072265625
427.0 40.9551419921875
428.0 49.96502998046875
429.0 49.84669375
430.0 44.85561865234375
431.0 45.46951611328125
432.0 40.86675771484375
433.0 28.77103037109375
434.0 30.45600869140625
435.0 43.60956650390625
436.0 41.582641015625
437.0 36.4389599609375
438.0 39.46814140625
439.0 49.67138828125
440.0 44.81266484375
441.0 45.97168515625
442.0 48.2208591796875
443.0 44.01597744140625
444.0 25.9239892578125
445.0 51.56734921875
446.0 44.93093427734375
447.0 44.91670595703125
448.0 46.4803369140625
449.0 49.10875859375
450.0 43.288264453125
451.0 48.20914375
452.0 43.06711953125
453.0 48.44981884765625
454.0 45.3975908203125
455.0 42.3289541015625
456.0 24.79300263671875
457.0 58.0695361328125
458.0 42.62087705078125
459.0 40.33948642578125
460.0 41.7307357421875
461.0 60.1595818359375
462.0 40.43745244140625
463.0 40.1626744140625
464.0 39.3211099609375
465.0 31.0462125
466.0 32.55578564453125
467.0 46.5660984375
468.0 47.6564388671875
469.0 47.017285546875
470.0 42.2427248046875
471.0 40.670019140625
472.0 54.937516015625
473.0 29.124431640625
474.0 59.89025830078125
475.0 47.3220123046875
476.0 30.16823125
477.0 53.32826591796875
478.0 33.383823046875
479.0 58.05957373046875
480.0 34.3423498046875
481.0 53.9270212890625
482.0 43.0176330078125
483.0 44.59448583984375
484.0 44.29876982421875
485.0 43.94535458984375
486.0 47.06829443359375
487.0 15.81225146484375
488.0 48.778633203125
489.0 59.5638732421875
490.0 48.02244306640625
491.0 3.6839501953125
492.0 13.9072068359375
493.0 33.78009462890625
494.0 39.8691759765625
495.0 42.07994384765625
496.0 29.202935546875
497.0 48.40986103515625
498.0 45.61185634765625
499.0 53.0156513671875
500.0 46.85039755859375
501.0 44.2057185546875
502.0 22.13408203125
503.0 47.515740234375
504.0 49.43317509765625
505.0 46.77934091796875
506.0 34.1182583984375
507.0 46.292562890625
508.0 36.004733203125
509.0 46.7899298828125
510.0 37.19679248046875
511.0 48.04681513671875
512.0 44.800041015625
513.0 25.1929189453125
514.0 38.64960068359375
515.0 51.49687099609375
516.0 46.000230078125
517.0 39.34560029296875
518.0 35.759215625
519.0 43.2945392578125
520.0 47.0582767578125
521.0 50.4056283203125
522.0 47.167106640625
523.0 45.85647060546875
524.0 44.43573544921875
525.0 33.9739791015625
526.0 51.99279482421875
527.0 31.318268359375
528.0 18.0039392578125
529.0 32.8810328125
530.0 37.8247443359375
531.0 44.36410048828125
532.0 45.25559267578125
533.0 47.97220703125
534.0 45.38706015625
535.0 53.02224423828125
536.0 48.049527734375
537.0 42.00950869140625
538.0 43.684959375
539.0 40.1899150390625
540.0 45.62849755859375
541.0 44.62349697265625
542.0 41.8877830078125
543.0 44.01460849609375
544.0 44.67453251953125
545.0 42.2386958984375
546.0 40.99339619140625
547.0 25.54494609375
548.0 58.16607724609375
549.0 32.93589609375
550.0 11.579934375
551.0 71.88817822265625
552.0 41.00774736328125
553.0 48.480641015625
554.0 45.1319197265625
555.0 44.68336787109375
556.0 44.52911162109375
557.0 45.7673048828125
558.0 38.608662109375
559.0 41.02051953125
560.0 47.87647265625
561.0 42.47629423828125
562.0 42.6498849609375
563.0 36.26227958984375
564.0 43.34411376953125
565.0 52.91987275390625
566.0 46.81376455078125
567.0 45.17693466796875
568.0 46.8414724609375
569.0 34.70272880859375
570.0 46.2178775390625
571.0 46.80805009765625
572.0 47.32492236328125
573.0 48.80334296875
574.0 53.75261357421875
575.0 49.9178263671875
576.0 47.3481232421875
577.0 45.82154814453125
578.0 48.0540115234375
579.0 35.12762275390625
580.0 53.61461806640625
581.0 50.62293828125
582.0 47.1247802734375
583.0 48.273430078125
584.0 49.19969375
585.0 45.64025859375
586.0 47.78887568359375
587.0 44.89284306640625
588.0 48.42531611328125
589.0 43.28608916015625
590.0 33.44278154296875
591.0 54.63051044921875
592.0 50.72960009765625
593.0 48.34965869140625
594.0 47.5357759765625
595.0 43.92129580078125
596.0 47.12594521484375
597.0 47.2696513671875
598.0 43.77569111328125
599.0 36.0297130859375
600.0 51.20945654296875
601.0 50.2573634765625
602.0 44.85330703125
603.0 47.32508154296875
604.0 47.3949404296875
605.0 45.7998193359375
606.0 47.87041240234375
607.0 48.37797158203125
608.0 46.58993916015625
609.0 48.7679259765625
610.0 47.73955810546875
611.0 43.63104658203125
612.0 44.33431005859375
613.0 45.4295466796875
614.0 46.52469619140625
615.0 42.83739775390625
616.0 43.50044599609375
617.0 44.5999658203125
618.0 44.90078427734375
619.0 40.25884892578125
620.0 42.48474619140625
621.0 41.2131833984375
622.0 29.1343177734375
623.0 63.828932421875
624.0 44.43105810546875
625.0 46.45539609375
626.0 45.02217275390625
627.0 45.6225025390625
628.0 44.523627734375
629.0 49.5982447265625
630.0 40.99077783203125
631.0 43.9921783203125
632.0 40.86022841796875
633.0 31.19216142578125
634.0 59.05840693359375
635.0 44.39097041015625
636.0 32.82251142578125
637.0 51.9069919921875
638.0 50.43702197265625
639.0 34.50183408203125
640.0 43.6925662109375
641.0 38.71110869140625
642.0 36.28279814453125
643.0 40.28424248046875
644.0 37.17768466796875
645.0 46.51568798828125
646.0 44.34832822265625
647.0 39.42310849609375
648.0 40.95790078125
649.0 40.324873046875
650.0 46.41512568359375
651.0 38.4893392578125
652.0 44.2178322265625
653.0 45.41556171875
654.0 40.9002033203125
655.0 34.76600810546875
656.0 44.9402208984375
657.0 42.1461421875
658.0 45.5016763671875
659.0 41.69343916015625
660.0 39.2463494140625
661.0 33.319733984375
662.0 30.39627900390625
663.0 37.0767265625
664.0 36.4576576171875
665.0 21.1069923828125
666.0 35.53475986328125
667.0 42.05195166015625
668.0 29.58005986328125
669.0 51.970862890625
670.0 28.80175126953125
671.0 20.75418046875
672.0 30.36130830078125
673.0 30.50605458984375
674.0 42.001275390625
675.0 41.287137109375
676.0 46.36747275390625
677.0 23.423727734375
678.0 47.05688740234375
679.0 40.0594076171875
680.0 15.71566787109375
681.0 59.69540986328125
682.0 39.6821451171875
683.0 39.932199609375
684.0 33.7444470703125
685.0 41.84694931640625
686.0 29.1769306640625
687.0 38.3860599609375
688.0 28.1642908203125
689.0 44.3037751953125
690.0 45.8348869140625
691.0 38.32576279296875
692.0 45.441418359375
693.0 61.10436650390625
694.0 45.45088427734375
695.0 38.3305099609375
696.0 59.51048955078125
697.0 48.7935365234375
698.0 42.88326083984375
699.0 47.32684912109375
700.0 49.833725390625
701.0 44.59391318359375
702.0 41.6291064453125
703.0 45.86569384765625
704.0 44.83546142578125
705.0 32.95973720703125
706.0 55.702018359375
707.0 50.26082158203125
708.0 48.308922265625
709.0 47.06590322265625
710.0 45.93549169921875
711.0 49.40664072265625
712.0 44.88213828125
713.0 48.4919814453125
714.0 48.0191099609375
715.0 32.561691796875
716.0 27.20846923828125
717.0 45.96014765625
718.0 47.2543630859375
719.0 50.2987564453125
720.0 45.2361017578125
721.0 46.3162251953125
722.0 43.37235107421875
723.0 45.81975849609375
724.0 23.46046943359375
725.0 45.86011142578125
726.0 41.525293359375
727.0 41.5884126953125
728.0 52.2557248046875
729.0 44.097739453125
730.0 33.7340408203125
731.0 45.44638359375
732.0 45.583515234375
733.0 46.79263857421875
734.0 46.58636787109375
735.0 34.6693685546875
736.0 37.42139453125
737.0 40.74811953125
738.0 44.87726494140625
739.0 44.85988076171875
740.0 40.9223138671875
741.0 39.64364326171875
742.0 40.758972265625
743.0 41.4503771484375
744.0 43.00204404296875
745.0 25.05386650390625
746.0 42.0836482421875
747.0 42.37052578125
748.0 41.160273046875
749.0 41.085635546875
750.0 44.16052666015625
751.0 44.38199365234375
752.0 45.3724033203125
753.0 53.7290888671875
754.0 45.60329248046875
755.0 38.73570859375
756.0 54.0273576171875
757.0 33.81485947265625
758.0 51.6662671875
759.0 48.91851494140625
760.0 44.7940505859375
761.0 32.4778173828125
762.0 47.89048291015625
763.0 51.89512470703125
764.0 49.30413408203125
765.0 47.891619140625
766.0 49.93413037109375
767.0 30.82319697265625
768.0 44.719662890625
769.0 48.88438349609375
770.0 37.7925013671875
771.0 57.1501626953125
772.0 39.4465205078125
773.0 49.29441796875
774.0 46.52845478515625
775.0 45.84921943359375
776.0 49.506849609375
777.0 40.63244375
778.0 37.72847958984375
779.0 51.0668734375
780.0 45.4638556640625
781.0 46.10818916015625
782.0 43.0426130859375
783.0 46.4135525390625
784.0 44.81750419921875
785.0 45.229166015625
786.0 47.08083251953125
787.0 44.448291796875
788.0 30.7082798828125
789.0 58.5130125
790.0 40.27754599609375
791.0 22.66254375
792.0 64.41545830078125
793.0 37.92747333984375
794.0 34.83043603515625
795.0 37.2456681640625
796.0 43.2828142578125
797.0 39.64355078125
798.0 47.40393212890625
799.0 32.72342998046875
