0.0 12.7326787109375
1.0 20.99792294921875
2.0 27.05754208984375
3.0 17.6563533203125
4.0 27.30366572265625
5.0 21.32460283203125
6.0 29.41539423828125
7.0 25.646553515625
8.0 25.65031728515625
9.0 31.93673740234375
10.0 40.78083369140625
11.0 29.18924736328125
12.0 27.210915625
13.0 40.8947408203125
14.0 37.3536
15.0 39.9824013671875
16.0 37.80898486328125
17.0 36.02489482421875
18.0 36.04409326171875
19.0 36.73622841796875
20.0 30.88637861328125
21.0 14.3011099609375
22.0 3.46777314453125
23.0 30.5813318359375
24.0 29.5799361328125
25.0 20.0607189453125
26.0 28.52884892578125
27.0 23.727205859375
28.0 26.91443681640625
29.0 39.16311484375
30.0 32.5327978515625
31.0 28.92615478515625
32.0 35.5803478515625
33.0 19.47473173828125
34.0 5.74873427734375
35.0 13.4597826171875
36.0 34.59322900390625
37.0 27.08144921875
38.0 34.97888974609375
39.0 29.8374685546875
40.0 22.48832294921875
41.0 14.75565927734375
42.0 18.2652037109375
43.0 21.59267978515625
44.0 10.01590205078125
45.0 16.82803720703125
46.0 20.12908017578125
47.0 4.4361322265625
48.0 24.0344328125
49.0 25.6599115234375
50.0 24.26601357421875
51.0 5.92243359375
52.0 13.08299951171875
53.0 5.0124748046875
54.0 3.69356533203125
55.0 8.2634763671875
56.0 20.6909458984375
57.0 20.770750390625
58.0 21.8732837890625
59.0 13.78078642578125
60.0 23.526546484375
61.0 22.71991611328125
62.0 14.53426005859375
63.0 24.66160302734375
64.0 8.040948046875
65.0 13.5682947265625
66.0 15.452719921875
67.0 25.14023505859375
68.0 19.2514935546875
69.0 12.4599697265625
70.0 18.516747265625
71.0 16.09167607421875
72.0 11.53023095703125
73.0 1.74372197265625
74.0 3.42481513671875
75.0 18.7182451171875
76.0 17.9469890625
77.0 15.6690822265625
78.0 13.24794462890625
79.0 13.944104296875
80.0 6.655460546875
81.0 6.5603828125
82.0 13.847340234375
83.0 15.7000556640625
84.0 11.1901732421875
85.0 14.34537607421875
86.0 16.9304443359375
87.0 29.0129546875
88.0 17.7099466796875
89.0 5.4144
90.0 5.65552451171875
91.0 13.80425947265625
92.0 27.56625107421875
93.0 15.86875830078125
94.0 19.738940625
95.0 14.982536328125
96.0 24.11435966796875
97.0 8.86203681640625
98.0 29.26276796875
99.0 15.929223046875
100.0 18.63726923828125
101.0 11.71342939453125
102.0 16.6182912109375
103.0 34.677521875
104.0 21.51371318359375
105.0 34.5353564453125
106.0 13.73409580078125
107.0 18.2091130859375
108.0 38.89551875
109.0 31.27062392578125
110.0 9.12806591796875
111.0 33.89127080078125
112.0 21.0325548828125
113.0 32.772161328125
114.0 22.86446083984375
115.0 43.2755423828125
116.0 32.69201142578125
117.0 35.16545654296875
118.0 15.303286328125
119.0 18.8647076171875
120.0 32.64128525390625
121.0 12.9963927734375
122.0 1.12337529296875
123.0 16.67458916015625
124.0 30.8577931640625
125.0 40.82855498046875
126.0 36.6648185546875
127.0 29.85354599609375
128.0 39.1186791015625
129.0 25.4556619140625
130.0 26.3102458984375
131.0 18.86326318359375
132.0 22.2626140625
133.0 30.63987744140625
134.0 34.9133060546875
135.0 33.879819921875
136.0 38.504748828125
137.0 27.73857861328125
138.0 26.5581892578125
139.0 31.51703857421875
140.0 24.705293359375
141.0 24.8294775390625
142.0 28.95639716796875
143.0 34.5487576171875
144.0 32.915572265625
145.0 21.11969140625
146.0 44.42879404296875
147.0 37.09789248046875
148.0 34.4763505859375
149.0 33.030806640625
150.0 26.0429984375
151.0 31.0384419921875
152.0 34.90403916015625
153.0 26.77142705078125
154.0 32.9223541015625
155.0 30.28010615234375
156.0 35.0067783203125
157.0 36.74783359375
158.0 36.52485654296875
159.0 27.57132998046875
160.0 27.5482787109375
161.0 45.3359814453125
162.0 42.67054970703125
163.0 33.9047833984375
164.0 31.27567255859375
165.0 19.0922751953125
166.0 31.7551919921875
167.0 35.74539287109375
168.0 25.15389189453125
169.0 39.46580517578125
170.0 28.44100634765625
171.0 25.49891201171875
172.0 37.28426279296875
173.0 28.97359306640625
174.0 39.93757080078125
175.0 19.92501875
176.0 26.7729181640625
177.0 38.286995703125
178.0 40.1434482421875
179.0 41.450150390625
180.0 43.67498037109375
181.0 38.198515234375
182.0 23.98915107421875
183.0 52.72500126953125
184.0 39.93998271484375
185.0 39.2038466796875
186.0 35.46094384765625
187.0 37.66593876953125
188.0 35.98867041015625
189.0 38.12586376953125
190.0 36.5688353515625
191.0 33.96009462890625
192.0 35.8224630859375
193.0 29.653019921875
194.0 27.27465078125
195.0 29.64807294921875
196.0 23.0826533203125
197.0 15.47085888671875
198.0 25.72201201171875
199.0 40.47648330078125
200.0 41.20765810546875
201.0 35.610222265625
202.0 37.66404736328125
203.0 31.76023037109375
204.0 34.048791796875
205.0 36.991405078125
206.0 39.95107197265625
207.0 34.39792841796875
208.0 41.3707318359375
209.0 45.82924033203125
210.0 36.1907951171875
211.0 36.4173650390625
212.0 19.7014357421875
213.0 25.213288671875
214.0 8.7970041015625
215.0 13.8908150390625
216.0 38.63720029296875
217.0 24.04050859375
218.0 34.06510166015625
219.0 34.13356484375
220.0 22.9095220703125
221.0 26.60062421875
222.0 14.70029140625
223.0 20.28406826171875
224.0 28.96867685546875
225.0 25.312425390625
226.0 45.70580810546875
227.0 31.11519951171875
228.0 22.7045189453125
229.0 41.01072197265625
230.0 34.01276279296875
231.0 45.6234798828125
232.0 24.029188671875
233.0 38.7099927734375
234.0 24.37481875
235.0 23.83394921875
236.0 37.16618388671875
237.0 31.2641537109375
238.0 34.48263203125
239.0 35.91244150390625
240.0 36.12009716796875
241.0 31.21444130859375
242.0 29.85256025390625
243.0 16.135637890625
244.0 39.66013720703125
245.0 25.62674375
246.0 23.71037724609375
247.0 25.41170029296875
248.0 25.887584375
249.0 27.3651111328125
250.0 29.21119736328125
251.0 24.84799365234375
252.0 26.59211708984375
253.0 28.1411802734375
254.0 28.48716552734375
255.0 23.59508525390625
256.0 20.48454521484375
257.0 11.48766357421875
258.0 7.5035994140625
259.0 12.6564087890625
260.0 5.24427412109375
261.0 14.035461328125
262.0 18.71692890625
263.0 11.44506455078125
264.0 6.91678154296875
265.0 10.54715263671875
266.0 7.41098095703125
267.0 15.0020849609375
268.0 7.64479052734375
269.0 8.23515615234375
270.0 7.779657421875
271.0 20.74955498046875
272.0 15.68651845703125
273.0 18.78406083984375
274.0 25.32061533203125
275.0 23.63271025390625
276.0 23.66044228515625
277.0 20.366922265625
278.0 31.59395869140625
279.0 16.479358984375
280.0 16.04487158203125
281.0 19.7722396484375
282.0 25.65129677734375
283.0 18.799640625
284.0 15.7440783203125
285.0 19.49443603515625
286.0 23.1810111328125
287.0 23.17864658203125
288.0 19.37856904296875
289.0 15.77173408203125
290.0 21.5835228515625
291.0 19.92434560546875
292.0 13.69470126953125
293.0 9.40655830078125
294.0 16.6937515625
295.0 25.53630625
296.0 30.3967984375
297.0 16.25689990234375
298.0 30.89244541015625
299.0 40.3723333984375
300.0 23.6525875
301.0 23.0899658203125
302.0 40.9563060546875
303.0 29.9706337890625
304.0 18.10236728515625
305.0 45.80048232421875
306.0 37.56828740234375
307.0 34.22389375
308.0 36.5587724609375
309.0 18.18630107421875
310.0 32.751912109375
311.0 42.889769140625
312.0 31.511449609375
313.0 46.2078626953125
314.0 32.8508017578125
315.0 33.08335869140625
316.0 43.34908798828125
317.0 40.942122265625
318.0 40.0112634765625
319.0 41.02800791015625
320.0 33.81305810546875
321.0 41.735355078125
322.0 32.8634349609375
323.0 16.2609880859375
324.0 25.86102705078125
325.0 39.86421376953125
326.0 36.313321484375
327.0 35.24982294921875
328.0 33.7899625
329.0 36.7209896484375
330.0 39.06839521484375
331.0 31.26888701171875
332.0 39.3269451171875
333.0 39.00560439453125
334.0 31.000616796875
335.0 45.17687412109375
336.0 37.1953421875
337.0 37.3775328125
338.0 8.818569921875
339.0 34.64211748046875
340.0 38.558684375
341.0 27.27135859375
342.0 47.279825390625
343.0 35.44629453125
344.0 22.6770171875
345.0 16.25810146484375
346.0 18.0198599609375
347.0 23.01196904296875
348.0 30.44665283203125
349.0 25.63891865234375
350.0 29.75581787109375
351.0 32.1389265625
352.0 26.86457978515625
353.0 39.208464453125
354.0 36.40800263671875
355.0 36.34659658203125
356.0 33.51767236328125
357.0 24.68720234375
358.0 45.754510546875
359.0 20.95375341796875
360.0 26.13687041015625
361.0 40.4483587890625
362.0 27.61201435546875
363.0 39.66758095703125
364.0 34.3539947265625
365.0 38.73904345703125
366.0 35.96928935546875
367.0 42.51733798828125
368.0 33.606998828125
369.0 34.19132275390625
370.0 39.4306509765625
371.0 30.4350275390625
372.0 32.26609638671875
373.0 40.37956787109375
374.0 36.3140853515625
375.0 37.260258984375
376.0 40.577953515625
377.0 36.8188796875
378.0 38.0843537109375
379.0 35.81629443359375
380.0 41.44529736328125
381.0 39.71479169921875
382.0 41.72670517578125
383.0 38.99156435546875
384.0 38.2431349609375
385.0 41.2548435546875
386.0 36.4873578125
387.0 35.686078515625
388.0 37.97722509765625
389.0 36.66587236328125
390.0 27.2024265625
391.0 4.58131806640625
392.0 3.22379306640625
393.0 4.33719404296875
394.0 7.89256845703125
395.0 12.59967509765625
396.0 15.53790673828125
397.0 10.472069140625
398.0 18.96940302734375
399.0 8.817289453125
400.0 23.7922154296875
401.0 11.866296875
402.0 30.34556259765625
403.0 39.7902220703125
404.0 39.8822083984375
405.0 38.1875615234375
406.0 43.12823876953125
407.0 34.71604345703125
408.0 38.27939873046875
409.0 39.5106427734375
410.0 39.2414212890625
411.0 40.18456484375
412.0 33.6875708984375
413.0 40.17211796875
414.0 34.21115341796875
415.0 37.4063873046875
416.0 41.51843974609375
417.0 27.97991875
418.0 34.2355177734375
419.0 36.62626591796875
420.0 30.79399228515625
421.0 23.4579767578125
422.0 43.63280673828125
423.0 29.5585685546875
424.0 33.90240205078125
425.0 34.77691240234375
426.0 32.4088642578125
427.0 30.3473607421875
428.0 31.6241451171875
429.0 25.7629748046875
430.0 29.2642462890625
431.0 31.38442626953125
432.0 37.3941455078125
433.0 41.14381474609375
434.0 36.4403134765625
435.0 33.90640703125
436.0 24.6579873046875
437.0 42.87079306640625
438.0 26.55358193359375
439.0 31.76037666015625
440.0 25.65931513671875
441.0 37.912904296875
442.0 33.7793208984375
443.0 32.37292275390625
444.0 41.041141796875
445.0 37.14775859375
446.0 30.2622869140625
447.0 25.917975390625
448.0 32.8020673828125
449.0 29.96518681640625
450.0 35.450825390625
451.0 27.48621025390625
452.0 25.72271552734375
453.0 26.1048673828125
454.0 22.775073046875
455.0 20.2850876953125
456.0 29.58854970703125
457.0 33.7324310546875
458.0 24.83736318359375
459.0 25.88739580078125
460.0 28.10453017578125
461.0 14.31269638671875
462.0 16.86302646484375
463.0 19.58647880859375
464.0 30.16598564453125
465.0 24.30661259765625
466.0 27.79552548828125
467.0 24.2568279296875
468.0 26.7068080078125
469.0 11.24506240234375
470.0 19.20086533203125
471.0 4.47132265625
472.0 6.6964728515625
473.0 5.24449140625
474.0 21.10248623046875
475.0 26.0653408203125
476.0 28.0418873046875
477.0 25.2808638671875
478.0 7.949904296875
479.0 16.6242654296875
480.0 16.15927197265625
481.0 11.214430859375
482.0 25.19115927734375
483.0 3.9458798828125
484.0 19.71476845703125
485.0 23.43330576171875
486.0 23.768534375
487.0 14.53368779296875
488.0 40.05674248046875
489.0 31.80352626953125
490.0 34.5931302734375
491.0 6.9617392578125
492.0 2.94369189453125
493.0 1.7820392578125
494.0 3.7875900390625
495.0 1.95104970703125
496.0 15.80398623046875
497.0 11.33786298828125
498.0 7.5808298828125
499.0 24.8801951171875
500.0 25.79409013671875
501.0 19.5876716796875
502.0 16.03172421875
503.0 12.1419673828125
504.0 11.196041015625
505.0 17.072066015625
506.0 17.8873775390625
507.0 6.14629423828125
508.0 9.94965283203125
509.0 19.6647576171875
510.0 13.1677083984375
511.0 9.14894033203125
512.0 7.4288568359375
513.0 2.807301953125
514.0 6.69797744140625
515.0 19.9697625
516.0 24.190808984375
517.0 8.811216015625
518.0 16.00428134765625
519.0 4.1430259765625
520.0 10.22583447265625
521.0 22.1064873046875
522.0 18.33920478515625
523.0 11.7202814453125
524.0 18.01859521484375
525.0 21.38863447265625
526.0 14.49756279296875
527.0 31.08841494140625
528.0 23.56258134765625
529.0 22.75980244140625
530.0 20.1950328125
531.0 8.42397890625
532.0 27.7503591796875
533.0 20.07844091796875
534.0 27.64615751953125
535.0 14.03913134765625
536.0 30.45216337890625
537.0 23.39397822265625
538.0 19.56816376953125
539.0 21.70890234375
540.0 21.560354296875
541.0 22.28646962890625
542.0 20.80116689453125
543.0 17.4639595703125
544.0 22.56954609375
545.0 34.47418203125
546.0 26.0086302734375
547.0 34.71655234375
548.0 28.3014552734375
549.0 24.92407431640625
550.0 28.9310443359375
551.0 20.80162060546875
552.0 27.20455712890625
553.0 28.99857392578125
554.0 24.9517640625
555.0 30.73479267578125
556.0 27.2116716796875
557.0 32.80584638671875
558.0 32.34251513671875
559.0 36.6644595703125
560.0 34.0590962890625
561.0 29.1660048828125
562.0 38.69629267578125
563.0 36.18628125
564.0 28.7262796875
565.0 30.01500380859375
566.0 36.60383544921875
567.0 29.09570712890625
568.0 30.3391275390625
569.0 26.141212890625
570.0 34.52557138671875
571.0 30.0824767578125
572.0 26.119245703125
573.0 23.76005419921875
574.0 22.16124609375
575.0 23.26847041015625
576.0 25.29414375
577.0 29.5469953125
578.0 36.63778525390625
579.0 27.178126953125
580.0 23.54634052734375
581.0 32.97165625
582.0 17.5316904296875
583.0 4.159158203125
584.0 0.7769169921875
585.0 8.27498876953125
586.0 20.0734884765625
587.0 23.05662255859375
588.0 0.95408466796875
589.0 5.51499306640625
590.0 14.71015078125
591.0 6.73738046875
592.0 1.72990419921875
593.0 11.72243681640625
594.0 33.13845283203125
595.0 25.91630576171875
596.0 8.50811328125
597.0 13.7129388671875
598.0 21.8805697265625
599.0 27.6426607421875
600.0 18.2483091796875
601.0 32.14982021484375
602.0 22.5801046875
603.0 14.64632412109375
604.0 13.95984462890625
605.0 26.7326224609375
606.0 14.4057373046875
607.0 23.269403515625
608.0 23.274974609375
609.0 23.580128515625
610.0 20.93905341796875
611.0 17.20068642578125
612.0 12.67030224609375
613.0 24.69044140625
614.0 25.40024423828125
615.0 22.8746453125
616.0 26.5167158203125
617.0 27.0007708984375
618.0 16.68809736328125
619.0 26.4977689453125
620.0 20.998489453125
621.0 30.94178740234375
622.0 13.72139052734375
623.0 21.74945390625
624.0 24.938919140625
625.0 14.0392681640625
626.0 6.88836845703125
627.0 27.05445205078125
628.0 29.13278212890625
629.0 32.32132119140625
630.0 33.10909638671875
631.0 31.02864150390625
632.0 31.150085546875
633.0 26.81090107421875
634.0 30.46280341796875
635.0 30.08417744140625
636.0 37.400042578125
637.0 36.0878498046875
638.0 24.9567921875
639.0 19.986019921875
640.0 14.86271494140625
641.0 39.5292158203125
642.0 30.66585859375
643.0 24.690629296875
644.0 46.0005650390625
645.0 36.59526083984375
646.0 38.80904130859375
647.0 34.99947490234375
648.0 31.911087890625
649.0 42.0054380859375
650.0 33.08077841796875
651.0 30.49843740234375
652.0 32.22220888671875
653.0 15.2200576171875
654.0 26.40979912109375
655.0 10.5763279296875
656.0 8.56278076171875
657.0 24.42504384765625
658.0 10.9678470703125
659.0 7.98129619140625
660.0 18.15765224609375
661.0 8.16378583984375
662.0 0.81473212890625
663.0 8.24628828125
664.0 5.8041306640625
665.0 0.926794140625
666.0 0.51513056640625
667.0 27.3571869140625
668.0 37.802997265625
669.0 35.72171923828125
670.0 39.29477998046875
671.0 24.35508017578125
672.0 22.89841376953125
673.0 22.85442041015625
674.0 14.92438798828125
675.0 29.80958515625
676.0 21.94088486328125
677.0 0.3064818359375
678.0 1.3394265625
679.0 20.07217939453125
680.0 30.10424794921875
681.0 14.775878125
682.0 15.36972607421875
683.0 20.744359375
684.0 25.4762521484375
685.0 14.2884099609375
686.0 35.17156142578125
687.0 27.81057001953125
688.0 32.18673212890625
689.0 16.59452744140625
690.0 4.6711318359375
691.0 3.393464453125
692.0 23.42228740234375
693.0 4.29916337890625
694.0 8.89897890625
695.0 7.466451953125
696.0 13.17291171875
697.0 23.2253271484375
698.0 16.02725859375
699.0 17.423901171875
700.0 11.946653515625
701.0 2.52539892578125
702.0 3.34639931640625
703.0 8.12484326171875
704.0 3.2637298828125
705.0 8.469550390625
706.0 16.0517791015625
707.0 18.7712673828125
708.0 8.84862958984375
709.0 14.81834853515625
710.0 12.38971962890625
711.0 10.16223125
712.0 15.898969140625
713.0 18.83625078125
714.0 17.651633203125
715.0 6.0152310546875
716.0 10.644801953125
717.0 9.70256953125
718.0 6.80892431640625
719.0 18.2494263671875
720.0 17.74912529296875
721.0 26.7740365234375
722.0 16.2567125
723.0 8.94007587890625
724.0 14.1603001953125
725.0 22.54447646484375
726.0 33.631093359375
727.0 27.993514453125
728.0 32.54378251953125
729.0 17.16874033203125
730.0 25.61366298828125
731.0 15.04191572265625
732.0 38.80964169921875
733.0 24.6505697265625
734.0 26.8404109375
735.0 12.32549892578125
736.0 16.55133505859375
737.0 7.8148330078125
738.0 16.04624365234375
739.0 19.4457884765625
740.0 31.90343251953125
741.0 33.812085546875
742.0 34.674464453125
743.0 25.91051201171875
744.0 33.5972640625
745.0 35.3985634765625
746.0 37.32462412109375
747.0 26.9633650390625
748.0 34.05050595703125
749.0 32.1775001953125
750.0 38.38434775390625
751.0 36.200184765625
752.0 35.99006181640625
753.0 35.5111455078125
754.0 37.87352158203125
755.0 42.03183837890625
756.0 35.23893505859375
757.0 36.33052724609375
758.0 37.3985638671875
759.0 38.0362681640625
760.0 29.74057548828125
761.0 36.29271591796875
762.0 40.13906181640625
763.0 33.7377796875
764.0 45.1275994140625
765.0 21.86017529296875
766.0 22.41742138671875
767.0 19.18158525390625
768.0 40.60852666015625
769.0 45.68048447265625
770.0 29.733285546875
771.0 22.7207837890625
772.0 41.685281640625
773.0 24.9794740234375
774.0 31.380192578125
775.0 41.68274091796875
776.0 35.0418708984375
777.0 28.57912431640625
778.0 41.61534287109375
779.0 36.0203462890625
780.0 34.80449892578125
781.0 37.6591708984375
782.0 34.8829857421875
783.0 13.165074609375
784.0 22.15159052734375
785.0 25.7058279296875
786.0 36.57217587890625
787.0 27.64552177734375
788.0 43.5645935546875
789.0 33.62655
790.0 39.2814318359375
791.0 31.9096017578125
792.0 34.954975390625
793.0 26.638555078125
794.0 43.7536669921875
795.0 23.62864365234375
796.0 35.7455666015625
797.0 28.5551859375
798.0 29.77854658203125
799.0 30.07141259765625
