0.0 20.22752451171875
1.0 23.823178125
2.0 20.21837841796875
3.0 22.37536484375
4.0 24.31563173828125
5.0 21.51741865234375
6.0 22.5093478515625
7.0 18.1053806640625
8.0 21.86694228515625
9.0 22.68001171875
10.0 20.69733486328125
11.0 23.83947109375
12.0 21.40929755859375
13.0 22.1453275390625
14.0 23.634863671875
15.0 19.78512431640625
16.0 23.69935654296875
17.0 20.84043115234375
18.0 23.39393681640625
19.0 21.1621267578125
20.0 22.48939365234375
21.0 23.72589921875
22.0 21.5001103515625
23.0 21.6542470703125
24.0 23.1372666015625
25.0 20.3833578125
26.0 21.16476669921875
27.0 19.28498583984375
28.0 19.67560732421875
29.0 23.2114263671875
30.0 22.8360876953125
31.0 20.26414833984375
32.0 22.626426953125
33.0 13.222791796875
34.0 28.24798095703125
35.0 23.47803486328125
36.0 16.2861919921875
37.0 27.5333052734375
38.0 23.45197724609375
39.0 21.38523642578125
40.0 23.380471484375
41.0 21.478355078125
42.0 23.06923056640625
43.0 23.3238439453125
44.0 20.31249248046875
45.0 16.86637109375
46.0 25.52962421875
47.0 23.2587228515625
48.0 20.73365185546875
49.0 23.721918359375
50.0 20.96591220703125
51.0 23.882716015625
52.0 21.43875595703125
53.0 23.57302197265625
54.0 21.68738896484375
55.0 23.9740990234375
56.0 21.49900810546875
57.0 21.30843662109375
58.0 23.71159609375
59.0 21.68146474609375
60.0 21.90307822265625
61.0 21.8525150390625
62.0 23.0123685546875
63.0 23.2457791015625
64.0 23.88958505859375
65.0 21.22285986328125
66.0 23.162656640625
67.0 20.0491294921875
68.0 19.649726171875
69.0 20.92966953125
70.0 26.39830791015625
71.0 19.01538154296875
72.0 13.85947138671875
73.0 29.05441044921875
74.0 23.6300095703125
75.0 21.24949580078125
76.0 23.847841015625
77.0 21.21420830078125
78.0 21.391112890625
79.0 24.5708056640625
80.0 20.74162392578125
81.0 23.27968046875
82.0 22.4481046875
83.0 23.6647123046875
84.0 21.6742830078125
85.0 23.516473828125
86.0 21.629771484375
87.0 22.21863623046875
88.0 24.2025369140625
89.0 24.37541083984375
90.0 18.74341142578125
91.0 26.5062052734375
92.0 20.44178662109375
93.0 24.4248849609375
94.0 21.272003125
95.0 24.40060498046875
96.0 22.97203486328125
97.0 21.7532185546875
98.0 23.70958046875
99.0 22.8812328125
100.0 20.61200888671875
101.0 23.39412314453125
102.0 21.24372890625
103.0 23.99855224609375
104.0 23.53403486328125
105.0 20.380479296875
106.0 19.05955712890625
107.0 25.35737333984375
108.0 23.6446607421875
109.0 23.93812587890625
110.0 20.9253296875
111.0 23.3521759765625
112.0 20.7370705078125
113.0 22.926076171875
114.0 20.330104296875
115.0 23.05918212890625
116.0 21.4692681640625
117.0 24.024396484375
118.0 21.412017578125
119.0 23.80593134765625
120.0 21.115223046875
121.0 23.3595599609375
122.0 23.01380966796875
123.0 21.30965419921875
124.0 23.75198994140625
125.0 23.74255087890625
126.0 21.26712587890625
127.0 23.54862646484375
128.0 21.09721533203125
129.0 18.74583935546875
130.0 19.87969189453125
131.0 28.47778095703125
132.0 23.69280087890625
133.0 21.31131337890625
134.0 23.8140357421875
135.0 20.900566015625
136.0 23.1713017578125
137.0 22.871719140625
138.0 23.612701171875
139.0 20.0935603515625
140.0 22.9954234375
141.0 21.71543310546875
142.0 22.867029296875
143.0 20.25548505859375
144.0 20.96914501953125
145.0 21.80719765625
146.0 16.757841796875
147.0 27.17744287109375
148.0 20.96378447265625
149.0 24.6156064453125
150.0 20.94733330078125
151.0 23.2613224609375
152.0 20.64191923828125
153.0 23.64324921875
154.0 20.55352607421875
155.0 23.4441404296875
156.0 23.708666796875
157.0 23.7152390625
158.0 21.384379296875
159.0 22.2283265625
160.0 21.31627685546875
161.0 20.777812890625
162.0 18.1698302734375
163.0 19.3341720703125
164.0 20.633792578125
165.0 20.6311837890625
166.0 21.19091806640625
167.0 16.26288095703125
168.0 27.87204345703125
169.0 22.39337314453125
170.0 19.46050068359375
171.0 22.46667568359375
172.0 21.54010068359375
173.0 21.2643626953125
174.0 23.00202705078125
175.0 19.52847275390625
176.0 23.9302564453125
177.0 22.97369521484375
178.0 21.59692890625
179.0 23.80733486328125
180.0 18.757728515625
181.0 23.37348232421875
182.0 24.06411513671875
183.0 23.00950234375
184.0 21.3201099609375
185.0 21.105290625
186.0 23.29049033203125
187.0 23.53377763671875
188.0 20.2540091796875
189.0 22.98962021484375
190.0 22.43881669921875
191.0 15.87653203125
192.0 18.85268671875
193.0 18.9089021484375
194.0 23.08863427734375
195.0 20.339487890625
196.0 23.74468828125
197.0 23.903534375
198.0 21.419608984375
199.0 23.52152080078125
200.0 14.08758623046875
201.0 30.22476962890625
202.0 23.5910390625
203.0 20.92961650390625
204.0 24.014834375
205.0 21.19033125
206.0 22.3955697265625
207.0 22.70531552734375
208.0 23.41579462890625
209.0 21.29632841796875
210.0 23.116441796875
211.0 15.62452861328125
212.0 28.866310546875
213.0 22.99088720703125
214.0 23.38554013671875
215.0 15.63201015625
216.0 29.27644443359375
217.0 19.7418775390625
218.0 24.74304365234375
219.0 23.70566630859375
220.0 16.46418134765625
221.0 28.97621845703125
222.0 23.4922185546875
223.0 16.53885166015625
224.0 27.50103154296875
225.0 16.663761328125
226.0 29.28657197265625
227.0 16.7581986328125
228.0 29.00868115234375
229.0 21.70610869140625
230.0 23.88323828125
231.0 23.914344140625
232.0 19.174936328125
233.0 23.40535712890625
234.0 21.81689833984375
235.0 22.9211986328125
236.0 23.153284765625
237.0 23.93683955078125
238.0 21.01351923828125
239.0 23.420438671875
240.0 15.7044982421875
241.0 22.75017255859375
242.0 27.6768421875
243.0 23.78106318359375
244.0 21.4096984375
245.0 22.84815888671875
246.0 21.6369048828125
247.0 16.68930927734375
248.0 30.1453658203125
249.0 21.225620703125
250.0 21.22719189453125
251.0 24.16977080078125
252.0 22.22208486328125
253.0 23.44910703125
254.0 23.69792216796875
255.0 20.2991951171875
256.0 21.88215966796875
257.0 17.0793015625
258.0 22.4671546875
259.0 22.69790009765625
260.0 21.03745419921875
261.0 23.4356875
262.0 19.55507021484375
263.0 22.5463451171875
264.0 23.0723072265625
265.0 21.48188876953125
266.0 23.79525205078125
267.0 21.21660634765625
268.0 22.94668173828125
269.0 19.26266533203125
270.0 25.17783076171875
271.0 22.4100369140625
272.0 23.74754755859375
273.0 20.7494107421875
274.0 22.45220693359375
275.0 22.73639375
276.0 21.11906044921875
277.0 23.7936291015625
278.0 23.0926392578125
279.0 21.14542451171875
280.0 23.448066015625
281.0 21.36848642578125
282.0 23.36988203125
283.0 21.11962021484375
284.0 23.4923658203125
285.0 22.20322841796875
286.0 19.09387685546875
287.0 21.031151171875
288.0 20.67653251953125
289.0 19.12215087890625
290.0 27.49001923828125
291.0 20.96571015625
292.0 23.2520419921875
293.0 20.8295115234375
294.0 23.47835009765625
295.0 24.117383984375
296.0 21.55889619140625
297.0 23.22150595703125
298.0 21.4632458984375
299.0 23.61236796875
300.0 20.374945703125
301.0 24.70701220703125
302.0 21.54083369140625
303.0 21.581540234375
304.0 21.831671875
305.0 22.76408271484375
306.0 23.62072265625
307.0 15.43754140625
308.0 28.6426171875
309.0 23.22854384765625
310.0 21.6311748046875
311.0 23.29416708984375
312.0 22.13781953125
313.0 21.27111787109375
314.0 17.28313798828125
315.0 27.736769921875
316.0 22.66639345703125
317.0 23.8262109375
318.0 23.4595029296875
319.0 21.2307802734375
320.0 23.5911318359375
321.0 16.28385322265625
322.0 27.59930556640625
323.0 20.78059072265625
324.0 23.69113154296875
325.0 21.36792548828125
326.0 20.6527068359375
327.0 21.1385640625
328.0 22.68289619140625
329.0 20.26836318359375
330.0 22.33874697265625
331.0 23.1322134765625
332.0 21.050050390625
333.0 22.14055869140625
334.0 17.76338857421875
335.0 29.58640166015625
336.0 20.76300888671875
337.0 22.3277068359375
338.0 21.2927279296875
339.0 23.8275951171875
340.0 22.19186982421875
341.0 23.96735498046875
342.0 21.59603564453125
343.0 17.0263244140625
344.0 28.13199921875
345.0 23.753424609375
346.0 21.666587890625
347.0 24.32357255859375
348.0 23.8553822265625
349.0 21.538799609375
350.0 23.3947841796875
351.0 21.60902861328125
352.0 22.66288720703125
353.0 23.58989326171875
354.0 21.9798208984375
355.0 24.3299998046875
356.0 21.51790546875
357.0 23.392409765625
358.0 21.66577109375
359.0 21.13125732421875
360.0 22.47014228515625
361.0 25.68077275390625
362.0 20.66823388671875
363.0 22.98243779296875
364.0 22.44847451171875
365.0 21.113121875
366.0 22.43288134765625
367.0 19.3839171875
368.0 22.46575732421875
369.0 19.242733203125
370.0 22.92934521484375
371.0 23.77048857421875
372.0 21.0609970703125
373.0 23.63741640625
374.0 22.8630697265625
375.0 20.7254390625
376.0 24.06735419921875
377.0 20.64398564453125
378.0 22.7332552734375
379.0 21.17074453125
380.0 23.366263671875
381.0 23.1013291015625
382.0 20.41966357421875
383.0 23.1740212890625
384.0 21.93981552734375
385.0 20.9353595703125
386.0 22.54279697265625
387.0 23.15755712890625
388.0 23.9641771484375
389.0 21.747603515625
390.0 24.24613388671875
391.0 21.44934609375
392.0 24.2728642578125
393.0 23.68408134765625
394.0 21.19207783203125
395.0 23.76289228515625
396.0 21.42119423828125
397.0 23.74750009765625
398.0 22.1158513671875
399.0 24.01910673828125
400.0 22.3290646484375
401.0 19.48348134765625
402.0 23.86893818359375
403.0 21.59058369140625
404.0 23.42196416015625
405.0 19.9751859375
406.0 21.7416357421875
407.0 22.68246201171875
408.0 20.52576572265625
409.0 21.3086552734375
410.0 21.01315810546875
411.0 22.79860673828125
412.0 22.99806083984375
413.0 21.63188994140625
414.0 17.10879873046875
415.0 29.36588251953125
416.0 21.2592736328125
417.0 24.115525390625
418.0 22.26573818359375
419.0 20.5009791015625
420.0 23.790666796875
421.0 20.64214169921875
422.0 23.4517326171875
423.0 23.60095888671875
424.0 21.867791015625
425.0 21.18064951171875
426.0 20.53558359375
427.0 23.31803720703125
428.0 21.8080357421875
429.0 23.27964033203125
430.0 22.247063671875
431.0 21.36443330078125
432.0 23.99915087890625
433.0 21.164259765625
434.0 24.440416015625
435.0 24.01476318359375
436.0 20.03687509765625
437.0 16.29504521484375
438.0 29.76366357421875
439.0 22.140276953125
440.0 23.1479111328125
441.0 21.72601376953125
442.0 24.05934306640625
443.0 18.4082267578125
444.0 23.3660322265625
445.0 21.36342314453125
446.0 24.92772861328125
447.0 14.4287001953125
448.0 30.98167470703125
449.0 23.014758203125
450.0 16.79375126953125
451.0 27.23243544921875
452.0 14.31862099609375
453.0 24.35443515625
454.0 20.1593296875
455.0 23.74134814453125
456.0 17.65573916015625
457.0 24.84457666015625
458.0 23.7397734375
459.0 21.56914482421875
460.0 19.48972197265625
461.0 23.2837845703125
462.0 20.90093037109375
463.0 23.87740810546875
464.0 21.41090947265625
465.0 23.8741748046875
466.0 22.20411875
467.0 23.72926025390625
468.0 24.0637751953125
469.0 22.03220458984375
470.0 24.44761787109375
471.0 22.50385224609375
472.0 21.55025810546875
473.0 18.0110541015625
474.0 27.30915205078125
475.0 23.7579705078125
476.0 19.57151904296875
477.0 23.90415380859375
478.0 21.74950693359375
479.0 23.37020361328125
480.0 23.0050873046875
481.0 20.7630646484375
482.0 24.4234849609375
483.0 21.41180078125
484.0 23.0745849609375
485.0 23.82568310546875
486.0 21.58003984375
487.0 23.18288076171875
488.0 23.7945939453125
489.0 21.3646421875
490.0 23.6459474609375
491.0 21.5457400390625
492.0 24.0166947265625
493.0 23.610697265625
494.0 20.78714091796875
495.0 18.15850166015625
496.0 28.77371142578125
497.0 21.389405859375
498.0 23.70980966796875
499.0 21.13729375
500.0 24.52447158203125
501.0 24.4271173828125
502.0 21.45888642578125
503.0 23.54668466796875
504.0 21.7540994140625
505.0 23.1962595703125
506.0 21.27222744140625
507.0 23.5110732421875
508.0 21.31541435546875
509.0 22.86382548828125
510.0 24.09426123046875
511.0 22.73051044921875
512.0 23.68206162109375
513.0 20.91973779296875
514.0 24.28685185546875
515.0 24.00867548828125
516.0 21.64188330078125
517.0 23.976433984375
518.0 22.38139609375
519.0 23.9469193359375
520.0 21.42254775390625
521.0 22.999041796875
522.0 22.03844296875
523.0 23.998945703125
524.0 19.78075185546875
525.0 24.03205263671875
526.0 23.69539638671875
527.0 18.6645375
528.0 13.97569794921875
529.0 28.12931826171875
530.0 24.38847353515625
531.0 20.21444755859375
532.0 24.36026630859375
533.0 21.1128029296875
534.0 23.40374306640625
535.0 20.4461251953125
536.0 22.93289833984375
537.0 21.19322568359375
538.0 23.08581689453125
539.0 21.2436951171875
540.0 22.79425224609375
541.0 24.48218974609375
542.0 20.8673470703125
543.0 23.6882638671875
544.0 19.41069765625
545.0 24.0321115234375
546.0 20.8548703125
547.0 23.27156689453125
548.0 24.01206806640625
549.0 21.249930859375
550.0 21.16328798828125
551.0 22.1531060546875
552.0 22.63674091796875
553.0 23.1898837890625
554.0 21.47670859375
555.0 23.2245232421875
556.0 21.15330126953125
557.0 23.593962109375
558.0 22.39485107421875
559.0 14.43278056640625
560.0 28.08359228515625
561.0 19.799711328125
562.0 22.03990419921875
563.0 21.84285966796875
564.0 23.76653564453125
565.0 21.18847900390625
566.0 24.0230876953125
567.0 20.60785341796875
568.0 23.73681083984375
569.0 23.661476171875
570.0 21.57994951171875
571.0 23.976161328125
572.0 20.81134794921875
573.0 22.302119921875
574.0 21.6398912109375
575.0 23.7992275390625
576.0 24.0669392578125
577.0 21.06994775390625
578.0 23.05755673828125
579.0 22.23939658203125
580.0 23.85878662109375
581.0 21.12037802734375
582.0 23.593571484375
583.0 21.492546875
584.0 23.7657048828125
585.0 23.8714296875
586.0 21.78907724609375
587.0 23.67244560546875
588.0 21.71524521484375
589.0 21.40192431640625
590.0 24.247311328125
591.0 24.13781787109375
592.0 23.03094736328125
593.0 21.606200390625
594.0 23.717223046875
595.0 21.2618251953125
596.0 25.0262955078125
597.0 22.1427642578125
598.0 23.59491357421875
599.0 20.932603515625
600.0 23.8452533203125
601.0 23.49391171875
602.0 16.53956513671875
603.0 28.360770703125
604.0 17.26188701171875
605.0 19.58051220703125
606.0 20.8323923828125
607.0 24.14494736328125
608.0 23.39691171875
609.0 19.1244693359375
610.0 23.4191064453125
611.0 24.03728193359375
612.0 21.02522802734375
613.0 23.5192953125
614.0 22.55006748046875
615.0 21.20524208984375
616.0 19.012478125
617.0 24.90727314453125
618.0 21.993837890625
619.0 21.04462216796875
620.0 16.38381279296875
621.0 25.2123458984375
622.0 16.82361201171875
623.0 18.56064462890625
624.0 22.651174609375
625.0 20.213673828125
626.0 23.617833203125
627.0 22.89200166015625
628.0 24.13342451171875
629.0 21.17920224609375
630.0 19.84335390625
631.0 18.1998365234375
632.0 28.03696689453125
633.0 23.41559716796875
634.0 22.72127685546875
635.0 19.9832984375
636.0 23.5887587890625
637.0 21.77101640625
638.0 23.57671650390625
639.0 23.49225419921875
640.0 21.20673857421875
641.0 20.64674658203125
642.0 23.84643564453125
643.0 23.97727197265625
644.0 21.203298828125
645.0 23.9520474609375
646.0 21.32358994140625
647.0 24.1781287109375
648.0 20.06153154296875
649.0 21.88815166015625
650.0 23.933235546875
651.0 21.4777974609375
652.0 23.817885546875
653.0 21.9667099609375
654.0 23.70186728515625
655.0 21.66465478515625
656.0 24.07113603515625
657.0 23.89337734375
658.0 21.43515009765625
659.0 24.32059853515625
660.0 21.77029873046875
661.0 21.0633083984375
662.0 24.27589033203125
663.0 24.377807421875
664.0 21.9707736328125
665.0 24.09664990234375
666.0 24.037180078125
667.0 21.52603251953125
668.0 24.34074609375
669.0 21.6860490234375
670.0 23.965384375
671.0 22.16454130859375
672.0 22.8540458984375
673.0 21.1530388671875
674.0 24.624234375
675.0 13.84561923828125
676.0 29.16404365234375
677.0 24.32499677734375
678.0 20.26313671875
679.0 23.278415625
680.0 20.9410123046875
681.0 24.2547048828125
682.0 18.6974470703125
683.0 26.651075390625
684.0 23.4346818359375
685.0 16.73802001953125
686.0 29.74128671875
687.0 22.4701583984375
688.0 21.9557822265625
689.0 24.5294119140625
690.0 21.67369853515625
691.0 25.16069658203125
692.0 21.4064271484375
693.0 22.136613671875
694.0 24.0380416015625
695.0 24.0952771484375
696.0 21.82264580078125
697.0 24.397360546875
698.0 21.82822841796875
699.0 21.87374794921875
700.0 21.03125810546875
701.0 24.00380888671875
702.0 21.9764234375
703.0 19.36331552734375
704.0 24.72683798828125
705.0 26.21246884765625
706.0 21.677106640625
707.0 23.65257939453125
708.0 24.496784765625
709.0 21.800846875
710.0 23.32373251953125
711.0 22.46918583984375
712.0 21.37843310546875
713.0 24.41572177734375
714.0 20.0729279296875
715.0 23.8125458984375
716.0 21.988941796875
717.0 23.9843669921875
718.0 24.1170115234375
719.0 21.44081455078125
720.0 22.44296435546875
721.0 21.17730322265625
722.0 21.90147255859375
723.0 22.05676591796875
724.0 21.996583984375
725.0 24.46220185546875
726.0 20.876495703125
727.0 23.68247216796875
728.0 24.11964111328125
729.0 22.410359765625
730.0 22.220991796875
731.0 24.0577765625
732.0 15.7413703125
733.0 28.08244619140625
734.0 23.73507265625
735.0 23.85014775390625
736.0 21.83430400390625
737.0 21.76268271484375
738.0 21.34625234375
739.0 23.9637525390625
740.0 21.29531142578125
741.0 23.98430986328125
742.0 21.239157421875
743.0 23.6681927734375
744.0 16.600874609375
745.0 25.69609345703125
746.0 18.25422333984375
747.0 27.776419921875
748.0 23.85236162109375
749.0 23.50288193359375
750.0 20.75941572265625
751.0 23.12455048828125
752.0 21.0512908203125
753.0 23.65102861328125
754.0 21.55225087890625
755.0 24.17032919921875
756.0 21.62864228515625
757.0 22.4019984375
758.0 24.51434599609375
759.0 21.90970791015625
760.0 22.51072919921875
761.0 24.00312294921875
762.0 21.308629296875
763.0 22.35374677734375
764.0 24.17467412109375
765.0 21.84674443359375
766.0 18.226725
767.0 27.62077353515625
768.0 23.660470703125
769.0 21.28318740234375
770.0 24.6311927734375
771.0 20.97196767578125
772.0 23.45120380859375
773.0 24.36808291015625
774.0 21.09512939453125
775.0 23.34516611328125
776.0 21.13918359375
777.0 20.8469654296875
778.0 21.37484921875
779.0 23.349402734375
780.0 24.020776953125
781.0 16.4117908203125
782.0 27.79181728515625
783.0 20.28996767578125
784.0 22.9714716796875
785.0 22.0355025390625
786.0 22.482691015625
787.0 24.00827314453125
788.0 21.129146875
789.0 24.338951171875
790.0 20.9968962890625
791.0 21.720015234375
792.0 23.63560126953125
793.0 23.67221513671875
794.0 20.68104482421875
795.0 23.5464390625
796.0 23.85517021484375
797.0 21.1566619140625
798.0 21.193434375
799.0 24.27410087890625
