0.0 3.02821328125
1.0 3.810453125
2.0 3.2274666015625
3.0 6.0702625
4.0 5.34673896484375
5.0 3.22721708984375
6.0 3.66011806640625
7.0 2.96220400390625
8.0 4.44876640625
9.0 5.5868890625
10.0 6.5721900390625
11.0 4.849723046875
12.0 4.5456744140625
13.0 2.72425849609375
14.0 0.427749609375
15.0 1.5343322265625
16.0 3.4641953125
17.0 7.18436728515625
18.0 4.6018740234375
19.0 5.98305361328125
20.0 4.52465869140625
21.0 6.2729072265625
22.0 5.53276640625
23.0 3.62690478515625
24.0 6.769880859375
25.0 4.21075576171875
26.0 6.76528359375
27.0 6.5151458984375
28.0 5.6573673828125
29.0 4.7037880859375
30.0 0.168008203125
31.0 3.31729130859375
32.0 1.8990478515625
33.0 4.62005615234375
34.0 0.37274287109375
35.0 1.89556640625
36.0 0.83816669921875
37.0 0.1668625
38.0 1.70119482421875
39.0 0.15618125
40.0 0.0835189453125
41.0 0.15618134765625
42.0 0.12483984375
43.0 0.1516142578125
44.0 0.02522734375
45.0 0.0
46.0 0.0
47.0 0.0
48.0 0.0
49.0 0.0
50.0 0.0
51.0 0.0
52.0 0.0
53.0 0.0
54.0 0.0
55.0 0.0
56.0 0.0
57.0 0.0
58.0 0.0
59.0 0.0
60.0 0.0
61.0 0.0
62.0 0.0
63.0 0.0
64.0 0.0
65.0 0.0
66.0 0.0
67.0 0.0
68.0 0.0
69.0 0.0
70.0 0.0
71.0 0.0
72.0 0.51335146484375
73.0 9.81054775390625
74.0 5.55940908203125
75.0 10.549428125
76.0 11.00932275390625
77.0 11.11308623046875
78.0 12.56009794921875
79.0 13.0229279296875
80.0 11.83386025390625
81.0 10.66626904296875
82.0 14.00007021484375
83.0 13.58026123046875
84.0 13.32613544921875
85.0 10.09618115234375
86.0 10.7905326171875
87.0 11.409440625
88.0 10.296201953125
89.0 11.00463271484375
90.0 10.5476337890625
91.0 8.2507013671875
92.0 8.179548828125
93.0 12.8313513671875
94.0 12.044134765625
95.0 10.982682421875
96.0 10.12295908203125
97.0 12.86516142578125
98.0 10.879491015625
99.0 13.2222587890625
100.0 10.32467802734375
101.0 12.17184853515625
102.0 11.212772265625
103.0 13.17783369140625
104.0 10.8836052734375
105.0 13.1468158203125
106.0 11.703286328125
107.0 12.43308203125
108.0 13.048062109375
109.0 10.31137587890625
110.0 7.8268345703125
111.0 8.9128515625
112.0 11.21855634765625
113.0 11.204645703125
114.0 10.60933798828125
115.0 9.83199130859375
116.0 8.74246591796875
117.0 9.75731181640625
118.0 10.90663251953125
119.0 11.6942517578125
120.0 10.5011013671875
121.0 10.50128564453125
122.0 12.051295703125
123.0 9.91731337890625
124.0 9.11089140625
125.0 7.77973994140625
126.0 9.05135244140625
127.0 11.11183154296875
128.0 9.86409716796875
129.0 11.36427587890625
130.0 10.6527634765625
131.0 8.030416015625
132.0 8.793927734375
133.0 2.07515205078125
134.0 6.7454908203125
135.0 8.857381640625
136.0 7.11944443359375
137.0 7.11073046875
138.0 10.6186322265625
139.0 11.3110326171875
140.0 9.31706591796875
141.0 10.96616162109375
142.0 8.67610810546875
143.0 9.52216533203125
144.0 10.72462802734375
145.0 10.02761923828125
146.0 10.9792369140625
147.0 11.7367263671875
148.0 11.4094525390625
149.0 11.49147060546875
150.0 10.6891001953125
151.0 11.62353935546875
152.0 12.36109189453125
153.0 13.30556796875
154.0 10.14292470703125
155.0 11.205236328125
156.0 10.747218359375
157.0 10.39008447265625
158.0 11.4651779296875
159.0 10.87509345703125
160.0 7.58645029296875
161.0 8.7737794921875
162.0 10.56630849609375
163.0 12.64071806640625
164.0 9.83409921875
165.0 8.52233935546875
166.0 9.09346279296875
167.0 7.183684375
168.0 7.8600865234375
169.0 11.2417458984375
170.0 11.9540427734375
171.0 12.8267046875
172.0 8.2499755859375
173.0 8.90656044921875
174.0 9.4629498046875
175.0 9.32364853515625
176.0 10.40720283203125
177.0 9.64988046875
178.0 9.50802958984375
179.0 11.62035400390625
180.0 9.873323046875
181.0 11.0104900390625
182.0 12.1175556640625
183.0 12.542437109375
184.0 10.61435966796875
185.0 12.09819990234375
186.0 10.81763984375
187.0 10.72484404296875
188.0 10.21909169921875
189.0 9.5030330078125
190.0 6.90883720703125
191.0 9.5632265625
192.0 10.64076494140625
193.0 9.74730947265625
194.0 12.26435712890625
195.0 7.46274189453125
196.0 9.6800330078125
197.0 10.2482625
198.0 11.21287158203125
199.0 11.53313994140625
200.0 10.260469140625
201.0 11.3029556640625
202.0 9.93710654296875
203.0 11.05423798828125
204.0 11.4763931640625
205.0 9.799728125
206.0 11.249430078125
207.0 13.79004091796875
208.0 12.82191650390625
209.0 12.33407685546875
210.0 9.7004701171875
211.0 10.71902275390625
212.0 13.00628935546875
213.0 12.421333203125
214.0 12.2389958984375
215.0 11.91544150390625
216.0 12.820625
217.0 13.12821552734375
218.0 12.68910439453125
219.0 11.8784046875
220.0 11.60535107421875
221.0 12.2665177734375
222.0 11.6286697265625
223.0 11.549227734375
224.0 11.70177451171875
225.0 11.33681103515625
226.0 13.9451572265625
227.0 12.03849443359375
228.0 9.8896177734375
229.0 11.088065234375
230.0 9.97548310546875
231.0 11.87796083984375
232.0 10.40614853515625
233.0 10.66379296875
234.0 7.978463671875
235.0 8.0815681640625
236.0 10.15540732421875
237.0 11.31901005859375
238.0 8.2932333984375
239.0 5.70472822265625
240.0 4.66810693359375
241.0 6.6093646484375
242.0 9.45254013671875
243.0 10.580412890625
244.0 8.28894443359375
245.0 6.5597568359375
246.0 7.81717373046875
247.0 9.53205654296875
248.0 9.7856517578125
249.0 12.7880015625
250.0 7.58533701171875
251.0 3.35118427734375
252.0 5.66054716796875
253.0 4.9820654296875
254.0 5.61310146484375
255.0 7.6883908203125
256.0 6.04487783203125
257.0 8.66342744140625
258.0 10.26824775390625
259.0 10.5692095703125
260.0 10.56074521484375
261.0 8.225180859375
262.0 9.85695732421875
263.0 7.65815986328125
264.0 9.831158203125
265.0 10.8111025390625
266.0 11.2944251953125
267.0 8.40596416015625
268.0 10.99763896484375
269.0 8.17563642578125
270.0 9.42899560546875
271.0 5.9984341796875
272.0 7.318459375
273.0 5.28160419921875
274.0 5.78404609375
275.0 3.86231455078125
276.0 4.76545693359375
277.0 4.9688765625
278.0 6.59868720703125
279.0 7.2539134765625
280.0 7.00654033203125
281.0 6.06214130859375
282.0 6.2808517578125
283.0 7.56349765625
284.0 6.9813041015625
285.0 8.0080919921875
286.0 5.6412228515625
287.0 7.12833505859375
288.0 7.21250537109375
289.0 6.43397578125
290.0 6.5153986328125
291.0 9.422620703125
292.0 7.3124048828125
293.0 6.9921517578125
294.0 7.97725361328125
295.0 7.77308671875
296.0 8.58709970703125
297.0 9.1341140625
298.0 9.04442294921875
299.0 8.68715908203125
300.0 6.29379853515625
301.0 8.7206189453125
302.0 8.45760517578125
303.0 10.635457421875
304.0 9.1915740234375
305.0 11.98384892578125
306.0 12.17373515625
307.0 9.6853052734375
308.0 12.0162966796875
309.0 11.232246875
310.0 11.3145005859375
311.0 11.75003583984375
312.0 9.22844921875
313.0 12.0890576171875
314.0 11.1341236328125
315.0 10.0060123046875
316.0 11.6378939453125
317.0 7.5609423828125
318.0 6.45030087890625
319.0 5.4288875
320.0 9.689065625
321.0 6.9173908203125
322.0 8.4714638671875
323.0 8.32791689453125
324.0 6.9417861328125
325.0 7.58687802734375
326.0 7.151955078125
327.0 9.41588798828125
328.0 10.3235283203125
329.0 7.0266345703125
330.0 8.63509453125
331.0 8.94949921875
332.0 10.7608525390625
333.0 9.09050419921875
334.0 11.34750234375
335.0 8.23955927734375
336.0 10.17715615234375
337.0 9.39171044921875
338.0 13.228935546875
339.0 10.389576171875
340.0 12.72505810546875
341.0 10.39024228515625
342.0 9.959522265625
343.0 10.83406748046875
344.0 14.20849443359375
345.0 12.808377734375
346.0 11.9121056640625
347.0 10.70279052734375
348.0 10.25481298828125
349.0 10.91047255859375
350.0 11.34746376953125
351.0 10.6598341796875
352.0 9.56999755859375
353.0 9.215978125
354.0 9.3755451171875
355.0 10.99520556640625
356.0 9.87563193359375
357.0 10.1798728515625
358.0 6.74254755859375
359.0 10.78834072265625
360.0 8.4714783203125
361.0 8.65316708984375
362.0 11.0539037109375
363.0 10.50647626953125
364.0 8.7866642578125
365.0 8.8136392578125
366.0 8.75755810546875
367.0 9.538372265625
368.0 11.70525322265625
369.0 10.22631064453125
370.0 10.5892080078125
371.0 9.63726416015625
372.0 11.4462662109375
373.0 10.61462470703125
374.0 10.09708203125
375.0 11.00518818359375
376.0 11.657911328125
377.0 9.55856640625
378.0 8.603465234375
379.0 8.47452861328125
380.0 7.21871630859375
381.0 8.7965017578125
382.0 9.93269794921875
383.0 10.29706787109375
384.0 8.405309765625
385.0 8.78031845703125
386.0 8.52534482421875
387.0 7.95459189453125
388.0 8.5754658203125
389.0 9.85879208984375
390.0 8.73147802734375
391.0 9.91244951171875
392.0 9.29860546875
393.0 8.9160080078125
394.0 10.5026
395.0 8.63042275390625
396.0 9.85205693359375
397.0 8.198715234375
398.0 10.72098544921875
399.0 10.317186328125
400.0 9.8233208984375
401.0 9.68925966796875
402.0 9.24625
403.0 10.4913953125
404.0 10.87078486328125
405.0 10.791658984375
406.0 11.79208896484375
407.0 10.18886005859375
408.0 11.74973740234375
409.0 11.95969833984375
410.0 9.3964197265625
411.0 11.37879375
412.0 10.8452642578125
413.0 11.5955373046875
414.0 10.674868359375
415.0 11.6731796875
416.0 11.56277529296875
417.0 10.22939833984375
418.0 10.479996875
419.0 11.2528765625
420.0 8.1858828125
421.0 11.465226953125
422.0 12.04271748046875
423.0 7.86900166015625
424.0 7.222999609375
425.0 7.6605560546875
426.0 8.83369443359375
427.0 11.6567708984375
428.0 8.71695966796875
429.0 11.28505078125
430.0 12.70885068359375
431.0 10.675912109375
432.0 10.4948078125
433.0 12.0537611328125
434.0 8.953749609375
435.0 9.43095361328125
436.0 9.84520869140625
437.0 9.59861552734375
438.0 11.6893736328125
439.0 10.59544833984375
440.0 10.66923720703125
441.0 10.24788857421875
442.0 10.5509794921875
443.0 10.0956041015625
444.0 10.97389521484375
445.0 8.59267998046875
446.0 11.6856029296875
447.0 9.39863056640625
448.0 11.5952458984375
449.0 10.56380546875
450.0 10.0198009765625
451.0 10.09891591796875
452.0 11.69418115234375
453.0 10.28300654296875
454.0 10.2447416015625
455.0 10.30050126953125
456.0 9.70448681640625
457.0 11.81674453125
458.0 8.7799474609375
459.0 5.8155607421875
460.0 7.56238076171875
461.0 7.06584873046875
462.0 6.14921162109375
463.0 8.56173046875
464.0 6.89399873046875
465.0 8.8565470703125
466.0 8.53129677734375
467.0 7.25010615234375
468.0 7.1847390625
469.0 6.40885966796875
470.0 5.5966599609375
471.0 8.38098310546875
472.0 10.012999609375
473.0 9.83928603515625
474.0 8.98673876953125
475.0 7.6150021484375
476.0 9.936238671875
477.0 8.91416142578125
478.0 9.3556609375
479.0 8.599798828125
480.0 9.5154337890625
481.0 8.392048046875
482.0 3.449485546875
483.0 7.99264716796875
484.0 7.92361474609375
485.0 7.629998046875
486.0 4.47334716796875
487.0 7.16797109375
488.0 7.2790248046875
489.0 6.018698046875
490.0 6.798834765625
491.0 6.8422603515625
492.0 9.95109306640625
493.0 9.6506482421875
494.0 10.10819072265625
495.0 8.43965615234375
496.0 7.87376943359375
497.0 10.4359931640625
498.0 10.02069384765625
499.0 8.39079697265625
500.0 10.38143212890625
501.0 10.33449130859375
502.0 10.42824931640625
503.0 9.25731025390625
504.0 7.62882021484375
505.0 7.92452021484375
506.0 8.34393203125
507.0 10.1939912109375
508.0 9.10250078125
509.0 8.994060546875
510.0 10.24318056640625
511.0 10.18179638671875
512.0 8.13976123046875
513.0 10.62222412109375
514.0 9.0820455078125
515.0 7.726680078125
516.0 8.436441796875
517.0 7.822010546875
518.0 8.0438294921875
519.0 6.15732412109375
520.0 1.775054296875
521.0 6.224
522.0 3.93448857421875
523.0 6.3125099609375
524.0 4.70250712890625
525.0 6.190023828125
526.0 7.4114478515625
527.0 9.96069482421875
528.0 9.98396171875
529.0 9.965691015625
530.0 7.73653046875
531.0 10.31165400390625
532.0 0.38566142578125
533.0 6.3011017578125
534.0 3.1357037109375
535.0 5.7746587890625
536.0 5.1454142578125
537.0 5.5928810546875
538.0 7.19556064453125
539.0 6.99874677734375
540.0 9.74942841796875
541.0 10.16553515625
542.0 10.87682861328125
543.0 9.55064287109375
544.0 9.97711328125
545.0 10.50988232421875
546.0 7.45405400390625
547.0 5.81852685546875
548.0 7.40491650390625
549.0 8.69786484375
550.0 9.1807451171875
551.0 8.14426884765625
552.0 10.326169921875
553.0 8.26936875
554.0 10.0695212890625
555.0 8.7087130859375
556.0 6.44275517578125
557.0 9.2045951171875
558.0 9.10863232421875
559.0 8.72193115234375
560.0 7.17905205078125
561.0 9.6972732421875
562.0 10.26541396484375
563.0 11.091085546875
564.0 7.6624341796875
565.0 9.86223134765625
566.0 9.88424287109375
567.0 9.06762216796875
568.0 9.80967841796875
569.0 9.92018564453125
570.0 10.19507109375
571.0 9.795428125
572.0 10.33946650390625
573.0 10.26260244140625
574.0 8.4612826171875
575.0 10.7206998046875
576.0 10.04196484375
577.0 9.4826169921875
578.0 8.753877734375
579.0 7.520168359375
580.0 10.965235546875
581.0 9.9478513671875
582.0 8.496963671875
583.0 8.66648291015625
584.0 8.77062119140625
585.0 9.28263798828125
586.0 9.1705990234375
587.0 9.7159984375
588.0 11.01757548828125
589.0 7.81080693359375
590.0 8.45719560546875
591.0 8.82977158203125
592.0 8.14838173828125
593.0 9.35740380859375
594.0 7.3669107421875
595.0 7.41509453125
596.0 7.55564951171875
597.0 6.7952775390625
598.0 9.4159423828125
599.0 8.74733955078125
600.0 9.01440087890625
601.0 7.84823017578125
602.0 7.67542177734375
603.0 6.4325234375
604.0 5.976915625
605.0 5.8758623046875
606.0 9.0521208984375
607.0 9.94837744140625
608.0 8.2920658203125
609.0 7.20651572265625
610.0 8.555865234375
611.0 6.6218064453125
612.0 6.08458740234375
613.0 7.53172041015625
614.0 6.4466533203125
615.0 7.4697640625
616.0 7.81028115234375
617.0 6.03031240234375
618.0 6.85395263671875
619.0 6.54342041015625
620.0 5.17252412109375
621.0 5.40245263671875
622.0 6.76705166015625
623.0 7.71289326171875
624.0 7.92540439453125
625.0 8.69714111328125
626.0 8.31803310546875
627.0 8.85084296875
628.0 8.48525947265625
629.0 8.375666796875
630.0 9.26858203125
631.0 9.444928125
632.0 9.76689697265625
633.0 9.3449841796875
634.0 10.419423046875
635.0 9.98141669921875
636.0 9.240994921875
637.0 9.75824697265625
638.0 9.2469578125
639.0 6.7356431640625
640.0 7.13813759765625
641.0 9.55384580078125
642.0 8.8813474609375
643.0 10.25282158203125
644.0 8.275866796875
645.0 9.05790693359375
646.0 10.2194392578125
647.0 10.30312158203125
648.0 9.383359765625
649.0 9.349179296875
650.0 11.60427626953125
651.0 9.4107376953125
652.0 12.44186484375
653.0 13.1434859375
654.0 9.96357158203125
655.0 10.38705107421875
656.0 11.329787890625
657.0 12.494590625
658.0 9.4758697265625
659.0 8.53637958984375
660.0 7.8697431640625
661.0 8.5119076171875
662.0 7.8167173828125
663.0 8.0840396484375
664.0 8.18022841796875
665.0 9.577464453125
666.0 10.0741205078125
667.0 12.1689126953125
668.0 11.09137734375
669.0 8.9517775390625
670.0 8.655457421875
671.0 9.32276875
672.0 8.79029111328125
673.0 8.20774150390625
674.0 7.56118994140625
675.0 8.21148076171875
676.0 9.60830166015625
677.0 10.67497197265625
678.0 10.58875712890625
679.0 8.1650958984375
680.0 5.33698740234375
681.0 6.70484560546875
682.0 8.71983203125
683.0 10.952419921875
684.0 12.61143662109375
685.0 11.188027734375
686.0 6.4482412109375
687.0 5.11343564453125
688.0 7.35888349609375
689.0 9.7129265625
690.0 9.95874326171875
691.0 10.99557861328125
692.0 12.18553359375
693.0 10.50416875
694.0 12.5439845703125
695.0 7.6494259765625
696.0 9.84954912109375
697.0 7.8802365234375
698.0 9.2749396484375
699.0 8.84528134765625
700.0 8.67222705078125
701.0 15.21147939453125
702.0 15.89020400390625
703.0 14.32573369140625
704.0 11.96153916015625
705.0 12.13340830078125
706.0 13.0118005859375
707.0 11.31801259765625
708.0 12.58299970703125
709.0 13.45939375
710.0 15.2619150390625
711.0 11.93969873046875
712.0 15.64178701171875
713.0 15.813109765625
714.0 14.07792685546875
715.0 9.74696728515625
716.0 10.0383998046875
717.0 8.69597041015625
718.0 8.03736865234375
719.0 10.41320888671875
720.0 15.16172568359375
721.0 11.62239921875
722.0 8.292435546875
723.0 10.54992880859375
724.0 10.2783833984375
725.0 11.1809646484375
726.0 15.1845810546875
727.0 14.1881404296875
728.0 13.24292490234375
729.0 11.15404130859375
730.0 13.153871875
731.0 9.93695380859375
732.0 5.17110927734375
733.0 8.56683818359375
734.0 7.20678173828125
735.0 9.6045189453125
736.0 8.7870619140625
737.0 10.21903671875
738.0 9.56563486328125
739.0 11.837291796875
740.0 14.29642236328125
741.0 11.28551669921875
742.0 10.8239869140625
743.0 10.1442990234375
744.0 9.85906884765625
745.0 11.67791826171875
746.0 10.2987466796875
747.0 9.517251953125
748.0 10.99675439453125
749.0 10.64855380859375
750.0 10.905129296875
751.0 10.4463818359375
752.0 11.48110927734375
753.0 10.39756376953125
754.0 10.3925736328125
755.0 12.0158302734375
756.0 10.17448388671875
757.0 11.0108337890625
758.0 12.75376455078125
759.0 9.48165341796875
760.0 9.9210068359375
761.0 13.39066845703125
762.0 10.7692931640625
763.0 10.2624220703125
764.0 8.0294375
765.0 9.81466171875
766.0 8.88213623046875
767.0 8.5046193359375
768.0 9.594329296875
769.0 9.40993779296875
770.0 10.609948828125
771.0 11.28023076171875
772.0 8.28567421875
773.0 9.79196279296875
774.0 9.6777203125
775.0 9.3002498046875
776.0 8.33571025390625
777.0 8.2899330078125
778.0 10.50105595703125
779.0 7.66592099609375
780.0 8.24517841796875
781.0 7.29711337890625
782.0 7.6352982421875
783.0 6.5562455078125
784.0 8.2948083984375
785.0 8.24150185546875
786.0 8.68233388671875
787.0 10.129787109375
788.0 8.8005732421875
789.0 8.53097900390625
790.0 7.82639765625
791.0 8.24715654296875
792.0 6.64572607421875
793.0 8.26685361328125
794.0 9.03794833984375
795.0 9.581073828125
796.0 6.42955419921875
797.0 9.51665087890625
798.0 9.39575498046875
799.0 9.907892578125
