0.0 51.129150390625
1.0 51.62363173828125
2.0 37.9318740234375
3.0 49.37306328125
4.0 47.5274083984375
5.0 33.615510546875
6.0 41.130980859375
7.0 41.61560537109375
8.0 41.532981640625
9.0 41.30597666015625
10.0 45.41157939453125
11.0 56.799302734375
12.0 45.9494634765625
13.0 43.81959599609375
14.0 35.24628681640625
15.0 44.055771875
16.0 36.77684638671875
17.0 37.291385546875
18.0 45.25050419921875
19.0 36.00501142578125
20.0 64.29382998046874
21.0 52.15292216796875
22.0 41.177503515625
23.0 49.9113912109375
24.0 47.92554521484375
25.0 35.05218408203125
26.0 14.95290166015625
27.0 31.87521396484375
28.0 24.0927478515625
29.0 21.5383744140625
30.0 22.11574052734375
31.0 30.45844580078125
32.0 22.438444140625
33.0 22.2645353515625
34.0 27.726384765625
35.0 24.28780966796875
36.0 20.5542158203125
37.0 20.46254677734375
38.0 23.67084609375
39.0 24.99303994140625
40.0 15.07045888671875
41.0 17.99646904296875
42.0 30.0508935546875
43.0 24.0206326171875
44.0 29.75260966796875
45.0 13.703733984375
46.0 24.484929296875
47.0 22.309048828125
48.0 22.63388701171875
49.0 20.95406181640625
50.0 21.34348876953125
51.0 23.49100771484375
52.0 22.1938474609375
53.0 25.1933208984375
54.0 23.95033935546875
55.0 15.64980478515625
56.0 28.23453359375
57.0 21.59225810546875
58.0 17.1073951171875
59.0 25.32885732421875
60.0 31.82554130859375
61.0 39.05511767578125
62.0 40.16369169921875
63.0 46.70527509765625
64.0 20.57300595703125
65.0 26.564531640625
66.0 19.56853046875
67.0 22.6908578125
68.0 21.4081826171875
69.0 15.4636322265625
70.0 30.36007958984375
71.0 20.08765986328125
72.0 30.7901357421875
73.0 41.8454341796875
74.0 28.41011904296875
75.0 35.70500595703125
76.0 34.53857109375
77.0 38.84823486328125
78.0 29.50902998046875
79.0 44.29340087890625
80.0 45.60696044921875
81.0 27.82436826171875
82.0 49.08410166015625
83.0 45.353454296875
84.0 40.3314193359375
85.0 34.41554462890625
86.0 51.1098650390625
87.0 46.823438671875
88.0 43.3273375
89.0 43.81685859375
90.0 44.05042763671875
91.0 50.9931962890625
92.0 50.499160546875
93.0 43.54671962890625
94.0 47.5079208984375
95.0 38.5053681640625
96.0 47.398212109375
97.0 48.38903388671875
98.0 48.09300810546875
99.0 53.71132763671875
100.0 42.37940068359375
101.0 41.3835060546875
102.0 39.481907421875
103.0 40.89618818359375
104.0 40.54280673828125
105.0 50.811051171875
106.0 48.89602998046875
107.0 31.02419111328125
108.0 39.41477822265625
109.0 35.148928515625
110.0 27.240674609375
111.0 39.67415400390625
112.0 49.71996455078125
113.0 46.19845869140625
114.0 51.13142939453125
115.0 43.43156767578125
116.0 54.18613369140625
117.0 40.86392490234375
118.0 34.86747861328125
119.0 22.68513876953125
120.0 55.23255576171875
121.0 53.653835546875
122.0 35.9245802734375
123.0 34.93668759765625
124.0 54.7705845703125
125.0 44.95998505859375
126.0 34.33687587890625
127.0 33.54417236328125
128.0 16.44971240234375
129.0 27.46146923828125
130.0 30.4925396484375
131.0 56.10698623046875
132.0 56.09341865234375
133.0 34.447014453125
134.0 31.14108955078125
135.0 40.15216015625
136.0 36.18292490234375
137.0 41.37874384765625
138.0 15.973340234375
139.0 4.83090009765625
140.0 4.949219921875
141.0 12.431098828125
142.0 10.2369310546875
143.0 6.7419203125
144.0 9.50028017578125
145.0 45.1318275390625
146.0 38.07333642578125
147.0 2.93156435546875
148.0 27.0731345703125
149.0 40.15303984375
150.0 35.1431873046875
151.0 16.9323796875
152.0 8.68669052734375
153.0 23.276945703125
154.0 27.10372041015625
155.0 30.82518369140625
156.0 37.20326552734375
157.0 46.10053251953125
158.0 29.53491103515625
159.0 43.719836328125
160.0 34.96831982421875
161.0 40.5144369140625
162.0 32.8027478515625
163.0 42.040196484375
164.0 32.68818369140625
165.0 10.49708447265625
166.0 42.081225390625
167.0 18.15852626953125
168.0 19.59101015625
169.0 40.97899189453125
170.0 41.88367822265625
171.0 34.344708984375
172.0 36.76992255859375
173.0 34.254816796875
174.0 39.9660208984375
175.0 49.05986748046875
176.0 30.97789931640625
177.0 30.7051685546875
178.0 31.244061328125
179.0 43.8812833984375
180.0 46.0423494140625
181.0 21.057659765625
182.0 11.55198974609375
183.0 21.8453900390625
184.0 32.4898619140625
185.0 38.45674345703125
186.0 2.68867412109375
187.0 8.36785546875
188.0 27.55790439453125
189.0 23.3604017578125
190.0 31.9010201171875
191.0 37.46773525390625
192.0 33.01223681640625
193.0 11.57155634765625
194.0 15.4061208984375
195.0 12.01017001953125
196.0 30.78796611328125
197.0 27.640636328125
198.0 11.09194287109375
199.0 25.9748517578125
200.0 40.4332216796875
201.0 52.288862890625
202.0 26.49696669921875
203.0 51.32857197265625
204.0 51.9037970703125
205.0 42.2645298828125
206.0 44.7986021484375
207.0 24.77038359375
208.0 53.0618751953125
209.0 50.29967509765625
210.0 36.6245615234375
211.0 45.085190625
212.0 46.88012353515625
213.0 31.1285564453125
214.0 29.3400666015625
215.0 24.63994921875
216.0 33.15376826171875
217.0 37.456051953125
218.0 30.51792421875
219.0 44.03184091796875
220.0 48.1183076171875
221.0 37.27337060546875
222.0 46.27674033203125
223.0 31.5781888671875
224.0 10.89392470703125
225.0 4.81081279296875
226.0 37.34058876953125
227.0 32.41859814453125
228.0 64.374155078125
229.0 58.269076171875
230.0 46.76805654296875
231.0 41.4025328125
232.0 40.41600830078125
233.0 42.06087763671875
234.0 31.6829734375
235.0 19.892836328125
236.0 19.59517666015625
237.0 15.9374923828125
238.0 32.7079591796875
239.0 17.74919453125
240.0 16.867635546875
241.0 15.35311083984375
242.0 46.25473486328125
243.0 19.03506123046875
244.0 31.5708630859375
245.0 44.100674609375
246.0 11.77890068359375
247.0 24.305425390625
248.0 45.28368310546875
249.0 23.1922662109375
250.0 11.45935146484375
251.0 16.71791611328125
252.0 21.2453015625
253.0 18.0114576171875
254.0 20.42811328125
255.0 15.247096875
256.0 12.31853955078125
257.0 35.13073974609375
258.0 27.0499216796875
259.0 22.017584375
260.0 52.7584181640625
261.0 17.47432109375
262.0 25.1644443359375
263.0 22.02763662109375
264.0 35.95591474609375
265.0 30.06485205078125
266.0 12.30567939453125
267.0 74.3517810546875
268.0 22.59018330078125
269.0 53.0893451171875
270.0 44.00424580078125
271.0 38.74077919921875
272.0 20.86676474609375
273.0 53.315721875
274.0 50.53211728515625
275.0 30.738575390625
276.0 31.84194072265625
277.0 51.01722958984375
278.0 35.19601416015625
279.0 59.940608984375
280.0 30.07989248046875
281.0 30.38160771484375
282.0 41.3366330078125
283.0 30.5682794921875
284.0 37.8131048828125
285.0 19.31754873046875
286.0 49.24712900390625
287.0 43.98742880859375
288.0 34.60693134765625
289.0 54.9660669921875
290.0 51.95626171875
291.0 46.54746201171875
292.0 49.515074609375
293.0 35.30858291015625
294.0 17.6716181640625
295.0 24.36117412109375
296.0 11.92222333984375
297.0 24.095401171875
298.0 23.87621298828125
299.0 41.66910556640625
300.0 35.83556865234375
301.0 20.48120908203125
302.0 24.49033623046875
303.0 49.22283740234375
304.0 43.9932697265625
305.0 24.59692236328125
306.0 41.5029533203125
307.0 33.882579296875
308.0 51.264121484375
309.0 40.2204173828125
310.0 40.39607861328125
311.0 30.1286724609375
312.0 15.96143798828125
313.0 22.942555078125
314.0 17.119525390625
315.0 25.11533076171875
316.0 24.97567646484375
317.0 20.92939365234375
318.0 54.55766650390625
319.0 41.24701826171875
320.0 29.55548759765625
321.0 49.73950556640625
322.0 48.2186962890625
323.0 34.09270966796875
324.0 45.74018759765625
325.0 29.143009375
326.0 16.7505494140625
327.0 19.3542640625
328.0 32.611663671875
329.0 27.29985087890625
330.0 15.8466939453125
331.0 6.10666083984375
332.0 24.69777958984375
333.0 16.52843779296875
334.0 14.59198515625
335.0 25.313419921875
336.0 26.9769181640625
337.0 17.43071220703125
338.0 48.20285595703125
339.0 21.92591279296875
340.0 34.9137994140625
341.0 39.459019921875
342.0 40.0342296875
343.0 44.4744970703125
344.0 49.1534541015625
345.0 50.48600029296875
346.0 28.368608984375
347.0 47.07453203125
348.0 53.23898056640625
349.0 33.4308732421875
350.0 48.8144779296875
351.0 50.7947728515625
352.0 43.26846279296875
353.0 43.40361005859375
354.0 39.6578203125
355.0 32.7022201171875
356.0 35.039309765625
357.0 30.83826181640625
358.0 40.62897470703125
359.0 40.39215107421875
360.0 43.8132087890625
361.0 23.9943501953125
362.0 16.83818427734375
363.0 24.03125244140625
364.0 23.83594619140625
365.0 14.47533681640625
366.0 33.859684375
367.0 32.39998896484375
368.0 21.35848076171875
369.0 29.67984541015625
370.0 28.96722685546875
371.0 19.7574732421875
372.0 37.3771267578125
373.0 33.424681640625
374.0 47.575539453125
375.0 31.3748767578125
376.0 30.6665978515625
377.0 28.00991875
378.0 27.85937275390625
379.0 28.8786529296875
380.0 35.4629580078125
381.0 43.23325537109375
382.0 23.20810283203125
383.0 46.00970458984375
384.0 23.2152888671875
385.0 40.52151201171875
386.0 24.24882548828125
387.0 18.296535546875
388.0 24.064759375
389.0 29.4195431640625
390.0 23.50796689453125
391.0 51.94483173828125
392.0 43.713738671875
393.0 48.52754140625
394.0 11.94946982421875
395.0 19.40536650390625
396.0 22.07586669921875
397.0 15.16159921875
398.0 27.11300263671875
399.0 17.817695703125
400.0 25.0594173828125
401.0 21.58741806640625
402.0 31.53041796875
403.0 16.1544630859375
404.0 28.4929041015625
405.0 32.59068779296875
406.0 46.0950556640625
407.0 52.4888283203125
408.0 53.8536341796875
409.0 29.7179509765625
410.0 19.9365060546875
411.0 21.97949482421875
412.0 72.75886689453125
413.0 37.1468267578125
414.0 44.47494365234375
415.0 38.43448818359375
416.0 53.1576697265625
417.0 33.8136482421875
418.0 46.661011328125
419.0 41.8493380859375
420.0 50.00890859375
421.0 29.2839935546875
422.0 23.44921044921875
423.0 25.75355625
424.0 12.86875244140625
425.0 39.1415025390625
426.0 48.9881236328125
427.0 44.794264453125
428.0 44.33633515625
429.0 33.80872333984375
430.0 56.4970833984375
431.0 45.014924609375
432.0 43.132543359375
433.0 21.20657724609375
434.0 48.3507583984375
435.0 37.1716005859375
436.0 50.68020078125
437.0 23.54211923828125
438.0 38.6913693359375
439.0 45.22170830078125
440.0 51.5920525390625
441.0 49.38173349609375
442.0 36.0710341796875
443.0 33.3109267578125
444.0 36.73378291015625
445.0 35.79868076171875
446.0 47.983803125
447.0 34.75906474609375
448.0 52.3802453125
449.0 38.644981640625
450.0 11.66758818359375
451.0 74.8738955078125
452.0 41.8746294921875
453.0 37.61038505859375
454.0 34.57476005859375
455.0 44.5083951171875
456.0 38.81956923828125
457.0 35.90178271484375
458.0 41.52745869140625
459.0 40.52655478515625
460.0 47.253023828125
461.0 49.0494185546875
462.0 39.81950703125
463.0 44.7801841796875
464.0 40.89991591796875
465.0 35.421227734375
466.0 39.8968177734375
467.0 43.46040751953125
468.0 51.76667578125
469.0 41.91782392578125
470.0 42.9580966796875
471.0 47.41813466796875
472.0 45.0365361328125
473.0 45.816071484375
474.0 40.87902607421875
475.0 16.80283193359375
476.0 24.28615068359375
477.0 20.0169779296875
478.0 37.180419140625
479.0 16.3875970703125
480.0 16.386166796875
481.0 20.00442744140625
482.0 22.41230771484375
483.0 23.0230638671875
484.0 22.13307900390625
485.0 28.96328505859375
486.0 44.6056775390625
487.0 7.17502568359375
488.0 15.40654111328125
489.0 29.7947708984375
490.0 30.9843654296875
491.0 42.792333203125
492.0 38.80305380859375
493.0 7.692576171875
494.0 10.51049794921875
495.0 52.94734765625
496.0 25.836049609375
497.0 20.0007640625
498.0 27.17811611328125
499.0 14.634737890625
500.0 21.10048349609375
501.0 10.1552384765625
502.0 20.10149736328125
503.0 15.342061328125
504.0 14.88718642578125
505.0 15.35864384765625
506.0 16.77523623046875
507.0 15.2912818359375
508.0 15.7424837890625
509.0 17.162306640625
510.0 18.80446494140625
511.0 27.98637578125
512.0 32.806558984375
513.0 11.2921169921875
514.0 13.893312109375
515.0 12.1262439453125
516.0 30.2075349609375
517.0 33.18949189453125
518.0 47.0045595703125
519.0 19.75628876953125
520.0 0.25020615234375
521.0 4.8357349609375
522.0 28.531563671875
523.0 14.48836611328125
524.0 8.5701986328125
525.0 8.23440732421875
526.0 34.7653794921875
527.0 45.1450552734375
528.0 45.29478916015625
529.0 51.4465095703125
530.0 49.83048759765625
531.0 33.6491072265625
532.0 49.76674521484375
533.0 24.30517666015625
534.0 27.1359658203125
535.0 32.6611005859375
536.0 28.12532724609375
537.0 21.99152705078125
538.0 16.15391923828125
539.0 9.53696201171875
540.0 19.18430224609375
541.0 18.88192099609375
542.0 26.545303515625
543.0 18.7105484375
544.0 17.935478125
545.0 17.29895087890625
546.0 27.21212138671875
547.0 21.9208689453125
548.0 24.5205234375
549.0 25.5599056640625
550.0 49.91646123046875
551.0 42.94882412109375
552.0 33.222269140625
553.0 16.07526875
554.0 6.919288671875
555.0 46.04391875
556.0 32.31369658203125
557.0 19.346070703125
558.0 21.64514072265625
559.0 19.2286583984375
560.0 23.70132978515625
561.0 14.109925
562.0 12.2398912109375
563.0 26.65961884765625
564.0 17.1027935546875
565.0 25.3380501953125
566.0 25.6681166015625
567.0 32.1018748046875
568.0 39.535599609375
569.0 41.94205419921875
570.0 37.33822392578125
571.0 10.92964052734375
572.0 23.2973103515625
573.0 19.5978771484375
574.0 19.34664755859375
575.0 19.3936841796875
576.0 15.78212412109375
577.0 20.91870244140625
578.0 26.80972529296875
579.0 21.62602802734375
580.0 23.8840166015625
581.0 11.81517109375
582.0 15.76663935546875
583.0 19.67815537109375
584.0 5.58855966796875
585.0 15.7774505859375
586.0 14.56510234375
587.0 19.61540595703125
588.0 25.6529306640625
589.0 14.8203166015625
590.0 18.4447599609375
591.0 17.3512220703125
592.0 32.06007685546875
593.0 26.35080439453125
594.0 24.2204130859375
595.0 13.38686083984375
596.0 15.24560693359375
597.0 15.867225390625
598.0 16.95527568359375
599.0 25.04163974609375
600.0 26.15236796875
601.0 46.1576859375
602.0 50.28392587890625
603.0 44.39865859375
604.0 43.32861494140625
605.0 16.9996423828125
606.0 29.42009560546875
607.0 12.34601064453125
608.0 27.36631640625
609.0 26.98131279296875
610.0 12.209667578125
611.0 16.0021890625
612.0 19.6859359375
613.0 19.89121796875
614.0 15.2276072265625
615.0 9.541466796875
616.0 4.461346875
617.0 18.07581162109375
618.0 26.95378671875
619.0 22.77760986328125
620.0 28.18786611328125
621.0 21.3001134765625
622.0 24.4539544921875
623.0 30.2808025390625
624.0 28.15303701171875
625.0 17.3761125
626.0 33.10062705078125
627.0 14.9714671875
628.0 15.9952427734375
629.0 30.88077548828125
630.0 30.56073662109375
631.0 25.234587109375
632.0 19.982683984375
633.0 35.41114580078125
634.0 25.00604638671875
635.0 20.515940625
636.0 23.491885546875
637.0 11.94481689453125
638.0 16.13996806640625
639.0 22.00098466796875
640.0 21.257240234375
641.0 24.04794541015625
642.0 25.8833873046875
643.0 18.6900185546875
644.0 15.4351748046875
645.0 18.82405087890625
646.0 13.68591640625
647.0 35.88078984375
648.0 51.508166796875
649.0 25.57292392578125
650.0 58.7039408203125
651.0 33.08338916015625
652.0 10.06346181640625
653.0 26.63528203125
654.0 16.2693275390625
655.0 24.513157421875
656.0 26.45101083984375
657.0 22.1223818359375
658.0 27.6030572265625
659.0 17.06645859375
660.0 25.3108970703125
661.0 30.2612958984375
662.0 20.997210546875
663.0 21.17925966796875
664.0 27.07617685546875
665.0 20.36996083984375
666.0 20.02248515625
667.0 17.0282123046875
668.0 37.056680859375
669.0 19.03011865234375
670.0 27.187119140625
671.0 24.27577724609375
672.0 17.15549765625
673.0 19.18563115234375
674.0 28.2771640625
675.0 49.6312431640625
676.0 22.9277048828125
677.0 67.406584375
678.0 41.992461328125
679.0 8.58674267578125
680.0 45.2979474609375
681.0 32.857365625
682.0 39.390052734375
683.0 37.92207353515625
684.0 50.619980859375
685.0 17.19593544921875
686.0 18.12958349609375
687.0 22.82064423828125
688.0 15.19263505859375
689.0 24.2817935546875
690.0 27.51919130859375
691.0 23.53523623046875
692.0 21.795182421875
693.0 25.636051171875
694.0 31.192464453125
695.0 21.5568103515625
696.0 24.42417734375
697.0 31.78846083984375
698.0 13.2339591796875
699.0 24.7770513671875
700.0 20.22732705078125
701.0 33.13157421875
702.0 7.24852412109375
703.0 25.32504677734375
704.0 24.13982900390625
705.0 23.67767080078125
706.0 5.08278759765625
707.0 18.14401640625
708.0 14.32762763671875
709.0 25.83838037109375
710.0 16.4138544921875
711.0 19.24929970703125
712.0 11.17423876953125
713.0 13.3661373046875
714.0 51.50374150390625
715.0 44.267012890625
716.0 26.67119921875
717.0 26.51138515625
718.0 15.2852904296875
719.0 21.71131953125
720.0 15.55782421875
721.0 21.54987861328125
722.0 16.94756845703125
723.0 15.03113662109375
724.0 17.7864478515625
725.0 20.6114466796875
726.0 22.60972490234375
727.0 25.058758984375
728.0 25.97555458984375
729.0 16.275035546875
730.0 17.40603046875
731.0 21.979791015625
732.0 15.61719384765625
733.0 22.6230171875
734.0 20.55309619140625
735.0 12.930135546875
736.0 18.6604736328125
737.0 23.79407998046875
738.0 24.1018857421875
739.0 16.4072490234375
740.0 25.05195751953125
741.0 24.84201669921875
742.0 21.960029296875
743.0 42.55522080078125
744.0 50.41644443359375
745.0 32.33679853515625
746.0 32.632964453125
747.0 21.9421115234375
748.0 25.1642404296875
749.0 26.617540625
750.0 22.0302552734375
751.0 26.2338240234375
752.0 12.66534443359375
753.0 32.96885673828125
754.0 16.52486640625
755.0 19.0497716796875
756.0 29.58117841796875
757.0 21.24430029296875
758.0 31.48194931640625
759.0 13.50695263671875
760.0 21.43952529296875
761.0 28.83653701171875
762.0 19.894246875
763.0 16.737754296875
764.0 22.4264447265625
765.0 14.7012443359375
766.0 16.09253466796875
767.0 28.7783919921875
768.0 15.2382541015625
769.0 26.5583853515625
770.0 27.20810732421875
771.0 16.18639375
772.0 18.98746572265625
773.0 18.532550390625
774.0 18.00757109375
775.0 43.79223427734375
776.0 43.5744619140625
777.0 30.6974275390625
778.0 30.53162626953125
779.0 29.6483279296875
780.0 27.8482818359375
781.0 22.86261630859375
782.0 28.1507638671875
783.0 21.86966298828125
784.0 18.72208349609375
785.0 27.855520703125
786.0 13.945460546875
787.0 35.67018720703125
788.0 26.4967123046875
789.0 14.08852392578125
790.0 25.094122265625
791.0 30.5025892578125
792.0 30.734702734375
793.0 69.10977998046874
794.0 53.11836318359375
795.0 44.502823828125
796.0 46.10081083984375
797.0 56.3052427734375
798.0 34.14136083984375
799.0 28.03347451171875
