0.0 20.84969267578125
1.0 23.2318642578125
2.0 20.71398212890625
3.0 18.47362421875
4.0 23.19849130859375
5.0 0.0
6.0 0.0
7.0 28.5764365234375
8.0 20.6404373046875
9.0 20.3505236328125
10.0 26.06898154296875
11.0 23.75512099609375
12.0 22.434358203125
13.0 25.265197265625
14.0 22.1507708984375
15.0 23.07216943359375
16.0 22.614350390625
17.0 24.50155751953125
18.0 22.01260693359375
19.0 23.1023443359375
20.0 20.67221826171875
21.0 26.496534765625
22.0 24.8698861328125
23.0 23.94221728515625
24.0 18.57712783203125
25.0 17.4637412109375
26.0 15.389437890625
27.0 21.38120869140625
28.0 22.15825966796875
29.0 24.55316455078125
30.0 16.292653515625
31.0 16.07564130859375
32.0 18.97316455078125
33.0 23.950740234375
34.0 19.421502734375
35.0 18.92194228515625
36.0 19.96900537109375
37.0 23.48362119140625
38.0 22.20835146484375
39.0 20.4454740234375
40.0 19.99193076171875
41.0 19.16065068359375
42.0 23.59935703125
43.0 23.6080171875
44.0 19.12244091796875
45.0 17.47460458984375
46.0 16.6490951171875
47.0 17.6991494140625
48.0 18.07215126953125
49.0 16.610171484375
50.0 15.60066220703125
51.0 15.25632509765625
52.0 13.356183203125
53.0 19.73373935546875
54.0 16.27319609375
55.0 13.8133203125
56.0 16.54222333984375
57.0 16.5505921875
58.0 13.58465380859375
59.0 15.58974482421875
60.0 16.54585927734375
61.0 16.1885642578125
62.0 17.87504580078125
63.0 15.5976501953125
64.0 14.89051572265625
65.0 16.00274453125
66.0 16.02838701171875
67.0 15.18030771484375
68.0 14.43704013671875
69.0 15.54796083984375
70.0 16.9077548828125
71.0 20.82429033203125
72.0 22.6848935546875
73.0 21.90422880859375
74.0 24.552846484375
75.0 21.08574560546875
76.0 21.3629931640625
77.0 18.62268544921875
78.0 18.702001953125
79.0 22.04493046875
80.0 19.65906591796875
81.0 23.14246767578125
82.0 18.8931669921875
83.0 18.5950609375
84.0 19.27562236328125
85.0 17.82779912109375
86.0 17.7984919921875
87.0 18.3247390625
88.0 15.2952962890625
89.0 18.80022333984375
90.0 20.45316484375
91.0 18.9877494140625
92.0 20.9931224609375
93.0 19.03141025390625
94.0 23.81378037109375
95.0 19.72169609375
96.0 20.5308873046875
97.0 19.04123134765625
98.0 23.07044560546875
99.0 20.41587099609375
100.0 24.3089228515625
101.0 19.97531708984375
102.0 21.03242646484375
103.0 23.5385662109375
104.0 19.01370546875
105.0 23.98010341796875
106.0 19.98743720703125
107.0 20.37024111328125
108.0 20.42142431640625
109.0 17.9223724609375
110.0 22.070866015625
111.0 22.37651064453125
112.0 23.63470732421875
113.0 24.14138125
114.0 20.74867392578125
115.0 18.6553525390625
116.0 22.19464755859375
117.0 23.31227109375
118.0 27.36031982421875
119.0 25.06052294921875
120.0 18.9465849609375
121.0 26.9056603515625
122.0 20.079162890625
123.0 23.530853125
124.0 19.635428125
125.0 23.831521484375
126.0 26.1509900390625
127.0 21.84219150390625
128.0 25.51640751953125
129.0 16.90905615234375
130.0 19.28989599609375
131.0 19.41580478515625
132.0 22.8474333984375
133.0 24.169671875
134.0 18.18551103515625
135.0 22.60969580078125
136.0 23.33773818359375
137.0 27.00520908203125
138.0 26.2888470703125
139.0 22.31907216796875
140.0 26.6223697265625
141.0 23.3671150390625
142.0 25.50682587890625
143.0 23.43762021484375
144.0 25.51380439453125
145.0 23.8639
146.0 24.2417990234375
147.0 22.35100205078125
148.0 25.40256396484375
149.0 22.69925390625
150.0 25.16305078125
151.0 22.66803115234375
152.0 23.968584375
153.0 18.273270703125
154.0 21.23688955078125
155.0 23.079359375
156.0 21.0952271484375
157.0 24.15114404296875
158.0 22.50671201171875
159.0 21.63533056640625
160.0 21.36276455078125
161.0 23.7507697265625
162.0 23.80763046875
163.0 24.74342421875
164.0 19.907737109375
165.0 24.24222685546875
166.0 16.54205087890625
167.0 6.43738759765625
168.0 45.246908203125
169.0 24.1447318359375
170.0 22.7748619140625
171.0 26.84519609375
172.0 20.80631484375
173.0 21.16462587890625
174.0 19.0195619140625
175.0 20.29327744140625
176.0 17.80564775390625
177.0 13.48453759765625
178.0 9.41223076171875
179.0 18.02222939453125
180.0 22.7587701171875
181.0 18.919001171875
182.0 14.15177314453125
183.0 16.95846015625
184.0 12.20223271484375
185.0 6.50971298828125
186.0 29.5593697265625
187.0 16.56318779296875
188.0 15.56990625
189.0 18.0233888671875
190.0 19.65060390625
191.0 20.49031044921875
192.0 21.19497841796875
193.0 23.2439580078125
194.0 24.8685427734375
195.0 27.08102734375
196.0 24.0078328125
197.0 28.0677115234375
198.0 24.1305876953125
199.0 28.64333779296875
200.0 25.3464525390625
201.0 25.939160546875
202.0 26.14023310546875
203.0 19.1948421875
204.0 22.45232783203125
205.0 20.01238720703125
206.0 20.02120498046875
207.0 21.9867587890625
208.0 19.223312109375
209.0 17.63760146484375
210.0 22.81537294921875
211.0 25.85661884765625
212.0 1.5231615234375
213.0 47.80759453125
214.0 27.6531626953125
215.0 22.74825087890625
216.0 25.726590625
217.0 21.499263671875
218.0 19.24766357421875
219.0 8.45124208984375
220.0 0.71036337890625
221.0 36.031661328125
222.0 21.53627705078125
223.0 24.08069931640625
224.0 26.07538564453125
225.0 22.35749443359375
226.0 25.2647423828125
227.0 21.765526171875
228.0 23.97197353515625
229.0 22.0982037109375
230.0 21.94073740234375
231.0 19.349216796875
232.0 15.8562626953125
233.0 14.97148408203125
234.0 20.45084921875
235.0 14.84923916015625
236.0 14.60690673828125
237.0 16.2033158203125
238.0 19.03337646484375
239.0 21.8812853515625
240.0 22.9256029296875
241.0 17.52080791015625
242.0 21.9030330078125
243.0 22.04623837890625
244.0 15.148730078125
245.0 18.92399521484375
246.0 15.9657787109375
247.0 21.19064501953125
248.0 20.97964580078125
249.0 17.61754580078125
250.0 23.1617541015625
251.0 20.8525814453125
252.0 22.4766822265625
253.0 22.5706484375
254.0 19.3648388671875
255.0 23.5519365234375
256.0 23.520425
257.0 26.2189818359375
258.0 17.37247646484375
259.0 29.703210546875
260.0 22.58935771484375
261.0 24.6533455078125
262.0 21.67065048828125
263.0 24.9087052734375
264.0 23.42952578125
265.0 27.11005087890625
266.0 17.341169140625
267.0 15.68391455078125
268.0 18.5537390625
269.0 24.0768681640625
270.0 24.98174462890625
271.0 21.40768671875
272.0 26.48448720703125
273.0 19.19226630859375
274.0 25.041161328125
275.0 26.0864451171875
276.0 24.015188671875
277.0 26.524125390625
278.0 23.877762109375
279.0 26.13853759765625
280.0 23.5729427734375
281.0 22.92636669921875
282.0 22.73203720703125
283.0 22.45951748046875
284.0 21.56287568359375
285.0 20.91629873046875
286.0 20.502287109375
287.0 19.0270529296875
288.0 20.20602705078125
289.0 19.54475556640625
290.0 24.92718642578125
291.0 23.81505283203125
292.0 22.732915625
293.0 23.30589599609375
294.0 27.27158232421875
295.0 24.36228935546875
296.0 12.63534541015625
297.0 32.91609677734375
298.0 18.1959716796875
299.0 16.4425390625
300.0 24.82823466796875
301.0 29.417663671875
302.0 20.87759609375
303.0 22.75433017578125
304.0 23.88760087890625
305.0 18.66028125
306.0 22.99349306640625
307.0 30.05247744140625
308.0 26.62737314453125
309.0 28.58732021484375
310.0 21.5542884765625
311.0 24.68116005859375
312.0 26.9895865234375
313.0 21.667422265625
314.0 26.60469423828125
315.0 22.22114453125
316.0 14.958328515625
317.0 23.7733947265625
318.0 23.39116455078125
319.0 23.52959794921875
320.0 22.82646015625
321.0 23.026203515625
322.0 22.373614453125
323.0 22.52184287109375
324.0 21.30402275390625
325.0 26.11471181640625
326.0 24.89790693359375
327.0 19.0437607421875
328.0 19.4442115234375
329.0 21.19105712890625
330.0 22.30001171875
331.0 15.846257421875
332.0 6.5465240234375
333.0 46.1078056640625
334.0 19.91690126953125
335.0 24.50410234375
336.0 28.28099697265625
337.0 24.40830517578125
338.0 23.41608330078125
339.0 25.80697841796875
340.0 22.216966796875
341.0 20.467225390625
342.0 24.83151728515625
343.0 2.4319794921875
344.0 41.7379787109375
345.0 23.6323529296875
346.0 20.39729365234375
347.0 23.8985123046875
348.0 18.27214638671875
349.0 23.14195830078125
350.0 22.20870029296875
351.0 15.14324931640625
352.0 23.66275810546875
353.0 21.529659375
354.0 22.7603966796875
355.0 19.02207041015625
356.0 19.6366822265625
357.0 17.9869421875
358.0 29.04235029296875
359.0 22.8436443359375
360.0 22.28188369140625
361.0 19.263476171875
362.0 19.2595611328125
363.0 20.36624150390625
364.0 16.449453125
365.0 12.90353984375
366.0 12.49414697265625
367.0 14.1078283203125
368.0 12.31539814453125
369.0 14.64767890625
370.0 15.19187880859375
371.0 12.4926361328125
372.0 15.52817529296875
373.0 23.6678892578125
374.0 21.0282251953125
375.0 15.13595400390625
376.0 15.1312609375
377.0 21.26193662109375
378.0 21.9619826171875
379.0 20.8339966796875
380.0 19.44243134765625
381.0 18.86787509765625
382.0 13.46691982421875
383.0 11.82037333984375
384.0 15.4930666015625
385.0 15.2831654296875
386.0 19.2012279296875
387.0 22.02762197265625
388.0 23.7535130859375
389.0 20.9461310546875
390.0 21.428239453125
391.0 15.02218154296875
392.0 25.14614541015625
393.0 29.2007185546875
394.0 33.025169921875
395.0 20.53502841796875
396.0 19.31395078125
397.0 22.8345720703125
398.0 20.375280859375
399.0 23.64972958984375
400.0 22.1369697265625
401.0 20.639081640625
402.0 20.9793734375
403.0 21.44739755859375
404.0 24.46716572265625
405.0 23.85958291015625
406.0 23.96552890625
407.0 22.76116201171875
408.0 25.15099248046875
409.0 19.811554296875
410.0 20.2693439453125
411.0 24.4692591796875
412.0 22.36116376953125
413.0 25.4149623046875
414.0 20.63403798828125
415.0 24.12625634765625
416.0 22.60653876953125
417.0 23.9382248046875
418.0 24.088256640625
419.0 17.9461498046875
420.0 24.00373701171875
421.0 22.8333466796875
422.0 26.8203943359375
423.0 22.73824775390625
424.0 25.5587419921875
425.0 21.1222248046875
426.0 26.22115751953125
427.0 22.50603408203125
428.0 22.0154732421875
429.0 23.03742734375
430.0 15.419237890625
431.0 21.701788671875
432.0 22.03168505859375
433.0 22.00613359375
434.0 22.216630078125
435.0 20.21571015625
436.0 15.73852392578125
437.0 17.363571875
438.0 36.2948482421875
439.0 16.151922265625
440.0 19.0961048828125
441.0 16.903057421875
442.0 20.80478818359375
443.0 22.9226767578125
444.0 27.69332685546875
445.0 27.7460501953125
446.0 31.79489267578125
447.0 27.5611576171875
448.0 25.07891064453125
449.0 28.7545939453125
450.0 30.55679814453125
451.0 26.2493373046875
452.0 22.664027734375
453.0 18.51772802734375
454.0 26.85774814453125
455.0 24.10684267578125
456.0 22.60604814453125
457.0 24.3573326171875
458.0 23.1298783203125
459.0 17.3693595703125
460.0 12.21503681640625
461.0 23.4127185546875
462.0 21.2010970703125
463.0 26.4634169921875
464.0 23.9557935546875
465.0 23.6332390625
466.0 22.50814189453125
467.0 15.84908759765625
468.0 26.83877119140625
469.0 19.87903427734375
470.0 21.91571708984375
471.0 25.32627734375
472.0 23.09181865234375
473.0 24.97046591796875
474.0 21.02886953125
475.0 21.70447568359375
476.0 19.9232259765625
477.0 14.27550380859375
478.0 14.79863916015625
479.0 15.1660349609375
480.0 13.1699466796875
481.0 15.8541337890625
482.0 17.0070416015625
483.0 16.3639400390625
484.0 22.80584521484375
485.0 22.9074796875
486.0 20.34020166015625
487.0 23.76286015625
488.0 18.778540234375
489.0 17.96007841796875
490.0 16.45629169921875
491.0 20.81963046875
492.0 20.96272216796875
493.0 24.30556474609375
494.0 20.0210177734375
495.0 23.12429482421875
496.0 23.43276083984375
497.0 25.40744599609375
498.0 23.67341923828125
499.0 22.42541455078125
500.0 22.9620400390625
501.0 21.98573408203125
502.0 20.12733896484375
503.0 22.192028515625
504.0 23.89467841796875
505.0 20.55800146484375
506.0 16.10082412109375
507.0 20.9863900390625
508.0 25.95151640625
509.0 23.99325380859375
510.0 14.210950390625
511.0 16.29525546875
512.0 16.82911376953125
513.0 15.137713671875
514.0 13.2179193359375
515.0 17.1113412109375
516.0 15.46590224609375
517.0 21.07829794921875
518.0 24.04439462890625
519.0 23.2405115234375
520.0 19.2226763671875
521.0 16.03746865234375
522.0 18.5655505859375
523.0 27.278598046875
524.0 22.536023828125
525.0 17.5552291015625
526.0 15.83621826171875
527.0 16.60212333984375
528.0 20.78382958984375
529.0 21.890225390625
530.0 17.67327333984375
531.0 16.11750224609375
532.0 15.13448984375
533.0 17.54297353515625
534.0 17.97843544921875
535.0 17.66743505859375
536.0 25.208115625
537.0 23.4800544921875
538.0 23.3463923828125
539.0 22.74771572265625
540.0 11.3062197265625
541.0 18.30335244140625
542.0 32.2519578125
543.0 24.09648798828125
544.0 21.17277890625
545.0 19.94715234375
546.0 18.60211708984375
547.0 23.4210263671875
548.0 25.6839291015625
549.0 20.83577490234375
550.0 17.670908203125
551.0 11.27152236328125
552.0 20.22436728515625
553.0 24.50697744140625
554.0 24.41944287109375
555.0 20.1299359375
556.0 13.81827744140625
557.0 13.3175556640625
558.0 15.28355634765625
559.0 13.76643896484375
560.0 26.57631552734375
561.0 20.73742216796875
562.0 27.8390267578125
563.0 16.737880078125
564.0 29.9085013671875
565.0 20.25005322265625
566.0 22.70246357421875
567.0 22.80365888671875
568.0 14.90012734375
569.0 29.720607421875
570.0 23.06769248046875
571.0 25.283444921875
572.0 17.98033583984375
573.0 14.44968466796875
574.0 26.61755244140625
575.0 21.8695724609375
576.0 24.68629326171875
577.0 22.369790234375
578.0 19.4554447265625
579.0 24.98512099609375
580.0 22.05820595703125
581.0 22.73861962890625
582.0 14.156908203125
583.0 17.31297861328125
584.0 18.49363154296875
585.0 17.0157869140625
586.0 19.13731005859375
587.0 25.14660673828125
588.0 16.6901064453125
589.0 19.56033740234375
590.0 24.37199384765625
591.0 21.61517001953125
592.0 21.69173359375
593.0 20.311106640625
594.0 25.88994677734375
595.0 27.3577701171875
596.0 28.64317880859375
597.0 22.5138330078125
598.0 25.07857587890625
599.0 23.2107837890625
600.0 23.75053974609375
601.0 25.4314400390625
602.0 22.89110615234375
603.0 24.93554677734375
604.0 23.9552263671875
605.0 20.04003798828125
606.0 20.5664087890625
607.0 13.657803515625
608.0 32.8424197265625
609.0 22.914137109375
610.0 26.2163193359375
611.0 21.8719939453125
612.0 17.71762373046875
613.0 18.84892236328125
614.0 15.50743232421875
615.0 20.40160732421875
616.0 18.17205927734375
617.0 19.08180869140625
618.0 20.1049712890625
619.0 22.2526771484375
620.0 25.5205423828125
621.0 25.12040693359375
622.0 22.84499453125
623.0 19.5715828125
624.0 22.46361845703125
625.0 25.92286142578125
626.0 24.6164091796875
627.0 26.37879677734375
628.0 21.23841435546875
629.0 25.7882912109375
630.0 20.8019689453125
631.0 25.05282001953125
632.0 21.04225732421875
633.0 22.815635546875
634.0 23.6615400390625
635.0 18.92813876953125
636.0 19.1764927734375
637.0 15.902339453125
638.0 19.33760263671875
639.0 17.731293359375
640.0 18.51385751953125
641.0 18.61831416015625
642.0 18.03491318359375
643.0 16.99115224609375
644.0 17.7337169921875
645.0 23.4681263671875
646.0 21.99344072265625
647.0 23.82399580078125
648.0 19.43289716796875
649.0 19.52069580078125
650.0 22.96476044921875
651.0 25.14673056640625
652.0 17.00932529296875
653.0 20.29805283203125
654.0 23.09192744140625
655.0 26.17463759765625
656.0 24.12838681640625
657.0 21.9841154296875
658.0 22.54804853515625
659.0 27.47949482421875
660.0 21.06438076171875
661.0 22.13276923828125
662.0 29.65400234375
663.0 27.3278470703125
664.0 24.66147080078125
665.0 22.395025390625
666.0 24.4344560546875
667.0 23.598390234375
668.0 24.3391251953125
669.0 24.00736162109375
670.0 19.71113349609375
671.0 23.64602939453125
672.0 20.78067255859375
673.0 0.0463169921875
674.0 42.3954162109375
675.0 25.90265400390625
676.0 22.19260712890625
677.0 22.9029615234375
678.0 20.31959501953125
679.0 20.69868125
680.0 21.8118716796875
681.0 17.79306474609375
682.0 21.8191263671875
683.0 23.9302791015625
684.0 21.64436611328125
685.0 20.44657685546875
686.0 21.42970810546875
687.0 21.8731716796875
688.0 14.885051171875
689.0 23.43690712890625
690.0 19.7558939453125
691.0 21.8333921875
692.0 21.910739453125
693.0 17.70299453125
694.0 16.1343392578125
695.0 16.045258984375
696.0 17.2096328125
697.0 23.69962666015625
698.0 21.62607158203125
699.0 17.9131677734375
700.0 23.07570546875
701.0 14.988238671875
702.0 18.91841201171875
703.0 26.120557421875
704.0 20.0037142578125
705.0 22.342698046875
706.0 22.97552255859375
707.0 19.08815263671875
708.0 22.75524560546875
709.0 21.21788349609375
710.0 24.21061669921875
711.0 20.289296875
712.0 16.90021337890625
713.0 20.02040712890625
714.0 22.05184677734375
715.0 20.39802392578125
716.0 22.0777994140625
717.0 20.609432421875
718.0 22.8413802734375
719.0 18.92012080078125
720.0 20.29846240234375
721.0 22.42577607421875
722.0 22.55157119140625
723.0 23.01045966796875
724.0 21.9540298828125
725.0 22.72954921875
726.0 20.6874966796875
727.0 19.32940224609375
728.0 16.7196529296875
729.0 19.35200830078125
730.0 22.98357490234375
731.0 22.60467578125
732.0 25.7145142578125
733.0 23.42510087890625
734.0 22.330146484375
735.0 21.0893328125
736.0 18.8882185546875
737.0 24.09077060546875
738.0 22.34849521484375
739.0 21.55822294921875
740.0 21.3956640625
741.0 15.77191357421875
742.0 22.74331689453125
743.0 23.27364921875
744.0 22.00200966796875
745.0 22.611066796875
746.0 20.213378125
747.0 22.88962841796875
748.0 22.70663212890625
749.0 24.9126515625
750.0 23.003619921875
751.0 17.867994140625
752.0 21.0788556640625
753.0 21.49923955078125
754.0 24.317654296875
755.0 23.15129560546875
756.0 15.77573984375
757.0 21.8197416015625
758.0 15.96022138671875
759.0 21.6289130859375
760.0 20.642401953125
761.0 17.04463349609375
762.0 16.60900283203125
763.0 14.61147822265625
764.0 28.1864078125
765.0 18.27589482421875
766.0 19.08518828125
767.0 21.24445185546875
768.0 20.8978052734375
769.0 15.8181859375
770.0 17.9368943359375
771.0 17.66517646484375
772.0 19.08113046875
773.0 16.7223115234375
774.0 14.95142060546875
775.0 17.62394990234375
776.0 17.06894921875
777.0 14.76519365234375
778.0 13.16093388671875
779.0 16.19415654296875
780.0 17.72801298828125
781.0 15.91995
782.0 19.534817578125
783.0 17.5532056640625
784.0 20.23624482421875
785.0 20.0268396484375
786.0 17.25976962890625
787.0 14.47263134765625
788.0 16.27022109375
789.0 23.64579501953125
790.0 16.8899857421875
791.0 18.89006826171875
792.0 17.92854130859375
793.0 15.2728900390625
794.0 12.6827939453125
795.0 15.4424443359375
796.0 15.09104267578125
797.0 15.0294671875
798.0 13.400505859375
799.0 16.3829580078125
