0.0 6.08307138671875
1.0 7.75100224609375
2.0 7.05587490234375
3.0 5.64425166015625
4.0 7.093697265625
5.0 8.036759375
6.0 7.55384521484375
7.0 7.65437529296875
8.0 7.49263447265625
9.0 6.9068236328125
10.0 7.674038671875
11.0 8.1106490234375
12.0 8.0291080078125
13.0 7.12171904296875
14.0 7.385711328125
15.0 8.189806640625
16.0 8.10010361328125
17.0 7.641251953125
18.0 7.843119140625
19.0 7.01751328125
20.0 7.95069404296875
21.0 7.93812373046875
22.0 7.91750009765625
23.0 7.74919384765625
24.0 7.04882578125
25.0 6.994055859375
26.0 7.49144462890625
27.0 7.18434453125
28.0 7.34883779296875
29.0 7.67751875
30.0 6.59969501953125
31.0 7.47156220703125
32.0 7.23350927734375
33.0 6.92176923828125
34.0 5.0353796875
35.0 7.77033994140625
36.0 7.36937265625
37.0 6.81381796875
38.0 7.516511328125
39.0 6.98522216796875
40.0 7.45801865234375
41.0 7.45152158203125
42.0 6.79598173828125
43.0 7.53035283203125
44.0 5.6955009765625
45.0 7.68196728515625
46.0 7.6734814453125
47.0 6.90047421875
48.0 7.81786943359375
49.0 7.70632578125
50.0 7.43131005859375
51.0 7.84657783203125
52.0 6.76877783203125
53.0 7.58516806640625
54.0 7.30005078125
55.0 7.458715625
56.0 7.63247919921875
57.0 6.7686658203125
58.0 7.68851953125
59.0 7.22707734375
60.0 7.10954619140625
61.0 6.851748046875
62.0 6.96736845703125
63.0 6.2343263671875
64.0 7.0227033203125
65.0 7.04166484375
66.0 7.08401923828125
67.0 6.88895126953125
68.0 7.662840625
69.0 6.88462451171875
70.0 7.81660185546875
71.0 7.8297447265625
72.0 7.876077734375
73.0 7.03596201171875
74.0 7.635899609375
75.0 7.5616337890625
76.0 7.8524900390625
77.0 7.67358271484375
78.0 6.13373818359375
79.0 5.84257919921875
80.0 7.5557564453125
81.0 7.484662109375
82.0 7.3574966796875
83.0 7.347723828125
84.0 6.6276599609375
85.0 7.2645146484375
86.0 7.50667978515625
87.0 7.5921611328125
88.0 7.4657521484375
89.0 7.3834966796875
90.0 6.64565419921875
91.0 7.44689716796875
92.0 7.52745068359375
93.0 7.59772685546875
94.0 0.0
95.0 0.0
96.0 0.0
97.0 24.16078056640625
98.0 4.94819150390625
99.0 5.06089423828125
100.0 5.01273994140625
101.0 5.20524365234375
102.0 5.204181640625
103.0 6.76469169921875
104.0 3.4988509765625
105.0 3.69371328125
106.0 5.21727294921875
107.0 0.99116904296875
108.0 5.01633271484375
109.0 5.74860732421875
110.0 6.1124478515625
111.0 5.37706787109375
112.0 5.792635546875
113.0 5.7407646484375
114.0 4.37099921875
115.0 4.3817630859375
116.0 3.7918412109375
117.0 5.79942412109375
118.0 5.47615712890625
119.0 5.58081572265625
120.0 6.673688671875
121.0 5.43231044921875
122.0 5.5165681640625
123.0 5.69879658203125
124.0 2.2533447265625
125.0 5.86422138671875
126.0 5.14413408203125
127.0 3.3144404296875
128.0 4.019710546875
129.0 3.06830712890625
130.0 7.3157072265625
131.0 6.04834853515625
132.0 6.0115041015625
133.0 4.44682900390625
134.0 5.35714892578125
135.0 5.59019814453125
136.0 6.49423876953125
137.0 6.36858515625
138.0 6.40479404296875
139.0 6.25386396484375
140.0 6.20212041015625
141.0 5.72947802734375
142.0 6.41857060546875
143.0 6.4538681640625
144.0 6.39334169921875
145.0 5.53377255859375
146.0 5.65129853515625
147.0 5.52633828125
148.0 6.3303294921875
149.0 6.065071875
150.0 6.09306123046875
151.0 6.45701474609375
152.0 5.743704296875
153.0 5.73094169921875
154.0 4.8503716796875
155.0 5.7361740234375
156.0 3.37123017578125
157.0 5.11946787109375
158.0 5.37384140625
159.0 5.76145361328125
160.0 5.85254111328125
161.0 4.3727041015625
162.0 5.81358212890625
163.0 5.5441609375
164.0 5.3500806640625
165.0 5.68638623046875
166.0 5.85196083984375
167.0 3.8361595703125
168.0 5.26029033203125
169.0 6.72615
170.0 5.91670859375
171.0 6.1043125
172.0 5.32859033203125
173.0 5.90571845703125
174.0 6.01534150390625
175.0 6.21364599609375
176.0 6.3984490234375
177.0 5.824475390625
178.0 1.93688681640625
179.0 5.05623857421875
180.0 2.4778837890625
181.0 0.31823349609375
182.0 2.369152734375
183.0 5.69147255859375
184.0 6.73737685546875
185.0 6.39652587890625
186.0 5.35077724609375
187.0 7.24356474609375
188.0 6.116194140625
189.0 6.16813017578125
190.0 4.910770703125
191.0 6.99620966796875
192.0 5.68722412109375
193.0 6.07314365234375
194.0 6.07613681640625
195.0 6.338740625
196.0 5.59959375
197.0 6.12570009765625
198.0 5.51806796875
199.0 5.359855078125
200.0 4.9898921875
201.0 5.5866208984375
202.0 6.13244130859375
203.0 5.8123505859375
204.0 5.73209951171875
205.0 5.08031416015625
206.0 6.03917353515625
207.0 6.14802978515625
208.0 5.52374609375
209.0 4.83984208984375
210.0 5.01736884765625
211.0 5.85842421875
212.0 5.7811763671875
213.0 5.60087822265625
214.0 6.297252734375
215.0 5.8659255859375
216.0 6.12256337890625
217.0 6.35229091796875
218.0 6.2839265625
219.0 5.397797265625
220.0 6.03309365234375
221.0 5.56096025390625
222.0 6.16985400390625
223.0 6.3920154296875
224.0 6.24797841796875
225.0 6.3909732421875
226.0 5.59880771484375
227.0 6.34714599609375
228.0 6.2950572265625
229.0 6.74416796875
230.0 6.14982802734375
231.0 6.18912861328125
232.0 5.27607880859375
233.0 5.1515599609375
234.0 5.88881982421875
235.0 5.82350029296875
236.0 5.70872099609375
237.0 2.30739130859375
238.0 5.5325220703125
239.0 5.75938173828125
240.0 5.91126513671875
241.0 5.92495634765625
242.0 5.64310048828125
243.0 4.92989697265625
244.0 6.1291859375
245.0 5.7715568359375
246.0 6.25882353515625
247.0 6.22599208984375
248.0 5.598291796875
249.0 5.92014052734375
250.0 5.95240791015625
251.0 5.33386474609375
252.0 5.05040126953125
253.0 5.00481103515625
254.0 4.82770537109375
255.0 4.08690771484375
256.0 5.66566171875
257.0 5.2352970703125
258.0 4.89003779296875
259.0 4.9718841796875
260.0 5.24679658203125
261.0 5.76376396484375
262.0 5.026205078125
263.0 5.23064755859375
264.0 5.79614150390625
265.0 4.52482080078125
266.0 5.9272265625
267.0 5.8825505859375
268.0 4.6323470703125
269.0 4.804316015625
270.0 5.62748291015625
271.0 5.82841318359375
272.0 5.036484765625
273.0 5.77599814453125
274.0 5.76731572265625
275.0 5.71968896484375
276.0 5.39887294921875
277.0 5.17468310546875
278.0 5.31585771484375
279.0 5.30016474609375
280.0 5.6762564453125
281.0 5.90736083984375
282.0 5.6474818359375
283.0 5.760246875
284.0 6.2092046875
285.0 5.59074873046875
286.0 6.12237470703125
287.0 5.95386982421875
288.0 5.9368630859375
289.0 5.8170201171875
290.0 5.28100166015625
291.0 6.126466796875
292.0 5.94476630859375
293.0 5.7989396484375
294.0 5.7721373046875
295.0 5.79763720703125
296.0 5.21745927734375
297.0 5.9202044921875
298.0 5.94781279296875
299.0 5.87974150390625
300.0 6.0220810546875
301.0 6.14096474609375
302.0 5.2744078125
303.0 5.93664013671875
304.0 5.87486103515625
305.0 5.77512314453125
306.0 5.70539912109375
307.0 5.69946435546875
308.0 5.15852158203125
309.0 5.89945126953125
310.0 5.58732373046875
311.0 5.56210546875
312.0 5.7474119140625
313.0 5.90874482421875
314.0 5.272202734375
315.0 4.82729248046875
316.0 5.21294013671875
317.0 5.49205419921875
318.0 5.44215849609375
319.0 4.57703515625
320.0 6.6190349609375
321.0 4.4600400390625
322.0 4.66087119140625
323.0 5.6099931640625
324.0 5.2523396484375
325.0 5.4828583984375
326.0 5.21831318359375
327.0 5.28706650390625
328.0 5.6454953125
329.0 4.60103076171875
330.0 4.256634765625
331.0 5.74816318359375
332.0 4.62846767578125
333.0 4.41883701171875
334.0 3.3381013671875
335.0 5.6021556640625
336.0 6.13693896484375
337.0 5.1447646484375
338.0 4.9597306640625
339.0 4.92691083984375
340.0 4.60993564453125
341.0 4.6751625
342.0 4.6664955078125
343.0 4.47005302734375
344.0 5.89035537109375
345.0 4.26183876953125
346.0 4.79585234375
347.0 4.5073310546875
348.0 4.4902263671875
349.0 4.663128125
350.0 4.83247763671875
351.0 5.7353658203125
352.0 6.10120302734375
353.0 5.24899736328125
354.0 5.5215591796875
355.0 5.64310048828125
356.0 5.3426310546875
357.0 5.83752509765625
358.0 4.99714892578125
359.0 5.914071875
360.0 5.01235283203125
361.0 5.46023759765625
362.0 5.402014453125
363.0 5.091073046875
364.0 4.9791576171875
365.0 4.69963369140625
366.0 4.72182841796875
367.0 4.8562390625
368.0 5.45732607421875
369.0 5.3989126953125
370.0 6.332414453125
371.0 5.319520703125
372.0 5.486291796875
373.0 5.03498798828125
374.0 5.63821015625
375.0 6.03962392578125
376.0 5.8540693359375
377.0 5.87451220703125
378.0 5.29108662109375
379.0 5.83375751953125
380.0 4.99221962890625
381.0 4.3822107421875
382.0 5.96098916015625
383.0 6.254213671875
384.0 5.683624609375
385.0 5.518948046875
386.0 5.40418857421875
387.0 4.7227482421875
388.0 4.10176103515625
389.0 5.07816240234375
390.0 3.96627607421875
391.0 3.7422294921875
392.0 4.74636455078125
393.0 3.86425654296875
394.0 3.4627203125
395.0 4.68266669921875
396.0 3.8879271484375
397.0 3.7400236328125
398.0 4.4378486328125
399.0 3.3280048828125
400.0 3.44791337890625
401.0 4.19586806640625
402.0 2.02763837890625
403.0 2.20061767578125
404.0 2.14621181640625
405.0 2.5073404296875
406.0 3.4872353515625
407.0 5.9695474609375
408.0 4.748950390625
409.0 4.154436328125
410.0 5.3251748046875
411.0 5.265252734375
412.0 5.9156640625
413.0 5.8670029296875
414.0 6.099305859375
415.0 4.53085126953125
416.0 4.495492578125
417.0 5.2588685546875
418.0 5.1783634765625
419.0 4.91235380859375
420.0 4.10576220703125
421.0 4.8204455078125
422.0 5.55685693359375
423.0 6.1844111328125
424.0 5.53953486328125
425.0 4.5489259765625
426.0 4.79171611328125
427.0 5.27398681640625
428.0 6.24408125
429.0 5.27621064453125
430.0 5.24530009765625
431.0 4.8421966796875
432.0 5.53482900390625
433.0 6.6676875
434.0 5.47887060546875
435.0 6.338265234375
436.0 6.3431623046875
437.0 6.90173603515625
438.0 6.87128935546875
439.0 5.715813671875
440.0 5.81146533203125
441.0 7.24043984375
442.0 6.192844140625
443.0 7.37353212890625
444.0 7.78082587890625
445.0 7.02580703125
446.0 5.0836646484375
447.0 7.44211416015625
448.0 4.64091884765625
449.0 0.0
450.0 0.0
451.0 0.0
452.0 0.0
453.0 0.0
454.0 1.91899521484375
455.0 6.268641796875
456.0 7.23112919921875
457.0 7.57983388671875
458.0 5.70039560546875
459.0 7.738163671875
460.0 7.9295083984375
461.0 0.0
462.0 0.0
463.0 0.0
464.0 21.283137109375
465.0 7.20846279296875
466.0 6.86614384765625
467.0 6.36751767578125
468.0 6.76149580078125
469.0 6.86656884765625
470.0 5.8724185546875
471.0 6.17408603515625
472.0 5.89715283203125
473.0 7.0204
474.0 7.3003138671875
475.0 7.11831513671875
476.0 6.7964419921875
477.0 6.5991953125
478.0 7.97038955078125
479.0 6.84566767578125
480.0 6.37248544921875
481.0 6.2948294921875
482.0 6.75220654296875
483.0 7.26023603515625
484.0 7.31554794921875
485.0 7.48730234375
486.0 6.8884123046875
487.0 7.056255078125
488.0 6.75045068359375
489.0 6.92617099609375
490.0 6.77402080078125
491.0 6.112876171875
492.0 6.65443447265625
493.0 6.55661220703125
494.0 6.8969662109375
495.0 6.8528697265625
496.0 5.97364306640625
497.0 7.143869921875
498.0 5.9680900390625
499.0 6.94763037109375
500.0 5.31749287109375
501.0 7.6830615234375
502.0 6.2191515625
503.0 6.35749931640625
504.0 5.83692431640625
505.0 6.917271484375
506.0 7.113515625
507.0 7.2790134765625
508.0 8.3765158203125
509.0 7.46728076171875
510.0 8.5863251953125
511.0 8.27566298828125
512.0 8.31952275390625
513.0 8.12911923828125
514.0 7.6244376953125
515.0 13.35862880859375
516.0 8.8026943359375
517.0 7.9419298828125
518.0 7.80245283203125
519.0 11.249893359375
520.0 10.5050791015625
521.0 11.902591796875
522.0 11.9586013671875
523.0 10.70780888671875
524.0 10.92285263671875
525.0 12.6356130859375
526.0 13.64252470703125
527.0 11.6809501953125
528.0 12.812612890625
529.0 13.44058515625
530.0 12.87268583984375
531.0 12.6961435546875
532.0 13.47792998046875
533.0 12.42009677734375
534.0 13.58931728515625
535.0 13.91299052734375
536.0 12.9663080078125
537.0 12.0358669921875
538.0 13.14107822265625
539.0 13.76127734375
540.0 9.90316416015625
541.0 15.50413291015625
542.0 12.64460029296875
543.0 12.56471767578125
544.0 13.32064267578125
545.0 13.22258037109375
546.0 10.79790595703125
547.0 10.6958560546875
548.0 10.09799794921875
549.0 9.5711513671875
550.0 12.77166787109375
551.0 12.4815990234375
552.0 12.731430859375
553.0 8.3002021484375
554.0 7.06596181640625
555.0 7.197121484375
556.0 8.977119140625
557.0 7.98333154296875
558.0 8.5438826171875
559.0 10.17873037109375
560.0 12.43935869140625
561.0 12.87666943359375
562.0 6.30980693359375
563.0 6.5675748046875
564.0 6.465256640625
565.0 6.58517890625
566.0 6.17734521484375
567.0 5.535110546875
568.0 5.9028236328125
569.0 6.312463671875
570.0 6.00186376953125
571.0 5.72476552734375
572.0 6.548934765625
573.0 6.2924357421875
574.0 7.3240810546875
575.0 7.29815068359375
576.0 7.33862119140625
577.0 7.169680859375
578.0 7.53723203125
579.0 6.64007939453125
580.0 7.42372421875
581.0 7.04113720703125
582.0 7.43953740234375
583.0 7.600337109375
584.0 6.7692484375
585.0 7.56198515625
586.0 7.12389609375
587.0 7.33571962890625
588.0 7.35286630859375
589.0 6.69004853515625
590.0 7.30332041015625
591.0 6.7765421875
592.0 7.27184033203125
593.0 6.40506162109375
594.0 6.01141953125
595.0 5.05798798828125
596.0 5.56609150390625
597.0 6.88700537109375
598.0 7.19389375
599.0 7.3974638671875
600.0 6.4631734375
601.0 7.43072158203125
602.0 7.40730234375
603.0 7.46679658203125
604.0 7.1099865234375
605.0 7.0984783203125
606.0 6.5081392578125
607.0 7.17444130859375
608.0 7.26437314453125
609.0 6.88358681640625
610.0 6.87946142578125
611.0 6.570815234375
612.0 7.2861951171875
613.0 7.52740712890625
614.0 6.7912853515625
615.0 7.48626337890625
616.0 7.3785439453125
617.0 7.01160107421875
618.0 6.789379296875
619.0 5.76992021484375
620.0 6.04965361328125
621.0 5.44559560546875
622.0 2.4919271484375
623.0 4.58979140625
624.0 6.46506318359375
625.0 6.98627001953125
626.0 7.08393603515625
627.0 7.3999162109375
628.0 7.40835859375
629.0 7.03864462890625
630.0 6.504325390625
631.0 7.08605283203125
632.0 6.91148740234375
633.0 7.0690171875
634.0 6.85173330078125
635.0 5.7198521484375
636.0 6.7506595703125
637.0 4.9473466796875
638.0 8.02368466796875
639.0 7.23279189453125
640.0 6.9949947265625
641.0 6.26328359375
642.0 6.46656708984375
643.0 6.77065576171875
644.0 7.32811435546875
645.0 6.24502001953125
646.0 6.83071435546875
647.0 6.94776923828125
648.0 6.410079296875
649.0 6.542269921875
650.0 6.715368359375
651.0 6.73463193359375
652.0 6.04240791015625
653.0 6.82973984375
654.0 6.7438923828125
655.0 6.84786591796875
656.0 6.70400859375
657.0 6.8772923828125
658.0 5.95972001953125
659.0 6.5668376953125
660.0 6.96646318359375
661.0 6.930923828125
662.0 6.75677763671875
663.0 6.65781181640625
664.0 6.1069552734375
665.0 6.75199853515625
666.0 6.02666767578125
667.0 6.45605810546875
668.0 5.70383623046875
669.0 5.44680908203125
670.0 5.8408666015625
671.0 6.910173828125
672.0 6.74545615234375
673.0 6.6956517578125
674.0 6.0533228515625
675.0 7.07389287109375
676.0 5.7579734375
677.0 6.809703515625
678.0 6.62472177734375
679.0 6.6270732421875
680.0 2.0754123046875
681.0 6.57204638671875
682.0 6.817575
683.0 7.05579296875
684.0 6.84609599609375
685.0 7.03714658203125
686.0 5.8586744140625
687.0 6.44985029296875
688.0 6.4934853515625
689.0 6.4154345703125
690.0 6.11408134765625
691.0 5.532497265625
692.0 6.2244998046875
693.0 6.129436328125
694.0 6.21165712890625
695.0 5.16702568359375
696.0 7.466084765625
697.0 6.30514482421875
698.0 5.603019921875
699.0 6.13043642578125
700.0 6.36055869140625
701.0 6.087408984375
702.0 6.3143611328125
703.0 5.6255841796875
704.0 6.55050498046875
705.0 6.45165185546875
706.0 6.54652978515625
707.0 6.7849251953125
708.0 6.58401064453125
709.0 5.93987890625
710.0 6.45022236328125
711.0 6.544216015625
712.0 6.535169921875
713.0 6.6279470703125
714.0 6.44356298828125
715.0 5.7981787109375
716.0 6.3357705078125
717.0 6.5155916015625
718.0 6.354007421875
719.0 6.38645078125
720.0 6.00905244140625
721.0 5.849772265625
722.0 5.84095654296875
723.0 6.27857314453125
724.0 6.5757509765625
725.0 6.638903125
726.0 5.9225810546875
727.0 6.55984384765625
728.0 6.78542392578125
729.0 6.76455771484375
730.0 6.64119150390625
731.0 6.65688876953125
732.0 6.12255849609375
733.0 5.97311220703125
734.0 6.26193046875
735.0 6.2035724609375
736.0 5.18236455078125
737.0 5.5227021484375
738.0 5.06031005859375
739.0 5.38943291015625
740.0 4.62248720703125
741.0 5.58514697265625
742.0 5.25550693359375
743.0 5.33951953125
744.0 4.77091337890625
745.0 5.692253125
746.0 6.418012890625
747.0 6.4961916015625
748.0 6.30607431640625
749.0 5.8201224609375
750.0 5.6531697265625
751.0 5.017909375
752.0 5.4561048828125
753.0 5.28382099609375
754.0 5.25511201171875
755.0 3.81807939453125
756.0 5.03038447265625
757.0 5.33609970703125
758.0 4.5458265625
759.0 3.618923046875
760.0 6.09721455078125
761.0 3.4981224609375
762.0 7.51919375
763.0 5.8423048828125
764.0 2.90433994140625
765.0 2.366594921875
766.0 6.16433232421875
767.0 6.92648115234375
768.0 6.54170166015625
769.0 5.8587521484375
770.0 6.3277779296875
771.0 6.7649998046875
772.0 6.616218359375
773.0 6.0689173828125
774.0 6.96714970703125
775.0 7.057283203125
776.0 6.16807900390625
777.0 6.4565900390625
778.0 7.29798740234375
779.0 6.99968369140625
780.0 6.2598123046875
781.0 5.97693056640625
782.0 6.06443447265625
783.0 4.68303447265625
784.0 6.006836328125
785.0 6.82894423828125
786.0 6.894600390625
787.0 6.95330087890625
788.0 5.8261265625
789.0 6.9816755859375
790.0 6.53492001953125
791.0 5.9630626953125
792.0 6.1604693359375
793.0 7.05808642578125
794.0 6.68531123046875
795.0 6.99143115234375
796.0 6.7338580078125
797.0 5.99446943359375
798.0 6.6900052734375
799.0 6.71965419921875
