0.0 7.6187296875
1.0 8.58362509765625
2.0 12.5703552734375
3.0 14.11612099609375
4.0 13.33275830078125
5.0 7.27949765625
6.0 10.377546875
7.0 12.19155908203125
8.0 9.60805576171875
9.0 16.02622822265625
10.0 8.13995732421875
11.0 8.06052880859375
12.0 4.9164576171875
13.0 8.3164998046875
14.0 8.36582958984375
15.0 9.51911552734375
16.0 6.6241453125
17.0 8.80491162109375
18.0 13.12345517578125
19.0 10.86820498046875
20.0 7.98044560546875
21.0 6.81754248046875
22.0 7.91508564453125
23.0 8.85014833984375
24.0 10.555868359375
25.0 8.6813646484375
26.0 7.69336318359375
27.0 7.849951171875
28.0 9.24421474609375
29.0 12.33288125
30.0 8.43605009765625
31.0 8.34535107421875
32.0 10.49398017578125
33.0 14.242919921875
34.0 9.67038056640625
35.0 12.556578515625
36.0 11.2479037109375
37.0 15.9638720703125
38.0 13.3815060546875
39.0 7.127475390625
40.0 7.573301171875
41.0 7.91563291015625
42.0 8.14684404296875
43.0 10.88316923828125
44.0 9.43240166015625
45.0 11.7386400390625
46.0 12.540095703125
47.0 8.4155517578125
48.0 7.1176201171875
49.0 10.657212109375
50.0 13.1261609375
51.0 9.74883896484375
52.0 7.152530859375
53.0 10.39151298828125
54.0 12.94688388671875
55.0 13.34807421875
56.0 12.3155158203125
57.0 13.1031380859375
58.0 13.0968857421875
59.0 10.67529814453125
60.0 10.9205046875
61.0 13.21371025390625
62.0 7.11482099609375
63.0 6.72891689453125
64.0 9.86573505859375
65.0 5.99520947265625
66.0 6.1669953125
67.0 9.032226171875
68.0 8.67947177734375
69.0 11.7326150390625
70.0 9.15126748046875
71.0 6.79624287109375
72.0 7.2134380859375
73.0 7.2485751953125
74.0 7.27803955078125
75.0 8.02222666015625
76.0 7.00545322265625
77.0 10.02180869140625
78.0 11.54728125
79.0 9.916691796875
80.0 10.33341787109375
81.0 7.84647744140625
82.0 5.6853197265625
83.0 6.45636904296875
84.0 6.2707609375
85.0 7.17417822265625
86.0 7.32958505859375
87.0 7.05507119140625
88.0 6.5409158203125
89.0 7.39572724609375
90.0 7.487926953125
91.0 11.2007685546875
92.0 9.14644833984375
93.0 7.18539892578125
94.0 7.3828509765625
95.0 9.800565234375
96.0 12.38796015625
97.0 10.93494951171875
98.0 7.1417060546875
99.0 8.1288671875
100.0 8.45066484375
101.0 11.29268115234375
102.0 7.10912958984375
103.0 5.944039453125
104.0 7.336112109375
105.0 7.01635048828125
106.0 7.2076173828125
107.0 7.22619560546875
108.0 7.0562923828125
109.0 8.242590625
110.0 9.24888525390625
111.0 11.08426318359375
112.0 6.078617578125
113.0 6.95311923828125
114.0 6.97940673828125
115.0 7.44901318359375
116.0 7.01276357421875
117.0 9.11565791015625
118.0 10.45007578125
119.0 9.02839228515625
120.0 10.70516533203125
121.0 8.08326884765625
122.0 7.32721337890625
123.0 11.92723193359375
124.0 7.91032265625
125.0 14.01923916015625
126.0 9.59167109375
127.0 8.3817318359375
128.0 11.11930283203125
129.0 8.60602822265625
130.0 10.26509736328125
131.0 7.68513505859375
132.0 8.94031259765625
133.0 10.82550791015625
134.0 11.01420166015625
135.0 8.24971103515625
136.0 11.4931587890625
137.0 12.6146251953125
138.0 10.80464697265625
139.0 8.62402890625
140.0 8.93927666015625
141.0 11.11046220703125
142.0 12.41486162109375
143.0 11.8513298828125
144.0 10.5702845703125
145.0 8.33502392578125
146.0 8.98490830078125
147.0 0.0
148.0 0.0
149.0 28.5570134765625
150.0 7.0754671875
151.0 6.946273828125
152.0 8.52181015625
153.0 6.3228619140625
154.0 10.0046119140625
155.0 11.6583419921875
156.0 9.80749345703125
157.0 10.7892736328125
158.0 10.59942861328125
159.0 9.149558984375
160.0 13.10773251953125
161.0 13.235046875
162.0 9.26415419921875
163.0 8.2410037109375
164.0 13.28851708984375
165.0 12.730096484375
166.0 12.6285318359375
167.0 10.549169140625
168.0 8.07731923828125
169.0 11.67287509765625
170.0 9.26251591796875
171.0 13.0268751953125
172.0 12.12095751953125
173.0 9.56524873046875
174.0 12.645180859375
175.0 11.4299931640625
176.0 9.99000341796875
177.0 9.43721337890625
178.0 6.826082421875
179.0 11.61911630859375
180.0 8.301114453125
181.0 9.40618193359375
182.0 12.2140015625
183.0 12.8525359375
184.0 14.1353486328125
185.0 12.26006162109375
186.0 14.30363935546875
187.0 9.76324482421875
188.0 7.01240439453125
189.0 12.0225080078125
190.0 12.0555103515625
191.0 12.6667517578125
192.0 12.6692017578125
193.0 13.027611328125
194.0 12.04794716796875
195.0 12.9737603515625
196.0 14.16554677734375
197.0 13.9318095703125
198.0 13.17079541015625
199.0 14.12634169921875
200.0 14.29285654296875
201.0 8.98026767578125
202.0 7.62862490234375
203.0 7.7389814453125
204.0 7.68331572265625
205.0 8.161500390625
206.0 7.49355859375
207.0 7.89092607421875
208.0 6.861020703125
209.0 7.3855505859375
210.0 9.1292921875
211.0 12.67852724609375
212.0 11.69531298828125
213.0 12.881628125
214.0 11.00642353515625
215.0 11.88402666015625
216.0 11.65513056640625
217.0 11.104524609375
218.0 12.9292873046875
219.0 11.79534111328125
220.0 12.16691435546875
221.0 9.92476884765625
222.0 13.12485498046875
223.0 13.418991015625
224.0 11.9162216796875
225.0 10.70248662109375
226.0 13.76275458984375
227.0 12.3478044921875
228.0 10.309074609375
229.0 11.9587931640625
230.0 11.7470525390625
231.0 12.24515810546875
232.0 9.77724384765625
233.0 10.95996376953125
234.0 10.66196044921875
235.0 12.33790771484375
236.0 11.347906640625
237.0 11.5202361328125
238.0 12.3853296875
239.0 11.72407255859375
240.0 11.9717791015625
241.0 12.47855791015625
242.0 11.7762767578125
243.0 12.27875517578125
244.0 11.61752880859375
245.0 14.13811962890625
246.0 11.6203583984375
247.0 11.715342578125
248.0 12.6981486328125
249.0 11.16145146484375
250.0 10.5450361328125
251.0 11.96470517578125
252.0 12.3096966796875
253.0 7.9999029296875
254.0 10.588043359375
255.0 11.0703416015625
256.0 11.48408720703125
257.0 11.94225283203125
258.0 9.86000654296875
259.0 7.93991083984375
260.0 12.49501689453125
261.0 7.3976185546875
262.0 7.33132314453125
263.0 6.58579609375
264.0 6.8658984375
265.0 5.9596515625
266.0 5.3584888671875
267.0 6.1602134765625
268.0 6.300594921875
269.0 6.32668486328125
270.0 6.45463427734375
271.0 6.68652373046875
272.0 6.77377275390625
273.0 6.39057568359375
274.0 7.655658984375
275.0 6.5346326171875
276.0 7.094976953125
277.0 7.26419150390625
278.0 6.18444423828125
279.0 5.566212890625
280.0 9.17069677734375
281.0 10.02907783203125
282.0 8.8054484375
283.0 8.4600642578125
284.0 10.40188623046875
285.0 8.0071619140625
286.0 9.21019423828125
287.0 9.09368544921875
288.0 7.0916427734375
289.0 6.8673001953125
290.0 7.47287001953125
291.0 6.5586845703125
292.0 6.78527412109375
293.0 7.16862490234375
294.0 7.053417578125
295.0 6.89662890625
296.0 7.20367802734375
297.0 7.16790732421875
298.0 6.33614091796875
299.0 8.29214541015625
300.0 6.54908486328125
301.0 7.64178154296875
302.0 7.06003544921875
303.0 7.95843818359375
304.0 7.92019482421875
305.0 8.162583984375
306.0 10.93209853515625
307.0 7.09772705078125
308.0 9.2774541015625
309.0 9.1088029296875
310.0 14.24887744140625
311.0 12.595791796875
312.0 10.26440107421875
313.0 13.046715234375
314.0 11.5971359375
315.0 13.4972548828125
316.0 10.2021267578125
317.0 8.354495703125
318.0 8.7587556640625
319.0 12.64867255859375
320.0 12.04320625
321.0 12.538587109375
322.0 12.944146484375
323.0 13.456391015625
324.0 12.36095263671875
325.0 13.24093193359375
326.0 11.30517373046875
327.0 11.36276376953125
328.0 8.25187373046875
329.0 9.10089013671875
330.0 13.12530146484375
331.0 12.58954052734375
332.0 12.2279763671875
333.0 13.22040185546875
334.0 13.24054423828125
335.0 12.31054716796875
336.0 10.07086484375
337.0 12.29215224609375
338.0 8.1381001953125
339.0 9.8135169921875
340.0 14.0633072265625
341.0 11.07178603515625
342.0 12.72735126953125
343.0 12.18961259765625
344.0 13.4074908203125
345.0 11.33525322265625
346.0 11.610234765625
347.0 9.92995380859375
348.0 10.7550068359375
349.0 9.31763408203125
350.0 13.477252734375
351.0 12.71484365234375
352.0 13.58778076171875
353.0 12.0715609375
354.0 13.05704931640625
355.0 13.16925849609375
356.0 11.51395517578125
357.0 11.74834033203125
358.0 10.87267294921875
359.0 8.247139453125
360.0 11.59781259765625
361.0 12.8461435546875
362.0 12.6757474609375
363.0 10.38979697265625
364.0 11.92162431640625
365.0 12.73254970703125
366.0 12.13401650390625
367.0 12.85736806640625
368.0 10.45318544921875
369.0 8.63732138671875
370.0 11.70327607421875
371.0 13.9226392578125
372.0 13.5229994140625
373.0 12.51455048828125
374.0 11.641863671875
375.0 12.67992587890625
376.0 10.55398212890625
377.0 12.88121826171875
378.0 11.67585625
379.0 7.1365685546875
380.0 3.201484765625
381.0 3.1878890625
382.0 3.4284666015625
383.0 4.35392607421875
384.0 11.54890576171875
385.0 8.47997978515625
386.0 6.95514482421875
387.0 10.6291216796875
388.0 7.1615560546875
389.0 7.27800068359375
390.0 6.1806802734375
391.0 7.24858125
392.0 6.81181474609375
393.0 6.473434375
394.0 9.405615625
395.0 9.07092958984375
396.0 9.85142158203125
397.0 8.90014609375
398.0 7.71224052734375
399.0 9.64734033203125
400.0 6.74337177734375
401.0 7.1914919921875
402.0 11.69336435546875
403.0 7.00014443359375
404.0 9.928055859375
405.0 11.8416978515625
406.0 9.6740302734375
407.0 10.706748046875
408.0 10.6647890625
409.0 10.56842314453125
410.0 7.87552431640625
411.0 11.93800986328125
412.0 9.36485458984375
413.0 10.95882646484375
414.0 12.5286650390625
415.0 10.16798955078125
416.0 7.89804375
417.0 7.00311513671875
418.0 7.3199212890625
419.0 8.11488642578125
420.0 12.04651787109375
421.0 10.191448828125
422.0 7.95210126953125
423.0 11.85235869140625
424.0 8.91778818359375
425.0 6.2569890625
426.0 8.08492880859375
427.0 1.4883833984375
428.0 0.179092578125
429.0 0.16652998046875
430.0 0.2882033203125
431.0 0.18088076171875
432.0 0.17744599609375
433.0 0.59391025390625
434.0 0.17412109375
435.0 2.2306587890625
436.0 0.08589697265625
437.0 0.3748703125
438.0 1.28114326171875
439.0 0.26018525390625
440.0 0.2700125
441.0 0.26086376953125
442.0 1.168212890625
443.0 0.22528076171875
444.0 0.2899595703125
445.0 0.388751171875
446.0 2.97446435546875
447.0 0.49480947265625
448.0 0.71982978515625
449.0 1.10882412109375
450.0 0.11415849609375
451.0 0.22849267578125
452.0 0.20783232421875
453.0 0.1663361328125
454.0 0.3326720703125
455.0 1.8309365234375
456.0 3.24619658203125
457.0 0.14514921875
458.0 0.475206640625
459.0 0.347371875
460.0 1.28166953125
461.0 0.33180078125
462.0 0.33336796875
463.0 0.42634580078125
464.0 11.49448974609375
465.0 11.335469140625
466.0 11.1471314453125
467.0 13.57821396484375
468.0 6.45080283203125
469.0 0.13459638671875
470.0 0.3448693359375
471.0 0.2496794921875
472.0 5.93510966796875
473.0 11.90535029296875
474.0 13.9449140625
475.0 12.41084853515625
476.0 11.02867783203125
477.0 13.367008984375
478.0 11.4895
479.0 0.077633203125
480.0 0.40621181640625
481.0 3.613044921875
482.0 11.047599609375
483.0 14.5429818359375
484.0 14.70231005859375
485.0 12.74762138671875
486.0 12.534066796875
487.0 7.928140625
488.0 12.723583203125
489.0 12.6771015625
490.0 10.175478125
491.0 4.2972384765625
492.0 0.1145095703125
493.0 0.36386533203125
494.0 6.4832064453125
495.0 12.34901337890625
496.0 10.96051572265625
497.0 12.89205341796875
498.0 7.02682314453125
499.0 12.5266876953125
500.0 9.31323671875
501.0 5.82566416015625
502.0 4.97701708984375
503.0 6.70527939453125
504.0 7.8202134765625
505.0 7.90345322265625
506.0 2.339388671875
507.0 3.37378193359375
508.0 6.98960537109375
509.0 8.2144267578125
510.0 10.19747353515625
511.0 9.30317392578125
512.0 13.56830126953125
513.0 12.94118212890625
514.0 11.969424609375
515.0 12.4122296875
516.0 11.03744150390625
517.0 12.28166416015625
518.0 11.7639853515625
519.0 10.6357744140625
520.0 12.19990703125
521.0 7.71229453125
522.0 11.3458734375
523.0 13.7531859375
524.0 12.7802970703125
525.0 13.41856943359375
526.0 10.0552677734375
527.0 13.1442408203125
528.0 13.20355146484375
529.0 13.6411353515625
530.0 9.23592119140625
531.0 9.9323576171875
532.0 12.5980173828125
533.0 12.96690166015625
534.0 10.2598501953125
535.0 11.36703642578125
536.0 9.22736015625
537.0 8.4785888671875
538.0 10.55288564453125
539.0 10.86794794921875
540.0 7.077012109375
541.0 12.2510541015625
542.0 13.32720126953125
543.0 9.43385107421875
544.0 11.57690625
545.0 13.54923564453125
546.0 8.8875697265625
547.0 12.09319755859375
548.0 11.906040234375
549.0 11.5946138671875
550.0 6.7138478515625
551.0 12.399690234375
552.0 10.63798916015625
553.0 8.34337666015625
554.0 12.4912501953125
555.0 9.58194521484375
556.0 10.35536650390625
557.0 12.25874033203125
558.0 13.33744267578125
559.0 9.05318515625
560.0 7.04858837890625
561.0 9.25615927734375
562.0 12.985842578125
563.0 12.56884365234375
564.0 13.23078662109375
565.0 9.8876400390625
566.0 11.85515537109375
567.0 12.53540078125
568.0 12.90090615234375
569.0 9.6952419921875
570.0 8.6561513671875
571.0 9.101483203125
572.0 12.86642080078125
573.0 11.31265546875
574.0 12.89764365234375
575.0 13.14096982421875
576.0 11.42868173828125
577.0 12.18350009765625
578.0 12.28313310546875
579.0 10.6441650390625
580.0 8.11252919921875
581.0 8.53711298828125
582.0 10.92291787109375
583.0 13.79690625
584.0 10.43174580078125
585.0 8.81159638671875
586.0 8.90082607421875
587.0 10.3636720703125
588.0 10.25253720703125
589.0 9.5716521484375
590.0 7.1008765625
591.0 8.1332203125
592.0 9.77507509765625
593.0 9.7244615234375
594.0 8.42817236328125
595.0 8.24116337890625
596.0 10.15772373046875
597.0 11.00143447265625
598.0 11.44886826171875
599.0 7.34866982421875
600.0 10.7009564453125
601.0 10.668306640625
602.0 9.25686875
603.0 9.4569396484375
604.0 12.0320591796875
605.0 11.848555859375
606.0 10.54886982421875
607.0 9.05797529296875
608.0 7.58107060546875
609.0 11.76323828125
610.0 10.770609375
611.0 9.63751044921875
612.0 12.64344169921875
613.0 11.0233265625
614.0 9.02197314453125
615.0 9.6067904296875
616.0 7.24008974609375
617.0 7.704084375
618.0 8.3505513671875
619.0 9.4318041015625
620.0 10.24707587890625
621.0 7.791238671875
622.0 10.26951533203125
623.0 12.3542873046875
624.0 12.69590791015625
625.0 13.23172529296875
626.0 10.41186708984375
627.0 13.21174775390625
628.0 10.42517421875
629.0 13.31096953125
630.0 12.33663994140625
631.0 11.15845
632.0 14.03406962890625
633.0 13.89228515625
634.0 12.3976669921875
635.0 13.447436328125
636.0 12.32382783203125
637.0 12.93456796875
638.0 11.86622978515625
639.0 11.604248828125
640.0 11.31191904296875
641.0 11.31314169921875
642.0 13.302005078125
643.0 11.32081484375
644.0 12.02631650390625
645.0 12.28539599609375
646.0 12.76632919921875
647.0 12.35327705078125
648.0 9.491109765625
649.0 10.27831630859375
650.0 13.024468359375
651.0 11.36326962890625
652.0 10.67250673828125
653.0 10.4429998046875
654.0 12.798728125
655.0 13.70321220703125
656.0 11.25868408203125
657.0 11.44894599609375
658.0 13.63828212890625
659.0 11.78585869140625
660.0 10.81328642578125
661.0 13.615377734375
662.0 13.01210048828125
663.0 13.21461533203125
664.0 12.06304052734375
665.0 10.31547138671875
666.0 13.2621318359375
667.0 13.597656640625
668.0 12.0473482421875
669.0 12.608344921875
670.0 12.87435322265625
671.0 12.9036478515625
672.0 10.9220509765625
673.0 11.90993271484375
674.0 12.27237373046875
675.0 9.6092791015625
676.0 6.1198564453125
677.0 6.68448486328125
678.0 12.181878515625
679.0 11.94129990234375
680.0 11.83867509765625
681.0 11.64130498046875
682.0 12.87968056640625
683.0 13.10865712890625
684.0 11.08396259765625
685.0 12.222132421875
686.0 13.9980529296875
687.0 12.5229845703125
688.0 11.88381923828125
689.0 13.3842255859375
690.0 11.86967861328125
691.0 11.4614078125
692.0 12.180725
693.0 10.66041728515625
694.0 12.48066357421875
695.0 10.50343173828125
696.0 11.76142392578125
697.0 11.51909833984375
698.0 11.2649990234375
699.0 11.22667548828125
700.0 13.21319853515625
701.0 10.61320400390625
702.0 13.16723818359375
703.0 11.910396484375
704.0 11.6881044921875
705.0 10.55051494140625
706.0 11.9143205078125
707.0 12.76045205078125
708.0 10.16871611328125
709.0 11.02342998046875
710.0 11.017108203125
711.0 7.6807208984375
712.0 7.0120033203125
713.0 6.6440150390625
714.0 9.89643212890625
715.0 10.727361328125
716.0 9.33901171875
717.0 11.03556474609375
718.0 9.22238134765625
719.0 12.12345576171875
720.0 13.09459189453125
721.0 11.13308134765625
722.0 10.1225158203125
723.0 10.45086435546875
724.0 7.3582833984375
725.0 9.1429005859375
726.0 8.53690048828125
727.0 11.2531986328125
728.0 10.661603515625
729.0 9.67158193359375
730.0 10.86471357421875
731.0 9.635432421875
732.0 9.56681953125
733.0 12.0522400390625
734.0 12.10501630859375
735.0 12.5487044921875
736.0 11.19691162109375
737.0 13.50191015625
738.0 11.1529771484375
739.0 11.75252822265625
740.0 11.47182021484375
741.0 13.477352734375
742.0 12.5669052734375
743.0 14.24652412109375
744.0 13.49388486328125
745.0 11.29617509765625
746.0 13.424332421875
747.0 13.38608798828125
748.0 13.1332103515625
749.0 12.337155078125
750.0 13.02923046875
751.0 14.13779326171875
752.0 13.2363216796875
753.0 12.21854287109375
754.0 14.5524056640625
755.0 13.94356640625
756.0 12.80269306640625
757.0 11.58053994140625
758.0 12.59325078125
759.0 11.21893134765625
760.0 11.55478779296875
761.0 10.718484765625
762.0 13.79891484375
763.0 13.0853595703125
764.0 8.43749833984375
765.0 7.28421728515625
766.0 7.52117451171875
767.0 8.32184951171875
768.0 8.25645703125
769.0 8.267229296875
770.0 6.26574423828125
771.0 9.91731025390625
772.0 7.13758818359375
773.0 7.24653486328125
774.0 7.18486171875
775.0 7.9161896484375
776.0 9.51169619140625
777.0 12.45279033203125
778.0 13.48259892578125
779.0 13.75271640625
780.0 14.6673619140625
781.0 13.1857666015625
782.0 14.52214267578125
783.0 13.7534388671875
784.0 12.64440546875
785.0 11.03369873046875
786.0 13.01899755859375
787.0 8.7450759765625
788.0 11.814325
789.0 13.69773134765625
790.0 14.14477373046875
791.0 14.35086611328125
792.0 10.21476796875
793.0 10.09373310546875
794.0 16.364863671875
795.0 11.69971826171875
796.0 13.80195390625
797.0 11.28146494140625
798.0 7.03613994140625
799.0 13.90120654296875
