0.0 10.976474609375
1.0 10.12931376953125
2.0 8.98311220703125
3.0 9.32151748046875
4.0 10.3504966796875
5.0 10.46292080078125
6.0 9.8362439453125
7.0 8.638669140625
8.0 10.18707763671875
9.0 10.59694970703125
10.0 9.22591494140625
11.0 10.21072734375
12.0 11.3116169921875
13.0 10.14887314453125
14.0 9.34176630859375
15.0 11.3230701171875
16.0 10.8711208984375
17.0 12.4326162109375
18.0 11.0941705078125
19.0 13.37559482421875
20.0 12.71019970703125
21.0 14.5117474609375
22.0 20.3796380859375
23.0 23.2875654296875
24.0 16.4963509765625
25.0 23.6079328125
26.0 25.27077783203125
27.0 20.5891806640625
28.0 24.68448857421875
29.0 17.08841826171875
30.0 13.049374609375
31.0 10.94203134765625
32.0 14.86546025390625
33.0 14.81896640625
34.0 18.84448037109375
35.0 19.1399296875
36.0 15.247946875
37.0 25.80028291015625
38.0 15.56615634765625
39.0 24.02854765625
40.0 22.59960634765625
41.0 19.39387470703125
42.0 12.68056826171875
43.0 13.954534375
44.0 11.54314208984375
45.0 14.7383484375
46.0 14.55646494140625
47.0 14.3071771484375
48.0 12.88794033203125
49.0 16.1728203125
50.0 19.73078095703125
51.0 18.0183181640625
52.0 19.978962890625
53.0 19.363596484375
54.0 15.1573763671875
55.0 19.92841162109375
56.0 17.99154931640625
57.0 19.15672373046875
58.0 15.4182708984375
59.0 20.7449021484375
60.0 19.21759267578125
61.0 18.76540478515625
62.0 13.52440927734375
63.0 13.60045947265625
64.0 13.46254248046875
65.0 15.81563515625
66.0 14.9643466796875
67.0 16.10926259765625
68.0 15.7982587890625
69.0 18.399512109375
70.0 24.60416669921875
71.0 23.25384443359375
72.0 21.6401263671875
73.0 18.80070185546875
74.0 23.01366728515625
75.0 21.3835193359375
76.0 20.08592431640625
77.0 18.508041796875
78.0 14.995759375
79.0 26.86390693359375
80.0 17.08219521484375
81.0 20.1478013671875
82.0 30.2408859375
83.0 23.2241099609375
84.0 20.78129033203125
85.0 20.2783169921875
86.0 22.5388818359375
87.0 18.1614849609375
88.0 19.37493623046875
89.0 20.55570234375
90.0 21.58121083984375
91.0 10.4927982421875
92.0 10.45767509765625
93.0 19.02538076171875
94.0 26.25029482421875
95.0 21.59877109375
96.0 16.18652431640625
97.0 28.42502998046875
98.0 19.50447568359375
99.0 21.27430478515625
100.0 19.0389107421875
101.0 18.09725224609375
102.0 16.364344140625
103.0 13.9857923828125
104.0 14.53464599609375
105.0 19.36234990234375
106.0 17.98947080078125
107.0 22.44037177734375
108.0 16.48650771484375
109.0 14.18681884765625
110.0 19.8692529296875
111.0 17.534087109375
112.0 22.0001916015625
113.0 24.4880103515625
114.0 15.425587109375
115.0 14.97514755859375
116.0 13.91958505859375
117.0 16.320296875
118.0 22.892830859375
119.0 24.09953076171875
120.0 18.00143408203125
121.0 23.08582998046875
122.0 16.198728515625
123.0 15.72532353515625
124.0 12.4939046875
125.0 17.19315166015625
126.0 22.23988037109375
127.0 20.0188326171875
128.0 22.5805794921875
129.0 18.5227365234375
130.0 24.02525380859375
131.0 21.09361865234375
132.0 25.0204662109375
133.0 20.6813138671875
134.0 20.63292490234375
135.0 18.72145439453125
136.0 23.77143642578125
137.0 24.73280537109375
138.0 16.72681630859375
139.0 17.88812041015625
140.0 22.87306435546875
141.0 20.75770908203125
142.0 20.04807216796875
143.0 17.78950673828125
144.0 20.47127939453125
145.0 16.5612380859375
146.0 18.59021943359375
147.0 19.6789173828125
148.0 22.07007119140625
149.0 20.3096365234375
150.0 22.9468521484375
151.0 16.68533310546875
152.0 20.5826140625
153.0 23.46004248046875
154.0 19.302146875
155.0 18.85975576171875
156.0 16.66183203125
157.0 16.23332919921875
158.0 17.10248603515625
159.0 12.82902421875
160.0 13.4356904296875
161.0 12.85574765625
162.0 15.27047314453125
163.0 11.0482693359375
164.0 12.208435546875
165.0 12.5083958984375
166.0 13.376917578125
167.0 14.2760419921875
168.0 12.9961732421875
169.0 8.8572357421875
170.0 10.6316671875
171.0 13.04952119140625
172.0 15.1193681640625
173.0 11.19885390625
174.0 11.9115734375
175.0 13.770806640625
176.0 14.966096484375
177.0 9.9117576171875
178.0 12.00249248046875
179.0 12.12321083984375
180.0 10.57957021484375
181.0 12.0738275390625
182.0 11.50424423828125
183.0 12.27882685546875
184.0 9.58170654296875
185.0 10.9685560546875
186.0 12.06392900390625
187.0 11.3638966796875
188.0 9.72086220703125
189.0 10.692342578125
190.0 11.62011044921875
191.0 14.06916015625
192.0 11.0691013671875
193.0 11.55259873046875
194.0 11.57650732421875
195.0 10.3196765625
196.0 11.14641474609375
197.0 11.57259619140625
198.0 13.3108646484375
199.0 10.7098423828125
200.0 12.620138671875
201.0 11.803288671875
202.0 10.630043359375
203.0 25.6941740234375
204.0 17.15286279296875
205.0 15.5128525390625
206.0 14.9742841796875
207.0 17.9125841796875
208.0 21.03129375
209.0 16.60747685546875
210.0 24.27392724609375
211.0 18.5845578125
212.0 18.1918607421875
213.0 20.74589775390625
214.0 18.47789501953125
215.0 14.37678623046875
216.0 14.8363447265625
217.0 17.24019443359375
218.0 13.06490625
219.0 17.0678359375
220.0 16.01785673828125
221.0 12.34259580078125
222.0 17.017653515625
223.0 18.94266923828125
224.0 20.426449609375
225.0 23.18439970703125
226.0 16.31922421875
227.0 16.93210556640625
228.0 18.8835515625
229.0 13.75402734375
230.0 14.22330966796875
231.0 16.13589033203125
232.0 16.8564845703125
233.0 17.0586951171875
234.0 15.08028701171875
235.0 12.69674052734375
236.0 14.57561943359375
237.0 18.0346986328125
238.0 18.23108271484375
239.0 21.1812224609375
240.0 19.49517587890625
241.0 19.17411474609375
242.0 19.75823994140625
243.0 13.55357861328125
244.0 13.8181580078125
245.0 11.8953232421875
246.0 17.45150869140625
247.0 16.03844560546875
248.0 14.205758984375
249.0 19.17187919921875
250.0 13.12624619140625
251.0 20.27656826171875
252.0 12.05517451171875
253.0 9.61904814453125
254.0 27.29313544921875
255.0 19.21770654296875
256.0 12.54442509765625
257.0 12.6104095703125
258.0 8.11405478515625
259.0 12.30739658203125
260.0 12.3765107421875
261.0 12.43359892578125
262.0 15.34625546875
263.0 13.90255439453125
264.0 14.2003775390625
265.0 14.3442708984375
266.0 14.73054150390625
267.0 16.9482640625
268.0 18.30259453125
269.0 16.15777314453125
270.0 15.15694375
271.0 14.94443115234375
272.0 18.70787451171875
273.0 15.30733564453125
274.0 10.39561748046875
275.0 13.608887109375
276.0 15.451790625
277.0 17.3841599609375
278.0 14.062203515625
279.0 16.57944541015625
280.0 14.96424326171875
281.0 17.73792998046875
282.0 16.7924927734375
283.0 15.35443759765625
284.0 14.1096658203125
285.0 17.05368623046875
286.0 17.7258357421875
287.0 16.98972412109375
288.0 15.7409197265625
289.0 9.2160931640625
290.0 19.1205056640625
291.0 14.7430958984375
292.0 29.826645703125
293.0 14.73118935546875
294.0 14.3914591796875
295.0 18.9923900390625
296.0 19.5768130859375
297.0 18.6221279296875
298.0 21.81369052734375
299.0 17.935357421875
300.0 14.6612078125
301.0 15.900585546875
302.0 15.28939189453125
303.0 16.12896796875
304.0 16.324727734375
305.0 16.09824658203125
306.0 17.139589453125
307.0 18.59388232421875
308.0 19.147424609375
309.0 15.5748716796875
310.0 22.46419970703125
311.0 22.406812109375
312.0 14.2698087890625
313.0 24.17206884765625
314.0 15.551625
315.0 15.742437890625
316.0 15.0079537109375
317.0 14.90385556640625
318.0 15.7066619140625
319.0 12.41933447265625
320.0 17.14617197265625
321.0 13.35354912109375
322.0 14.26740048828125
323.0 20.4024193359375
324.0 19.86262138671875
325.0 21.15050595703125
326.0 20.45895078125
327.0 19.401201953125
328.0 24.2276587890625
329.0 20.02829638671875
330.0 19.84682958984375
331.0 21.36374130859375
332.0 21.69004091796875
333.0 19.87941044921875
334.0 19.64890869140625
335.0 18.6807462890625
336.0 13.75506806640625
337.0 12.0510986328125
338.0 14.493195703125
339.0 15.5884921875
340.0 12.8288814453125
341.0 12.712941796875
342.0 15.4763533203125
343.0 14.24395654296875
344.0 20.282710546875
345.0 14.18714306640625
346.0 18.07840390625
347.0 15.1881439453125
348.0 16.1151615234375
349.0 12.3898048828125
350.0 12.172615234375
351.0 11.085301171875
352.0 11.4343796875
353.0 12.44912255859375
354.0 15.362315234375
355.0 14.82734306640625
356.0 12.72701181640625
357.0 14.50666201171875
358.0 14.4654384765625
359.0 14.68611875
360.0 12.41408125
361.0 12.5764162109375
362.0 14.90944169921875
363.0 13.94117275390625
364.0 10.48795537109375
365.0 13.6847978515625
366.0 12.9991908203125
367.0 12.04555576171875
368.0 10.16327197265625
369.0 9.5047466796875
370.0 11.12557841796875
371.0 10.71107919921875
372.0 7.99757529296875
373.0 12.22040810546875
374.0 8.9400537109375
375.0 10.4960330078125
376.0 10.4391380859375
377.0 9.891299609375
378.0 10.57670791015625
379.0 11.4020875
380.0 10.48180087890625
381.0 9.728578125
382.0 9.63529482421875
383.0 7.2277189453125
384.0 12.50086279296875
385.0 10.82741728515625
386.0 10.99767763671875
387.0 10.85135146484375
388.0 14.07214892578125
389.0 13.14332353515625
390.0 15.27192275390625
391.0 14.1642962890625
392.0 16.3305357421875
393.0 18.82308955078125
394.0 16.206356640625
395.0 15.31612626953125
396.0 19.64774541015625
397.0 9.47726826171875
398.0 24.21797919921875
399.0 18.58452744140625
400.0 17.60500986328125
401.0 20.58100537109375
402.0 17.3879837890625
403.0 18.410783984375
404.0 12.54389599609375
405.0 12.8079486328125
406.0 11.87375341796875
407.0 14.868534765625
408.0 19.85335400390625
409.0 17.80807333984375
410.0 20.66990546875
411.0 18.0963833984375
412.0 19.91357197265625
413.0 20.6591859375
414.0 20.97920009765625
415.0 14.01902158203125
416.0 24.122307421875
417.0 19.56309130859375
418.0 15.48547705078125
419.0 11.4954736328125
420.0 19.57431923828125
421.0 20.47541689453125
422.0 21.49388193359375
423.0 18.7695654296875
424.0 22.20155927734375
425.0 18.15052265625
426.0 15.95469736328125
427.0 20.0033625
428.0 20.57163828125
429.0 16.773573828125
430.0 16.89418173828125
431.0 12.80594619140625
432.0 24.014337109375
433.0 22.76981875
434.0 19.66359482421875
435.0 21.09854208984375
436.0 18.15511552734375
437.0 18.9195466796875
438.0 15.213991796875
439.0 13.56819306640625
440.0 13.09294130859375
441.0 18.11039150390625
442.0 18.78537509765625
443.0 13.3295041015625
444.0 17.01114560546875
445.0 13.91797783203125
446.0 20.1509841796875
447.0 17.32879130859375
448.0 16.21959013671875
449.0 13.1793451171875
450.0 13.77038544921875
451.0 19.46219423828125
452.0 15.215826171875
453.0 20.65393525390625
454.0 16.43304482421875
455.0 13.983352734375
456.0 21.43648076171875
457.0 16.02928193359375
458.0 21.91792783203125
459.0 21.58653876953125
460.0 21.42330087890625
461.0 15.2690140625
462.0 14.35341259765625
463.0 14.5499947265625
464.0 14.06771044921875
465.0 21.247041015625
466.0 18.65901865234375
467.0 15.69617138671875
468.0 13.9219056640625
469.0 14.0332412109375
470.0 8.9301302734375
471.0 19.21823994140625
472.0 20.6200560546875
473.0 13.8788724609375
474.0 15.631626953125
475.0 15.06249384765625
476.0 10.407685546875
477.0 9.7017423828125
478.0 17.2223328125
479.0 12.43979892578125
480.0 14.84974599609375
481.0 15.34265556640625
482.0 14.2336974609375
483.0 15.415273828125
484.0 16.18194677734375
485.0 16.21718623046875
486.0 14.29292060546875
487.0 16.0518708984375
488.0 15.1278685546875
489.0 12.81297666015625
490.0 14.74524052734375
491.0 15.8067234375
492.0 15.56466142578125
493.0 11.835234375
494.0 10.465406640625
495.0 9.22175556640625
496.0 11.0153650390625
497.0 8.699275
498.0 8.2129849609375
499.0 9.05072080078125
500.0 10.74712822265625
501.0 11.5516240234375
502.0 10.9558837890625
503.0 11.672260546875
504.0 8.1044130859375
505.0 13.91401005859375
506.0 10.4987669921875
507.0 10.14525830078125
508.0 11.01210556640625
509.0 11.369601171875
510.0 11.6062994140625
511.0 11.9255958984375
512.0 10.7961697265625
513.0 11.902119140625
514.0 12.1620513671875
515.0 10.716849609375
516.0 11.10894306640625
517.0 12.3881435546875
518.0 14.98582158203125
519.0 11.87605185546875
520.0 12.54221640625
521.0 11.98383037109375
522.0 11.151186328125
523.0 11.52440048828125
524.0 12.80953115234375
525.0 15.12495263671875
526.0 13.37439404296875
527.0 15.23399951171875
528.0 16.775527734375
529.0 9.2005740234375
530.0 17.47519658203125
531.0 18.9415775390625
532.0 20.55531298828125
533.0 14.6579802734375
534.0 20.729312890625
535.0 19.6887716796875
536.0 14.7798798828125
537.0 13.91389658203125
538.0 10.481992578125
539.0 13.71087294921875
540.0 13.60170380859375
541.0 12.4921111328125
542.0 20.2002154296875
543.0 17.87803134765625
544.0 20.6360626953125
545.0 21.55482607421875
546.0 15.73150966796875
547.0 22.5926091796875
548.0 19.942401171875
549.0 22.18292421875
550.0 15.924566796875
551.0 22.81186376953125
552.0 15.861889453125
553.0 17.79418466796875
554.0 20.077232421875
555.0 17.48428076171875
556.0 21.16117294921875
557.0 17.07624033203125
558.0 14.67702353515625
559.0 17.40536865234375
560.0 14.13787978515625
561.0 15.55381982421875
562.0 13.86492158203125
563.0 17.2265572265625
564.0 10.34651162109375
565.0 25.84571865234375
566.0 22.15985810546875
567.0 17.07538388671875
568.0 26.24791650390625
569.0 19.09746640625
570.0 21.43576298828125
571.0 22.70304130859375
572.0 16.93439580078125
573.0 18.54477978515625
574.0 23.5975556640625
575.0 17.96134267578125
576.0 22.3496203125
577.0 15.85260322265625
578.0 18.21975458984375
579.0 23.3539998046875
580.0 18.98306474609375
581.0 21.27844423828125
582.0 19.60702353515625
583.0 19.0882017578125
584.0 19.72389541015625
585.0 21.004880078125
586.0 17.92396396484375
587.0 21.761433203125
588.0 24.64151484375
589.0 14.5761677734375
590.0 25.6710578125
591.0 13.9782857421875
592.0 18.13601025390625
593.0 16.492940234375
594.0 20.98137998046875
595.0 20.43126640625
596.0 22.36826904296875
597.0 20.8722912109375
598.0 19.77266396484375
599.0 19.56260419921875
600.0 20.66827216796875
601.0 21.3952990234375
602.0 24.7770328125
603.0 21.40689716796875
604.0 19.73262734375
605.0 24.11893525390625
606.0 18.264647265625
607.0 20.6832501953125
608.0 20.8081041015625
609.0 19.73358603515625
610.0 15.67741123046875
611.0 12.63683486328125
612.0 19.49216953125
613.0 20.44033447265625
614.0 24.89363388671875
615.0 22.2559125
616.0 16.39322099609375
617.0 16.4103025390625
618.0 16.60829091796875
619.0 17.55167587890625
620.0 13.62334833984375
621.0 11.52990966796875
622.0 15.727733203125
623.0 14.0515017578125
624.0 15.3207234375
625.0 16.10403896484375
626.0 13.0814296875
627.0 14.40246123046875
628.0 15.06959326171875
629.0 12.5977978515625
630.0 10.702385546875
631.0 9.84900546875
632.0 13.71239599609375
633.0 12.6723330078125
634.0 12.84023125
635.0 10.1542837890625
636.0 10.81028359375
637.0 8.35867392578125
638.0 15.79347734375
639.0 11.41919453125
640.0 10.46998388671875
641.0 10.76809267578125
642.0 11.2931583984375
643.0 11.46221044921875
644.0 11.163917578125
645.0 11.4671919921875
646.0 11.43182626953125
647.0 11.244904296875
648.0 11.31995400390625
649.0 9.96903466796875
650.0 0.0
651.0 0.0
652.0 27.7574888671875
653.0 9.94544921875
654.0 13.32111357421875
655.0 12.29214404296875
656.0 12.18287421875
657.0 10.43592236328125
658.0 13.01915068359375
659.0 11.90891796875
660.0 11.77006416015625
661.0 11.6731041015625
662.0 8.76466328125
663.0 17.92426484375
664.0 15.90283896484375
665.0 12.66284833984375
666.0 17.299775
667.0 13.07140234375
668.0 23.97246962890625
669.0 17.04302451171875
670.0 17.18782138671875
671.0 17.4968099609375
672.0 15.04190927734375
673.0 13.602152734375
674.0 15.01807412109375
675.0 17.2873451171875
676.0 14.15749150390625
677.0 13.7893322265625
678.0 16.73971875
679.0 15.554920703125
680.0 15.77606484375
681.0 21.12385498046875
682.0 21.0208177734375
683.0 20.8452482421875
684.0 23.9340626953125
685.0 17.43091015625
686.0 21.92002890625
687.0 17.01879443359375
688.0 21.3222953125
689.0 21.5988083984375
690.0 21.10197978515625
691.0 18.33049287109375
692.0 14.24638173828125
693.0 24.5862779296875
694.0 21.088138671875
695.0 20.21448671875
696.0 17.23000732421875
697.0 13.60258408203125
698.0 14.3278466796875
699.0 11.654527734375
700.0 19.48285771484375
701.0 20.7700583984375
702.0 20.04516787109375
703.0 10.6298521484375
704.0 28.08262900390625
705.0 20.3709119140625
706.0 17.985650390625
707.0 18.3740017578125
708.0 18.5682291015625
709.0 13.13327958984375
710.0 14.08368056640625
711.0 21.63807041015625
712.0 16.09266005859375
713.0 17.03155517578125
714.0 23.82238466796875
715.0 20.2347146484375
716.0 19.07909560546875
717.0 14.57101904296875
718.0 22.10362685546875
719.0 17.2835251953125
720.0 20.37589609375
721.0 19.24896865234375
722.0 24.0179841796875
723.0 21.9348994140625
724.0 20.88724853515625
725.0 19.32596748046875
726.0 14.92916328125
727.0 21.96193818359375
728.0 7.935910546875
729.0 35.6786458984375
730.0 21.6628546875
731.0 21.82708193359375
732.0 18.66210673828125
733.0 19.70957763671875
734.0 17.18731669921875
735.0 25.0474486328125
736.0 21.383280859375
737.0 13.899596484375
738.0 13.7579375
739.0 19.8361111328125
740.0 21.59376572265625
741.0 20.15715341796875
742.0 16.38282744140625
743.0 29.86200625
744.0 17.025833984375
745.0 28.25094873046875
746.0 15.68243037109375
747.0 24.21418828125
748.0 14.62089970703125
749.0 14.08247890625
750.0 22.61006298828125
751.0 21.1356287109375
752.0 23.25478046875
753.0 21.2730611328125
754.0 23.8098513671875
755.0 23.9971724609375
756.0 19.1659666015625
757.0 7.9392279296875
758.0 28.26358603515625
759.0 23.879234765625
760.0 21.5147572265625
761.0 21.4907845703125
762.0 19.44693349609375
763.0 17.31106201171875
764.0 18.482487890625
765.0 15.06359560546875
766.0 15.25522509765625
767.0 13.380320703125
768.0 12.03867998046875
769.0 15.8007462890625
770.0 21.192446875
771.0 20.52102861328125
772.0 24.86857919921875
773.0 21.05239287109375
774.0 20.3070390625
775.0 21.6117029296875
776.0 19.9230275390625
777.0 16.14762470703125
778.0 17.3473689453125
779.0 18.05830068359375
780.0 16.05418134765625
781.0 12.73055517578125
782.0 22.45751015625
783.0 14.501884375
784.0 19.22571201171875
785.0 22.99387529296875
786.0 16.3108263671875
787.0 13.3743615234375
788.0 12.3979853515625
789.0 12.00621220703125
790.0 19.31154208984375
791.0 17.12202958984375
792.0 20.2947736328125
793.0 20.69041865234375
794.0 16.66399384765625
795.0 16.958812109375
796.0 22.1286669921875
797.0 14.369205859375
798.0 14.7543240234375
799.0 12.6941759765625
