0.0 24.90846494140625
1.0 28.5603794921875
2.0 25.00207353515625
3.0 27.767501953125
4.0 25.368735546875
5.0 29.1885880859375
6.0 24.63793359375
7.0 29.06714228515625
8.0 28.386598828125
9.0 26.9614509765625
10.0 26.63592822265625
11.0 16.80002216796875
12.0 28.5092455078125
13.0 28.9109798828125
14.0 26.892031640625
15.0 29.7403865234375
16.0 25.885669140625
17.0 30.43338427734375
18.0 27.6604794921875
19.0 30.0842154296875
20.0 24.77892236328125
21.0 25.71533447265625
22.0 27.5682220703125
23.0 22.37419404296875
24.0 22.9465404296875
25.0 19.9452951171875
26.0 22.04865234375
27.0 25.4923724609375
28.0 25.91082236328125
29.0 28.88695888671875
30.0 23.37663466796875
31.0 25.73015029296875
32.0 23.66906865234375
33.0 29.4420966796875
34.0 25.4692505859375
35.0 27.18321240234375
36.0 25.4036021484375
37.0 28.221994921875
38.0 17.8260271484375
39.0 29.8679515625
40.0 15.573812109375
41.0 23.0272828125
42.0 24.18166064453125
43.0 29.16561748046875
44.0 26.129493359375
45.0 21.33870224609375
46.0 29.765180859375
47.0 26.5609845703125
48.0 28.00716318359375
49.0 26.54463154296875
50.0 27.864588671875
51.0 25.54088955078125
52.0 28.72755537109375
53.0 22.3035140625
54.0 27.5637380859375
55.0 26.70561337890625
56.0 29.02498466796875
57.0 25.12464765625
58.0 22.16163056640625
59.0 30.73662802734375
60.0 27.32914697265625
61.0 27.933107421875
62.0 31.1190435546875
63.0 27.35674765625
64.0 28.8978626953125
65.0 26.66782265625
66.0 27.874462109375
67.0 29.1384630859375
68.0 27.052802734375
69.0 29.19260087890625
70.0 27.55768974609375
71.0 30.719434765625
72.0 25.82655283203125
73.0 29.28515625
74.0 27.55715625
75.0 28.9048900390625
76.0 26.11800712890625
77.0 27.9826888671875
78.0 25.7042884765625
79.0 26.9739923828125
80.0 28.08251083984375
81.0 25.46007841796875
82.0 27.95749677734375
83.0 25.54206591796875
84.0 28.58759833984375
85.0 26.85310458984375
86.0 26.7926400390625
87.0 30.62134111328125
88.0 27.233554296875
89.0 30.0844751953125
90.0 27.65510888671875
91.0 27.8148259765625
92.0 23.31755625
93.0 24.405907421875
94.0 27.763977734375
95.0 23.72329072265625
96.0 24.48487109375
97.0 25.99723525390625
98.0 26.1267763671875
99.0 28.43943681640625
100.0 25.78215673828125
101.0 27.51134228515625
102.0 26.1743890625
103.0 29.106350390625
104.0 24.7531234375
105.0 29.7350029296875
106.0 25.23717880859375
107.0 28.00645654296875
108.0 27.43757138671875
109.0 21.94327470703125
110.0 26.20626494140625
111.0 25.76941416015625
112.0 28.04282265625
113.0 26.06020966796875
114.0 27.48148955078125
115.0 29.01212412109375
116.0 25.55391376953125
117.0 30.929990625
118.0 26.201783203125
119.0 29.46166318359375
120.0 26.1231244140625
121.0 28.75862451171875
122.0 26.99064912109375
123.0 29.0166333984375
124.0 26.40240537109375
125.0 28.65356201171875
126.0 25.98305908203125
127.0 26.49687822265625
128.0 28.9699224609375
129.0 27.5969603515625
130.0 26.67922900390625
131.0 29.69185029296875
132.0 25.12849228515625
133.0 28.72780556640625
134.0 24.48170458984375
135.0 29.3507736328125
136.0 25.82430888671875
137.0 29.1124625
138.0 23.93642685546875
139.0 28.88726005859375
140.0 16.74456513671875
141.0 36.1380568359375
142.0 26.2713416015625
143.0 28.57134150390625
144.0 26.3427041015625
145.0 26.78820146484375
146.0 29.72461953125
147.0 26.57335947265625
148.0 28.31086796875
149.0 24.983428515625
150.0 29.56829423828125
151.0 24.81486953125
152.0 27.7895548828125
153.0 24.740271484375
154.0 28.21670302734375
155.0 25.93097275390625
156.0 28.2897552734375
157.0 28.503156640625
158.0 26.42585185546875
159.0 28.8040845703125
160.0 26.170255078125
161.0 29.23816669921875
162.0 24.84528681640625
163.0 28.00054365234375
164.0 24.93433056640625
165.0 28.861753125
166.0 24.81321923828125
167.0 28.4481927734375
168.0 26.3387947265625
169.0 28.52812314453125
170.0 25.514678515625
171.0 29.137308203125
172.0 25.22792900390625
173.0 27.93711005859375
174.0 22.8183669921875
175.0 28.9207330078125
176.0 28.14388564453125
177.0 25.314771484375
178.0 29.04446611328125
179.0 18.92844609375
180.0 36.70707734375
181.0 26.05206162109375
182.0 28.58259326171875
183.0 26.55833310546875
184.0 28.2080365234375
185.0 25.9951404296875
186.0 28.583184765625
187.0 27.06298212890625
188.0 22.0149611328125
189.0 26.23838525390625
190.0 27.1217966796875
191.0 25.45686435546875
192.0 28.583230859375
193.0 26.09554150390625
194.0 28.667842578125
195.0 25.147387890625
196.0 28.47532705078125
197.0 26.422058984375
198.0 28.02042412109375
199.0 25.118437890625
200.0 29.253425
201.0 25.3915515625
202.0 25.6811095703125
203.0 25.50608046875
204.0 28.8480607421875
205.0 25.69864013671875
206.0 28.97624169921875
207.0 25.76696298828125
208.0 28.10874658203125
209.0 23.4593712890625
210.0 31.48163740234375
211.0 26.2916685546875
212.0 28.3559458984375
213.0 26.2326685546875
214.0 29.54407841796875
215.0 25.82483955078125
216.0 29.61235146484375
217.0 26.2871568359375
218.0 25.6122359375
219.0 30.06107490234375
220.0 18.413413671875
221.0 35.91382265625
222.0 28.1536458984375
223.0 25.32360859375
224.0 24.3143056640625
225.0 29.930744921875
226.0 27.00526396484375
227.0 26.384143359375
228.0 28.6958041015625
229.0 25.83252861328125
230.0 28.7454896484375
231.0 26.3330615234375
232.0 28.76942685546875
233.0 25.78296064453125
234.0 29.01356376953125
235.0 25.43378740234375
236.0 22.98964541015625
237.0 31.9527767578125
238.0 20.3055123046875
239.0 36.1079849609375
240.0 26.4402466796875
241.0 29.05577216796875
242.0 26.96351669921875
243.0 27.16254580078125
244.0 29.24699609375
245.0 27.984991796875
246.0 30.0337625
247.0 26.44499794921875
248.0 24.6178435546875
249.0 26.81717900390625
250.0 25.66474794921875
251.0 28.8873689453125
252.0 26.4765603515625
253.0 29.0821009765625
254.0 26.7284732421875
255.0 29.77739150390625
256.0 25.0141255859375
257.0 28.87200361328125
258.0 26.11727578125
259.0 29.0395978515625
260.0 26.49586708984375
261.0 29.38801494140625
262.0 25.17865673828125
263.0 28.1522205078125
264.0 23.4373046875
265.0 32.1003767578125
266.0 26.6847125
267.0 29.50028017578125
268.0 25.4230828125
269.0 30.1030416015625
270.0 26.286722265625
271.0 25.777293359375
272.0 29.22588974609375
273.0 25.1864111328125
274.0 27.35995439453125
275.0 28.24040244140625
276.0 25.6415732421875
277.0 28.97663994140625
278.0 26.6661326171875
279.0 28.74330595703125
280.0 25.477090234375
281.0 27.58802880859375
282.0 25.4656806640625
283.0 27.75958515625
284.0 25.8244658203125
285.0 27.78125166015625
286.0 25.2245201171875
287.0 27.00157294921875
288.0 29.09773427734375
289.0 25.44974052734375
290.0 28.55007861328125
291.0 25.41510419921875
292.0 28.97070556640625
293.0 25.9011876953125
294.0 29.0956818359375
295.0 26.374092578125
296.0 26.12821630859375
297.0 26.22367265625
298.0 28.71363662109375
299.0 21.97981982421875
300.0 26.7325802734375
301.0 26.89391650390625
302.0 28.70186796875
303.0 25.48216005859375
304.0 29.1420990234375
305.0 25.01746455078125
306.0 28.97720556640625
307.0 26.132915625
308.0 28.2810248046875
309.0 25.38723642578125
310.0 28.494771875
311.0 25.3195869140625
312.0 27.6806716796875
313.0 28.79478125
314.0 25.71464033203125
315.0 25.81931826171875
316.0 29.22982890625
317.0 29.0668177734375
318.0 26.03998466796875
319.0 26.1697888671875
320.0 28.66541201171875
321.0 27.78625810546875
322.0 25.7150283203125
323.0 25.76107099609375
324.0 28.53181376953125
325.0 25.4875275390625
326.0 27.93537626953125
327.0 28.3438310546875
328.0 26.12925830078125
329.0 28.35532919921875
330.0 25.8610734375
331.0 27.012927734375
332.0 29.38035087890625
333.0 25.17684873046875
334.0 29.5888724609375
335.0 26.20984521484375
336.0 28.825138671875
337.0 25.39468076171875
338.0 19.92311005859375
339.0 35.99506650390625
340.0 24.55573984375
341.0 28.694139453125
342.0 25.7799123046875
343.0 28.97531279296875
344.0 25.40218525390625
345.0 28.7084775390625
346.0 25.24675712890625
347.0 27.16810244140625
348.0 25.517136328125
349.0 28.2850388671875
350.0 25.0973955078125
351.0 28.5052052734375
352.0 26.15383154296875
353.0 28.98819189453125
354.0 25.88846865234375
355.0 29.06456396484375
356.0 25.70205029296875
357.0 25.5837634765625
358.0 28.797430859375
359.0 26.721725390625
360.0 29.19535224609375
361.0 25.67817314453125
362.0 28.91650361328125
363.0 26.7359056640625
364.0 29.18700390625
365.0 22.89233583984375
366.0 29.17639365234375
367.0 28.57765126953125
368.0 18.51585859375
369.0 33.21040029296875
370.0 28.5806607421875
371.0 25.4082427734375
372.0 28.89528603515625
373.0 25.7612421875
374.0 27.5563986328125
375.0 17.47103193359375
376.0 35.81046728515625
377.0 26.1055896484375
378.0 28.86280595703125
379.0 26.969346484375
380.0 28.51487666015625
381.0 26.36972685546875
382.0 27.6149328125
383.0 25.637974609375
384.0 25.4078513671875
385.0 28.911916015625
386.0 28.277973828125
387.0 26.6093294921875
388.0 26.01451533203125
389.0 27.01431669921875
390.0 27.06286826171875
391.0 26.153996875
392.0 28.98281083984375
393.0 25.547628125
394.0 30.0925302734375
395.0 26.99290234375
396.0 29.0862724609375
397.0 25.08733642578125
398.0 28.60574267578125
399.0 24.8446146484375
400.0 23.45841376953125
401.0 29.039778515625
402.0 25.65635751953125
403.0 23.0371275390625
404.0 31.24591611328125
405.0 26.10622783203125
406.0 28.587921484375
407.0 25.3310091796875
408.0 28.28487080078125
409.0 26.13967880859375
410.0 28.5033888671875
411.0 25.48249462890625
412.0 26.92899404296875
413.0 26.3172505859375
414.0 29.8682337890625
415.0 25.44515234375
416.0 28.075964453125
417.0 25.47999443359375
418.0 28.47112607421875
419.0 25.63974697265625
420.0 28.04427841796875
421.0 25.82150703125
422.0 28.691369921875
423.0 26.1219451171875
424.0 28.388089453125
425.0 25.62552529296875
426.0 27.79181875
427.0 25.54567314453125
428.0 28.92988837890625
429.0 26.47590322265625
430.0 27.1549951171875
431.0 29.5939154296875
432.0 26.6650986328125
433.0 28.64521494140625
434.0 25.12816123046875
435.0 24.26249169921875
436.0 28.17655986328125
437.0 27.97233671875
438.0 26.18990595703125
439.0 31.22988759765625
440.0 27.9752412109375
441.0 28.3215001953125
442.0 31.68804814453125
443.0 20.25727412109375
444.0 34.9501404296875
445.0 30.146005078125
446.0 27.72626787109375
447.0 28.983728125
448.0 26.1243173828125
449.0 27.1502787109375
450.0 29.79412958984375
451.0 27.53692470703125
452.0 30.9755337890625
453.0 27.91705302734375
454.0 30.42561025390625
455.0 26.66176005859375
456.0 29.15734189453125
457.0 25.80052109375
458.0 28.5639333984375
459.0 26.07034580078125
460.0 28.733959765625
461.0 25.9634208984375
462.0 28.5974171875
463.0 26.58153359375
464.0 28.6393638671875
465.0 25.49027470703125
466.0 29.19316904296875
467.0 27.522258984375
468.0 25.62465732421875
469.0 29.34601689453125
470.0 27.31544765625
471.0 31.0509154296875
472.0 27.0001734375
473.0 29.93745185546875
474.0 25.53290556640625
475.0 29.7529744140625
476.0 27.5607896484375
477.0 28.49976904296875
478.0 25.5778677734375
479.0 28.7088259765625
480.0 25.522919921875
481.0 29.0473056640625
482.0 25.03805458984375
483.0 28.62354150390625
484.0 24.719996875
485.0 29.14298349609375
486.0 26.463949609375
487.0 28.66632509765625
488.0 25.63132744140625
489.0 29.46611826171875
490.0 25.9781076171875
491.0 28.8667798828125
492.0 22.7328841796875
493.0 29.68240087890625
494.0 28.3545244140625
495.0 26.00140009765625
496.0 23.78352900390625
497.0 31.7395865234375
498.0 26.9154005859375
499.0 28.7821966796875
500.0 26.2268123046875
501.0 28.87025654296875
502.0 25.6352392578125
503.0 29.6006849609375
504.0 25.2125189453125
505.0 29.94036396484375
506.0 26.6639640625
507.0 29.1628357421875
508.0 26.91817880859375
509.0 28.6018470703125
510.0 25.8552484375
511.0 27.95631181640625
512.0 25.63689443359375
513.0 29.10511240234375
514.0 26.79276767578125
515.0 26.024025390625
516.0 29.2045564453125
517.0 26.47192685546875
518.0 27.6239599609375
519.0 25.85605869140625
520.0 28.930798046875
521.0 26.41089423828125
522.0 29.51307421875
523.0 26.321074609375
524.0 29.54775732421875
525.0 25.99389697265625
526.0 29.08680078125
527.0 25.24429638671875
528.0 28.7009185546875
529.0 25.59204267578125
530.0 28.2769548828125
531.0 18.90768876953125
532.0 22.73952783203125
533.0 31.7361271484375
534.0 26.03235771484375
535.0 29.15264091796875
536.0 25.984737109375
537.0 28.76903388671875
538.0 25.492892578125
539.0 28.461844921875
540.0 27.59565712890625
541.0 26.2350841796875
542.0 28.671708203125
543.0 26.641748046875
544.0 28.2093728515625
545.0 26.16937021484375
546.0 28.3530119140625
547.0 25.84464013671875
548.0 22.9121271484375
549.0 32.522391796875
550.0 25.35161328125
551.0 29.32325771484375
552.0 26.680855859375
553.0 28.76113017578125
554.0 26.0300701171875
555.0 29.48477724609375
556.0 26.19343056640625
557.0 29.32303525390625
558.0 25.7624880859375
559.0 25.6027416015625
560.0 28.926898828125
561.0 26.829925390625
562.0 17.147337890625
563.0 36.35356279296875
564.0 25.782537109375
565.0 27.83476650390625
566.0 25.972346484375
567.0 28.4970650390625
568.0 25.47089384765625
569.0 27.6219576171875
570.0 26.22338974609375
571.0 28.5825419921875
572.0 25.66079912109375
573.0 28.2801837890625
574.0 25.2384029296875
575.0 27.98198037109375
576.0 25.85408818359375
577.0 27.72710810546875
578.0 26.0736068359375
579.0 20.74529775390625
580.0 32.7144541015625
581.0 28.5902671875
582.0 26.2185625
583.0 28.5369541015625
584.0 25.98954853515625
585.0 28.73809296875
586.0 25.82714189453125
587.0 28.6833150390625
588.0 25.73766162109375
589.0 29.2727947265625
590.0 26.49661826171875
591.0 29.1680712890625
592.0 25.51310712890625
593.0 27.90046943359375
594.0 25.9278306640625
595.0 28.64327890625
596.0 25.9073623046875
597.0 28.05020888671875
598.0 24.9931376953125
599.0 26.15419365234375
600.0 30.1149943359375
601.0 25.62628818359375
602.0 23.32837509765625
603.0 31.780745703125
604.0 26.432245703125
605.0 28.97377724609375
606.0 23.59144892578125
607.0 28.7890755859375
608.0 24.68455478515625
609.0 27.33472197265625
610.0 25.22753388671875
611.0 27.89857392578125
612.0 24.5745580078125
613.0 26.450432421875
614.0 26.6360828125
615.0 28.386385546875
616.0 25.22786865234375
617.0 28.03028291015625
618.0 25.8581783203125
619.0 29.16086083984375
620.0 25.50368505859375
621.0 26.541312890625
622.0 25.58389990234375
623.0 27.54874150390625
624.0 25.520726171875
625.0 28.4210873046875
626.0 26.3711130859375
627.0 28.13483359375
628.0 28.78263701171875
629.0 27.2251138671875
630.0 26.398042578125
631.0 35.0874001953125
632.0 27.1086658203125
633.0 29.40611435546875
634.0 28.01945908203125
635.0 29.0308890625
636.0 25.419613671875
637.0 29.86221279296875
638.0 25.386737890625
639.0 22.964478515625
640.0 29.9797365234375
641.0 28.3146857421875
642.0 25.8474904296875
643.0 28.39518779296875
644.0 26.35330185546875
645.0 29.14174482421875
646.0 26.26625849609375
647.0 27.199970703125
648.0 28.32798154296875
649.0 24.6815333984375
650.0 27.70765634765625
651.0 22.453379296875
652.0 28.1990142578125
653.0 25.06783046875
654.0 28.312571875
655.0 25.32070283203125
656.0 27.63219267578125
657.0 25.5368197265625
658.0 28.1565943359375
659.0 23.92588935546875
660.0 28.21756767578125
661.0 25.35297080078125
662.0 27.9760720703125
663.0 25.78113447265625
664.0 27.29128037109375
665.0 20.93406318359375
666.0 32.02974951171875
667.0 25.543417578125
668.0 25.27848046875
669.0 28.372322265625
670.0 22.96193564453125
671.0 33.09218720703125
672.0 26.0712880859375
673.0 28.27137705078125
674.0 25.86967314453125
675.0 28.7684029296875
676.0 26.28150234375
677.0 27.5012224609375
678.0 29.093771484375
679.0 26.387799609375
680.0 28.8976666015625
681.0 25.9430140625
682.0 29.01557080078125
683.0 25.96420654296875
684.0 29.13392470703125
685.0 25.3426224609375
686.0 28.79104609375
687.0 25.924603515625
688.0 22.610288671875
689.0 32.43625576171875
690.0 25.8744517578125
691.0 28.30172412109375
692.0 26.14313583984375
693.0 28.4418783203125
694.0 25.6545447265625
695.0 27.960645703125
696.0 25.86098271484375
697.0 28.27810087890625
698.0 25.71732177734375
699.0 28.06870673828125
700.0 25.65876904296875
701.0 27.4172935546875
702.0 25.39276298828125
703.0 27.6874287109375
704.0 26.14489794921875
705.0 28.34043916015625
706.0 25.29538271484375
707.0 29.11602236328125
708.0 24.0536259765625
709.0 19.24872265625
710.0 31.74267568359375
711.0 26.455064453125
712.0 24.75454521484375
713.0 18.5789060546875
714.0 32.22420576171875
715.0 28.4444630859375
716.0 25.71413291015625
717.0 27.82053486328125
718.0 22.1848056640625
719.0 29.6389498046875
720.0 28.5987701171875
721.0 25.45403515625
722.0 27.99839912109375
723.0 25.2387400390625
724.0 26.8909353515625
725.0 20.0301234375
726.0 33.5534541015625
727.0 25.2224705078125
728.0 28.2506626953125
729.0 25.93579189453125
730.0 28.06042841796875
731.0 25.6929876953125
732.0 27.631373046875
733.0 24.4852646484375
734.0 28.6512296875
735.0 25.1581927734375
736.0 27.62109248046875
737.0 25.8131912109375
738.0 27.5306591796875
739.0 25.097937109375
740.0 27.49651630859375
741.0 25.0910048828125
742.0 28.533865234375
743.0 28.1556857421875
744.0 25.18751015625
745.0 28.38790400390625
746.0 25.86338798828125
747.0 27.02052470703125
748.0 25.522676171875
749.0 22.80091650390625
750.0 28.1311494140625
751.0 21.44878916015625
752.0 28.9064236328125
753.0 26.42708515625
754.0 26.19350927734375
755.0 26.88423466796875
756.0 24.073787109375
757.0 26.06325615234375
758.0 26.1205181640625
759.0 24.89483173828125
760.0 25.8331001953125
761.0 24.25846337890625
762.0 27.44427783203125
763.0 25.0362037109375
764.0 21.2284365234375
765.0 19.70231162109375
766.0 17.40677421875
767.0 35.025307421875
768.0 25.70392001953125
769.0 27.43231826171875
770.0 25.39973486328125
771.0 25.302712109375
772.0 24.5928322265625
773.0 23.2134912109375
774.0 23.2149908203125
775.0 28.17408623046875
776.0 25.42256630859375
777.0 26.388497265625
778.0 28.85618291015625
779.0 26.0858484375
780.0 26.78014365234375
781.0 25.591965234375
782.0 29.25248779296875
783.0 25.81211875
784.0 29.42172939453125
785.0 26.23600400390625
786.0 20.55793837890625
787.0 22.83808720703125
788.0 28.93625703125
789.0 25.3184794921875
790.0 28.668616796875
791.0 24.47765947265625
792.0 28.31537138671875
793.0 25.06484716796875
794.0 28.28140859375
795.0 26.036867578125
796.0 27.91147216796875
797.0 25.73877841796875
798.0 26.8794669921875
799.0 28.61225517578125
