0.0 29.14611826171875
1.0 21.79636875
2.0 23.95439296875
3.0 22.3738552734375
4.0 20.43366064453125
5.0 20.28411689453125
6.0 18.710606640625
7.0 28.36507998046875
8.0 22.402830859375
9.0 26.87485283203125
10.0 25.35212919921875
11.0 20.194455078125
12.0 24.52638369140625
13.0 22.8149798828125
14.0 19.47895361328125
15.0 18.708609375
16.0 25.10906708984375
17.0 24.422035546875
18.0 22.38355830078125
19.0 21.35614267578125
20.0 21.08450869140625
21.0 18.63939833984375
22.0 23.76337099609375
23.0 21.77993232421875
24.0 26.32607802734375
25.0 21.28667265625
26.0 23.63932978515625
27.0 20.9720609375
28.0 26.40695166015625
29.0 20.49283056640625
30.0 21.1921140625
31.0 20.26335478515625
32.0 18.15683642578125
33.0 20.8409822265625
34.0 22.3794966796875
35.0 21.75572412109375
36.0 24.004663671875
37.0 21.87860302734375
38.0 19.86792626953125
39.0 19.98163486328125
40.0 19.71534599609375
41.0 18.9717873046875
42.0 24.88482890625
43.0 19.0569134765625
44.0 22.1715595703125
45.0 23.151233203125
46.0 22.5048640625
47.0 18.02300263671875
48.0 25.29480322265625
49.0 23.152465625
50.0 25.600144921875
51.0 19.392519140625
52.0 16.84341240234375
53.0 21.34493359375
54.0 13.31781923828125
55.0 17.110078125
56.0 0.20501591796875
57.0 23.93036005859375
58.0 19.80450234375
59.0 24.41792451171875
60.0 22.67345908203125
61.0 24.133651171875
62.0 17.890456640625
63.0 25.94308330078125
64.0 16.98233662109375
65.0 1.45015341796875
66.0 15.90988662109375
67.0 17.31897421875
68.0 15.0881119140625
69.0 11.5610169921875
70.0 18.3055572265625
71.0 20.93346982421875
72.0 25.7420419921875
73.0 24.16667626953125
74.0 22.697246875
75.0 23.5729478515625
76.0 18.1930318359375
77.0 27.022322265625
78.0 23.0701544921875
79.0 23.71599873046875
80.0 20.8029345703125
81.0 25.09190771484375
82.0 16.79276982421875
83.0 20.25697724609375
84.0 20.9412048828125
85.0 22.66213173828125
86.0 17.0157623046875
87.0 17.29468291015625
88.0 22.7083734375
89.0 22.30421083984375
90.0 21.81883037109375
91.0 16.6093548828125
92.0 1.551670703125
93.0 0.59108828125
94.0 3.05847861328125
95.0 1.30746416015625
96.0 1.7804421875
97.0 2.0390158203125
98.0 5.91913955078125
99.0 18.5987384765625
100.0 9.43382802734375
101.0 14.8587220703125
102.0 20.20152021484375
103.0 20.07490673828125
104.0 23.97358662109375
105.0 19.1372625
106.0 0.99861552734375
107.0 14.22307109375
108.0 15.0095552734375
109.0 17.77191591796875
110.0 22.9673357421875
111.0 13.2914896484375
112.0 0.309140234375
113.0 18.13795302734375
114.0 22.9922791015625
115.0 18.98641220703125
116.0 7.876033203125
117.0 0.2813720703125
118.0 19.87773271484375
119.0 14.6733408203125
120.0 9.51562294921875
121.0 17.69885087890625
122.0 10.08224296875
123.0 6.13099208984375
124.0 20.92287998046875
125.0 22.829615234375
126.0 21.519044921875
127.0 6.43507900390625
128.0 21.13633544921875
129.0 24.1425927734375
130.0 19.0494591796875
131.0 8.57395224609375
132.0 8.9277541015625
133.0 1.23194892578125
134.0 12.25318154296875
135.0 29.18184755859375
136.0 21.80288720703125
137.0 22.83462880859375
138.0 19.55742177734375
139.0 10.14765732421875
140.0 25.6488986328125
141.0 26.39352119140625
142.0 28.2246787109375
143.0 2.75389140625
144.0 6.69545673828125
145.0 22.118991796875
146.0 25.2621318359375
147.0 22.91800634765625
148.0 25.03375703125
149.0 10.3789515625
150.0 23.60572939453125
151.0 25.7875962890625
152.0 21.30883359375
153.0 26.21580048828125
154.0 18.98493779296875
155.0 0.25491630859375
156.0 25.28147744140625
157.0 26.96507265625
158.0 16.32024755859375
159.0 17.07729345703125
160.0 11.119935546875
161.0 22.638305859375
162.0 22.045983984375
163.0 23.95242158203125
164.0 21.90401806640625
165.0 3.15251904296875
166.0 14.30295703125
167.0 19.922346484375
168.0 20.5447978515625
169.0 19.65232333984375
170.0 11.9736708984375
171.0 13.64337822265625
172.0 21.69968701171875
173.0 24.37641669921875
174.0 25.5650546875
175.0 20.43594453125
176.0 4.33601435546875
177.0 24.8852564453125
178.0 22.29826416015625
179.0 22.45121728515625
180.0 24.53703583984375
181.0 12.3649126953125
182.0 0.2991810546875
183.0 12.4263115234375
184.0 19.08316884765625
185.0 16.4271666015625
186.0 0.05200185546875
187.0 11.04983603515625
188.0 24.164290234375
189.0 27.87750576171875
190.0 24.7225251953125
191.0 25.41504990234375
192.0 0.24841533203125
193.0 7.862723828125
194.0 27.4877177734375
195.0 18.60913798828125
196.0 19.4088880859375
197.0 1.94325302734375
198.0 0.42693515625
199.0 0.43820166015625
200.0 24.87866220703125
201.0 26.18894794921875
202.0 15.24143017578125
203.0 0.15696669921875
204.0 0.575496875
205.0 5.99566669921875
206.0 19.73691328125
207.0 10.4633046875
208.0 8.5280380859375
209.0 0.3618525390625
210.0 7.69816552734375
211.0 25.49683173828125
212.0 25.292805078125
213.0 0.36922470703125
214.0 0.82392119140625
215.0 20.98591767578125
216.0 16.53459384765625
217.0 25.02229072265625
218.0 12.321219140625
219.0 1.28412626953125
220.0 24.1621775390625
221.0 22.9872025390625
222.0 21.08232841796875
223.0 19.304477734375
224.0 4.0125044921875
225.0 14.47671298828125
226.0 19.6524052734375
227.0 25.7820517578125
228.0 24.3728357421875
229.0 1.96943515625
230.0 21.41485986328125
231.0 27.08355615234375
232.0 25.869217578125
233.0 27.37169130859375
234.0 17.122484765625
235.0 0.58565439453125
236.0 15.474202734375
237.0 27.676789453125
238.0 24.70356220703125
239.0 25.922384375
240.0 1.4642181640625
241.0 29.29281748046875
242.0 25.67452734375
243.0 29.092876171875
244.0 23.48168291015625
245.0 5.73076298828125
246.0 17.79998720703125
247.0 16.547890234375
248.0 34.0031173828125
249.0 28.17450859375
250.0 14.88987119140625
251.0 13.6198896484375
252.0 25.38186572265625
253.0 23.07675595703125
254.0 23.73134814453125
255.0 25.87369951171875
256.0 23.12168193359375
257.0 26.5453900390625
258.0 26.84191044921875
259.0 25.7372404296875
260.0 26.9283619140625
261.0 24.56350634765625
262.0 26.5768099609375
263.0 25.207734375
264.0 26.98158388671875
265.0 20.76007236328125
266.0 24.51215390625
267.0 20.11722041015625
268.0 24.675703515625
269.0 24.15712841796875
270.0 27.6344869140625
271.0 25.341430859375
272.0 28.12661142578125
273.0 22.4584
274.0 25.36851083984375
275.0 19.77701953125
276.0 25.0578037109375
277.0 27.043462890625
278.0 21.8593203125
279.0 29.70964169921875
280.0 25.3235537109375
281.0 28.33808291015625
282.0 26.41309111328125
283.0 20.384247265625
284.0 31.68057138671875
285.0 25.37255908203125
286.0 27.99455078125
287.0 24.28603408203125
288.0 25.7427083984375
289.0 21.49782578125
290.0 27.94914423828125
291.0 20.97995205078125
292.0 25.1626533203125
293.0 24.28683759765625
294.0 26.03112666015625
295.0 22.31615380859375
296.0 26.5796451171875
297.0 24.98706748046875
298.0 27.30510703125
299.0 25.6757490234375
300.0 27.31363876953125
301.0 13.85222529296875
302.0 32.01648896484375
303.0 16.549700390625
304.0 26.19499521484375
305.0 30.173344140625
306.0 9.4683796875
307.0 22.4095037109375
308.0 25.6462685546875
309.0 24.08491943359375
310.0 26.28056767578125
311.0 22.748136328125
312.0 23.7351796875
313.0 24.78563681640625
314.0 27.1620673828125
315.0 24.0881005859375
316.0 24.833780859375
317.0 22.43188544921875
318.0 24.18671767578125
319.0 24.04789306640625
320.0 27.37929384765625
321.0 24.9355818359375
322.0 24.93675322265625
323.0 27.885675
324.0 23.394830859375
325.0 26.11782705078125
326.0 25.1710822265625
327.0 27.0172369140625
328.0 23.0351298828125
329.0 25.22525009765625
330.0 23.7500525390625
331.0 24.2177640625
332.0 24.387120703125
333.0 20.94776259765625
334.0 24.6471921875
335.0 26.2524884765625
336.0 27.34620146484375
337.0 25.21250166015625
338.0 27.84360703125
339.0 24.57323076171875
340.0 28.9380779296875
341.0 25.06235107421875
342.0 24.29173232421875
343.0 22.65631552734375
344.0 25.83094345703125
345.0 23.68210849609375
346.0 24.428393359375
347.0 23.4792953125
348.0 24.87173359375
349.0 24.4975103515625
350.0 27.91747958984375
351.0 24.01580458984375
352.0 26.24907685546875
353.0 23.37221982421875
354.0 27.52144140625
355.0 25.8740431640625
356.0 29.49327421875
357.0 26.50767919921875
358.0 26.25071708984375
359.0 25.45983427734375
360.0 17.5061716796875
361.0 32.0934470703125
362.0 27.16791865234375
363.0 24.99436650390625
364.0 25.22804599609375
365.0 26.40397529296875
366.0 27.2310068359375
367.0 25.1231095703125
368.0 25.23361669921875
369.0 21.2183638671875
370.0 22.838753515625
371.0 23.85714541015625
372.0 20.708596875
373.0 24.45590234375
374.0 19.86275546875
375.0 24.44638837890625
376.0 22.0523791015625
377.0 23.36579970703125
378.0 25.01843134765625
379.0 22.1707505859375
380.0 28.9936583984375
381.0 24.33116787109375
382.0 24.5141390625
383.0 26.5324087890625
384.0 25.287894140625
385.0 28.3897619140625
386.0 25.2932046875
387.0 26.79481640625
388.0 26.1440966796875
389.0 25.11126953125
390.0 23.2047951171875
391.0 23.430525
392.0 16.4967490234375
393.0 27.0344998046875
394.0 23.05139287109375
395.0 21.37228701171875
396.0 24.3164021484375
397.0 26.04445947265625
398.0 23.80331328125
399.0 24.65990615234375
400.0 26.61901376953125
401.0 28.04611328125
402.0 21.352446484375
403.0 22.1705076171875
404.0 28.0212017578125
405.0 22.3537099609375
406.0 28.712809765625
407.0 23.3579740234375
408.0 23.31149970703125
409.0 24.363396484375
410.0 23.1167404296875
411.0 25.56149931640625
412.0 23.528082421875
413.0 25.043638671875
414.0 22.3055599609375
415.0 24.4000501953125
416.0 22.64732734375
417.0 24.987546875
418.0 21.15755869140625
419.0 22.08418193359375
420.0 13.921935546875
421.0 28.67663486328125
422.0 25.231653515625
423.0 27.22119052734375
424.0 19.5238470703125
425.0 19.9363380859375
426.0 19.74757685546875
427.0 18.72107724609375
428.0 22.6985412109375
429.0 24.373241796875
430.0 18.9234056640625
431.0 29.874332421875
432.0 18.04926904296875
433.0 17.75957724609375
434.0 17.7269857421875
435.0 13.9203791015625
436.0 15.69289443359375
437.0 15.65905791015625
438.0 20.15285634765625
439.0 18.7345830078125
440.0 28.00052724609375
441.0 25.00971064453125
442.0 28.65468681640625
443.0 23.909381640625
444.0 20.26651826171875
445.0 11.01181474609375
446.0 20.627121875
447.0 25.22958876953125
448.0 25.29613837890625
449.0 21.535594140625
450.0 26.3775076171875
451.0 21.61686416015625
452.0 24.78894658203125
453.0 19.766715234375
454.0 25.16230888671875
455.0 30.6530361328125
456.0 25.35971484375
457.0 29.244073828125
458.0 18.43830595703125
459.0 34.85172568359375
460.0 25.82062802734375
461.0 25.86116630859375
462.0 25.35286474609375
463.0 21.84656328125
464.0 26.508909375
465.0 24.1612552734375
466.0 28.75766884765625
467.0 20.44499404296875
468.0 28.074303515625
469.0 24.66781865234375
470.0 24.19081796875
471.0 23.7438859375
472.0 27.4520455078125
473.0 24.458298046875
474.0 26.05351337890625
475.0 18.14706630859375
476.0 30.75919443359375
477.0 20.95070654296875
478.0 24.36375361328125
479.0 22.30951904296875
480.0 24.543972265625
481.0 21.7663236328125
482.0 23.407529296875
483.0 25.0950640625
484.0 25.6502982421875
485.0 20.9208484375
486.0 25.48779013671875
487.0 22.5227529296875
488.0 28.928773046875
489.0 23.978405859375
490.0 20.76575869140625
491.0 21.04243671875
492.0 25.61194970703125
493.0 21.9241734375
494.0 20.846073828125
495.0 22.1613392578125
496.0 14.1685513671875
497.0 8.2961927734375
498.0 16.4400251953125
499.0 16.59596103515625
500.0 13.14326064453125
501.0 12.54073447265625
502.0 4.42783818359375
503.0 2.20347109375
504.0 0.2080080078125
505.0 23.9112892578125
506.0 22.34747744140625
507.0 20.0525185546875
508.0 20.0280953125
509.0 20.95475322265625
510.0 20.604987890625
511.0 24.28992509765625
512.0 13.22706005859375
513.0 28.41487255859375
514.0 22.2367302734375
515.0 19.81635048828125
516.0 23.5864470703125
517.0 20.5958427734375
518.0 23.31536982421875
519.0 20.93303291015625
520.0 25.08990087890625
521.0 22.616998828125
522.0 21.05691484375
523.0 22.33248779296875
524.0 16.07180859375
525.0 9.65377236328125
526.0 8.24477998046875
527.0 10.98509716796875
528.0 11.83151123046875
529.0 11.48175400390625
530.0 17.73176474609375
531.0 17.9062654296875
532.0 17.6797744140625
533.0 19.10027021484375
534.0 19.41489130859375
535.0 18.94405751953125
536.0 21.71485615234375
537.0 17.3714189453125
538.0 20.145104296875
539.0 18.1160232421875
540.0 19.8425990234375
541.0 21.87162578125
542.0 19.9266853515625
543.0 22.24655078125
544.0 19.3182365234375
545.0 24.003153515625
546.0 25.153289453125
547.0 21.157040625
548.0 23.0537623046875
549.0 18.51987861328125
550.0 22.9951791015625
551.0 20.0514361328125
552.0 22.6148107421875
553.0 18.87341376953125
554.0 23.13461162109375
555.0 23.249111328125
556.0 26.72937783203125
557.0 21.5984125
558.0 24.59654462890625
559.0 24.81022158203125
560.0 21.87420556640625
561.0 25.5252408203125
562.0 22.77817041015625
563.0 24.1995044921875
564.0 20.5467724609375
565.0 24.62190087890625
566.0 22.35457060546875
567.0 24.15654853515625
568.0 20.19919658203125
569.0 24.94641083984375
570.0 22.65172978515625
571.0 22.64860966796875
572.0 22.46120517578125
573.0 24.85925908203125
574.0 22.129078125
575.0 25.11457646484375
576.0 25.272583984375
577.0 21.58134453125
578.0 25.40003994140625
579.0 22.32220419921875
580.0 26.12917099609375
581.0 22.285480078125
582.0 24.2569220703125
583.0 24.38904609375
584.0 13.760686328125
585.0 28.55679619140625
586.0 18.44893115234375
587.0 19.8002466796875
588.0 24.226823828125
589.0 21.88775341796875
590.0 24.5831216796875
591.0 19.7262865234375
592.0 24.64161845703125
593.0 22.17297060546875
594.0 15.00443125
595.0 26.69091884765625
596.0 21.81731015625
597.0 24.0543193359375
598.0 23.9764693359375
599.0 20.95488056640625
600.0 17.49956787109375
601.0 27.007425
602.0 24.78346142578125
603.0 23.9907890625
604.0 23.63149375
605.0 26.4862173828125
606.0 20.43550322265625
607.0 19.43589287109375
608.0 24.56503857421875
609.0 21.615399609375
610.0 22.40053330078125
611.0 25.482348828125
612.0 22.97091787109375
613.0 27.1947388671875
614.0 24.53063583984375
615.0 20.72288662109375
616.0 19.95705908203125
617.0 24.74011669921875
618.0 23.4585837890625
619.0 23.79702900390625
620.0 19.7643025390625
621.0 21.63231298828125
622.0 22.73424990234375
623.0 24.73548828125
624.0 24.68669287109375
625.0 27.0415822265625
626.0 24.39966318359375
627.0 25.77866279296875
628.0 24.63218818359375
629.0 24.47187958984375
630.0 16.35474697265625
631.0 20.619854296875
632.0 16.40408056640625
633.0 19.0128330078125
634.0 27.14524462890625
635.0 22.96996845703125
636.0 27.38319970703125
637.0 25.69334697265625
638.0 25.7771953125
639.0 27.51749345703125
640.0 25.840096484375
641.0 26.62921025390625
642.0 25.19269248046875
643.0 24.73576044921875
644.0 26.37505029296875
645.0 22.4199720703125
646.0 25.48474326171875
647.0 27.19957744140625
648.0 23.6218443359375
649.0 28.82388369140625
650.0 25.04355263671875
651.0 27.23591181640625
652.0 23.545407421875
653.0 28.1109390625
654.0 25.737693359375
655.0 29.06194677734375
656.0 26.47485859375
657.0 28.4544306640625
658.0 22.1563552734375
659.0 28.5309318359375
660.0 25.51152763671875
661.0 29.18675634765625
662.0 25.0697783203125
663.0 26.75315703125
664.0 23.13400517578125
665.0 26.3127302734375
666.0 27.36255546875
667.0 25.2712095703125
668.0 27.95902109375
669.0 22.7330279296875
670.0 25.60925185546875
671.0 26.34315263671875
672.0 28.067043359375
673.0 24.2838076171875
674.0 25.55434482421875
675.0 25.9435591796875
676.0 25.83371005859375
677.0 28.68163486328125
678.0 26.65387685546875
679.0 25.852452734375
680.0 24.13743125
681.0 23.24167802734375
682.0 22.93
683.0 14.3082724609375
684.0 32.4429546875
685.0 23.47503212890625
686.0 27.08665537109375
687.0 15.77369072265625
688.0 28.95138671875
689.0 30.54478583984375
690.0 25.72335458984375
691.0 27.37648046875
692.0 25.45253310546875
693.0 26.806021484375
694.0 23.99167861328125
695.0 23.7399796875
696.0 20.71617724609375
697.0 20.728741015625
698.0 23.561854296875
699.0 24.0991751953125
700.0 10.97514267578125
701.0 40.9584236328125
702.0 20.917546875
703.0 27.9196755859375
704.0 24.83137421875
705.0 26.2169015625
706.0 24.7289095703125
707.0 17.10200947265625
708.0 18.9739537109375
709.0 20.708208203125
710.0 23.97860439453125
711.0 25.8953087890625
712.0 25.32293837890625
713.0 28.22403837890625
714.0 27.811978515625
715.0 25.0698935546875
716.0 26.4684419921875
717.0 22.81587275390625
718.0 24.917920703125
719.0 22.09216806640625
720.0 23.92015126953125
721.0 21.4535787109375
722.0 26.11916376953125
723.0 23.3885162109375
724.0 25.5053822265625
725.0 25.74013623046875
726.0 28.19808046875
727.0 23.2438853515625
728.0 25.8222548828125
729.0 25.2258669921875
730.0 29.13351240234375
731.0 23.9529189453125
732.0 27.82087001953125
733.0 22.7148603515625
734.0 24.301846484375
735.0 21.9267779296875
736.0 25.5790681640625
737.0 23.184174609375
738.0 25.21850341796875
739.0 24.89109150390625
740.0 25.82751884765625
741.0 24.0773634765625
742.0 24.45252783203125
743.0 29.20622666015625
744.0 26.4526228515625
745.0 25.448345703125
746.0 27.28971259765625
747.0 25.2598466796875
748.0 29.07318896484375
749.0 26.18541640625
750.0 27.61778974609375
751.0 25.529096484375
752.0 29.10640966796875
753.0 22.84388759765625
754.0 25.8554392578125
755.0 24.54541806640625
756.0 28.87908095703125
757.0 25.868489453125
758.0 28.1796830078125
759.0 24.90858203125
760.0 25.16426484375
761.0 25.10469208984375
762.0 27.5558318359375
763.0 25.72147294921875
764.0 28.40813984375
765.0 26.23261142578125
766.0 30.6087197265625
767.0 20.4066068359375
768.0 32.17478525390625
769.0 25.45062080078125
770.0 26.28459453125
771.0 25.6565591796875
772.0 22.97115029296875
773.0 28.73450517578125
774.0 20.64107197265625
775.0 23.78662705078125
776.0 18.59725048828125
777.0 27.15881923828125
778.0 21.69786123046875
779.0 25.26297265625
780.0 28.38735078125
781.0 22.5656681640625
782.0 24.21539169921875
783.0 23.85767734375
784.0 18.19411943359375
785.0 33.09315224609375
786.0 17.48284501953125
787.0 25.793109375
788.0 25.764865625
789.0 28.03561650390625
790.0 24.362475
791.0 22.8476328125
792.0 23.02835283203125
793.0 25.50051826171875
794.0 25.36223349609375
795.0 27.55993359375
796.0 23.17286298828125
797.0 27.39564541015625
798.0 24.48780576171875
799.0 26.090770703125
