0.0 13.052711328125
1.0 13.56171875
2.0 10.44743837890625
3.0 11.5441396484375
4.0 12.254980078125
5.0 12.61212041015625
6.0 11.08027353515625
7.0 12.8903185546875
8.0 11.93927490234375
9.0 9.41070849609375
10.0 11.49208310546875
11.0 13.062146875
12.0 8.0290076171875
13.0 15.1357650390625
14.0 12.53602265625
15.0 12.91831025390625
16.0 10.4837654296875
17.0 12.4285431640625
18.0 12.4253232421875
19.0 11.18657724609375
20.0 12.40176650390625
21.0 11.39367763671875
22.0 4.5202328125
23.0 11.533756640625
24.0 4.6240279296875
25.0 15.067265234375
26.0 12.73395693359375
27.0 11.570683984375
28.0 3.18440361328125
29.0 7.58325126953125
30.0 13.137283984375
31.0 13.159826953125
32.0 11.831657421875
33.0 11.3276921875
34.0 11.2557587890625
35.0 12.99349130859375
36.0 12.81037333984375
37.0 11.396371484375
38.0 13.580925
39.0 11.60734599609375
40.0 13.13528818359375
41.0 12.72038388671875
42.0 13.58311513671875
43.0 12.406395703125
44.0 13.4935865234375
45.0 12.9904900390625
46.0 12.423434765625
47.0 12.9219349609375
48.0 12.5251583984375
49.0 13.556227734375
50.0 12.38730703125
51.0 12.59974169921875
52.0 12.5802267578125
53.0 11.76640029296875
54.0 11.33020986328125
55.0 11.5516427734375
56.0 12.6219470703125
57.0 13.63761826171875
58.0 14.61065537109375
59.0 14.81721796875
60.0 15.2596365234375
61.0 10.15054951171875
62.0 14.65940224609375
63.0 13.44019609375
64.0 1.4087328125
65.0 0.18018740234375
66.0 2.04172880859375
67.0 10.5410486328125
68.0 8.9046533203125
69.0 14.00265341796875
70.0 13.95539150390625
71.0 14.80788203125
72.0 12.5374578125
73.0 15.245976171875
74.0 17.78739599609375
75.0 14.615708203125
76.0 17.4051048828125
77.0 16.93867548828125
78.0 15.0030994140625
79.0 15.95450986328125
80.0 16.74292578125
81.0 16.14906025390625
82.0 14.7045708984375
83.0 14.4121779296875
84.0 15.93118857421875
85.0 12.0298345703125
86.0 15.16602529296875
87.0 14.253681640625
88.0 11.97916884765625
89.0 15.0378771484375
90.0 13.75975283203125
91.0 12.94930107421875
92.0 12.0804830078125
93.0 15.465398828125
94.0 15.08057626953125
95.0 14.747063671875
96.0 16.35108505859375
97.0 15.34146650390625
98.0 16.424023828125
99.0 16.14768857421875
100.0 17.713584765625
101.0 5.46269599609375
102.0 11.1363826171875
103.0 12.9857837890625
104.0 14.035399609375
105.0 12.14086708984375
106.0 12.9753578125
107.0 11.59712216796875
108.0 10.6336673828125
109.0 10.78273505859375
110.0 15.437509765625
111.0 13.5764498046875
112.0 11.202808203125
113.0 11.93069443359375
114.0 10.74719404296875
115.0 12.9125234375
116.0 12.76750244140625
117.0 11.47231064453125
118.0 9.73407294921875
119.0 14.09026181640625
120.0 12.09887314453125
121.0 12.6811826171875
122.0 7.74034765625
123.0 16.0908400390625
124.0 12.67662265625
125.0 18.04732578125
126.0 15.24795615234375
127.0 13.89398193359375
128.0 16.44683046875
129.0 16.1532599609375
130.0 17.00863203125
131.0 17.58282236328125
132.0 15.584162109375
133.0 13.22415908203125
134.0 17.69186669921875
135.0 14.4644111328125
136.0 13.624723828125
137.0 15.56351162109375
138.0 13.1531884765625
139.0 14.41454755859375
140.0 14.40166953125
141.0 14.9299814453125
142.0 10.50353173828125
143.0 14.73413427734375
144.0 15.36637626953125
145.0 13.06156328125
146.0 14.9317013671875
147.0 14.01914228515625
148.0 12.92597822265625
149.0 14.347940625
150.0 14.397327734375
151.0 13.15522041015625
152.0 13.860812109375
153.0 13.89515029296875
154.0 12.0184431640625
155.0 16.564461328125
156.0 16.49420654296875
157.0 15.6079138671875
158.0 14.2857369140625
159.0 16.05532841796875
160.0 17.36110400390625
161.0 11.195158203125
162.0 15.62890625
163.0 13.62087958984375
164.0 13.22069462890625
165.0 15.20278017578125
166.0 11.0636236328125
167.0 17.967815234375
168.0 15.14216357421875
169.0 12.35038291015625
170.0 10.533875
171.0 10.9788185546875
172.0 10.7822373046875
173.0 10.3355955078125
174.0 11.4371556640625
175.0 10.40556220703125
176.0 11.6246876953125
177.0 12.0470474609375
178.0 10.95292138671875
179.0 11.5873712890625
180.0 11.4179771484375
181.0 8.93607724609375
182.0 10.93522314453125
183.0 10.3710025390625
184.0 12.4123955078125
185.0 11.99608583984375
186.0 11.38618740234375
187.0 10.81187158203125
188.0 11.728825390625
189.0 11.974119921875
190.0 9.27680615234375
191.0 10.963294921875
192.0 8.93075029296875
193.0 11.84280615234375
194.0 11.559655859375
195.0 10.882856640625
196.0 10.68248642578125
197.0 12.27623505859375
198.0 11.846608203125
199.0 11.3126462890625
200.0 12.7885927734375
201.0 11.90919599609375
202.0 15.0338896484375
203.0 11.40178583984375
204.0 13.0858984375
205.0 12.629526953125
206.0 12.2138158203125
207.0 11.3766646484375
208.0 13.3483353515625
209.0 9.7730283203125
210.0 14.70474228515625
211.0 12.33818408203125
212.0 11.74651708984375
213.0 11.242597265625
214.0 12.7501509765625
215.0 13.62612080078125
216.0 16.17188125
217.0 15.3180724609375
218.0 11.27764638671875
219.0 12.93166787109375
220.0 12.09353583984375
221.0 14.29724384765625
222.0 8.4175091796875
223.0 20.37184296875
224.0 15.5036388671875
225.0 14.98450498046875
226.0 15.676721875
227.0 12.94592099609375
228.0 11.8300083984375
229.0 11.2731740234375
230.0 16.12995283203125
231.0 12.73418603515625
232.0 11.47701044921875
233.0 13.72442646484375
234.0 14.315878515625
235.0 12.062696875
236.0 14.1712470703125
237.0 11.81180576171875
238.0 12.24341572265625
239.0 15.2395005859375
240.0 15.93596552734375
241.0 16.150212109375
242.0 13.0706275390625
243.0 11.8737681640625
244.0 12.56298544921875
245.0 13.61392724609375
246.0 12.27512216796875
247.0 10.56634306640625
248.0 19.42733330078125
249.0 13.798071875
250.0 5.334698828125
251.0 5.844491015625
252.0 9.27444326171875
253.0 5.63012783203125
254.0 6.56378720703125
255.0 6.70751474609375
256.0 7.121853515625
257.0 7.14777568359375
258.0 9.8914947265625
259.0 13.48900078125
260.0 7.7429462890625
261.0 12.9276333984375
262.0 12.2505611328125
263.0 13.34950205078125
264.0 15.6133947265625
265.0 12.11297421875
266.0 13.22659326171875
267.0 14.08650029296875
268.0 15.04369052734375
269.0 14.40120810546875
270.0 15.1372662109375
271.0 17.457727734375
272.0 15.42352529296875
273.0 6.73341953125
274.0 23.9002791015625
275.0 15.2183064453125
276.0 11.3450318359375
277.0 11.53654853515625
278.0 5.953787890625
279.0 3.05434560546875
280.0 2.2641162109375
281.0 6.47949267578125
282.0 3.705089453125
283.0 3.27293388671875
284.0 2.3744146484375
285.0 3.37750166015625
286.0 3.14462626953125
287.0 16.591816015625
288.0 14.92841123046875
289.0 13.360415625
290.0 8.80973759765625
291.0 17.83212431640625
292.0 14.621383203125
293.0 14.65772998046875
294.0 12.90087890625
295.0 12.4727560546875
296.0 14.92259384765625
297.0 13.25388759765625
298.0 14.056860546875
299.0 16.8261841796875
300.0 15.6583564453125
301.0 13.56195556640625
302.0 16.5455294921875
303.0 13.751094921875
304.0 13.58981171875
305.0 14.2374923828125
306.0 13.7573822265625
307.0 14.21789794921875
308.0 14.57372705078125
309.0 14.679961328125
310.0 16.0765396484375
311.0 15.661306640625
312.0 13.090598828125
313.0 14.99738525390625
314.0 14.49963037109375
315.0 16.47244306640625
316.0 15.27634755859375
317.0 13.9219306640625
318.0 13.95935888671875
319.0 12.255417578125
320.0 13.512381640625
321.0 14.15509775390625
322.0 12.86890751953125
323.0 12.83928056640625
324.0 14.19597666015625
325.0 13.85333984375
326.0 12.47201953125
327.0 12.9494630859375
328.0 15.15625380859375
329.0 14.38484287109375
330.0 11.21571640625
331.0 11.70412734375
332.0 13.9593783203125
333.0 12.78655068359375
334.0 13.86956171875
335.0 15.4182775390625
336.0 14.48312353515625
337.0 13.1643779296875
338.0 13.10638671875
339.0 14.67903662109375
340.0 9.55063134765625
341.0 11.261961328125
342.0 11.6701578125
343.0 11.4041970703125
344.0 10.08151044921875
345.0 11.809296484375
346.0 13.5570150390625
347.0 12.538142578125
348.0 12.15000029296875
349.0 10.386265625
350.0 12.0440125
351.0 10.49962158203125
352.0 12.41265546875
353.0 11.655616796875
354.0 10.51633349609375
355.0 8.5181884765625
356.0 12.76030029296875
357.0 12.75116103515625
358.0 11.7467275390625
359.0 12.0717291015625
360.0 12.3515087890625
361.0 13.18154150390625
362.0 11.54597744140625
363.0 12.865840625
364.0 12.55221728515625
365.0 13.2646078125
366.0 12.37875537109375
367.0 13.683118359375
368.0 13.18777373046875
369.0 12.09903193359375
370.0 12.97614248046875
371.0 11.9410255859375
372.0 12.434753515625
373.0 13.24626787109375
374.0 13.63768125
375.0 12.881157421875
376.0 13.69312353515625
377.0 11.4272212890625
378.0 12.5349857421875
379.0 12.20913017578125
380.0 12.77464169921875
381.0 13.24791943359375
382.0 12.71355322265625
383.0 12.529203125
384.0 13.64181171875
385.0 10.32151015625
386.0 13.81932890625
387.0 11.5251705078125
388.0 14.60834990234375
389.0 16.05171689453125
390.0 16.33804384765625
391.0 16.65116064453125
392.0 13.19502197265625
393.0 17.2682201171875
394.0 15.1747560546875
395.0 12.12462587890625
396.0 12.00117158203125
397.0 8.56123837890625
398.0 9.84127294921875
399.0 10.84199609375
400.0 14.86321103515625
401.0 13.4009896484375
402.0 10.83220087890625
403.0 13.5090294921875
404.0 15.47442939453125
405.0 14.9483779296875
406.0 14.80013857421875
407.0 17.07264951171875
408.0 12.04605498046875
409.0 11.88396728515625
410.0 13.4960767578125
411.0 15.124615234375
412.0 17.088252734375
413.0 15.21222255859375
414.0 14.72765078125
415.0 11.59477294921875
416.0 17.396066796875
417.0 16.87617900390625
418.0 18.0801970703125
419.0 11.5907294921875
420.0 16.4390185546875
421.0 15.7199947265625
422.0 17.81044091796875
423.0 17.65754833984375
424.0 13.6165619140625
425.0 14.58558818359375
426.0 13.98245439453125
427.0 12.5742392578125
428.0 13.78455732421875
429.0 13.9431673828125
430.0 16.93507490234375
431.0 15.2932142578125
432.0 17.87043740234375
433.0 16.80706376953125
434.0 12.90926806640625
435.0 12.6557087890625
436.0 12.01269912109375
437.0 14.00095078125
438.0 17.82113251953125
439.0 14.32709931640625
440.0 15.92364697265625
441.0 12.88933583984375
442.0 13.45109267578125
443.0 11.73113720703125
444.0 12.87489375
445.0 12.95372529296875
446.0 13.20629140625
447.0 11.48313203125
448.0 12.8746671875
449.0 12.39107041015625
450.0 13.03148291015625
451.0 13.08464716796875
452.0 12.01165205078125
453.0 12.819865625
454.0 12.35871630859375
455.0 12.5471630859375
456.0 2.83599130859375
457.0 10.20244111328125
458.0 11.9204978515625
459.0 12.33057646484375
460.0 12.33188447265625
461.0 14.957761328125
462.0 13.72803125
463.0 12.11427314453125
464.0 14.8585818359375
465.0 14.00648974609375
466.0 13.713369140625
467.0 10.463991015625
468.0 5.181725
469.0 5.86413623046875
470.0 11.2802546875
471.0 12.7492373046875
472.0 12.5333552734375
473.0 12.82322734375
474.0 11.45259541015625
475.0 12.30554345703125
476.0 6.58658310546875
477.0 10.7947130859375
478.0 14.494186328125
479.0 13.5601619140625
480.0 14.5945298828125
481.0 15.6359158203125
482.0 15.0354408203125
483.0 16.64646572265625
484.0 15.8579046875
485.0 12.06876005859375
486.0 10.49021455078125
487.0 11.4842470703125
488.0 1.43256494140625
489.0 2.43824560546875
490.0 9.57616376953125
491.0 9.87995810546875
492.0 11.03233583984375
493.0 11.9434583984375
494.0 12.8265818359375
495.0 12.35188525390625
496.0 11.21273818359375
497.0 13.17746953125
498.0 12.88042509765625
499.0 12.8310162109375
500.0 9.706858984375
501.0 12.56824013671875
502.0 12.4888220703125
503.0 12.7733587890625
504.0 11.36354091796875
505.0 12.9550455078125
506.0 12.425826953125
507.0 11.775669140625
508.0 11.65235478515625
509.0 8.90198642578125
510.0 6.61983017578125
511.0 13.20649140625
512.0 11.17005458984375
513.0 13.688115234375
514.0 15.30414638671875
515.0 14.7852806640625
516.0 14.9066759765625
517.0 16.17439326171875
518.0 14.417259765625
519.0 13.29118310546875
520.0 13.625226171875
521.0 16.11402978515625
522.0 10.4620458984375
523.0 16.08614375
524.0 13.07144658203125
525.0 14.172941015625
526.0 15.79240400390625
527.0 17.438988671875
528.0 15.0600033203125
529.0 14.61709052734375
530.0 13.43019306640625
531.0 14.8192013671875
532.0 13.38849130859375
533.0 11.1994498046875
534.0 12.294062109375
535.0 8.7748974609375
536.0 15.99602685546875
537.0 8.7831626953125
538.0 10.9011380859375
539.0 12.09512666015625
540.0 15.345235546875
541.0 15.98014130859375
542.0 11.8229044921875
543.0 15.354405859375
544.0 13.0838115234375
545.0 12.15642021484375
546.0 12.83447861328125
547.0 8.75406005859375
548.0 9.3365654296875
549.0 11.78219560546875
550.0 11.1858728515625
551.0 12.95371181640625
552.0 8.9070076171875
553.0 15.441430078125
554.0 11.98510966796875
555.0 14.68152412109375
556.0 13.79810654296875
557.0 13.49665673828125
558.0 13.228443359375
559.0 12.29460849609375
560.0 13.9352134765625
561.0 13.6863748046875
562.0 13.3834505859375
563.0 13.43797158203125
564.0 13.8937462890625
565.0 12.74686318359375
566.0 12.3124146484375
567.0 13.244139453125
568.0 12.7954595703125
569.0 13.8469509765625
570.0 13.46917705078125
571.0 17.2521025390625
572.0 17.68375810546875
573.0 15.42050712890625
574.0 17.524484375
575.0 17.745309765625
576.0 0.0
577.0 0.0
578.0 32.637555859375
579.0 14.29997587890625
580.0 14.126282421875
581.0 15.1478376953125
582.0 14.89451640625
583.0 11.93410146484375
584.0 13.579331640625
585.0 13.65319912109375
586.0 11.905702734375
587.0 13.81440791015625
588.0 14.2249455078125
589.0 15.9713140625
590.0 11.9145947265625
591.0 13.8109470703125
592.0 13.1225244140625
593.0 9.51358828125
594.0 20.2959642578125
595.0 8.7649728515625
596.0 7.5716677734375
597.0 13.8085384765625
598.0 17.2294345703125
599.0 11.4573216796875
600.0 4.6444880859375
601.0 9.2471109375
602.0 13.1804505859375
603.0 10.42981201171875
604.0 16.0795681640625
605.0 16.64886708984375
606.0 4.47775380859375
607.0 5.1808134765625
608.0 13.457078515625
609.0 14.1570251953125
610.0 6.18345791015625
611.0 6.8840205078125
612.0 7.893640625
613.0 3.95635380859375
614.0 13.82651728515625
615.0 12.44862783203125
616.0 1.86505068359375
617.0 1.08056904296875
618.0 1.87189619140625
619.0 9.78716103515625
620.0 12.113685546875
621.0 8.7087583984375
622.0 11.45671123046875
623.0 7.65443095703125
624.0 12.462072265625
625.0 7.62525361328125
626.0 10.30091474609375
627.0 10.0730021484375
628.0 12.83591845703125
629.0 9.085287109375
630.0 13.42147041015625
631.0 3.46083369140625
632.0 11.5524970703125
633.0 14.347012890625
634.0 16.62405771484375
635.0 15.0996080078125
636.0 15.100601953125
637.0 10.3440802734375
638.0 18.21255361328125
639.0 12.34660654296875
640.0 15.00431064453125
641.0 14.81343193359375
642.0 16.64459345703125
643.0 10.71548427734375
644.0 12.78562041015625
645.0 14.10424990234375
646.0 16.02909912109375
647.0 14.67278447265625
648.0 15.710284375
649.0 13.09601650390625
650.0 14.82889326171875
651.0 16.160390234375
652.0 14.59029775390625
653.0 14.300660546875
654.0 13.03398212890625
655.0 12.9930994140625
656.0 13.08348115234375
657.0 15.0051533203125
658.0 11.243540234375
659.0 13.785698828125
660.0 19.2532244140625
661.0 16.9768685546875
662.0 14.92537802734375
663.0 17.80731162109375
664.0 10.67641708984375
665.0 17.27630107421875
666.0 21.44499150390625
667.0 15.458094140625
668.0 16.7604251953125
669.0 16.3055376953125
670.0 14.58088212890625
671.0 14.76722314453125
672.0 13.656484375
673.0 16.137149609375
674.0 12.08198486328125
675.0 11.64504296875
676.0 13.14774248046875
677.0 16.286410546875
678.0 9.53517685546875
679.0 15.910343359375
680.0 12.8136462890625
681.0 15.01483603515625
682.0 12.22428359375
683.0 14.968032421875
684.0 15.254569140625
685.0 15.6065544921875
686.0 13.970659375
687.0 5.59682783203125
688.0 22.10679794921875
689.0 16.1820578125
690.0 14.3762267578125
691.0 14.997950390625
692.0 13.94610546875
693.0 14.088809375
694.0 13.6456427734375
695.0 12.09333701171875
696.0 17.45118740234375
697.0 15.58735771484375
698.0 11.81395771484375
699.0 16.4629125
700.0 16.67347099609375
701.0 17.23585703125
702.0 15.540675390625
703.0 16.35698505859375
704.0 14.74831279296875
705.0 16.16733623046875
706.0 13.9928576171875
707.0 15.7709802734375
708.0 14.0509833984375
709.0 16.46258583984375
710.0 13.08401259765625
711.0 16.80622197265625
712.0 11.6234646484375
713.0 14.91025458984375
714.0 13.512378515625
715.0 15.1488373046875
716.0 7.627073046875
717.0 16.55479990234375
718.0 14.91609228515625
719.0 17.99493154296875
720.0 13.38601962890625
721.0 15.45045400390625
722.0 17.17641630859375
723.0 16.1794580078125
724.0 13.5743595703125
725.0 17.4707927734375
726.0 11.19715908203125
727.0 17.35208701171875
728.0 14.589194140625
729.0 13.19365048828125
730.0 11.33504990234375
731.0 12.61673017578125
732.0 11.398635546875
733.0 12.63861767578125
734.0 15.08992099609375
735.0 15.5744712890625
736.0 14.1790267578125
737.0 14.17452529296875
738.0 14.47595693359375
739.0 5.08245009765625
740.0 16.52477138671875
741.0 13.4409630859375
742.0 12.782664453125
743.0 15.89250517578125
744.0 11.5063296875
745.0 15.71467900390625
746.0 18.294405859375
747.0 16.82710537109375
748.0 14.78248828125
749.0 12.70788232421875
750.0 16.2206064453125
751.0 14.50681416015625
752.0 11.95481474609375
753.0 16.676776171875
754.0 17.46287353515625
755.0 15.8689466796875
756.0 18.55861337890625
757.0 17.9900064453125
758.0 13.65343427734375
759.0 16.090560546875
760.0 15.31547978515625
761.0 13.875321875
762.0 15.14653134765625
763.0 15.7423734375
764.0 11.7272458984375
765.0 13.90944140625
766.0 14.36791689453125
767.0 15.4043330078125
768.0 16.06626650390625
769.0 15.63335205078125
770.0 15.78443095703125
771.0 16.41275546875
772.0 16.0490921875
773.0 13.47498515625
774.0 13.0501375
775.0 11.45299462890625
776.0 10.50833623046875
777.0 10.31670947265625
778.0 12.867951953125
779.0 12.04914970703125
780.0 11.57868134765625
781.0 14.75986865234375
782.0 14.19670283203125
783.0 12.21866318359375
784.0 12.48550283203125
785.0 14.35551826171875
786.0 11.2901822265625
787.0 12.4090189453125
788.0 12.53243388671875
789.0 12.7216890625
790.0 11.1329984375
791.0 12.48134765625
792.0 12.51360400390625
793.0 9.59805244140625
794.0 13.23956591796875
795.0 11.41760859375
796.0 12.4848009765625
797.0 12.6443796875
798.0 12.99378076171875
799.0 11.21268349609375
