0.0 11.5320322265625
1.0 11.26327890625
2.0 10.9460435546875
3.0 12.6341078125
4.0 10.661766796875
5.0 10.5722392578125
6.0 8.9306466796875
7.0 11.64258740234375
8.0 4.64221630859375
9.0 8.6086673828125
10.0 12.93155634765625
11.0 11.39967177734375
12.0 9.59811279296875
13.0 9.65593662109375
14.0 7.84978115234375
15.0 6.79900771484375
16.0 7.31685791015625
17.0 6.6711705078125
18.0 8.6446138671875
19.0 9.34586318359375
20.0 8.91622216796875
21.0 6.32326494140625
22.0 7.43162373046875
23.0 8.01142353515625
24.0 8.71119423828125
25.0 6.53496669921875
26.0 9.57907373046875
27.0 8.49466435546875
28.0 5.34672314453125
29.0 4.0872052734375
30.0 9.842788671875
31.0 9.282384375
32.0 10.5468970703125
33.0 4.9571853515625
34.0 10.0056291015625
35.0 10.94904501953125
36.0 12.9003220703125
37.0 11.843414453125
38.0 9.4726220703125
39.0 13.10285576171875
40.0 9.90018984375
41.0 11.0722001953125
42.0 8.51973916015625
43.0 9.1435912109375
44.0 13.1788810546875
45.0 10.53279208984375
46.0 12.03461904296875
47.0 7.65722578125
48.0 9.61230166015625
49.0 10.7016896484375
50.0 5.87438916015625
51.0 6.80329697265625
52.0 5.96186494140625
53.0 5.6310025390625
54.0 5.9010546875
55.0 4.35699970703125
56.0 7.60381025390625
57.0 6.577464453125
58.0 11.73811708984375
59.0 6.98955498046875
60.0 6.36013779296875
61.0 7.5357560546875
62.0 8.13002294921875
63.0 7.64160419921875
64.0 9.57989365234375
65.0 8.1852052734375
66.0 11.45379052734375
67.0 7.94375625
68.0 7.78659970703125
69.0 5.668771484375
70.0 6.8930271484375
71.0 7.84491943359375
72.0 7.18943779296875
73.0 5.6731234375
74.0 4.96182158203125
75.0 5.45647841796875
76.0 4.58341533203125
77.0 5.677989453125
78.0 5.50178232421875
79.0 3.733478125
80.0 6.0220990234375
81.0 5.56988115234375
82.0 5.03574501953125
83.0 6.8741060546875
84.0 7.2823087890625
85.0 7.21605810546875
86.0 6.9693923828125
87.0 9.9744630859375
88.0 8.6814712890625
89.0 6.678719921875
90.0 5.05003935546875
91.0 6.405178515625
92.0 8.20789306640625
93.0 9.69667236328125
94.0 7.2743609375
95.0 9.5280078125
96.0 6.77299873046875
97.0 6.3910662109375
98.0 7.4053517578125
99.0 6.89956611328125
100.0 6.83987197265625
101.0 5.89139326171875
102.0 6.686934765625
103.0 8.09463701171875
104.0 9.88742333984375
105.0 9.2671029296875
106.0 8.46625615234375
107.0 7.661940625
108.0 6.705219921875
109.0 7.28919326171875
110.0 9.290690234375
111.0 8.605483984375
112.0 8.10012509765625
113.0 8.731911328125
114.0 7.06659892578125
115.0 4.119709375
116.0 4.902405859375
117.0 6.30464833984375
118.0 7.0883419921875
119.0 4.999489453125
120.0 6.48457080078125
121.0 9.23864111328125
122.0 8.81301884765625
123.0 7.85765322265625
124.0 9.654933984375
125.0 9.7205205078125
126.0 8.7722357421875
127.0 10.70531962890625
128.0 8.98270888671875
129.0 11.0374474609375
130.0 9.885682421875
131.0 9.9478822265625
132.0 9.73958779296875
133.0 8.8312828125
134.0 11.43486181640625
135.0 10.934859765625
136.0 6.09097470703125
137.0 8.71263720703125
138.0 9.14891982421875
139.0 9.5633439453125
140.0 11.370064453125
141.0 10.38758828125
142.0 11.53842041015625
143.0 10.2416796875
144.0 10.70994013671875
145.0 6.135519140625
146.0 6.18750986328125
147.0 9.6118369140625
148.0 4.61763349609375
149.0 10.39556484375
150.0 5.32488447265625
151.0 11.21610244140625
152.0 12.48533388671875
153.0 12.462555078125
154.0 10.5418515625
155.0 11.79191669921875
156.0 10.5302478515625
157.0 8.95488671875
158.0 8.1890671875
159.0 8.70642900390625
160.0 9.4739736328125
161.0 7.40363994140625
162.0 7.40885751953125
163.0 7.79627548828125
164.0 7.36592412109375
165.0 8.9181236328125
166.0 8.284392578125
167.0 9.04414951171875
168.0 10.9857515625
169.0 11.45962841796875
170.0 8.1781986328125
171.0 4.33471787109375
172.0 14.62929423828125
173.0 6.857842578125
174.0 8.746273046875
175.0 10.61736826171875
176.0 9.4065751953125
177.0 8.598548828125
178.0 8.196990234375
179.0 11.9342556640625
180.0 10.964180078125
181.0 11.31394345703125
182.0 7.76348828125
183.0 10.83292373046875
184.0 10.7517794921875
185.0 9.654311328125
186.0 8.7180802734375
187.0 5.92380927734375
188.0 1.9207244140625
189.0 2.2433248046875
190.0 2.009012890625
191.0 4.59105986328125
192.0 5.14648623046875
193.0 5.61581845703125
194.0 4.59419189453125
195.0 0.07726982421875
196.0 9.90470478515625
197.0 9.866071484375
198.0 9.80200068359375
199.0 6.28889736328125
200.0 12.69825234375
201.0 11.57008076171875
202.0 8.22699072265625
203.0 16.299598046875
204.0 14.29148193359375
205.0 15.548478515625
206.0 18.39495
207.0 14.12852080078125
208.0 10.1096865234375
209.0 15.08660810546875
210.0 2.74588056640625
211.0 3.34715986328125
212.0 4.12008896484375
213.0 11.8256740234375
214.0 12.7531787109375
215.0 13.21771865234375
216.0 13.39437197265625
217.0 10.265428125
218.0 10.5502880859375
219.0 7.89127275390625
220.0 15.62684189453125
221.0 14.14663818359375
222.0 3.73055751953125
223.0 3.99024482421875
224.0 3.834070703125
225.0 11.3821951171875
226.0 10.351880078125
227.0 9.5380765625
228.0 8.54123984375
229.0 8.5710337890625
230.0 17.75915732421875
231.0 8.2527994140625
232.0 10.79290009765625
233.0 17.72907470703125
234.0 12.4020978515625
235.0 8.64245595703125
236.0 8.09205830078125
237.0 9.63081435546875
238.0 7.82026455078125
239.0 1.7766916015625
240.0 1.6881373046875
241.0 0.78361103515625
242.0 0.523140234375
243.0 2.8812046875
244.0 2.49140966796875
245.0 5.2389849609375
246.0 6.9678087890625
247.0 2.848578125
248.0 4.98765791015625
249.0 5.60523583984375
250.0 4.037621875
251.0 1.53468330078125
252.0 2.440244921875
253.0 2.27215859375
254.0 6.09860869140625
255.0 3.84487109375
256.0 2.22473759765625
257.0 4.154999609375
258.0 3.04774736328125
259.0 2.685490625
260.0 6.269480078125
261.0 6.26284521484375
262.0 2.8817154296875
263.0 5.8807275390625
264.0 5.03956494140625
265.0 5.25088720703125
266.0 4.65421328125
267.0 4.39542744140625
268.0 6.2831783203125
269.0 4.34770166015625
270.0 6.811565625
271.0 6.8204984375
272.0 1.8532080078125
273.0 4.07261181640625
274.0 7.7758609375
275.0 5.241205859375
276.0 6.0451662109375
277.0 8.9192119140625
278.0 7.70533271484375
279.0 6.05429619140625
280.0 3.38288173828125
281.0 5.31246328125
282.0 4.89557666015625
283.0 1.29767353515625
284.0 3.02248994140625
285.0 4.3604447265625
286.0 3.29496962890625
287.0 3.08201416015625
288.0 4.0818505859375
289.0 8.074583984375
290.0 4.2269787109375
291.0 4.66326552734375
292.0 0.2451685546875
293.0 0.0103302734375
294.0 0.896819921875
295.0 2.60884853515625
296.0 0.145851171875
297.0 1.14053759765625
298.0 5.66926416015625
299.0 6.53818212890625
300.0 5.5863423828125
301.0 6.20062548828125
302.0 3.47566669921875
303.0 4.85764619140625
304.0 3.70725830078125
305.0 4.06805888671875
306.0 4.57325498046875
307.0 4.33945888671875
308.0 3.96893544921875
309.0 4.46117490234375
310.0 2.61242998046875
311.0 2.45525947265625
312.0 0.6842833984375
313.0 6.8170919921875
314.0 2.7029732421875
315.0 4.73288984375
316.0 6.14113193359375
317.0 0.5458390625
318.0 1.1220677734375
319.0 3.368845703125
320.0 3.92944619140625
321.0 0.3987853515625
322.0 0.13534541015625
323.0 3.2463609375
324.0 1.89917578125
325.0 0.84431630859375
326.0 3.0841068359375
327.0 2.574187890625
328.0 2.36109921875
329.0 0.0413208984375
330.0 3.92025546875
331.0 4.09850224609375
332.0 4.1399794921875
333.0 4.1745724609375
334.0 1.5724103515625
335.0 2.11136728515625
336.0 5.2035775390625
337.0 1.58241396484375
338.0 3.35239072265625
339.0 5.30647646484375
340.0 5.345298828125
341.0 2.9516138671875
342.0 3.77147880859375
343.0 3.49365185546875
344.0 2.50305712890625
345.0 3.43502578125
346.0 4.797470703125
347.0 4.09876435546875
348.0 4.68583642578125
349.0 4.18317763671875
350.0 3.59832568359375
351.0 4.9301537109375
352.0 2.605484765625
353.0 2.8799359375
354.0 3.38406865234375
355.0 3.20672763671875
356.0 4.6136482421875
357.0 3.98087861328125
358.0 3.32694052734375
359.0 3.9078177734375
360.0 4.51102470703125
361.0 2.495784765625
362.0 4.5752671875
363.0 2.3752546875
364.0 4.9285666015625
365.0 6.53361953125
366.0 5.16002919921875
367.0 4.12489443359375
368.0 3.67422685546875
369.0 4.5377353515625
370.0 6.0603916015625
371.0 6.88712958984375
372.0 4.650230078125
373.0 1.69866533203125
374.0 3.17913818359375
375.0 3.87853857421875
376.0 5.9331517578125
377.0 6.009359765625
378.0 0.554636328125
379.0 1.1794814453125
380.0 3.043436328125
381.0 3.71454873046875
382.0 3.3635509765625
383.0 1.90320654296875
384.0 1.9027076171875
385.0 0.9421791015625
386.0 1.1898787109375
387.0 6.02909443359375
388.0 2.72736533203125
389.0 4.660974609375
390.0 2.61345380859375
391.0 7.4241134765625
392.0 3.75491494140625
393.0 6.1149849609375
394.0 1.6352013671875
395.0 6.307565234375
396.0 0.035914453125
397.0 1.2567896484375
398.0 6.74005888671875
399.0 3.1026859375
400.0 3.34737822265625
401.0 3.0844953125
402.0 2.17416298828125
403.0 3.81063369140625
404.0 4.1040365234375
405.0 2.2323787109375
406.0 2.41004482421875
407.0 4.26019091796875
408.0 3.97834296875
409.0 2.7338173828125
410.0 2.6966400390625
411.0 3.04147607421875
412.0 4.87265517578125
413.0 3.23992880859375
414.0 4.26264462890625
415.0 1.93099560546875
416.0 3.055508203125
417.0 3.93224873046875
418.0 2.90636025390625
419.0 4.124394140625
420.0 6.60030908203125
421.0 3.285924609375
422.0 5.40209775390625
423.0 2.14442509765625
424.0 2.0685673828125
425.0 2.03100859375
426.0 4.52515712890625
427.0 4.78756435546875
428.0 5.54249013671875
429.0 4.25562568359375
430.0 2.5522255859375
431.0 2.072724609375
432.0 2.557439453125
433.0 3.20206806640625
434.0 2.08990947265625
435.0 3.42388271484375
436.0 1.032416015625
437.0 3.80435068359375
438.0 1.49203603515625
439.0 2.3015748046875
440.0 2.094418359375
441.0 3.8752974609375
442.0 4.70468779296875
443.0 6.02410419921875
444.0 3.88275556640625
445.0 4.55640029296875
446.0 2.693803125
447.0 7.3854830078125
448.0 5.688803125
449.0 4.16330654296875
450.0 3.663894140625
451.0 4.05407119140625
452.0 1.02367451171875
453.0 1.1714630859375
454.0 1.242836328125
455.0 1.08522021484375
456.0 1.28585810546875
457.0 4.95468330078125
458.0 6.567949609375
459.0 4.38866640625
460.0 4.08375048828125
461.0 4.07789140625
462.0 2.02202919921875
463.0 2.07230224609375
464.0 1.02835498046875
465.0 1.4459908203125
466.0 2.412454296875
467.0 3.505716015625
468.0 3.51626005859375
469.0 1.904892578125
470.0 5.52668740234375
471.0 0.937298046875
472.0 5.9205833984375
473.0 5.1686884765625
474.0 4.64922861328125
475.0 4.83529775390625
476.0 5.73175478515625
477.0 5.05768154296875
478.0 5.3157841796875
479.0 4.28521171875
480.0 5.4416875
481.0 5.2852869140625
482.0 6.3028095703125
483.0 3.2584779296875
484.0 4.943803125
485.0 5.01042978515625
486.0 3.23477568359375
487.0 8.39116162109375
488.0 3.07519267578125
489.0 4.6127955078125
490.0 5.89700458984375
491.0 3.9573890625
492.0 4.2139822265625
493.0 2.8440162109375
494.0 4.3175189453125
495.0 4.75011015625
496.0 3.41394658203125
497.0 3.12678291015625
498.0 2.533756640625
499.0 4.2650205078125
500.0 4.4490919921875
501.0 3.1092306640625
502.0 4.872631640625
503.0 2.222812109375
504.0 3.1464171875
505.0 4.84036220703125
506.0 2.496966796875
507.0 4.11557666015625
508.0 2.98376484375
509.0 4.06144130859375
510.0 2.72964130859375
511.0 2.67655029296875
512.0 2.7037837890625
513.0 3.70470283203125
514.0 3.297009765625
515.0 2.79236298828125
516.0 1.60419541015625
517.0 3.05917158203125
518.0 3.9502517578125
519.0 3.99801416015625
520.0 3.53785048828125
521.0 2.7719708984375
522.0 4.6321513671875
523.0 5.11056328125
524.0 3.622695703125
525.0 4.55584345703125
526.0 3.31097646484375
527.0 4.5307302734375
528.0 3.582581640625
529.0 1.4344537109375
530.0 1.0569060546875
531.0 1.522426171875
532.0 1.62091630859375
533.0 8.07763408203125
534.0 7.41106484375
535.0 4.9403552734375
536.0 7.390668359375
537.0 8.623249609375
538.0 5.70395361328125
539.0 7.81994609375
540.0 6.551522265625
541.0 0.8354876953125
542.0 2.15106962890625
543.0 3.96425625
544.0 3.3741078125
545.0 7.4392259765625
546.0 2.82208017578125
547.0 8.58829755859375
548.0 2.3460896484375
549.0 0.4726134765625
550.0 0.8853806640625
551.0 5.35797880859375
552.0 3.8701091796875
553.0 4.7753826171875
554.0 1.463921484375
555.0 3.1409720703125
556.0 1.9449119140625
557.0 1.62115966796875
558.0 2.4973197265625
559.0 1.372800390625
560.0 2.61017001953125
561.0 3.360868359375
562.0 1.97300693359375
563.0 1.12478642578125
564.0 3.23480224609375
565.0 0.4482345703125
566.0 4.839424609375
567.0 2.6492671875
568.0 2.568434765625
569.0 2.753750390625
570.0 2.3256697265625
571.0 3.93942138671875
572.0 1.81817021484375
573.0 0.94857880859375
574.0 0.6543841796875
575.0 0.533209765625
576.0 1.080644921875
577.0 1.310371875
578.0 0.3221419921875
579.0 1.2619509765625
580.0 0.95628037109375
581.0 2.72801943359375
582.0 0.544266015625
583.0 0.593734765625
584.0 0.8597873046875
585.0 0.4374638671875
586.0 0.559006640625
587.0 0.11001259765625
588.0 0.45803818359375
589.0 3.40348740234375
590.0 5.699165625
591.0 5.292171484375
592.0 5.1789470703125
593.0 7.6481015625
594.0 8.57772607421875
595.0 9.94666494140625
596.0 9.56405908203125
597.0 5.2331986328125
598.0 4.45886474609375
599.0 7.85815986328125
600.0 9.690306640625
601.0 8.2566130859375
602.0 8.612971875
603.0 5.00963623046875
604.0 3.8886408203125
605.0 2.563246484375
606.0 3.20821083984375
607.0 1.7108029296875
608.0 4.19842568359375
609.0 0.7917009765625
610.0 3.07930380859375
611.0 4.49001083984375
612.0 2.210194921875
613.0 4.23243359375
614.0 5.32833359375
615.0 3.006271484375
616.0 1.51175380859375
617.0 2.4749447265625
618.0 0.97433271484375
619.0 0.34789072265625
620.0 1.5707484375
621.0 10.5034236328125
622.0 10.12020126953125
623.0 10.7494994140625
624.0 8.6383921875
625.0 10.38137646484375
626.0 8.47825712890625
627.0 3.3329537109375
628.0 7.84793701171875
629.0 1.78975244140625
630.0 0.788195703125
631.0 0.31271357421875
632.0 3.028821875
633.0 8.87955302734375
634.0 3.70707275390625
635.0 6.99792783203125
636.0 1.76996328125
637.0 0.06215673828125
638.0 0.1455001953125
639.0 1.391701171875
640.0 4.01851064453125
641.0 2.3453783203125
642.0 0.90932685546875
643.0 0.8207703125
644.0 0.83887451171875
645.0 2.03536171875
646.0 4.43745498046875
647.0 6.09738115234375
648.0 8.95739052734375
649.0 8.68735263671875
650.0 8.0266255859375
651.0 10.479679296875
652.0 6.65538828125
653.0 9.26879931640625
654.0 6.70558486328125
655.0 4.2944265625
656.0 0.626924609375
657.0 1.292144921875
658.0 4.6683646484375
659.0 5.52358603515625
660.0 1.86598974609375
661.0 2.16075263671875
662.0 13.02507685546875
663.0 7.261736328125
664.0 11.925754296875
665.0 6.14644482421875
666.0 3.50706884765625
667.0 2.13557060546875
668.0 8.76738056640625
669.0 6.55755576171875
670.0 2.61654736328125
671.0 1.33886767578125
672.0 9.81802158203125
673.0 3.2776974609375
674.0 4.69313505859375
675.0 4.582703125
676.0 4.43331767578125
677.0 3.97796787109375
678.0 7.56426181640625
679.0 7.30277861328125
680.0 7.9462865234375
681.0 7.03966767578125
682.0 7.49921064453125
683.0 6.529796484375
684.0 6.34684345703125
685.0 5.82214228515625
686.0 6.5924234375
687.0 5.11242783203125
688.0 6.199159375
689.0 5.6233173828125
690.0 5.92940986328125
691.0 4.6630076171875
692.0 4.95560615234375
693.0 5.7343337890625
694.0 4.05968359375
695.0 11.45595400390625
696.0 12.92535751953125
697.0 15.6259630859375
698.0 17.81485078125
699.0 19.94616494140625
700.0 17.7044548828125
701.0 16.9824408203125
702.0 12.232982421875
703.0 10.4901560546875
704.0 11.3913986328125
705.0 15.25101650390625
706.0 13.516428515625
707.0 19.2774119140625
708.0 16.56483466796875
709.0 14.25706953125
710.0 14.8000876953125
711.0 15.0948875
712.0 13.59509921875
713.0 13.05853349609375
714.0 13.1434140625
715.0 16.2751904296875
716.0 15.40285087890625
717.0 12.9707109375
718.0 15.70279267578125
719.0 17.6832662109375
720.0 13.84575380859375
721.0 10.62724658203125
722.0 10.05158701171875
723.0 11.147326171875
724.0 13.839147265625
725.0 12.69832197265625
726.0 13.086728515625
727.0 11.6661666015625
728.0 9.4112412109375
729.0 8.3107341796875
730.0 5.7745888671875
731.0 5.6504380859375
732.0 2.65762509765625
733.0 4.57435361328125
734.0 5.94855107421875
735.0 6.33399443359375
736.0 1.53113173828125
737.0 4.712721484375
738.0 3.9896662109375
739.0 7.09808544921875
740.0 8.02773232421875
741.0 6.2473525390625
742.0 5.67374296875
743.0 4.4114072265625
744.0 8.82944775390625
745.0 7.33726181640625
746.0 7.90015751953125
747.0 6.8819275390625
748.0 4.444165234375
749.0 0.5145998046875
750.0 9.13238056640625
751.0 8.0708201171875
752.0 10.72158408203125
753.0 10.118819921875
754.0 11.611441796875
755.0 7.4649384765625
756.0 5.8423341796875
757.0 3.9843958984375
758.0 3.09060771484375
759.0 10.26726318359375
760.0 9.5205517578125
761.0 9.4724572265625
762.0 12.53101845703125
763.0 12.55335341796875
764.0 11.278771484375
765.0 6.9213171875
766.0 4.6383
767.0 6.97741474609375
768.0 5.74002880859375
769.0 4.68895302734375
770.0 3.533630859375
771.0 3.03217626953125
772.0 4.2791228515625
773.0 3.04080810546875
774.0 0.02066044921875
775.0 2.54026953125
776.0 2.76814140625
777.0 4.61889423828125
778.0 3.90925859375
779.0 4.33351015625
780.0 4.46599873046875
781.0 4.034748046875
782.0 3.8325759765625
783.0 3.80781015625
784.0 5.99132197265625
785.0 2.7693796875
786.0 3.5496541015625
787.0 4.86125947265625
788.0 5.40593583984375
789.0 5.22712001953125
790.0 5.7424087890625
791.0 6.1559068359375
792.0 5.54753876953125
793.0 5.08753203125
794.0 5.0801134765625
795.0 4.70367138671875
796.0 6.488618359375
797.0 6.00331884765625
798.0 6.6580783203125
799.0 5.60275244140625
