0.0 17.92901572265625
1.0 47.8649248046875
2.0 32.1776255859375
3.0 36.02188916015625
4.0 19.8791794921875
5.0 39.9847810546875
6.0 42.51668076171875
7.0 39.87318076171875
8.0 41.98546396484375
9.0 41.536542578125
10.0 28.72000546875
11.0 31.6527994140625
12.0 34.72068955078125
13.0 39.44474658203125
14.0 35.8349197265625
15.0 36.03793974609375
16.0 37.26890302734375
17.0 40.184171875
18.0 39.54810693359375
19.0 37.45304853515625
20.0 42.85917158203125
21.0 37.14957216796875
22.0 37.375330859375
23.0 41.28853125
24.0 38.10247744140625
25.0 37.0304
26.0 41.4262158203125
27.0 44.92599375
28.0 42.32863193359375
29.0 43.28137255859375
30.0 34.52738095703125
31.0 42.33382451171875
32.0 45.239324609375
33.0 44.26181484375
34.0 38.13027333984375
35.0 44.26656494140625
36.0 39.4206466796875
37.0 26.9172853515625
38.0 49.26944853515625
39.0 37.454043359375
40.0 30.38399404296875
41.0 43.2389271484375
42.0 42.8643517578125
43.0 31.18039345703125
44.0 19.49687841796875
45.0 46.0341142578125
46.0 27.62240458984375
47.0 46.34248291015625
48.0 43.3302302734375
49.0 33.904190625
50.0 51.390494921875
51.0 43.36876962890625
52.0 42.61473486328125
53.0 43.98682626953125
54.0 49.35417109375
55.0 40.07767119140625
56.0 44.8810048828125
57.0 44.81318857421875
58.0 44.184037890625
59.0 32.17129462890625
60.0 49.0838240234375
61.0 46.1272033203125
62.0 45.62217822265625
63.0 42.60247470703125
64.0 48.4415861328125
65.0 23.8675974609375
66.0 58.08579326171875
67.0 48.63902890625
68.0 48.32578330078125
69.0 48.63220419921875
70.0 41.2640001953125
71.0 25.63239248046875
72.0 58.9772916015625
73.0 47.37456015625
74.0 49.87639541015625
75.0 42.48391953125
76.0 41.9804455078125
77.0 53.44141552734375
78.0 45.97512099609375
79.0 47.5065966796875
80.0 29.51808037109375
81.0 45.4266404296875
82.0 45.5642830078125
83.0 47.31230625
84.0 37.00064599609375
85.0 45.26146357421875
86.0 45.57660537109375
87.0 41.7473486328125
88.0 48.9314603515625
89.0 48.52319462890625
90.0 28.01197421875
91.0 42.19349482421875
92.0 41.6201875
93.0 43.0577197265625
94.0 34.96679736328125
95.0 28.6757212890625
96.0 47.4444189453125
97.0 32.36627294921875
98.0 48.6787302734375
99.0 54.9512765625
100.0 46.9959740234375
101.0 35.46127880859375
102.0 35.89068916015625
103.0 8.89310068359375
104.0 10.31012353515625
105.0 11.1396603515625
106.0 5.38123525390625
107.0 37.34634033203125
108.0 37.8398966796875
109.0 34.9449212890625
110.0 39.52533251953125
111.0 26.05704423828125
112.0 45.78837607421875
113.0 47.65578544921875
114.0 33.82542509765625
115.0 45.922875390625
116.0 36.7723095703125
117.0 37.59541279296875
118.0 36.30485986328125
119.0 43.8267158203125
120.0 35.4353794921875
121.0 34.3117458984375
122.0 9.264369140625
123.0 9.25420107421875
124.0 29.4889859375
125.0 30.60956083984375
126.0 32.52676064453125
127.0 40.5252505859375
128.0 27.94360693359375
129.0 50.1401353515625
130.0 50.98963466796875
131.0 40.8644212890625
132.0 36.79966220703125
133.0 43.63764560546875
134.0 46.44642919921875
135.0 40.42006953125
136.0 38.2668376953125
137.0 30.22161435546875
138.0 45.1805294921875
139.0 42.746748046875
140.0 28.30844384765625
141.0 53.84290654296875
142.0 38.470769140625
143.0 40.52940244140625
144.0 38.8824482421875
145.0 46.90141552734375
146.0 39.1815568359375
147.0 24.27957509765625
148.0 61.071705859375
149.0 28.10598271484375
150.0 45.365003125
151.0 31.24840908203125
152.0 47.1925359375
153.0 31.18240751953125
154.0 34.29715654296875
155.0 40.5537716796875
156.0 32.713554296875
157.0 35.8899611328125
158.0 39.36553076171875
159.0 35.57180419921875
160.0 28.9619865234375
161.0 6.4759640625
162.0 33.44409853515625
163.0 44.3918796875
164.0 34.39568896484375
165.0 40.43580625
166.0 41.73236630859375
167.0 42.115112890625
168.0 35.10393603515625
169.0 35.78591318359375
170.0 37.79286396484375
171.0 39.84198193359375
172.0 38.29638720703125
173.0 38.525074609375
174.0 32.963711328125
175.0 30.90468037109375
176.0 0.29910166015625
177.0 17.4442873046875
178.0 36.10100712890625
179.0 30.04580810546875
180.0 44.0600275390625
181.0 24.4736408203125
182.0 34.71697060546875
183.0 20.495148046875
184.0 40.1750638671875
185.0 16.634790234375
186.0 39.1732578125
187.0 21.0472544921875
188.0 29.629291015625
189.0 31.12358359375
190.0 37.39950302734375
191.0 38.49958154296875
192.0 31.5838638671875
193.0 43.309759765625
194.0 25.039229296875
195.0 41.0183173828125
196.0 39.67160859375
197.0 37.8596259765625
198.0 37.35097080078125
199.0 38.69852314453125
200.0 38.35933310546875
201.0 40.64778828125
202.0 36.18003984375
203.0 32.8512697265625
204.0 43.6834107421875
205.0 32.941484765625
206.0 37.84247421875
207.0 36.379837109375
208.0 33.71421962890625
209.0 32.67881201171875
210.0 32.747014453125
211.0 44.12639189453125
212.0 41.4600525390625
213.0 34.882056640625
214.0 40.51454365234375
215.0 31.20546943359375
216.0 44.07543701171875
217.0 37.585006640625
218.0 28.60313291015625
219.0 30.19247138671875
220.0 37.152358203125
221.0 29.5897208984375
222.0 25.825262890625
223.0 23.83779990234375
224.0 27.0088212890625
225.0 38.4368880859375
226.0 27.753505078125
227.0 33.7155833984375
228.0 31.52419267578125
229.0 30.07232392578125
230.0 42.733772265625
231.0 36.610809375
232.0 50.56646513671875
233.0 41.78951474609375
234.0 48.73665146484375
235.0 39.3195162109375
236.0 49.77726337890625
237.0 39.3401513671875
238.0 37.52001220703125
239.0 34.06121875
240.0 46.473247265625
241.0 34.37460732421875
242.0 42.79785
243.0 41.14442294921875
244.0 41.387750390625
245.0 33.68827783203125
246.0 48.51935849609375
247.0 22.929657421875
248.0 48.5429734375
249.0 41.39447998046875
250.0 43.32189912109375
251.0 43.7776798828125
252.0 41.330565625
253.0 41.54305751953125
254.0 46.38595341796875
255.0 33.89737490234375
256.0 38.35896630859375
257.0 42.783735546875
258.0 39.47573525390625
259.0 35.59458271484375
260.0 31.72100888671875
261.0 36.6344548828125
262.0 29.72191416015625
263.0 38.85794716796875
264.0 38.94131376953125
265.0 28.31112216796875
266.0 43.89875009765625
267.0 29.51108828125
268.0 49.46651708984375
269.0 30.0162013671875
270.0 37.86183291015625
271.0 36.35454658203125
272.0 43.2310669921875
273.0 37.6638587890625
274.0 42.458391015625
275.0 34.23293076171875
276.0 34.46744892578125
277.0 38.3841609375
278.0 31.851440234375
279.0 42.1495376953125
280.0 47.4591583984375
281.0 47.58922841796875
282.0 27.89783193359375
283.0 42.998605078125
284.0 30.1651591796875
285.0 17.74359560546875
286.0 41.945544921875
287.0 44.41099375
288.0 33.0830478515625
289.0 35.03251748046875
290.0 43.91245927734375
291.0 33.61090029296875
292.0 31.69723740234375
293.0 31.43580419921875
294.0 30.34424833984375
295.0 35.41399609375
296.0 47.88502255859375
297.0 33.73912109375
298.0 36.3348794921875
299.0 29.38241162109375
300.0 40.29814287109375
301.0 37.93111357421875
302.0 36.0399310546875
303.0 45.92166162109375
304.0 43.10323896484375
305.0 43.50821806640625
306.0 41.63499013671875
307.0 48.73083486328125
308.0 26.6667033203125
309.0 37.1300833984375
310.0 39.52833798828125
311.0 40.2041150390625
312.0 41.7447626953125
313.0 27.85951904296875
314.0 42.05764150390625
315.0 41.06963466796875
316.0 39.7699341796875
317.0 28.30360234375
318.0 29.99685302734375
319.0 31.77172705078125
320.0 34.8659466796875
321.0 34.02255810546875
322.0 47.33717626953125
323.0 36.531976953125
324.0 38.0965876953125
325.0 33.04945576171875
326.0 46.27011435546875
327.0 40.144158203125
328.0 39.1373103515625
329.0 27.39231806640625
330.0 35.56535107421875
331.0 47.2800587890625
332.0 39.6574876953125
333.0 34.4724662109375
334.0 31.0068681640625
335.0 29.92471806640625
336.0 39.0611201171875
337.0 35.26757216796875
338.0 40.51627587890625
339.0 27.89830185546875
340.0 30.0516681640625
341.0 39.2968568359375
342.0 37.18960185546875
343.0 31.7171828125
344.0 24.30166240234375
345.0 40.96068134765625
346.0 33.17173818359375
347.0 32.76727802734375
348.0 41.452761328125
349.0 37.30314677734375
350.0 37.06640908203125
351.0 38.9686974609375
352.0 27.62991806640625
353.0 39.5521212890625
354.0 26.1443912109375
355.0 48.62077890625
356.0 39.85407744140625
357.0 44.98117333984375
358.0 35.33745146484375
359.0 22.95105830078125
360.0 39.592897265625
361.0 24.2277494140625
362.0 42.9582935546875
363.0 33.36677587890625
364.0 30.33125498046875
365.0 30.9994908203125
366.0 37.93927529296875
367.0 40.5436189453125
368.0 43.73006728515625
369.0 31.55085146484375
370.0 32.5010482421875
371.0 22.5818666015625
372.0 33.73526435546875
373.0 23.8749173828125
374.0 40.85675380859375
375.0 20.07222021484375
376.0 38.351745703125
377.0 33.97578251953125
378.0 39.8005751953125
379.0 29.95602626953125
380.0 37.1688224609375
381.0 34.595448046875
382.0 38.9143861328125
383.0 37.4506185546875
384.0 47.4280814453125
385.0 33.1483732421875
386.0 46.646615625
387.0 41.35236201171875
388.0 44.66846796875
389.0 38.29247119140625
390.0 33.22439326171875
391.0 26.6332275390625
392.0 33.726694921875
393.0 41.42018330078125
394.0 41.80584541015625
395.0 16.4553015625
396.0 33.5304798828125
397.0 27.485941015625
398.0 27.806820703125
399.0 23.73345048828125
400.0 24.47900751953125
401.0 27.72072880859375
402.0 35.29250859375
403.0 28.98500615234375
404.0 34.312329296875
405.0 15.2769875
406.0 29.8899478515625
407.0 31.87043798828125
408.0 39.86033291015625
409.0 29.96725498046875
410.0 28.91431435546875
411.0 15.51137177734375
412.0 33.914637890625
413.0 30.64311142578125
414.0 45.5450490234375
415.0 25.6878662109375
416.0 45.94240419921875
417.0 42.978559765625
418.0 45.2231544921875
419.0 31.803309765625
420.0 49.73590771484375
421.0 21.40353251953125
422.0 25.84811328125
423.0 22.811015234375
424.0 53.16234599609375
425.0 36.11025927734375
426.0 30.516527734375
427.0 34.66871318359375
428.0 35.91398369140625
429.0 16.27834921875
430.0 47.4795796875
431.0 22.366759765625
432.0 30.87410537109375
433.0 26.04868974609375
434.0 29.1778591796875
435.0 16.4810529296875
436.0 23.22104677734375
437.0 40.5876494140625
438.0 46.09684208984375
439.0 30.57117216796875
440.0 43.29614228515625
441.0 26.47080478515625
442.0 35.4009376953125
443.0 19.1023603515625
444.0 28.02682001953125
445.0 15.94790498046875
446.0 40.38717529296875
447.0 24.50700556640625
448.0 43.0282578125
449.0 20.95952646484375
450.0 52.10138095703125
451.0 26.88073623046875
452.0 25.01042890625
453.0 40.31837783203125
454.0 33.148477734375
455.0 19.023503515625
456.0 37.97062685546875
457.0 18.79779462890625
458.0 31.20453056640625
459.0 33.0088513671875
460.0 30.73919443359375
461.0 31.96015322265625
462.0 41.24448818359375
463.0 23.10314970703125
464.0 50.662881640625
465.0 45.00173037109375
466.0 45.8589537109375
467.0 20.24811875
468.0 31.9809736328125
469.0 38.64628193359375
470.0 43.65284453125
471.0 38.29421708984375
472.0 37.06675654296875
473.0 41.813212109375
474.0 45.44316474609375
475.0 45.05345107421875
476.0 44.81702685546875
477.0 39.7749697265625
478.0 36.204180078125
479.0 52.28671640625
480.0 45.65388291015625
481.0 39.20742158203125
482.0 36.981344140625
483.0 45.13774619140625
484.0 42.18871484375
485.0 42.45894404296875
486.0 43.78348525390625
487.0 19.9652646484375
488.0 37.476636328125
489.0 37.7090185546875
490.0 39.7575703125
491.0 42.2220640625
492.0 38.49754775390625
493.0 30.81642783203125
494.0 38.71746396484375
495.0 29.96451181640625
496.0 23.97056748046875
497.0 19.84615244140625
498.0 24.573007421875
499.0 17.8083375
500.0 29.78547880859375
501.0 48.7842654296875
502.0 45.8039642578125
503.0 49.09717978515625
504.0 50.6114181640625
505.0 31.94006962890625
506.0 24.478528125
507.0 43.26305361328125
508.0 40.9265384765625
509.0 42.6716076171875
510.0 52.8400654296875
511.0 33.4283138671875
512.0 43.69553681640625
513.0 45.014557421875
514.0 42.97247705078125
515.0 44.27831259765625
516.0 47.82955361328125
517.0 39.30117607421875
518.0 38.30303544921875
519.0 47.85885546875
520.0 46.332555078125
521.0 32.26630751953125
522.0 41.79713251953125
523.0 40.10912431640625
524.0 48.1876119140625
525.0 45.24273310546875
526.0 45.4596998046875
527.0 32.18500537109375
528.0 50.3751845703125
529.0 44.47479755859375
530.0 55.45962685546875
531.0 50.1413326171875
532.0 32.59897275390625
533.0 52.1781986328125
534.0 47.51017802734375
535.0 45.21920498046875
536.0 45.0415380859375
537.0 36.81301328125
538.0 49.35387431640625
539.0 45.231434765625
540.0 54.23499501953125
541.0 41.0975994140625
542.0 42.5062685546875
543.0 39.99856279296875
544.0 41.2049091796875
545.0 43.000123046875
546.0 36.301787109375
547.0 60.99637001953125
548.0 42.54170263671875
549.0 40.10679921875
550.0 35.6903037109375
551.0 15.555053515625
552.0 43.5941072265625
553.0 36.1481861328125
554.0 44.612122265625
555.0 47.03306943359375
556.0 51.9843017578125
557.0 34.12086240234375
558.0 45.08727353515625
559.0 43.766723046875
560.0 46.36716767578125
561.0 38.57545048828125
562.0 27.57484306640625
563.0 43.77391787109375
564.0 32.4760572265625
565.0 45.23538974609375
566.0 42.4602205078125
567.0 47.54947783203125
568.0 33.39446826171875
569.0 36.6630552734375
570.0 47.56501650390625
571.0 45.34173369140625
572.0 47.2347486328125
573.0 25.30971328125
574.0 25.43365888671875
575.0 47.23416962890625
576.0 46.605708984375
577.0 45.31289794921875
578.0 36.7411384765625
579.0 49.617978125
580.0 46.82788720703125
581.0 46.8861953125
582.0 39.196383984375
583.0 46.114469921875
584.0 27.28290244140625
585.0 43.0020291015625
586.0 44.1140673828125
587.0 44.96447275390625
588.0 38.97416708984375
589.0 45.88644248046875
590.0 40.92728046875
591.0 44.21907822265625
592.0 30.83775830078125
593.0 46.255619140625
594.0 37.82335576171875
595.0 35.06801552734375
596.0 46.4443919921875
597.0 41.71054013671875
598.0 55.96778369140625
599.0 38.78956044921875
600.0 39.36037021484375
601.0 49.57324931640625
602.0 45.8573443359375
603.0 41.59482490234375
604.0 52.013657421875
605.0 36.65434365234375
606.0 48.15261162109375
607.0 45.23724443359375
608.0 39.04143525390625
609.0 29.908048046875
610.0 46.70298603515625
611.0 41.97251953125
612.0 44.63555263671875
613.0 41.99106328125
614.0 37.952634375
615.0 46.8864275390625
616.0 34.9648046875
617.0 49.0081328125
618.0 51.26727578125
619.0 36.62587998046875
620.0 45.58073154296875
621.0 42.05389248046875
622.0 51.42733896484375
623.0 45.19873427734375
624.0 42.4589447265625
625.0 45.54489990234375
626.0 44.17794248046875
627.0 41.09425712890625
628.0 45.8320724609375
629.0 29.684823828125
630.0 40.24225361328125
631.0 42.89901279296875
632.0 40.71345859375
633.0 41.84954013671875
634.0 27.04289345703125
635.0 40.81134462890625
636.0 44.40909296875
637.0 42.97398271484375
638.0 43.68745107421875
639.0 41.4553974609375
640.0 44.01555361328125
641.0 49.13109638671875
642.0 41.74325791015625
643.0 31.5556279296875
644.0 61.662302734375
645.0 32.3175052734375
646.0 46.62576552734375
647.0 48.91711982421875
648.0 45.191239453125
649.0 40.8852943359375
650.0 38.844463671875
651.0 36.79254189453125
652.0 52.730926953125
653.0 30.03070400390625
654.0 55.7635837890625
655.0 38.1947068359375
656.0 48.32014814453125
657.0 34.516689453125
658.0 48.729294921875
659.0 36.44871962890625
660.0 26.07629580078125
661.0 43.4739240234375
662.0 38.7040044921875
663.0 24.43771845703125
664.0 37.9239099609375
665.0 33.91699404296875
666.0 35.68063154296875
667.0 47.07027919921875
668.0 7.90978681640625
669.0 24.8690216796875
670.0 29.53195234375
671.0 32.296626953125
672.0 27.7270248046875
673.0 35.83570908203125
674.0 5.23831416015625
675.0 6.93853818359375
676.0 4.79525341796875
677.0 45.7401623046875
678.0 47.565804296875
679.0 34.0644216796875
680.0 47.80581201171875
681.0 50.91236669921875
682.0 30.251175
683.0 29.03020966796875
684.0 36.08762412109375
685.0 29.74364638671875
686.0 47.7850650390625
687.0 40.5178060546875
688.0 46.932153125
689.0 43.82077236328125
690.0 23.79720009765625
691.0 20.1075439453125
692.0 44.6306216796875
693.0 42.64287119140625
694.0 45.9683421875
695.0 40.16241005859375
696.0 29.3458892578125
697.0 49.51021728515625
698.0 44.61460947265625
699.0 46.86113671875
700.0 34.3618927734375
701.0 33.8821125
702.0 57.09741123046875
703.0 45.10625478515625
704.0 46.16289619140625
705.0 29.5932880859375
706.0 49.72165771484375
707.0 47.3378294921875
708.0 35.663401953125
709.0 49.18589990234375
710.0 37.50577333984375
711.0 43.9544990234375
712.0 51.02819365234375
713.0 45.3429
714.0 45.03273134765625
715.0 49.10123779296875
716.0 42.29846435546875
717.0 50.126163671875
718.0 48.47085703125
719.0 42.43740556640625
720.0 52.6094068359375
721.0 36.38699150390625
722.0 26.846990625
723.0 24.72856884765625
724.0 32.80274296875
725.0 42.918316796875
726.0 33.6551591796875
727.0 46.35181611328125
728.0 5.06893037109375
729.0 8.4704494140625
730.0 10.194946875
731.0 14.99949609375
732.0 25.995695703125
733.0 35.38903896484375
734.0 41.0230978515625
735.0 35.8587435546875
736.0 35.03127392578125
737.0 31.0064802734375
738.0 35.60733837890625
739.0 35.7272103515625
740.0 38.71847666015625
741.0 28.73675888671875
742.0 28.67145185546875
743.0 37.732175390625
744.0 35.18793984375
745.0 39.0915923828125
746.0 19.1050873046875
747.0 41.64259794921875
748.0 37.117469921875
749.0 31.90139873046875
750.0 36.85130380859375
751.0 27.53399365234375
752.0 40.2788095703125
753.0 24.3169953125
754.0 40.42480634765625
755.0 33.93448359375
756.0 44.06180556640625
757.0 45.57894931640625
758.0 35.33592998046875
759.0 49.6695708984375
760.0 46.421403125
761.0 40.95466611328125
762.0 43.24856142578125
763.0 41.9529587890625
764.0 44.3003986328125
765.0 39.52441025390625
766.0 30.5265205078125
767.0 56.5185875
768.0 47.8189455078125
769.0 34.1943125
770.0 48.7314455078125
771.0 41.90004296875
772.0 45.86040419921875
773.0 32.07211318359375
774.0 47.80078505859375
775.0 25.883319140625
776.0 23.12089169921875
777.0 34.11382529296875
778.0 23.5779359375
779.0 29.683636328125
780.0 44.06191630859375
781.0 39.20257939453125
782.0 38.11906083984375
783.0 44.42019541015625
784.0 47.218301171875
785.0 41.47599697265625
786.0 34.81803125
787.0 47.754212109375
788.0 53.9994390625
789.0 37.9692751953125
790.0 33.96217724609375
791.0 38.81312978515625
792.0 29.71916630859375
793.0 53.49608466796875
794.0 51.794605078125
795.0 42.252875
796.0 38.7826912109375
797.0 45.1085591796875
798.0 47.5498892578125
799.0 22.2867759765625
