0.0 2.76855537109375
1.0 2.707403515625
2.0 5.1823294921875
3.0 5.90936552734375
4.0 7.94959921875
5.0 2.031159375
6.0 0.97018427734375
7.0 2.3660736328125
8.0 4.31793974609375
9.0 3.9700875
10.0 2.3561455078125
11.0 0.17719267578125
12.0 0.16651162109375
13.0 0.17649072265625
14.0 0.10400380859375
15.0 0.3404556640625
16.0 0.12721103515625
17.0 1.24069990234375
18.0 5.0327376953125
19.0 1.34234404296875
20.0 1.71666923828125
21.0 1.26279765625
22.0 8.245369140625
23.0 8.7142640625
24.0 9.3364751953125
25.0 9.06927900390625
26.0 7.8389873046875
27.0 8.3856619140625
28.0 9.43036689453125
29.0 5.9855517578125
30.0 7.0402603515625
31.0 11.01522412109375
32.0 8.485459375
33.0 11.22619111328125
34.0 10.721593359375
35.0 8.4461556640625
36.0 15.7137466796875
37.0 12.29392900390625
38.0 13.23573642578125
39.0 11.43279794921875
40.0 6.2867166015625
41.0 0.0
42.0 0.0
43.0 33.42711591796875
44.0 11.80113623046875
45.0 9.0790828125
46.0 15.20979775390625
47.0 14.018525
48.0 14.51813232421875
49.0 15.38516591796875
50.0 8.4221373046875
51.0 11.31702607421875
52.0 13.317894140625
53.0 13.0387994140625
54.0 4.84535205078125
55.0 8.65604755859375
56.0 5.98647587890625
57.0 8.42035791015625
58.0 1.93372958984375
59.0 11.88279814453125
60.0 13.43318232421875
61.0 13.60472197265625
62.0 9.605878515625
63.0 7.22375498046875
64.0 12.8845802734375
65.0 12.0362654296875
66.0 11.71502705078125
67.0 11.81116328125
68.0 13.23231103515625
69.0 12.05842373046875
70.0 11.83307646484375
71.0 13.1551416015625
72.0 12.2396568359375
73.0 14.1129037109375
74.0 14.174137109375
75.0 15.90801240234375
76.0 13.69529716796875
77.0 0.0
78.0 0.0
79.0 26.64182626953125
80.0 13.00849599609375
81.0 12.01858779296875
82.0 14.4647375
83.0 13.35088662109375
84.0 14.21759990234375
85.0 12.47997958984375
86.0 14.45530400390625
87.0 15.24715703125
88.0 14.50588720703125
89.0 13.61248037109375
90.0 16.3816916015625
91.0 16.2093181640625
92.0 13.538944921875
93.0 15.27894013671875
94.0 13.3598365234375
95.0 15.08292021484375
96.0 14.12485400390625
97.0 12.904871484375
98.0 14.44967568359375
99.0 14.905508203125
100.0 15.7085515625
101.0 12.66951611328125
102.0 12.90435361328125
103.0 16.455326953125
104.0 13.55247978515625
105.0 12.55333427734375
106.0 14.80672666015625
107.0 11.78647451171875
108.0 15.30149658203125
109.0 13.738870703125
110.0 12.1550931640625
111.0 13.05738447265625
112.0 13.2993107421875
113.0 13.314749609375
114.0 12.8913826171875
115.0 12.791784375
116.0 10.64811591796875
117.0 11.54660478515625
118.0 15.1429189453125
119.0 4.2481455078125
120.0 4.5950326171875
121.0 2.19902236328125
122.0 0.17362099609375
123.0 2.10669990234375
124.0 7.472172265625
125.0 10.40264736328125
126.0 8.78242666015625
127.0 6.023244140625
128.0 13.66954189453125
129.0 9.15750625
130.0 8.60972333984375
131.0 12.07545673828125
132.0 7.0087373046875
133.0 8.05963681640625
134.0 10.85382978515625
135.0 3.35074716796875
136.0 8.8589962890625
137.0 6.790835546875
138.0 7.7739283203125
139.0 11.917205078125
140.0 12.792858984375
141.0 12.868776171875
142.0 11.264580859375
143.0 13.6814111328125
144.0 6.271640234375
145.0 11.199056640625
146.0 4.419013671875
147.0 6.70455732421875
148.0 11.79940693359375
149.0 13.32050986328125
150.0 11.408546484375
151.0 9.5104669921875
152.0 10.0263912109375
153.0 10.556247265625
154.0 9.58280107421875
155.0 9.80809462890625
156.0 0.0252484375
157.0 26.55129951171875
158.0 10.0105435546875
159.0 11.91051005859375
160.0 6.74148359375
161.0 6.6782642578125
162.0 4.82504365234375
163.0 11.047420703125
164.0 9.3063583984375
165.0 11.58856201171875
166.0 10.23467939453125
167.0 9.14086904296875
168.0 8.25175712890625
169.0 12.91694189453125
170.0 12.83936748046875
171.0 8.137021484375
172.0 12.57558076171875
173.0 10.35826904296875
174.0 7.0607869140625
175.0 13.14436357421875
176.0 6.89012509765625
177.0 12.69175498046875
178.0 6.3593208984375
179.0 6.28933955078125
180.0 9.7121671875
181.0 6.6061880859375
182.0 0.302124609375
183.0 3.2614908203125
184.0 2.39152431640625
185.0 2.2792537109375
186.0 2.28890439453125
187.0 4.3529384765625
188.0 0.881919921875
189.0 0.08316806640625
190.0 0.70694169921875
191.0 0.43920712890625
192.0 0.85286708984375
193.0 3.7909115234375
194.0 0.90497919921875
195.0 4.4781181640625
196.0 6.1098349609375
197.0 9.120888671875
198.0 8.03353037109375
199.0 8.73536083984375
200.0 7.8333115234375
201.0 3.155626171875
202.0 11.67303447265625
203.0 13.58752685546875
204.0 9.6110083984375
205.0 8.125323828125
206.0 13.287223828125
207.0 13.4183814453125
208.0 13.3504693359375
209.0 14.2906087890625
210.0 9.643197265625
211.0 7.93003349609375
212.0 14.2593939453125
213.0 12.15452734375
214.0 14.3311546875
215.0 14.22107216796875
216.0 13.97389453125
217.0 12.2774423828125
218.0 15.8366158203125
219.0 14.813560546875
220.0 12.74850771484375
221.0 12.76048154296875
222.0 12.12106591796875
223.0 10.0894484375
224.0 12.2626095703125
225.0 11.16240458984375
226.0 13.2358193359375
227.0 8.39114443359375
228.0 8.36713603515625
229.0 11.15116962890625
230.0 10.581705078125
231.0 11.98008759765625
232.0 9.30728115234375
233.0 10.4272533203125
234.0 9.38851943359375
235.0 8.5112384765625
236.0 10.90295556640625
237.0 10.7664767578125
238.0 11.5066169921875
239.0 9.17731865234375
240.0 12.43292822265625
241.0 12.1025869140625
242.0 8.814359765625
243.0 8.9911189453125
244.0 7.6335697265625
245.0 12.20290927734375
246.0 11.2577783203125
247.0 14.08728759765625
248.0 11.45592158203125
249.0 7.90743876953125
250.0 10.135724609375
251.0 7.9083677734375
252.0 8.37671630859375
253.0 13.50201591796875
254.0 14.3670349609375
255.0 14.71524443359375
256.0 14.12510224609375
257.0 13.6837708984375
258.0 12.8633970703125
259.0 14.87880244140625
260.0 12.6566478515625
261.0 12.888834765625
262.0 13.38060185546875
263.0 10.2400595703125
264.0 13.581456640625
265.0 13.52547021484375
266.0 10.0200521484375
267.0 13.5163037109375
268.0 15.01829033203125
269.0 15.0185580078125
270.0 16.4096404296875
271.0 17.89058115234375
272.0 20.31753984375
273.0 17.760841015625
274.0 16.71909970703125
275.0 14.0557916015625
276.0 0.0
277.0 0.0
278.0 0.28672216796875
279.0 10.5711873046875
280.0 6.25069248046875
281.0 7.99523349609375
282.0 11.880828125
283.0 13.6294857421875
284.0 14.22084658203125
285.0 12.02957900390625
286.0 16.449580078125
287.0 14.13544833984375
288.0 18.3991123046875
289.0 15.4826412109375
290.0 14.17248232421875
291.0 16.05239453125
292.0 15.07123974609375
293.0 17.7622708984375
294.0 17.7312880859375
295.0 17.9788498046875
296.0 22.33507177734375
297.0 20.98553125
298.0 14.3526404296875
299.0 11.8703904296875
300.0 18.09655400390625
301.0 15.7668125
302.0 10.0487916015625
303.0 14.53978896484375
304.0 12.68828271484375
305.0 14.30195283203125
306.0 11.0644087890625
307.0 19.01060458984375
308.0 22.5086126953125
309.0 21.87465830078125
310.0 14.05778720703125
311.0 20.06268857421875
312.0 17.39960322265625
313.0 18.55253056640625
314.0 17.3228724609375
315.0 17.88436982421875
316.0 13.045279296875
317.0 15.476501953125
318.0 13.322362109375
319.0 18.0497689453125
320.0 16.19542294921875
321.0 12.30046025390625
322.0 13.7797951171875
323.0 13.51095302734375
324.0 12.86423310546875
325.0 16.4044224609375
326.0 12.687865625
327.0 12.44191259765625
328.0 15.99259814453125
329.0 17.04385595703125
330.0 10.89623310546875
331.0 16.64039482421875
332.0 11.22089609375
333.0 10.7263037109375
334.0 13.2186505859375
335.0 13.92130302734375
336.0 16.67645537109375
337.0 12.537073828125
338.0 11.6769830078125
339.0 15.141028125
340.0 15.13282001953125
341.0 13.74651123046875
342.0 8.92738193359375
343.0 7.91812998046875
344.0 13.0445697265625
345.0 13.9583248046875
346.0 11.1841365234375
347.0 14.33300830078125
348.0 11.36176962890625
349.0 14.35696123046875
350.0 14.81374892578125
351.0 9.16438994140625
352.0 12.0255650390625
353.0 11.477958203125
354.0 11.3489634765625
355.0 11.3584642578125
356.0 9.37430048828125
357.0 12.10220595703125
358.0 13.2092681640625
359.0 12.505751953125
360.0 7.85966806640625
361.0 15.60653525390625
362.0 10.6760568359375
363.0 9.62562626953125
364.0 15.7891078125
365.0 12.5510806640625
366.0 10.1933533203125
367.0 11.4437009765625
368.0 14.45214345703125
369.0 17.9019482421875
370.0 23.053180859375
371.0 20.49410625
372.0 19.28447490234375
373.0 19.384172265625
374.0 21.6873390625
375.0 19.08981875
376.0 18.1524962890625
377.0 9.4874845703125
378.0 35.0402876953125
379.0 20.47642607421875
380.0 11.7491470703125
381.0 20.44720498046875
382.0 23.823341796875
383.0 18.62038720703125
384.0 17.81675322265625
385.0 22.259486328125
386.0 20.31068447265625
387.0 21.8184177734375
388.0 19.3795826171875
389.0 22.18241572265625
390.0 20.8773099609375
391.0 19.9457259765625
392.0 21.93846865234375
393.0 21.80969599609375
394.0 15.21657275390625
395.0 22.315806640625
396.0 20.53050654296875
397.0 23.35352177734375
398.0 14.6114671875
399.0 24.03180166015625
400.0 18.1546716796875
401.0 21.9988017578125
402.0 17.3218607421875
403.0 20.9748083984375
404.0 17.98823359375
405.0 19.07571171875
406.0 22.0429337890625
407.0 17.98568369140625
408.0 16.23970341796875
409.0 23.7637744140625
410.0 21.89112158203125
411.0 15.29433349609375
412.0 17.7312578125
413.0 19.5853859375
414.0 20.632565625
415.0 20.48802841796875
416.0 19.6323017578125
417.0 20.793987109375
418.0 15.18031328125
419.0 23.66995478515625
420.0 19.7819435546875
421.0 18.20268134765625
422.0 20.40309970703125
423.0 16.69681064453125
424.0 15.491664453125
425.0 18.2051365234375
426.0 20.87088876953125
427.0 20.9190791015625
428.0 24.35070791015625
429.0 14.13193505859375
430.0 25.27016708984375
431.0 22.93281162109375
432.0 20.22701953125
433.0 19.8375861328125
434.0 13.751673046875
435.0 12.71203056640625
436.0 22.5370228515625
437.0 16.9683052734375
438.0 22.51162763671875
439.0 21.91726484375
440.0 18.1004240234375
441.0 22.87287646484375
442.0 20.83852177734375
443.0 14.69323544921875
444.0 12.75286494140625
445.0 20.5709666015625
446.0 24.76037138671875
447.0 18.3620982421875
448.0 18.1549814453125
449.0 20.05664462890625
450.0 21.35090654296875
451.0 14.43218720703125
452.0 19.55999091796875
453.0 23.06204677734375
454.0 16.80686484375
455.0 15.51271005859375
456.0 21.18408623046875
457.0 20.39901708984375
458.0 22.30274951171875
459.0 19.1139708984375
460.0 19.2030763671875
461.0 18.66494208984375
462.0 15.10169853515625
463.0 14.49996484375
464.0 17.06022666015625
465.0 15.8882138671875
466.0 19.734587109375
467.0 16.51059580078125
468.0 17.7341037109375
469.0 16.1664177734375
470.0 20.4370724609375
471.0 22.21744150390625
472.0 17.4822005859375
473.0 14.68620791015625
474.0 23.3381564453125
475.0 16.710286328125
476.0 15.248784765625
477.0 18.6062173828125
478.0 23.8806888671875
479.0 20.099611328125
480.0 19.54936337890625
481.0 15.593263671875
482.0 18.478708203125
483.0 18.94578564453125
484.0 13.75898623046875
485.0 12.69986279296875
486.0 14.688581640625
487.0 16.5517525390625
488.0 14.87805009765625
489.0 18.267323828125
490.0 16.079337109375
491.0 13.7771939453125
492.0 15.86540302734375
493.0 14.814217578125
494.0 14.37003955078125
495.0 12.3766072265625
496.0 13.50768251953125
497.0 12.28968681640625
498.0 14.44667578125
499.0 11.30559716796875
500.0 11.887548046875
501.0 11.79531298828125
502.0 8.68529208984375
503.0 9.32500556640625
504.0 6.35514833984375
505.0 13.12150283203125
506.0 10.4281220703125
507.0 10.12157431640625
508.0 10.0785154296875
509.0 9.34967392578125
510.0 10.4864494140625
511.0 11.3331912109375
512.0 10.77180048828125
513.0 10.06093203125
514.0 10.23632041015625
515.0 11.0465404296875
516.0 10.83616962890625
517.0 11.01061396484375
518.0 11.19884951171875
519.0 11.19939091796875
520.0 11.83836875
521.0 10.0350712890625
522.0 11.3151271484375
523.0 11.35523505859375
524.0 13.66450126953125
525.0 10.77873876953125
526.0 13.8453927734375
527.0 15.22588271484375
528.0 14.23831044921875
529.0 13.52018828125
530.0 16.05683388671875
531.0 15.66430810546875
532.0 11.92031630859375
533.0 14.50238505859375
534.0 14.296275
535.0 15.84642138671875
536.0 15.2736794921875
537.0 17.13889228515625
538.0 16.07620478515625
539.0 18.9061236328125
540.0 19.80808134765625
541.0 15.77454609375
542.0 15.23209384765625
543.0 21.28011494140625
544.0 18.63918642578125
545.0 19.07892177734375
546.0 14.7748671875
547.0 16.15186640625
548.0 15.64084013671875
549.0 15.85413154296875
550.0 23.99372841796875
551.0 21.6966482421875
552.0 21.717065625
553.0 22.17105498046875
554.0 19.84990732421875
555.0 13.71299716796875
556.0 5.6600951171875
557.0 11.0265884765625
558.0 15.23838564453125
559.0 15.1008609375
560.0 22.950912890625
561.0 21.43748564453125
562.0 24.111301171875
563.0 16.5847017578125
564.0 16.928619921875
565.0 16.965899609375
566.0 20.64255517578125
567.0 18.285354296875
568.0 18.38239267578125
569.0 19.6043833984375
570.0 22.2863205078125
571.0 19.26140732421875
572.0 15.8163044921875
573.0 18.4488080078125
574.0 10.1316134765625
575.0 25.5281748046875
576.0 18.8952404296875
577.0 19.40848076171875
578.0 21.7932740234375
579.0 17.333541015625
580.0 14.7454302734375
581.0 22.00095537109375
582.0 19.978219140625
583.0 13.88834375
584.0 17.05446806640625
585.0 17.28633017578125
586.0 14.595579296875
587.0 11.9044787109375
588.0 21.26802548828125
589.0 19.6273001953125
590.0 21.6517607421875
591.0 20.87441806640625
592.0 22.35139306640625
593.0 17.07525947265625
594.0 21.64792861328125
595.0 20.78799619140625
596.0 16.67255205078125
597.0 19.32145263671875
598.0 12.1512861328125
599.0 24.29807314453125
600.0 24.66871728515625
601.0 21.9400466796875
602.0 22.970057421875
603.0 20.07949375
604.0 22.1489169921875
605.0 20.9417884765625
606.0 21.270119140625
607.0 14.794918359375
608.0 14.76701953125
609.0 15.84506982421875
610.0 18.80817978515625
611.0 23.7928650390625
612.0 19.29180810546875
613.0 23.57906630859375
614.0 18.91209169921875
615.0 20.41257158203125
616.0 22.4859705078125
617.0 21.428980859375
618.0 20.01673427734375
619.0 20.86940048828125
620.0 24.7531576171875
621.0 22.808318359375
622.0 22.57827392578125
623.0 21.06591123046875
624.0 17.44367626953125
625.0 14.698438671875
626.0 17.495981640625
627.0 12.45255908203125
628.0 14.93837119140625
629.0 13.76478779296875
630.0 13.28083564453125
631.0 1.27583681640625
632.0 1.1100373046875
633.0 33.895051953125
634.0 12.290609765625
635.0 11.46095302734375
636.0 10.13346171875
637.0 13.2951615234375
638.0 12.25753251953125
639.0 12.90810693359375
640.0 13.67835107421875
641.0 13.287064453125
642.0 13.5348970703125
643.0 11.8349349609375
644.0 14.46751669921875
645.0 14.3887638671875
646.0 15.412063671875
647.0 13.184215625
648.0 17.369371484375
649.0 12.073842578125
650.0 17.6157015625
651.0 17.80303291015625
652.0 17.5092904296875
653.0 15.01022119140625
654.0 16.821590234375
655.0 12.35919208984375
656.0 13.87378740234375
657.0 13.68622353515625
658.0 12.599725390625
659.0 13.7758435546875
660.0 14.42336767578125
661.0 13.8844138671875
662.0 10.7259001953125
663.0 13.45632431640625
664.0 11.630401171875
665.0 10.32103515625
666.0 11.21169267578125
667.0 10.88134326171875
668.0 14.1855474609375
669.0 10.37682119140625
670.0 11.69106884765625
671.0 14.7824841796875
672.0 10.20302412109375
673.0 13.02210849609375
674.0 11.01446826171875
675.0 9.76562236328125
676.0 10.60032177734375
677.0 9.887662109375
678.0 10.7476884765625
679.0 10.066607421875
680.0 13.1620203125
681.0 11.1176423828125
682.0 12.65841015625
683.0 12.24090458984375
684.0 11.43652197265625
685.0 8.114529296875
686.0 10.6657505859375
687.0 10.98426884765625
688.0 10.54752734375
689.0 12.5865876953125
690.0 16.3418619140625
691.0 13.12080791015625
692.0 18.98104423828125
693.0 17.53308828125
694.0 14.15254326171875
695.0 18.27249658203125
696.0 22.7182068359375
697.0 24.7789392578125
698.0 16.197834375
699.0 16.535591796875
700.0 12.36160771484375
701.0 19.67939794921875
702.0 12.10594833984375
703.0 15.81403642578125
704.0 15.6177740234375
705.0 17.81235029296875
706.0 17.6949095703125
707.0 13.660248046875
708.0 15.13461005859375
709.0 16.79979228515625
710.0 8.32917041015625
711.0 14.65696337890625
712.0 17.37818408203125
713.0 9.4972361328125
714.0 19.1936673828125
715.0 13.10256005859375
716.0 19.30542646484375
717.0 18.83536884765625
718.0 16.56693095703125
719.0 16.98664287109375
720.0 21.63284775390625
721.0 18.30478583984375
722.0 18.05070283203125
723.0 20.8282966796875
724.0 17.938611328125
725.0 16.7420888671875
726.0 25.639664453125
727.0 17.59910654296875
728.0 22.26937919921875
729.0 16.36252666015625
730.0 11.26627568359375
731.0 17.11169384765625
732.0 15.6899140625
733.0 25.12137919921875
734.0 21.4736625
735.0 18.545198828125
736.0 12.29822529296875
737.0 16.16056279296875
738.0 18.81989384765625
739.0 20.83750625
740.0 16.43911962890625
741.0 19.42360517578125
742.0 5.019207421875
743.0 28.5609615234375
744.0 17.408017578125
745.0 15.55591142578125
746.0 18.92340029296875
747.0 18.52136171875
748.0 16.17051884765625
749.0 22.617193359375
750.0 19.12599716796875
751.0 21.0182525390625
752.0 18.97239951171875
753.0 10.04248837890625
754.0 17.23717958984375
755.0 16.35858095703125
756.0 13.50680888671875
757.0 25.85318564453125
758.0 23.66268056640625
759.0 23.5187232421875
760.0 19.170734375
761.0 20.86254453125
762.0 15.93772158203125
763.0 17.82513505859375
764.0 16.54137529296875
765.0 15.9545638671875
766.0 15.54215263671875
767.0 13.89951884765625
768.0 14.605433984375
769.0 15.08995869140625
770.0 14.32038388671875
771.0 16.80420625
772.0 21.985043359375
773.0 17.6986705078125
774.0 22.7287771484375
775.0 15.68014453125
776.0 17.98016982421875
777.0 12.5964912109375
778.0 10.8477078125
779.0 20.4153603515625
780.0 21.13611162109375
781.0 20.0713421875
782.0 19.91449248046875
783.0 19.62836708984375
784.0 21.14206142578125
785.0 18.022602734375
786.0 13.88310029296875
787.0 14.0312564453125
788.0 17.939394140625
789.0 16.905199609375
790.0 17.44834765625
791.0 14.03106435546875
792.0 14.36328056640625
793.0 14.91047158203125
794.0 18.69794814453125
795.0 16.0584970703125
796.0 19.99690673828125
797.0 16.76348974609375
798.0 13.79645439453125
799.0 9.83914736328125
