0.0 7.73773447265625
1.0 6.79231181640625
2.0 7.2438146484375
3.0 7.04421689453125
4.0 6.86254482421875
5.0 6.29359365234375
6.0 6.14883095703125
7.0 8.02931162109375
8.0 10.20421787109375
9.0 10.42171689453125
10.0 7.94789453125
11.0 10.73232001953125
12.0 10.70928408203125
13.0 8.76858662109375
14.0 6.2045974609375
15.0 6.41583642578125
16.0 5.642942578125
17.0 7.48732099609375
18.0 10.01478037109375
19.0 10.55772978515625
20.0 10.61890302734375
21.0 9.27615888671875
22.0 8.97847763671875
23.0 7.6955017578125
24.0 10.49906689453125
25.0 7.46549443359375
26.0 7.19897763671875
27.0 10.1998423828125
28.0 10.93615634765625
29.0 9.82367236328125
30.0 10.606680859375
31.0 7.9813166015625
32.0 9.295776953125
33.0 7.8643365234375
34.0 8.42133720703125
35.0 9.40239453125
36.0 10.72862861328125
37.0 10.480206640625
38.0 13.3579806640625
39.0 10.332008984375
40.0 10.2139974609375
41.0 11.88960419921875
42.0 10.981889453125
43.0 11.1985669921875
44.0 9.15675732421875
45.0 13.02329453125
46.0 13.11656826171875
47.0 11.02959462890625
48.0 7.59068583984375
49.0 13.30332900390625
50.0 16.75385166015625
51.0 15.3024720703125
52.0 16.55377685546875
53.0 16.23519833984375
54.0 13.6561580078125
55.0 15.61194580078125
56.0 15.05812197265625
57.0 10.835546484375
58.0 10.07909111328125
59.0 10.4101505859375
60.0 13.1979759765625
61.0 12.154324609375
62.0 14.66346171875
63.0 12.8266025390625
64.0 11.4129728515625
65.0 13.86843232421875
66.0 13.656616796875
67.0 13.47486064453125
68.0 11.810027734375
69.0 9.58911982421875
70.0 9.6240349609375
71.0 10.10908291015625
72.0 8.40720400390625
73.0 7.12524384765625
74.0 5.7401150390625
75.0 2.83555185546875
76.0 0.9028490234375
77.0 2.7398162109375
78.0 5.28175576171875
79.0 5.124362890625
80.0 4.1120126953125
81.0 5.673255078125
82.0 5.7707546875
83.0 5.18569912109375
84.0 5.619069140625
85.0 5.0985361328125
86.0 4.0640873046875
87.0 3.543251171875
88.0 3.94462890625
89.0 3.13858681640625
90.0 3.5047384765625
91.0 3.7281279296875
92.0 4.85279306640625
93.0 12.034175
94.0 9.59053642578125
95.0 9.0461048828125
96.0 12.7301072265625
97.0 7.59059990234375
98.0 4.41083662109375
99.0 3.3495580078125
100.0 3.54684453125
101.0 3.19454365234375
102.0 3.4389759765625
103.0 2.4256056640625
104.0 1.95911357421875
105.0 2.7816177734375
106.0 3.88526103515625
107.0 3.45560771484375
108.0 3.48110625
109.0 4.02516474609375
110.0 3.7787845703125
111.0 3.992083203125
112.0 3.58536318359375
113.0 4.316566015625
114.0 5.0684861328125
115.0 3.29379267578125
116.0 2.80399326171875
117.0 3.3520958984375
118.0 3.61610673828125
119.0 2.03093154296875
120.0 2.903608203125
121.0 1.65614794921875
122.0 2.35599921875
123.0 2.5096216796875
124.0 2.373173828125
125.0 0.38096708984375
126.0 2.560940234375
127.0 7.4300095703125
128.0 5.52396162109375
129.0 2.54777158203125
130.0 1.2098544921875
131.0 0.0
132.0 0.0
133.0 0.0
134.0 0.0
135.0 0.0
136.0 0.0
137.0 0.0
138.0 0.0
139.0 0.0
140.0 0.0
141.0 0.0
142.0 0.0
143.0 0.0
144.0 24.11838828125
145.0 1.4944607421875
146.0 2.49791806640625
147.0 2.69624697265625
148.0 4.80437958984375
149.0 1.88039375
150.0 3.06679921875
151.0 5.0103126953125
152.0 4.628655078125
153.0 2.97532138671875
154.0 2.86931416015625
155.0 2.21688837890625
156.0 1.803573046875
157.0 1.30465400390625
158.0 2.68192998046875
159.0 2.58458603515625
160.0 2.568974609375
161.0 1.1500400390625
162.0 1.19014375
163.0 0.77856044921875
164.0 6.01589560546875
165.0 7.11813359375
166.0 7.6704283203125
167.0 7.5090228515625
168.0 7.3593087890625
169.0 7.12984775390625
170.0 8.4082134765625
171.0 9.54555068359375
172.0 7.93266103515625
173.0 9.01015546875
174.0 8.61432109375
175.0 9.06242548828125
176.0 8.3558546875
177.0 9.35073125
178.0 10.016998046875
179.0 11.53562666015625
180.0 12.2439458984375
181.0 8.0098208984375
182.0 9.72715966796875
183.0 9.37729599609375
184.0 10.25742666015625
185.0 11.79275166015625
186.0 8.3861400390625
187.0 7.20922138671875
188.0 4.0850689453125
189.0 8.7025951171875
190.0 8.3923419921875
191.0 7.29566962890625
192.0 8.54699990234375
193.0 7.4607904296875
194.0 9.32248916015625
195.0 7.68057275390625
196.0 8.2149349609375
197.0 8.0514775390625
198.0 7.312874609375
199.0 7.5581505859375
200.0 7.05426982421875
201.0 7.40443583984375
202.0 6.35062734375
203.0 5.16150439453125
204.0 5.62964521484375
205.0 5.0418220703125
206.0 3.5032017578125
207.0 3.4240236328125
208.0 3.4688015625
209.0 4.0597935546875
210.0 4.1157509765625
211.0 4.82908193359375
212.0 5.7286763671875
213.0 5.1382896484375
214.0 5.4921220703125
215.0 5.035760546875
216.0 5.43050390625
217.0 6.91958828125
218.0 6.31472607421875
219.0 5.17435849609375
220.0 5.4778271484375
221.0 5.3722453125
222.0 8.80650029296875
223.0 5.8930951171875
224.0 5.8432615234375
225.0 4.85692958984375
226.0 3.8817849609375
227.0 4.63590087890625
228.0 4.10304853515625
229.0 5.42391884765625
230.0 5.26309833984375
231.0 5.18650009765625
232.0 6.42756826171875
233.0 5.51736865234375
234.0 5.3368986328125
235.0 6.70479658203125
236.0 6.9852705078125
237.0 6.01644638671875
238.0 5.69416025390625
239.0 6.42620810546875
240.0 6.71759658203125
241.0 5.32596630859375
242.0 5.1996068359375
243.0 5.68810888671875
244.0 5.0979537109375
245.0 5.24397939453125
246.0 4.49441103515625
247.0 4.48161806640625
248.0 5.08799462890625
249.0 5.0871353515625
250.0 5.659185546875
251.0 4.257876953125
252.0 5.0032177734375
253.0 4.570423046875
254.0 4.66834462890625
255.0 6.08540166015625
256.0 6.1292458984375
257.0 5.056540234375
258.0 4.88404873046875
259.0 5.59111015625
260.0 4.98827568359375
261.0 5.40342314453125
262.0 4.83441904296875
263.0 6.39722548828125
264.0 4.63839716796875
265.0 5.17646845703125
266.0 5.36371181640625
267.0 8.48192373046875
268.0 9.58512451171875
269.0 4.755657421875
270.0 8.99054130859375
271.0 4.57368369140625
272.0 4.39324306640625
273.0 5.25079560546875
274.0 3.43299443359375
275.0 7.51781328125
276.0 6.0042029296875
277.0 6.6806560546875
278.0 4.93663623046875
279.0 6.07067314453125
280.0 5.96540576171875
281.0 5.367553125
282.0 5.5298248046875
283.0 5.47517509765625
284.0 4.932033984375
285.0 5.3180896484375
286.0 4.92933056640625
287.0 5.6854341796875
288.0 5.66923291015625
289.0 6.564053515625
290.0 4.81226953125
291.0 0.0
292.0 0.0
293.0 0.0
294.0 0.0
295.0 20.8160091796875
296.0 4.3167998046875
297.0 5.37693212890625
298.0 6.3463419921875
299.0 5.48525546875
300.0 7.7706748046875
301.0 7.6114869140625
302.0 0.0
303.0 0.0
304.0 22.02351484375
305.0 10.874068359375
306.0 10.73406708984375
307.0 9.4985919921875
308.0 8.383069921875
309.0 8.886067578125
310.0 9.65232587890625
311.0 10.704360546875
312.0 9.6797412109375
313.0 9.41473447265625
314.0 10.343577734375
315.0 7.6378890625
316.0 7.80327568359375
317.0 8.23839189453125
318.0 8.62730869140625
319.0 8.03179287109375
320.0 10.18838056640625
321.0 9.706573828125
322.0 11.00961279296875
323.0 11.07906162109375
324.0 10.39347333984375
325.0 5.80873642578125
326.0 3.741026171875
327.0 3.19293837890625
328.0 5.60126748046875
329.0 4.97350166015625
330.0 5.363890625
331.0 5.57075458984375
332.0 4.827626953125
333.0 4.47793330078125
334.0 6.93062470703125
335.0 10.41819423828125
336.0 6.40544345703125
337.0 7.16959794921875
338.0 3.7239345703125
339.0 8.07086845703125
340.0 11.59503388671875
341.0 10.5018912109375
342.0 11.1309662109375
343.0 11.33528564453125
344.0 15.6835205078125
345.0 14.32696015625
346.0 13.36155732421875
347.0 11.8758443359375
348.0 16.1361658203125
349.0 13.5200576171875
350.0 12.5641642578125
351.0 14.4002189453125
352.0 12.96794423828125
353.0 16.242834765625
354.0 11.3407267578125
355.0 11.9020716796875
356.0 10.55030361328125
357.0 10.2441837890625
358.0 9.85204912109375
359.0 10.4825703125
360.0 8.9573400390625
361.0 12.3251744140625
362.0 11.6859583984375
363.0 16.38199375
364.0 10.76224697265625
365.0 12.6219298828125
366.0 11.87450380859375
367.0 9.29241025390625
368.0 10.89360537109375
369.0 13.80026455078125
370.0 11.44256181640625
371.0 11.72350400390625
372.0 15.78378583984375
373.0 13.2330466796875
374.0 11.05789990234375
375.0 13.22816318359375
376.0 14.658803515625
377.0 13.86203369140625
378.0 12.69233505859375
379.0 15.23015693359375
380.0 13.333705078125
381.0 13.22601142578125
382.0 12.82992705078125
383.0 14.1025248046875
384.0 14.90633330078125
385.0 12.11340869140625
386.0 14.7068443359375
387.0 13.563944140625
388.0 12.0164068359375
389.0 11.45633740234375
390.0 12.07849833984375
391.0 11.415130078125
392.0 10.55728212890625
393.0 10.96690341796875
394.0 14.15746708984375
395.0 14.76806298828125
396.0 15.61939697265625
397.0 12.35072451171875
398.0 13.88834912109375
399.0 15.84631640625
400.0 13.8779900390625
401.0 13.27062548828125
402.0 15.3343685546875
403.0 12.89374755859375
404.0 16.1649986328125
405.0 16.873683984375
406.0 15.0407296875
407.0 15.0348859375
408.0 16.27717216796875
409.0 13.3234666015625
410.0 15.79404912109375
411.0 13.9723599609375
412.0 12.8594748046875
413.0 14.31842333984375
414.0 13.4643029296875
415.0 10.4012576171875
416.0 10.12534697265625
417.0 11.11918837890625
418.0 12.5669583984375
419.0 7.3134005859375
420.0 14.09140810546875
421.0 15.41667421875
422.0 11.60959384765625
423.0 10.2217310546875
424.0 8.1683931640625
425.0 10.743375390625
426.0 12.90247255859375
427.0 12.48396875
428.0 2.46754130859375
429.0 9.332983203125
430.0 10.50859248046875
431.0 1.938491796875
432.0 1.357778125
433.0 34.4025275390625
434.0 13.56138681640625
435.0 15.65295830078125
436.0 10.6294916015625
437.0 14.05497001953125
438.0 13.27639111328125
439.0 12.26249013671875
440.0 11.09005263671875
441.0 10.15037353515625
442.0 10.288154296875
443.0 9.91140478515625
444.0 11.30417568359375
445.0 10.1264177734375
446.0 10.0151701171875
447.0 7.63376953125
448.0 6.9296361328125
449.0 5.28429052734375
450.0 6.3063013671875
451.0 3.7951337890625
452.0 4.5856232421875
453.0 5.89804501953125
454.0 6.1383197265625
455.0 5.47958173828125
456.0 4.14185810546875
457.0 5.5885189453125
458.0 5.30685703125
459.0 4.63038671875
460.0 4.62859921875
461.0 4.43990927734375
462.0 4.6044443359375
463.0 4.5029458984375
464.0 2.55281240234375
465.0 6.7034828125
466.0 7.5750732421875
467.0 8.1361330078125
468.0 7.961869140625
469.0 7.0059466796875
470.0 8.53873720703125
471.0 8.93706142578125
472.0 9.95377880859375
473.0 11.86610048828125
474.0 11.51667724609375
475.0 10.38021142578125
476.0 9.32127841796875
477.0 11.28995009765625
478.0 10.90629892578125
479.0 11.5528140625
480.0 11.4403369140625
481.0 10.3867140625
482.0 10.03696416015625
483.0 10.3978560546875
484.0 9.35239189453125
485.0 11.1619767578125
486.0 4.74914765625
487.0 4.63613291015625
488.0 5.56799833984375
489.0 5.527319921875
490.0 8.2744169921875
491.0 10.87604013671875
492.0 8.8957279296875
493.0 5.1661873046875
494.0 5.862021875
495.0 3.8735484375
496.0 6.733603125
497.0 6.318752734375
498.0 5.85489140625
499.0 5.7394380859375
500.0 7.09024228515625
501.0 6.21027607421875
502.0 6.1642537109375
503.0 9.19429228515625
504.0 11.2561767578125
505.0 9.3939474609375
506.0 11.14397412109375
507.0 10.92867763671875
508.0 11.71162939453125
509.0 0.0
510.0 0.0
511.0 30.41141298828125
512.0 11.42012978515625
513.0 12.01220888671875
514.0 10.50943740234375
515.0 10.24262939453125
516.0 10.143461328125
517.0 10.07043447265625
518.0 12.13666298828125
519.0 9.09375009765625
520.0 9.8790921875
521.0 10.12186376953125
522.0 9.422132421875
523.0 8.9740955078125
524.0 10.823205859375
525.0 11.21623583984375
526.0 10.7360509765625
527.0 10.535671484375
528.0 12.139792578125
529.0 10.8060533203125
530.0 9.84756640625
531.0 9.59569775390625
532.0 8.1581986328125
533.0 5.63729638671875
534.0 4.1880615234375
535.0 4.413837109375
536.0 4.93736962890625
537.0 5.20490693359375
538.0 5.50734501953125
539.0 3.58653515625
540.0 12.46877255859375
541.0 9.296756640625
542.0 5.59958564453125
543.0 3.92243818359375
544.0 8.5216001953125
545.0 10.833136328125
546.0 9.3223076171875
547.0 9.21358974609375
548.0 9.10038251953125
549.0 6.51291796875
550.0 5.65264228515625
551.0 5.11811845703125
552.0 8.0309544921875
553.0 5.9070896484375
554.0 4.1877615234375
555.0 4.97794375
556.0 5.27149345703125
557.0 6.71534599609375
558.0 5.86953232421875
559.0 4.14284970703125
560.0 3.17447353515625
561.0 4.11082705078125
562.0 4.44862333984375
563.0 6.540172265625
564.0 6.20703828125
565.0 6.83065517578125
566.0 4.2120318359375
567.0 2.05269560546875
568.0 4.277698828125
569.0 4.46035693359375
570.0 9.5400712890625
571.0 13.00108408203125
572.0 11.00503212890625
573.0 9.87281552734375
574.0 13.65133505859375
575.0 11.757417578125
576.0 11.04288994140625
577.0 10.65750751953125
578.0 11.26532470703125
579.0 0.0
580.0 0.0
581.0 5.52501123046875
582.0 30.92651328125
583.0 11.30729140625
584.0 9.172351171875
585.0 10.4253451171875
586.0 10.3909916015625
587.0 8.3012787109375
588.0 11.0271775390625
589.0 11.97431630859375
590.0 11.31570595703125
591.0 10.4088349609375
592.0 10.43611455078125
593.0 9.62550068359375
594.0 9.54683505859375
595.0 5.50396103515625
596.0 4.37383310546875
597.0 8.7422037109375
598.0 3.86096787109375
599.0 4.46916806640625
600.0 5.13805576171875
601.0 4.96950439453125
602.0 5.759813671875
603.0 9.17685341796875
604.0 6.2444125
605.0 6.23949267578125
606.0 5.10866474609375
607.0 5.69381533203125
608.0 6.82425439453125
609.0 5.038783984375
610.0 5.311855859375
611.0 7.408553515625
612.0 4.6548900390625
613.0 5.6451357421875
614.0 4.4218634765625
615.0 4.397548828125
616.0 5.1259291015625
617.0 5.16279228515625
618.0 10.9755447265625
619.0 8.79804111328125
620.0 4.58837421875
621.0 7.3578267578125
622.0 5.84438076171875
623.0 5.55594736328125
624.0 5.9682392578125
625.0 6.28048310546875
626.0 6.6689650390625
627.0 5.9411294921875
628.0 4.77564365234375
629.0 4.2304859375
630.0 5.03244462890625
631.0 5.55188798828125
632.0 5.9055537109375
633.0 4.82928984375
634.0 4.77082763671875
635.0 5.08659501953125
636.0 4.87533740234375
637.0 4.02704619140625
638.0 4.9914416015625
639.0 6.203617578125
640.0 4.506495703125
641.0 4.8925775390625
642.0 0.0
643.0 0.0
644.0 0.0
645.0 0.0
646.0 0.0
647.0 23.34231591796875
648.0 5.7697546875
649.0 5.56916455078125
650.0 9.49506455078125
651.0 8.29795302734375
652.0 10.2017609375
653.0 6.28088955078125
654.0 4.5334431640625
655.0 4.63335361328125
656.0 4.87473876953125
657.0 4.23739111328125
658.0 3.82619541015625
659.0 4.65278466796875
660.0 5.54298720703125
661.0 4.42708662109375
662.0 6.4973
663.0 4.8467609375
664.0 3.5752470703125
665.0 3.84868876953125
666.0 3.24761279296875
667.0 3.8527443359375
668.0 7.27776318359375
669.0 5.20715751953125
670.0 4.97426162109375
671.0 6.5598515625
672.0 5.14728486328125
673.0 3.4404349609375
674.0 7.748229296875
675.0 8.2752203125
676.0 6.44229873046875
677.0 5.5455908203125
678.0 5.5365822265625
679.0 1.40462998046875
680.0 4.61143076171875
681.0 9.9083580078125
682.0 9.5273033203125
683.0 9.86645810546875
684.0 9.895830078125
685.0 8.19651630859375
686.0 10.0801853515625
687.0 9.12030751953125
688.0 8.62457578125
689.0 4.23784970703125
690.0 4.6578955078125
691.0 4.78058828125
692.0 4.6878091796875
693.0 7.0792109375
694.0 9.86806259765625
695.0 9.0867376953125
696.0 7.787206640625
697.0 7.65346123046875
698.0 6.42954091796875
699.0 5.7678748046875
700.0 8.1369837890625
701.0 7.701541015625
702.0 9.0218189453125
703.0 7.251185546875
704.0 10.4633353515625
705.0 8.740833984375
706.0 8.0706314453125
707.0 8.95322890625
708.0 8.28098447265625
709.0 8.28845703125
710.0 8.7493173828125
711.0 9.53736845703125
712.0 8.07814140625
713.0 7.5726453125
714.0 7.70420576171875
715.0 9.6693228515625
716.0 9.7259125
717.0 7.14803916015625
718.0 8.77048623046875
719.0 9.8667470703125
720.0 10.09390166015625
721.0 8.71094755859375
722.0 7.45403291015625
723.0 9.39055654296875
724.0 8.50178466796875
725.0 8.391274609375
726.0 9.9326060546875
727.0 7.114623046875
728.0 8.85004755859375
729.0 7.50034580078125
730.0 7.1907130859375
731.0 9.30646943359375
732.0 8.22360283203125
733.0 7.91995166015625
734.0 7.91336455078125
735.0 10.02465107421875
736.0 7.01433271484375
737.0 7.1297205078125
738.0 7.852878125
739.0 7.3638361328125
740.0 6.564178125
741.0 7.87635400390625
742.0 9.38896279296875
743.0 7.393940625
744.0 9.73883720703125
745.0 9.601736328125
746.0 10.38626923828125
747.0 7.648485546875
748.0 8.7465884765625
749.0 6.2457685546875
750.0 2.4977087890625
751.0 4.660579296875
752.0 7.53946630859375
753.0 8.73121025390625
754.0 6.25842578125
755.0 4.65360703125
756.0 8.3203560546875
757.0 5.85574404296875
758.0 3.744908984375
759.0 3.07158505859375
760.0 1.099691796875
761.0 1.50004638671875
762.0 3.6939640625
763.0 3.731123046875
764.0 1.21665595703125
765.0 4.27599853515625
766.0 5.01880849609375
767.0 4.86774970703125
768.0 4.40929140625
769.0 5.16445771484375
770.0 4.73923369140625
771.0 4.7812119140625
772.0 5.8714701171875
773.0 6.3952376953125
774.0 5.9661310546875
775.0 4.11187353515625
776.0 5.9524130859375
777.0 4.79751044921875
778.0 4.594140625
779.0 5.61890732421875
780.0 4.65401220703125
781.0 5.65157138671875
782.0 5.90108154296875
783.0 5.85880693359375
784.0 5.86283935546875
785.0 4.102397265625
786.0 4.6331337890625
787.0 4.696478515625
788.0 4.566011328125
789.0 3.95714013671875
790.0 3.43172548828125
791.0 4.21780302734375
792.0 2.80568681640625
793.0 3.70781123046875
794.0 3.6506642578125
795.0 6.22966923828125
796.0 6.42952880859375
797.0 6.2805259765625
798.0 6.43339658203125
799.0 8.05491064453125
