0.0 7.96371611328125
1.0 7.37004501953125
2.0 7.23628916015625
3.0 7.9721654296875
4.0 6.856096875
5.0 7.53731669921875
6.0 7.989102734375
7.0 7.7839265625
8.0 7.33859365234375
9.0 7.83296806640625
10.0 6.522787890625
11.0 7.84767763671875
12.0 7.25629931640625
13.0 7.25930830078125
14.0 6.66194619140625
15.0 6.8660046875
16.0 8.00190869140625
17.0 7.504349609375
18.0 7.94233330078125
19.0 6.6231671875
20.0 7.262351953125
21.0 7.73650732421875
22.0 6.9908029296875
23.0 6.81600078125
24.0 6.4018955078125
25.0 7.841191015625
26.0 6.97020107421875
27.0 7.0749953125
28.0 7.8342017578125
29.0 7.176043359375
30.0 6.68093603515625
31.0 7.22379169921875
32.0 6.7844078125
33.0 6.45880244140625
34.0 7.9177744140625
35.0 7.10818291015625
36.0 5.825765234375
37.0 7.75453046875
38.0 7.5560984375
39.0 7.10702890625
40.0 8.91848876953125
41.0 7.00553515625
42.0 4.76385322265625
43.0 5.1272259765625
44.0 5.68489150390625
45.0 5.6753982421875
46.0 6.9692154296875
47.0 8.2015796875
48.0 7.7324373046875
49.0 7.432180859375
50.0 7.7379134765625
51.0 5.7410671875
52.0 7.3603916015625
53.0 6.93919677734375
54.0 5.8361279296875
55.0 7.13202529296875
56.0 6.40913369140625
57.0 6.76289111328125
58.0 6.9403771484375
59.0 6.564094921875
60.0 7.72455791015625
61.0 3.14126123046875
62.0 6.3990041015625
63.0 6.8405640625
64.0 7.379838671875
65.0 7.74147490234375
66.0 5.66645
67.0 6.8123033203125
68.0 6.5011814453125
69.0 0.0
70.0 0.0
71.0 3.97648505859375
72.0 6.39964580078125
73.0 7.75091611328125
74.0 8.090480859375
75.0 8.60288828125
76.0 7.82881806640625
77.0 6.73729931640625
78.0 6.94396064453125
79.0 3.6216931640625
80.0 6.76994609375
81.0 7.368351171875
82.0 6.07668837890625
83.0 6.211978125
84.0 6.87373955078125
85.0 6.86892470703125
86.0 5.77928837890625
87.0 6.4392939453125
88.0 7.25114609375
89.0 6.25715556640625
90.0 7.13744482421875
91.0 6.98863056640625
92.0 6.7457587890625
93.0 6.54518291015625
94.0 7.02154580078125
95.0 6.2866564453125
96.0 6.99911220703125
97.0 6.8846736328125
98.0 7.14916572265625
99.0 7.012518359375
100.0 7.523174609375
101.0 6.28957255859375
102.0 3.42185419921875
103.0 6.7887212890625
104.0 7.2380626953125
105.0 6.980969140625
106.0 1.92680244140625
107.0 4.21669853515625
108.0 5.79465283203125
109.0 5.1207384765625
110.0 6.54140390625
111.0 6.65606279296875
112.0 6.97018759765625
113.0 5.73077080078125
114.0 6.7248087890625
115.0 6.49638681640625
116.0 6.65566083984375
117.0 6.492703125
118.0 5.79922119140625
119.0 7.56560068359375
120.0 6.81337080078125
121.0 7.2729849609375
122.0 6.9190931640625
123.0 1.31700078125
124.0 5.96732109375
125.0 7.7790380859375
126.0 5.61170498046875
127.0 7.42266748046875
128.0 8.19752890625
129.0 6.38435771484375
130.0 6.46818408203125
131.0 6.41905009765625
132.0 8.6612748046875
133.0 7.929945703125
134.0 7.59520439453125
135.0 6.76114111328125
136.0 7.70782724609375
137.0 5.72315185546875
138.0 6.18742958984375
139.0 6.04378046875
140.0 6.94681630859375
141.0 6.67855859375
142.0 7.365372265625
143.0 7.53478662109375
144.0 6.62687578125
145.0 7.3944916015625
146.0 6.57179677734375
147.0 6.65313232421875
148.0 6.577800390625
149.0 7.68994375
150.0 6.8597650390625
151.0 8.07174638671875
152.0 7.815276953125
153.0 7.22126845703125
154.0 7.051936328125
155.0 7.6962998046875
156.0 6.8468185546875
157.0 7.78944130859375
158.0 7.74547607421875
159.0 4.9130998046875
160.0 8.058608984375
161.0 7.54313486328125
162.0 6.2786525390625
163.0 6.47453330078125
164.0 7.7240259765625
165.0 8.73183544921875
166.0 7.6978501953125
167.0 6.80840859375
168.0 7.32828134765625
169.0 6.6789701171875
170.0 7.56927197265625
171.0 7.43954306640625
172.0 6.2676931640625
173.0 6.3620576171875
174.0 6.48249638671875
175.0 6.23091875
176.0 6.2430220703125
177.0 6.409634765625
178.0 5.53855849609375
179.0 6.6453181640625
180.0 6.73186455078125
181.0 7.2448228515625
182.0 7.64214287109375
183.0 7.608291796875
184.0 5.587757421875
185.0 6.67834921875
186.0 7.999116015625
187.0 7.40829189453125
188.0 6.06679521484375
189.0 6.28732451171875
190.0 7.0051755859375
191.0 6.71725205078125
192.0 6.35342080078125
193.0 6.08039150390625
194.0 6.64669951171875
195.0 8.11093251953125
196.0 6.86517978515625
197.0 8.916028515625
198.0 7.96951298828125
199.0 8.49454091796875
200.0 7.35784072265625
201.0 5.4923986328125
202.0 8.52314609375
203.0 7.44255947265625
204.0 6.91960380859375
205.0 7.88008447265625
206.0 7.7005060546875
207.0 8.03209423828125
208.0 6.479526953125
209.0 7.2361234375
210.0 7.06793994140625
211.0 6.0476732421875
212.0 6.51856572265625
213.0 6.19026796875
214.0 6.002379296875
215.0 6.80925498046875
216.0 6.5524193359375
217.0 7.09023193359375
218.0 6.494455859375
219.0 7.4748294921875
220.0 7.1547107421875
221.0 6.20018115234375
222.0 6.61289208984375
223.0 7.098451953125
224.0 7.02223486328125
225.0 5.989681640625
226.0 6.796239453125
227.0 8.089714453125
228.0 4.9389
229.0 7.5056529296875
230.0 7.93891181640625
231.0 7.336903125
232.0 7.26630087890625
233.0 7.13165234375
234.0 6.92584814453125
235.0 7.2701953125
236.0 7.41896826171875
237.0 6.39514873046875
238.0 4.80268359375
239.0 6.15617607421875
240.0 7.41407060546875
241.0 6.861526953125
242.0 7.29607236328125
243.0 6.5957451171875
244.0 6.39968720703125
245.0 6.48300224609375
246.0 5.37054111328125
247.0 5.79820400390625
248.0 5.58208505859375
249.0 6.5285080078125
250.0 6.52034501953125
251.0 7.00716962890625
252.0 5.97342158203125
253.0 5.8004326171875
254.0 7.7674892578125
255.0 8.03105087890625
256.0 7.89732685546875
257.0 6.02275166015625
258.0 7.01227802734375
259.0 7.12585009765625
260.0 7.3646380859375
261.0 7.468518359375
262.0 7.16770703125
263.0 7.62232998046875
264.0 6.62722529296875
265.0 7.16190224609375
266.0 6.96100849609375
267.0 6.90948330078125
268.0 8.12592158203125
269.0 6.68579287109375
270.0 6.23753818359375
271.0 3.32402099609375
272.0 6.6405767578125
273.0 6.60817294921875
274.0 6.66628427734375
275.0 7.72286064453125
276.0 6.89834306640625
277.0 6.3399060546875
278.0 6.74557685546875
279.0 7.0314466796875
280.0 6.00817705078125
281.0 6.73010078125
282.0 6.025465625
283.0 5.92448818359375
284.0 8.0929587890625
285.0 7.46007646484375
286.0 6.361240234375
287.0 6.4626033203125
288.0 6.1853798828125
289.0 6.43507880859375
290.0 6.00279638671875
291.0 5.5900515625
292.0 6.3262826171875
293.0 6.76595478515625
294.0 6.4627298828125
295.0 7.097587890625
296.0 6.3129455078125
297.0 6.18734287109375
298.0 6.74228984375
299.0 6.98540400390625
300.0 6.53506904296875
301.0 6.72407001953125
302.0 7.2111341796875
303.0 6.114248828125
304.0 7.24779716796875
305.0 5.94319951171875
306.0 5.81912724609375
307.0 5.9266689453125
308.0 6.69500947265625
309.0 7.62602138671875
310.0 7.20701044921875
311.0 7.43078955078125
312.0 5.91623994140625
313.0 7.22747080078125
314.0 6.6310595703125
315.0 6.9498298828125
316.0 5.24826669921875
317.0 6.81092255859375
318.0 7.143023046875
319.0 7.97435625
320.0 6.85865771484375
321.0 1.65970888671875
322.0 3.22098544921875
323.0 0.04149619140625
324.0 0.65624228515625
325.0 1.532928515625
326.0 4.6893552734375
327.0 7.56851875
328.0 6.9583294921875
329.0 7.3967138671875
330.0 6.162806640625
331.0 6.85602099609375
332.0 8.83157646484375
333.0 9.0609455078125
334.0 8.49430205078125
335.0 7.95569853515625
336.0 4.95900166015625
337.0 8.1422013671875
338.0 7.72540068359375
339.0 2.14069482421875
340.0 2.98551259765625
341.0 6.50194482421875
342.0 7.52864033203125
343.0 6.6549505859375
344.0 6.63271142578125
345.0 8.3936689453125
346.0 8.2331576171875
347.0 8.04602734375
348.0 6.33674912109375
349.0 5.80210537109375
350.0 6.76699609375
351.0 6.97076025390625
352.0 6.58917294921875
353.0 6.34256142578125
354.0 8.00221337890625
355.0 5.99070537109375
356.0 8.0897447265625
357.0 7.50253642578125
358.0 7.1510142578125
359.0 7.98586669921875
360.0 6.46761357421875
361.0 6.98737021484375
362.0 4.738293359375
363.0 4.62321904296875
364.0 3.17783349609375
365.0 4.93337001953125
366.0 7.20787578125
367.0 6.784340625
368.0 7.416385546875
369.0 7.17842939453125
370.0 7.8839435546875
371.0 3.0223037109375
372.0 6.48339423828125
373.0 7.3615095703125
374.0 7.12397734375
375.0 6.93938564453125
376.0 6.46916708984375
377.0 6.37801943359375
378.0 6.8058640625
379.0 6.43110302734375
380.0 7.30455712890625
381.0 6.767123046875
382.0 6.02952734375
383.0 5.57307958984375
384.0 6.11373896484375
385.0 6.91883017578125
386.0 6.8777435546875
387.0 6.19081630859375
388.0 6.42326279296875
389.0 6.12116044921875
390.0 6.24296455078125
391.0 6.32030068359375
392.0 5.22630029296875
393.0 5.538369921875
394.0 6.33612861328125
395.0 5.81914990234375
396.0 5.00353359375
397.0 5.3095462890625
398.0 5.8793572265625
399.0 5.67632802734375
400.0 4.07929560546875
401.0 5.79034951171875
402.0 4.887219140625
403.0 1.8708216796875
404.0 0.92053701171875
405.0 5.44606787109375
406.0 6.23610859375
407.0 6.02004951171875
408.0 6.1018017578125
409.0 6.9896921875
410.0 6.52043603515625
411.0 5.69875966796875
412.0 6.775859765625
413.0 6.7888818359375
414.0 6.240175390625
415.0 5.7952705078125
416.0 5.423781640625
417.0 5.2701095703125
418.0 5.40560185546875
419.0 5.67624833984375
420.0 5.82732685546875
421.0 5.65172392578125
422.0 4.975812890625
423.0 6.6151142578125
424.0 7.13083486328125
425.0 6.72435791015625
426.0 6.13184501953125
427.0 5.78728408203125
428.0 6.38382998046875
429.0 7.3279392578125
430.0 7.973304296875
431.0 7.32095068359375
432.0 7.32360595703125
433.0 6.05824765625
434.0 5.7590302734375
435.0 6.1284216796875
436.0 7.5878162109375
437.0 8.1559173828125
438.0 6.6289568359375
439.0 6.355474609375
440.0 5.7425509765625
441.0 5.0087748046875
442.0 6.54468134765625
443.0 6.90177431640625
444.0 5.997820703125
445.0 6.8859662109375
446.0 4.5566939453125
447.0 7.27100546875
448.0 6.14327001953125
449.0 6.6197056640625
450.0 5.286046484375
451.0 7.0476845703125
452.0 7.96535400390625
453.0 6.26084501953125
454.0 7.71763935546875
455.0 6.65659892578125
456.0 6.30363232421875
457.0 7.55176845703125
458.0 6.26144208984375
459.0 7.843805078125
460.0 7.4927044921875
461.0 0.0
462.0 0.0
463.0 0.0
464.0 23.26238701171875
465.0 7.2793330078125
466.0 5.95326513671875
467.0 5.81326328125
468.0 5.55294453125
469.0 6.18453427734375
470.0 6.56031591796875
471.0 6.2091966796875
472.0 5.9447541015625
473.0 4.70517626953125
474.0 7.238358203125
475.0 6.58719267578125
476.0 6.10357451171875
477.0 7.05425400390625
478.0 6.6351625
479.0 6.83576728515625
480.0 6.94812421875
481.0 6.88503564453125
482.0 5.84054365234375
483.0 5.13300693359375
484.0 8.0335404296875
485.0 5.63821552734375
486.0 5.53513330078125
487.0 5.356709375
488.0 6.24676513671875
489.0 6.89298486328125
490.0 5.960759765625
491.0 6.81628193359375
492.0 6.71937666015625
493.0 6.62731669921875
494.0 7.29212021484375
495.0 6.924489453125
496.0 6.25723486328125
497.0 7.110680078125
498.0 6.787827734375
499.0 4.50563740234375
500.0 6.53363974609375
501.0 6.6472078125
502.0 5.91687041015625
503.0 3.9444033203125
504.0 0.559291015625
505.0 1.531245703125
506.0 0.2629689453125
507.0 4.92881953125
508.0 0.09962294921875
509.0 2.76329794921875
510.0 0.7687701171875
511.0 2.2217994140625
512.0 0.97960234375
513.0 1.45335869140625
514.0 6.08200537109375
515.0 2.16446220703125
516.0 5.6403390625
517.0 5.8489796875
518.0 2.93505927734375
519.0 6.4024931640625
520.0 8.35226533203125
521.0 8.13933720703125
522.0 7.6582390625
523.0 8.55727421875
524.0 8.2606580078125
525.0 7.12909599609375
526.0 6.12778115234375
527.0 6.29268056640625
528.0 6.85414736328125
529.0 7.46078642578125
530.0 7.424345703125
531.0 7.33476220703125
532.0 6.04672607421875
533.0 8.08987021484375
534.0 9.0405431640625
535.0 7.02819091796875
536.0 6.4962908203125
537.0 8.28891591796875
538.0 8.2337677734375
539.0 7.75654091796875
540.0 7.70859736328125
541.0 6.4165212890625
542.0 0.073943359375
543.0 7.4545787109375
544.0 7.24912236328125
545.0 6.85361123046875
546.0 6.43315869140625
547.0 7.50583017578125
548.0 7.07681962890625
549.0 8.251761328125
550.0 7.3150248046875
551.0 9.38456376953125
552.0 1.00568798828125
553.0 3.43897333984375
554.0 8.16849814453125
555.0 7.4943607421875
556.0 7.9352646484375
557.0 8.27700234375
558.0 7.01225341796875
559.0 7.49031025390625
560.0 6.53286259765625
561.0 7.07346533203125
562.0 5.612299609375
563.0 5.60635947265625
564.0 5.967537890625
565.0 5.3853947265625
566.0 6.62192998046875
567.0 6.507585546875
568.0 7.35653466796875
569.0 7.46849130859375
570.0 6.67891767578125
571.0 7.14597021484375
572.0 6.75342587890625
573.0 5.6356103515625
574.0 7.9487162109375
575.0 7.3427111328125
576.0 7.162253125
577.0 7.53133720703125
578.0 6.533993359375
579.0 6.7534107421875
580.0 7.3779759765625
581.0 7.35200810546875
582.0 7.05621953125
583.0 6.93311513671875
584.0 6.745973828125
585.0 6.9822560546875
586.0 6.53841826171875
587.0 6.91224951171875
588.0 6.61849736328125
589.0 5.87776513671875
590.0 7.12948671875
591.0 7.112506640625
592.0 7.91799248046875
593.0 7.72105361328125
594.0 8.45375341796875
595.0 8.2798146484375
596.0 8.88341181640625
597.0 7.80721025390625
598.0 5.561685546875
599.0 7.94594892578125
600.0 5.264424609375
601.0 4.6400103515625
602.0 7.430637109375
603.0 7.81574609375
604.0 8.19905185546875
605.0 7.48415322265625
606.0 7.61378046875
607.0 7.31098603515625
608.0 6.5094916015625
609.0 7.94582060546875
610.0 6.367658984375
611.0 6.49055888671875
612.0 6.19787626953125
613.0 8.16283447265625
614.0 8.32009765625
615.0 9.13136689453125
616.0 5.931299609375
617.0 5.38456494140625
618.0 8.35236318359375
619.0 7.66120244140625
620.0 8.66655849609375
621.0 8.06406328125
622.0 6.0514732421875
623.0 7.62915546875
624.0 6.065920703125
625.0 6.5117267578125
626.0 6.9300986328125
627.0 6.51126962890625
628.0 6.821291015625
629.0 7.31872705078125
630.0 9.37565888671875
631.0 8.223071484375
632.0 6.010330078125
633.0 7.13979765625
634.0 7.136465625
635.0 6.69333994140625
636.0 7.84020205078125
637.0 9.07637158203125
638.0 8.93818525390625
639.0 8.464949609375
640.0 7.53890615234375
641.0 7.253700390625
642.0 7.47251220703125
643.0 6.84868212890625
644.0 6.5915736328125
645.0 6.824433203125
646.0 6.58803212890625
647.0 7.4704435546875
648.0 7.46168720703125
649.0 7.03458623046875
650.0 7.35878583984375
651.0 7.486848828125
652.0 8.26266103515625
653.0 8.76405341796875
654.0 7.82383125
655.0 8.4759861328125
656.0 6.48633330078125
657.0 7.92192626953125
658.0 6.2606037109375
659.0 7.9249484375
660.0 6.68465439453125
661.0 7.858729296875
662.0 6.58844912109375
663.0 7.1016833984375
664.0 7.67308837890625
665.0 3.83020126953125
666.0 7.24589306640625
667.0 3.94786845703125
668.0 7.14284716796875
669.0 8.006137109375
670.0 7.41171904296875
671.0 8.67244599609375
672.0 8.07717548828125
673.0 8.4547595703125
674.0 10.733391015625
675.0 9.5457279296875
676.0 9.2195193359375
677.0 7.9436125
678.0 8.81026689453125
679.0 9.755077734375
680.0 10.19864296875
681.0 9.626721875
682.0 12.15804189453125
683.0 9.81232255859375
684.0 10.01425849609375
685.0 9.58993349609375
686.0 11.10177216796875
687.0 11.304171484375
688.0 10.5705248046875
689.0 7.799706640625
690.0 9.23617509765625
691.0 10.7793337890625
692.0 10.513191015625
693.0 10.19247978515625
694.0 7.91242431640625
695.0 10.15025380859375
696.0 9.73902275390625
697.0 9.492727734375
698.0 8.6981015625
699.0 8.47289775390625
700.0 10.96142236328125
701.0 11.4198888671875
702.0 10.0651009765625
703.0 9.4392025390625
704.0 7.62468359375
705.0 9.8024958984375
706.0 8.99851357421875
707.0 8.54442265625
708.0 8.62083115234375
709.0 9.1938451171875
710.0 5.1384896484375
711.0 4.92500205078125
712.0 8.2056234375
713.0 4.43240498046875
714.0 5.71391298828125
715.0 10.045981640625
716.0 8.0405884765625
717.0 7.13215283203125
718.0 7.8944515625
719.0 7.73011708984375
720.0 8.553003125
721.0 8.2755037109375
722.0 8.860639453125
723.0 8.90790654296875
724.0 9.8375033203125
725.0 9.7876251953125
726.0 9.92596083984375
727.0 9.24323271484375
728.0 7.59120576171875
729.0 8.69662841796875
730.0 9.06115830078125
731.0 9.4611064453125
732.0 10.28841455078125
733.0 9.04659375
734.0 8.88863515625
735.0 9.9321283203125
736.0 10.62348369140625
737.0 7.52205751953125
738.0 9.8982080078125
739.0 9.73665771484375
740.0 9.47296708984375
741.0 8.883173828125
742.0 9.6831162109375
743.0 9.1445853515625
744.0 9.0171138671875
745.0 10.50454775390625
746.0 9.6631369140625
747.0 10.5625984375
748.0 9.76836748046875
749.0 9.94264267578125
750.0 8.86447021484375
751.0 9.00882353515625
752.0 8.4435330078125
753.0 8.17086220703125
754.0 8.53851416015625
755.0 8.66586396484375
756.0 8.44666923828125
757.0 9.14831513671875
758.0 8.944958203125
759.0 8.05445419921875
760.0 8.422630078125
761.0 10.33547666015625
762.0 10.28015341796875
763.0 10.38203349609375
764.0 10.153883203125
765.0 7.78965986328125
766.0 9.42835771484375
767.0 9.23859794921875
768.0 10.5073552734375
769.0 7.759683984375
770.0 9.08152353515625
771.0 9.50680087890625
772.0 8.9193181640625
773.0 9.1841189453125
774.0 8.0338607421875
775.0 8.938874609375
776.0 9.8349833984375
777.0 8.7794015625
778.0 8.23622783203125
779.0 9.6635451171875
780.0 9.06291083984375
781.0 9.0105220703125
782.0 8.78652783203125
783.0 7.73208564453125
784.0 8.56825869140625
785.0 9.671657421875
786.0 9.952502734375
787.0 8.266575390625
788.0 8.43064716796875
789.0 7.81932998046875
790.0 9.500548046875
791.0 9.806168359375
792.0 8.360709375
793.0 8.16247109375
794.0 8.524095703125
795.0 9.8593
796.0 9.65092451171875
797.0 10.42643642578125
798.0 8.09282685546875
799.0 9.15164541015625
