0.0 20.16452099609375
1.0 23.841719140625
2.0 11.74505830078125
3.0 9.59365361328125
4.0 5.08790322265625
5.0 7.38946044921875
6.0 2.57020478515625
7.0 2.9240765625
8.0 3.677058984375
9.0 3.18784853515625
10.0 0.3557966796875
11.0 2.34552763671875
12.0 2.3386466796875
13.0 5.4926716796875
14.0 5.971744140625
15.0 0.59591923828125
16.0 0.9237484375
17.0 1.5892953125
18.0 6.4482068359375
19.0 8.18003564453125
20.0 14.7858185546875
21.0 3.3168271484375
22.0 0.48887421875
23.0 5.68802080078125
24.0 8.4464123046875
25.0 11.4973482421875
26.0 13.67516123046875
27.0 8.8588689453125
28.0 14.1033935546875
29.0 3.07006337890625
30.0 3.74397001953125
31.0 2.85872021484375
32.0 2.9690177734375
33.0 7.75350625
34.0 11.4510962890625
35.0 8.141023046875
36.0 7.9794970703125
37.0 15.2376322265625
38.0 13.294000390625
39.0 13.8605998046875
40.0 3.94970703125
41.0 21.248512890625
42.0 14.90330595703125
43.0 23.29519013671875
44.0 6.734065625
45.0 3.06166484375
46.0 18.20700859375
47.0 23.51611904296875
48.0 14.65509755859375
49.0 4.91421904296875
50.0 2.177052734375
51.0 1.98077666015625
52.0 3.2538021484375
53.0 2.1301013671875
54.0 3.05038466796875
55.0 2.59909169921875
56.0 7.00930751953125
57.0 24.5168169921875
58.0 17.34401396484375
59.0 20.98609404296875
60.0 18.2840318359375
61.0 16.79434736328125
62.0 12.9249341796875
63.0 20.30284140625
64.0 17.35827421875
65.0 16.69079931640625
66.0 16.08556123046875
67.0 20.29870595703125
68.0 19.1633744140625
69.0 23.93177119140625
70.0 20.7290912109375
71.0 17.44051826171875
72.0 18.78771396484375
73.0 17.2626220703125
74.0 18.33680810546875
75.0 11.3159212890625
76.0 5.98784091796875
77.0 16.93092060546875
78.0 8.709972265625
79.0 27.85507548828125
80.0 20.61549345703125
81.0 20.46568837890625
82.0 18.4349029296875
83.0 13.7820900390625
84.0 1.3977205078125
85.0 6.5428494140625
86.0 17.68078720703125
87.0 16.688431640625
88.0 14.01630556640625
89.0 12.37702294921875
90.0 3.86023037109375
91.0 20.45938076171875
92.0 17.212974609375
93.0 21.7654833984375
94.0 14.197015234375
95.0 10.33487353515625
96.0 16.121341796875
97.0 16.46102763671875
98.0 10.42490078125
99.0 8.50588037109375
100.0 2.15383837890625
101.0 2.99080576171875
102.0 2.5885046875
103.0 2.15206083984375
104.0 5.70065888671875
105.0 5.18466767578125
106.0 4.42860537109375
107.0 5.65110263671875
108.0 16.98939541015625
109.0 9.9702984375
110.0 21.70083427734375
111.0 19.11765498046875
112.0 13.0187498046875
113.0 24.02632548828125
114.0 11.64896572265625
115.0 22.9665548828125
116.0 24.58613466796875
117.0 24.031641796875
118.0 21.3589998046875
119.0 22.81868681640625
120.0 21.575527734375
121.0 23.6826193359375
122.0 23.745891015625
123.0 23.6019595703125
124.0 18.62453173828125
125.0 23.42571953125
126.0 20.9804015625
127.0 26.33224130859375
128.0 16.326215234375
129.0 22.59109404296875
130.0 7.174330078125
131.0 10.63746611328125
132.0 12.61804599609375
133.0 19.839775
134.0 14.8863591796875
135.0 13.65776748046875
136.0 12.01570244140625
137.0 24.42875771484375
138.0 19.67798623046875
139.0 13.41711787109375
140.0 14.15173662109375
141.0 19.5924810546875
142.0 13.62691455078125
143.0 20.37017958984375
144.0 20.6324001953125
145.0 16.5467509765625
146.0 21.6998234375
147.0 16.8108681640625
148.0 13.5684861328125
149.0 22.78044951171875
150.0 15.18480234375
151.0 7.02510830078125
152.0 10.7448130859375
153.0 11.08476025390625
154.0 9.80922421875
155.0 9.0046732421875
156.0 18.179028515625
157.0 15.9739431640625
158.0 4.9403203125
159.0 12.43551513671875
160.0 13.20278564453125
161.0 18.26825146484375
162.0 13.49197509765625
163.0 21.52638369140625
164.0 1.1305625
165.0 0.218864453125
166.0 0.417068359375
167.0 0.46580966796875
168.0 0.18010244140625
169.0 0.333023046875
170.0 9.85545
171.0 11.5273443359375
172.0 10.07348427734375
173.0 0.18771123046875
174.0 1.397375
175.0 0.74390654296875
176.0 1.21487373046875
177.0 0.08334345703125
178.0 0.197853125
179.0 1.25225830078125
180.0 0.36489111328125
181.0 0.4755923828125
182.0 0.4818052734375
183.0 0.36265244140625
184.0 0.426126953125
185.0 0.0
186.0 0.0
187.0 0.0
188.0 0.0
189.0 0.0
190.0 0.0
191.0 0.0
192.0 0.0
193.0 0.0
194.0 0.0
195.0 0.0
196.0 0.0
197.0 0.0
198.0 0.0
199.0 0.0
200.0 0.0
201.0 0.0
202.0 0.0
203.0 0.0
204.0 0.0
205.0 0.0
206.0 0.0
207.0 0.0
208.0 0.0
209.0 0.0
210.0 0.0
211.0 0.0
212.0 0.1066181640625
213.0 1.20026455078125
214.0 1.68853623046875
215.0 2.47435517578125
216.0 6.6747642578125
217.0 7.31785537109375
218.0 2.89408203125
219.0 2.74176025390625
220.0 1.7435947265625
221.0 1.90383935546875
222.0 1.1899986328125
223.0 2.02760048828125
224.0 1.25268369140625
225.0 2.6602216796875
226.0 3.01415654296875
227.0 3.372302734375
228.0 4.72214541015625
229.0 10.36474072265625
230.0 26.42678115234375
231.0 25.91225830078125
232.0 20.63916083984375
233.0 8.18954404296875
234.0 20.31085556640625
235.0 20.34562490234375
236.0 22.38036162109375
237.0 10.82160283203125
238.0 8.4276046875
239.0 27.13020771484375
240.0 30.00908173828125
241.0 22.259960546875
242.0 24.3022703125
243.0 18.17539873046875
244.0 9.040050390625
245.0 20.62828642578125
246.0 6.02489658203125
247.0 3.90215341796875
248.0 4.09902158203125
249.0 3.0580267578125
250.0 7.1000193359375
251.0 2.11263720703125
252.0 17.71706064453125
253.0 13.47769658203125
254.0 11.2478810546875
255.0 24.8156166015625
256.0 18.523223046875
257.0 19.690296484375
258.0 10.3411173828125
259.0 3.79625400390625
260.0 13.98516533203125
261.0 25.63550322265625
262.0 30.02242119140625
263.0 20.992262890625
264.0 13.30879833984375
265.0 8.32291845703125
266.0 21.157770703125
267.0 19.21500673828125
268.0 23.312891015625
269.0 16.2791283203125
270.0 11.309387109375
271.0 21.2499
272.0 18.57732998046875
273.0 30.13981845703125
274.0 26.567830078125
275.0 18.89618076171875
276.0 10.90616650390625
277.0 13.07465498046875
278.0 25.3330314453125
279.0 23.0573525390625
280.0 21.0588591796875
281.0 23.58094404296875
282.0 17.94358115234375
283.0 33.35070810546875
284.0 29.53211533203125
285.0 20.41113310546875
286.0 15.8156611328125
287.0 7.85931640625
288.0 19.91873671875
289.0 15.539416796875
290.0 11.66525771484375
291.0 0.01072080078125
292.0 0.3645400390625
293.0 0.35420986328125
294.0 0.98271064453125
295.0 16.026603515625
296.0 20.572267578125
297.0 18.9947373046875
298.0 3.59178671875
299.0 16.455079296875
300.0 22.97789833984375
301.0 20.898059765625
302.0 7.0708880859375
303.0 8.7858111328125
304.0 21.90585166015625
305.0 25.6819794921875
306.0 13.92573388671875
307.0 17.20024404296875
308.0 18.20188251953125
309.0 30.9372224609375
310.0 28.1848693359375
311.0 24.34590244140625
312.0 6.58239140625
313.0 15.8386484375
314.0 19.135655078125
315.0 18.93216904296875
316.0 20.99805302734375
317.0 22.33488369140625
318.0 25.26920244140625
319.0 14.4312560546875
320.0 0.83378603515625
321.0 5.678076953125
322.0 2.1294458984375
323.0 0.5336103515625
324.0 0.9999466796875
325.0 1.38431767578125
326.0 0.187650390625
327.0 0.49992080078125
328.0 0.92628720703125
329.0 0.94995908203125
330.0 0.17719267578125
331.0 0.15635673828125
332.0 0.3022080078125
333.0 0.350701953125
334.0 0.48009072265625
335.0 0.39793203125
336.0 0.61604013671875
337.0 0.229019140625
338.0 0.781783984375
339.0 2.21211240234375
340.0 3.383203125
341.0 2.20265029296875
342.0 3.80463515625
343.0 4.3470494140625
344.0 2.5039900390625
345.0 2.08513896484375
346.0 5.267415234375
347.0 9.5700796875
348.0 2.62398955078125
349.0 22.22953408203125
350.0 18.31665966796875
351.0 28.7770189453125
352.0 5.84610205078125
353.0 1.70049296875
354.0 5.868869921875
355.0 9.9600560546875
356.0 9.17585361328125
357.0 17.38541826171875
358.0 10.2751041015625
359.0 1.97207275390625
360.0 4.89006787109375
361.0 4.5035990234375
362.0 4.99712001953125
363.0 2.25650595703125
364.0 5.2718501953125
365.0 6.7676384765625
366.0 2.80410107421875
367.0 4.93675068359375
368.0 10.68219931640625
369.0 30.74209951171875
370.0 24.4808333984375
371.0 24.98599541015625
372.0 15.6113697265625
373.0 2.4251984375
374.0 5.1990724609375
375.0 16.42820205078125
376.0 10.1661359375
377.0 6.45223837890625
378.0 12.07134521484375
379.0 9.8136115234375
380.0 6.16035166015625
381.0 15.9576310546875
382.0 16.4035369140625
383.0 11.16708564453125
384.0 9.6936001953125
385.0 8.63584658203125
386.0 11.0082419921875
387.0 12.217153515625
388.0 13.389242578125
389.0 3.5521748046875
390.0 15.03275205078125
391.0 8.52193232421875
392.0 8.502837109375
393.0 26.0587607421875
394.0 30.90180556640625
395.0 31.2357357421875
396.0 16.99460966796875
397.0 14.68555537109375
398.0 17.358562890625
399.0 27.95731416015625
400.0 22.81745751953125
401.0 21.10955625
402.0 27.45160888671875
403.0 34.37277861328125
404.0 33.05658515625
405.0 29.70244140625
406.0 15.67445048828125
407.0 27.97728232421875
408.0 26.0089888671875
409.0 13.25748544921875
410.0 22.8087841796875
411.0 27.4234248046875
412.0 15.47723232421875
413.0 17.871604296875
414.0 18.42959931640625
415.0 24.67956103515625
416.0 13.934016015625
417.0 12.1671916015625
418.0 26.23538642578125
419.0 25.715154296875
420.0 29.5099064453125
421.0 9.19883525390625
422.0 29.925308984375
423.0 31.133276171875
424.0 4.358231640625
425.0 12.1309361328125
426.0 10.64722744140625
427.0 26.71067578125
428.0 27.532657421875
429.0 28.53333466796875
430.0 2.3169890625
431.0 0.30435771484375
432.0 3.02209775390625
433.0 3.27030380859375
434.0 1.04760771484375
435.0 1.21454091796875
436.0 0.94447001953125
437.0 0.5660431640625
438.0 0.93849189453125
439.0 0.935645703125
440.0 0.752235546875
441.0 0.326786328125
442.0 1.3874662109375
443.0 0.4113578125
444.0 0.50041201171875
445.0 0.4272232421875
446.0 0.5103912109375
447.0 0.291877734375
448.0 0.32339482421875
449.0 1.2347638671875
450.0 1.59881630859375
451.0 0.78381337890625
452.0 0.77672646484375
453.0 0.692205859375
454.0 2.0941240234375
455.0 4.9076138671875
456.0 1.55345380859375
457.0 0.68811025390625
458.0 0.8644255859375
459.0 5.8858154296875
460.0 12.1469916015625
461.0 19.8846951171875
462.0 8.81896376953125
463.0 23.4860958984375
464.0 16.43212265625
465.0 13.54876630859375
466.0 14.83245361328125
467.0 5.2349677734375
468.0 2.7378478515625
469.0 7.118729296875
470.0 4.12760087890625
471.0 2.6589060546875
472.0 1.42948798828125
473.0 1.670295703125
474.0 1.386375390625
475.0 1.80414580078125
476.0 0.91730498046875
477.0 1.20953369140625
478.0 10.0139203125
479.0 18.18377158203125
480.0 2.32492197265625
481.0 4.307637109375
482.0 17.05378603515625
483.0 17.3185861328125
484.0 20.70932265625
485.0 18.14055478515625
486.0 21.99412197265625
487.0 17.2031033203125
488.0 7.5717173828125
489.0 4.10080859375
490.0 13.80752939453125
491.0 14.45873583984375
492.0 19.5340955078125
493.0 35.0437458984375
494.0 27.61715458984375
495.0 30.033559375
496.0 24.47426005859375
497.0 16.4561943359375
498.0 23.27897666015625
499.0 12.77364130859375
500.0 26.40540107421875
501.0 28.30069189453125
502.0 24.236701953125
503.0 15.98537529296875
504.0 18.4252416015625
505.0 13.6212255859375
506.0 18.50636767578125
507.0 8.33725185546875
508.0 8.5178275390625
509.0 8.6250828125
510.0 2.204505859375
511.0 0.47953466796875
512.0 1.32390908203125
513.0 0.897346484375
514.0 0.62507626953125
515.0 0.79141220703125
516.0 2.2847748046875
517.0 3.159365234375
518.0 2.65612568359375
519.0 2.0954970703125
520.0 5.96653662109375
521.0 22.19351552734375
522.0 15.26799169921875
523.0 16.83932724609375
524.0 15.79485322265625
525.0 23.76132490234375
526.0 23.92136875
527.0 20.5220875
528.0 18.80134658203125
529.0 22.2530400390625
530.0 32.6767111328125
531.0 29.842953125
532.0 9.4862603515625
533.0 9.622777734375
534.0 13.8878916015625
535.0 5.44691904296875
536.0 24.52285712890625
537.0 21.94898115234375
538.0 24.105206640625
539.0 21.40465400390625
540.0 36.171524609375
541.0 8.033133984375
542.0 10.85347578125
543.0 31.833476953125
544.0 31.33024443359375
545.0 22.436837109375
546.0 19.08273291015625
547.0 20.45767685546875
548.0 30.92404501953125
549.0 20.3323162109375
550.0 28.2921521484375
551.0 9.93264951171875
552.0 7.5025177734375
553.0 26.87579013671875
554.0 28.708993359375
555.0 18.2932630859375
556.0 32.498813671875
557.0 26.420083203125
558.0 26.01888896484375
559.0 29.5190259765625
560.0 33.3822736328125
561.0 22.24638974609375
562.0 19.7445595703125
563.0 27.42042373046875
564.0 28.07946640625
565.0 28.51246533203125
566.0 25.75071787109375
567.0 20.04803466796875
568.0 24.4247041015625
569.0 15.51092666015625
570.0 24.343688671875
571.0 20.39332783203125
572.0 27.21168955078125
573.0 16.93634970703125
574.0 8.12223623046875
575.0 5.70741767578125
576.0 22.7617427734375
577.0 26.736902734375
578.0 9.87599755859375
579.0 22.85645283203125
580.0 16.916337890625
581.0 22.404044921875
582.0 25.26431513671875
583.0 25.88177265625
584.0 18.44682099609375
585.0 11.95810048828125
586.0 0.54225927734375
587.0 2.93926240234375
588.0 4.67078916015625
589.0 9.68657666015625
590.0 6.6006203125
591.0 15.01415712890625
592.0 18.88297802734375
593.0 29.51598466796875
594.0 31.8653294921875
595.0 14.0579068359375
596.0 23.27266708984375
597.0 14.96352119140625
598.0 11.67355732421875
599.0 22.72388505859375
600.0 24.254225
601.0 22.80209921875
602.0 19.9258474609375
603.0 29.65821787109375
604.0 29.70689814453125
605.0 20.74359345703125
606.0 19.10607392578125
607.0 16.2801248046875
608.0 21.98283486328125
609.0 25.5148525390625
610.0 17.18874462890625
611.0 16.751350390625
612.0 6.05569580078125
613.0 6.54759453125
614.0 10.72254501953125
615.0 24.7591140625
616.0 25.6990177734375
617.0 19.42016953125
618.0 27.22507158203125
619.0 17.233430078125
620.0 30.27223115234375
621.0 16.00596123046875
622.0 18.3897216796875
623.0 22.0040693359375
624.0 24.86534130859375
625.0 24.88062939453125
626.0 16.15827314453125
627.0 9.6577037109375
628.0 6.3522720703125
629.0 3.8831306640625
630.0 7.946442578125
631.0 10.0661794921875
632.0 21.3570564453125
633.0 20.63446064453125
634.0 19.2379775390625
635.0 27.099340625
636.0 28.36151181640625
637.0 17.347321484375
638.0 5.74894287109375
639.0 0.32810703125
640.0 0.8333244140625
641.0 18.31253232421875
642.0 16.4930009765625
643.0 24.652569921875
644.0 29.05927900390625
645.0 14.33052197265625
646.0 23.13949423828125
647.0 18.96884150390625
648.0 10.7606853515625
649.0 0.20835869140625
650.0 21.3350224609375
651.0 18.331176171875
652.0 13.08916318359375
653.0 17.42755712890625
654.0 24.45006025390625
655.0 26.32849033203125
656.0 24.1144056640625
657.0 17.29642177734375
658.0 18.57800166015625
659.0 27.47128642578125
660.0 19.9236109375
661.0 27.60359306640625
662.0 19.533619921875
663.0 21.06199609375
664.0 18.55777939453125
665.0 26.1993875
666.0 22.3797939453125
667.0 22.86666943359375
668.0 22.203596875
669.0 24.470716796875
670.0 31.21588779296875
671.0 17.568965234375
672.0 27.381975
673.0 23.613740234375
674.0 20.205486328125
675.0 20.9067490234375
676.0 30.20749482421875
677.0 31.66484140625
678.0 29.46917265625
679.0 25.47524599609375
680.0 26.39108564453125
681.0 17.00245615234375
682.0 31.67073271484375
683.0 26.46108671875
684.0 35.15891015625
685.0 21.4626248046875
686.0 36.0504208984375
687.0 27.38460166015625
688.0 26.7647291015625
689.0 22.29772958984375
690.0 21.53146259765625
691.0 22.5612826171875
692.0 22.96644189453125
693.0 14.85316767578125
694.0 5.6384501953125
695.0 18.8175376953125
696.0 31.20161123046875
697.0 15.0200787109375
698.0 13.6523212890625
699.0 16.94661513671875
700.0 19.12687294921875
701.0 14.69611201171875
702.0 17.49184052734375
703.0 18.53295830078125
704.0 26.56696396484375
705.0 21.64323193359375
706.0 7.349437890625
707.0 6.978741796875
708.0 7.69263291015625
709.0 28.57119716796875
710.0 29.87470537109375
711.0 16.34532861328125
712.0 24.157659765625
713.0 16.25421806640625
714.0 19.3411978515625
715.0 14.03592568359375
716.0 11.96050458984375
717.0 14.49397080078125
718.0 0.0
719.0 0.0
720.0 0.0
721.0 36.17309013671875
722.0 16.21771904296875
723.0 29.053140234375
724.0 31.4519650390625
725.0 27.14230224609375
726.0 27.31030517578125
727.0 6.64230654296875
728.0 21.1690341796875
729.0 17.98810625
730.0 3.945248046875
731.0 17.88448681640625
732.0 15.61142314453125
733.0 18.4655958984375
734.0 26.22457431640625
735.0 16.77857548828125
736.0 27.95782998046875
737.0 24.29298125
738.0 14.16521123046875
739.0 27.00751142578125
740.0 33.64172802734375
741.0 16.51650400390625
742.0 12.06222880859375
743.0 31.72865341796875
744.0 17.19556494140625
745.0 11.331725
746.0 17.54668427734375
747.0 23.1897310546875
748.0 22.16822080078125
749.0 21.27535830078125
750.0 15.76973427734375
751.0 18.6750724609375
752.0 5.6654427734375
753.0 9.00275576171875
754.0 0.13639033203125
755.0 0.67725361328125
756.0 4.310369921875
757.0 21.52276962890625
758.0 32.3470732421875
759.0 27.6444513671875
760.0 28.5657796875
761.0 25.2477634765625
762.0 27.2932455078125
763.0 21.716805078125
764.0 21.19861943359375
765.0 33.63655126953125
766.0 33.2322177734375
767.0 25.47253212890625
768.0 10.23084287109375
769.0 27.84774765625
770.0 26.665233203125
771.0 23.190227734375
772.0 15.01093115234375
773.0 15.84993544921875
774.0 24.67129501953125
775.0 27.17721083984375
776.0 24.52104150390625
777.0 25.98971796875
778.0 28.01417314453125
779.0 18.93332724609375
780.0 33.67027255859375
781.0 31.570126171875
782.0 32.15233759765625
783.0 22.7742498046875
784.0 22.29325546875
785.0 19.8492634765625
786.0 24.09095859375
787.0 18.96905126953125
788.0 12.8556060546875
789.0 24.153591015625
790.0 11.5821888671875
791.0 24.4873849609375
792.0 23.5242873046875
793.0 19.394599609375
794.0 27.5582234375
795.0 16.5489322265625
796.0 15.6725673828125
797.0 8.61308798828125
798.0 17.23335830078125
799.0 23.78190576171875
