0.0 18.83461845703125
1.0 24.6700767578125
2.0 17.59036396484375
3.0 25.88727685546875
4.0 17.95167021484375
5.0 23.6420357421875
6.0 19.65204599609375
7.0 24.56807099609375
8.0 18.67121552734375
9.0 21.43182451171875
10.0 19.22633046875
11.0 17.54207001953125
12.0 20.8543267578125
13.0 22.1959841796875
14.0 19.41684716796875
15.0 22.760362109375
16.0 21.66607041015625
17.0 24.030672265625
18.0 22.585771875
19.0 19.0762650390625
20.0 17.5649619140625
21.0 22.15878505859375
22.0 20.92942197265625
23.0 22.57906279296875
24.0 16.06697880859375
25.0 22.0153455078125
26.0 12.74782265625
27.0 22.659509375
28.0 6.1468869140625
29.0 13.10327783203125
30.0 16.06037919921875
31.0 13.46002587890625
32.0 14.9596021484375
33.0 15.0433537109375
34.0 14.67734716796875
35.0 13.3302009765625
36.0 16.26844228515625
37.0 10.9066337890625
38.0 17.48277685546875
39.0 12.7726615234375
40.0 13.68866064453125
41.0 14.67483916015625
42.0 14.96013984375
43.0 13.27714609375
44.0 13.7402001953125
45.0 13.95876416015625
46.0 13.599087890625
47.0 11.82072138671875
48.0 14.0243423828125
49.0 12.4985646484375
50.0 14.011485546875
51.0 14.61642353515625
52.0 16.488278125
53.0 16.82143984375
54.0 17.9226271484375
55.0 14.79199306640625
56.0 15.75828408203125
57.0 17.7587970703125
58.0 17.93115283203125
59.0 15.97462880859375
60.0 18.6090775390625
61.0 19.12999931640625
62.0 17.40452001953125
63.0 19.48213798828125
64.0 20.7229583984375
65.0 18.42763662109375
66.0 20.21830693359375
67.0 17.5048953125
68.0 21.16985341796875
69.0 21.7175482421875
70.0 18.4057296875
71.0 19.8924736328125
72.0 20.91326279296875
73.0 18.207008203125
74.0 18.63444150390625
75.0 17.06810732421875
76.0 20.52799453125
77.0 23.10685283203125
78.0 15.20386953125
79.0 17.8547828125
80.0 21.82255947265625
81.0 19.76355595703125
82.0 19.7162251953125
83.0 25.46203388671875
84.0 22.73743447265625
85.0 24.82810771484375
86.0 23.10192890625
87.0 22.66815537109375
88.0 23.4979650390625
89.0 22.97254599609375
90.0 23.47623857421875
91.0 22.15761220703125
92.0 23.47772021484375
93.0 24.0040109375
94.0 18.82685673828125
95.0 22.23709169921875
96.0 23.66427431640625
97.0 25.2643421875
98.0 25.18412099609375
99.0 21.79180654296875
100.0 24.55421044921875
101.0 22.60499326171875
102.0 23.30723408203125
103.0 21.92046171875
104.0 21.12507685546875
105.0 28.81461103515625
106.0 22.1165806640625
107.0 21.253328515625
108.0 17.325751953125
109.0 25.90028740234375
110.0 26.35974111328125
111.0 6.38662060546875
112.0 30.91323779296875
113.0 22.5306234375
114.0 21.9095107421875
115.0 20.74230751953125
116.0 22.7065423828125
117.0 25.885863671875
118.0 21.9746529296875
119.0 24.5515556640625
120.0 21.16073125
121.0 23.3140876953125
122.0 24.30233115234375
123.0 22.2795111328125
124.0 21.72307607421875
125.0 24.227019921875
126.0 21.5525919921875
127.0 20.18931083984375
128.0 20.6362240234375
129.0 22.5021154296875
130.0 23.24980478515625
131.0 25.12139921875
132.0 22.50855087890625
133.0 24.13243271484375
134.0 21.91947705078125
135.0 22.41277861328125
136.0 22.16521865234375
137.0 25.10376787109375
138.0 25.455165234375
139.0 21.36429443359375
140.0 24.10747255859375
141.0 21.6016701171875
142.0 21.11959365234375
143.0 19.043872265625
144.0 21.14785830078125
145.0 21.46246875
146.0 16.5870919921875
147.0 22.3876818359375
148.0 19.8239400390625
149.0 21.93236552734375
150.0 22.1657146484375
151.0 22.7458419921875
152.0 20.59882587890625
153.0 18.3780412109375
154.0 18.75252021484375
155.0 20.7179833984375
156.0 20.52243349609375
157.0 14.267555859375
158.0 15.67857373046875
159.0 13.32869208984375
160.0 14.988944140625
161.0 16.03879619140625
162.0 17.77942138671875
163.0 19.69950966796875
164.0 16.40662978515625
165.0 13.209234375
166.0 16.4317427734375
167.0 15.4670896484375
168.0 18.217821484375
169.0 9.561866796875
170.0 20.11666005859375
171.0 16.84499765625
172.0 18.0921009765625
173.0 18.112935546875
174.0 16.1655029296875
175.0 19.71869970703125
176.0 21.271932421875
177.0 19.89735322265625
178.0 14.62196953125
179.0 18.20224140625
180.0 18.2307291015625
181.0 18.64360810546875
182.0 17.95381962890625
183.0 19.01507529296875
184.0 23.8183224609375
185.0 18.7200357421875
186.0 18.1878255859375
187.0 19.10941591796875
188.0 16.03299951171875
189.0 19.3569296875
190.0 20.38808759765625
191.0 16.9137982421875
192.0 20.66182744140625
193.0 15.63482041015625
194.0 15.986994921875
195.0 19.4779404296875
196.0 7.5584611328125
197.0 23.5736431640625
198.0 24.1145845703125
199.0 20.9207810546875
200.0 21.60116708984375
201.0 13.20615615234375
202.0 17.2382666015625
203.0 22.30601220703125
204.0 25.5591087890625
205.0 22.45289970703125
206.0 24.5001994140625
207.0 21.2588251953125
208.0 23.36686640625
209.0 21.3405541015625
210.0 23.30622705078125
211.0 23.887654296875
212.0 22.02877216796875
213.0 25.51675380859375
214.0 18.61595556640625
215.0 20.09687861328125
216.0 23.025331640625
217.0 8.03754462890625
218.0 21.08563701171875
219.0 18.2402580078125
220.0 24.20007060546875
221.0 23.47041728515625
222.0 25.3104228515625
223.0 24.09941171875
224.0 21.40427353515625
225.0 19.36281259765625
226.0 26.274551171875
227.0 25.46774404296875
228.0 21.742970703125
229.0 18.44103525390625
230.0 23.96288505859375
231.0 26.56827763671875
232.0 26.99069951171875
233.0 22.07009970703125
234.0 21.1397791015625
235.0 22.90934892578125
236.0 23.4578935546875
237.0 24.78966796875
238.0 18.6272400390625
239.0 23.10502373046875
240.0 23.85355478515625
241.0 22.54949052734375
242.0 24.34240419921875
243.0 22.21309365234375
244.0 20.9193115234375
245.0 24.722603125
246.0 26.19179560546875
247.0 23.12822939453125
248.0 26.6236263671875
249.0 20.72985947265625
250.0 20.80255283203125
251.0 19.75133212890625
252.0 22.7421666015625
253.0 24.184240625
254.0 19.28288896484375
255.0 25.13745205078125
256.0 20.9642337890625
257.0 21.3149158203125
258.0 19.808978125
259.0 18.16933642578125
260.0 21.87768271484375
261.0 18.80259267578125
262.0 16.0998892578125
263.0 19.208884375
264.0 20.46250283203125
265.0 17.065070703125
266.0 23.90278876953125
267.0 22.8099482421875
268.0 22.2376806640625
269.0 22.086607421875
270.0 24.03542275390625
271.0 24.67655166015625
272.0 20.66403544921875
273.0 24.8581197265625
274.0 19.16050224609375
275.0 23.75269873046875
276.0 22.32824296875
277.0 20.71765888671875
278.0 23.23520009765625
279.0 22.1442298828125
280.0 23.58326455078125
281.0 23.9466296875
282.0 21.753293359375
283.0 21.85471591796875
284.0 21.94302802734375
285.0 21.5323587890625
286.0 19.50403984375
287.0 17.89352578125
288.0 21.68262314453125
289.0 19.70668623046875
290.0 22.39513232421875
291.0 19.7238951171875
292.0 17.61739541015625
293.0 16.272421875
294.0 18.14029443359375
295.0 17.777618359375
296.0 16.00504453125
297.0 17.61336689453125
298.0 19.1748849609375
299.0 16.89989443359375
300.0 19.09741083984375
301.0 19.91200791015625
302.0 17.2998734375
303.0 19.92198193359375
304.0 17.12583759765625
305.0 19.3995732421875
306.0 17.23915849609375
307.0 16.420953515625
308.0 20.24856240234375
309.0 19.52170712890625
310.0 16.29234091796875
311.0 18.3294765625
312.0 19.55883935546875
313.0 19.70822734375
314.0 22.7009642578125
315.0 20.7429373046875
316.0 20.99543974609375
317.0 21.44422841796875
318.0 19.72586708984375
319.0 26.25353994140625
320.0 22.30036826171875
321.0 24.25928203125
322.0 22.50403330078125
323.0 25.63552421875
324.0 22.92456943359375
325.0 24.3469076171875
326.0 21.01313232421875
327.0 24.47322900390625
328.0 23.88435322265625
329.0 22.600247265625
330.0 23.9754423828125
331.0 22.7010052734375
332.0 18.7692953125
333.0 24.90656630859375
334.0 22.63795126953125
335.0 19.54580341796875
336.0 25.62050166015625
337.0 22.54953837890625
338.0 24.30442021484375
339.0 22.5132703125
340.0 22.38044423828125
341.0 16.235356640625
342.0 23.168280078125
343.0 24.2890388671875
344.0 24.6241763671875
345.0 21.95930595703125
346.0 23.368284765625
347.0 18.5998931640625
348.0 22.3162333984375
349.0 25.94521142578125
350.0 17.65006259765625
351.0 24.0678443359375
352.0 20.12891396484375
353.0 23.615333984375
354.0 22.66896884765625
355.0 22.8382947265625
356.0 24.7657244140625
357.0 23.25293388671875
358.0 26.07789150390625
359.0 22.9690234375
360.0 24.47879013671875
361.0 21.87375234375
362.0 24.24629482421875
363.0 27.10721806640625
364.0 20.72032353515625
365.0 24.005435546875
366.0 22.555283984375
367.0 25.3215990234375
368.0 20.75574189453125
369.0 24.003309765625
370.0 23.85041962890625
371.0 20.35076259765625
372.0 20.8284123046875
373.0 23.2512869140625
374.0 25.00223681640625
375.0 23.543444921875
376.0 21.84544345703125
377.0 25.0460140625
378.0 22.40661708984375
379.0 24.42374765625
380.0 14.078726953125
381.0 2.470785546875
382.0 50.38238369140625
383.0 23.330318359375
384.0 21.22747333984375
385.0 22.32854228515625
386.0 25.23705888671875
387.0 22.19871181640625
388.0 20.465112109375
389.0 22.1607435546875
390.0 22.64147744140625
391.0 22.7174931640625
392.0 23.61319638671875
393.0 20.98740068359375
394.0 15.7321408203125
395.0 22.87445537109375
396.0 21.6527041015625
397.0 21.422444921875
398.0 22.58622353515625
399.0 18.09430830078125
400.0 22.48902666015625
401.0 19.57285517578125
402.0 16.15373515625
403.0 18.51638564453125
404.0 20.924016796875
405.0 24.7373361328125
406.0 22.650648828125
407.0 24.42726611328125
408.0 22.5572904296875
409.0 23.97405068359375
410.0 24.90888564453125
411.0 21.743609765625
412.0 24.32167939453125
413.0 20.71537001953125
414.0 17.0921798828125
415.0 22.713726953125
416.0 21.03946884765625
417.0 21.7231359375
418.0 22.59758310546875
419.0 23.74922314453125
420.0 19.92863583984375
421.0 17.24609677734375
422.0 14.59547724609375
423.0 14.6489458984375
424.0 17.44378798828125
425.0 21.9985458984375
426.0 24.46293037109375
427.0 19.47372255859375
428.0 17.58074345703125
429.0 18.4018111328125
430.0 22.11168623046875
431.0 21.0437115234375
432.0 24.1599341796875
433.0 19.57303515625
434.0 24.218676953125
435.0 16.97060595703125
436.0 14.2947720703125
437.0 18.49277353515625
438.0 19.52535078125
439.0 18.76278076171875
440.0 16.8175220703125
441.0 14.8039525390625
442.0 17.73361376953125
443.0 13.9586103515625
444.0 13.965867578125
445.0 14.00173671875
446.0 13.8396548828125
447.0 15.487991796875
448.0 14.9943462890625
449.0 15.25750146484375
450.0 12.53289736328125
451.0 15.5585517578125
452.0 15.7386880859375
453.0 14.2142197265625
454.0 16.06619599609375
455.0 15.84137783203125
456.0 16.06467138671875
457.0 16.81631943359375
458.0 16.05408916015625
459.0 14.00387685546875
460.0 15.191573046875
461.0 15.24726767578125
462.0 14.08471455078125
463.0 15.653973046875
464.0 15.350376953125
465.0 15.24662646484375
466.0 13.32094091796875
467.0 15.23297705078125
468.0 15.867423046875
469.0 13.454514453125
470.0 15.13125810546875
471.0 15.338233984375
472.0 15.758211328125
473.0 12.859191796875
474.0 15.27621083984375
475.0 16.56494482421875
476.0 14.34074736328125
477.0 15.6422009765625
478.0 15.45651953125
479.0 15.91731357421875
480.0 16.1692169921875
481.0 16.3327890625
482.0 16.836509375
483.0 15.1025443359375
484.0 18.4311376953125
485.0 16.48651748046875
486.0 17.91949482421875
487.0 19.0468134765625
488.0 16.36428515625
489.0 17.78598642578125
490.0 18.62850537109375
491.0 16.45143828125
492.0 18.79403505859375
493.0 18.5496189453125
494.0 15.25881357421875
495.0 19.52501064453125
496.0 16.58736259765625
497.0 16.96711162109375
498.0 16.37950283203125
499.0 16.40110673828125
500.0 16.62485888671875
501.0 17.58656689453125
502.0 15.79075673828125
503.0 17.0410880859375
504.0 14.83297548828125
505.0 17.146748046875
506.0 24.01096875
507.0 22.18122890625
508.0 23.9990447265625
509.0 21.80435439453125
510.0 24.5403005859375
511.0 25.65829580078125
512.0 22.26248642578125
513.0 25.00146953125
514.0 22.60613583984375
515.0 24.47069560546875
516.0 23.220237890625
517.0 22.134599609375
518.0 25.60357734375
519.0 26.23384140625
520.0 22.9904994140625
521.0 23.787555859375
522.0 20.1047369140625
523.0 24.2783171875
524.0 20.39187294921875
525.0 23.38992333984375
526.0 22.3917373046875
527.0 20.7523265625
528.0 24.94007783203125
529.0 22.82902578125
530.0 25.50269111328125
531.0 22.65274921875
532.0 25.47306181640625
533.0 22.43036533203125
534.0 24.990532421875
535.0 21.2360578125
536.0 24.66381494140625
537.0 21.186179296875
538.0 21.257041015625
539.0 7.471108203125
540.0 6.36439609375
541.0 8.62623935546875
542.0 10.17160302734375
543.0 21.14295849609375
544.0 19.70826259765625
545.0 22.03705625
546.0 21.91827294921875
547.0 25.2354138671875
548.0 19.0445470703125
549.0 22.5861884765625
550.0 24.41090673828125
551.0 21.05716630859375
552.0 23.30676533203125
553.0 19.91877109375
554.0 28.763365234375
555.0 19.40129638671875
556.0 19.92343076171875
557.0 24.953378515625
558.0 23.89952041015625
559.0 21.083147265625
560.0 24.29842548828125
561.0 20.4854744140625
562.0 23.8014068359375
563.0 24.94139326171875
564.0 19.23384560546875
565.0 22.282953515625
566.0 21.44964345703125
567.0 20.79413837890625
568.0 23.69585869140625
569.0 19.9759619140625
570.0 23.2353859375
571.0 22.707958203125
572.0 23.82753291015625
573.0 20.7738529296875
574.0 19.92489287109375
575.0 23.01052490234375
576.0 21.4104677734375
577.0 23.86960537109375
578.0 22.26989150390625
579.0 23.82258994140625
580.0 20.5403986328125
581.0 14.77511943359375
582.0 17.096407421875
583.0 22.26049072265625
584.0 21.80347724609375
585.0 22.396135546875
586.0 17.48621572265625
587.0 20.7059056640625
588.0 18.60650908203125
589.0 16.6876205078125
590.0 19.33868798828125
591.0 17.92643017578125
592.0 22.01170283203125
593.0 21.79829189453125
594.0 15.80996435546875
595.0 20.160056640625
596.0 13.57482578125
597.0 27.54955576171875
598.0 16.2276759765625
599.0 20.52784501953125
600.0 18.827983203125
601.0 22.05887744140625
602.0 2.07097197265625
603.0 38.98752890625
604.0 22.52007978515625
605.0 16.0193921875
606.0 19.66857412109375
607.0 18.742328515625
608.0 19.11398974609375
609.0 24.67109052734375
610.0 19.240255078125
611.0 21.95099072265625
612.0 20.5987583984375
613.0 23.6350529296875
614.0 21.922251953125
615.0 22.393923828125
616.0 25.10031943359375
617.0 22.029322265625
618.0 25.50419609375
619.0 22.33497275390625
620.0 23.07923173828125
621.0 24.08674453125
622.0 21.21307353515625
623.0 24.50161455078125
624.0 21.9055109375
625.0 20.96132744140625
626.0 21.06812548828125
627.0 24.41204404296875
628.0 21.02614716796875
629.0 19.2990130859375
630.0 2.33822841796875
631.0 32.69263837890625
632.0 18.63128857421875
633.0 18.0016865234375
634.0 20.70638125
635.0 18.10038837890625
636.0 19.3582142578125
637.0 17.72051630859375
638.0 14.83887685546875
639.0 20.2306173828125
640.0 22.8522119140625
641.0 19.404644140625
642.0 22.13791357421875
643.0 20.7143060546875
644.0 7.31406494140625
645.0 33.71948740234375
646.0 16.20318525390625
647.0 17.540728125
648.0 22.48268837890625
649.0 20.8218166015625
650.0 21.1383015625
651.0 19.75157392578125
652.0 22.7245728515625
653.0 21.43600859375
654.0 19.386790234375
655.0 20.0567818359375
656.0 20.08419833984375
657.0 22.24284736328125
658.0 21.8255865234375
659.0 21.48743564453125
660.0 23.69027607421875
661.0 20.18474375
662.0 23.68912724609375
663.0 23.601185546875
664.0 20.66949716796875
665.0 23.2740943359375
666.0 18.9224330078125
667.0 23.16527236328125
668.0 22.0982888671875
669.0 22.4476986328125
670.0 23.9692775390625
671.0 21.526008984375
672.0 25.1224228515625
673.0 21.8819408203125
674.0 23.836746484375
675.0 17.2284875
676.0 31.4186017578125
677.0 23.00465302734375
678.0 23.18656796875
679.0 23.21649609375
680.0 24.87365458984375
681.0 21.73801728515625
682.0 23.56004765625
683.0 18.27000400390625
684.0 23.48698701171875
685.0 25.04345537109375
686.0 23.597651171875
687.0 25.38122880859375
688.0 24.66043583984375
689.0 22.589929296875
690.0 24.5553755859375
691.0 22.34062041015625
692.0 23.14461591796875
693.0 20.23477255859375
694.0 24.32009775390625
695.0 23.2708509765625
696.0 15.80464052734375
697.0 20.311108203125
698.0 22.013634375
699.0 21.65019599609375
700.0 23.78576845703125
701.0 22.15836181640625
702.0 24.32501318359375
703.0 20.54151337890625
704.0 20.622671484375
705.0 19.36547783203125
706.0 22.1675818359375
707.0 22.92837197265625
708.0 21.794330859375
709.0 25.08268779296875
710.0 24.0411291015625
711.0 18.40112060546875
712.0 23.61637919921875
713.0 19.95913291015625
714.0 19.05633056640625
715.0 20.6041666015625
716.0 22.253962109375
717.0 24.8398056640625
718.0 22.92073193359375
719.0 25.352646875
720.0 21.80990888671875
721.0 24.0718708984375
722.0 22.300762890625
723.0 22.330390625
724.0 23.44032451171875
725.0 18.97961015625
726.0 22.1099501953125
727.0 24.7185693359375
728.0 22.19485986328125
729.0 24.38767197265625
730.0 21.259557421875
731.0 26.07216328125
732.0 23.33182919921875
733.0 24.64302548828125
734.0 0.0
735.0 0.0
736.0 47.5336796875
737.0 22.83869609375
738.0 19.15984970703125
739.0 19.81386689453125
740.0 20.7947953125
741.0 25.074125
742.0 12.6903427734375
743.0 33.72885166015625
744.0 23.165469140625
745.0 18.38403818359375
746.0 22.95137578125
747.0 22.4736419921875
748.0 26.0690814453125
749.0 12.99374853515625
750.0 18.638459765625
751.0 22.98381845703125
752.0 20.89628798828125
753.0 18.7322021484375
754.0 19.32534443359375
755.0 21.93274169921875
756.0 24.06229208984375
757.0 20.3509359375
758.0 20.50638017578125
759.0 23.32105859375
760.0 19.80224736328125
761.0 22.58587451171875
762.0 20.32145830078125
763.0 25.44401923828125
764.0 26.21197421875
765.0 22.2909197265625
766.0 19.5620490234375
767.0 23.6607259765625
768.0 23.13047705078125
769.0 16.45457021484375
770.0 9.978687890625
771.0 23.14229501953125
772.0 21.3330318359375
773.0 24.9105599609375
774.0 19.66080244140625
775.0 21.0407005859375
776.0 19.16923359375
777.0 21.6976998046875
778.0 21.04334892578125
779.0 18.32573642578125
780.0 22.8479984375
781.0 20.7372611328125
782.0 22.40148564453125
783.0 23.0204197265625
784.0 21.21854765625
785.0 24.10596025390625
786.0 17.23193916015625
787.0 17.91763271484375
788.0 21.814533984375
789.0 17.809009765625
790.0 21.3879099609375
791.0 16.79863291015625
792.0 15.77611591796875
793.0 17.022516015625
794.0 15.76707978515625
795.0 14.622299609375
796.0 14.682636328125
797.0 14.57986435546875
798.0 13.87353720703125
799.0 12.86596826171875
