0.0 15.088130078125
1.0 0.3429947265625
2.0 6.104398046875
3.0 20.837290234375
4.0 20.47461630859375
5.0 19.36075458984375
6.0 21.22773759765625
7.0 17.8200501953125
8.0 19.469060546875
9.0 17.8406732421875
10.0 22.55418720703125
11.0 17.8890482421875
12.0 20.2742333984375
13.0 23.2057435546875
14.0 20.6257423828125
15.0 17.1095890625
16.0 16.76316845703125
17.0 15.23895341796875
18.0 20.88551220703125
19.0 11.5795046875
20.0 19.78930029296875
21.0 20.1604427734375
22.0 13.19624853515625
23.0 16.84839423828125
24.0 20.61078818359375
25.0 16.50692841796875
26.0 17.90072392578125
27.0 18.177559765625
28.0 20.3009298828125
29.0 21.805780859375
30.0 17.068053515625
31.0 23.48569375
32.0 18.2735671875
33.0 21.39813544921875
34.0 20.9452966796875
35.0 22.362709765625
36.0 13.205253125
37.0 31.3028533203125
38.0 22.6957546875
39.0 15.63730810546875
40.0 19.88608916015625
41.0 18.4382755859375
42.0 22.44243974609375
43.0 19.03556279296875
44.0 24.25906435546875
45.0 22.44904775390625
46.0 23.1555736328125
47.0 24.49817587890625
48.0 22.11404638671875
49.0 20.8868794921875
50.0 22.7943349609375
51.0 16.20863369140625
52.0 33.257820703125
53.0 21.11931416015625
54.0 25.15536513671875
55.0 22.34199248046875
56.0 26.14759462890625
57.0 19.645066015625
58.0 26.05989462890625
59.0 23.6081001953125
60.0 19.91823125
61.0 28.82303017578125
62.0 27.858216015625
63.0 27.32052626953125
64.0 22.72034248046875
65.0 27.263400390625
66.0 25.0851017578125
67.0 22.47238251953125
68.0 25.25754443359375
69.0 24.5448765625
70.0 17.16599189453125
71.0 21.4846779296875
72.0 18.57905732421875
73.0 22.88731669921875
74.0 24.4796705078125
75.0 23.78317109375
76.0 26.73781044921875
77.0 22.90643701171875
78.0 25.979091015625
79.0 23.5063296875
80.0 23.59515029296875
81.0 22.51068310546875
82.0 16.9568291015625
83.0 22.898298828125
84.0 22.261719921875
85.0 23.58347080078125
86.0 26.6731431640625
87.0 24.85056103515625
88.0 22.74005302734375
89.0 22.3111935546875
90.0 23.1813466796875
91.0 17.05633017578125
92.0 22.8357455078125
93.0 16.62847041015625
94.0 15.11134599609375
95.0 20.6155451171875
96.0 24.00736982421875
97.0 23.4452626953125
98.0 25.4325859375
99.0 25.422468359375
100.0 27.8987431640625
101.0 23.1693484375
102.0 28.517403125
103.0 25.38597490234375
104.0 21.97981142578125
105.0 20.74978544921875
106.0 26.7866380859375
107.0 26.49915078125
108.0 24.09185888671875
109.0 27.6618986328125
110.0 22.6656873046875
111.0 26.8099375
112.0 19.26766376953125
113.0 22.96436533203125
114.0 26.18194267578125
115.0 26.10135859375
116.0 22.51006923828125
117.0 22.17097216796875
118.0 26.2685275390625
119.0 24.5518875
120.0 24.70490830078125
121.0 22.4253044921875
122.0 23.67571416015625
123.0 23.588298828125
124.0 26.60725869140625
125.0 24.407083203125
126.0 18.75841123046875
127.0 24.9552939453125
128.0 20.18577041015625
129.0 21.41872744140625
130.0 20.1523638671875
131.0 25.23746064453125
132.0 22.24006298828125
133.0 24.03527421875
134.0 22.58522236328125
135.0 17.37538486328125
136.0 21.26558955078125
137.0 24.77021923828125
138.0 23.2787134765625
139.0 24.39309306640625
140.0 26.60008955078125
141.0 19.321255078125
142.0 23.12411806640625
143.0 17.0957091796875
144.0 15.07488095703125
145.0 7.96480087890625
146.0 18.88436630859375
147.0 13.44226025390625
148.0 11.6120935546875
149.0 19.89975859375
150.0 26.65818671875
151.0 16.4189384765625
152.0 30.804265234375
153.0 20.43811953125
154.0 18.39350771484375
155.0 19.9720177734375
156.0 18.3428205078125
157.0 18.180652734375
158.0 20.0103591796875
159.0 20.41627109375
160.0 24.24499931640625
161.0 23.95290634765625
162.0 21.696751953125
163.0 26.07658427734375
164.0 23.42369619140625
165.0 25.4582984375
166.0 25.0607615234375
167.0 22.06053935546875
168.0 21.495072265625
169.0 21.42467880859375
170.0 25.71378857421875
171.0 26.6638130859375
172.0 24.857874609375
173.0 26.688617578125
174.0 24.4747162109375
175.0 21.5542654296875
176.0 24.60449921875
177.0 25.39476064453125
178.0 26.25410458984375
179.0 29.02941376953125
180.0 24.05317841796875
181.0 22.2392060546875
182.0 21.922753515625
183.0 27.64858076171875
184.0 25.5133490234375
185.0 26.19202724609375
186.0 18.79001455078125
187.0 19.0287423828125
188.0 20.7200259765625
189.0 14.97465712890625
190.0 18.87614775390625
191.0 17.64397529296875
192.0 15.01715380859375
193.0 17.80047666015625
194.0 22.34108720703125
195.0 14.93470693359375
196.0 17.28947744140625
197.0 19.88750908203125
198.0 20.93483173828125
199.0 22.96359072265625
200.0 21.29297314453125
201.0 21.9955146484375
202.0 23.22274736328125
203.0 20.78915341796875
204.0 25.3995849609375
205.0 22.34467998046875
206.0 24.3376138671875
207.0 23.55672587890625
208.0 23.84811064453125
209.0 17.346814453125
210.0 17.69074130859375
211.0 19.62435771484375
212.0 23.51167158203125
213.0 23.27555078125
214.0 23.14379443359375
215.0 24.78536416015625
216.0 20.76120849609375
217.0 19.80471455078125
218.0 18.85903134765625
219.0 18.82868759765625
220.0 18.928677734375
221.0 18.903426171875
222.0 10.37777763671875
223.0 22.0151361328125
224.0 17.64841083984375
225.0 16.311284375
226.0 24.94575185546875
227.0 21.47794130859375
228.0 26.22910517578125
229.0 24.9938857421875
230.0 29.41555302734375
231.0 22.82498935546875
232.0 29.702069140625
233.0 22.6001875
234.0 28.5749025390625
235.0 26.51126123046875
236.0 26.7428548828125
237.0 22.80376005859375
238.0 28.47896201171875
239.0 23.83831533203125
240.0 24.98130302734375
241.0 17.49290458984375
242.0 21.17713759765625
243.0 25.60654072265625
244.0 16.594578515625
245.0 33.27420244140625
246.0 25.8529658203125
247.0 22.49139677734375
248.0 29.11881806640625
249.0 23.80811884765625
250.0 26.145540234375
251.0 24.8592404296875
252.0 22.54768642578125
253.0 24.61944248046875
254.0 29.08555205078125
255.0 18.7271970703125
256.0 21.78562734375
257.0 32.7030873046875
258.0 26.75889921875
259.0 25.08800849609375
260.0 28.14520380859375
261.0 19.3260845703125
262.0 29.30598759765625
263.0 23.06796474609375
264.0 24.9026111328125
265.0 25.3043728515625
266.0 25.6621580078125
267.0 24.2901134765625
268.0 17.49130087890625
269.0 36.923542578125
270.0 22.57483505859375
271.0 22.98175166015625
272.0 31.87580517578125
273.0 25.46429443359375
274.0 27.34062392578125
275.0 25.65706806640625
276.0 27.523540234375
277.0 25.090726171875
278.0 27.47068359375
279.0 26.29178603515625
280.0 26.74469921875
281.0 26.50639794921875
282.0 28.48435498046875
283.0 26.00606220703125
284.0 28.73135546875
285.0 21.2080029296875
286.0 28.4148564453125
287.0 26.49124833984375
288.0 28.6118306640625
289.0 25.62831064453125
290.0 27.54577890625
291.0 25.96609599609375
292.0 27.99673759765625
293.0 27.21268779296875
294.0 25.06344384765625
295.0 28.4951830078125
296.0 24.9620986328125
297.0 29.36955439453125
298.0 26.59306396484375
299.0 28.05403115234375
300.0 24.81780986328125
301.0 28.1093544921875
302.0 25.13179599609375
303.0 25.91867392578125
304.0 26.53491904296875
305.0 25.17639111328125
306.0 27.953665625
307.0 28.55091142578125
308.0 25.18056953125
309.0 16.11141865234375
310.0 27.88299677734375
311.0 20.61834111328125
312.0 22.98184404296875
313.0 21.144196875
314.0 18.07921083984375
315.0 18.5232865234375
316.0 21.22759560546875
317.0 14.371858203125
318.0 21.59390615234375
319.0 18.88204951171875
320.0 21.198278125
321.0 22.29393291015625
322.0 20.82945048828125
323.0 30.0007712890625
324.0 18.29786328125
325.0 31.098185546875
326.0 20.45688623046875
327.0 13.8606259765625
328.0 27.070555078125
329.0 24.69669296875
330.0 24.8454880859375
331.0 21.48366328125
332.0 23.6515904296875
333.0 20.7642369140625
334.0 22.65403369140625
335.0 22.74020791015625
336.0 20.647670703125
337.0 20.21093388671875
338.0 24.7722470703125
339.0 19.774230859375
340.0 24.46864775390625
341.0 25.9539625
342.0 23.3467548828125
343.0 18.32925244140625
344.0 22.1257279296875
345.0 21.28731669921875
346.0 16.55872666015625
347.0 19.95081142578125
348.0 18.38846259765625
349.0 22.70272099609375
350.0 26.57305595703125
351.0 23.94375595703125
352.0 21.38980126953125
353.0 17.49951962890625
354.0 16.68864609375
355.0 17.3886853515625
356.0 16.3871900390625
357.0 15.83135849609375
358.0 17.4047904296875
359.0 16.242488671875
360.0 21.245373046875
361.0 21.90985068359375
362.0 18.94382431640625
363.0 21.37691630859375
364.0 22.09597919921875
365.0 21.4499904296875
366.0 21.74163642578125
367.0 15.94266328125
368.0 18.3176193359375
369.0 17.83612119140625
370.0 18.79875517578125
371.0 20.50842724609375
372.0 17.9540306640625
373.0 18.279302734375
374.0 22.25289775390625
375.0 23.76188349609375
376.0 21.6662228515625
377.0 21.21631455078125
378.0 17.07377490234375
379.0 20.67424970703125
380.0 22.094684765625
381.0 19.09175546875
382.0 23.0645048828125
383.0 18.23905439453125
384.0 18.7228314453125
385.0 12.53348447265625
386.0 10.5169439453125
387.0 17.3832943359375
388.0 11.352069140625
389.0 21.44796435546875
390.0 23.38691279296875
391.0 17.22595673828125
392.0 22.24162197265625
393.0 23.549640625
394.0 13.51693349609375
395.0 22.55303583984375
396.0 17.1184962890625
397.0 15.59128701171875
398.0 15.6421505859375
399.0 24.5039748046875
400.0 17.9241861328125
401.0 16.52422998046875
402.0 24.9223615234375
403.0 14.89188564453125
404.0 27.9334962890625
405.0 19.6779234375
406.0 18.93890810546875
407.0 17.93969755859375
408.0 21.1098765625
409.0 21.1323056640625
410.0 17.76212861328125
411.0 26.8945595703125
412.0 22.77998076171875
413.0 21.04234208984375
414.0 24.96464736328125
415.0 17.40600966796875
416.0 13.31154951171875
417.0 25.5838177734375
418.0 25.40067734375
419.0 21.61223583984375
420.0 25.547651171875
421.0 20.6506876953125
422.0 22.02483505859375
423.0 20.58873681640625
424.0 24.58113427734375
425.0 22.75822939453125
426.0 23.30837626953125
427.0 25.39407705078125
428.0 22.8695966796875
429.0 26.30222998046875
430.0 23.943801171875
431.0 24.2411556640625
432.0 21.92651474609375
433.0 19.06800771484375
434.0 20.5247783203125
435.0 30.19464892578125
436.0 19.2917470703125
437.0 23.3679251953125
438.0 25.51740126953125
439.0 23.1392818359375
440.0 26.03593193359375
441.0 24.7628859375
442.0 24.8393802734375
443.0 26.2043771484375
444.0 21.859847265625
445.0 22.59429814453125
446.0 26.57020771484375
447.0 24.91500244140625
448.0 25.44767080078125
449.0 24.2763666015625
450.0 22.82271259765625
451.0 22.376974609375
452.0 24.65116220703125
453.0 21.8508080078125
454.0 1.97579814453125
455.0 33.50350517578125
456.0 20.67962001953125
457.0 17.27332041015625
458.0 22.952905078125
459.0 24.89397099609375
460.0 24.37705302734375
461.0 21.77910693359375
462.0 25.43184775390625
463.0 23.8218130859375
464.0 24.31753212890625
465.0 20.30319248046875
466.0 19.37346103515625
467.0 23.02830361328125
468.0 16.3815611328125
469.0 18.296854296875
470.0 18.37850439453125
471.0 23.8953328125
472.0 23.43351123046875
473.0 18.7222568359375
474.0 19.10120390625
475.0 18.8119912109375
476.0 19.49924365234375
477.0 21.5852783203125
478.0 27.9762740234375
479.0 19.23307861328125
480.0 17.5481279296875
481.0 27.25528310546875
482.0 23.076423828125
483.0 26.990208203125
484.0 24.30694931640625
485.0 23.93604482421875
486.0 22.476659375
487.0 23.67348408203125
488.0 22.702369140625
489.0 25.23898828125
490.0 24.09924970703125
491.0 27.93176865234375
492.0 23.6222826171875
493.0 26.62381376953125
494.0 22.54065654296875
495.0 26.471144140625
496.0 24.5209271484375
497.0 29.10375419921875
498.0 22.5855060546875
499.0 24.47606015625
500.0 22.77709677734375
501.0 25.99812578125
502.0 24.9496865234375
503.0 22.56013427734375
504.0 25.53497861328125
505.0 20.87743564453125
506.0 25.50722880859375
507.0 23.23857705078125
508.0 22.99983857421875
509.0 20.40341376953125
510.0 22.92477685546875
511.0 23.430966796875
512.0 19.58334794921875
513.0 21.08685673828125
514.0 4.60417568359375
515.0 0.2183380859375
516.0 6.41834697265625
517.0 20.35371142578125
518.0 16.92462890625
519.0 21.01781630859375
520.0 22.97262470703125
521.0 16.8417947265625
522.0 16.7200501953125
523.0 6.27130849609375
524.0 34.109207421875
525.0 17.85405185546875
526.0 19.5541408203125
527.0 21.9560384765625
528.0 17.06098876953125
529.0 17.68239482421875
530.0 21.38575498046875
531.0 16.99501435546875
532.0 20.20607744140625
533.0 19.11566044921875
534.0 20.51447744140625
535.0 19.5616375
536.0 16.63142861328125
537.0 17.959046484375
538.0 24.15338857421875
539.0 18.5698326171875
540.0 20.41791142578125
541.0 21.6559361328125
542.0 21.6057189453125
543.0 24.57611123046875
544.0 24.47613896484375
545.0 21.13498046875
546.0 23.41174775390625
547.0 25.5946880859375
548.0 24.4475658203125
549.0 24.27195322265625
550.0 25.14600234375
551.0 22.7586193359375
552.0 25.92854521484375
553.0 21.72556826171875
554.0 25.09690537109375
555.0 21.3614009765625
556.0 22.20059345703125
557.0 25.73492412109375
558.0 22.41535517578125
559.0 23.61614189453125
560.0 19.9556693359375
561.0 24.4039822265625
562.0 28.20032353515625
563.0 22.74343662109375
564.0 25.6928392578125
565.0 27.16833203125
566.0 26.526916015625
567.0 20.82166064453125
568.0 30.738090625
569.0 28.0867208984375
570.0 19.9144830078125
571.0 21.7855986328125
572.0 35.74322080078125
573.0 24.80157978515625
574.0 22.18010595703125
575.0 25.0662701171875
576.0 22.93669228515625
577.0 25.95692275390625
578.0 23.03617001953125
579.0 24.6302287109375
580.0 20.561204296875
581.0 28.9738787109375
582.0 27.26678564453125
583.0 25.15275830078125
584.0 27.36918662109375
585.0 23.13894814453125
586.0 18.91692822265625
587.0 29.77447138671875
588.0 27.9591822265625
589.0 23.7253845703125
590.0 25.90341669921875
591.0 21.941815234375
592.0 27.4155580078125
593.0 19.488888671875
594.0 27.16981630859375
595.0 23.67192021484375
596.0 22.15707587890625
597.0 27.18972080078125
598.0 26.29552021484375
599.0 24.617858203125
600.0 26.90924677734375
601.0 24.51831396484375
602.0 24.962608203125
603.0 25.67805625
604.0 24.57787646484375
605.0 26.3206798828125
606.0 26.59185263671875
607.0 27.75264365234375
608.0 19.93906748046875
609.0 26.84614052734375
610.0 25.74714560546875
611.0 21.105829296875
612.0 29.49477138671875
613.0 25.21524248046875
614.0 25.08915595703125
615.0 24.78770361328125
616.0 26.4888841796875
617.0 22.603716796875
618.0 28.2285349609375
619.0 22.51262822265625
620.0 25.2968009765625
621.0 24.27774990234375
622.0 27.531390234375
623.0 24.76757216796875
624.0 25.6111224609375
625.0 18.69420869140625
626.0 22.6351068359375
627.0 25.63794775390625
628.0 24.352551171875
629.0 24.589800390625
630.0 20.9461740234375
631.0 22.66402587890625
632.0 21.2156740234375
633.0 19.90962412109375
634.0 18.403877734375
635.0 16.73702548828125
636.0 21.3563080078125
637.0 18.306525390625
638.0 24.1041978515625
639.0 21.03409599609375
640.0 18.27931416015625
641.0 20.20803505859375
642.0 22.42546748046875
643.0 18.78381171875
644.0 22.51747275390625
645.0 24.84397705078125
646.0 17.75917978515625
647.0 23.164305078125
648.0 24.8275578125
649.0 20.92176455078125
650.0 25.06837666015625
651.0 22.0084962890625
652.0 18.437802734375
653.0 15.2630640625
654.0 23.20980244140625
655.0 21.09390634765625
656.0 18.35693798828125
657.0 17.73321650390625
658.0 15.2363234375
659.0 14.3991486328125
660.0 9.8242798828125
661.0 19.7058185546875
662.0 17.583803515625
663.0 19.86376279296875
664.0 17.482475
665.0 19.02823681640625
666.0 16.407617578125
667.0 16.807642578125
668.0 21.66618603515625
669.0 15.22792724609375
670.0 17.994180859375
671.0 18.8406740234375
672.0 21.355140234375
673.0 21.88178505859375
674.0 21.27299609375
675.0 12.50109033203125
676.0 17.7849830078125
677.0 17.3533451171875
678.0 18.938071484375
679.0 17.9899705078125
680.0 18.83371279296875
681.0 15.900444140625
682.0 29.7495234375
683.0 18.36589716796875
684.0 19.32624345703125
685.0 24.93739541015625
686.0 19.729157421875
687.0 20.82295537109375
688.0 16.83741044921875
689.0 21.0929734375
690.0 17.6457568359375
691.0 17.35994306640625
692.0 22.66321171875
693.0 22.25138671875
694.0 18.467058984375
695.0 19.0752931640625
696.0 21.78873623046875
697.0 21.08387392578125
698.0 19.79703369140625
699.0 13.2605859375
700.0 21.17030263671875
701.0 16.84779814453125
702.0 21.7331833984375
703.0 16.88472802734375
704.0 26.26256201171875
705.0 22.35112978515625
706.0 20.5023689453125
707.0 23.31417744140625
708.0 19.43883076171875
709.0 21.12248515625
710.0 25.89374658203125
711.0 24.3450857421875
712.0 28.07691640625
713.0 23.9224126953125
714.0 27.07027236328125
715.0 20.568171484375
716.0 24.6180244140625
717.0 24.19817412109375
718.0 22.99758017578125
719.0 19.13011669921875
720.0 23.3256474609375
721.0 25.20360341796875
722.0 23.075584765625
723.0 24.98857080078125
724.0 24.23072900390625
725.0 22.50955009765625
726.0 22.901412890625
727.0 22.45170087890625
728.0 22.8618337890625
729.0 22.398412890625
730.0 20.13526005859375
731.0 22.30599765625
732.0 19.994073046875
733.0 16.3264021484375
734.0 23.75870302734375
735.0 21.33436015625
736.0 19.44324169921875
737.0 17.40051650390625
738.0 24.69875595703125
739.0 21.593579296875
740.0 21.84321943359375
741.0 21.36321181640625
742.0 17.8710548828125
743.0 17.15751455078125
744.0 23.010073046875
745.0 21.1095337890625
746.0 24.127384765625
747.0 24.2709224609375
748.0 20.49964873046875
749.0 21.0128400390625
750.0 18.50223193359375
751.0 23.97443994140625
752.0 21.29491142578125
753.0 23.4514494140625
754.0 24.17369091796875
755.0 23.361314453125
756.0 25.3729630859375
757.0 17.97481806640625
758.0 27.34699736328125
759.0 18.9643427734375
760.0 26.1010666015625
761.0 21.8036548828125
762.0 26.99144501953125
763.0 24.89412275390625
764.0 21.61752763671875
765.0 25.910226171875
766.0 23.436715625
767.0 27.54428896484375
768.0 24.75339609375
769.0 26.65005361328125
770.0 25.75474677734375
771.0 25.16399267578125
772.0 24.10502509765625
773.0 28.42794990234375
774.0 25.19247607421875
775.0 27.0042177734375
776.0 25.00230595703125
777.0 26.184191796875
778.0 24.66345791015625
779.0 26.1362599609375
780.0 28.11697890625
781.0 24.14852900390625
782.0 19.4388212890625
783.0 30.5858345703125
784.0 27.6855333984375
785.0 23.02762060546875
786.0 24.89816787109375
787.0 23.86885625
788.0 26.9164486328125
789.0 24.653867578125
790.0 27.7754630859375
791.0 20.13527744140625
792.0 23.23288828125
793.0 10.2002869140625
794.0 38.38558212890625
795.0 24.8651994140625
796.0 25.49516044921875
797.0 21.18752109375
798.0 22.872151953125
799.0 28.7436859375
