0.0 4.71030185546875
1.0 4.80535419921875
2.0 5.017829296875
3.0 5.10695390625
4.0 3.8105064453125
5.0 5.2527232421875
6.0 4.176848046875
7.0 6.4098392578125
8.0 5.32971005859375
9.0 6.19130400390625
10.0 4.70452578125
11.0 6.77954130859375
12.0 7.3915796875
13.0 6.30165888671875
14.0 4.285824609375
15.0 6.34613994140625
16.0 7.573953125
17.0 4.29621611328125
18.0 2.5835166015625
19.0 3.37450029296875
20.0 3.9277365234375
21.0 4.54287060546875
22.0 3.0320099609375
23.0 3.818646484375
24.0 3.6502234375
25.0 4.17724736328125
26.0 2.0978595703125
27.0 3.30345078125
28.0 3.4216984375
29.0 3.6627134765625
30.0 4.61630732421875
31.0 5.15536630859375
32.0 8.17172880859375
33.0 6.15689326171875
34.0 2.445832421875
35.0 4.65164248046875
36.0 3.59827197265625
37.0 4.381334375
38.0 4.30586689453125
39.0 5.28157490234375
40.0 4.8325998046875
41.0 5.040087890625
42.0 6.0351654296875
43.0 4.43992451171875
44.0 4.03934853515625
45.0 2.082143359375
46.0 2.2949294921875
47.0 4.19475458984375
48.0 4.4418755859375
49.0 3.57833115234375
50.0 4.563165625
51.0 3.163003125
52.0 1.11043427734375
53.0 1.05496279296875
54.0 1.18746962890625
55.0 0.1251908203125
56.0 0.03116611328125
57.0 0.05182646484375
58.0 3.7585033203125
59.0 3.91990595703125
60.0 5.24161474609375
61.0 4.59604140625
62.0 4.8898482421875
63.0 3.00731708984375
64.0 4.8696119140625
65.0 2.86741845703125
66.0 0.04236552734375
67.0 0.0206603515625
68.0 0.748161328125
69.0 1.469806640625
70.0 2.6937578125
71.0 4.2171080078125
72.0 4.5889267578125
73.0 4.05737705078125
74.0 4.6340951171875
75.0 5.058645703125
76.0 4.032337109375
77.0 4.48304814453125
78.0 0.1381814453125
79.0 0.54120634765625
80.0 0.93913037109375
81.0 0.3914748046875
82.0 2.3537611328125
83.0 4.86940625
84.0 4.570867578125
85.0 4.264136328125
86.0 4.6044486328125
87.0 4.11975498046875
88.0 4.44139375
89.0 3.4979861328125
90.0 4.46398408203125
91.0 4.34726572265625
92.0 1.8780388671875
93.0 2.28923076171875
94.0 4.8314978515625
95.0 4.192493359375
96.0 4.6522859375
97.0 5.0632443359375
98.0 1.5583650390625
99.0 4.1052787109375
100.0 4.51568056640625
101.0 4.64854609375
102.0 4.30132626953125
103.0 4.12112626953125
104.0 5.491910546875
105.0 3.836975
106.0 3.3691396484375
107.0 3.33122353515625
108.0 0.2915267578125
109.0 0.8899564453125
110.0 0.6382341796875
111.0 1.12192158203125
112.0 0.79234697265625
113.0 0.703412109375
114.0 0.55531591796875
115.0 0.717170703125
116.0 0.73765556640625
117.0 0.52019501953125
118.0 4.0762228515625
119.0 5.46751171875
120.0 5.06277373046875
121.0 5.61197578125
122.0 5.237285546875
123.0 4.6007654296875
124.0 3.711348828125
125.0 1.809595703125
126.0 4.899007421875
127.0 4.85046953125
128.0 5.24531162109375
129.0 4.61374951171875
130.0 5.27424423828125
131.0 5.04516005859375
132.0 5.488186328125
133.0 5.14305283203125
134.0 5.85400615234375
135.0 5.93288583984375
136.0 5.39128134765625
137.0 5.8830306640625
138.0 5.27263212890625
139.0 4.32951220703125
140.0 5.2919431640625
141.0 4.9554490234375
142.0 4.7710146484375
143.0 4.87704912109375
144.0 5.49367978515625
145.0 4.9081439453125
146.0 4.15646005859375
147.0 4.30952177734375
148.0 4.80171796875
149.0 2.8376251953125
150.0 0.842714453125
151.0 2.1376712890625
152.0 5.7451125
153.0 4.894170703125
154.0 5.7051173828125
155.0 5.32154677734375
156.0 5.3393783203125
157.0 5.37360693359375
158.0 2.2826037109375
159.0 4.4753265625
160.0 4.61736220703125
161.0 4.57299814453125
162.0 4.78138505859375
163.0 4.13609794921875
164.0 5.0467119140625
165.0 4.51793876953125
166.0 4.712209765625
167.0 4.8509169921875
168.0 4.99078623046875
169.0 4.7602470703125
170.0 3.36135302734375
171.0 3.10331728515625
172.0 5.86889375
173.0 4.12728369140625
174.0 2.94747001953125
175.0 4.372238671875
176.0 5.2959107421875
177.0 4.78826357421875
178.0 4.5805490234375
179.0 5.13879658203125
180.0 5.39626513671875
181.0 4.95001171875
182.0 4.98047236328125
183.0 5.0755396484375
184.0 5.1512828125
185.0 4.7517357421875
186.0 3.78571064453125
187.0 3.21400166015625
188.0 6.18274013671875
189.0 5.00140009765625
190.0 5.06411357421875
191.0 4.96032548828125
192.0 2.26554677734375
193.0 6.12879326171875
194.0 5.33874248046875
195.0 4.05057734375
196.0 4.3535806640625
197.0 2.062705078125
198.0 1.88109189453125
199.0 1.2277373046875
200.0 1.740234375
201.0 1.5098115234375
202.0 3.684624609375
203.0 2.05895
204.0 1.10894921875
205.0 0.01033017578125
206.0 2.4696294921875
207.0 2.4182025390625
208.0 5.20668408203125
209.0 5.5532197265625
210.0 5.5313017578125
211.0 4.82538330078125
212.0 5.6693705078125
213.0 5.4527576171875
214.0 5.13872509765625
215.0 3.5901259765625
216.0 6.0547873046875
217.0 4.688504296875
218.0 5.006413671875
219.0 4.36768662109375
220.0 4.8542931640625
221.0 5.85205478515625
222.0 5.2318017578125
223.0 5.872205859375
224.0 5.81113076171875
225.0 5.70679541015625
226.0 6.20758154296875
227.0 3.73991826171875
228.0 5.246955859375
229.0 6.6153490234375
230.0 6.3465447265625
231.0 5.7857205078125
232.0 4.55365810546875
233.0 6.6811302734375
234.0 5.67912841796875
235.0 4.99707705078125
236.0 4.617334765625
237.0 4.97024345703125
238.0 6.4967048828125
239.0 5.79184189453125
240.0 6.525785546875
241.0 9.51217470703125
242.0 7.98676748046875
243.0 5.49670029296875
244.0 4.7429763671875
245.0 5.5011599609375
246.0 7.69428623046875
247.0 10.7923671875
248.0 5.38732529296875
249.0 5.3068521484375
250.0 7.38873623046875
251.0 6.7580857421875
252.0 8.98435380859375
253.0 10.03113876953125
254.0 12.54072919921875
255.0 11.419970703125
256.0 6.787487890625
257.0 6.90286513671875
258.0 4.78038701171875
259.0 4.86383154296875
260.0 4.84584755859375
261.0 4.8630009765625
262.0 4.7215951171875
263.0 6.6671671875
264.0 6.4496220703125
265.0 5.62194794921875
266.0 4.80320966796875
267.0 7.1250296875
268.0 8.0021595703125
269.0 5.88659658203125
270.0 6.56458935546875
271.0 6.49587802734375
272.0 5.08298330078125
273.0 6.421916796875
274.0 7.3785009765625
275.0 5.92384921875
276.0 7.2046439453125
277.0 6.61059130859375
278.0 4.33867236328125
279.0 4.748241796875
280.0 4.75122763671875
281.0 4.1196259765625
282.0 4.673258203125
283.0 4.21763154296875
284.0 0.0
285.0 0.0
286.0 0.0
287.0 0.0
288.0 0.0
289.0 20.84598369140625
290.0 10.32387861328125
291.0 4.84801083984375
292.0 5.1427544921875
293.0 4.0699517578125
294.0 5.48214873046875
295.0 4.6556875
296.0 4.91622197265625
297.0 3.57939541015625
298.0 5.071928515625
299.0 4.523250390625
300.0 4.5678818359375
301.0 4.9297154296875
302.0 4.8988041015625
303.0 4.5882466796875
304.0 3.82351279296875
305.0 6.73250166015625
306.0 4.435831640625
307.0 3.56767314453125
308.0 5.44770439453125
309.0 4.9395111328125
310.0 4.36780703125
311.0 3.77066533203125
312.0 3.4999671875
313.0 3.1961494140625
314.0 0.43901123046875
315.0 3.2304744140625
316.0 1.93278681640625
317.0 0.72732548828125
318.0 0.98751064453125
319.0 0.37777841796875
320.0 0.73509833984375
321.0 0.4678421875
322.0 0.719451953125
323.0 2.943683203125
324.0 5.1570654296875
325.0 4.4536744140625
326.0 3.41621123046875
327.0 6.00913642578125
328.0 5.03090849609375
329.0 4.70572939453125
330.0 3.89516787109375
331.0 6.3613115234375
332.0 4.8990998046875
333.0 4.884236328125
334.0 4.78118046875
335.0 5.2501947265625
336.0 5.166678125
337.0 4.3192962890625
338.0 3.31964951171875
339.0 4.59989130859375
340.0 4.38131845703125
341.0 4.6122041015625
342.0 3.9743240234375
343.0 4.52439453125
344.0 4.7094517578125
345.0 1.7434142578125
346.0 2.6359013671875
347.0 4.46902392578125
348.0 4.7070615234375
349.0 4.77741005859375
350.0 4.3317435546875
351.0 5.2929005859375
352.0 4.8926775390625
353.0 5.34214716796875
354.0 5.11133701171875
355.0 2.3434689453125
356.0 0.16651162109375
357.0 0.73870849609375
358.0 0.5086365234375
359.0 1.7557251953125
360.0 3.993124609375
361.0 1.8497294921875
362.0 5.5432494140625
363.0 4.9463353515625
364.0 5.6280044921875
365.0 4.8716685546875
366.0 6.205458203125
367.0 3.95183251953125
368.0 4.79207099609375
369.0 4.9666435546875
370.0 4.949269921875
371.0 6.98673564453125
372.0 11.36225166015625
373.0 10.505121875
374.0 7.4883111328125
375.0 8.56207373046875
376.0 8.06140390625
377.0 7.5599767578125
378.0 6.71823623046875
379.0 8.57606142578125
380.0 3.97831552734375
381.0 10.03814326171875
382.0 10.81439677734375
383.0 2.86940927734375
384.0 0.35744375
385.0 0.13281015625
386.0 4.5673443359375
387.0 4.33316025390625
388.0 5.245251953125
389.0 3.6859037109375
390.0 4.91793515625
391.0 5.00128125
392.0 5.36070673828125
393.0 5.6409388671875
394.0 5.895983203125
395.0 5.35546572265625
396.0 5.6261978515625
397.0 5.4959037109375
398.0 4.38921103515625
399.0 4.074472265625
400.0 5.06793349609375
401.0 4.8994578125
402.0 5.565634375
403.0 6.42418486328125
404.0 6.70979365234375
405.0 5.04923017578125
406.0 4.7892625
407.0 6.37643193359375
408.0 3.392072265625
409.0 5.73349189453125
410.0 5.9591970703125
411.0 5.3310294921875
412.0 5.1700107421875
413.0 5.36973359375
414.0 5.117973828125
415.0 6.00468173828125
416.0 4.15272216796875
417.0 5.29848427734375
418.0 4.8539560546875
419.0 4.69185224609375
420.0 5.2285154296875
421.0 4.34718037109375
422.0 4.90868642578125
423.0 5.6993703125
424.0 3.8285587890625
425.0 2.55566162109375
426.0 6.5145314453125
427.0 5.4830701171875
428.0 5.8995013671875
429.0 5.4804880859375
430.0 6.3299775390625
431.0 5.44139931640625
432.0 4.3786822265625
433.0 4.473080859375
434.0 5.709053125
435.0 5.918280078125
436.0 5.4686888671875
437.0 5.3847095703125
438.0 6.4274794921875
439.0 7.325641796875
440.0 4.43302373046875
441.0 3.886437109375
442.0 8.3173271484375
443.0 6.15490703125
444.0 6.971365234375
445.0 6.5143107421875
446.0 3.88652080078125
447.0 5.50790107421875
448.0 6.0719109375
449.0 5.77321357421875
450.0 4.63514326171875
451.0 4.75282431640625
452.0 5.03699189453125
453.0 4.77749228515625
454.0 4.67346103515625
455.0 4.9936181640625
456.0 4.3159044921875
457.0 5.4080541015625
458.0 5.5117904296875
459.0 5.709968359375
460.0 6.09037001953125
461.0 5.473910546875
462.0 5.5398728515625
463.0 6.0382158203125
464.0 5.19669287109375
465.0 5.325710546875
466.0 4.6965857421875
467.0 2.00727890625
468.0 5.04533525390625
469.0 4.81501484375
470.0 5.1604234375
471.0 5.372670703125
472.0 5.44872529296875
473.0 4.66666513671875
474.0 6.782103515625
475.0 3.59912197265625
476.0 6.61853310546875
477.0 4.1402640625
478.0 5.36363740234375
479.0 4.83158232421875
480.0 5.2315361328125
481.0 5.85063125
482.0 4.04714228515625
483.0 4.91486494140625
484.0 4.6668763671875
485.0 3.68655263671875
486.0 3.6858859375
487.0 1.59892275390625
488.0 5.27516455078125
489.0 4.247301953125
490.0 5.1175265625
491.0 4.835938671875
492.0 3.11653505859375
493.0 2.89640234375
494.0 5.0520345703125
495.0 3.92220751953125
496.0 3.82093837890625
497.0 3.41735498046875
498.0 4.63582392578125
499.0 3.850595703125
500.0 4.15184111328125
501.0 3.7923072265625
502.0 2.90334404296875
503.0 4.5830701171875
504.0 4.4770583984375
505.0 4.260343359375
506.0 3.934646484375
507.0 3.19666396484375
508.0 3.83041796875
509.0 4.42987724609375
510.0 3.5218619140625
511.0 5.79920048828125
512.0 5.8972001953125
513.0 5.31098056640625
514.0 4.4827388671875
515.0 5.3873884765625
516.0 4.6619447265625
517.0 4.97077412109375
518.0 3.97498427734375
519.0 4.2166603515625
520.0 4.10880927734375
521.0 3.02338759765625
522.0 5.56718203125
523.0 2.8911693359375
524.0 3.8649673828125
525.0 5.89803037109375
526.0 2.0205337890625
527.0 4.0196298828125
528.0 3.9800875
529.0 4.947112109375
530.0 4.67676650390625
531.0 5.35622490234375
532.0 3.61212822265625
533.0 1.34454677734375
534.0 2.852021484375
535.0 3.21900625
536.0 2.9910953125
537.0 2.547509375
538.0 4.4487095703125
539.0 3.73433310546875
540.0 4.9419216796875
541.0 3.3628232421875
542.0 3.2978712890625
543.0 1.65162666015625
544.0 3.83171083984375
545.0 4.339552734375
546.0 4.4959384765625
547.0 4.4824759765625
548.0 4.5878095703125
549.0 2.5523888671875
550.0 5.125567578125
551.0 4.40966669921875
552.0 5.49083818359375
553.0 1.55309248046875
554.0 1.33523505859375
555.0 4.7939544921875
556.0 4.69525712890625
557.0 4.36424482421875
558.0 5.36149853515625
559.0 5.5077970703125
560.0 5.460732421875
561.0 5.46369248046875
562.0 5.15239248046875
563.0 5.5700431640625
564.0 5.3379244140625
565.0 5.68019052734375
566.0 5.43973349609375
567.0 5.39245849609375
568.0 5.07371162109375
569.0 4.31309267578125
570.0 5.4144099609375
571.0 5.51004873046875
572.0 5.28082470703125
573.0 4.43261123046875
574.0 4.98735478515625
575.0 3.302683984375
576.0 4.82162890625
577.0 5.60588193359375
578.0 5.4891451171875
579.0 5.41811796875
580.0 5.241483984375
581.0 5.11035341796875
582.0 3.6501765625
583.0 3.638816796875
584.0 4.54574794921875
585.0 4.53987421875
586.0 3.40898525390625
587.0 3.021430859375
588.0 3.6784134765625
589.0 4.36560234375
590.0 3.77783818359375
591.0 4.26787412109375
592.0 1.00569541015625
593.0 2.29027509765625
594.0 0.9976849609375
595.0 2.2987361328125
596.0 4.97504619140625
597.0 2.57111943359375
598.0 3.73580478515625
599.0 3.636670703125
600.0 3.50727021484375
601.0 2.70236943359375
602.0 2.083983984375
603.0 4.3852462890625
604.0 1.1670796875
605.0 3.15363837890625
606.0 4.2958478515625
607.0 4.6215115234375
608.0 3.74581630859375
609.0 3.8162203125
610.0 3.8628951171875
611.0 3.45532685546875
612.0 1.82254091796875
613.0 1.64864990234375
614.0 4.27789931640625
615.0 3.06577060546875
616.0 6.1354630859375
617.0 3.99843466796875
618.0 4.2473537109375
619.0 4.42122314453125
620.0 2.599871484375
621.0 0.48975556640625
622.0 4.71377373046875
623.0 4.42250478515625
624.0 4.245590234375
625.0 3.78377236328125
626.0 3.0976880859375
627.0 1.16323388671875
628.0 0.05182646484375
629.0 0.0414962890625
630.0 0.09798857421875
631.0 0.08747919921875
632.0 0.1854642578125
633.0 1.24726533203125
634.0 1.12497783203125
635.0 1.023178125
636.0 0.01123466796875
637.0 0.0206603515625
638.0 0.04149619140625
639.0 0.09349833984375
640.0 0.13534541015625
641.0 0.07266240234375
642.0 0.0611740234375
643.0 0.13615263671875
644.0 0.0934982421875
645.0 0.09384912109375
646.0 0.08316806640625
647.0 0.13517001953125
648.0 0.43624765625
649.0 0.0321208984375
650.0 0.08316806640625
651.0 0.05217734375
652.0 0.13499443359375
653.0 0.08316796875
654.0 0.135169921875
655.0 0.0616009765625
656.0 0.120216796875
657.0 0.07784091796875
658.0 0.16616064453125
659.0 0.13517001953125
660.0 0.1873474609375
661.0 0.1141587890625
662.0 0.4331123046875
663.0 0.6053474609375
664.0 1.97429970703125
665.0 0.87599716796875
666.0 0.19750888671875
667.0 0.0414962890625
668.0 0.13364501953125
669.0 3.15849794921875
670.0 5.04254384765625
671.0 4.77449072265625
672.0 4.55892177734375
673.0 5.0731380859375
674.0 5.09330908203125
675.0 0.0
676.0 0.0
677.0 0.0
678.0 0.0
679.0 0.0
680.0 26.3175431640625
681.0 2.1108728515625
682.0 4.27536650390625
683.0 2.16156953125
684.0 5.09295400390625
685.0 4.9564189453125
686.0 5.96511728515625
687.0 4.60391240234375
688.0 7.8272857421875
689.0 6.79641923828125
690.0 6.40195263671875
691.0 6.1198091796875
692.0 5.70582080078125
693.0 4.004015625
694.0 6.2310580078125
695.0 5.61680390625
696.0 5.43991513671875
697.0 6.8320990234375
698.0 6.70743203125
699.0 4.85854853515625
700.0 5.8451140625
701.0 5.81698681640625
702.0 2.95605419921875
703.0 4.6229056640625
704.0 1.972507421875
705.0 7.14780625
706.0 5.70733544921875
707.0 5.58803662109375
708.0 5.1189416015625
709.0 6.2914
710.0 5.82548173828125
711.0 5.7512794921875
712.0 5.902130078125
713.0 2.2641919921875
714.0 3.09870263671875
715.0 2.90909580078125
716.0 5.405665625
717.0 5.73973193359375
718.0 3.2649318359375
719.0 4.71367119140625
720.0 5.51715869140625
721.0 3.84354775390625
722.0 2.37560341796875
723.0 5.190166796875
724.0 5.08524501953125
725.0 4.63560849609375
726.0 3.12320234375
727.0 5.9926794921875
728.0 4.55932001953125
729.0 3.78055869140625
730.0 4.22610888671875
731.0 3.72832421875
732.0 4.55252275390625
733.0 4.274471484375
734.0 4.6942208984375
735.0 3.45104189453125
736.0 3.82428916015625
737.0 3.4650408203125
738.0 4.09488173828125
739.0 4.75429892578125
740.0 4.42975966796875
741.0 4.68272783203125
742.0 4.55446611328125
743.0 3.90397373046875
744.0 4.5830947265625
745.0 4.71025537109375
746.0 5.54696240234375
747.0 5.85074404296875
748.0 5.21984521484375
749.0 5.34216123046875
750.0 5.3543783203125
751.0 3.83510751953125
752.0 3.20786162109375
753.0 2.80684189453125
754.0 4.71326953125
755.0 5.56884677734375
756.0 4.00818173828125
757.0 5.2284177734375
758.0 5.5207990234375
759.0 6.0074341796875
760.0 5.105903515625
761.0 7.12266064453125
762.0 6.7033244140625
763.0 6.43128173828125
764.0 4.98700009765625
765.0 5.56394306640625
766.0 7.79715615234375
767.0 5.44206455078125
768.0 6.25665478515625
769.0 4.96026943359375
770.0 5.11641943359375
771.0 4.26223662109375
772.0 8.60318486328125
773.0 9.78375439453125
774.0 6.79898701171875
775.0 5.0616064453125
776.0 6.08787060546875
777.0 7.9119328125
778.0 7.23497783203125
779.0 6.87714140625
780.0 4.06766396484375
781.0 5.51261806640625
782.0 3.1739912109375
783.0 6.3701166015625
784.0 5.59535703125
785.0 4.55152861328125
786.0 13.06767900390625
787.0 8.24081826171875
788.0 6.15211796875
789.0 5.13731767578125
790.0 3.461825390625
791.0 5.62036767578125
792.0 5.23168076171875
793.0 7.35697919921875
794.0 6.1656365234375
795.0 11.9384634765625
796.0 15.243403515625
797.0 12.77545126953125
798.0 14.5974970703125
799.0 10.70048701171875
