0.0 26.85378251953125
1.0 26.18655361328125
2.0 27.1245251953125
3.0 32.2552005859375
4.0 26.98473515625
5.0 29.2101068359375
6.0 25.4160748046875
7.0 33.22962080078125
8.0 28.22270615234375
9.0 23.07068681640625
10.0 24.3059626953125
11.0 24.81208798828125
12.0 25.537992578125
13.0 20.5508169921875
14.0 28.8131953125
15.0 25.3857708984375
16.0 30.00821025390625
17.0 27.7253373046875
18.0 28.4781779296875
19.0 31.9235125
20.0 26.60702333984375
21.0 26.67294453125
22.0 30.29366943359375
23.0 27.464994140625
24.0 27.7578669921875
25.0 26.57191240234375
26.0 29.21821201171875
27.0 27.1737978515625
28.0 28.57424970703125
29.0 27.9751376953125
30.0 24.66294794921875
31.0 29.12083427734375
32.0 29.463986328125
33.0 27.6678826171875
34.0 31.62946591796875
35.0 30.8518076171875
36.0 32.876583203125
37.0 29.035405859375
38.0 30.26233984375
39.0 32.4426865234375
40.0 29.93620234375
41.0 30.19984443359375
42.0 28.645798046875
43.0 30.9769904296875
44.0 27.6291025390625
45.0 30.77352890625
46.0 27.1722140625
47.0 32.65778642578125
48.0 25.89217607421875
49.0 28.22420439453125
50.0 29.44980947265625
51.0 27.2837294921875
52.0 29.741369140625
53.0 27.04205322265625
54.0 28.6278263671875
55.0 24.87283125
56.0 26.61215634765625
57.0 25.12259814453125
58.0 28.5941408203125
59.0 26.17007470703125
60.0 29.79596123046875
61.0 26.239990625
62.0 29.91011416015625
63.0 25.62421787109375
64.0 28.8177810546875
65.0 23.76952958984375
66.0 26.80109033203125
67.0 28.148465234375
68.0 25.5543013671875
69.0 28.3455185546875
70.0 25.14869775390625
71.0 25.63746982421875
72.0 28.15965244140625
73.0 24.55621396484375
74.0 27.7735841796875
75.0 28.2102560546875
76.0 24.1189388671875
77.0 26.131523828125
78.0 27.92968046875
79.0 25.90180322265625
80.0 27.7324689453125
81.0 25.92966748046875
82.0 25.11656337890625
83.0 25.24135498046875
84.0 28.654114453125
85.0 27.1021935546875
86.0 18.5870208984375
87.0 33.2912390625
88.0 9.02018544921875
89.0 39.21399384765625
90.0 23.6056376953125
91.0 27.98215126953125
92.0 23.8768591796875
93.0 25.651709765625
94.0 23.92515859375
95.0 24.914178515625
96.0 22.3541193359375
97.0 26.6926384765625
98.0 24.1049119140625
99.0 24.07547158203125
100.0 24.71004951171875
101.0 24.6617416015625
102.0 26.53486396484375
103.0 25.32118828125
104.0 25.6027337890625
105.0 25.4866724609375
106.0 24.685794921875
107.0 24.51662724609375
108.0 25.12105947265625
109.0 22.618541015625
110.0 25.68896337890625
111.0 23.9614095703125
112.0 28.03122587890625
113.0 25.7263939453125
114.0 28.46532431640625
115.0 24.84573486328125
116.0 25.8193912109375
117.0 29.91217412109375
118.0 25.05983994140625
119.0 26.51799541015625
120.0 27.78127548828125
121.0 25.0250869140625
122.0 27.618537109375
123.0 24.832581640625
124.0 27.59858466796875
125.0 24.3121841796875
126.0 24.98015380859375
127.0 24.292059375
128.0 26.6419544921875
129.0 21.88954296875
130.0 26.0513029296875
131.0 24.76790400390625
132.0 27.58511865234375
133.0 24.59826435546875
134.0 28.0658419921875
135.0 24.61375146484375
136.0 27.24658447265625
137.0 23.40094736328125
138.0 27.6332287109375
139.0 24.8698943359375
140.0 25.52333974609375
141.0 26.49688798828125
142.0 23.315547265625
143.0 27.20622607421875
144.0 16.99198369140625
145.0 27.7274986328125
146.0 32.16777744140625
147.0 26.3665490234375
148.0 28.26288740234375
149.0 25.38509501953125
150.0 27.17637939453125
151.0 24.3399181640625
152.0 28.646493359375
153.0 26.6618990234375
154.0 29.93405361328125
155.0 26.17098681640625
156.0 28.22559951171875
157.0 25.7118796875
158.0 28.73585244140625
159.0 26.26653759765625
160.0 27.01356806640625
161.0 25.019938671875
162.0 29.57612001953125
163.0 27.4751828125
164.0 30.383190234375
165.0 29.61817685546875
166.0 31.766348046875
167.0 26.23469873046875
168.0 25.92491904296875
169.0 28.71123955078125
170.0 26.58712998046875
171.0 29.488719140625
172.0 30.25981953125
173.0 28.07237783203125
174.0 30.367274609375
175.0 29.25372138671875
176.0 31.59166787109375
177.0 26.59215283203125
178.0 30.14688955078125
179.0 32.77999482421875
180.0 27.11564736328125
181.0 28.56421630859375
182.0 32.40907841796875
183.0 28.15962109375
184.0 28.56999404296875
185.0 24.7911517578125
186.0 28.0883736328125
187.0 24.13012197265625
188.0 23.9514259765625
189.0 24.40081435546875
190.0 26.55754189453125
191.0 25.29934814453125
192.0 23.47047001953125
193.0 24.0626890625
194.0 28.38722109375
195.0 23.902749609375
196.0 26.90859794921875
197.0 25.66917294921875
198.0 28.28218017578125
199.0 25.56395693359375
200.0 26.62839833984375
201.0 26.3879919921875
202.0 30.3550099609375
203.0 25.6735291015625
204.0 22.9003716796875
205.0 28.50543046875
206.0 24.4258279296875
207.0 28.7879984375
208.0 26.80165927734375
209.0 30.81742900390625
210.0 25.8942923828125
211.0 29.0456712890625
212.0 25.55356220703125
213.0 28.283737890625
214.0 24.19234921875
215.0 28.27737041015625
216.0 26.5330021484375
217.0 27.38319501953125
218.0 28.9416783203125
219.0 24.14044072265625
220.0 28.48601396484375
221.0 25.6957453125
222.0 28.46921494140625
223.0 25.53032236328125
224.0 26.2155296875
225.0 23.21566884765625
226.0 26.5279650390625
227.0 25.005619921875
228.0 28.2516697265625
229.0 26.827200390625
230.0 27.59837255859375
231.0 24.8907138671875
232.0 28.46999833984375
233.0 26.28751982421875
234.0 28.92304130859375
235.0 26.467046875
236.0 29.22162001953125
237.0 27.46115908203125
238.0 22.648578125
239.0 26.948147265625
240.0 24.31426787109375
241.0 29.08511337890625
242.0 26.29146044921875
243.0 30.002295703125
244.0 22.51960400390625
245.0 29.99961279296875
246.0 27.95356640625
247.0 33.25949833984375
248.0 30.1619275390625
249.0 31.165531640625
250.0 26.50346728515625
251.0 31.1739099609375
252.0 27.16198115234375
253.0 25.97077177734375
254.0 29.67751064453125
255.0 29.78206220703125
256.0 25.32342490234375
257.0 28.4103580078125
258.0 25.10324814453125
259.0 27.85457724609375
260.0 25.04633193359375
261.0 28.0972935546875
262.0 23.6142490234375
263.0 20.59793193359375
264.0 25.81581796875
265.0 25.2977939453125
266.0 27.758787109375
267.0 22.68538232421875
268.0 27.9497072265625
269.0 25.62637470703125
270.0 27.992911328125
271.0 24.168190234375
272.0 25.46176435546875
273.0 22.46720244140625
274.0 25.84171845703125
275.0 24.6850849609375
276.0 26.91951318359375
277.0 27.6966447265625
278.0 25.38583388671875
279.0 25.85951943359375
280.0 24.0180208984375
281.0 24.53332607421875
282.0 18.5024251953125
283.0 22.22979755859375
284.0 20.40743935546875
285.0 23.7261576171875
286.0 28.11117119140625
287.0 25.95112177734375
288.0 28.43885146484375
289.0 25.98258720703125
290.0 26.60424794921875
291.0 25.31778642578125
292.0 27.7211580078125
293.0 24.87408583984375
294.0 28.6246392578125
295.0 25.14671669921875
296.0 28.17942529296875
297.0 25.49117548828125
298.0 26.1643392578125
299.0 24.8670310546875
300.0 28.33203720703125
301.0 25.7594822265625
302.0 28.34747255859375
303.0 24.95000322265625
304.0 27.11511494140625
305.0 25.1157869140625
306.0 28.6447970703125
307.0 26.81485830078125
308.0 28.68253564453125
309.0 26.123601171875
310.0 28.65807333984375
311.0 25.4861853515625
312.0 25.5749490234375
313.0 31.33452578125
314.0 25.86992021484375
315.0 29.214562109375
316.0 27.80429775390625
317.0 29.3750517578125
318.0 24.7096123046875
319.0 29.45601123046875
320.0 26.39950029296875
321.0 28.66056845703125
322.0 25.50079228515625
323.0 28.0651515625
324.0 25.43449814453125
325.0 27.447384375
326.0 25.5571556640625
327.0 28.4741927734375
328.0 25.154712890625
329.0 28.18149150390625
330.0 25.686808984375
331.0 29.06212236328125
332.0 26.1991767578125
333.0 28.57801513671875
334.0 25.79265224609375
335.0 25.8708875
336.0 26.29530087890625
337.0 28.4211400390625
338.0 25.76621318359375
339.0 28.59007490234375
340.0 25.56716591796875
341.0 26.28548525390625
342.0 24.5859671875
343.0 28.17327431640625
344.0 26.20901298828125
345.0 25.29755947265625
346.0 25.97304716796875
347.0 26.1916359375
348.0 28.7582560546875
349.0 24.581779296875
350.0 28.36863486328125
351.0 25.3763095703125
352.0 28.4383078125
353.0 25.928155859375
354.0 25.08248212890625
355.0 27.44240712890625
356.0 25.0284291015625
357.0 27.05468115234375
358.0 24.516162109375
359.0 23.8452478515625
360.0 27.73033037109375
361.0 25.38455625
362.0 26.85871845703125
363.0 24.36722060546875
364.0 28.072942578125
365.0 24.98938359375
366.0 28.17927099609375
367.0 22.093434375
368.0 28.261496484375
369.0 24.24914609375
370.0 28.21230751953125
371.0 24.41353330078125
372.0 27.89247470703125
373.0 22.90576123046875
374.0 22.10953603515625
375.0 30.167909375
376.0 22.609505859375
377.0 27.8835158203125
378.0 22.47153251953125
379.0 24.04096669921875
380.0 27.05381826171875
381.0 24.75208203125
382.0 23.91343349609375
383.0 26.78850126953125
384.0 24.9491380859375
385.0 28.008358203125
386.0 25.59733935546875
387.0 26.4561177734375
388.0 25.6629505859375
389.0 28.3759001953125
390.0 23.09385341796875
391.0 28.06484033203125
392.0 25.00327763671875
393.0 28.95984052734375
394.0 25.554215625
395.0 27.4196650390625
396.0 24.688085546875
397.0 28.06973896484375
398.0 25.33677646484375
399.0 28.47958984375
400.0 24.40886015625
401.0 25.8257150390625
402.0 25.4187466796875
403.0 26.44914697265625
404.0 18.22352880859375
405.0 14.603687890625
406.0 21.67747783203125
407.0 24.0416646484375
408.0 27.88488779296875
409.0 27.99877236328125
410.0 24.2131611328125
411.0 27.25271083984375
412.0 25.18432041015625
413.0 27.81106064453125
414.0 25.62990224609375
415.0 23.8282326171875
416.0 28.142823046875
417.0 25.54733828125
418.0 28.32707275390625
419.0 25.87876376953125
420.0 29.28335439453125
421.0 26.05320576171875
422.0 28.33039677734375
423.0 25.06110693359375
424.0 28.43545087890625
425.0 24.2280244140625
426.0 28.8766796875
427.0 27.0025294921875
428.0 25.760075
429.0 28.0825541015625
430.0 25.78527958984375
431.0 28.19994833984375
432.0 26.2701716796875
433.0 27.20117275390625
434.0 25.2530904296875
435.0 28.34801064453125
436.0 25.42590283203125
437.0 27.68768466796875
438.0 25.524278125
439.0 28.402764453125
440.0 25.28739599609375
441.0 28.24810087890625
442.0 25.25823232421875
443.0 28.2514087890625
444.0 24.6841119140625
445.0 28.28065712890625
446.0 18.9544787109375
447.0 31.6394626953125
448.0 26.127344921875
449.0 28.88327509765625
450.0 25.61870126953125
451.0 25.910418359375
452.0 28.11204638671875
453.0 24.1426205078125
454.0 24.38354375
455.0 26.22724755859375
456.0 22.9893328125
457.0 24.7101712890625
458.0 23.96877451171875
459.0 27.67376103515625
460.0 24.01137744140625
461.0 28.82476484375
462.0 25.28144423828125
463.0 27.7601228515625
464.0 24.01505390625
465.0 18.5534453125
466.0 30.6569400390625
467.0 25.6049583984375
468.0 23.0088830078125
469.0 28.02214384765625
470.0 25.32595126953125
471.0 29.79055341796875
472.0 26.70277119140625
473.0 29.526088671875
474.0 24.41870869140625
475.0 29.494858203125
476.0 26.4974888671875
477.0 27.724052734375
478.0 23.70218095703125
479.0 27.55752958984375
480.0 23.3030392578125
481.0 27.1940931640625
482.0 25.3786595703125
483.0 27.39347822265625
484.0 23.86292626953125
485.0 24.29247841796875
486.0 18.81649189453125
487.0 28.47587685546875
488.0 25.804640625
489.0 28.1839970703125
490.0 25.33321767578125
491.0 28.498405078125
492.0 25.23570869140625
493.0 28.10861474609375
494.0 25.03442880859375
495.0 27.5196533203125
496.0 25.639271484375
497.0 28.70123076171875
498.0 25.43201689453125
499.0 29.88921630859375
500.0 26.17068466796875
501.0 25.1284107421875
502.0 28.6065876953125
503.0 29.807888671875
504.0 23.08655087890625
505.0 31.75677099609375
506.0 25.6698142578125
507.0 28.8527349609375
508.0 23.69822607421875
509.0 29.1674302734375
510.0 25.05480830078125
511.0 28.07210810546875
512.0 25.23316103515625
513.0 25.69310634765625
514.0 25.33821953125
515.0 21.66391708984375
516.0 33.21012802734375
517.0 27.45908115234375
518.0 24.86252470703125
519.0 28.419630859375
520.0 26.4085419921875
521.0 22.10145068359375
522.0 30.03987109375
523.0 28.2998798828125
524.0 25.02697568359375
525.0 28.115260546875
526.0 24.84100712890625
527.0 28.54600869140625
528.0 25.20255517578125
529.0 27.693745703125
530.0 25.35428525390625
531.0 26.94539990234375
532.0 25.375230859375
533.0 30.069330078125
534.0 24.842803125
535.0 28.45849443359375
536.0 24.143210546875
537.0 28.19492421875
538.0 25.38655390625
539.0 24.465843359375
540.0 26.6852814453125
541.0 19.15575341796875
542.0 30.9869287109375
543.0 25.29622490234375
544.0 27.6510822265625
545.0 24.1378501953125
546.0 26.84215615234375
547.0 22.64530380859375
548.0 28.94685380859375
549.0 25.6251861328125
550.0 28.5833052734375
551.0 24.5817880859375
552.0 27.73011015625
553.0 25.4664392578125
554.0 27.89962109375
555.0 25.744802734375
556.0 26.28214677734375
557.0 24.57265439453125
558.0 27.986246484375
559.0 23.50901279296875
560.0 26.63700390625
561.0 24.60701943359375
562.0 20.81284814453125
563.0 26.928930078125
564.0 24.2081638671875
565.0 26.03754521484375
566.0 22.32272607421875
567.0 25.9478109375
568.0 24.83648837890625
569.0 26.8766224609375
570.0 23.1565873046875
571.0 28.19591904296875
572.0 25.98092861328125
573.0 24.59945517578125
574.0 28.46541142578125
575.0 26.22771171875
576.0 29.4161779296875
577.0 26.04675693359375
578.0 28.0367595703125
579.0 21.37654892578125
580.0 25.9387310546875
581.0 26.666099609375
582.0 25.2004482421875
583.0 26.7003638671875
584.0 23.4020111328125
585.0 28.8634369140625
586.0 23.327373046875
587.0 24.9402240234375
588.0 23.6491865234375
589.0 28.1368009765625
590.0 25.1306314453125
591.0 27.4579173828125
592.0 22.72804814453125
593.0 27.5560658203125
594.0 25.99173779296875
595.0 30.2804783203125
596.0 27.22781142578125
597.0 29.6025943359375
598.0 27.52128125
599.0 30.87226533203125
600.0 29.03093134765625
601.0 30.19761201171875
602.0 26.9820021484375
603.0 27.0106525390625
604.0 25.32670166015625
605.0 25.7283630859375
606.0 26.15061435546875
607.0 30.4556380859375
608.0 29.20123134765625
609.0 29.7792412109375
610.0 27.56790703125
611.0 26.2417951171875
612.0 30.10653701171875
613.0 25.8029630859375
614.0 28.57988935546875
615.0 24.48221474609375
616.0 28.02907529296875
617.0 25.6334869140625
618.0 28.7217044921875
619.0 25.32637783203125
620.0 28.43060419921875
621.0 25.2981828125
622.0 27.80553857421875
623.0 25.28808388671875
624.0 27.91450888671875
625.0 24.98083583984375
626.0 27.55177802734375
627.0 25.2779197265625
628.0 28.06759912109375
629.0 27.503021484375
630.0 24.01542841796875
631.0 27.8876111328125
632.0 25.56755927734375
633.0 28.02551552734375
634.0 25.6609943359375
635.0 30.86104306640625
636.0 26.87363359375
637.0 30.64830576171875
638.0 28.6746052734375
639.0 31.9747029296875
640.0 28.49119873046875
641.0 26.41087099609375
642.0 31.43437197265625
643.0 26.30580849609375
644.0 32.86726923828125
645.0 26.75642421875
646.0 28.46675458984375
647.0 25.9156953125
648.0 29.2295267578125
649.0 25.51222412109375
650.0 30.38252294921875
651.0 25.95253095703125
652.0 28.09923837890625
653.0 24.6935087890625
654.0 28.81731220703125
655.0 25.45806669921875
656.0 28.40262763671875
657.0 27.02878193359375
658.0 26.4799439453125
659.0 26.290057421875
660.0 25.805360546875
661.0 28.2673509765625
662.0 25.81978134765625
663.0 28.81681962890625
664.0 25.16105078125
665.0 28.4346603515625
666.0 25.67853134765625
667.0 27.1699986328125
668.0 24.594741796875
669.0 25.271153515625
670.0 24.4555322265625
671.0 27.72943515625
672.0 24.910023828125
673.0 27.87037431640625
674.0 25.40223505859375
675.0 28.22578681640625
676.0 24.7214900390625
677.0 27.962460546875
678.0 18.218079296875
679.0 33.21841162109375
680.0 24.74505654296875
681.0 27.61263935546875
682.0 24.9682279296875
683.0 26.92749267578125
684.0 28.37964345703125
685.0 25.58096279296875
686.0 24.5474978515625
687.0 28.1622275390625
688.0 27.5095919921875
689.0 25.61549453125
690.0 26.50630029296875
691.0 25.73799052734375
692.0 27.28629306640625
693.0 25.40915205078125
694.0 29.238432421875
695.0 27.90868544921875
696.0 28.11191943359375
697.0 29.19741162109375
698.0 28.07785673828125
699.0 31.41110361328125
700.0 28.535421875
701.0 29.453553125
702.0 27.08865302734375
703.0 29.41523076171875
704.0 28.094328125
705.0 26.87737216796875
706.0 32.17758671875
707.0 28.47833642578125
708.0 31.4614908203125
709.0 28.2283123046875
710.0 29.41156259765625
711.0 25.96911318359375
712.0 27.49128408203125
713.0 24.49172802734375
714.0 27.240057421875
715.0 25.2874978515625
716.0 26.008714453125
717.0 27.4697794921875
718.0 26.43015732421875
719.0 26.54211015625
720.0 29.3556341796875
721.0 25.24619462890625
722.0 26.10989287109375
723.0 27.99764765625
724.0 25.1226974609375
725.0 27.49516357421875
726.0 25.2427275390625
727.0 27.8806923828125
728.0 24.43669609375
729.0 27.92255703125
730.0 26.14383671875
731.0 28.30287978515625
732.0 25.604016015625
733.0 29.0076544921875
734.0 26.03240341796875
735.0 28.269009765625
736.0 27.0070025390625
737.0 27.14393994140625
738.0 23.5368623046875
739.0 29.6037271484375
740.0 27.8214181640625
741.0 29.89482314453125
742.0 27.06864326171875
743.0 28.3657400390625
744.0 23.0328228515625
745.0 26.68113486328125
746.0 24.7786740234375
747.0 28.894528515625
748.0 28.267190625
749.0 27.5989033203125
750.0 28.9947064453125
751.0 25.12046845703125
752.0 28.094206640625
753.0 25.119753515625
754.0 27.0867076171875
755.0 22.0111408203125
756.0 20.1248431640625
757.0 20.74484951171875
758.0 26.43019677734375
759.0 25.04810654296875
760.0 27.6299166015625
761.0 25.6065322265625
762.0 28.07911083984375
763.0 24.69575205078125
764.0 28.51470439453125
765.0 25.59949677734375
766.0 25.86498662109375
767.0 23.28581171875
768.0 28.17253857421875
769.0 24.55059638671875
770.0 28.0711345703125
771.0 24.7284837890625
772.0 28.4082232421875
773.0 26.7692443359375
774.0 24.93389638671875
775.0 25.0036544921875
776.0 28.51020615234375
777.0 27.46306220703125
778.0 23.7804267578125
779.0 25.662374609375
780.0 19.17239130859375
781.0 31.65976806640625
782.0 24.352574609375
783.0 26.8426306640625
784.0 24.5062123046875
785.0 27.03379033203125
786.0 24.7594625
787.0 27.95684560546875
788.0 25.64352314453125
789.0 30.3081046875
790.0 26.85703291015625
791.0 27.6656216796875
792.0 28.95325205078125
793.0 24.349883203125
794.0 28.23435927734375
795.0 25.37788837890625
796.0 27.66911396484375
797.0 27.030284375
798.0 25.35507119140625
799.0 25.43044267578125
