0.0 7.9355947265625
1.0 6.55175556640625
2.0 8.19545341796875
3.0 8.2339544921875
4.0 8.23404755859375
5.0 8.501001171875
6.0 8.47528466796875
7.0 9.21997265625
8.0 8.82436298828125
9.0 8.00603916015625
10.0 7.77472509765625
11.0 8.1414421875
12.0 8.50060048828125
13.0 8.80642158203125
14.0 8.174487109375
15.0 6.3529916015625
16.0 1.392519140625
17.0 7.307475390625
18.0 6.38132724609375
19.0 7.96691201171875
20.0 8.80683447265625
21.0 5.58064697265625
22.0 6.825786328125
23.0 6.45328642578125
24.0 6.6513978515625
25.0 8.38197080078125
26.0 8.87560595703125
27.0 7.83263447265625
28.0 7.56682578125
29.0 7.95881787109375
30.0 9.0367099609375
31.0 9.21433125
32.0 6.87301572265625
33.0 7.31620966796875
34.0 9.26070693359375
35.0 7.783473046875
36.0 9.0947734375
37.0 7.1927580078125
38.0 7.8849958984375
39.0 6.04088212890625
40.0 6.21882392578125
41.0 2.77341962890625
42.0 6.76464482421875
43.0 6.63953544921875
44.0 6.82614677734375
45.0 7.59555341796875
46.0 6.71439091796875
47.0 7.22666357421875
48.0 6.2586623046875
49.0 6.7386634765625
50.0 6.21762421875
51.0 4.8387546875
52.0 6.2454705078125
53.0 7.13326005859375
54.0 7.4905259765625
55.0 7.07993603515625
56.0 7.02555986328125
57.0 6.64011279296875
58.0 6.05664091796875
59.0 6.00871259765625
60.0 5.9477498046875
61.0 6.59200205078125
62.0 6.28321162109375
63.0 6.87996806640625
64.0 6.29703505859375
65.0 6.54227314453125
66.0 5.5934240234375
67.0 5.83288427734375
68.0 4.97091337890625
69.0 6.14050146484375
70.0 4.71294462890625
71.0 8.082208203125
72.0 7.7103572265625
73.0 7.62535419921875
74.0 7.0620927734375
75.0 7.7155958984375
76.0 7.96450556640625
77.0 7.31327041015625
78.0 6.65547744140625
79.0 7.35654111328125
80.0 6.74954013671875
81.0 7.1500076171875
82.0 7.03975703125
83.0 6.6183099609375
84.0 7.7624701171875
85.0 8.0009376953125
86.0 7.49452490234375
87.0 6.19723642578125
88.0 6.8031357421875
89.0 6.87469873046875
90.0 7.5290765625
91.0 6.932958203125
92.0 6.5762970703125
93.0 6.50141630859375
94.0 6.7816392578125
95.0 6.67385341796875
96.0 7.26878623046875
97.0 5.2503109375
98.0 7.77974775390625
99.0 8.5386595703125
100.0 8.24058125
101.0 7.34821474609375
102.0 7.35009658203125
103.0 6.53572177734375
104.0 8.3052853515625
105.0 6.1256583984375
106.0 6.31473564453125
107.0 7.5925314453125
108.0 7.3718763671875
109.0 6.2521013671875
110.0 6.746534765625
111.0 7.26538515625
112.0 7.25478955078125
113.0 7.06739521484375
114.0 6.56652744140625
115.0 7.8822421875
116.0 7.4342787109375
117.0 7.24389267578125
118.0 8.53650244140625
119.0 6.99492080078125
120.0 7.1082318359375
121.0 7.7491103515625
122.0 7.97810078125
123.0 6.55520595703125
124.0 7.37901064453125
125.0 7.8053853515625
126.0 5.327291015625
127.0 3.1119193359375
128.0 5.469202734375
129.0 7.22332060546875
130.0 6.89956162109375
131.0 7.8914125
132.0 8.55386044921875
133.0 8.08816845703125
134.0 7.79643671875
135.0 2.64889501953125
136.0 8.4609982421875
137.0 8.23546806640625
138.0 7.7427498046875
139.0 8.12287041015625
140.0 7.3694263671875
141.0 8.4035638671875
142.0 8.40997841796875
143.0 6.49459599609375
144.0 6.492489453125
145.0 7.1885181640625
146.0 5.87059755859375
147.0 7.26821376953125
148.0 7.98856259765625
149.0 7.7336591796875
150.0 6.46198466796875
151.0 7.7084537109375
152.0 8.15185751953125
153.0 7.57938515625
154.0 6.05898583984375
155.0 5.65055234375
156.0 7.5176541015625
157.0 2.7513970703125
158.0 4.9999009765625
159.0 4.267561328125
160.0 7.453376171875
161.0 4.69618076171875
162.0 5.4189890625
163.0 8.5699029296875
164.0 6.53424580078125
165.0 5.09153388671875
166.0 9.4977771484375
167.0 7.2634185546875
168.0 6.729766015625
169.0 7.32623662109375
170.0 7.45607001953125
171.0 6.76527919921875
172.0 8.055873828125
173.0 0.0
174.0 0.0
175.0 0.0
176.0 12.72288984375
177.0 14.85949697265625
178.0 5.9762275390625
179.0 8.42697880859375
180.0 7.99827177734375
181.0 8.40233974609375
182.0 8.17683916015625
183.0 6.2280548828125
184.0 7.2586056640625
185.0 2.66886591796875
186.0 5.41244921875
187.0 6.38029111328125
188.0 5.59420576171875
189.0 3.63503486328125
190.0 7.8837658203125
191.0 8.14083134765625
192.0 7.15404375
193.0 7.9267701171875
194.0 7.36325048828125
195.0 7.50723173828125
196.0 7.1164375
197.0 6.6969271484375
198.0 7.11326962890625
199.0 7.15023232421875
200.0 7.5488896484375
201.0 7.57285068359375
202.0 6.56482919921875
203.0 7.25867509765625
204.0 6.542486328125
205.0 4.00575419921875
206.0 6.57907080078125
207.0 8.81598720703125
208.0 8.7169275390625
209.0 8.7333330078125
210.0 8.22468974609375
211.0 9.16496123046875
212.0 7.87286474609375
213.0 6.4188943359375
214.0 6.90443544921875
215.0 6.925480078125
216.0 8.01143017578125
217.0 7.13896181640625
218.0 7.60428662109375
219.0 7.30699052734375
220.0 7.671898828125
221.0 7.86086142578125
222.0 7.88399599609375
223.0 6.0869064453125
224.0 4.87942177734375
225.0 6.7741162109375
226.0 7.16905458984375
227.0 0.0
228.0 0.0
229.0 8.01626787109375
230.0 7.07737421875
231.0 6.07700498046875
232.0 4.9283107421875
233.0 3.73107451171875
234.0 6.5736078125
235.0 5.41452080078125
236.0 6.39859501953125
237.0 4.7370662109375
238.0 6.06189990234375
239.0 5.456476953125
240.0 6.48156328125
241.0 6.73351123046875
242.0 6.188881640625
243.0 4.5207244140625
244.0 4.7308837890625
245.0 5.00542265625
246.0 6.53324287109375
247.0 5.8823638671875
248.0 5.3905341796875
249.0 7.38689990234375
250.0 7.2034046875
251.0 7.8867279296875
252.0 8.60003212890625
253.0 6.91515556640625
254.0 7.5706849609375
255.0 8.9942478515625
256.0 9.2646404296875
257.0 8.3448224609375
258.0 8.299406640625
259.0 8.9350875
260.0 9.23546611328125
261.0 6.981985546875
262.0 8.4485615234375
263.0 8.77846533203125
264.0 7.53936865234375
265.0 8.15576708984375
266.0 8.415769921875
267.0 6.20883193359375
268.0 6.45903251953125
269.0 5.68418154296875
270.0 6.11422333984375
271.0 5.81486142578125
272.0 5.74409580078125
273.0 6.55124150390625
274.0 6.590137890625
275.0 5.97193701171875
276.0 8.07258544921875
277.0 6.98317939453125
278.0 5.727891796875
279.0 7.495460546875
280.0 7.39255654296875
281.0 7.12237666015625
282.0 6.44307392578125
283.0 6.12015185546875
284.0 1.21910576171875
285.0 4.6771236328125
286.0 6.04740546875
287.0 6.7041091796875
288.0 6.6450966796875
289.0 5.70885869140625
290.0 4.6476677734375
291.0 5.4392109375
292.0 6.1699158203125
293.0 4.94247900390625
294.0 5.57551806640625
295.0 0.0
296.0 0.0
297.0 0.0
298.0 22.02678740234375
299.0 6.8217857421875
300.0 4.2425986328125
301.0 6.1954005859375
302.0 6.0330599609375
303.0 5.387778125
304.0 6.9072708984375
305.0 5.594410546875
306.0 5.8210126953125
307.0 5.26182919921875
308.0 6.45724921875
309.0 5.63517978515625
310.0 6.90931640625
311.0 6.2967783203125
312.0 4.99923310546875
313.0 5.5078892578125
314.0 7.5418169921875
315.0 7.797568359375
316.0 4.892316796875
317.0 5.18289013671875
318.0 5.67074267578125
319.0 7.9561892578125
320.0 7.62385751953125
321.0 6.40296328125
322.0 6.455155078125
323.0 7.555005859375
324.0 7.780737890625
325.0 8.08801884765625
326.0 7.7133400390625
327.0 7.325499609375
328.0 8.46118623046875
329.0 5.79160078125
330.0 5.91226787109375
331.0 6.40302119140625
332.0 5.94548662109375
333.0 6.095870703125
334.0 6.76803994140625
335.0 6.48700791015625
336.0 6.5679767578125
337.0 6.81973564453125
338.0 7.13604306640625
339.0 7.29311630859375
340.0 6.72507626953125
341.0 5.95167978515625
342.0 6.763544921875
343.0 0.0
344.0 0.0
345.0 0.0
346.0 0.0
347.0 25.208471875
348.0 6.3648294921875
349.0 6.20363525390625
350.0 5.78161474609375
351.0 6.41821943359375
352.0 6.6209150390625
353.0 6.74996357421875
354.0 7.25846630859375
355.0 7.61601767578125
356.0 6.5537240234375
357.0 7.618538671875
358.0 7.07572216796875
359.0 6.28958310546875
360.0 6.92724482421875
361.0 7.17356875
362.0 8.01896845703125
363.0 9.33327109375
364.0 7.98094951171875
365.0 6.70194208984375
366.0 7.708998046875
367.0 7.30428720703125
368.0 7.5367826171875
369.0 7.96652890625
370.0 5.20782158203125
371.0 6.27114384765625
372.0 6.1416046875
373.0 6.64101611328125
374.0 7.1549953125
375.0 7.13540302734375
376.0 7.65426572265625
377.0 7.12321396484375
378.0 7.87591962890625
379.0 7.52951728515625
380.0 7.432360546875
381.0 6.42209443359375
382.0 7.75182607421875
383.0 7.36032724609375
384.0 3.45732626953125
385.0 8.096468359375
386.0 7.835413671875
387.0 7.96223486328125
388.0 8.35709169921875
389.0 8.7066537109375
390.0 8.14563291015625
391.0 6.885112109375
392.0 6.2733126953125
393.0 7.75033271484375
394.0 7.41207177734375
395.0 3.996802734375
396.0 5.906417578125
397.0 7.65686572265625
398.0 6.30186552734375
399.0 7.6972005859375
400.0 6.72625166015625
401.0 7.6716599609375
402.0 7.7669974609375
403.0 7.317477734375
404.0 7.31938935546875
405.0 5.99623173828125
406.0 5.908464453125
407.0 6.046844140625
408.0 6.679473828125
409.0 7.03083505859375
410.0 6.3325400390625
411.0 6.74005029296875
412.0 5.62131220703125
413.0 6.97366865234375
414.0 8.07807275390625
415.0 7.98744501953125
416.0 6.45298701171875
417.0 5.3246328125
418.0 5.7362970703125
419.0 6.59545791015625
420.0 7.58256357421875
421.0 5.57534501953125
422.0 5.22195283203125
423.0 6.15850546875
424.0 5.841225390625
425.0 2.08500615234375
426.0 3.98428583984375
427.0 3.5055365234375
428.0 2.80704443359375
429.0 2.852526171875
430.0 5.4973267578125
431.0 7.45918291015625
432.0 7.7151833984375
433.0 6.8856677734375
434.0 7.76193037109375
435.0 7.34755234375
436.0 7.64771142578125
437.0 3.38660869140625
438.0 1.55201162109375
439.0 4.419087890625
440.0 3.65867109375
441.0 0.0
442.0 0.0
443.0 0.0
444.0 0.0
445.0 0.0
446.0 2.88859462890625
447.0 23.51005400390625
448.0 5.61681259765625
449.0 6.1489859375
450.0 5.9581015625
451.0 7.12314931640625
452.0 7.23418486328125
453.0 7.22149775390625
454.0 7.29215126953125
455.0 6.34074052734375
456.0 3.25274287109375
457.0 2.2493880859375
458.0 3.46167021484375
459.0 0.92279853515625
460.0 4.84928544921875
461.0 1.79788544921875
462.0 1.853691015625
463.0 4.51755078125
464.0 2.5700419921875
465.0 2.17394638671875
466.0 4.51549501953125
467.0 1.72012021484375
468.0 9.01340712890625
469.0 8.42878134765625
470.0 7.12475126953125
471.0 7.2009873046875
472.0 7.18794716796875
473.0 2.63181240234375
474.0 4.37632109375
475.0 3.95941171875
476.0 3.93599072265625
477.0 4.61523671875
478.0 7.15558134765625
479.0 6.61996796875
480.0 3.69783681640625
481.0 1.3918517578125
482.0 3.5100490234375
483.0 4.23259619140625
484.0 5.02581640625
485.0 4.875465234375
486.0 2.93988193359375
487.0 3.261392578125
488.0 5.58102509765625
489.0 7.1352359375
490.0 8.30423486328125
491.0 5.95602626953125
492.0 4.50341630859375
493.0 4.48836123046875
494.0 4.4576158203125
495.0 5.52231123046875
496.0 0.0
497.0 0.0
498.0 0.0
499.0 0.0
500.0 0.0
501.0 24.01312548828125
502.0 4.98396279296875
503.0 7.68903994140625
504.0 8.33435205078125
505.0 6.97208720703125
506.0 3.75271884765625
507.0 3.64705185546875
508.0 5.27462880859375
509.0 6.34774287109375
510.0 8.34885126953125
511.0 8.0580306640625
512.0 7.39688056640625
513.0 7.74543291015625
514.0 7.47267705078125
515.0 6.60505947265625
516.0 8.56383818359375
517.0 5.1338806640625
518.0 6.4280755859375
519.0 0.05669873046875
520.0 5.43330732421875
521.0 7.97547265625
522.0 7.362458984375
523.0 5.49916181640625
524.0 7.7446857421875
525.0 7.28093583984375
526.0 6.91678935546875
527.0 5.8363220703125
528.0 5.18192939453125
529.0 6.57414541015625
530.0 6.35842353515625
531.0 6.7187310546875
532.0 6.31905126953125
533.0 6.6066939453125
534.0 5.35442666015625
535.0 5.4153212890625
536.0 5.746388671875
537.0 6.2674591796875
538.0 6.352247265625
539.0 6.50475205078125
540.0 5.0866994140625
541.0 5.51116005859375
542.0 6.01816884765625
543.0 7.2701880859375
544.0 7.13469658203125
545.0 7.35382333984375
546.0 6.80839638671875
547.0 7.6044333984375
548.0 5.5118548828125
549.0 6.64021357421875
550.0 5.07286904296875
551.0 5.51433896484375
552.0 5.7223826171875
553.0 8.5173125
554.0 4.55523994140625
555.0 6.38313251953125
556.0 6.98465244140625
557.0 6.1607736328125
558.0 7.86723681640625
559.0 5.4860388671875
560.0 7.03484384765625
561.0 5.57109501953125
562.0 4.20062265625
563.0 2.634531640625
564.0 5.18960380859375
565.0 7.1521861328125
566.0 6.09623447265625
567.0 7.46846259765625
568.0 5.7375380859375
569.0 3.89658837890625
570.0 5.465508203125
571.0 4.29007314453125
572.0 3.7975779296875
573.0 6.982960546875
574.0 6.29512294921875
575.0 5.7727833984375
576.0 4.5583306640625
577.0 6.87949560546875
578.0 5.56760244140625
579.0 6.8820962890625
580.0 7.87407333984375
581.0 7.7625384765625
582.0 7.05398095703125
583.0 7.976413671875
584.0 7.8950568359375
585.0 7.70900361328125
586.0 7.91525390625
587.0 6.8019115234375
588.0 7.693769921875
589.0 7.5031708984375
590.0 7.39274521484375
591.0 5.78902998046875
592.0 6.65877705078125
593.0 6.58976328125
594.0 7.21589912109375
595.0 5.8692865234375
596.0 6.90628486328125
597.0 6.97315068359375
598.0 7.8373857421875
599.0 7.75193125
600.0 7.640518359375
601.0 6.28147763671875
602.0 7.63500908203125
603.0 7.6827865234375
604.0 8.59797080078125
605.0 7.87488359375
606.0 7.97863974609375
607.0 10.6850232421875
608.0 9.838453125
609.0 4.60500703125
610.0 7.8509900390625
611.0 7.012616015625
612.0 8.120721875
613.0 8.48645888671875
614.0 4.293702734375
615.0 2.55739169921875
616.0 4.85628291015625
617.0 5.20445986328125
618.0 3.35696806640625
619.0 1.40724990234375
620.0 4.81759384765625
621.0 6.84472958984375
622.0 5.01229365234375
623.0 4.9342626953125
624.0 5.3183353515625
625.0 5.3858365234375
626.0 4.2289037109375
627.0 4.36633466796875
628.0 7.70343603515625
629.0 7.0720095703125
630.0 8.33243974609375
631.0 7.36448466796875
632.0 8.5367984375
633.0 8.75585498046875
634.0 9.6458666015625
635.0 9.336508203125
636.0 7.1788029296875
637.0 6.92764892578125
638.0 7.9213927734375
639.0 7.700284375
640.0 8.72212265625
641.0 5.666727734375
642.0 7.01827705078125
643.0 7.99523603515625
644.0 8.59189404296875
645.0 5.70793798828125
646.0 7.63947431640625
647.0 7.32179990234375
648.0 5.740645703125
649.0 4.48675546875
650.0 7.67798544921875
651.0 6.25326591796875
652.0 7.50183388671875
653.0 7.5677779296875
654.0 7.40795009765625
655.0 7.86543759765625
656.0 8.151456640625
657.0 8.9737431640625
658.0 7.7824705078125
659.0 7.18241708984375
660.0 10.30521103515625
661.0 11.002233203125
662.0 9.23667529296875
663.0 7.4687591796875
664.0 8.9611416015625
665.0 6.864012109375
666.0 9.004108203125
667.0 9.49559091796875
668.0 7.90238984375
669.0 6.51154638671875
670.0 0.0
671.0 0.0
672.0 21.13673525390625
673.0 8.151982421875
674.0 7.87066328125
675.0 5.92752958984375
676.0 8.87216025390625
677.0 6.00534189453125
678.0 4.570955859375
679.0 8.20616572265625
680.0 11.978090625
681.0 9.30345478515625
682.0 6.806675
683.0 11.80491904296875
684.0 12.7451658203125
685.0 10.6922841796875
686.0 10.10607607421875
687.0 10.74040029296875
688.0 12.1719703125
689.0 9.93217255859375
690.0 11.24326474609375
691.0 11.068853125
692.0 11.83822587890625
693.0 9.520997265625
694.0 1.05269990234375
695.0 4.442253125
696.0 5.32383447265625
697.0 4.727357421875
698.0 4.00267548828125
699.0 5.18376083984375
700.0 5.8120734375
701.0 5.80442880859375
702.0 3.54677138671875
703.0 8.44415458984375
704.0 8.28334462890625
705.0 8.253728125
706.0 9.09224423828125
707.0 9.56257900390625
708.0 6.91097412109375
709.0 6.1899873046875
710.0 6.51094033203125
711.0 6.80238173828125
712.0 6.5115640625
713.0 8.1168521484375
714.0 5.8849388671875
715.0 5.94222236328125
716.0 6.59210947265625
717.0 10.55152138671875
718.0 4.48477724609375
719.0 9.63907568359375
720.0 8.93295556640625
721.0 8.50166201171875
722.0 9.72842939453125
723.0 8.78622529296875
724.0 7.903986328125
725.0 8.1061560546875
726.0 8.83120361328125
727.0 7.12508759765625
728.0 9.89923798828125
729.0 6.079337890625
730.0 7.3141375
731.0 4.4955109375
732.0 5.6193455078125
733.0 5.4043416015625
734.0 3.7141080078125
735.0 4.04892412109375
736.0 4.71802890625
737.0 5.77300673828125
738.0 6.28256787109375
739.0 2.67563154296875
740.0 6.55799091796875
741.0 4.98884326171875
742.0 3.3893822265625
743.0 5.79781806640625
744.0 3.52140224609375
745.0 4.5067544921875
746.0 2.50087294921875
747.0 7.6151814453125
748.0 5.844352734375
749.0 6.20606005859375
750.0 5.73041025390625
751.0 2.843544921875
752.0 3.5906095703125
753.0 5.29891337890625
754.0 5.89368701171875
755.0 5.7813724609375
756.0 5.7840189453125
757.0 4.73825791015625
758.0 4.65952822265625
759.0 5.44657861328125
760.0 5.55587978515625
761.0 4.9211283203125
762.0 6.356754296875
763.0 6.40018916015625
764.0 6.3320125
765.0 6.56226611328125
766.0 6.6039111328125
767.0 6.1933626953125
768.0 6.00749091796875
769.0 5.6943650390625
770.0 6.25765283203125
771.0 5.941000390625
772.0 4.8074267578125
773.0 5.8364919921875
774.0 5.6986099609375
775.0 5.5567908203125
776.0 4.5290291015625
777.0 3.67489892578125
778.0 3.56831884765625
779.0 3.26434404296875
780.0 3.7566529296875
781.0 3.3764669921875
782.0 1.16785390625
783.0 2.7717591796875
784.0 4.38073046875
785.0 2.90273857421875
786.0 2.9144513671875
787.0 3.0930615234375
788.0 3.2144935546875
789.0 3.419505859375
790.0 3.32918759765625
791.0 3.42312001953125
792.0 3.6880958984375
793.0 4.50200185546875
794.0 4.7793369140625
795.0 4.14931630859375
796.0 4.2229490234375
797.0 4.7524322265625
798.0 4.30094384765625
799.0 2.90794873046875
