0.0 10.1801
1.0 14.89453505859375
2.0 24.57884873046875
3.0 19.54403037109375
4.0 3.297308203125
5.0 14.224275390625
6.0 34.83422587890625
7.0 29.21446240234375
8.0 28.01904521484375
9.0 24.019203515625
10.0 4.67428125
11.0 27.61916689453125
12.0 26.3239796875
13.0 30.19830322265625
14.0 7.6989552734375
15.0 16.9326798828125
16.0 17.85933916015625
17.0 20.13396630859375
18.0 12.21042587890625
19.0 6.16947568359375
20.0 4.48249794921875
21.0 4.5836400390625
22.0 25.06854853515625
23.0 19.72246240234375
24.0 22.274693359375
25.0 5.9812734375
26.0 1.46484296875
27.0 9.298666015625
28.0 0.2889853515625
29.0 11.0930404296875
30.0 3.91007431640625
31.0 3.85087392578125
32.0 19.7810814453125
33.0 27.20642490234375
34.0 33.78487802734375
35.0 28.07526865234375
36.0 31.9538412109375
37.0 20.92769345703125
38.0 28.77842421875
39.0 10.21063505859375
40.0 5.34220068359375
41.0 17.7737560546875
42.0 4.52068583984375
43.0 9.242055859375
44.0 22.31699560546875
45.0 19.00800478515625
46.0 6.243141796875
47.0 26.14031611328125
48.0 21.25147333984375
49.0 11.1623251953125
50.0 2.78758125
51.0 2.5675505859375
52.0 2.179542578125
53.0 4.3855505859375
54.0 16.4156662109375
55.0 24.9015400390625
56.0 27.2110357421875
57.0 27.46192861328125
58.0 16.481760546875
59.0 19.56368017578125
60.0 2.91015419921875
61.0 14.308662109375
62.0 28.62420078125
63.0 19.82009326171875
64.0 23.782072265625
65.0 2.45115224609375
66.0 1.00414150390625
67.0 4.70828408203125
68.0 22.36130400390625
69.0 16.24947109375
70.0 3.0391041015625
71.0 3.23853515625
72.0 6.751908984375
73.0 21.6408990234375
74.0 23.14020107421875
75.0 8.21348349609375
76.0 5.35958720703125
77.0 3.24725107421875
78.0 19.18879208984375
79.0 17.71391044921875
80.0 10.33520322265625
81.0 20.93393876953125
82.0 22.19289892578125
83.0 20.83537041015625
84.0 19.14491943359375
85.0 27.2080076171875
86.0 23.1942859375
87.0 21.1624548828125
88.0 28.890441015625
89.0 25.3656521484375
90.0 23.32303876953125
91.0 24.13339267578125
92.0 21.7734224609375
93.0 22.455784375
94.0 25.08188154296875
95.0 22.21237861328125
96.0 25.277665625
97.0 23.4063900390625
98.0 16.890149609375
99.0 34.404209375
100.0 22.05568115234375
101.0 19.41992431640625
102.0 11.08986591796875
103.0 9.8007197265625
104.0 21.39536103515625
105.0 8.967152734375
106.0 14.336093359375
107.0 8.98192216796875
108.0 3.6449943359375
109.0 6.41050146484375
110.0 3.946706640625
111.0 0.3859025390625
112.0 0.8327421875
113.0 0.4755908203125
114.0 0.03601982421875
115.0 0.23952490234375
116.0 6.46341943359375
117.0 1.75845869140625
118.0 6.90243779296875
119.0 7.060627734375
120.0 9.32484501953125
121.0 4.71722236328125
122.0 2.06127763671875
123.0 8.2200349609375
124.0 0.29170234375
125.0 2.15673203125
126.0 5.79797666015625
127.0 9.69167666015625
128.0 6.75096923828125
129.0 14.3219296875
130.0 15.334540234375
131.0 18.2322857421875
132.0 21.20333291015625
133.0 27.857125
134.0 30.04358916015625
135.0 15.4472515625
136.0 19.4572919921875
137.0 26.08284306640625
138.0 14.91466201171875
139.0 32.66283251953125
140.0 28.93615341796875
141.0 28.47511552734375
142.0 29.47506572265625
143.0 27.26602958984375
144.0 24.15990078125
145.0 12.80526748046875
146.0 1.10640712890625
147.0 0.59307255859375
148.0 0.29324189453125
149.0 12.99228193359375
150.0 23.56013525390625
151.0 10.26979462890625
152.0 23.25003125
153.0 30.2163150390625
154.0 20.74460302734375
155.0 25.576317578125
156.0 28.790036328125
157.0 22.0825861328125
158.0 30.11419326171875
159.0 37.19741240234375
160.0 29.17057529296875
161.0 28.37174033203125
162.0 24.673366796875
163.0 30.48505751953125
164.0 28.3606955078125
165.0 5.11774599609375
166.0 3.6941935546875
167.0 4.2287
168.0 10.75611142578125
169.0 4.7272033203125
170.0 18.16269052734375
171.0 8.8058173828125
172.0 21.717281640625
173.0 18.103389453125
174.0 24.85542646484375
175.0 7.5215451171875
176.0 18.9230779296875
177.0 13.53589140625
178.0 13.3862634765625
179.0 24.40178447265625
180.0 9.362391015625
181.0 6.816579296875
182.0 12.04815927734375
183.0 24.061091015625
184.0 21.33918193359375
185.0 30.66495283203125
186.0 26.79002646484375
187.0 22.6560091796875
188.0 34.1489625
189.0 24.3441427734375
190.0 26.12226689453125
191.0 35.23754306640625
192.0 28.00056708984375
193.0 26.8294705078125
194.0 26.45040771484375
195.0 26.14419130859375
196.0 21.0559013671875
197.0 23.611392578125
198.0 27.38831337890625
199.0 24.1034927734375
200.0 23.58411826171875
201.0 21.9192880859375
202.0 21.51179892578125
203.0 10.15047626953125
204.0 16.03694248046875
205.0 11.64840595703125
206.0 5.0313552734375
207.0 6.38148662109375
208.0 22.047391796875
209.0 21.286882421875
210.0 2.6706771484375
211.0 8.50296357421875
212.0 6.90528173828125
213.0 19.417529296875
214.0 19.30322490234375
215.0 22.09797841796875
216.0 32.00551015625
217.0 23.989946875
218.0 28.1561189453125
219.0 21.60176962890625
220.0 36.01798349609375
221.0 33.69854951171875
222.0 26.00831513671875
223.0 30.64638486328125
224.0 24.9512060546875
225.0 30.580828125
226.0 21.96053974609375
227.0 6.61423466796875
228.0 2.6751646484375
229.0 7.437565625
230.0 18.25525478515625
231.0 19.78978994140625
232.0 29.41048740234375
233.0 20.46230927734375
234.0 34.175080859375
235.0 33.17652998046875
236.0 23.24207080078125
237.0 22.54324150390625
238.0 16.70448251953125
239.0 24.43834677734375
240.0 6.589068359375
241.0 2.97358701171875
242.0 4.342820703125
243.0 2.66075
244.0 4.6010666015625
245.0 24.5586193359375
246.0 24.76732041015625
247.0 25.74925546875
248.0 19.1997787109375
249.0 14.93220439453125
250.0 11.99822626953125
251.0 17.9513064453125
252.0 6.622913671875
253.0 3.14538837890625
254.0 19.6215708984375
255.0 23.57233701171875
256.0 16.488587890625
257.0 4.9214978515625
258.0 3.67413330078125
259.0 0.3955306640625
260.0 3.3917083984375
261.0 1.0768564453125
262.0 1.98512353515625
263.0 1.5716236328125
264.0 1.60829384765625
265.0 0.447708203125
266.0 0.4236583984375
267.0 2.90133828125
268.0 4.81179501953125
269.0 0.70920107421875
270.0 3.53802900390625
271.0 1.45115078125
272.0 5.699525390625
273.0 0.53424091796875
274.0 0.1340986328125
275.0 0.60460986328125
276.0 1.3665923828125
277.0 0.67658662109375
278.0 0.0836595703125
279.0 0.05217744140625
280.0 0.08334345703125
281.0 0.04167177734375
282.0 0.0
283.0 0.0
284.0 0.0
285.0 0.0
286.0 0.0
287.0 0.0
288.0 0.0
289.0 0.0
290.0 0.0
291.0 0.0
292.0 0.0
293.0 0.0
294.0 0.0
295.0 0.0
296.0 0.0
297.0 0.0
298.0 0.0
299.0 0.0
300.0 0.0
301.0 0.0
302.0 0.0
303.0 0.0
304.0 0.0
305.0 0.0
306.0 0.0
307.0 0.0
308.0 0.0
309.0 0.0
310.0 0.07199111328125
311.0 17.5038146484375
312.0 32.2798630859375
313.0 32.0568716796875
314.0 37.32738994140625
315.0 22.04788095703125
316.0 46.45452822265625
317.0 35.53754267578125
318.0 34.387048828125
319.0 13.4562736328125
320.0 9.32769384765625
321.0 5.39938916015625
322.0 4.941345703125
323.0 20.1480091796875
324.0 28.52215478515625
325.0 26.6475076171875
326.0 30.71953359375
327.0 4.3048740234375
328.0 0.4473572265625
329.0 26.95520693359375
330.0 34.083075
331.0 30.131786328125
332.0 33.222490625
333.0 23.8793755859375
334.0 38.31102119140625
335.0 17.943155859375
336.0 27.12442412109375
337.0 28.1631486328125
338.0 5.3280623046875
339.0 12.948242578125
340.0 11.3103978515625
341.0 22.8153677734375
342.0 40.89619326171875
343.0 22.396445703125
344.0 26.16065234375
345.0 22.60339072265625
346.0 26.5240501953125
347.0 25.364269921875
348.0 2.7741794921875
349.0 11.796226953125
350.0 12.45761083984375
351.0 7.21075703125
352.0 14.9787265625
353.0 12.53717001953125
354.0 17.48228369140625
355.0 14.95843046875
356.0 14.45508359375
357.0 19.9564349609375
358.0 6.3976306640625
359.0 1.414326953125
360.0 1.8405177734375
361.0 2.3721736328125
362.0 9.62652939453125
363.0 29.31438544921875
364.0 6.5658025390625
365.0 17.14407294921875
366.0 25.819258203125
367.0 14.75283173828125
368.0 21.64411220703125
369.0 25.60620537109375
370.0 19.9448109375
371.0 28.21966201171875
372.0 29.89563046875
373.0 18.98288828125
374.0 23.65054794921875
375.0 12.76001181640625
376.0 23.53984375
377.0 19.87281494140625
378.0 2.24744853515625
379.0 22.0746765625
380.0 5.85332490234375
381.0 20.1711875
382.0 0.348908203125
383.0 4.6475435546875
384.0 3.4595654296875
385.0 1.07506552734375
386.0 0.20835869140625
387.0 0.09384921875
388.0 0.17719267578125
389.0 0.0
390.0 0.0
391.0 0.0
392.0 0.0
393.0 0.0
394.0 0.0
395.0 0.0
396.0 0.0
397.0 0.0
398.0 0.0
399.0 0.0
400.0 0.0
401.0 0.0
402.0 0.0
403.0 0.0
404.0 0.0
405.0 0.0
406.0 0.0
407.0 0.0
408.0 0.0
409.0 1.009851953125
410.0 29.902059375
411.0 25.94984931640625
412.0 32.627855859375
413.0 26.944758984375
414.0 26.09917529296875
415.0 32.10048515625
416.0 30.78236103515625
417.0 9.8810880859375
418.0 15.85187392578125
419.0 10.81907802734375
420.0 18.928503125
421.0 15.37635986328125
422.0 20.3949806640625
423.0 18.06488701171875
424.0 10.16903642578125
425.0 10.4206927734375
426.0 5.133693359375
427.0 24.22857763671875
428.0 30.14733759765625
429.0 12.246950390625
430.0 16.924719140625
431.0 20.00734638671875
432.0 24.6608525390625
433.0 18.55712412109375
434.0 14.4392640625
435.0 29.471879296875
436.0 8.34601044921875
437.0 3.96854814453125
438.0 28.87251826171875
439.0 21.63598203125
440.0 26.46037412109375
441.0 38.2931197265625
442.0 43.6048595703125
443.0 24.7168357421875
444.0 37.8682357421875
445.0 33.78605595703125
446.0 15.0261408203125
447.0 1.00117490234375
448.0 7.8029708984375
449.0 22.44299873046875
450.0 29.47605830078125
451.0 19.5834345703125
452.0 16.3094306640625
453.0 16.3723705078125
454.0 24.552030078125
455.0 24.11190693359375
456.0 8.4321826171875
457.0 13.07388623046875
458.0 15.97132275390625
459.0 5.7798486328125
460.0 23.7009595703125
461.0 34.78646298828125
462.0 21.054651171875
463.0 14.47940205078125
464.0 5.7994994140625
465.0 3.08560810546875
466.0 9.9541298828125
467.0 24.85166953125
468.0 29.97018759765625
469.0 22.10297919921875
470.0 7.13419453125
471.0 10.3050625
472.0 4.85501884765625
473.0 30.1100341796875
474.0 27.2782
475.0 22.7871955078125
476.0 32.3299751953125
477.0 9.34448828125
478.0 8.135684375
479.0 33.01308056640625
480.0 31.272817578125
481.0 26.99165654296875
482.0 22.6671548828125
483.0 15.800516015625
484.0 15.59358125
485.0 13.4945416015625
486.0 27.476806640625
487.0 12.4060875
488.0 35.03985322265625
489.0 26.485952734375
490.0 10.4490115234375
491.0 4.9581658203125
492.0 26.20851494140625
493.0 31.34387060546875
494.0 32.5140267578125
495.0 33.3972138671875
496.0 24.86938291015625
497.0 5.46253828125
498.0 25.480421484375
499.0 30.6549076171875
500.0 38.5792068359375
501.0 33.7028505859375
502.0 25.2448603515625
503.0 6.5528560546875
504.0 35.26128330078125
505.0 33.1480724609375
506.0 25.36615078125
507.0 8.35748505859375
508.0 17.13732763671875
509.0 36.00260908203125
510.0 32.61560341796875
511.0 33.17890869140625
512.0 27.089328125
513.0 8.8878443359375
514.0 11.30522666015625
515.0 25.74818564453125
516.0 24.7922064453125
517.0 23.57362177734375
518.0 15.32713125
519.0 7.649726171875
520.0 18.49411787109375
521.0 23.3347158203125
522.0 32.92496279296875
523.0 14.96885322265625
524.0 5.06379130859375
525.0 24.27330107421875
526.0 25.80293310546875
527.0 26.95370546875
528.0 10.61577373046875
529.0 7.16468662109375
530.0 33.4984525390625
531.0 33.1659515625
532.0 32.884678515625
533.0 15.09570908203125
534.0 7.18521533203125
535.0 17.6243828125
536.0 24.1849669921875
537.0 25.81928759765625
538.0 23.9439078125
539.0 14.88840458984375
540.0 20.83522705078125
541.0 20.9308375
542.0 19.291337109375
543.0 30.91055791015625
544.0 10.34659755859375
545.0 15.8738896484375
546.0 27.24113095703125
547.0 23.0334224609375
548.0 29.85643740234375
549.0 17.3800162109375
550.0 9.42415810546875
551.0 16.245201953125
552.0 29.75378759765625
553.0 21.98221025390625
554.0 7.76815068359375
555.0 16.2903876953125
556.0 15.40138203125
557.0 19.848648828125
558.0 34.20268310546875
559.0 16.44531123046875
560.0 9.9006359375
561.0 0.0
562.0 0.0
563.0 0.21312783203125
564.0 0.4380798828125
565.0 0.34387978515625
566.0 1.10644697265625
567.0 9.45426845703125
568.0 10.3276576171875
569.0 22.97340107421875
570.0 4.96742646484375
571.0 2.04224365234375
572.0 1.52314794921875
573.0 2.1217615234375
574.0 0.886562109375
575.0 0.34387978515625
576.0 0.60476689453125
577.0 0.32286826171875
578.0 1.4804001953125
579.0 10.7580921875
580.0 4.2239111328125
581.0 14.0593712890625
582.0 10.4371154296875
583.0 25.29548583984375
584.0 30.62289140625
585.0 15.86080830078125
586.0 3.80487578125
587.0 9.43320068359375
588.0 11.1843021484375
589.0 22.9108021484375
590.0 12.91219931640625
591.0 10.718529296875
592.0 21.00231083984375
593.0 18.72529736328125
594.0 5.715708984375
595.0 6.35685498046875
596.0 25.17744384765625
597.0 21.109995703125
598.0 22.063553125
599.0 33.51831162109375
600.0 29.71817939453125
601.0 12.2974357421875
602.0 7.86078544921875
603.0 24.235317578125
604.0 20.75885703125
605.0 21.48848798828125
606.0 2.81991328125
607.0 1.13308935546875
608.0 0.80675302734375
609.0 0.1563568359375
610.0 0.58703310546875
611.0 0.234751953125
612.0 0.27104189453125
613.0 0.11450966796875
614.0 0.31236259765625
615.0 0.21886455078125
616.0 0.07301328125
617.0 0.21903984375
618.0 0.16686259765625
619.0 0.1665115234375
620.0 0.15618125
621.0 0.39640810546875
622.0 0.02083583984375
623.0 0.0103302734375
624.0 0.07301328125
625.0 0.09384921875
626.0 0.20853427734375
627.0 0.13569638671875
628.0 0.08351904296875
629.0 0.0835189453125
630.0 0.06233212890625
631.0 0.0
632.0 0.0
633.0 0.0
634.0 0.0
635.0 0.0
636.0 0.0
637.0 0.0
638.0 0.0
639.0 0.0
640.0 0.0
641.0 0.0
642.0 0.0
643.0 0.0
644.0 0.0
645.0 0.0
646.0 0.0
647.0 0.0
648.0 0.0
649.0 0.0
650.0 0.0
651.0 0.0
652.0 0.0
653.0 0.0
654.0 0.0
655.0 0.0
656.0 0.0
657.0 0.0
658.0 0.0
659.0 0.0
660.0 0.0
661.0 0.0
662.0 0.0
663.0 0.0
664.0 0.0
665.0 0.0
666.0 0.0
667.0 0.0
668.0 0.0
669.0 0.0
670.0 0.0
671.0 0.0
672.0 0.0
673.0 0.0
674.0 0.0
675.0 0.0
676.0 0.0
677.0 0.0
678.0 0.0
679.0 0.0
680.0 0.0
681.0 1.26486298828125
682.0 8.03463623046875
683.0 2.34851064453125
684.0 2.44078056640625
685.0 12.07294462890625
686.0 15.6207373046875
687.0 12.94536376953125
688.0 1.73271181640625
689.0 4.0625888671875
690.0 0.11982998046875
691.0 0.3593748046875
692.0 7.43771728515625
693.0 0.37174501953125
694.0 4.2418455078125
695.0 4.26756240234375
696.0 3.24859365234375
697.0 0.96371787109375
698.0 9.32403759765625
699.0 2.93362236328125
700.0 2.1597595703125
701.0 8.78361513671875
702.0 2.921104296875
703.0 0.290505859375
704.0 0.88733525390625
705.0 1.0897896484375
706.0 2.4458396484375
707.0 0.37504580078125
708.0 0.64516181640625
709.0 4.0261775390625
710.0 15.98639990234375
711.0 8.01676787109375
712.0 23.34352138671875
713.0 31.438253515625
714.0 5.81530322265625
715.0 20.5670990234375
716.0 14.30557880859375
717.0 24.262958203125
718.0 22.544690625
719.0 13.02587177734375
720.0 23.3224912109375
721.0 14.23905478515625
722.0 30.48065126953125
723.0 31.2633576171875
724.0 10.8792689453125
725.0 7.24094189453125
726.0 19.48914091796875
727.0 15.29280068359375
728.0 5.46848994140625
729.0 7.865436328125
730.0 3.652069140625
731.0 2.4407806640625
732.0 7.3158798828125
733.0 5.5728111328125
734.0 2.394754296875
735.0 16.25795283203125
736.0 19.4684373046875
737.0 20.8010509765625
738.0 13.62358720703125
739.0 15.818366796875
740.0 16.8787671875
741.0 7.61839990234375
742.0 6.102653515625
743.0 5.49997880859375
744.0 9.4676580078125
745.0 13.4434576171875
746.0 8.6568044921875
747.0 17.0633494140625
748.0 12.8873759765625
749.0 6.24195517578125
750.0 1.95420302734375
751.0 2.01577470703125
752.0 9.6893423828125
753.0 6.921028515625
754.0 5.60480009765625
755.0 14.3612001953125
756.0 2.509843359375
757.0 3.00413564453125
758.0 3.0545162109375
759.0 1.74036748046875
760.0 1.2281376953125
761.0 1.00270478515625
762.0 1.914527734375
763.0 1.8368912109375
764.0 6.46212763671875
765.0 3.44871630859375
766.0 1.535094140625
767.0 2.5872431640625
768.0 7.21642177734375
769.0 16.77453017578125
770.0 23.9729640625
771.0 32.205466015625
772.0 23.915236328125
773.0 8.78487734375
774.0 9.49350419921875
775.0 6.64502373046875
776.0 4.19735849609375
777.0 10.30435751953125
778.0 8.17342578125
779.0 3.73446640625
780.0 2.43647763671875
781.0 2.5542388671875
782.0 2.78425185546875
783.0 2.44311787109375
784.0 3.0688400390625
785.0 4.22645625
786.0 5.98588720703125
787.0 21.4595921875
788.0 27.8912603515625
789.0 23.80342919921875
790.0 5.35609990234375
791.0 0.48984248046875
792.0 20.2502423828125
793.0 9.37903662109375
794.0 6.33480439453125
795.0 0.68723291015625
796.0 7.8224318359375
797.0 29.36086767578125
798.0 15.0962431640625
799.0 30.17316015625
