0.0 0.7596349609375
1.0 0.129105078125
2.0 1.085044921875
3.0 0.7618255859375
4.0 2.03298955078125
5.0 3.17013603515625
6.0 2.4966791015625
7.0 8.66881494140625
8.0 15.86269228515625
9.0 17.46624365234375
10.0 6.7878189453125
11.0 3.55902529296875
12.0 16.3384947265625
13.0 19.17290048828125
14.0 2.60533818359375
15.0 2.13945009765625
16.0 5.282479296875
17.0 0.88774775390625
18.0 7.91403544921875
19.0 11.15392373046875
20.0 14.0565005859375
21.0 12.796472265625
22.0 6.16384970703125
23.0 20.23220439453125
24.0 11.14570107421875
25.0 14.84554541015625
26.0 12.4722423828125
27.0 7.25606953125
28.0 4.28940576171875
29.0 4.85302744140625
30.0 5.01086357421875
31.0 6.0791994140625
32.0 2.238786328125
33.0 3.755971875
34.0 1.59772001953125
35.0 0.42757421875
36.0 0.59443681640625
37.0 7.35219501953125
38.0 0.70071484375
39.0 39.0545876953125
40.0 0.4871146484375
41.0 0.3227662109375
42.0 1.0080853515625
43.0 0.325459375
44.0 9.9856537109375
45.0 16.17714150390625
46.0 24.02161591796875
47.0 13.41355087890625
48.0 10.2986224609375
49.0 21.07510107421875
50.0 26.28658056640625
51.0 20.45282109375
52.0 24.9627849609375
53.0 21.17038623046875
54.0 23.32759501953125
55.0 23.679581640625
56.0 20.924399609375
57.0 18.32687744140625
58.0 24.61389482421875
59.0 12.2186302734375
60.0 21.35232197265625
61.0 2.43236787109375
62.0 39.404900390625
63.0 24.11438193359375
64.0 25.72025927734375
65.0 21.44840458984375
66.0 20.09730791015625
67.0 22.49131533203125
68.0 22.112538671875
69.0 16.14058623046875
70.0 25.69038525390625
71.0 21.509224609375
72.0 25.347368359375
73.0 10.22617470703125
74.0 8.58345517578125
75.0 7.73498818359375
76.0 12.87838740234375
77.0 14.114096875
78.0 25.8543919921875
79.0 22.838730859375
80.0 22.77067744140625
81.0 24.40223671875
82.0 21.30482724609375
83.0 25.323509765625
84.0 23.2427267578125
85.0 21.52555537109375
86.0 22.86910078125
87.0 20.64435302734375
88.0 25.68401630859375
89.0 23.182832421875
90.0 22.6950734375
91.0 22.69918359375
92.0 22.1856087890625
93.0 13.7916869140625
94.0 31.69217529296875
95.0 18.00717880859375
96.0 16.3637296875
97.0 14.38870439453125
98.0 18.664065234375
99.0 18.14935869140625
100.0 19.88222080078125
101.0 17.90974208984375
102.0 14.20824326171875
103.0 12.87005791015625
104.0 18.58408896484375
105.0 8.76187255859375
106.0 16.046094140625
107.0 12.9166896484375
108.0 2.63361337890625
109.0 1.78401181640625
110.0 1.55534365234375
111.0 0.2293701171875
112.0 5.5061326171875
113.0 1.81699560546875
114.0 1.87865400390625
115.0 5.3552044921875
116.0 8.05694560546875
117.0 5.85246435546875
118.0 8.04374912109375
119.0 3.50019931640625
120.0 16.50931171875
121.0 11.0210837890625
122.0 10.74433896484375
123.0 9.8927365234375
124.0 12.70018408203125
125.0 20.08781884765625
126.0 17.12769765625
127.0 3.820560546875
128.0 16.00478955078125
129.0 13.47126171875
130.0 6.88935087890625
131.0 0.36323447265625
132.0 0.1884775390625
133.0 0.21868896484375
134.0 0.04167177734375
135.0 0.385726953125
136.0 0.62525166015625
137.0 1.26667802734375
138.0 1.35717822265625
139.0 1.60839765625
140.0 3.4421375
141.0 1.76614462890625
142.0 2.89584755859375
143.0 0.9780666015625
144.0 0.359583984375
145.0 1.64016962890625
146.0 0.2145744140625
147.0 0.75023740234375
148.0 0.60549833984375
149.0 0.0
150.0 0.0
151.0 0.0
152.0 0.0
153.0 0.0
154.0 0.0
155.0 0.0
156.0 0.0
157.0 0.0
158.0 0.0
159.0 0.0
160.0 0.0
161.0 0.0
162.0 0.0
163.0 0.0
164.0 0.0
165.0 0.0
166.0 0.0
167.0 0.0
168.0 0.0
169.0 0.0
170.0 0.0
171.0 0.0
172.0 0.0
173.0 0.0
174.0 0.0
175.0 0.0
176.0 0.0
177.0 0.0
178.0 0.0
179.0 0.0
180.0 0.0
181.0 0.0
182.0 0.0
183.0 0.0
184.0 0.0
185.0 0.0
186.0 0.0
187.0 0.0
188.0 0.0
189.0 0.0
190.0 0.0
191.0 0.0
192.0 0.0
193.0 7.17845810546875
194.0 21.45417119140625
195.0 22.92573779296875
196.0 21.5480638671875
197.0 20.6129625
198.0 24.1967802734375
199.0 24.8706490234375
200.0 31.71007685546875
201.0 24.4837646484375
202.0 37.486005859375
203.0 17.14026357421875
204.0 29.4870513671875
205.0 29.2256455078125
206.0 32.1979890625
207.0 13.7544294921875
208.0 31.97151396484375
209.0 32.24313955078125
210.0 22.8993787109375
211.0 23.93931376953125
212.0 19.6349521484375
213.0 20.886421875
214.0 24.1449587890625
215.0 22.24800068359375
216.0 22.74900556640625
217.0 24.99436240234375
218.0 17.29990859375
219.0 28.916080078125
220.0 16.23827353515625
221.0 18.3674314453125
222.0 21.30296669921875
223.0 9.9940041015625
224.0 29.18100546875
225.0 18.735020703125
226.0 17.04094833984375
227.0 20.1144447265625
228.0 15.2316751953125
229.0 24.452947265625
230.0 15.87213330078125
231.0 21.20801181640625
232.0 22.285169921875
233.0 17.7722439453125
234.0 16.50389228515625
235.0 20.34636826171875
236.0 24.57890361328125
237.0 11.71370322265625
238.0 12.37830615234375
239.0 22.86150205078125
240.0 16.07576552734375
241.0 8.78253740234375
242.0 1.779628515625
243.0 8.95112294921875
244.0 21.4949759765625
245.0 17.89901953125
246.0 13.3084248046875
247.0 13.20992880859375
248.0 7.16516015625
249.0 14.1481638671875
250.0 26.70859150390625
251.0 10.99893056640625
252.0 24.29374912109375
253.0 19.0404884765625
254.0 7.16743203125
255.0 16.4904810546875
256.0 3.7907220703125
257.0 32.23244951171875
258.0 19.39213125
259.0 20.09221787109375
260.0 13.36483564453125
261.0 21.16984482421875
262.0 2.55266572265625
263.0 31.4214123046875
264.0 15.87979814453125
265.0 16.78629599609375
266.0 25.09412841796875
267.0 24.957015234375
268.0 20.47568994140625
269.0 19.4634423828125
270.0 18.02348154296875
271.0 21.7915703125
272.0 34.412173046875
273.0 18.83388408203125
274.0 18.25525830078125
275.0 8.65764541015625
276.0 17.855345703125
277.0 30.85786318359375
278.0 23.62240322265625
279.0 2.88637451171875
280.0 10.06822802734375
281.0 8.516695703125
282.0 11.49987041015625
283.0 23.91785908203125
284.0 18.73264521484375
285.0 29.481989453125
286.0 25.74407216796875
287.0 38.5449916015625
288.0 11.68351318359375
289.0 4.36495966796875
290.0 6.7678689453125
291.0 22.1576880859375
292.0 21.92830234375
293.0 14.7440916015625
294.0 24.26699384765625
295.0 31.37711015625
296.0 7.93876220703125
297.0 8.4766828125
298.0 12.5064125
299.0 18.03727431640625
300.0 15.32584462890625
301.0 12.4014892578125
302.0 0.41671748046875
303.0 0.3335494140625
304.0 1.678077734375
305.0 1.89568740234375
306.0 7.7026283203125
307.0 5.38965283203125
308.0 5.11934794921875
309.0 7.87502763671875
310.0 2.2768486328125
311.0 2.8016595703125
312.0 6.56537646484375
313.0 11.8305662109375
314.0 9.91987626953125
315.0 1.25734697265625
316.0 0.797668359375
317.0 1.18922431640625
318.0 1.390996484375
319.0 1.84013583984375
320.0 1.2334216796875
321.0 0.77040087890625
322.0 1.67842861328125
323.0 0.08316806640625
324.0 0.34387978515625
325.0 1.825508203125
326.0 0.15618134765625
327.0 0.68811025390625
328.0 0.15600576171875
329.0 0.1975021484375
330.0 0.62472548828125
331.0 0.3123626953125
332.0 2.25998779296875
333.0 0.99304111328125
334.0 0.39588173828125
335.0 0.30238671875
336.0 0.051472265625
337.0 1.3128357421875
338.0 1.15593564453125
339.0 0.65631650390625
340.0 0.813594921875
341.0 6.9958939453125
342.0 0.09628427734375
343.0 0.45874033203125
344.0 7.70912158203125
345.0 2.5315814453125
346.0 12.1808064453125
347.0 18.52098310546875
348.0 12.27423623046875
349.0 20.3489384765625
350.0 10.22457939453125
351.0 8.99258125
352.0 17.30630830078125
353.0 8.5851953125
354.0 8.0828423828125
355.0 11.03294794921875
356.0 4.85173896484375
357.0 5.73737431640625
358.0 11.32453046875
359.0 19.80679775390625
360.0 23.36639619140625
361.0 26.54931669921875
362.0 23.25632158203125
363.0 22.530265234375
364.0 22.46572705078125
365.0 5.4635572265625
366.0 14.77485869140625
367.0 13.42107880859375
368.0 22.044526171875
369.0 20.8392912109375
370.0 24.80380947265625
371.0 26.14191240234375
372.0 17.35983671875
373.0 9.3543341796875
374.0 19.5765458984375
375.0 22.7247423828125
376.0 21.776903515625
377.0 28.707408203125
378.0 24.11617255859375
379.0 20.29394619140625
380.0 21.04839169921875
381.0 17.14529912109375
382.0 10.31920400390625
383.0 25.4441822265625
384.0 19.14826708984375
385.0 27.549291015625
386.0 12.4872052734375
387.0 1.8315646484375
388.0 1.0377751953125
389.0 2.81766796875
390.0 25.6736904296875
391.0 19.709769140625
392.0 21.4532078125
393.0 14.331197265625
394.0 21.73084443359375
395.0 17.201329296875
396.0 13.41456259765625
397.0 7.0378994140625
398.0 22.04738017578125
399.0 12.412956640625
400.0 14.269165234375
401.0 15.63480966796875
402.0 23.75283701171875
403.0 18.5143521484375
404.0 18.2367771484375
405.0 18.49787822265625
406.0 23.154790625
407.0 14.40599091796875
408.0 17.98870068359375
409.0 10.31840068359375
410.0 20.97381484375
411.0 14.68809736328125
412.0 22.2317345703125
413.0 21.832855859375
414.0 17.45021689453125
415.0 11.52465048828125
416.0 7.3190330078125
417.0 16.41654755859375
418.0 16.2993154296875
419.0 22.89421162109375
420.0 16.95904560546875
421.0 35.16504892578125
422.0 23.59818642578125
423.0 20.61240146484375
424.0 25.24585146484375
425.0 12.248300390625
426.0 14.1241591796875
427.0 23.99281552734375
428.0 6.66908037109375
429.0 3.20835654296875
430.0 16.23923427734375
431.0 9.16622607421875
432.0 9.79238974609375
433.0 3.77591328125
434.0 5.0976548828125
435.0 6.360928125
436.0 2.68206025390625
437.0 3.39730068359375
438.0 5.7834701171875
439.0 0.1773681640625
440.0 0.15627109375
441.0 0.41680341796875
442.0 0.3438796875
443.0 0.47940068359375
444.0 1.54448701171875
445.0 2.28372197265625
446.0 6.47537919921875
447.0 3.9959037109375
448.0 1.323516796875
449.0 18.30232998046875
450.0 11.46796416015625
451.0 14.90945078125
452.0 9.09700166015625
453.0 14.91310634765625
454.0 14.67967490234375
455.0 12.723293359375
456.0 23.48500537109375
457.0 19.8341966796875
458.0 22.41621083984375
459.0 25.8183603515625
460.0 24.45541708984375
461.0 23.54116611328125
462.0 22.14732802734375
463.0 22.71223193359375
464.0 10.07247099609375
465.0 11.0604701171875
466.0 2.38696494140625
467.0 17.409976171875
468.0 21.8266677734375
469.0 19.57976630859375
470.0 16.65493701171875
471.0 10.20886689453125
472.0 23.20672763671875
473.0 18.08565595703125
474.0 8.62466142578125
475.0 11.282074609375
476.0 0.39640810546875
477.0 9.56341103515625
478.0 18.56868955078125
479.0 17.4712740234375
480.0 16.24425439453125
481.0 0.9448515625
482.0 19.398890234375
483.0 12.012623828125
484.0 15.0887830078125
485.0 2.44736533203125
486.0 3.21773525390625
487.0 0.27086640625
488.0 8.53583916015625
489.0 7.57086953125
490.0 5.42040166015625
491.0 6.31223818359375
492.0 7.3653498046875
493.0 13.55565205078125
494.0 7.65330986328125
495.0 7.22734609375
496.0 0.382062109375
497.0 0.3244275390625
498.0 0.447181640625
499.0 0.373069140625
500.0 0.35460712890625
501.0 10.243300390625
502.0 10.8294119140625
503.0 8.5023501953125
504.0 3.63539052734375
505.0 10.376649609375
506.0 15.11140322265625
507.0 17.4655076171875
508.0 16.95674794921875
509.0 17.56204775390625
510.0 12.88272919921875
511.0 2.56349697265625
512.0 4.36686474609375
513.0 9.960311328125
514.0 13.17884677734375
515.0 22.96259677734375
516.0 29.18160849609375
517.0 25.7504025390625
518.0 19.26699619140625
519.0 20.017860546875
520.0 16.27350576171875
521.0 24.68617412109375
522.0 20.54802509765625
523.0 26.29475888671875
524.0 20.71547197265625
525.0 16.90941474609375
526.0 24.747715625
527.0 17.1084029296875
528.0 6.4541169921875
529.0 29.94886513671875
530.0 28.3202796875
531.0 31.25207802734375
532.0 22.12442021484375
533.0 31.839374609375
534.0 16.32801162109375
535.0 2.9359791015625
536.0 17.8490984375
537.0 2.7713736328125
538.0 23.37290771484375
539.0 4.9515533203125
540.0 10.43016337890625
541.0 13.4210232421875
542.0 11.9356609375
543.0 9.67540009765625
544.0 8.61181640625
545.0 1.75133720703125
546.0 4.15975751953125
547.0 10.6921904296875
548.0 13.26658798828125
549.0 6.25655107421875
550.0 12.55982265625
551.0 6.3390615234375
552.0 6.0010869140625
553.0 0.5226466796875
554.0 1.88643662109375
555.0 2.812895703125
556.0 1.45924501953125
557.0 2.125961328125
558.0 4.61801982421875
559.0 2.8775029296875
560.0 11.10882197265625
561.0 4.817795703125
562.0 14.1300615234375
563.0 9.18886875
564.0 4.03029931640625
565.0 8.38442685546875
566.0 2.995623828125
567.0 9.67269833984375
568.0 6.84183564453125
569.0 4.54121103515625
570.0 15.59852216796875
571.0 0.094359375
572.0 1.418769921875
573.0 7.88929287109375
574.0 19.29114306640625
575.0 19.26345048828125
576.0 20.60684365234375
577.0 16.80829150390625
578.0 9.21458564453125
579.0 9.1467
580.0 20.8310515625
581.0 11.87429814453125
582.0 7.043974609375
583.0 1.3358580078125
584.0 1.74461259765625
585.0 0.328625
586.0 0.2027775390625
587.0 0.66727451171875
588.0 0.33319853515625
589.0 0.06233212890625
590.0 0.187873828125
591.0 0.52142333984375
592.0 0.625602734375
593.0 0.1251908203125
594.0 0.1668625
595.0 0.67725390625
596.0 0.6181640625
597.0 1.03927568359375
598.0 2.35713681640625
599.0 0.0
600.0 0.0
601.0 0.6496802734375
602.0 0.06250771484375
603.0 0.197677734375
604.0 0.40673837890625
605.0 0.8337859375
606.0 0.12501513671875
607.0 0.01033017578125
608.0 0.0
609.0 0.0
610.0 0.0
611.0 0.0
612.0 0.0
613.0 0.0
614.0 0.0
615.0 0.0
616.0 0.0
617.0 0.0
618.0 0.0
619.0 0.0
620.0 0.0
621.0 0.0
622.0 0.0
623.0 0.0
624.0 0.0
625.0 0.0
626.0 0.0
627.0 0.0
628.0 0.0
629.0 0.0
630.0 0.0
631.0 0.0
632.0 0.0
633.0 0.0
634.0 0.0
635.0 0.0
636.0 0.0
637.0 0.0
638.0 0.0
639.0 0.0
640.0 0.0
641.0 0.0
642.0 0.0
643.0 0.0
644.0 0.0
645.0 0.06702861328125
646.0 0.9468919921875
647.0 1.12079169921875
648.0 1.04846474609375
649.0 0.5861865234375
650.0 0.9315259765625
651.0 0.9538576171875
652.0 0.812376171875
653.0 0.531274609375
654.0 0.89560244140625
655.0 0.531918359375
656.0 0.677429296875
657.0 0.58377177734375
658.0 0.64847216796875
659.0 0.65235771484375
660.0 0.72140029296875
661.0 0.752518359375
662.0 0.8232802734375
663.0 1.457878515625
664.0 0.7817837890625
665.0 0.59110107421875
666.0 0.86398564453125
667.0 0.7203083984375
668.0 0.9905294921875
669.0 1.1797783203125
670.0 5.52054267578125
671.0 4.24064970703125
672.0 6.83670947265625
673.0 4.82442265625
674.0 5.39246435546875
675.0 2.81515712890625
676.0 3.45918349609375
677.0 12.38207392578125
678.0 12.2533865234375
679.0 16.01711728515625
680.0 26.272844140625
681.0 10.2953609375
682.0 19.3013453125
683.0 18.91610859375
684.0 23.64419462890625
685.0 1.0826357421875
686.0 10.4186328125
687.0 11.083709375
688.0 18.2578064453125
689.0 5.972175
690.0 20.0122001953125
691.0 17.56551337890625
692.0 23.65043271484375
693.0 15.07237861328125
694.0 22.1170953125
695.0 15.687162109375
696.0 16.6888580078125
697.0 14.55462744140625
698.0 21.47030966796875
699.0 18.1245466796875
700.0 22.40909111328125
701.0 20.21282822265625
702.0 18.842628515625
703.0 14.1205896484375
704.0 19.31610634765625
705.0 11.51882041015625
706.0 14.13531533203125
707.0 17.99921044921875
708.0 18.13050751953125
709.0 15.08854375
710.0 19.6875521484375
711.0 20.8278384765625
712.0 27.61053212890625
713.0 29.59755595703125
714.0 25.87307578125
715.0 21.40934560546875
716.0 25.11568134765625
717.0 21.134764453125
718.0 22.021744921875
719.0 23.55610634765625
720.0 28.14345341796875
721.0 17.544583984375
722.0 26.98905107421875
723.0 36.03448271484375
724.0 35.1500970703125
725.0 17.81220595703125
726.0 16.41841845703125
727.0 23.1844029296875
728.0 21.5923193359375
729.0 24.533040625
730.0 26.01180888671875
731.0 35.99478876953125
732.0 35.46953818359375
733.0 27.71032802734375
734.0 26.5200234375
735.0 32.3777974609375
736.0 34.82020673828125
737.0 34.2094892578125
738.0 38.1216662109375
739.0 29.2266802734375
740.0 31.5127798828125
741.0 24.81618857421875
742.0 34.0641529296875
743.0 37.59823896484375
744.0 13.19862373046875
745.0 4.78685009765625
746.0 28.02689619140625
747.0 24.49667451171875
748.0 20.47425029296875
749.0 23.933873046875
750.0 24.79291630859375
751.0 9.58525703125
752.0 11.087495703125
753.0 22.44869228515625
754.0 17.67427978515625
755.0 22.8148302734375
756.0 23.70312705078125
757.0 21.03340087890625
758.0 23.2107794921875
759.0 23.49982646484375
760.0 17.31810966796875
761.0 20.39447890625
762.0 21.78304912109375
763.0 19.5248537109375
764.0 18.60427177734375
765.0 22.0753796875
766.0 13.6482037109375
767.0 16.38350908203125
768.0 16.63356865234375
769.0 10.17409580078125
770.0 14.83282158203125
771.0 10.36245146484375
772.0 6.576611328125
773.0 2.27425419921875
774.0 8.6325626953125
775.0 7.244803515625
776.0 1.92217626953125
777.0 1.51526142578125
778.0 4.52542109375
779.0 1.8887177734375
780.0 0.3752212890625
781.0 4.27986591796875
782.0 1.53044453125
783.0 0.4592666015625
784.0 0.28703203125
785.0 0.2855158203125
786.0 0.15635673828125
787.0 0.12483984375
788.0 0.0623322265625
789.0 0.04149619140625
790.0 0.0208359375
791.0 0.456094921875
792.0 0.31009970703125
793.0 0.30664482421875
794.0 3.50668935546875
795.0 0.7514955078125
796.0 1.70031748046875
797.0 3.07794208984375
798.0 2.40532470703125
799.0 5.2421302734375
