0.0 8.81839501953125
1.0 10.06007587890625
2.0 9.198085546875
3.0 7.441930078125
4.0 8.8713775390625
5.0 8.3174189453125
6.0 10.514699609375
7.0 11.26034248046875
8.0 9.38566591796875
9.0 10.616251953125
10.0 9.24432138671875
11.0 11.05089658203125
12.0 11.353866796875
13.0 10.9224408203125
14.0 12.68491728515625
15.0 12.09592138671875
16.0 11.693470703125
17.0 11.6554939453125
18.0 11.00491953125
19.0 7.6415296875
20.0 13.31899775390625
21.0 9.526737109375
22.0 9.25515283203125
23.0 9.3565822265625
24.0 11.2116203125
25.0 10.85358173828125
26.0 9.0499564453125
27.0 12.49934931640625
28.0 10.53624365234375
29.0 11.54922080078125
30.0 9.93588896484375
31.0 11.657773828125
32.0 11.6834876953125
33.0 10.53533701171875
34.0 7.336536328125
35.0 11.05130849609375
36.0 9.47458701171875
37.0 5.9395265625
38.0 8.79578515625
39.0 8.6961416015625
40.0 6.24988251953125
41.0 8.15082587890625
42.0 7.74623583984375
43.0 6.9985904296875
44.0 6.1213064453125
45.0 9.1807423828125
46.0 8.4199556640625
47.0 6.55761884765625
48.0 7.1255109375
49.0 9.6979966796875
50.0 11.55424521484375
51.0 7.1918826171875
52.0 4.90157412109375
53.0 6.15711162109375
54.0 7.21589345703125
55.0 11.23670244140625
56.0 7.69115244140625
57.0 6.298934375
58.0 6.40881962890625
59.0 7.331750390625
60.0 5.0721712890625
61.0 9.3213544921875
62.0 10.44866669921875
63.0 11.724087890625
64.0 7.71346826171875
65.0 8.89240478515625
66.0 10.79276865234375
67.0 11.37143125
68.0 11.17354765625
69.0 10.33768603515625
70.0 9.72355673828125
71.0 8.8463703125
72.0 10.34624091796875
73.0 10.831878125
74.0 11.2280193359375
75.0 11.02234814453125
76.0 11.8837734375
77.0 12.541767578125
78.0 10.7772765625
79.0 10.4576001953125
80.0 10.962906640625
81.0 11.502950390625
82.0 12.875188671875
83.0 11.38594130859375
84.0 12.48893486328125
85.0 13.03925390625
86.0 12.8926033203125
87.0 11.2597056640625
88.0 12.41390361328125
89.0 12.0365330078125
90.0 11.38304833984375
91.0 11.058136328125
92.0 7.8598431640625
93.0 12.3042283203125
94.0 12.14050361328125
95.0 10.5678353515625
96.0 12.116696484375
97.0 11.35601083984375
98.0 12.25993212890625
99.0 10.8686583984375
100.0 11.77471484375
101.0 12.62589150390625
102.0 12.509063671875
103.0 11.49293642578125
104.0 12.80856513671875
105.0 8.330704296875
106.0 15.41528251953125
107.0 12.6192572265625
108.0 10.108282421875
109.0 11.45250888671875
110.0 12.16393515625
111.0 11.08670615234375
112.0 4.39772578125
113.0 6.5144208984375
114.0 10.90157177734375
115.0 11.38054755859375
116.0 9.84176826171875
117.0 6.8887236328125
118.0 10.59862451171875
119.0 12.09779970703125
120.0 11.643373046875
121.0 10.37071728515625
122.0 11.42594033203125
123.0 10.4119166015625
124.0 11.856638671875
125.0 10.16512021484375
126.0 12.37987265625
127.0 12.011025390625
128.0 12.337517578125
129.0 9.401219921875
130.0 9.57901083984375
131.0 11.525745703125
132.0 7.997004296875
133.0 12.983373828125
134.0 10.83077216796875
135.0 7.503866015625
136.0 10.0622953125
137.0 6.497312890625
138.0 8.7992833984375
139.0 6.9716791015625
140.0 6.83466953125
141.0 6.49668994140625
142.0 6.05170439453125
143.0 6.3394052734375
144.0 6.51550869140625
145.0 7.6345771484375
146.0 6.26939892578125
147.0 6.79708603515625
148.0 7.94100703125
149.0 5.8936029296875
150.0 11.21519833984375
151.0 8.16546513671875
152.0 11.24095673828125
153.0 10.18719794921875
154.0 8.302715625
155.0 7.69259267578125
156.0 11.14139677734375
157.0 8.7999833984375
158.0 10.55871162109375
159.0 10.432380078125
160.0 11.12009169921875
161.0 10.41252783203125
162.0 10.5860705078125
163.0 9.94768583984375
164.0 7.91889619140625
165.0 8.8694853515625
166.0 9.93703515625
167.0 8.8067384765625
168.0 7.325462890625
169.0 7.71373828125
170.0 6.86215458984375
171.0 8.62721494140625
172.0 8.95393447265625
173.0 9.61496552734375
174.0 11.13636787109375
175.0 7.861165234375
176.0 9.03549638671875
177.0 6.64048466796875
178.0 8.280108984375
179.0 8.81260595703125
180.0 10.94451259765625
181.0 11.32889638671875
182.0 6.5517015625
183.0 6.244989453125
184.0 7.25041962890625
185.0 10.48932119140625
186.0 11.13933193359375
187.0 10.24752890625
188.0 8.54554091796875
189.0 11.43144462890625
190.0 11.3594068359375
191.0 12.28389775390625
192.0 10.0855861328125
193.0 12.4581447265625
194.0 11.72805673828125
195.0 6.2222755859375
196.0 5.60180029296875
197.0 7.17681640625
198.0 9.521273046875
199.0 8.90638310546875
200.0 8.9501884765625
201.0 9.36980986328125
202.0 8.38504853515625
203.0 9.52052294921875
204.0 10.1434390625
205.0 11.6824021484375
206.0 12.02223095703125
207.0 9.89796767578125
208.0 7.9011587890625
209.0 8.5237509765625
210.0 12.03707705078125
211.0 9.99206025390625
212.0 10.09611591796875
213.0 10.4301498046875
214.0 12.87901923828125
215.0 10.053499609375
216.0 9.90416357421875
217.0 9.9052109375
218.0 12.33796796875
219.0 11.7939716796875
220.0 10.8136869140625
221.0 13.437094921875
222.0 12.694407421875
223.0 11.95381904296875
224.0 11.65773984375
225.0 11.94162177734375
226.0 10.66716826171875
227.0 11.89643388671875
228.0 10.7207908203125
229.0 10.1979751953125
230.0 13.2261158203125
231.0 8.6127248046875
232.0 10.25702783203125
233.0 4.375283984375
234.0 10.1373310546875
235.0 12.62927685546875
236.0 11.734016796875
237.0 12.57849013671875
238.0 8.60583837890625
239.0 10.47111689453125
240.0 12.4162087890625
241.0 12.31185341796875
242.0 12.18708525390625
243.0 10.0257791015625
244.0 5.79472099609375
245.0 9.80844296875
246.0 8.0054216796875
247.0 8.36784052734375
248.0 10.24137353515625
249.0 9.2652125
250.0 7.99543857421875
251.0 13.2116876953125
252.0 11.63357802734375
253.0 12.62552685546875
254.0 13.4349861328125
255.0 13.27830869140625
256.0 8.69476611328125
257.0 10.85209560546875
258.0 11.73812626953125
259.0 12.40765537109375
260.0 9.728999609375
261.0 12.16335556640625
262.0 11.79987939453125
263.0 12.295175
264.0 10.49785703125
265.0 12.0506869140625
266.0 11.78636484375
267.0 11.852917578125
268.0 9.2538884765625
269.0 8.77461669921875
270.0 9.8113787109375
271.0 10.726723828125
272.0 8.48701650390625
273.0 10.7555125
274.0 10.69619208984375
275.0 8.2898951171875
276.0 11.5881041015625
277.0 11.8612537109375
278.0 11.9258173828125
279.0 6.80256474609375
280.0 10.794379296875
281.0 7.2315390625
282.0 8.422078515625
283.0 10.0441501953125
284.0 9.140384765625
285.0 10.4256572265625
286.0 10.20730810546875
287.0 10.18615625
288.0 10.70564306640625
289.0 9.59177236328125
290.0 8.65238291015625
291.0 9.7728013671875
292.0 11.4284103515625
293.0 9.72723046875
294.0 11.70560830078125
295.0 8.2325900390625
296.0 5.96685205078125
297.0 7.8030625
298.0 9.00370986328125
299.0 7.9545896484375
300.0 3.61069130859375
301.0 6.78498271484375
302.0 6.6861435546875
303.0 5.54286552734375
304.0 9.11480048828125
305.0 9.11004482421875
306.0 6.3953453125
307.0 4.70174150390625
308.0 0.527986328125
309.0 0.10915380859375
310.0 0.17666630859375
311.0 5.74826962890625
312.0 11.2040908203125
313.0 8.663009765625
314.0 11.8972751953125
315.0 5.97550830078125
316.0 1.37329833984375
317.0 0.40750703125
318.0 0.46848349609375
319.0 0.80028095703125
320.0 1.07415
321.0 0.47990791015625
322.0 0.76077265625
323.0 0.10382841796875
324.0 0.51109306640625
325.0 2.6896529296875
326.0 8.82858427734375
327.0 12.45576591796875
328.0 3.147421484375
329.0 8.88110693359375
330.0 9.7627173828125
331.0 11.22394228515625
332.0 10.93321572265625
333.0 8.67308095703125
334.0 11.49880185546875
335.0 11.18216025390625
336.0 11.61645224609375
337.0 12.32212607421875
338.0 9.89711591796875
339.0 10.1876083984375
340.0 11.44772802734375
341.0 10.7359046875
342.0 8.6352037109375
343.0 9.360580859375
344.0 6.74307197265625
345.0 5.295109375
346.0 6.26486171875
347.0 4.90804306640625
348.0 8.29147841796875
349.0 6.0997498046875
350.0 6.32373193359375
351.0 5.2195943359375
352.0 6.71174931640625
353.0 6.2889513671875
354.0 2.9130712890625
355.0 5.8093619140625
356.0 12.4018033203125
357.0 5.97849765625
358.0 6.1563986328125
359.0 6.44557890625
360.0 0.0
361.0 0.0
362.0 12.486835546875
363.0 17.5819099609375
364.0 12.036312109375
365.0 7.88025498046875
366.0 10.810912109375
367.0 6.6383896484375
368.0 6.77164658203125
369.0 6.4966833984375
370.0 5.80930556640625
371.0 11.30302685546875
372.0 12.1603671875
373.0 7.430355859375
374.0 0.13499443359375
375.0 8.82585068359375
376.0 7.38030517578125
377.0 7.322202734375
378.0 9.157046484375
379.0 3.93826259765625
380.0 8.0196734375
381.0 9.31527568359375
382.0 8.213301171875
383.0 10.6228298828125
384.0 9.00363046875
385.0 10.38035966796875
386.0 6.50535849609375
387.0 11.66301611328125
388.0 11.3024876953125
389.0 13.31902353515625
390.0 12.17594765625
391.0 12.59350419921875
392.0 13.63378857421875
393.0 13.73333720703125
394.0 9.4773115234375
395.0 9.98212470703125
396.0 9.48685078125
397.0 5.4003466796875
398.0 12.73874833984375
399.0 10.65379697265625
400.0 11.85183349609375
401.0 10.15990458984375
402.0 10.9556984375
403.0 12.13901455078125
404.0 11.78619638671875
405.0 9.62589189453125
406.0 12.39975517578125
407.0 7.20704384765625
408.0 9.23476357421875
409.0 6.58753408203125
410.0 8.55497744140625
411.0 12.469977734375
412.0 8.00370966796875
413.0 11.300650390625
414.0 10.11703271484375
415.0 9.388241796875
416.0 9.1813041015625
417.0 7.49827568359375
418.0 7.61597626953125
419.0 0.95452958984375
420.0 1.15688916015625
421.0 1.74679150390625
422.0 7.5280291015625
423.0 8.91968974609375
424.0 7.81847255859375
425.0 5.589989453125
426.0 4.724384375
427.0 4.5335458984375
428.0 4.62529189453125
429.0 5.257111328125
430.0 5.729645703125
431.0 5.20804091796875
432.0 4.8156783203125
433.0 5.70172373046875
434.0 5.66361689453125
435.0 5.501308203125
436.0 5.4302833984375
437.0 5.6030537109375
438.0 5.67015625
439.0 5.0083533203125
440.0 5.67583896484375
441.0 5.62652646484375
442.0 5.603617578125
443.0 6.9710671875
444.0 7.2703642578125
445.0 6.45473046875
446.0 6.5141337890625
447.0 5.54896123046875
448.0 6.21219541015625
449.0 5.53585693359375
450.0 5.63053955078125
451.0 5.86329658203125
452.0 7.4050958984375
453.0 6.91086962890625
454.0 7.07867373046875
455.0 7.73810390625
456.0 9.104069921875
457.0 10.68770341796875
458.0 7.0120099609375
459.0 7.7379294921875
460.0 10.05094033203125
461.0 4.22720078125
462.0 9.069042578125
463.0 9.12789921875
464.0 11.285071875
465.0 9.13268935546875
466.0 9.8862267578125
467.0 9.19739814453125
468.0 10.70008447265625
469.0 8.84591025390625
470.0 10.6325236328125
471.0 10.57947353515625
472.0 9.5274076171875
473.0 12.4000515625
474.0 12.246904296875
475.0 12.13310966796875
476.0 10.2731404296875
477.0 8.3348775390625
478.0 10.68757939453125
479.0 10.98127646484375
480.0 11.06147900390625
481.0 11.12846669921875
482.0 12.65516298828125
483.0 11.75739560546875
484.0 12.66544765625
485.0 10.27952333984375
486.0 12.7754216796875
487.0 12.65600244140625
488.0 13.4398236328125
489.0 11.6299650390625
490.0 12.20729990234375
491.0 12.5486658203125
492.0 11.196970703125
493.0 10.1796650390625
494.0 10.825348046875
495.0 11.1777455078125
496.0 11.8022484375
497.0 12.64847353515625
498.0 11.64602373046875
499.0 9.9663546875
500.0 10.310796875
501.0 11.00599140625
502.0 11.58523515625
503.0 11.56369111328125
504.0 6.6774513671875
505.0 10.5868017578125
506.0 12.4856607421875
507.0 11.83069931640625
508.0 8.350853125
509.0 11.75968232421875
510.0 10.92027626953125
511.0 10.0755623046875
512.0 11.43832197265625
513.0 10.739228515625
514.0 11.0230408203125
515.0 9.7833251953125
516.0 8.13784931640625
517.0 9.22782216796875
518.0 10.053972265625
519.0 10.6347517578125
520.0 10.0343275390625
521.0 6.51750869140625
522.0 9.21476201171875
523.0 7.215352734375
524.0 13.20424072265625
525.0 9.140514453125
526.0 10.7365740234375
527.0 12.58913076171875
528.0 12.24058310546875
529.0 9.31354873046875
530.0 10.57670283203125
531.0 9.95527333984375
532.0 10.199346484375
533.0 5.78968994140625
534.0 5.7044099609375
535.0 7.69620634765625
536.0 11.23808115234375
537.0 11.50099052734375
538.0 12.2853244140625
539.0 10.11044326171875
540.0 10.3367712890625
541.0 10.31099130859375
542.0 11.27265859375
543.0 10.32884140625
544.0 9.73591298828125
545.0 11.32486728515625
546.0 10.41121953125
547.0 11.303213671875
548.0 9.2645630859375
549.0 10.3308154296875
550.0 10.97305810546875
551.0 9.15220869140625
552.0 10.56992421875
553.0 10.21160986328125
554.0 9.3975466796875
555.0 11.69248037109375
556.0 10.51277041015625
557.0 9.87694443359375
558.0 8.01729873046875
559.0 9.69510009765625
560.0 9.9938142578125
561.0 11.95035322265625
562.0 8.50006982421875
563.0 5.59428623046875
564.0 3.839438671875
565.0 6.91871708984375
566.0 5.75312314453125
567.0 6.69844013671875
568.0 6.002756640625
569.0 6.68094326171875
570.0 5.03942529296875
571.0 5.926326171875
572.0 5.789860546875
573.0 5.1583580078125
574.0 6.07378359375
575.0 6.0541251953125
576.0 7.52371650390625
577.0 7.0827873046875
578.0 6.7496201171875
579.0 5.49518916015625
580.0 9.1500478515625
581.0 7.96818203125
582.0 8.09343173828125
583.0 6.21218173828125
584.0 10.79868466796875
585.0 9.27266904296875
586.0 7.61058720703125
587.0 5.533719140625
588.0 5.64384560546875
589.0 5.51021435546875
590.0 6.0142119140625
591.0 4.28695830078125
592.0 8.9497013671875
593.0 5.82145634765625
594.0 6.85793203125
595.0 8.21970185546875
596.0 9.46510302734375
597.0 6.4394234375
598.0 9.08482275390625
599.0 9.67455751953125
600.0 8.14179111328125
601.0 7.27470546875
602.0 7.744840234375
603.0 4.74697763671875
604.0 9.2738416015625
605.0 4.68845458984375
606.0 5.8970138671875
607.0 5.18902822265625
608.0 8.04529287109375
609.0 10.3425716796875
610.0 7.92598603515625
611.0 9.23087373046875
612.0 9.97086396484375
613.0 12.07081328125
614.0 10.1486615234375
615.0 10.9728904296875
616.0 10.1401232421875
617.0 12.8479142578125
618.0 12.4391708984375
619.0 13.09363564453125
620.0 11.7485294921875
621.0 13.14218916015625
622.0 11.07824140625
623.0 12.91270849609375
624.0 11.54698125
625.0 6.90105263671875
626.0 9.8624345703125
627.0 7.89582451171875
628.0 6.23396953125
629.0 10.0991150390625
630.0 10.9798013671875
631.0 10.75693994140625
632.0 10.902808203125
633.0 5.02401171875
634.0 8.339552734375
635.0 7.479404296875
636.0 10.50975615234375
637.0 11.47184443359375
638.0 8.177140234375
639.0 6.80766083984375
640.0 9.09442392578125
641.0 9.6351998046875
642.0 8.68780244140625
643.0 11.71026650390625
644.0 12.065983203125
645.0 10.4780482421875
646.0 11.1610123046875
647.0 12.10854189453125
648.0 6.68680439453125
649.0 12.9043322265625
650.0 12.53098271484375
651.0 13.0123611328125
652.0 12.28338779296875
653.0 10.529054296875
654.0 10.73191630859375
655.0 6.4291845703125
656.0 10.09896279296875
657.0 11.85245712890625
658.0 11.87387890625
659.0 11.9528091796875
660.0 11.00324853515625
661.0 12.249096484375
662.0 11.46938837890625
663.0 8.53086123046875
664.0 10.96962998046875
665.0 3.5545986328125
666.0 8.95375009765625
667.0 9.47371025390625
668.0 6.88009404296875
669.0 7.65320419921875
670.0 10.76179052734375
671.0 11.30390732421875
672.0 11.30964775390625
673.0 9.9928828125
674.0 10.24717685546875
675.0 7.225299609375
676.0 8.92395283203125
677.0 9.4162111328125
678.0 10.5925888671875
679.0 8.878788671875
680.0 5.73892333984375
681.0 6.46070810546875
682.0 6.63007431640625
683.0 7.49494365234375
684.0 6.46583232421875
685.0 8.10978544921875
686.0 6.48897314453125
687.0 8.80537734375
688.0 8.3260833984375
689.0 11.71773701171875
690.0 9.785290234375
691.0 10.9080728515625
692.0 11.32671015625
693.0 11.41130087890625
694.0 11.35151171875
695.0 11.72102041015625
696.0 10.099001953125
697.0 12.53096513671875
698.0 12.235979296875
699.0 11.64454814453125
700.0 10.081987109375
701.0 10.93760146484375
702.0 11.6157486328125
703.0 10.00463515625
704.0 9.90361396484375
705.0 8.4280291015625
706.0 9.43819990234375
707.0 10.31259755859375
708.0 9.89921064453125
709.0 9.56227314453125
710.0 8.16310625
711.0 8.04129970703125
712.0 9.3314146484375
713.0 6.16213154296875
714.0 5.70280625
715.0 5.38314736328125
716.0 7.0839078125
717.0 3.67518037109375
718.0 0.439171484375
719.0 0.24639072265625
720.0 1.21106787109375
721.0 0.22884365234375
722.0 4.087777734375
723.0 8.5550853515625
724.0 9.29579736328125
725.0 11.54330732421875
726.0 11.7847078125
727.0 10.67651767578125
728.0 9.57418955078125
729.0 6.49216796875
730.0 6.84908720703125
731.0 9.44625634765625
732.0 7.74665380859375
733.0 5.85225888671875
734.0 5.93350107421875
735.0 6.3718501953125
736.0 8.52167041015625
737.0 8.73872822265625
738.0 10.11419677734375
739.0 10.90029326171875
740.0 10.00306396484375
741.0 10.96969091796875
742.0 11.10615966796875
743.0 10.85660263671875
744.0 10.36019375
745.0 5.93111923828125
746.0 11.58109453125
747.0 11.66681357421875
748.0 12.263840234375
749.0 10.27930654296875
750.0 7.989985546875
751.0 10.11134404296875
752.0 8.92883076171875
753.0 9.22911572265625
754.0 8.22347958984375
755.0 7.552132421875
756.0 8.47086162109375
757.0 6.934961328125
758.0 7.40707373046875
759.0 7.0070248046875
760.0 8.91924248046875
761.0 11.998043359375
762.0 9.88128466796875
763.0 11.07686767578125
764.0 8.2418328125
765.0 10.47623408203125
766.0 10.600456640625
767.0 12.04925390625
768.0 11.00699755859375
769.0 12.1751322265625
770.0 11.27349140625
771.0 8.39808291015625
772.0 6.56279541015625
773.0 8.39700244140625
774.0 12.4664125
775.0 11.2256052734375
776.0 12.18206591796875
777.0 12.37852802734375
778.0 10.8307572265625
779.0 6.3005322265625
780.0 11.71927109375
781.0 12.3569998046875
782.0 11.431314453125
783.0 11.54864423828125
784.0 10.9421986328125
785.0 13.65295107421875
786.0 10.42740234375
787.0 7.51067490234375
788.0 10.91943486328125
789.0 9.793726171875
790.0 8.1676501953125
791.0 12.12713359375
792.0 12.214918359375
793.0 7.76049111328125
794.0 14.55774228515625
795.0 12.44115390625
796.0 11.67878359375
797.0 12.0255806640625
798.0 12.38332119140625
799.0 9.67646962890625
