0.0 6.42433466796875
1.0 8.55411220703125
2.0 7.136971484375
3.0 6.0146037109375
4.0 6.637227734375
5.0 7.44027197265625
6.0 9.02292158203125
7.0 6.2510251953125
8.0 5.95762626953125
9.0 4.6860537109375
10.0 5.921530078125
11.0 6.058770703125
12.0 6.676149609375
13.0 5.9967240234375
14.0 5.61421728515625
15.0 5.868851171875
16.0 6.31997578125
17.0 6.34143203125
18.0 6.13872939453125
19.0 5.78917861328125
20.0 6.61385625
21.0 8.25485810546875
22.0 6.89360634765625
23.0 5.69859052734375
24.0 7.253134765625
25.0 6.78146484375
26.0 8.3037013671875
27.0 8.22199873046875
28.0 9.394314453125
29.0 8.2603515625
30.0 6.697190625
31.0 7.59670693359375
32.0 8.23479345703125
33.0 7.07343857421875
34.0 5.84695087890625
35.0 6.44677724609375
36.0 7.750116796875
37.0 10.65164375
38.0 6.8865216796875
39.0 5.265115625
40.0 10.64360458984375
41.0 9.6372955078125
42.0 10.007918359375
43.0 9.22874794921875
44.0 10.48419208984375
45.0 8.40466328125
46.0 6.813691015625
47.0 10.11172451171875
48.0 11.11385859375
49.0 10.230489453125
50.0 8.35143271484375
51.0 10.2662046875
52.0 10.2609103515625
53.0 10.3250216796875
54.0 9.6155958984375
55.0 8.2808865234375
56.0 9.87982890625
57.0 9.7565140625
58.0 11.22797158203125
59.0 9.50022236328125
60.0 8.90730302734375
61.0 9.7431900390625
62.0 10.4053373046875
63.0 12.35051826171875
64.0 9.90472216796875
65.0 11.34686259765625
66.0 11.7103951171875
67.0 12.09877529296875
68.0 10.16024658203125
69.0 9.798474609375
70.0 10.1369072265625
71.0 9.1976220703125
72.0 10.31656884765625
73.0 11.12639306640625
74.0 10.94723662109375
75.0 10.32486240234375
76.0 10.8337466796875
77.0 11.098855078125
78.0 9.8395068359375
79.0 9.70796845703125
80.0 9.523519140625
81.0 10.85459990234375
82.0 9.12506494140625
83.0 10.47372060546875
84.0 8.5523763671875
85.0 9.88595185546875
86.0 6.82455302734375
87.0 10.3663220703125
88.0 8.3601109375
89.0 9.9800865234375
90.0 11.92455400390625
91.0 8.5439943359375
92.0 15.9111130859375
93.0 11.270984765625
94.0 11.1427501953125
95.0 11.29918017578125
96.0 11.6031197265625
97.0 11.2916037109375
98.0 9.7525720703125
99.0 9.62017744140625
100.0 10.55395859375
101.0 12.402457421875
102.0 7.93289208984375
103.0 8.126139453125
104.0 10.59828359375
105.0 10.3751326171875
106.0 8.7816767578125
107.0 7.64870537109375
108.0 10.0783005859375
109.0 11.75456845703125
110.0 11.39588271484375
111.0 9.98912216796875
112.0 10.13934755859375
113.0 11.61882822265625
114.0 5.7595751953125
115.0 7.37142255859375
116.0 11.93079521484375
117.0 12.12118720703125
118.0 0.0
119.0 0.0
120.0 25.0948400390625
121.0 7.83191337890625
122.0 6.04883046875
123.0 6.38338525390625
124.0 8.82383369140625
125.0 12.445775390625
126.0 12.68570478515625
127.0 10.63014794921875
128.0 12.04657568359375
129.0 11.2595228515625
130.0 13.14345009765625
131.0 11.7097474609375
132.0 12.03120751953125
133.0 13.21541240234375
134.0 13.02818095703125
135.0 13.92930126953125
136.0 9.78934453125
137.0 13.8553365234375
138.0 12.62033984375
139.0 11.809808984375
140.0 11.5532265625
141.0 10.610457421875
142.0 11.62378271484375
143.0 12.922702734375
144.0 11.61746904296875
145.0 10.14137822265625
146.0 7.3476015625
147.0 9.19391708984375
148.0 8.44611708984375
149.0 10.98205849609375
150.0 10.2249103515625
151.0 11.3204396484375
152.0 7.17240390625
153.0 6.5815091796875
154.0 12.32066318359375
155.0 8.7047958984375
156.0 10.57686416015625
157.0 5.2489365234375
158.0 5.41010244140625
159.0 5.05734482421875
160.0 8.93810400390625
161.0 8.52802158203125
162.0 9.890976171875
163.0 10.18521220703125
164.0 8.24901611328125
165.0 11.74374326171875
166.0 11.02140625
167.0 9.4508388671875
168.0 11.369859375
169.0 8.189476171875
170.0 8.74717978515625
171.0 9.615970703125
172.0 11.319944921875
173.0 9.53471826171875
174.0 9.684606640625
175.0 13.88457412109375
176.0 12.047295703125
177.0 9.51506982421875
178.0 9.51231357421875
179.0 9.68631103515625
180.0 9.7837916015625
181.0 10.33450263671875
182.0 10.43181044921875
183.0 10.716176171875
184.0 11.959901953125
185.0 11.15368994140625
186.0 12.47039892578125
187.0 11.589819921875
188.0 11.587953515625
189.0 12.0598716796875
190.0 11.7980958984375
191.0 10.96186650390625
192.0 12.45311337890625
193.0 11.736875
194.0 7.6808337890625
195.0 11.47317431640625
196.0 12.43594052734375
197.0 9.12931083984375
198.0 7.9787296875
199.0 11.0774193359375
200.0 9.73516669921875
201.0 9.75973134765625
202.0 7.36945048828125
203.0 7.00400830078125
204.0 8.1922078125
205.0 7.69221328125
206.0 6.90153330078125
207.0 6.7571326171875
208.0 6.13625107421875
209.0 7.2530546875
210.0 7.5829798828125
211.0 7.899193359375
212.0 6.3822185546875
213.0 6.12553876953125
214.0 7.109796875
215.0 6.7778328125
216.0 7.51632822265625
217.0 7.6817873046875
218.0 8.50781552734375
219.0 7.65489287109375
220.0 7.2874828125
221.0 9.972416015625
222.0 6.5646283203125
223.0 9.03323876953125
224.0 10.4923583984375
225.0 11.156328515625
226.0 12.2726591796875
227.0 11.7902625
228.0 9.08971044921875
229.0 9.58990166015625
230.0 8.8559701171875
231.0 11.29521201171875
232.0 10.50661630859375
233.0 8.23078203125
234.0 9.33912373046875
235.0 5.48334658203125
236.0 5.5731265625
237.0 9.188605078125
238.0 10.5513357421875
239.0 10.60831259765625
240.0 9.05327109375
241.0 9.65330966796875
242.0 7.07465087890625
243.0 7.42945107421875
244.0 6.63254111328125
245.0 8.8148953125
246.0 11.4043333984375
247.0 9.8541220703125
248.0 9.42388623046875
249.0 9.16298076171875
250.0 8.9297607421875
251.0 11.86993173828125
252.0 9.48964228515625
253.0 11.361648828125
254.0 8.5755376953125
255.0 6.94498720703125
256.0 11.77059384765625
257.0 12.45377568359375
258.0 13.56744072265625
259.0 13.63771201171875
260.0 10.415822265625
261.0 11.50939150390625
262.0 13.23356328125
263.0 9.9359154296875
264.0 9.20783583984375
265.0 9.2249173828125
266.0 10.71350654296875
267.0 11.382580078125
268.0 11.7821599609375
269.0 9.21829423828125
270.0 10.720811328125
271.0 12.118834765625
272.0 9.88431845703125
273.0 11.6782544921875
274.0 9.55802333984375
275.0 10.68150634765625
276.0 9.35920107421875
277.0 11.06579892578125
278.0 11.983267578125
279.0 9.5667005859375
280.0 11.466683203125
281.0 8.457393359375
282.0 14.2825431640625
283.0 11.40597724609375
284.0 10.3660154296875
285.0 9.07870732421875
286.0 10.02046181640625
287.0 5.96720087890625
288.0 6.11674384765625
289.0 6.646435546875
290.0 7.58439580078125
291.0 11.10273349609375
292.0 6.0898654296875
293.0 7.25593701171875
294.0 11.998946484375
295.0 10.232737109375
296.0 11.3536205078125
297.0 11.59198818359375
298.0 11.79195283203125
299.0 10.375932421875
300.0 10.3119326171875
301.0 6.7079314453125
302.0 6.71784599609375
303.0 5.47642978515625
304.0 7.992876171875
305.0 9.81972001953125
306.0 10.856165234375
307.0 11.268612109375
308.0 9.8619607421875
309.0 8.96510126953125
310.0 9.42462509765625
311.0 10.89081748046875
312.0 13.6399306640625
313.0 12.616291015625
314.0 11.9498845703125
315.0 12.09627197265625
316.0 12.5707162109375
317.0 10.7755978515625
318.0 12.66827744140625
319.0 13.4449265625
320.0 13.15065400390625
321.0 12.74499765625
322.0 10.77155205078125
323.0 10.5011873046875
324.0 13.17602080078125
325.0 8.93896181640625
326.0 11.715346484375
327.0 11.22089228515625
328.0 10.4492533203125
329.0 9.54574169921875
330.0 9.1240998046875
331.0 10.2953513671875
332.0 9.6030744140625
333.0 10.03277626953125
334.0 8.5200982421875
335.0 9.82321474609375
336.0 8.4445990234375
337.0 11.19907373046875
338.0 8.5977240234375
339.0 7.410688671875
340.0 6.435177734375
341.0 5.18349814453125
342.0 7.5714302734375
343.0 5.43253125
344.0 7.13383486328125
345.0 6.82738857421875
346.0 5.17055576171875
347.0 4.429783203125
348.0 7.3631201171875
349.0 3.13818466796875
350.0 6.78281640625
351.0 6.68318203125
352.0 5.26321708984375
353.0 8.19122958984375
354.0 8.9471857421875
355.0 10.20843720703125
356.0 10.119486328125
357.0 8.0108150390625
358.0 12.2793517578125
359.0 12.06282529296875
360.0 10.7956765625
361.0 10.274048828125
362.0 9.82706474609375
363.0 11.0125544921875
364.0 9.80763076171875
365.0 8.99375537109375
366.0 10.76293671875
367.0 11.89888994140625
368.0 9.02986171875
369.0 9.991034375
370.0 11.15835712890625
371.0 10.701501171875
372.0 10.02936923828125
373.0 9.24861962890625
374.0 11.00270625
375.0 10.47650654296875
376.0 10.13150751953125
377.0 10.30271025390625
378.0 9.60063935546875
379.0 10.23802294921875
380.0 11.5721337890625
381.0 11.385895703125
382.0 10.56341552734375
383.0 7.50205087890625
384.0 11.12072119140625
385.0 11.28104453125
386.0 11.65208798828125
387.0 9.46255224609375
388.0 10.8408064453125
389.0 10.572912890625
390.0 9.07324677734375
391.0 11.28685673828125
392.0 9.5772603515625
393.0 11.2070208984375
394.0 11.4018716796875
395.0 6.37397734375
396.0 7.74127470703125
397.0 8.2309208984375
398.0 7.92713857421875
399.0 8.556014453125
400.0 8.16225625
401.0 10.72853759765625
402.0 8.59142880859375
403.0 8.9093064453125
404.0 9.845374609375
405.0 6.4281087890625
406.0 7.6769369140625
407.0 10.198975
408.0 8.9977373046875
409.0 6.56011015625
410.0 9.18563623046875
411.0 8.90519111328125
412.0 8.63358017578125
413.0 5.28425
414.0 7.85274619140625
415.0 5.2429939453125
416.0 5.189883203125
417.0 7.0240294921875
418.0 8.92988681640625
419.0 9.5343912109375
420.0 9.8928767578125
421.0 11.1633103515625
422.0 1.8563875
423.0 2.9411611328125
424.0 8.210574609375
425.0 3.7457552734375
426.0 6.71284404296875
427.0 5.95313046875
428.0 8.88011748046875
429.0 6.6181162109375
430.0 7.4317103515625
431.0 8.43967783203125
432.0 10.08324072265625
433.0 11.43547607421875
434.0 7.91530927734375
435.0 14.03962158203125
436.0 11.41787265625
437.0 12.79322978515625
438.0 9.94184990234375
439.0 8.55877138671875
440.0 10.0258697265625
441.0 11.399317578125
442.0 9.25739375
443.0 10.2563388671875
444.0 9.55444375
445.0 8.14192021484375
446.0 8.49824677734375
447.0 10.1154521484375
448.0 7.47891025390625
449.0 8.67376875
450.0 9.12325634765625
451.0 10.385394140625
452.0 11.215146875
453.0 9.2823279296875
454.0 6.1371876953125
455.0 10.9298294921875
456.0 8.0646232421875
457.0 9.253123828125
458.0 10.41405302734375
459.0 4.4635021484375
460.0 12.38184794921875
461.0 10.98489521484375
462.0 12.61219150390625
463.0 10.46075478515625
464.0 11.1379642578125
465.0 10.49233974609375
466.0 9.63121640625
467.0 12.31509130859375
468.0 10.276180859375
469.0 9.553117578125
470.0 6.96560302734375
471.0 7.07773154296875
472.0 9.3910037109375
473.0 9.1827568359375
474.0 7.76025615234375
475.0 10.8317646484375
476.0 10.31240126953125
477.0 7.77825341796875
478.0 5.86643994140625
479.0 9.31900546875
480.0 8.05231982421875
481.0 10.646016015625
482.0 10.995742578125
483.0 9.5794431640625
484.0 8.35133125
485.0 9.10495576171875
486.0 9.8163666015625
487.0 9.49763876953125
488.0 7.87431416015625
489.0 8.95757216796875
490.0 8.17952392578125
491.0 7.30786123046875
492.0 7.39457685546875
493.0 7.150269140625
494.0 8.92369775390625
495.0 10.36461787109375
496.0 10.02672998046875
497.0 10.20324462890625
498.0 8.30823837890625
499.0 11.35977529296875
500.0 10.30878779296875
501.0 11.94880576171875
502.0 9.4479677734375
503.0 12.268914453125
504.0 11.71810703125
505.0 10.5850107421875
506.0 10.14682041015625
507.0 9.80476376953125
508.0 7.1353451171875
509.0 6.83441240234375
510.0 6.70151181640625
511.0 5.96227197265625
512.0 7.39843134765625
513.0 9.7922236328125
514.0 15.417974609375
515.0 13.71666279296875
516.0 7.8632568359375
517.0 16.50192724609375
518.0 14.179977734375
519.0 13.71012978515625
520.0 9.52458955078125
521.0 14.01416875
522.0 12.36369462890625
523.0 11.46206357421875
524.0 8.693681640625
525.0 10.519740625
526.0 10.89680986328125
527.0 10.72834521484375
528.0 9.6931869140625
529.0 13.63967392578125
530.0 12.3963234375
531.0 11.54269892578125
532.0 7.9887021484375
533.0 8.51058056640625
534.0 11.52655185546875
535.0 12.649265234375
536.0 6.107420703125
537.0 5.258220703125
538.0 10.39727626953125
539.0 9.0120623046875
540.0 11.2573041015625
541.0 5.6248884765625
542.0 5.31500498046875
543.0 7.13223984375
544.0 6.55287314453125
545.0 7.0340283203125
546.0 7.52212919921875
547.0 6.8846853515625
548.0 6.2218240234375
549.0 3.55421845703125
550.0 5.14940693359375
551.0 5.27670625
552.0 4.8563232421875
553.0 3.45344287109375
554.0 5.3141169921875
555.0 7.54651669921875
556.0 6.95433173828125
557.0 6.6687955078125
558.0 5.79992861328125
559.0 6.50714267578125
560.0 4.43302294921875
561.0 0.4261703125
562.0 0.90381611328125
563.0 1.85659111328125
564.0 5.9909322265625
565.0 5.9465515625
566.0 6.1261798828125
567.0 5.94630693359375
568.0 4.28692578125
569.0 3.6903939453125
570.0 6.270451171875
571.0 5.3873505859375
572.0 6.0504681640625
573.0 6.328887109375
574.0 5.53770517578125
575.0 3.12223525390625
576.0 6.16619248046875
577.0 6.27093017578125
578.0 5.87643896484375
579.0 6.8318564453125
580.0 6.9239236328125
581.0 6.07120263671875
582.0 6.530169140625
583.0 5.564115234375
584.0 5.3479375
585.0 5.55289130859375
586.0 5.68412646484375
587.0 5.5407759765625
588.0 5.5412513671875
589.0 6.356007421875
590.0 5.89738056640625
591.0 6.21830927734375
592.0 5.672159375
593.0 5.36871640625
594.0 5.8112724609375
595.0 6.00530029296875
596.0 5.6837279296875
597.0 5.183158203125
598.0 5.55914765625
599.0 6.13732724609375
600.0 6.4064544921875
601.0 6.00250673828125
602.0 5.89263037109375
603.0 9.6109955078125
604.0 10.3504892578125
605.0 6.9198439453125
606.0 7.11211640625
607.0 6.2739818359375
608.0 6.2373701171875
609.0 6.69729423828125
610.0 5.93473515625
611.0 6.01878525390625
612.0 6.04801337890625
613.0 5.70683330078125
614.0 5.25811875
615.0 5.5548298828125
616.0 6.85274228515625
617.0 10.576508203125
618.0 6.021575
619.0 5.19110732421875
620.0 4.976038671875
621.0 5.77023916015625
622.0 6.11120419921875
623.0 5.83284833984375
624.0 5.68315185546875
625.0 5.77839462890625
626.0 4.9829337890625
627.0 5.3505451171875
628.0 3.63744599609375
629.0 6.6553955078125
630.0 8.12946357421875
631.0 6.358687109375
632.0 6.4624533203125
633.0 6.84732333984375
634.0 5.3042701171875
635.0 6.45599658203125
636.0 6.3429005859375
637.0 7.39941318359375
638.0 6.75040302734375
639.0 5.98165
640.0 6.1952486328125
641.0 7.9163203125
642.0 6.83257041015625
643.0 6.49439912109375
644.0 6.17564716796875
645.0 5.9380169921875
646.0 5.52540419921875
647.0 6.43540517578125
648.0 6.1608337890625
649.0 5.69567216796875
650.0 5.87706669921875
651.0 4.412291796875
652.0 5.9273828125
653.0 6.25729384765625
654.0 8.346868359375
655.0 6.36815478515625
656.0 6.66846689453125
657.0 4.78456318359375
658.0 8.07961630859375
659.0 6.50575380859375
660.0 6.84233720703125
661.0 5.99236875
662.0 5.5362046875
663.0 5.97824130859375
664.0 5.55416728515625
665.0 5.856641015625
666.0 0.30236669921875
667.0 3.66990009765625
668.0 5.9849255859375
669.0 5.28111533203125
670.0 5.728021875
671.0 5.97562822265625
672.0 5.99744384765625
673.0 6.2017490234375
674.0 5.88255224609375
675.0 5.08786201171875
676.0 5.18913896484375
677.0 6.69878046875
678.0 5.714340625
679.0 5.82348486328125
680.0 4.86689111328125
681.0 5.686595703125
682.0 5.6176341796875
683.0 5.7709015625
684.0 6.625128515625
685.0 6.36628447265625
686.0 6.20275849609375
687.0 6.3848912109375
688.0 7.3157859375
689.0 7.6087841796875
690.0 6.373183203125
691.0 6.07053271484375
692.0 6.29622421875
693.0 5.87580107421875
694.0 6.60132158203125
695.0 6.23623994140625
696.0 5.27908173828125
697.0 5.9860689453125
698.0 5.96984638671875
699.0 5.5694841796875
700.0 5.60288212890625
701.0 6.0291318359375
702.0 6.91292783203125
703.0 5.97401943359375
704.0 6.1197767578125
705.0 7.459981640625
706.0 5.9963533203125
707.0 6.137037109375
708.0 3.95687333984375
709.0 8.32963193359375
710.0 5.914298046875
711.0 5.830071875
712.0 5.8938279296875
713.0 5.45364990234375
714.0 4.56341513671875
715.0 5.78018037109375
716.0 6.8347794921875
717.0 6.5183359375
718.0 6.85563798828125
719.0 9.5995392578125
720.0 7.1807513671875
721.0 6.86600927734375
722.0 6.23978515625
723.0 8.3955943359375
724.0 7.6299416015625
725.0 5.98203857421875
726.0 4.47661806640625
727.0 1.9788373046875
728.0 6.918424609375
729.0 6.650207421875
730.0 6.40333515625
731.0 7.27799453125
732.0 12.72717958984375
733.0 12.22868759765625
734.0 12.3733099609375
735.0 8.62357568359375
736.0 12.94416875
737.0 12.55164814453125
738.0 12.299365625
739.0 10.6240458984375
740.0 12.94644560546875
741.0 12.4947724609375
742.0 12.1953099609375
743.0 11.3758978515625
744.0 13.104272265625
745.0 13.10923798828125
746.0 10.88262822265625
747.0 8.16644697265625
748.0 12.59678359375
749.0 13.23703046875
750.0 10.79985966796875
751.0 12.53626064453125
752.0 12.41801005859375
753.0 12.29452841796875
754.0 11.0106826171875
755.0 10.38798154296875
756.0 12.38712177734375
757.0 12.98294609375
758.0 11.6386734375
759.0 8.88163017578125
760.0 11.7173705078125
761.0 11.3337005859375
762.0 9.13957021484375
763.0 10.96806396484375
764.0 11.3909451171875
765.0 13.24788310546875
766.0 12.05670107421875
767.0 7.80002021484375
768.0 7.11580693359375
769.0 8.52923173828125
770.0 12.56478193359375
771.0 12.28898955078125
772.0 10.140430859375
773.0 12.43473046875
774.0 13.00064833984375
775.0 11.3936234375
776.0 12.76719931640625
777.0 13.0701232421875
778.0 11.72218984375
779.0 11.8133224609375
780.0 12.99718486328125
781.0 13.5122931640625
782.0 12.8659109375
783.0 10.88091953125
784.0 11.4242291015625
785.0 9.2368990234375
786.0 10.87966630859375
787.0 11.49323583984375
788.0 13.0655052734375
789.0 12.05077109375
790.0 13.0574697265625
791.0 12.9279177734375
792.0 11.65302587890625
793.0 10.09914111328125
794.0 8.7258912109375
795.0 12.60301298828125
796.0 11.20962802734375
797.0 11.02883466796875
798.0 13.29593642578125
799.0 13.3062541015625
