0.0 26.94521826171875
1.0 30.1940912109375
2.0 20.4264736328125
3.0 27.18073427734375
4.0 20.30554501953125
5.0 25.83898759765625
6.0 23.130665625
7.0 28.40118173828125
8.0 25.25903544921875
9.0 24.69187119140625
10.0 26.60463212890625
11.0 29.34423564453125
12.0 28.87766015625
13.0 26.926284375
14.0 26.28875498046875
15.0 29.062058203125
16.0 26.74094345703125
17.0 29.1159822265625
18.0 33.31588076171875
19.0 28.8239943359375
20.0 32.19377421875
21.0 28.4908064453125
22.0 32.35471298828125
23.0 26.36204873046875
24.0 27.4368080078125
25.0 28.62858857421875
26.0 25.352812890625
27.0 32.2388890625
28.0 28.48162587890625
29.0 30.9588763671875
30.0 26.856726953125
31.0 29.2788056640625
32.0 28.14595556640625
33.0 26.01891416015625
34.0 28.1444546875
35.0 28.5845505859375
36.0 27.6243826171875
37.0 29.6148900390625
38.0 30.55562265625
39.0 27.06098427734375
40.0 30.18320283203125
41.0 27.53678720703125
42.0 29.11111474609375
43.0 29.600913671875
44.0 30.2161328125
45.0 27.9865556640625
46.0 27.16672880859375
47.0 27.70784677734375
48.0 29.23131005859375
49.0 30.638620703125
50.0 28.7244236328125
51.0 31.77656240234375
52.0 20.09273037109375
53.0 27.73255361328125
54.0 26.98029443359375
55.0 30.73523994140625
56.0 18.53071923828125
57.0 26.0246751953125
58.0 22.92039482421875
59.0 22.11437392578125
60.0 35.62848916015625
61.0 24.882761328125
62.0 29.78403994140625
63.0 26.276490234375
64.0 24.7946828125
65.0 26.10516005859375
66.0 28.09995224609375
67.0 29.33848173828125
68.0 30.89525546875
69.0 22.922633984375
70.0 23.409385546875
71.0 28.10684091796875
72.0 27.43017177734375
73.0 28.854605078125
74.0 25.56598544921875
75.0 26.0310953125
76.0 24.39547783203125
77.0 27.26736630859375
78.0 26.51831943359375
79.0 31.70493310546875
80.0 28.112797265625
81.0 31.48814990234375
82.0 27.63015771484375
83.0 27.28656240234375
84.0 25.53223251953125
85.0 27.64765146484375
86.0 31.056694140625
87.0 23.150893359375
88.0 22.80504541015625
89.0 26.33144482421875
90.0 26.91272080078125
91.0 27.03955654296875
92.0 21.27725126953125
93.0 29.0267474609375
94.0 26.89935947265625
95.0 27.9854224609375
96.0 22.57142548828125
97.0 23.864162109375
98.0 25.83640986328125
99.0 21.43039609375
100.0 29.39019443359375
101.0 28.41599345703125
102.0 26.6554298828125
103.0 29.5475017578125
104.0 27.63787490234375
105.0 30.13270634765625
106.0 29.27621201171875
107.0 31.522751171875
108.0 24.7415177734375
109.0 31.435063671875
110.0 30.16596171875
111.0 29.52665830078125
112.0 25.67239453125
113.0 29.402240625
114.0 26.6150263671875
115.0 30.9657333984375
116.0 28.3400248046875
117.0 28.9415904296875
118.0 29.5683791015625
119.0 27.70767900390625
120.0 31.44263115234375
121.0 25.99454482421875
122.0 24.40668232421875
123.0 33.516228125
124.0 28.617294140625
125.0 27.63336845703125
126.0 27.62372255859375
127.0 23.14787724609375
128.0 28.65485771484375
129.0 27.11082490234375
130.0 27.322798046875
131.0 26.93138544921875
132.0 27.6589166015625
133.0 22.5942435546875
134.0 25.28587197265625
135.0 23.56731416015625
136.0 30.34429189453125
137.0 27.78591064453125
138.0 28.72340771484375
139.0 24.3996787109375
140.0 29.4348830078125
141.0 24.2964
142.0 23.11395966796875
143.0 31.29182939453125
144.0 31.634795703125
145.0 27.47989921875
146.0 31.412689453125
147.0 27.1454173828125
148.0 27.1252994140625
149.0 28.03892900390625
150.0 27.71618740234375
151.0 24.61456513671875
152.0 28.77495302734375
153.0 26.9698974609375
154.0 30.5567255859375
155.0 21.773188671875
156.0 30.34355146484375
157.0 23.8876541015625
158.0 29.8432115234375
159.0 23.55991484375
160.0 29.07582587890625
161.0 23.0136978515625
162.0 28.08349638671875
163.0 21.57440771484375
164.0 30.313308203125
165.0 26.29414189453125
166.0 29.559609375
167.0 27.427733203125
168.0 19.87357666015625
169.0 34.7389095703125
170.0 22.06355576171875
171.0 33.6057171875
172.0 30.05378935546875
173.0 21.51572275390625
174.0 28.64366279296875
175.0 28.56828076171875
176.0 27.77042236328125
177.0 29.11255517578125
178.0 24.57864951171875
179.0 25.77902060546875
180.0 25.6364041015625
181.0 22.530698046875
182.0 25.1603392578125
183.0 28.0630236328125
184.0 31.9765810546875
185.0 25.25353583984375
186.0 27.656120703125
187.0 29.4571
188.0 27.293892578125
189.0 27.11120244140625
190.0 31.11586845703125
191.0 27.167811328125
192.0 27.904479296875
193.0 16.19765126953125
194.0 38.24259541015625
195.0 26.2138501953125
196.0 21.3373890625
197.0 36.7179029296875
198.0 26.9931162109375
199.0 28.30726796875
200.0 32.60367822265625
201.0 27.62832646484375
202.0 30.67667197265625
203.0 29.235878515625
204.0 18.28914912109375
205.0 39.59456318359375
206.0 27.28152255859375
207.0 28.09305146484375
208.0 26.53090791015625
209.0 30.1830181640625
210.0 25.98695556640625
211.0 24.9188822265625
212.0 27.04109833984375
213.0 28.83253955078125
214.0 28.52836689453125
215.0 23.59887490234375
216.0 27.218692578125
217.0 31.369605078125
218.0 32.284270703125
219.0 25.738758984375
220.0 29.87211328125
221.0 27.58742724609375
222.0 26.90258369140625
223.0 29.770312890625
224.0 27.15440009765625
225.0 23.24434296875
226.0 27.7642712890625
227.0 28.28646689453125
228.0 26.8358119140625
229.0 28.08818125
230.0 19.16319296875
231.0 29.7381845703125
232.0 24.4749341796875
233.0 23.628571875
234.0 23.1868822265625
235.0 29.97273837890625
236.0 29.2513455078125
237.0 28.04920849609375
238.0 25.719644921875
239.0 23.87050859375
240.0 18.87368916015625
241.0 28.22999033203125
242.0 26.70484033203125
243.0 19.0215103515625
244.0 34.03020576171875
245.0 22.1560185546875
246.0 27.8249509765625
247.0 27.56121298828125
248.0 13.6929509765625
249.0 29.58323408203125
250.0 29.75971806640625
251.0 31.3110607421875
252.0 23.204716796875
253.0 24.3330484375
254.0 21.42204833984375
255.0 28.08065966796875
256.0 27.22935830078125
257.0 21.86430302734375
258.0 18.36973603515625
259.0 21.737489453125
260.0 24.10698662109375
261.0 27.12098359375
262.0 23.4980123046875
263.0 27.911043359375
264.0 26.35694130859375
265.0 25.7427041015625
266.0 23.81939716796875
267.0 25.78392236328125
268.0 25.70409423828125
269.0 28.77807783203125
270.0 29.04648935546875
271.0 33.532812890625
272.0 26.827596484375
273.0 27.3044150390625
274.0 32.71025234375
275.0 23.376420703125
276.0 25.90738828125
277.0 25.80327314453125
278.0 22.619925390625
279.0 26.18664306640625
280.0 25.353394921875
281.0 28.426642578125
282.0 21.35611552734375
283.0 18.2026771484375
284.0 22.97921806640625
285.0 30.6561580078125
286.0 27.62035751953125
287.0 31.30295048828125
288.0 26.732993359375
289.0 32.1994232421875
290.0 27.81398056640625
291.0 33.0645591796875
292.0 27.15402314453125
293.0 27.47570546875
294.0 27.00970322265625
295.0 30.8362244140625
296.0 24.90709853515625
297.0 28.36946513671875
298.0 20.943800390625
299.0 29.209882421875
300.0 19.6163619140625
301.0 27.372473828125
302.0 27.9122822265625
303.0 28.3718478515625
304.0 26.11075654296875
305.0 32.5225322265625
306.0 27.02958388671875
307.0 29.179280078125
308.0 25.5063568359375
309.0 27.64191943359375
310.0 24.16557509765625
311.0 28.88215546875
312.0 25.01493291015625
313.0 30.04024609375
314.0 27.51665322265625
315.0 29.3501015625
316.0 28.10838896484375
317.0 30.27012724609375
318.0 27.41274658203125
319.0 27.99021328125
320.0 26.16773154296875
321.0 31.79821123046875
322.0 29.19659501953125
323.0 26.294206640625
324.0 29.1938197265625
325.0 27.23277744140625
326.0 27.7611037109375
327.0 25.84139951171875
328.0 28.97171884765625
329.0 25.08855693359375
330.0 31.40384443359375
331.0 28.6559259765625
332.0 29.6851140625
333.0 26.3576142578125
334.0 30.67023564453125
335.0 26.361821875
336.0 30.40120693359375
337.0 27.7013216796875
338.0 27.741497265625
339.0 26.34846279296875
340.0 26.57786435546875
341.0 25.2817021484375
342.0 28.9137744140625
343.0 24.51445283203125
344.0 29.54229453125
345.0 24.53899951171875
346.0 25.3423263671875
347.0 24.12480546875
348.0 25.04635986328125
349.0 27.27371435546875
350.0 29.2464740234375
351.0 28.39277578125
352.0 26.792553125
353.0 22.50283662109375
354.0 26.11420146484375
355.0 28.251665625
356.0 25.65969267578125
357.0 25.54902021484375
358.0 25.566334375
359.0 26.93641044921875
360.0 27.54857158203125
361.0 26.93874658203125
362.0 28.074984765625
363.0 26.50293896484375
364.0 28.45171572265625
365.0 28.11676884765625
366.0 30.34994833984375
367.0 21.311017578125
368.0 25.9286798828125
369.0 25.39867548828125
370.0 26.94354853515625
371.0 26.55272412109375
372.0 29.4757615234375
373.0 27.54122060546875
374.0 27.01645673828125
375.0 27.4333482421875
376.0 27.04210673828125
377.0 30.8129681640625
378.0 24.296421484375
379.0 25.304871484375
380.0 19.96174580078125
381.0 28.435346484375
382.0 30.6786048828125
383.0 30.1295341796875
384.0 26.25012880859375
385.0 28.3077859375
386.0 25.22632412109375
387.0 29.598381640625
388.0 26.2648734375
389.0 29.94864267578125
390.0 27.8402359375
391.0 26.030708203125
392.0 25.9515455078125
393.0 27.67140078125
394.0 28.845833984375
395.0 29.40523408203125
396.0 28.2711248046875
397.0 29.96055791015625
398.0 25.76888935546875
399.0 27.23235634765625
400.0 27.5172021484375
401.0 27.20671064453125
402.0 21.68493203125
403.0 28.09912568359375
404.0 24.45459248046875
405.0 29.72657060546875
406.0 25.54511025390625
407.0 32.8968947265625
408.0 26.72081474609375
409.0 27.595059765625
410.0 27.31268974609375
411.0 17.5870751953125
412.0 38.7083416015625
413.0 26.965373828125
414.0 28.96129296875
415.0 24.70163466796875
416.0 27.4335224609375
417.0 27.1114330078125
418.0 30.1009005859375
419.0 26.654861328125
420.0 28.29493623046875
421.0 28.38455908203125
422.0 28.5681181640625
423.0 31.09279541015625
424.0 27.95501904296875
425.0 27.33751201171875
426.0 23.3794359375
427.0 27.8156783203125
428.0 25.4369673828125
429.0 27.98517607421875
430.0 25.26349716796875
431.0 28.78379326171875
432.0 24.68336064453125
433.0 24.6102244140625
434.0 23.66028505859375
435.0 27.48655830078125
436.0 23.9778052734375
437.0 28.83447783203125
438.0 23.94231875
439.0 29.4890908203125
440.0 27.902408984375
441.0 26.9098109375
442.0 28.27169287109375
443.0 30.2369615234375
444.0 28.95868896484375
445.0 31.56817734375
446.0 27.27138427734375
447.0 30.64298525390625
448.0 28.78333505859375
449.0 15.2106958984375
450.0 23.7564630859375
451.0 28.82633212890625
452.0 25.0382609375
453.0 27.1978642578125
454.0 24.99710107421875
455.0 26.9941615234375
456.0 27.05736806640625
457.0 28.2174544921875
458.0 26.87958232421875
459.0 23.97157265625
460.0 29.5596197265625
461.0 26.5663271484375
462.0 31.27671318359375
463.0 26.34611142578125
464.0 31.08385654296875
465.0 26.444998828125
466.0 23.68575087890625
467.0 25.7182328125
468.0 20.34480205078125
469.0 33.26539228515625
470.0 13.4891115234375
471.0 20.16589052734375
472.0 28.3697587890625
473.0 26.67506005859375
474.0 24.618820703125
475.0 30.11170546875
476.0 19.132552734375
477.0 16.81522431640625
478.0 32.31815107421875
479.0 26.46529365234375
480.0 25.26639892578125
481.0 30.1760103515625
482.0 28.43339931640625
483.0 23.34618291015625
484.0 28.62817373046875
485.0 27.16569951171875
486.0 31.13567314453125
487.0 26.106607421875
488.0 26.70770244140625
489.0 25.56260048828125
490.0 29.5206501953125
491.0 23.97195419921875
492.0 24.81218623046875
493.0 25.724298046875
494.0 30.538759765625
495.0 27.853327734375
496.0 28.77688427734375
497.0 24.1253634765625
498.0 27.89337900390625
499.0 27.1383408203125
500.0 29.466821484375
501.0 21.67173642578125
502.0 25.35414931640625
503.0 38.4071087890625
504.0 24.82518974609375
505.0 26.60631376953125
506.0 29.06623056640625
507.0 23.00304814453125
508.0 26.91978076171875
509.0 26.9370666015625
510.0 27.23161728515625
511.0 32.489083984375
512.0 28.5801048828125
513.0 30.67754228515625
514.0 25.6399337890625
515.0 27.78706220703125
516.0 26.0477208984375
517.0 27.96944892578125
518.0 27.2641416015625
519.0 29.91266064453125
520.0 24.14959248046875
521.0 30.66223486328125
522.0 27.9770826171875
523.0 28.6256001953125
524.0 26.7250990234375
525.0 30.26586162109375
526.0 26.56148486328125
527.0 25.8005271484375
528.0 25.6239013671875
529.0 30.5667404296875
530.0 26.50473857421875
531.0 26.79847265625
532.0 23.3939533203125
533.0 27.37528505859375
534.0 27.87305048828125
535.0 28.38877099609375
536.0 21.2418119140625
537.0 19.56551044921875
538.0 26.6003013671875
539.0 26.11044140625
540.0 19.25816962890625
541.0 31.06029560546875
542.0 25.737779296875
543.0 25.483941796875
544.0 28.62838291015625
545.0 31.158262109375
546.0 19.98831572265625
547.0 28.36188017578125
548.0 28.6117833984375
549.0 22.0246435546875
550.0 28.6311708984375
551.0 25.20777666015625
552.0 28.27881474609375
553.0 26.043355859375
554.0 30.240252734375
555.0 27.8686224609375
556.0 32.16908857421875
557.0 29.2360552734375
558.0 29.79392880859375
559.0 27.7839693359375
560.0 29.4245541015625
561.0 24.91161904296875
562.0 28.48683212890625
563.0 26.04684619140625
564.0 29.9545671875
565.0 25.6372052734375
566.0 29.39526376953125
567.0 20.75698603515625
568.0 29.3010787109375
569.0 27.58255654296875
570.0 28.3047373046875
571.0 26.83687490234375
572.0 21.236394921875
573.0 26.3501791015625
574.0 24.29602001953125
575.0 28.1450734375
576.0 26.25295634765625
577.0 25.5432615234375
578.0 24.89558564453125
579.0 26.8265330078125
580.0 29.156112109375
581.0 24.672936328125
582.0 28.51558271484375
583.0 30.66581298828125
584.0 29.12783232421875
585.0 26.19011748046875
586.0 21.6494763671875
587.0 31.36740966796875
588.0 27.31932822265625
589.0 34.26379111328125
590.0 27.010747265625
591.0 29.5959587890625
592.0 28.2232201171875
593.0 31.7359421875
594.0 25.8261822265625
595.0 27.1543240234375
596.0 28.00625908203125
597.0 27.09464658203125
598.0 19.94063466796875
599.0 29.65128349609375
600.0 25.29028076171875
601.0 26.743127734375
602.0 26.14881416015625
603.0 30.0563009765625
604.0 28.5088400390625
605.0 30.2993841796875
606.0 22.17663642578125
607.0 24.80351533203125
608.0 27.4222365234375
609.0 29.83820615234375
610.0 25.4636908203125
611.0 29.74834111328125
612.0 26.92828701171875
613.0 24.1148625
614.0 30.68917939453125
615.0 26.51875234375
616.0 27.416074609375
617.0 26.38200810546875
618.0 24.7502498046875
619.0 28.5014962890625
620.0 26.74484423828125
621.0 30.57320361328125
622.0 26.57516796875
623.0 30.09670966796875
624.0 28.438715234375
625.0 27.9876150390625
626.0 26.06934794921875
627.0 27.3996119140625
628.0 27.37865029296875
629.0 25.8688193359375
630.0 27.80121064453125
631.0 27.29358466796875
632.0 25.91182158203125
633.0 29.1276853515625
634.0 26.60470458984375
635.0 31.6323830078125
636.0 25.60604697265625
637.0 26.66992314453125
638.0 24.706344140625
639.0 27.78796826171875
640.0 30.014292578125
641.0 25.517568359375
642.0 27.8085810546875
643.0 25.634093359375
644.0 33.40209716796875
645.0 24.71057177734375
646.0 31.26836201171875
647.0 28.51792529296875
648.0 30.9243763671875
649.0 25.971833203125
650.0 28.67006953125
651.0 16.23614794921875
652.0 29.48536201171875
653.0 25.35676640625
654.0 27.71332119140625
655.0 25.5589146484375
656.0 27.84623896484375
657.0 32.3045958984375
658.0 28.2523728515625
659.0 30.1393001953125
660.0 23.73957890625
661.0 32.3210185546875
662.0 25.22276728515625
663.0 33.86708740234375
664.0 21.43690380859375
665.0 33.27123564453125
666.0 31.49343154296875
667.0 27.60277333984375
668.0 28.8437501953125
669.0 25.25278154296875
670.0 27.9474685546875
671.0 21.48363134765625
672.0 36.620298828125
673.0 28.363172265625
674.0 27.06853486328125
675.0 33.9361072265625
676.0 26.603980078125
677.0 30.88375048828125
678.0 29.46453916015625
679.0 31.55121328125
680.0 24.62059375
681.0 33.0285998046875
682.0 27.29133037109375
683.0 32.78278564453125
684.0 25.6666962890625
685.0 26.292498828125
686.0 29.5232763671875
687.0 27.82901162109375
688.0 31.38661650390625
689.0 30.132475
690.0 28.48657626953125
691.0 27.3538625
692.0 26.73716904296875
693.0 25.42907568359375
694.0 31.94553154296875
695.0 29.50017119140625
696.0 34.31529501953125
697.0 32.8605416015625
698.0 32.0496822265625
699.0 31.2595208984375
700.0 26.99255771484375
701.0 26.7229099609375
702.0 18.669631640625
703.0 26.9860654296875
704.0 29.20317041015625
705.0 24.1119708984375
706.0 25.032084375
707.0 26.10912265625
708.0 28.21813037109375
709.0 20.74753798828125
710.0 28.5555611328125
711.0 28.5966359375
712.0 30.5244751953125
713.0 28.4794255859375
714.0 32.62541806640625
715.0 23.81844140625
716.0 30.7282724609375
717.0 24.52726025390625
718.0 27.49012578125
719.0 20.172846875
720.0 18.2458466796875
721.0 30.272965625
722.0 31.45284609375
723.0 25.25304599609375
724.0 25.68766796875
725.0 25.390415234375
726.0 26.61139482421875
727.0 27.28097763671875
728.0 19.694890234375
729.0 37.09086328125
730.0 29.5301
731.0 27.195636328125
732.0 31.839464453125
733.0 26.79167470703125
734.0 30.0211787109375
735.0 25.08136435546875
736.0 29.6485552734375
737.0 28.1071970703125
738.0 32.90542060546875
739.0 26.8237681640625
740.0 30.59648291015625
741.0 28.9862033203125
742.0 32.71089775390625
743.0 28.2838
744.0 29.00080380859375
745.0 29.1980623046875
746.0 28.77714697265625
747.0 29.6940068359375
748.0 29.3047775390625
749.0 30.73820439453125
750.0 28.00054169921875
751.0 26.576500390625
752.0 31.3966935546875
753.0 29.448561328125
754.0 27.2432498046875
755.0 25.74751103515625
756.0 32.72906611328125
757.0 26.60117451171875
758.0 29.86906376953125
759.0 26.1453587890625
760.0 37.33110234375
761.0 29.5608888671875
762.0 31.11374130859375
763.0 33.03004814453125
764.0 22.6077447265625
765.0 34.23804794921875
766.0 32.8875150390625
767.0 27.7134810546875
768.0 29.6883896484375
769.0 30.32913388671875
770.0 27.39792431640625
771.0 25.85870283203125
772.0 33.7101005859375
773.0 30.52701611328125
774.0 29.00946123046875
775.0 28.3284603515625
776.0 28.5875185546875
777.0 31.34018564453125
778.0 27.39027470703125
779.0 28.61662958984375
780.0 23.98566689453125
781.0 31.3556021484375
782.0 26.64218369140625
783.0 33.54008212890625
784.0 30.93823662109375
785.0 30.5251134765625
786.0 24.31246591796875
787.0 22.76728505859375
788.0 28.445206640625
789.0 28.38284755859375
790.0 32.02801142578125
791.0 28.51790888671875
792.0 22.538393359375
793.0 26.8148671875
794.0 28.555230859375
795.0 28.137853125
796.0 31.1128869140625
797.0 26.082121484375
798.0 31.65377060546875
799.0 27.9828208984375
