0.0 18.87245029296875
1.0 29.18426396484375
2.0 25.08238076171875
3.0 27.11106943359375
4.0 24.21436298828125
5.0 24.81990224609375
6.0 24.0870607421875
7.0 25.05191162109375
8.0 25.92375654296875
9.0 23.494126953125
10.0 27.11005185546875
11.0 23.169933203125
12.0 27.77414228515625
13.0 22.94710703125
14.0 26.83098525390625
15.0 24.1686748046875
16.0 24.87564208984375
17.0 25.29681162109375
18.0 31.62729013671875
19.0 24.40703037109375
20.0 26.267297265625
21.0 26.83907158203125
22.0 24.51372939453125
23.0 25.50853330078125
24.0 31.75559814453125
25.0 28.16575234375
26.0 26.0832892578125
27.0 28.4169212890625
28.0 26.91689560546875
29.0 27.42171162109375
30.0 30.164021875
31.0 28.37496015625
32.0 30.8477044921875
33.0 28.88145859375
34.0 30.20727607421875
35.0 22.92953515625
36.0 25.08709521484375
37.0 26.00497744140625
38.0 20.00372373046875
39.0 23.83865048828125
40.0 27.673165234375
41.0 28.34437216796875
42.0 20.8301892578125
43.0 30.31054521484375
44.0 26.86564443359375
45.0 28.145923828125
46.0 24.6614875
47.0 25.7724435546875
48.0 24.9783828125
49.0 15.72251904296875
50.0 37.668639453125
51.0 31.591941796875
52.0 28.39659541015625
53.0 31.29794130859375
54.0 29.524424609375
55.0 27.0447203125
56.0 30.97009951171875
57.0 25.50725166015625
58.0 29.739601953125
59.0 25.505012890625
60.0 27.53754833984375
61.0 23.0873208984375
62.0 25.0254181640625
63.0 26.816049609375
64.0 24.88975419921875
65.0 30.87137216796875
66.0 28.2852541015625
67.0 28.99801787109375
68.0 29.15724150390625
69.0 26.77801640625
70.0 28.70761865234375
71.0 27.4831021484375
72.0 32.2039126953125
73.0 23.6144125
74.0 28.52358662109375
75.0 26.81445908203125
76.0 30.358941796875
77.0 23.95490390625
78.0 27.3089408203125
79.0 24.6865748046875
80.0 26.59299609375
81.0 24.5319900390625
82.0 29.13361923828125
83.0 24.6881068359375
84.0 25.28602646484375
85.0 28.32780751953125
86.0 22.713434765625
87.0 29.344728515625
88.0 27.74629912109375
89.0 27.762931640625
90.0 26.7137337890625
91.0 29.9433080078125
92.0 24.6863412109375
93.0 27.41205048828125
94.0 23.831965625
95.0 26.496548828125
96.0 26.3279609375
97.0 22.624666796875
98.0 17.0018875
99.0 24.95067529296875
100.0 27.69662451171875
101.0 27.84437509765625
102.0 29.2229953125
103.0 28.838196875
104.0 28.7657248046875
105.0 23.7724376953125
106.0 25.7403490234375
107.0 20.881487890625
108.0 22.9254716796875
109.0 25.8708517578125
110.0 24.15511533203125
111.0 24.8182376953125
112.0 25.02136474609375
113.0 25.1101529296875
114.0 26.5911435546875
115.0 23.96544755859375
116.0 29.970428515625
117.0 24.073230078125
118.0 28.22221572265625
119.0 26.807865625
120.0 27.56953994140625
121.0 22.67004404296875
122.0 30.77297509765625
123.0 26.9909572265625
124.0 31.3230796875
125.0 24.91434111328125
126.0 30.5082388671875
127.0 27.39669140625
128.0 27.8425162109375
129.0 24.06880654296875
130.0 29.0682744140625
131.0 25.30625654296875
132.0 25.1529029296875
133.0 25.5750111328125
134.0 26.95874951171875
135.0 22.89078232421875
136.0 27.43573447265625
137.0 18.91736318359375
138.0 28.37180068359375
139.0 25.6612173828125
140.0 20.907202734375
141.0 25.51412822265625
142.0 18.62024462890625
143.0 24.9810703125
144.0 15.93102041015625
145.0 29.08540615234375
146.0 23.53681162109375
147.0 27.9050375
148.0 21.38374501953125
149.0 24.752498046875
150.0 23.3604564453125
151.0 25.4469765625
152.0 25.95371171875
153.0 28.66903388671875
154.0 25.82029091796875
155.0 31.0776302734375
156.0 25.6265080078125
157.0 28.26327421875
158.0 24.5944822265625
159.0 18.62313310546875
160.0 23.31347421875
161.0 21.04798203125
162.0 25.90005322265625
163.0 26.68430625
164.0 30.3132943359375
165.0 28.7375244140625
166.0 30.409011328125
167.0 23.8150478515625
168.0 27.3723103515625
169.0 24.656859375
170.0 27.2691373046875
171.0 25.55148662109375
172.0 25.0537755859375
173.0 23.13732138671875
174.0 25.83126728515625
175.0 25.762458203125
176.0 19.9723248046875
177.0 24.67757158203125
178.0 25.33687509765625
179.0 26.38980556640625
180.0 26.0259998046875
181.0 23.50949130859375
182.0 24.38213837890625
183.0 30.2511447265625
184.0 24.27094404296875
185.0 29.9804736328125
186.0 27.99579150390625
187.0 29.05535517578125
188.0 27.214015234375
189.0 26.86488779296875
190.0 19.80650078125
191.0 29.4938525390625
192.0 24.927108984375
193.0 21.78822890625
194.0 33.33210361328125
195.0 27.47046064453125
196.0 28.0563072265625
197.0 22.48278330078125
198.0 30.67858515625
199.0 29.016787890625
200.0 31.56643095703125
201.0 25.61493427734375
202.0 30.236975
203.0 27.972221484375
204.0 28.14200205078125
205.0 28.89905068359375
206.0 25.47850107421875
207.0 30.642356640625
208.0 27.70868466796875
209.0 31.563007421875
210.0 27.51946923828125
211.0 29.46093603515625
212.0 27.28614453125
213.0 28.0814693359375
214.0 25.063025
215.0 30.3748341796875
216.0 26.96796005859375
217.0 30.8730423828125
218.0 28.5441421875
219.0 29.60898154296875
220.0 24.01605908203125
221.0 25.1264875
222.0 24.42614208984375
223.0 29.066276171875
224.0 26.33319052734375
225.0 26.95714189453125
226.0 23.4543896484375
227.0 28.5175265625
228.0 26.23554150390625
229.0 26.97316630859375
230.0 24.9003755859375
231.0 23.01154638671875
232.0 27.41008974609375
233.0 24.67161044921875
234.0 28.70058974609375
235.0 25.16263662109375
236.0 29.7050126953125
237.0 28.48605146484375
238.0 30.034895703125
239.0 25.54494365234375
240.0 30.96166708984375
241.0 30.243434765625
242.0 22.9185421875
243.0 29.81703056640625
244.0 28.500687109375
245.0 30.7182158203125
246.0 24.0579875
247.0 33.00999560546875
248.0 25.833376171875
249.0 27.184652734375
250.0 26.29729873046875
251.0 26.36443203125
252.0 23.2894482421875
253.0 28.57889814453125
254.0 26.8115576171875
255.0 29.51838095703125
256.0 26.7203271484375
257.0 30.1825375
258.0 27.28463623046875
259.0 30.0377333984375
260.0 27.0446677734375
261.0 27.1832591796875
262.0 30.4536779296875
263.0 28.60961640625
264.0 20.76882333984375
265.0 31.682689453125
266.0 28.3795560546875
267.0 24.54915810546875
268.0 31.16375380859375
269.0 26.96228056640625
270.0 28.80193935546875
271.0 25.84507607421875
272.0 29.37728525390625
273.0 24.6119962890625
274.0 27.34978134765625
275.0 26.35473798828125
276.0 28.8692482421875
277.0 24.20461171875
278.0 28.40248349609375
279.0 24.884501171875
280.0 28.25908017578125
281.0 19.3813349609375
282.0 31.6823173828125
283.0 27.0769529296875
284.0 24.68990068359375
285.0 26.80287607421875
286.0 25.9425302734375
287.0 28.5936146484375
288.0 28.19810791015625
289.0 29.9537056640625
290.0 21.58452119140625
291.0 28.04863583984375
292.0 25.68687041015625
293.0 25.3215826171875
294.0 22.6003630859375
295.0 35.40913251953125
296.0 26.00367412109375
297.0 32.7046548828125
298.0 25.425771875
299.0 30.5034697265625
300.0 26.6264619140625
301.0 29.2358349609375
302.0 18.38417197265625
303.0 25.05479970703125
304.0 27.58869052734375
305.0 29.42000244140625
306.0 25.70287314453125
307.0 25.11349287109375
308.0 22.9431771484375
309.0 24.93032890625
310.0 26.40890322265625
311.0 27.6279603515625
312.0 24.84966435546875
313.0 28.063412890625
314.0 25.2097265625
315.0 24.72380263671875
316.0 29.8962400390625
317.0 26.357353515625
318.0 27.69024443359375
319.0 29.9271234375
320.0 26.17285576171875
321.0 32.307159375
322.0 26.4999783203125
323.0 28.7040076171875
324.0 23.75564697265625
325.0 27.28164755859375
326.0 23.517553125
327.0 25.81490498046875
328.0 26.8233876953125
329.0 26.3210244140625
330.0 23.12880087890625
331.0 24.0537970703125
332.0 26.96001806640625
333.0 27.49821826171875
334.0 29.444453125
335.0 26.33137470703125
336.0 30.96380908203125
337.0 28.24336103515625
338.0 26.38958046875
339.0 26.6981935546875
340.0 28.1821400390625
341.0 23.0699234375
342.0 23.868093359375
343.0 22.8231185546875
344.0 24.62520869140625
345.0 14.73882451171875
346.0 24.698808984375
347.0 26.70382138671875
348.0 25.804490625
349.0 31.0220302734375
350.0 28.0483181640625
351.0 31.329523828125
352.0 24.9792302734375
353.0 23.590353515625
354.0 23.6488626953125
355.0 25.46540869140625
356.0 24.65733134765625
357.0 27.583091015625
358.0 25.71983916015625
359.0 30.43809951171875
360.0 28.4265919921875
361.0 27.77865283203125
362.0 24.165804296875
363.0 26.52504580078125
364.0 25.53162529296875
365.0 29.02072099609375
366.0 24.41931435546875
367.0 27.33669599609375
368.0 26.3092701171875
369.0 29.2457302734375
370.0 28.1086896484375
371.0 31.085044140625
372.0 26.91784599609375
373.0 28.19398271484375
374.0 28.23317255859375
375.0 29.2357337890625
376.0 26.25041552734375
377.0 29.39518525390625
378.0 24.60204404296875
379.0 27.2941302734375
380.0 28.17471943359375
381.0 27.26446826171875
382.0 30.51242138671875
383.0 25.73290078125
384.0 25.5666884765625
385.0 26.72999599609375
386.0 29.3936591796875
387.0 28.935409765625
388.0 28.5404744140625
389.0 28.06307861328125
390.0 32.09666884765625
391.0 28.0133228515625
392.0 27.0593658203125
393.0 22.86259658203125
394.0 28.3029447265625
395.0 26.7435806640625
396.0 28.48895029296875
397.0 22.984946484375
398.0 32.09374931640625
399.0 27.86381572265625
400.0 28.17707744140625
401.0 27.889626171875
402.0 29.11890322265625
403.0 27.28359951171875
404.0 30.440457421875
405.0 25.866124609375
406.0 30.0091283203125
407.0 21.9224255859375
408.0 31.46591513671875
409.0 19.51664140625
410.0 37.6545060546875
411.0 23.65965888671875
412.0 30.6537400390625
413.0 25.44909296875
414.0 22.392030859375
415.0 23.49782060546875
416.0 25.99071484375
417.0 22.298115234375
418.0 23.55254619140625
419.0 26.568066015625
420.0 23.116598046875
421.0 26.71114482421875
422.0 25.66498193359375
423.0 29.4915296875
424.0 26.4755845703125
425.0 29.37375009765625
426.0 26.9897755859375
427.0 29.1690546875
428.0 26.60061630859375
429.0 26.6917970703125
430.0 29.38951376953125
431.0 25.33991259765625
432.0 26.5894541015625
433.0 27.45902587890625
434.0 27.23483740234375
435.0 28.89828115234375
436.0 27.78988212890625
437.0 22.63790693359375
438.0 26.50650234375
439.0 24.9956751953125
440.0 30.89965625
441.0 26.65891181640625
442.0 28.79803642578125
443.0 27.12962177734375
444.0 20.0184828125
445.0 33.822369140625
446.0 25.84945478515625
447.0 26.83241513671875
448.0 22.6511298828125
449.0 25.73598388671875
450.0 26.69261552734375
451.0 29.52479892578125
452.0 22.9040376953125
453.0 24.02120380859375
454.0 26.3784642578125
455.0 29.49367392578125
456.0 28.00997666015625
457.0 30.19641650390625
458.0 23.54943896484375
459.0 30.0517767578125
460.0 28.6511841796875
461.0 28.0812390625
462.0 25.568739453125
463.0 25.28519580078125
464.0 25.00879169921875
465.0 26.189420703125
466.0 24.05795263671875
467.0 26.51110791015625
468.0 26.89088193359375
469.0 26.1242962890625
470.0 29.5384697265625
471.0 22.81226875
472.0 26.14068330078125
473.0 24.126108203125
474.0 27.08397607421875
475.0 24.40866298828125
476.0 31.331069921875
477.0 27.2993154296875
478.0 26.09918125
479.0 25.5617978515625
480.0 32.66642138671875
481.0 25.2851623046875
482.0 29.123485546875
483.0 28.75911298828125
484.0 30.6690720703125
485.0 27.829393359375
486.0 31.30021884765625
487.0 23.422223046875
488.0 24.94693447265625
489.0 29.30506728515625
490.0 20.80038310546875
491.0 24.65768359375
492.0 26.32741416015625
493.0 21.96839970703125
494.0 25.1242423828125
495.0 27.233096484375
496.0 28.76404462890625
497.0 26.23368583984375
498.0 30.79356474609375
499.0 26.19953720703125
500.0 28.14711982421875
501.0 25.40379541015625
502.0 26.82209521484375
503.0 26.68107041015625
504.0 25.8636875
505.0 27.83410126953125
506.0 27.22401728515625
507.0 28.13481025390625
508.0 29.62236572265625
509.0 26.26246025390625
510.0 28.03709130859375
511.0 25.08284501953125
512.0 25.3329619140625
513.0 26.81696015625
514.0 28.99186474609375
515.0 26.58654150390625
516.0 25.70236650390625
517.0 24.9358439453125
518.0 26.77434306640625
519.0 24.06145078125
520.0 30.29613271484375
521.0 22.793985546875
522.0 24.8215302734375
523.0 27.35861875
524.0 29.24873583984375
525.0 27.2126587890625
526.0 28.62071748046875
527.0 21.71041728515625
528.0 24.7300322265625
529.0 18.66433193359375
530.0 25.672913671875
531.0 24.0693171875
532.0 29.60190283203125
533.0 25.749158984375
534.0 23.9515939453125
535.0 27.3301267578125
536.0 22.17191962890625
537.0 27.235665234375
538.0 22.97289609375
539.0 24.0384365234375
540.0 27.67686474609375
541.0 27.756991015625
542.0 26.92097490234375
543.0 28.279903125
544.0 24.70208515625
545.0 27.161653515625
546.0 23.01714013671875
547.0 25.84642392578125
548.0 26.17543642578125
549.0 28.7712451171875
550.0 25.23123427734375
551.0 24.15799287109375
552.0 21.5381751953125
553.0 24.5184572265625
554.0 27.1193423828125
555.0 22.78529814453125
556.0 27.5421935546875
557.0 23.4651458984375
558.0 28.33159345703125
559.0 25.09163359375
560.0 25.172290234375
561.0 24.36566845703125
562.0 28.28753583984375
563.0 24.68588349609375
564.0 26.99404462890625
565.0 26.8116392578125
566.0 31.99586640625
567.0 27.910945703125
568.0 31.19658642578125
569.0 26.49306767578125
570.0 27.1108044921875
571.0 23.61365869140625
572.0 26.98438193359375
573.0 28.14492861328125
574.0 30.04390615234375
575.0 26.3765939453125
576.0 26.84596728515625
577.0 27.81628056640625
578.0 29.8710271484375
579.0 27.51964375
580.0 31.35479052734375
581.0 28.4013794921875
582.0 26.77407861328125
583.0 31.94600107421875
584.0 27.902413671875
585.0 25.43372607421875
586.0 28.735721484375
587.0 26.22986875
588.0 25.85680341796875
589.0 28.1845001953125
590.0 27.67074560546875
591.0 27.300167578125
592.0 28.50111640625
593.0 27.192893359375
594.0 26.52611767578125
595.0 25.86788564453125
596.0 28.1768779296875
597.0 30.3086693359375
598.0 27.73536005859375
599.0 30.40133759765625
600.0 27.6995447265625
601.0 26.9550814453125
602.0 26.09344931640625
603.0 26.300623828125
604.0 24.0740693359375
605.0 31.05937451171875
606.0 28.0513859375
607.0 26.63499873046875
608.0 28.93461923828125
609.0 32.25554091796875
610.0 23.8655095703125
611.0 24.96995556640625
612.0 23.8382109375
613.0 30.0104078125
614.0 25.28021396484375
615.0 26.78511982421875
616.0 24.55967412109375
617.0 30.15935576171875
618.0 20.57437744140625
619.0 28.577355859375
620.0 26.81752705078125
621.0 28.00520751953125
622.0 27.3834966796875
623.0 25.76818017578125
624.0 25.9060689453125
625.0 25.07850498046875
626.0 28.63112353515625
627.0 26.1890892578125
628.0 23.5675166015625
629.0 28.8779423828125
630.0 25.86253251953125
631.0 29.8988134765625
632.0 23.76675791015625
633.0 31.29017587890625
634.0 23.0255767578125
635.0 24.7451826171875
636.0 25.02216103515625
637.0 22.69585546875
638.0 30.5256125
639.0 19.73670166015625
640.0 29.1612291015625
641.0 28.11475
642.0 29.5677330078125
643.0 25.77541640625
644.0 26.02526416015625
645.0 28.738859375
646.0 26.54016083984375
647.0 24.28399921875
648.0 30.05695791015625
649.0 26.2623712890625
650.0 25.99679677734375
651.0 26.9779185546875
652.0 29.02798486328125
653.0 22.80825751953125
654.0 29.4992994140625
655.0 25.44724814453125
656.0 28.8796236328125
657.0 22.26742490234375
658.0 27.19734482421875
659.0 27.348829296875
660.0 29.64246298828125
661.0 28.11429462890625
662.0 28.42748203125
663.0 24.141104296875
664.0 29.34658486328125
665.0 25.423233984375
666.0 31.18656923828125
667.0 27.8397234375
668.0 26.67493994140625
669.0 26.66998623046875
670.0 29.099621875
671.0 27.08031640625
672.0 28.768516796875
673.0 27.2612337890625
674.0 23.1622669921875
675.0 26.23649677734375
676.0 29.997975390625
677.0 28.42279140625
678.0 27.84409296875
679.0 23.52514873046875
680.0 24.8073470703125
681.0 24.5109623046875
682.0 29.87085908203125
683.0 25.8883009765625
684.0 27.001213671875
685.0 23.70158837890625
686.0 31.6687740234375
687.0 27.1023919921875
688.0 29.037860546875
689.0 25.55733388671875
690.0 26.65249716796875
691.0 29.580423828125
692.0 29.0066970703125
693.0 29.118160546875
694.0 27.3097880859375
695.0 13.99639189453125
696.0 41.55678818359375
697.0 30.8117296875
698.0 26.43160205078125
699.0 27.11673037109375
700.0 18.00348818359375
701.0 29.179353515625
702.0 25.28098486328125
703.0 27.28471748046875
704.0 28.45995966796875
705.0 25.2001396484375
706.0 29.4526197265625
707.0 23.456918359375
708.0 27.5205845703125
709.0 24.34720673828125
710.0 28.0609984375
711.0 25.802959375
712.0 28.77262939453125
713.0 25.401887109375
714.0 28.7440900390625
715.0 23.5354646484375
716.0 27.71312783203125
717.0 26.98588935546875
718.0 31.49159609375
719.0 27.8115619140625
720.0 30.8842232421875
721.0 28.71546455078125
722.0 26.26436748046875
723.0 28.58721689453125
724.0 26.40840654296875
725.0 25.84172802734375
726.0 27.04318408203125
727.0 28.45018525390625
728.0 26.5524580078125
729.0 30.0061587890625
730.0 27.380905859375
731.0 24.2216982421875
732.0 29.22163251953125
733.0 29.9717060546875
734.0 26.9561013671875
735.0 28.4278552734375
736.0 28.88270361328125
737.0 29.899506640625
738.0 23.3307947265625
739.0 27.50539033203125
740.0 23.08011708984375
741.0 27.55464736328125
742.0 26.53613115234375
743.0 29.425083984375
744.0 27.00806259765625
745.0 28.9228171875
746.0 28.39922763671875
747.0 29.132589453125
748.0 27.2893541015625
749.0 27.400941796875
750.0 26.7926375
751.0 30.03846494140625
752.0 28.60704775390625
753.0 28.370544140625
754.0 25.63754091796875
755.0 30.7641271484375
756.0 25.3856658203125
757.0 30.28583193359375
758.0 23.9600525390625
759.0 26.63623486328125
760.0 24.92813759765625
761.0 30.14309091796875
762.0 27.56630458984375
763.0 29.537681640625
764.0 24.1903263671875
765.0 27.134393359375
766.0 24.37149619140625
767.0 29.393675
768.0 27.04135400390625
769.0 31.65170361328125
770.0 26.18142138671875
771.0 29.6797171875
772.0 29.10271748046875
773.0 30.80110859375
774.0 26.47638837890625
775.0 30.84449658203125
776.0 27.365763671875
777.0 28.50254296875
778.0 25.15467275390625
779.0 30.789973046875
780.0 25.03033046875
781.0 29.4430712890625
782.0 26.2635142578125
783.0 27.96941064453125
784.0 26.92607236328125
785.0 26.00592802734375
786.0 25.86123369140625
787.0 31.9193130859375
788.0 25.44992626953125
789.0 24.3983185546875
790.0 26.5833544921875
791.0 29.69893544921875
792.0 27.84562900390625
793.0 30.24294814453125
794.0 27.69741767578125
795.0 28.1890974609375
796.0 26.368208203125
797.0 29.48651982421875
798.0 28.743209375
799.0 31.10871142578125
