0.0 17.35032490234375
1.0 19.78555908203125
2.0 19.674831640625
3.0 23.20385126953125
4.0 19.68833203125
5.0 13.4657330078125
6.0 16.4493890625
7.0 19.1207048828125
8.0 18.95277353515625
9.0 21.93425732421875
10.0 17.47200244140625
11.0 21.02009345703125
12.0 23.01116240234375
13.0 16.35298525390625
14.0 15.62938193359375
15.0 19.572354296875
16.0 17.4361314453125
17.0 19.27997685546875
18.0 22.0292234375
19.0 15.899987890625
20.0 18.73377041015625
21.0 16.1813994140625
22.0 18.52757431640625
23.0 23.17353359375
24.0 20.985344921875
25.0 18.3768857421875
26.0 19.59593564453125
27.0 18.1515134765625
28.0 19.47015283203125
29.0 19.28121240234375
30.0 18.43332109375
31.0 14.7424890625
32.0 16.42732607421875
33.0 18.4325431640625
34.0 22.15853154296875
35.0 16.27176201171875
36.0 6.132811328125
37.0 32.38423154296875
38.0 18.4955037109375
39.0 15.88800400390625
40.0 15.83475546875
41.0 15.166980078125
42.0 17.007496875
43.0 15.8649361328125
44.0 13.58311298828125
45.0 16.86704873046875
46.0 12.71010185546875
47.0 12.0867115234375
48.0 10.845630859375
49.0 12.51127685546875
50.0 12.78977412109375
51.0 12.77065615234375
52.0 11.6686849609375
53.0 13.77855732421875
54.0 13.24519765625
55.0 13.6440486328125
56.0 15.5084564453125
57.0 18.97363017578125
58.0 19.06661806640625
59.0 24.0864802734375
60.0 20.3713806640625
61.0 18.42352998046875
62.0 22.44474169921875
63.0 20.26015869140625
64.0 20.3815869140625
65.0 22.25481123046875
66.0 21.20584248046875
67.0 23.47301416015625
68.0 19.44192509765625
69.0 21.5898236328125
70.0 23.5129287109375
71.0 20.56491669921875
72.0 20.16220390625
73.0 20.26367734375
74.0 20.66579658203125
75.0 22.55420927734375
76.0 20.818015625
77.0 24.05505908203125
78.0 19.93695888671875
79.0 22.193334375
80.0 23.1205080078125
81.0 21.16074482421875
82.0 23.9073349609375
83.0 21.05936005859375
84.0 24.140875
85.0 19.97940888671875
86.0 19.08304306640625
87.0 21.62000546875
88.0 19.49183056640625
89.0 22.61826982421875
90.0 16.1518095703125
91.0 22.5670763671875
92.0 21.23926083984375
93.0 19.65108681640625
94.0 18.25781875
95.0 18.00089541015625
96.0 19.351778515625
97.0 16.52022109375
98.0 21.9435408203125
99.0 19.40596142578125
100.0 19.726840625
101.0 12.8742390625
102.0 12.8647380859375
103.0 15.59861748046875
104.0 12.99508837890625
105.0 14.12589765625
106.0 16.27577646484375
107.0 16.97292373046875
108.0 16.35751943359375
109.0 16.916571484375
110.0 18.8767140625
111.0 13.6231548828125
112.0 13.581828515625
113.0 15.28318525390625
114.0 17.58465634765625
115.0 15.6531234375
116.0 16.9075853515625
117.0 15.47788984375
118.0 12.9074689453125
119.0 14.88689794921875
120.0 17.0877517578125
121.0 18.30331240234375
122.0 20.31302060546875
123.0 20.33379921875
124.0 18.33355361328125
125.0 18.8880248046875
126.0 15.20285947265625
127.0 12.50278623046875
128.0 13.25213486328125
129.0 13.39751904296875
130.0 12.35898359375
131.0 19.05783828125
132.0 18.13703857421875
133.0 16.80331337890625
134.0 20.85248203125
135.0 16.18361240234375
136.0 18.446866015625
137.0 21.02556298828125
138.0 18.40050380859375
139.0 17.64618720703125
140.0 11.56987841796875
141.0 17.4148451171875
142.0 22.2979583984375
143.0 27.40209140625
144.0 19.355958203125
145.0 20.44679716796875
146.0 21.50633134765625
147.0 17.7190048828125
148.0 19.313905078125
149.0 16.28474462890625
150.0 17.65668349609375
151.0 24.47239794921875
152.0 21.4024240234375
153.0 19.70483623046875
154.0 20.45626220703125
155.0 18.91762275390625
156.0 19.7437603515625
157.0 24.50888203125
158.0 24.01787265625
159.0 21.4816115234375
160.0 20.7850423828125
161.0 22.39468408203125
162.0 22.41611015625
163.0 23.88310224609375
164.0 14.32209794921875
165.0 23.3134107421875
166.0 19.06493154296875
167.0 21.37116005859375
168.0 24.443991796875
169.0 22.51465546875
170.0 20.68064013671875
171.0 22.71178564453125
172.0 21.90310615234375
173.0 20.7957220703125
174.0 23.36742060546875
175.0 18.46728486328125
176.0 23.02863583984375
177.0 21.71178779296875
178.0 24.829414453125
179.0 23.2115994140625
180.0 20.35054873046875
181.0 20.3918291015625
182.0 21.25037294921875
183.0 22.064370703125
184.0 21.073525390625
185.0 24.0879318359375
186.0 23.65124150390625
187.0 21.7792513671875
188.0 23.34097451171875
189.0 21.77686083984375
190.0 22.86674345703125
191.0 24.00252841796875
192.0 19.3537650390625
193.0 21.79571669921875
194.0 21.191950390625
195.0 23.09778388671875
196.0 21.11319501953125
197.0 21.34892138671875
198.0 21.62095400390625
199.0 20.743942578125
200.0 23.53624013671875
201.0 20.98007958984375
202.0 14.89838408203125
203.0 15.7645072265625
204.0 20.55407978515625
205.0 20.2037095703125
206.0 20.812343359375
207.0 18.71278798828125
208.0 20.61612119140625
209.0 21.298971875
210.0 18.564669921875
211.0 21.79500390625
212.0 19.830953515625
213.0 18.76884384765625
214.0 23.02770927734375
215.0 21.7265818359375
216.0 21.582632421875
217.0 21.95734375
218.0 19.04446669921875
219.0 14.6508298828125
220.0 27.22988720703125
221.0 18.9198423828125
222.0 22.3135810546875
223.0 18.9848021484375
224.0 19.84080087890625
225.0 20.79749482421875
226.0 17.60328359375
227.0 19.6654591796875
228.0 17.457213671875
229.0 17.3806
230.0 20.03289384765625
231.0 17.03410546875
232.0 12.526154296875
233.0 16.09485078125
234.0 14.18456630859375
235.0 13.42837998046875
236.0 14.34628232421875
237.0 13.281018359375
238.0 12.05034775390625
239.0 13.68042705078125
240.0 17.09487255859375
241.0 13.6554546875
242.0 13.36398642578125
243.0 17.10439677734375
244.0 17.34245078125
245.0 19.86373056640625
246.0 18.03165400390625
247.0 16.5988072265625
248.0 18.4143962890625
249.0 18.38554541015625
250.0 15.6395970703125
251.0 18.760108984375
252.0 17.6315208984375
253.0 15.78691962890625
254.0 6.26563359375
255.0 32.59514609375
256.0 19.7761125
257.0 18.15148505859375
258.0 20.6839359375
259.0 22.34966181640625
260.0 20.66805830078125
261.0 22.06280458984375
262.0 17.3427029296875
263.0 21.41072861328125
264.0 19.366666015625
265.0 17.83982333984375
266.0 20.9074138671875
267.0 20.0176830078125
268.0 20.7655466796875
269.0 24.03911787109375
270.0 21.5992900390625
271.0 22.98098349609375
272.0 17.76948525390625
273.0 16.96569423828125
274.0 19.158330078125
275.0 15.84583828125
276.0 18.677244140625
277.0 18.59644404296875
278.0 14.2630419921875
279.0 15.43839482421875
280.0 15.70167744140625
281.0 17.34722802734375
282.0 21.4742337890625
283.0 19.5700234375
284.0 23.1046291015625
285.0 22.79447021484375
286.0 20.9891828125
287.0 22.13044423828125
288.0 20.3023740234375
289.0 18.96332001953125
290.0 23.072741015625
291.0 20.44943623046875
292.0 22.63629833984375
293.0 16.05559248046875
294.0 20.68044931640625
295.0 21.2093814453125
296.0 14.4277970703125
297.0 26.198775
298.0 20.10431943359375
299.0 18.370639453125
300.0 21.298467578125
301.0 15.60502861328125
302.0 18.87837236328125
303.0 18.8363201171875
304.0 18.21616923828125
305.0 20.3314771484375
306.0 21.75479931640625
307.0 21.043799609375
308.0 22.72737236328125
309.0 18.2433208984375
310.0 16.44948017578125
311.0 21.141684765625
312.0 17.43031943359375
313.0 18.32767724609375
314.0 10.6994814453125
315.0 22.73086396484375
316.0 17.43258876953125
317.0 15.442637109375
318.0 14.62741513671875
319.0 13.40196171875
320.0 14.485999609375
321.0 15.0038859375
322.0 13.44638828125
323.0 15.9133666015625
324.0 13.2585916015625
325.0 14.582330859375
326.0 15.71609423828125
327.0 14.26177265625
328.0 14.15831376953125
329.0 13.12975244140625
330.0 12.39099560546875
331.0 15.995381640625
332.0 12.853785546875
333.0 14.57520078125
334.0 13.47401357421875
335.0 15.22377353515625
336.0 14.49649873046875
337.0 14.574735546875
338.0 17.51717158203125
339.0 18.69153408203125
340.0 13.62144609375
341.0 16.6405419921875
342.0 18.59051796875
343.0 14.0114482421875
344.0 14.81380390625
345.0 15.6007419921875
346.0 15.86015849609375
347.0 16.95427880859375
348.0 18.04635234375
349.0 15.2432361328125
350.0 15.22635068359375
351.0 15.7030529296875
352.0 14.851252734375
353.0 14.512559375
354.0 16.203102734375
355.0 12.7846125
356.0 13.36832109375
357.0 14.16150458984375
358.0 13.356897265625
359.0 12.3079892578125
360.0 14.21156484375
361.0 19.42945869140625
362.0 15.11802958984375
363.0 15.50895654296875
364.0 15.3570234375
365.0 16.8311763671875
366.0 20.13249638671875
367.0 16.70363037109375
368.0 20.6135236328125
369.0 22.8639802734375
370.0 18.1639703125
371.0 14.60672919921875
372.0 18.73127109375
373.0 19.67674736328125
374.0 16.3194220703125
375.0 17.2669125
376.0 15.4744748046875
377.0 12.8624994140625
378.0 15.51520791015625
379.0 19.08283466796875
380.0 15.25985849609375
381.0 18.293280078125
382.0 14.9094974609375
383.0 17.271656640625
384.0 22.01223681640625
385.0 17.04726259765625
386.0 18.53180537109375
387.0 16.514318359375
388.0 17.1006767578125
389.0 18.52551591796875
390.0 18.2278572265625
391.0 16.29212216796875
392.0 15.3056439453125
393.0 11.9809796875
394.0 17.99505498046875
395.0 17.4884044921875
396.0 16.55343095703125
397.0 14.25719443359375
398.0 14.99744189453125
399.0 14.04669150390625
400.0 15.5936892578125
401.0 14.23296318359375
402.0 11.13219619140625
403.0 9.83572333984375
404.0 12.87402421875
405.0 11.522552734375
406.0 11.32456484375
407.0 8.0956810546875
408.0 11.73768525390625
409.0 4.29425693359375
410.0 4.71051875
411.0 14.2325466796875
412.0 0.0
413.0 0.0
414.0 23.0787248046875
415.0 13.10046298828125
416.0 18.78133876953125
417.0 14.61457734375
418.0 17.52305966796875
419.0 16.19960546875
420.0 12.6417953125
421.0 18.65517841796875
422.0 16.210240234375
423.0 17.399893359375
424.0 16.06918017578125
425.0 15.845883984375
426.0 11.94674853515625
427.0 16.46874111328125
428.0 15.89194091796875
429.0 13.20824658203125
430.0 15.1151625
431.0 18.34041083984375
432.0 13.43171298828125
433.0 11.72791708984375
434.0 11.3037625
435.0 14.08780439453125
436.0 13.5580318359375
437.0 11.39192548828125
438.0 11.68230625
439.0 11.35836630859375
440.0 12.564554296875
441.0 12.39319833984375
442.0 11.07157421875
443.0 11.06332060546875
444.0 14.29050869140625
445.0 12.80936884765625
446.0 13.86647353515625
447.0 11.7462119140625
448.0 12.81708046875
449.0 11.40189072265625
450.0 14.56787880859375
451.0 14.3430828125
452.0 16.81257412109375
453.0 16.8834169921875
454.0 15.713259765625
455.0 17.850009375
456.0 18.12729580078125
457.0 16.364422265625
458.0 20.32699794921875
459.0 18.17912177734375
460.0 15.66976923828125
461.0 17.894609765625
462.0 17.36001689453125
463.0 16.5216775390625
464.0 20.66136708984375
465.0 18.2577322265625
466.0 14.1699546875
467.0 20.4181361328125
468.0 20.729041796875
469.0 20.19736083984375
470.0 21.9520212890625
471.0 18.237933984375
472.0 17.67931416015625
473.0 20.92603505859375
474.0 15.0307501953125
475.0 18.09770390625
476.0 18.4384599609375
477.0 18.50979638671875
478.0 19.39552998046875
479.0 17.05835380859375
480.0 18.44880791015625
481.0 21.55477392578125
482.0 20.09223544921875
483.0 23.4928466796875
484.0 21.00375771484375
485.0 22.06185458984375
486.0 17.9321583984375
487.0 17.273015625
488.0 16.85691572265625
489.0 16.8379849609375
490.0 17.47560556640625
491.0 19.8386140625
492.0 16.43510537109375
493.0 18.4095517578125
494.0 19.90948583984375
495.0 19.6880404296875
496.0 15.0770830078125
497.0 14.98972529296875
498.0 21.51974443359375
499.0 15.94861240234375
500.0 21.76893076171875
501.0 19.07737021484375
502.0 17.6046255859375
503.0 16.81575625
504.0 14.0728939453125
505.0 19.001374609375
506.0 16.05897421875
507.0 15.86365361328125
508.0 17.15537646484375
509.0 15.97300322265625
510.0 18.61842197265625
511.0 17.2983322265625
512.0 15.49994296875
513.0 14.71919619140625
514.0 17.24422275390625
515.0 15.848639453125
516.0 14.64177958984375
517.0 15.4715302734375
518.0 15.35997236328125
519.0 14.49275205078125
520.0 14.03024951171875
521.0 15.28528505859375
522.0 15.95490498046875
523.0 15.90633984375
524.0 18.72346513671875
525.0 18.31040390625
526.0 16.73267041015625
527.0 19.87048525390625
528.0 18.5440658203125
529.0 19.8857271484375
530.0 16.91868251953125
531.0 16.56630849609375
532.0 12.89871748046875
533.0 16.4022990234375
534.0 15.922816015625
535.0 14.45345478515625
536.0 18.80842109375
537.0 17.067510546875
538.0 16.702369140625
539.0 18.60870078125
540.0 17.74072744140625
541.0 16.00667119140625
542.0 17.0647056640625
543.0 18.83509111328125
544.0 15.16000517578125
545.0 14.9293333984375
546.0 13.5146341796875
547.0 17.14335859375
548.0 17.25928662109375
549.0 17.25823857421875
550.0 14.8620275390625
551.0 13.50739072265625
552.0 22.635769921875
553.0 14.89097099609375
554.0 11.3783814453125
555.0 20.16228935546875
556.0 16.691937109375
557.0 18.491611328125
558.0 18.072018359375
559.0 15.84016845703125
560.0 15.44718583984375
561.0 16.17756787109375
562.0 18.7485193359375
563.0 16.9110779296875
564.0 16.4206900390625
565.0 17.7113123046875
566.0 20.81336591796875
567.0 17.378348046875
568.0 17.16559248046875
569.0 15.3978966796875
570.0 16.9133044921875
571.0 18.67289306640625
572.0 22.3012158203125
573.0 11.60823447265625
574.0 16.92939794921875
575.0 16.43213232421875
576.0 17.7887826171875
577.0 14.1174841796875
578.0 16.73942353515625
579.0 14.0557638671875
580.0 18.3321126953125
581.0 15.03160400390625
582.0 16.06404873046875
583.0 14.94789013671875
584.0 12.480464453125
585.0 16.977480859375
586.0 18.27992578125
587.0 15.07894169921875
588.0 16.11870029296875
589.0 12.01801943359375
590.0 11.3233435546875
591.0 12.51421484375
592.0 14.92937421875
593.0 14.605442578125
594.0 13.34162529296875
595.0 14.1700224609375
596.0 14.73826337890625
597.0 13.8936056640625
598.0 13.8719255859375
599.0 14.68594716796875
600.0 14.062323046875
601.0 12.14529365234375
602.0 13.56900556640625
603.0 14.9550056640625
604.0 14.7775375
605.0 13.02811181640625
606.0 14.1099294921875
607.0 16.04307265625
608.0 14.74180029296875
609.0 19.3752833984375
610.0 15.19640927734375
611.0 15.31359296875
612.0 13.6616181640625
613.0 12.5184080078125
614.0 13.8245830078125
615.0 8.24826171875
616.0 11.650851171875
617.0 6.81783095703125
618.0 13.09768544921875
619.0 10.56102744140625
620.0 10.59131279296875
621.0 10.402478515625
622.0 10.18922412109375
623.0 11.6576734375
624.0 11.36429892578125
625.0 9.11435859375
626.0 9.09633779296875
627.0 11.6528470703125
628.0 12.99892255859375
629.0 12.22793447265625
630.0 11.30712705078125
631.0 13.80491513671875
632.0 15.287047265625
633.0 15.00636689453125
634.0 16.324074609375
635.0 13.38449560546875
636.0 11.23848515625
637.0 11.16490361328125
638.0 12.49737265625
639.0 15.91989736328125
640.0 13.85869306640625
641.0 10.80115771484375
642.0 10.7127712890625
643.0 14.56006748046875
644.0 15.56572568359375
645.0 14.186103125
646.0 11.837628125
647.0 12.74080341796875
648.0 11.50386123046875
649.0 11.0653998046875
650.0 12.4495763671875
651.0 16.12921943359375
652.0 14.1057314453125
653.0 16.109162890625
654.0 13.8483380859375
655.0 17.41523671875
656.0 15.8635896484375
657.0 13.2388533203125
658.0 11.0099732421875
659.0 12.1789486328125
660.0 11.20770732421875
661.0 12.723516015625
662.0 11.0823693359375
663.0 13.1843380859375
664.0 13.41834169921875
665.0 14.4948921875
666.0 15.58934638671875
667.0 16.62595458984375
668.0 15.7165775390625
669.0 14.817028515625
670.0 18.97405498046875
671.0 21.09578544921875
672.0 18.781859375
673.0 16.55687294921875
674.0 23.03097080078125
675.0 18.230615625
676.0 19.41937021484375
677.0 16.49945009765625
678.0 20.1800525390625
679.0 22.66508203125
680.0 18.3246662109375
681.0 17.7649365234375
682.0 18.9986392578125
683.0 23.53579150390625
684.0 18.807646875
685.0 13.18747841796875
686.0 17.2648326171875
687.0 23.01938447265625
688.0 17.81671884765625
689.0 15.666925
690.0 16.05671875
691.0 13.33415166015625
692.0 15.5845671875
693.0 16.47412998046875
694.0 15.794388671875
695.0 13.7691970703125
696.0 15.8738615234375
697.0 18.2656453125
698.0 15.77607900390625
699.0 17.75447373046875
700.0 17.33738017578125
701.0 16.29560654296875
702.0 11.00221396484375
703.0 19.6412486328125
704.0 15.5451830078125
705.0 16.3823861328125
706.0 20.24853212890625
707.0 17.548775390625
708.0 14.831669921875
709.0 12.98789853515625
710.0 16.9283732421875
711.0 13.952975
712.0 15.40577998046875
713.0 21.89685751953125
714.0 23.03475439453125
715.0 16.068751953125
716.0 16.6536849609375
717.0 15.07720517578125
718.0 11.19306796875
719.0 20.80164638671875
720.0 16.6333671875
721.0 18.5252880859375
722.0 17.70415234375
723.0 19.832224609375
724.0 16.1479921875
725.0 18.34499462890625
726.0 18.36508017578125
727.0 15.79996259765625
728.0 19.9013146484375
729.0 17.36753076171875
730.0 16.328484375
731.0 14.43468037109375
732.0 14.89082861328125
733.0 12.48114267578125
734.0 15.09948994140625
735.0 13.60094228515625
736.0 15.9400349609375
737.0 17.98781591796875
738.0 14.38655576171875
739.0 15.325051953125
740.0 19.48791953125
741.0 17.84863642578125
742.0 16.32135849609375
743.0 16.11877587890625
744.0 15.08319375
745.0 10.7742373046875
746.0 19.5834203125
747.0 16.46013515625
748.0 14.19961923828125
749.0 14.63472587890625
750.0 16.068112109375
751.0 14.5819455078125
752.0 15.94530546875
753.0 14.15742421875
754.0 20.1728318359375
755.0 13.347071484375
756.0 19.23168115234375
757.0 19.2522884765625
758.0 15.85232548828125
759.0 18.52850439453125
760.0 19.16150078125
761.0 17.8568111328125
762.0 15.99604375
763.0 14.318604296875
764.0 22.9312203125
765.0 18.38623203125
766.0 15.94901923828125
767.0 15.2185556640625
768.0 17.0284751953125
769.0 15.4346828125
770.0 15.71565458984375
771.0 16.67004052734375
772.0 17.56928427734375
773.0 16.34615107421875
774.0 18.23081123046875
775.0 16.3592392578125
776.0 15.99551923828125
777.0 17.8620998046875
778.0 16.0417107421875
779.0 15.7025115234375
780.0 15.6125416015625
781.0 16.79320869140625
782.0 12.31091044921875
783.0 13.44999375
784.0 16.8935048828125
785.0 17.14505390625
786.0 14.53906669921875
787.0 15.6275591796875
788.0 11.107273828125
789.0 14.7812078125
790.0 13.7552923828125
791.0 13.8217822265625
792.0 15.65373583984375
793.0 17.00884853515625
794.0 18.95646337890625
795.0 16.50150263671875
796.0 10.695657421875
797.0 18.049970703125
798.0 15.7488884765625
799.0 14.21606904296875
