0.0 9.19414091796875
1.0 9.55473017578125
2.0 14.749973046875
3.0 15.93746591796875
4.0 10.86327822265625
5.0 17.8893568359375
6.0 21.140801171875
7.0 15.14278984375
8.0 14.8003076171875
9.0 15.08342412109375
10.0 2.7986986328125
11.0 9.22988701171875
12.0 6.86364150390625
13.0 10.2411193359375
14.0 12.5607326171875
15.0 13.558765625
16.0 13.35676240234375
17.0 2.55618720703125
18.0 5.2228927734375
19.0 17.56973828125
20.0 19.74523095703125
21.0 11.58331640625
22.0 13.41088212890625
23.0 13.80380927734375
24.0 0.7227544921875
25.0 7.8456955078125
26.0 6.89099130859375
27.0 19.1752107421875
28.0 18.1741478515625
29.0 18.66918818359375
30.0 10.19987646484375
31.0 18.131538671875
32.0 18.809593359375
33.0 14.641115625
34.0 11.87793330078125
35.0 0.1876984375
36.0 0.29187783203125
37.0 0.42687216796875
38.0 7.84718984375
39.0 6.765836328125
40.0 2.62100556640625
41.0 9.85383603515625
42.0 30.7409822265625
43.0 11.24682431640625
44.0 9.2098326171875
45.0 13.1648638671875
46.0 3.48520654296875
47.0 1.041618359375
48.0 3.7131728515625
49.0 14.65887998046875
50.0 20.87607890625
51.0 26.90972177734375
52.0 26.09789560546875
53.0 23.18699833984375
54.0 23.2610451171875
55.0 11.7622173828125
56.0 6.74305322265625
57.0 1.37389892578125
58.0 5.50385927734375
59.0 5.554656640625
60.0 9.263587890625
61.0 5.0256625
62.0 5.5878771484375
63.0 22.480920703125
64.0 29.24929306640625
65.0 32.19775302734375
66.0 29.08770556640625
67.0 22.20716220703125
68.0 37.26067939453125
69.0 28.3389640625
70.0 24.98438896484375
71.0 26.091515234375
72.0 29.9868169921875
73.0 22.0513484375
74.0 23.7161435546875
75.0 6.60320927734375
76.0 0.4242044921875
77.0 2.82055693359375
78.0 2.52598291015625
79.0 12.30074423828125
80.0 17.652271875
81.0 17.973653515625
82.0 10.90819033203125
83.0 21.42756611328125
84.0 24.700968359375
85.0 21.2158853515625
86.0 31.78530947265625
87.0 9.03230576171875
88.0 9.48070234375
89.0 5.0762052734375
90.0 1.782958984375
91.0 0.2607115234375
92.0 2.15081728515625
93.0 6.67546572265625
94.0 14.1417455078125
95.0 23.720275390625
96.0 25.477190234375
97.0 15.1075333984375
98.0 22.217578125
99.0 8.863493359375
100.0 14.5202830078125
101.0 9.90160595703125
102.0 12.4815408203125
103.0 5.35376279296875
104.0 17.56318759765625
105.0 14.0777853515625
106.0 23.82451142578125
107.0 11.69518916015625
108.0 33.90666748046875
109.0 7.59271767578125
110.0 28.746515625
111.0 11.958204296875
112.0 21.45858076171875
113.0 24.20067705078125
114.0 24.01571015625
115.0 18.40188037109375
116.0 21.35184326171875
117.0 15.79899619140625
118.0 22.18367373046875
119.0 25.88076044921875
120.0 9.00805302734375
121.0 8.4734736328125
122.0 37.6411873046875
123.0 27.8826541015625
124.0 32.44603359375
125.0 10.7521646484375
126.0 22.67156162109375
127.0 11.93329658203125
128.0 24.48594833984375
129.0 15.46791279296875
130.0 17.83676005859375
131.0 17.0334767578125
132.0 24.93902763671875
133.0 16.85119833984375
134.0 14.6186818359375
135.0 10.57695283203125
136.0 3.84215439453125
137.0 3.91295625
138.0 0.3402236328125
139.0 2.30590595703125
140.0 9.49988359375
141.0 3.02664765625
142.0 19.64903046875
143.0 6.43661708984375
144.0 21.86766826171875
145.0 1.9099044921875
146.0 0.5214232421875
147.0 4.37638857421875
148.0 16.08810634765625
149.0 10.3625341796875
150.0 9.97223623046875
151.0 4.1788751953125
152.0 0.0
153.0 0.0
154.0 0.0
155.0 0.0
156.0 24.42509033203125
157.0 0.04488798828125
158.0 4.172977734375
159.0 3.34615986328125
160.0 3.82838916015625
161.0 5.74668876953125
162.0 16.30913125
163.0 0.66831630859375
164.0 1.355033984375
165.0 3.6526375
166.0 3.21971513671875
167.0 0.42704765625
168.0 0.1773681640625
169.0 0.90528603515625
170.0 5.58777431640625
171.0 1.75014423828125
172.0 2.275805078125
173.0 0.65291103515625
174.0 0.30848623046875
175.0 0.0
176.0 0.0
177.0 0.0
178.0 0.0
179.0 0.0
180.0 0.0
181.0 0.0
182.0 0.0
183.0 2.570254296875
184.0 0.6557970703125
185.0 0.17701728515625
186.0 0.18752294921875
187.0 0.14585107421875
188.0 0.13534560546875
189.0 0.125015234375
190.0 0.21080263671875
191.0 0.25756591796875
192.0 0.22901923828125
193.0 0.23879345703125
194.0 0.0
195.0 0.0
196.0 1.3772736328125
197.0 0.7509689453125
198.0 0.02083583984375
199.0 1.31195830078125
200.0 9.6744001953125
201.0 0.0
202.0 0.0
203.0 0.0
204.0 0.0
205.0 0.0
206.0 0.0
207.0 0.0
208.0 0.0
209.0 0.0
210.0 0.0
211.0 0.0
212.0 0.0
213.0 0.0
214.0 0.0
215.0 0.0
216.0 0.0
217.0 0.4590912109375
218.0 0.05182646484375
219.0 8.37290947265625
220.0 0.51414990234375
221.0 0.21457939453125
222.0 0.8029708984375
223.0 3.5010568359375
224.0 3.8305625
225.0 12.27543076171875
226.0 8.91296943359375
227.0 11.9213109375
228.0 11.85665458984375
229.0 19.18312763671875
230.0 13.45479267578125
231.0 12.312073046875
232.0 25.109811328125
233.0 27.89412529296875
234.0 31.4728419921875
235.0 21.74955126953125
236.0 10.07194267578125
237.0 15.92854052734375
238.0 13.39103955078125
239.0 25.84161259765625
240.0 17.840931640625
241.0 17.2659126953125
242.0 19.40157607421875
243.0 13.48475087890625
244.0 14.6882615234375
245.0 8.11070595703125
246.0 11.283719921875
247.0 29.7250220703125
248.0 17.9494736328125
249.0 23.5742556640625
250.0 24.353874609375
251.0 18.28844345703125
252.0 26.4675595703125
253.0 26.39706142578125
254.0 25.91110146484375
255.0 23.48775185546875
256.0 29.15820869140625
257.0 25.1507275390625
258.0 24.74528515625
259.0 30.6770232421875
260.0 26.90891318359375
261.0 27.4326234375
262.0 22.866698046875
263.0 35.1321732421875
264.0 19.7520212890625
265.0 26.83332861328125
266.0 14.56525517578125
267.0 25.36749580078125
268.0 32.6427951171875
269.0 27.49043291015625
270.0 15.56784423828125
271.0 19.68963330078125
272.0 26.91548564453125
273.0 19.36396748046875
274.0 19.8669306640625
275.0 18.98462080078125
276.0 5.0959728515625
277.0 1.992871484375
278.0 14.026825
279.0 22.30982880859375
280.0 15.24868046875
281.0 16.72343056640625
282.0 17.55533798828125
283.0 3.90158310546875
284.0 6.50296123046875
285.0 8.7949408203125
286.0 6.790601953125
287.0 7.55761416015625
288.0 1.398109375
289.0 3.277228515625
290.0 0.97390068359375
291.0 7.47680068359375
292.0 5.754421484375
293.0 9.051339453125
294.0 9.58006572265625
295.0 15.90460205078125
296.0 6.84277080078125
297.0 17.087905078125
298.0 9.430673046875
299.0 8.81526181640625
300.0 10.28622626953125
301.0 5.3357212890625
302.0 5.6509328125
303.0 0.9489974609375
304.0 3.2140216796875
305.0 5.7888544921875
306.0 9.96291806640625
307.0 12.54653466796875
308.0 5.4114470703125
309.0 15.07807001953125
310.0 12.8890763671875
311.0 14.80383310546875
312.0 17.20612646484375
313.0 28.44522041015625
314.0 25.21501669921875
315.0 16.48128603515625
316.0 22.7757552734375
317.0 19.27728603515625
318.0 23.82183271484375
319.0 20.1640677734375
320.0 11.93807275390625
321.0 15.487272265625
322.0 4.3615306640625
323.0 1.1381626953125
324.0 11.43275859375
325.0 17.536314453125
326.0 17.31750107421875
327.0 23.2173896484375
328.0 2.2371330078125
329.0 18.1909255859375
330.0 21.78239501953125
331.0 15.86046650390625
332.0 28.518546484375
333.0 28.37506875
334.0 21.13436826171875
335.0 15.41580966796875
336.0 18.58441953125
337.0 23.30289306640625
338.0 24.912459765625
339.0 26.5951029296875
340.0 24.43842529296875
341.0 33.0543798828125
342.0 22.6553677734375
343.0 23.4884166015625
344.0 20.86738671875
345.0 29.57382998046875
346.0 18.8904517578125
347.0 19.33992841796875
348.0 20.35057734375
349.0 21.12358935546875
350.0 22.9602943359375
351.0 34.59175166015625
352.0 19.89730615234375
353.0 21.17416171875
354.0 17.21439677734375
355.0 22.35304755859375
356.0 20.6242337890625
357.0 24.324126953125
358.0 9.34840107421875
359.0 23.00883310546875
360.0 19.552898046875
361.0 29.78270380859375
362.0 22.65115068359375
363.0 20.30567607421875
364.0 13.6368115234375
365.0 10.09505029296875
366.0 19.21452763671875
367.0 15.76719501953125
368.0 24.8930525390625
369.0 21.02081630859375
370.0 25.30297451171875
371.0 21.531788671875
372.0 27.2357123046875
373.0 27.81694306640625
374.0 22.63632861328125
375.0 29.62963681640625
376.0 22.86138974609375
377.0 23.29470966796875
378.0 11.13061328125
379.0 10.2798482421875
380.0 26.0512435546875
381.0 29.0036837890625
382.0 19.02911591796875
383.0 30.80595478515625
384.0 23.87132373046875
385.0 18.97411181640625
386.0 22.50934521484375
387.0 26.4741458984375
388.0 13.7581244140625
389.0 2.06731416015625
390.0 30.53470263671875
391.0 3.6702076171875
392.0 9.60358515625
393.0 5.61696630859375
394.0 1.42853505859375
395.0 0.22556240234375
396.0 0.68222509765625
397.0 1.77851416015625
398.0 10.2644095703125
399.0 3.85867548828125
400.0 1.795394921875
401.0 0.17684169921875
402.0 0.15618134765625
403.0 0.2186888671875
404.0 2.3043455078125
405.0 2.20146787109375
406.0 1.67788134765625
407.0 11.58948974609375
408.0 22.4909189453125
409.0 14.8439486328125
410.0 14.82839853515625
411.0 15.18273046875
412.0 14.179643359375
413.0 22.72550625
414.0 29.2004466796875
415.0 18.15843935546875
416.0 12.619611328125
417.0 16.8474083984375
418.0 15.54129921875
419.0 7.45815390625
420.0 8.78805869140625
421.0 18.08145673828125
422.0 16.383966796875
423.0 19.0072751953125
424.0 9.932582421875
425.0 18.23242314453125
426.0 19.258151953125
427.0 8.54400029296875
428.0 25.9567353515625
429.0 18.2777158203125
430.0 19.14193037109375
431.0 32.94754541015625
432.0 24.23406611328125
433.0 19.720165234375
434.0 19.44759697265625
435.0 26.11871943359375
436.0 22.57820244140625
437.0 8.42282919921875
438.0 22.97592763671875
439.0 16.7191328125
440.0 23.43356357421875
441.0 22.09194013671875
442.0 6.91757138671875
443.0 10.719895703125
444.0 11.8672294921875
445.0 14.52956298828125
446.0 18.86635595703125
447.0 8.1846056640625
448.0 9.31663046875
449.0 11.15834873046875
450.0 22.01139560546875
451.0 16.94915322265625
452.0 14.72197734375
453.0 7.4313921875
454.0 8.6173765625
455.0 3.01388701171875
456.0 8.7838974609375
457.0 15.12323330078125
458.0 11.4315310546875
459.0 2.996451953125
460.0 5.0173623046875
461.0 13.3797224609375
462.0 17.7878560546875
463.0 7.85124404296875
464.0 0.61636484375
465.0 1.93960283203125
466.0 0.792211328125
467.0 0.18748974609375
468.0 0.33302294921875
469.0 5.84036259765625
470.0 7.83193828125
471.0 0.36699921875
472.0 0.24265947265625
473.0 0.63558193359375
474.0 11.9348716796875
475.0 5.54103837890625
476.0 18.2110173828125
477.0 17.7714970703125
478.0 26.39630107421875
479.0 19.6043443359375
480.0 21.14136123046875
481.0 19.775598828125
482.0 16.87585556640625
483.0 17.48941875
484.0 23.56827685546875
485.0 8.0189353515625
486.0 21.93666005859375
487.0 21.15457861328125
488.0 19.45598701171875
489.0 7.29939677734375
490.0 15.2558322265625
491.0 17.29011748046875
492.0 22.122983203125
493.0 21.11822392578125
494.0 18.0642052734375
495.0 12.311396875
496.0 22.39209638671875
497.0 27.104469140625
498.0 23.65004111328125
499.0 17.1131982421875
500.0 12.89645380859375
501.0 4.02270625
502.0 3.7764873046875
503.0 4.38713037109375
504.0 17.6429583984375
505.0 15.614053515625
506.0 12.3707689453125
507.0 14.990068359375
508.0 8.709815625
509.0 13.44506611328125
510.0 15.32712734375
511.0 17.11452294921875
512.0 26.57329326171875
513.0 15.86644453125
514.0 15.65907587890625
515.0 18.76480234375
516.0 18.42888876953125
517.0 4.9447966796875
518.0 19.71193037109375
519.0 5.81261435546875
520.0 11.31260283203125
521.0 29.26175927734375
522.0 20.0157078125
523.0 22.2237685546875
524.0 24.75520810546875
525.0 11.9442923828125
526.0 16.40092470703125
527.0 15.4201369140625
528.0 13.23229287109375
529.0 20.1621869140625
530.0 6.2477505859375
531.0 18.966496484375
532.0 21.96862734375
533.0 22.5941658203125
534.0 24.26957666015625
535.0 28.398251171875
536.0 9.2851072265625
537.0 13.55609912109375
538.0 18.4266666015625
539.0 14.89043896484375
540.0 18.4590572265625
541.0 12.4821580078125
542.0 7.85270859375
543.0 16.14693798828125
544.0 6.32339130859375
545.0 13.3416744140625
546.0 16.68970068359375
547.0 13.19512392578125
548.0 3.11416025390625
549.0 10.11793623046875
550.0 6.17737568359375
551.0 10.67133154296875
552.0 20.173675
553.0 19.3195751953125
554.0 12.02105576171875
555.0 18.82934873046875
556.0 17.88138701171875
557.0 17.0384064453125
558.0 10.06448779296875
559.0 17.26711748046875
560.0 18.82644794921875
561.0 17.5837720703125
562.0 22.27590634765625
563.0 14.4239052734375
564.0 18.57278671875
565.0 0.0
566.0 0.0
567.0 24.5209466796875
568.0 5.254369921875
569.0 0.19837958984375
570.0 0.30220791015625
571.0 0.08316806640625
572.0 0.031166015625
573.0 0.01033017578125
574.0 0.0
575.0 0.0
576.0 0.0
577.0 0.0
578.0 0.0
579.0 0.0
580.0 0.0
581.0 0.0
582.0 0.0
583.0 0.0
584.0 0.0
585.0 0.0
586.0 0.0
587.0 0.0
588.0 0.0
589.0 0.0
590.0 0.45803837890625
591.0 0.948295703125
592.0 3.04876708984375
593.0 3.6412359375
594.0 1.4541009765625
595.0 0.96913154296875
596.0 0.8859634765625
597.0 0.44709921875
598.0 1.021566796875
599.0 1.1925603515625
600.0 0.4954966796875
601.0 0.93529765625
602.0 0.24219248046875
603.0 0.9353234375
604.0 0.73065810546875
605.0 0.78004033203125
606.0 0.87528232421875
607.0 7.26246640625
608.0 21.85870234375
609.0 18.73320625
610.0 25.4357263671875
611.0 25.99148505859375
612.0 27.2420263671875
613.0 26.4434095703125
614.0 25.26783017578125
615.0 23.42841982421875
616.0 26.23870439453125
617.0 24.98212890625
618.0 21.69674306640625
619.0 27.89697607421875
620.0 19.748920703125
621.0 24.73060927734375
622.0 22.0326275390625
623.0 30.477982421875
624.0 25.32490751953125
625.0 34.0558734375
626.0 28.64067001953125
627.0 19.05336875
628.0 28.03875615234375
629.0 23.26414912109375
630.0 21.28735830078125
631.0 22.28988564453125
632.0 22.3266708984375
633.0 22.94834609375
634.0 14.150613671875
635.0 13.61400869140625
636.0 25.92907412109375
637.0 26.85693837890625
638.0 27.32630224609375
639.0 21.852244140625
640.0 13.099037109375
641.0 27.4843650390625
642.0 7.81676240234375
643.0 14.9526025390625
644.0 30.9551109375
645.0 11.0596509765625
646.0 0.46505927734375
647.0 1.708191015625
648.0 14.885368359375
649.0 16.19114697265625
650.0 18.4461587890625
651.0 22.72867958984375
652.0 25.19552724609375
653.0 23.8856154296875
654.0 22.7834234375
655.0 14.9183048828125
656.0 6.1674162109375
657.0 9.9150486328125
658.0 8.57122353515625
659.0 24.72419169921875
660.0 20.23322353515625
661.0 4.03613408203125
662.0 13.13169873046875
663.0 6.4980412109375
664.0 15.4840521484375
665.0 25.1055892578125
666.0 12.84448662109375
667.0 0.052001953125
668.0 2.784484765625
669.0 10.98268623046875
670.0 26.67472294921875
671.0 12.98630966796875
672.0 8.68714873046875
673.0 15.687760546875
674.0 15.66214755859375
675.0 12.88447861328125
676.0 12.5475158203125
677.0 5.86330400390625
678.0 11.437538671875
679.0 3.0473626953125
680.0 16.8802501953125
681.0 9.4867388671875
682.0 10.96940615234375
683.0 10.4460755859375
684.0 18.74555673828125
685.0 18.07918330078125
686.0 11.4463248046875
687.0 29.36800166015625
688.0 27.397290625
689.0 18.06378017578125
690.0 14.46676298828125
691.0 16.69434169921875
692.0 27.33475625
693.0 24.7838158203125
694.0 20.5240205078125
695.0 14.1033728515625
696.0 13.40559130859375
697.0 0.50416259765625
698.0 20.58347646484375
699.0 25.9296990234375
700.0 24.00851826171875
701.0 20.54544033203125
702.0 23.17653544921875
703.0 11.96296943359375
704.0 2.8157453125
705.0 9.1391265625
706.0 14.76858828125
707.0 12.18901494140625
708.0 12.13840439453125
709.0 12.20738603515625
710.0 25.78938828125
711.0 19.64384287109375
712.0 26.22562744140625
713.0 22.91996923828125
714.0 21.60550078125
715.0 24.3149296875
716.0 10.62667265625
717.0 25.7712443359375
718.0 23.94439013671875
719.0 16.04929609375
720.0 29.2141400390625
721.0 15.33855908203125
722.0 19.0820544921875
723.0 14.434694140625
724.0 4.29151220703125
725.0 13.61312392578125
726.0 20.9303353515625
727.0 39.51582802734375
728.0 28.91389990234375
729.0 21.6889404296875
730.0 27.40344228515625
731.0 29.22411845703125
732.0 27.3483078125
733.0 24.86236484375
734.0 26.9964072265625
735.0 31.12927919921875
736.0 33.12459755859375
737.0 24.07990205078125
738.0 12.2736119140625
739.0 12.22125244140625
740.0 24.2491326171875
741.0 17.0038595703125
742.0 17.3325275390625
743.0 26.53144248046875
744.0 4.1281697265625
745.0 17.9518345703125
746.0 20.32797294921875
747.0 38.68644599609375
748.0 38.48508603515625
749.0 33.8480169921875
750.0 17.40988837890625
751.0 28.5913515625
752.0 27.0349552734375
753.0 33.2418197265625
754.0 0.82535439453125
755.0 5.37145029296875
756.0 18.73018388671875
757.0 19.3599986328125
758.0 26.7417337890625
759.0 27.65977587890625
760.0 19.1021576171875
761.0 21.87198505859375
762.0 14.81556982421875
763.0 31.48946708984375
764.0 23.902601953125
765.0 27.949795703125
766.0 31.02269296875
767.0 30.63004873046875
768.0 29.25902197265625
769.0 24.68348232421875
770.0 32.74277783203125
771.0 29.30102080078125
772.0 16.72245205078125
773.0 19.31072216796875
774.0 19.4918693359375
775.0 19.9964830078125
776.0 13.6639345703125
777.0 19.14825166015625
778.0 21.98242802734375
779.0 15.9567642578125
780.0 30.05507314453125
781.0 30.46104541015625
782.0 26.58678955078125
783.0 28.86612158203125
784.0 25.04603828125
785.0 23.3078228515625
786.0 24.3600177734375
787.0 21.61257705078125
788.0 18.8085603515625
789.0 31.66563759765625
790.0 32.97644794921875
791.0 23.40533388671875
792.0 26.19398291015625
793.0 24.323090625
794.0 20.457834375
795.0 31.05052275390625
796.0 23.5043900390625
797.0 25.91525615234375
798.0 28.65853662109375
799.0 20.9398337890625
