0.0 43.99906181640625
1.0 26.38535400390625
2.0 49.38593271484375
3.0 35.76489814453125
4.0 46.86277841796875
5.0 34.4468224609375
6.0 39.9399220703125
7.0 32.19764501953125
8.0 48.28123251953125
9.0 47.65212509765625
10.0 36.45174267578125
11.0 40.7239412109375
12.0 31.88321494140625
13.0 47.6769638671875
14.0 47.81152109375
15.0 29.2368470703125
16.0 25.2554189453125
17.0 33.90983876953125
18.0 39.43967001953125
19.0 19.83138486328125
20.0 44.7899619140625
21.0 38.06070732421875
22.0 58.3917876953125
23.0 45.35561650390625
24.0 50.03588095703125
25.0 38.34528828125
26.0 51.86375283203125
27.0 37.9320796875
28.0 46.87436298828125
29.0 46.8764802734375
30.0 38.4170552734375
31.0 19.77520361328125
32.0 44.121822265625
33.0 24.46886181640625
34.0 5.30555595703125
35.0 16.51462548828125
36.0 17.66631953125
37.0 36.57778525390625
38.0 34.5185533203125
39.0 28.01585927734375
40.0 19.28554697265625
41.0 21.91044375
42.0 20.1758818359375
43.0 8.81852197265625
44.0 9.78002353515625
45.0 6.09318984375
46.0 2.1287689453125
47.0 5.1200080078125
48.0 2.16806103515625
49.0 3.24630234375
50.0 1.40182412109375
51.0 8.67382041015625
52.0 17.1933462890625
53.0 5.09314521484375
54.0 16.16720390625
55.0 22.41866904296875
56.0 14.0217609375
57.0 14.9755642578125
58.0 7.0309529296875
59.0 13.91310263671875
60.0 25.7468970703125
61.0 33.89563359375
62.0 59.58832041015625
63.0 37.46407158203125
64.0 24.2764798828125
65.0 11.50719541015625
66.0 1.5710357421875
67.0 13.9365109375
68.0 26.6819078125
69.0 29.14592451171875
70.0 2.92414228515625
71.0 16.83605126953125
72.0 5.9960626953125
73.0 28.15052666015625
74.0 39.51017021484375
75.0 43.44198515625
76.0 47.8935814453125
77.0 46.07381513671875
78.0 42.27351328125
79.0 42.6323330078125
80.0 47.2785427734375
81.0 42.83525205078125
82.0 40.9680751953125
83.0 51.3161771484375
84.0 32.89131513671875
85.0 43.63791708984375
86.0 41.07349267578125
87.0 32.63266416015625
88.0 65.40454453125
89.0 35.1388787109375
90.0 34.186397265625
91.0 61.74533974609375
92.0 48.03054990234375
93.0 37.70510478515625
94.0 43.8901404296875
95.0 43.42428212890625
96.0 47.56824365234375
97.0 49.902329296875
98.0 30.65766396484375
99.0 28.7913494140625
100.0 73.36480908203124
101.0 41.5856666015625
102.0 38.8896884765625
103.0 57.55564384765625
104.0 27.72013623046875
105.0 28.8152677734375
106.0 39.07540751953125
107.0 34.9880705078125
108.0 61.74739091796875
109.0 37.1002625
110.0 36.6348890625
111.0 39.2127330078125
112.0 22.17352001953125
113.0 32.014879296875
114.0 32.23006923828125
115.0 20.8036462890625
116.0 47.298482421875
117.0 30.80124296875
118.0 28.155285546875
119.0 17.4000625
120.0 21.1584
121.0 33.58807333984375
122.0 33.79269970703125
123.0 33.552726953125
124.0 22.124773828125
125.0 18.42078505859375
126.0 32.23862509765625
127.0 25.0979833984375
128.0 40.538140625
129.0 21.5990388671875
130.0 26.73706630859375
131.0 36.41991513671875
132.0 36.12966162109375
133.0 34.26596279296875
134.0 28.11868291015625
135.0 17.3949919921875
136.0 47.32221591796875
137.0 50.2984845703125
138.0 43.2820818359375
139.0 41.36260703125
140.0 25.46939072265625
141.0 37.6643544921875
142.0 39.161134375
143.0 43.1701921875
144.0 28.9469294921875
145.0 15.3741224609375
146.0 38.528904296875
147.0 28.42749501953125
148.0 48.7313453125
149.0 46.46524189453125
150.0 38.36826875
151.0 18.9894349609375
152.0 32.420021875
153.0 44.58808759765625
154.0 39.14967841796875
155.0 19.66537802734375
156.0 46.9946083984375
157.0 27.61325234375
158.0 48.66227724609375
159.0 19.929303125
160.0 22.67154599609375
161.0 38.95641162109375
162.0 22.58690029296875
163.0 42.72952998046875
164.0 27.132111328125
165.0 9.4594115234375
166.0 0.67672734375
167.0 20.75760546875
168.0 5.829236328125
169.0 33.64820458984375
170.0 31.77818671875
171.0 15.5328400390625
172.0 33.610518359375
173.0 24.773583203125
174.0 22.06828857421875
175.0 17.1952384765625
176.0 1.22984853515625
177.0 36.2065380859375
178.0 43.4615787109375
179.0 39.5695380859375
180.0 32.23434453125
181.0 25.2403525390625
182.0 40.74880068359375
183.0 42.32267626953125
184.0 36.45685263671875
185.0 35.4456587890625
186.0 40.717358203125
187.0 29.020399609375
188.0 27.25389892578125
189.0 43.05560390625
190.0 19.265165625
191.0 32.48825263671875
192.0 42.41447529296875
193.0 42.5217234375
194.0 42.91098193359375
195.0 39.51477587890625
196.0 37.1921751953125
197.0 23.83679736328125
198.0 35.662308203125
199.0 49.01270634765625
200.0 33.31371904296875
201.0 43.6111912109375
202.0 46.90694072265625
203.0 41.6103734375
204.0 52.20448447265625
205.0 39.08638544921875
206.0 44.10851826171875
207.0 38.85986396484375
208.0 40.348849609375
209.0 23.30930400390625
210.0 24.32803359375
211.0 49.56040048828125
212.0 43.23358681640625
213.0 46.2281263671875
214.0 42.32757490234375
215.0 42.119170703125
216.0 46.910501953125
217.0 38.21479892578125
218.0 30.69031552734375
219.0 26.914308203125
220.0 49.1328546875
221.0 36.76446689453125
222.0 46.681696875
223.0 48.9602521484375
224.0 41.24546162109375
225.0 38.99926181640625
226.0 32.345676953125
227.0 46.64310888671875
228.0 36.23425087890625
229.0 45.24716591796875
230.0 43.41756416015625
231.0 46.16265517578125
232.0 45.57624345703125
233.0 37.78922412109375
234.0 37.6143859375
235.0 54.64294814453125
236.0 42.5732373046875
237.0 39.7133771484375
238.0 28.23260927734375
239.0 22.78800859375
240.0 17.957902734375
241.0 19.9475912109375
242.0 25.83803173828125
243.0 40.8770029296875
244.0 38.64261591796875
245.0 34.74214140625
246.0 44.15282353515625
247.0 39.48783115234375
248.0 42.95987548828125
249.0 42.34890048828125
250.0 28.553089453125
251.0 32.30508642578125
252.0 19.22877490234375
253.0 27.8990248046875
254.0 41.46777275390625
255.0 44.21825322265625
256.0 36.42096123046875
257.0 48.60090166015625
258.0 25.9500275390625
259.0 37.4087865234375
260.0 24.9395060546875
261.0 14.96881630859375
262.0 36.3477958984375
263.0 18.76950341796875
264.0 28.78632177734375
265.0 26.30689365234375
266.0 27.59514521484375
267.0 23.33096630859375
268.0 31.9145736328125
269.0 36.282283984375
270.0 20.3458578125
271.0 17.67057939453125
272.0 46.646920703125
273.0 33.2190267578125
274.0 28.52395107421875
275.0 30.04099814453125
276.0 28.59742607421875
277.0 29.96551533203125
278.0 24.8689244140625
279.0 32.769509375
280.0 44.18359853515625
281.0 25.3835568359375
282.0 31.90135810546875
283.0 30.2313095703125
284.0 32.4875123046875
285.0 27.092446875
286.0 29.4324349609375
287.0 26.22657587890625
288.0 33.17184619140625
289.0 32.54975517578125
290.0 24.86939755859375
291.0 21.265810546875
292.0 22.08229580078125
293.0 39.73507841796875
294.0 26.38557060546875
295.0 25.87655625
296.0 32.10368671875
297.0 27.7465810546875
298.0 30.7442171875
299.0 37.32773193359375
300.0 46.53880166015625
301.0 21.118654296875
302.0 35.22028134765625
303.0 45.2052123046875
304.0 27.0979765625
305.0 30.92691689453125
306.0 39.3020337890625
307.0 51.44334033203125
308.0 43.99799697265625
309.0 39.58174267578125
310.0 37.8773259765625
311.0 33.47195859375
312.0 30.8366662109375
313.0 37.63368408203125
314.0 30.2665544921875
315.0 38.46745283203125
316.0 39.26898603515625
317.0 33.38237353515625
318.0 46.07534814453125
319.0 44.58009296875
320.0 39.927447265625
321.0 30.046621875
322.0 21.4372166015625
323.0 44.35564697265625
324.0 32.6042951171875
325.0 29.4021705078125
326.0 31.42055390625
327.0 24.39055849609375
328.0 60.65393212890625
329.0 33.21902099609375
330.0 31.83869404296875
331.0 46.39639462890625
332.0 15.447561328125
333.0 8.89218125
334.0 4.78946689453125
335.0 41.8469125
336.0 39.41412099609375
337.0 38.109294921875
338.0 37.21081123046875
339.0 36.952165234375
340.0 33.74871728515625
341.0 20.55668525390625
342.0 43.6604560546875
343.0 12.284966015625
344.0 23.92607216796875
345.0 33.19582119140625
346.0 40.4282685546875
347.0 37.692990234375
348.0 43.143635546875
349.0 34.8926015625
350.0 26.89969833984375
351.0 37.4526259765625
352.0 32.47132255859375
353.0 32.89356572265625
354.0 24.4715787109375
355.0 18.5241029296875
356.0 29.39352421875
357.0 25.12436669921875
358.0 30.8062943359375
359.0 42.28515537109375
360.0 12.2426828125
361.0 1.83074609375
362.0 5.55059052734375
363.0 10.5247390625
364.0 1.496859765625
365.0 13.8240662109375
366.0 22.4622982421875
367.0 46.66719345703125
368.0 35.7978853515625
369.0 20.79526689453125
370.0 19.899395703125
371.0 29.58129033203125
372.0 29.59532734375
373.0 27.76568828125
374.0 39.994512109375
375.0 25.0455517578125
376.0 18.608256640625
377.0 12.542278125
378.0 15.3122177734375
379.0 19.023549609375
380.0 23.89745576171875
381.0 28.71375009765625
382.0 33.18401279296875
383.0 32.423069140625
384.0 16.3753650390625
385.0 30.45503505859375
386.0 18.19211787109375
387.0 21.37762685546875
388.0 23.94980595703125
389.0 22.07311669921875
390.0 25.98264404296875
391.0 19.01091513671875
392.0 21.33174091796875
393.0 15.40697470703125
394.0 3.8709400390625
395.0 20.784114453125
396.0 23.737095703125
397.0 27.0667173828125
398.0 24.877568359375
399.0 26.17185380859375
400.0 23.58989560546875
401.0 21.8777234375
402.0 18.40786279296875
403.0 32.3293130859375
404.0 20.01254599609375
405.0 16.9754814453125
406.0 16.7467974609375
407.0 3.15456728515625
408.0 0.38537587890625
409.0 0.59443662109375
410.0 0.4380798828125
411.0 0.37557216796875
412.0 0.85470341796875
413.0 0.552332421875
414.0 3.52228046875
415.0 12.72046689453125
416.0 12.5490810546875
417.0 13.3265017578125
418.0 11.549473046875
419.0 12.3841798828125
420.0 13.20002451171875
421.0 15.89011220703125
422.0 18.18710205078125
423.0 9.9307296875
424.0 8.030354296875
425.0 17.32516962890625
426.0 21.98762119140625
427.0 18.01348154296875
428.0 23.62604697265625
429.0 19.71442841796875
430.0 29.96191904296875
431.0 28.59903525390625
432.0 24.004910546875
433.0 32.62169228515625
434.0 33.2036693359375
435.0 27.902401171875
436.0 27.6779294921875
437.0 22.64846123046875
438.0 36.04166455078125
439.0 27.38065869140625
440.0 28.01796669921875
441.0 23.5993375
442.0 13.5155873046875
443.0 19.2356419921875
444.0 26.92644775390625
445.0 33.64965517578125
446.0 30.996976953125
447.0 26.0797625
448.0 35.40654208984375
449.0 23.4902208984375
450.0 22.889748046875
451.0 34.71855048828125
452.0 20.6746408203125
453.0 22.3274837890625
454.0 35.72321953125
455.0 34.726759375
456.0 28.41895634765625
457.0 50.93989130859375
458.0 36.02990341796875
459.0 26.6185955078125
460.0 42.40447421875
461.0 44.82720537109375
462.0 33.0140609375
463.0 32.59637548828125
464.0 33.4105451171875
465.0 52.897006640625
466.0 46.6284484375
467.0 50.3341044921875
468.0 43.41041923828125
469.0 35.1397298828125
470.0 46.5018466796875
471.0 46.62365888671875
472.0 42.75089873046875
473.0 46.85928583984375
474.0 30.04112666015625
475.0 46.3921833984375
476.0 34.20572685546875
477.0 53.20065908203125
478.0 50.19418662109375
479.0 45.5154958984375
480.0 27.889651171875
481.0 44.162522265625
482.0 47.46408837890625
483.0 38.274988671875
484.0 45.2330478515625
485.0 34.8916689453125
486.0 44.7988201171875
487.0 41.0788947265625
488.0 38.04706669921875
489.0 33.54805908203125
490.0 42.62187021484375
491.0 45.6409587890625
492.0 48.00484765625
493.0 35.90293515625
494.0 36.878396484375
495.0 18.73521357421875
496.0 47.57723232421875
497.0 52.2840259765625
498.0 30.202737109375
499.0 53.18502353515625
500.0 38.87664091796875
501.0 23.3169443359375
502.0 54.2333955078125
503.0 33.56654580078125
504.0 33.72632685546875
505.0 23.83566923828125
506.0 21.48374267578125
507.0 47.67871220703125
508.0 26.16856484375
509.0 46.45446435546875
510.0 29.97347373046875
511.0 59.59104453125
512.0 41.316615625
513.0 39.0074544921875
514.0 31.39284970703125
515.0 25.94602138671875
516.0 24.93601015625
517.0 23.37357451171875
518.0 12.52991591796875
519.0 28.5659794921875
520.0 25.1984703125
521.0 30.25516708984375
522.0 15.22396591796875
523.0 34.281495703125
524.0 53.59606064453125
525.0 46.1736494140625
526.0 23.3732017578125
527.0 31.8488666015625
528.0 16.025521484375
529.0 41.49045068359375
530.0 36.0267078125
531.0 57.49392216796875
532.0 33.06548916015625
533.0 39.81364697265625
534.0 50.0904787109375
535.0 48.679071875
536.0 29.83277939453125
537.0 11.49478603515625
538.0 39.9059025390625
539.0 29.45948564453125
540.0 52.670681640625
541.0 30.705471484375
542.0 46.51076494140625
543.0 35.75202734375
544.0 40.047581640625
545.0 38.34628740234375
546.0 39.45494990234375
547.0 42.99834521484375
548.0 28.25495498046875
549.0 40.92058017578125
550.0 54.5147208984375
551.0 38.67079453125
552.0 31.72661767578125
553.0 52.3974607421875
554.0 48.82395791015625
555.0 35.179622265625
556.0 26.28943037109375
557.0 27.906834375
558.0 24.38716669921875
559.0 29.77665146484375
560.0 41.1042203125
561.0 38.92888369140625
562.0 36.14571591796875
563.0 40.5655921875
564.0 34.161583203125
565.0 28.037505078125
566.0 37.690535546875
567.0 13.0672435546875
568.0 13.8757447265625
569.0 22.31591552734375
570.0 29.0082396484375
571.0 23.59443955078125
572.0 14.6252263671875
573.0 12.4760447265625
574.0 4.5168787109375
575.0 4.3303705078125
576.0 0.958726953125
577.0 0.7401462890625
578.0 0.48885341796875
579.0 0.5462544921875
580.0 2.79011787109375
581.0 16.0742482421875
582.0 3.51926015625
583.0 8.94669169921875
584.0 11.85981689453125
585.0 14.9585025390625
586.0 3.6449291015625
587.0 24.539333984375
588.0 7.38815615234375
589.0 2.78946533203125
590.0 11.48266591796875
591.0 5.6485001953125
592.0 3.6688689453125
593.0 11.396645703125
594.0 20.71672373046875
595.0 22.54524521484375
596.0 21.99526171875
597.0 18.93996201171875
598.0 23.28529375
599.0 14.28135498046875
600.0 3.4421078125
601.0 17.13901474609375
602.0 15.744288671875
603.0 27.9229697265625
604.0 22.1771275390625
605.0 35.79661513671875
606.0 28.41411689453125
607.0 22.38131953125
608.0 31.052553515625
609.0 55.91577841796875
610.0 6.9571060546875
611.0 31.1076671875
612.0 24.8394396484375
613.0 31.24246064453125
614.0 17.31369423828125
615.0 12.34097763671875
616.0 23.027930078125
617.0 35.075725
618.0 29.3768943359375
619.0 27.33523408203125
620.0 29.826803125
621.0 36.1604904296875
622.0 33.4195560546875
623.0 44.51500947265625
624.0 41.866
625.0 48.46321953125
626.0 35.89017080078125
627.0 30.57163271484375
628.0 24.08659833984375
629.0 34.07082607421875
630.0 18.0608775390625
631.0 36.98941650390625
632.0 26.86865048828125
633.0 37.46376572265625
634.0 22.02509970703125
635.0 26.2744275390625
636.0 27.6510298828125
637.0 29.47255263671875
638.0 21.97677822265625
639.0 32.4449310546875
640.0 50.36336953125
641.0 27.24116689453125
642.0 28.811231640625
643.0 23.86785244140625
644.0 44.2693298828125
645.0 53.0507505859375
646.0 30.59186123046875
647.0 52.811580859375
648.0 47.7569232421875
649.0 52.404146484375
650.0 21.93387607421875
651.0 31.219162109375
652.0 23.7619892578125
653.0 7.71908984375
654.0 3.60916904296875
655.0 7.93531181640625
656.0 6.5093306640625
657.0 6.6760927734375
658.0 4.90257265625
659.0 4.45556630859375
660.0 7.19937099609375
661.0 27.2967095703125
662.0 30.8052212890625
663.0 30.2149189453125
664.0 31.6390185546875
665.0 43.4640580078125
666.0 42.94738720703125
667.0 52.8325103515625
668.0 37.3035669921875
669.0 59.94106962890625
670.0 35.5260078125
671.0 43.9801486328125
672.0 42.15176796875
673.0 30.73998359375
674.0 40.48925791015625
675.0 46.0769888671875
676.0 49.96277685546875
677.0 54.1232328125
678.0 46.5617408203125
679.0 43.918166015625
680.0 35.464748046875
681.0 62.1491740234375
682.0 42.4667130859375
683.0 26.0174654296875
684.0 34.67334375
685.0 48.8169025390625
686.0 46.96225
687.0 52.420246875
688.0 34.61157919921875
689.0 54.83791328125
690.0 28.09815986328125
691.0 60.38654267578125
692.0 42.42214013671875
693.0 23.766328515625
694.0 43.17457509765625
695.0 42.4476513671875
696.0 46.21148017578125
697.0 43.7565134765625
698.0 35.7192361328125
699.0 47.13520546875
700.0 43.761042578125
701.0 28.3322826171875
702.0 46.01366669921875
703.0 39.43228681640625
704.0 33.76766884765625
705.0 25.359502734375
706.0 24.1772478515625
707.0 25.3695396484375
708.0 22.11765849609375
709.0 26.7610427734375
710.0 23.85942197265625
711.0 7.46263349609375
712.0 10.87858212890625
713.0 20.3096951171875
714.0 17.88149580078125
715.0 3.9737025390625
716.0 2.75372177734375
717.0 1.15639287109375
718.0 2.0943607421875
719.0 3.21244501953125
720.0 3.52294990234375
721.0 5.58314140625
722.0 16.694538671875
723.0 21.2865177734375
724.0 7.49304072265625
725.0 1.34578076171875
726.0 16.5209427734375
727.0 32.81896669921875
728.0 40.69670966796875
729.0 33.40828583984375
730.0 27.6476443359375
731.0 45.0251861328125
732.0 37.2192763671875
733.0 49.3050658203125
734.0 35.4099458984375
735.0 22.14981982421875
736.0 28.27733369140625
737.0 33.00331845703125
738.0 47.00203974609375
739.0 27.1906615234375
740.0 18.95029677734375
741.0 32.56389609375
742.0 38.5405880859375
743.0 41.71091318359375
744.0 24.9293375
745.0 30.86854267578125
746.0 26.87689423828125
747.0 31.75310224609375
748.0 39.62168193359375
749.0 35.900575390625
750.0 29.0854876953125
751.0 47.62819267578125
752.0 35.9896927734375
753.0 48.0099474609375
754.0 23.03328857421875
755.0 42.12967802734375
756.0 48.700483203125
757.0 32.66876015625
758.0 17.66974130859375
759.0 28.92659765625
760.0 38.79913251953125
761.0 39.47717939453125
762.0 25.974764453125
763.0 37.2069548828125
764.0 37.50363876953125
765.0 33.73391513671875
766.0 36.0122306640625
767.0 38.9625162109375
768.0 27.71862275390625
769.0 35.26020458984375
770.0 30.486581640625
771.0 25.99846064453125
772.0 51.36099189453125
773.0 19.6983767578125
774.0 16.59888525390625
775.0 29.8110275390625
776.0 26.8205193359375
777.0 43.41389794921875
778.0 25.12457138671875
779.0 28.35349287109375
780.0 31.55168193359375
781.0 43.4909103515625
782.0 36.7160953125
783.0 42.9514103515625
784.0 29.0712265625
785.0 30.44932724609375
786.0 13.09478115234375
787.0 31.4757265625
788.0 26.10502490234375
789.0 31.78551787109375
790.0 26.48577099609375
791.0 44.2732955078125
792.0 26.592158203125
793.0 36.235215625
794.0 39.2001060546875
795.0 25.0937625
796.0 29.5339767578125
797.0 47.45975517578125
798.0 30.1033669921875
799.0 44.386808203125
