0.0 21.5182296875
1.0 11.992685546875
2.0 14.597068359375
3.0 20.97645234375
4.0 16.79689248046875
5.0 21.4977640625
6.0 22.48031875
7.0 19.16517822265625
8.0 18.98088515625
9.0 22.52857314453125
10.0 21.340246484375
11.0 16.868121875
12.0 18.22419873046875
13.0 19.74242421875
14.0 22.081692578125
15.0 17.8307177734375
16.0 20.816108203125
17.0 20.78651787109375
18.0 16.62332880859375
19.0 19.26549619140625
20.0 20.10279970703125
21.0 17.83006728515625
22.0 17.34374111328125
23.0 16.92076953125
24.0 21.32191171875
25.0 20.5629228515625
26.0 18.75786953125
27.0 17.8902943359375
28.0 19.68419716796875
29.0 18.84555966796875
30.0 21.7368501953125
31.0 22.12437431640625
32.0 20.59685166015625
33.0 22.4746228515625
34.0 17.62597412109375
35.0 22.792524609375
36.0 20.03362197265625
37.0 17.834461328125
38.0 24.85602568359375
39.0 22.91628779296875
40.0 25.85059375
41.0 21.1867240234375
42.0 21.526305078125
43.0 17.45094091796875
44.0 14.62981142578125
45.0 16.94449033203125
46.0 15.0126419921875
47.0 16.01581416015625
48.0 17.66794638671875
49.0 16.71495859375
50.0 19.918482421875
51.0 18.9888037109375
52.0 20.66286044921875
53.0 20.8191443359375
54.0 25.32265703125
55.0 17.509625390625
56.0 27.03407294921875
57.0 19.908062890625
58.0 14.7123158203125
59.0 23.56922265625
60.0 22.2995107421875
61.0 21.69968125
62.0 21.67426669921875
63.0 23.6617203125
64.0 18.91203154296875
65.0 20.695221875
66.0 21.0385591796875
67.0 23.473224609375
68.0 21.7699646484375
69.0 18.7611373046875
70.0 22.32954208984375
71.0 19.959162109375
72.0 20.30134384765625
73.0 13.334729296875
74.0 24.17882724609375
75.0 20.64046904296875
76.0 17.25837451171875
77.0 16.0589177734375
78.0 12.12037138671875
79.0 12.7846544921875
80.0 12.876369140625
81.0 13.9494138671875
82.0 11.163251171875
83.0 14.21290185546875
84.0 14.505248046875
85.0 12.587701171875
86.0 15.42472626953125
87.0 25.38763984375
88.0 21.7165322265625
89.0 15.92248583984375
90.0 17.05747431640625
91.0 20.98004150390625
92.0 23.744205859375
93.0 22.31252431640625
94.0 22.80163505859375
95.0 16.89090703125
96.0 19.731307421875
97.0 21.2518921875
98.0 22.33638759765625
99.0 15.4647703125
100.0 15.1717037109375
101.0 18.591316796875
102.0 19.2458568359375
103.0 15.696871484375
104.0 13.4452716796875
105.0 14.491682421875
106.0 18.6707548828125
107.0 22.3780568359375
108.0 17.19365947265625
109.0 17.97928681640625
110.0 19.0667234375
111.0 8.21258095703125
112.0 29.522426953125
113.0 21.724399609375
114.0 22.04445126953125
115.0 20.455481640625
116.0 22.53437626953125
117.0 18.36843359375
118.0 22.87053740234375
119.0 23.41408837890625
120.0 17.55437978515625
121.0 27.1052771484375
122.0 23.73666845703125
123.0 22.4656642578125
124.0 18.85117724609375
125.0 18.70864658203125
126.0 18.56023857421875
127.0 20.47351103515625
128.0 21.843225
129.0 18.517548828125
130.0 14.03526845703125
131.0 18.74617265625
132.0 20.36278525390625
133.0 19.0619423828125
134.0 20.9001060546875
135.0 18.58515595703125
136.0 21.36683740234375
137.0 20.86365458984375
138.0 22.8680662109375
139.0 18.784406640625
140.0 21.63534375
141.0 19.91494296875
142.0 17.61404794921875
143.0 20.0542787109375
144.0 19.63030576171875
145.0 0.02532958984375
146.0 35.8388576171875
147.0 17.73421982421875
148.0 18.4922458984375
149.0 18.14696435546875
150.0 19.09537646484375
151.0 15.08392626953125
152.0 18.75983583984375
153.0 12.85324765625
154.0 11.69730380859375
155.0 15.64024521484375
156.0 22.24468623046875
157.0 19.73417060546875
158.0 18.3478755859375
159.0 13.01413388671875
160.0 19.06725078125
161.0 19.99072822265625
162.0 23.60352255859375
163.0 20.25359208984375
164.0 17.9094193359375
165.0 17.15901552734375
166.0 18.02630771484375
167.0 22.49245341796875
168.0 18.73744140625
169.0 21.4978037109375
170.0 21.23004609375
171.0 18.99128701171875
172.0 21.99694833984375
173.0 19.92989228515625
174.0 13.0890052734375
175.0 24.27484443359375
176.0 19.2970375
177.0 22.6903099609375
178.0 19.211087890625
179.0 22.1737494140625
180.0 16.64902880859375
181.0 14.59850625
182.0 14.912295703125
183.0 18.3528474609375
184.0 17.2013138671875
185.0 16.885451953125
186.0 15.4652251953125
187.0 15.279584375
188.0 21.5956939453125
189.0 16.03846064453125
190.0 18.34216650390625
191.0 18.36960244140625
192.0 13.5056234375
193.0 12.954195703125
194.0 11.5321982421875
195.0 12.747038671875
196.0 12.8433705078125
197.0 12.38740380859375
198.0 8.70847275390625
199.0 12.10475927734375
200.0 12.68348486328125
201.0 11.63876025390625
202.0 13.34683955078125
203.0 12.50256005859375
204.0 12.8310576171875
205.0 11.71305087890625
206.0 12.66580009765625
207.0 12.9058203125
208.0 12.1934271484375
209.0 11.40939228515625
210.0 12.61270654296875
211.0 13.40549345703125
212.0 14.3508431640625
213.0 17.05495224609375
214.0 15.0024029296875
215.0 16.36795166015625
216.0 19.11947021484375
217.0 21.3565787109375
218.0 24.0558515625
219.0 18.99615625
220.0 22.23715595703125
221.0 17.7182501953125
222.0 21.74745126953125
223.0 22.979176171875
224.0 16.28748642578125
225.0 18.18595595703125
226.0 16.61422373046875
227.0 17.3706109375
228.0 15.81472841796875
229.0 18.93468798828125
230.0 16.8002291015625
231.0 18.46224609375
232.0 15.03441708984375
233.0 17.13832353515625
234.0 18.58622607421875
235.0 16.35290830078125
236.0 17.0396787109375
237.0 18.89798056640625
238.0 14.62385322265625
239.0 14.46140986328125
240.0 16.2563794921875
241.0 18.7049267578125
242.0 16.93156025390625
243.0 15.88952412109375
244.0 17.0280158203125
245.0 16.52369775390625
246.0 17.2395953125
247.0 22.8251623046875
248.0 16.83872646484375
249.0 19.73361396484375
250.0 19.7786330078125
251.0 18.9989365234375
252.0 18.63100615234375
253.0 20.52805556640625
254.0 21.1352529296875
255.0 13.89192158203125
256.0 18.54737158203125
257.0 18.342018359375
258.0 21.7497505859375
259.0 17.14775166015625
260.0 13.2449087890625
261.0 19.2360470703125
262.0 20.392052734375
263.0 15.87254443359375
264.0 15.3289826171875
265.0 15.25981953125
266.0 16.32076943359375
267.0 19.12799111328125
268.0 16.377261328125
269.0 21.42527001953125
270.0 19.85178388671875
271.0 19.5243591796875
272.0 20.97658974609375
273.0 22.59150244140625
274.0 20.01247080078125
275.0 19.48011513671875
276.0 15.71502666015625
277.0 21.48815712890625
278.0 17.255157421875
279.0 15.97404912109375
280.0 17.299551171875
281.0 20.794512890625
282.0 18.24089990234375
283.0 22.39508876953125
284.0 19.726929296875
285.0 21.36674521484375
286.0 18.4581427734375
287.0 18.41441669921875
288.0 18.97060888671875
289.0 22.64332841796875
290.0 20.7711724609375
291.0 20.1512251953125
292.0 13.76495595703125
293.0 19.40008837890625
294.0 16.8734138671875
295.0 16.03060712890625
296.0 20.6980603515625
297.0 19.50716630859375
298.0 16.6001849609375
299.0 20.35414140625
300.0 19.6206123046875
301.0 19.99090185546875
302.0 20.024145703125
303.0 21.064580078125
304.0 15.28110595703125
305.0 16.232012109375
306.0 18.9781375
307.0 14.36002158203125
308.0 16.4974294921875
309.0 17.612016015625
310.0 12.829383984375
311.0 14.61202158203125
312.0 15.719441015625
313.0 13.32247822265625
314.0 15.99408154296875
315.0 14.088361328125
316.0 16.5695029296875
317.0 17.01647734375
318.0 17.87677607421875
319.0 21.6064796875
320.0 19.9372564453125
321.0 19.3362248046875
322.0 18.11311904296875
323.0 17.2712623046875
324.0 17.21289833984375
325.0 13.7297021484375
326.0 16.66361201171875
327.0 18.1108095703125
328.0 17.38106640625
329.0 20.12156982421875
330.0 15.86102919921875
331.0 19.07199951171875
332.0 19.73541884765625
333.0 17.63255712890625
334.0 20.47101552734375
335.0 20.2280888671875
336.0 18.7393763671875
337.0 19.5023955078125
338.0 20.759344921875
339.0 18.49701279296875
340.0 21.5796728515625
341.0 21.47598779296875
342.0 19.160099609375
343.0 24.398308984375
344.0 22.82298486328125
345.0 19.1070240234375
346.0 22.39988251953125
347.0 21.080290234375
348.0 19.49387255859375
349.0 22.38733759765625
350.0 19.79899990234375
351.0 23.86583466796875
352.0 19.26457255859375
353.0 20.6124333984375
354.0 19.3387291015625
355.0 18.99171865234375
356.0 21.200413671875
357.0 18.88229521484375
358.0 19.670372265625
359.0 20.30530185546875
360.0 23.79629736328125
361.0 22.03041103515625
362.0 18.8803837890625
363.0 23.4199037109375
364.0 22.38394765625
365.0 18.00125693359375
366.0 18.307386328125
367.0 20.17269921875
368.0 17.39333232421875
369.0 19.2002154296875
370.0 19.948120703125
371.0 23.820248046875
372.0 24.02738740234375
373.0 21.6146201171875
374.0 21.1605443359375
375.0 18.975109765625
376.0 21.71007021484375
377.0 21.45998193359375
378.0 22.79676259765625
379.0 21.96438916015625
380.0 23.525701171875
381.0 21.906687109375
382.0 23.60019287109375
383.0 23.305107421875
384.0 19.69806533203125
385.0 25.81057646484375
386.0 16.34714853515625
387.0 24.27687490234375
388.0 19.20939794921875
389.0 17.58428427734375
390.0 13.92658359375
391.0 14.7065357421875
392.0 17.15475947265625
393.0 18.362437890625
394.0 19.42606689453125
395.0 22.82214384765625
396.0 16.1143541015625
397.0 19.079931640625
398.0 10.66430498046875
399.0 22.91203017578125
400.0 16.6670115234375
401.0 17.005391015625
402.0 15.988697265625
403.0 18.234780078125
404.0 17.38993974609375
405.0 20.61945244140625
406.0 22.09436181640625
407.0 19.89702392578125
408.0 16.0539337890625
409.0 18.5068748046875
410.0 19.03437109375
411.0 16.0624734375
412.0 22.1512849609375
413.0 18.8340359375
414.0 18.41897783203125
415.0 21.83050615234375
416.0 22.29328076171875
417.0 18.58564658203125
418.0 19.0334904296875
419.0 17.77383232421875
420.0 23.120909375
421.0 18.57862626953125
422.0 20.02689541015625
423.0 17.45117626953125
424.0 19.85956279296875
425.0 21.28296591796875
426.0 20.1871689453125
427.0 20.3178654296875
428.0 15.5495548828125
429.0 18.357460546875
430.0 18.21766953125
431.0 18.9353068359375
432.0 19.47542509765625
433.0 17.11642373046875
434.0 20.71538173828125
435.0 20.440245703125
436.0 18.34793173828125
437.0 20.9357203125
438.0 16.675549609375
439.0 18.81073408203125
440.0 19.92461806640625
441.0 11.2627193359375
442.0 13.7493837890625
443.0 23.67881005859375
444.0 22.80491064453125
445.0 20.5225130859375
446.0 18.1510154296875
447.0 19.20454619140625
448.0 18.7794587890625
449.0 16.610699609375
450.0 8.62734384765625
451.0 14.92342421875
452.0 15.92982255859375
453.0 13.5198322265625
454.0 9.1179138671875
455.0 8.1581087890625
456.0 5.11903369140625
457.0 2.3958189453125
458.0 4.9487830078125
459.0 15.26188740234375
460.0 15.10083125
461.0 21.599009765625
462.0 20.62818134765625
463.0 17.473868359375
464.0 17.57128583984375
465.0 16.507074609375
466.0 22.39496708984375
467.0 17.5303181640625
468.0 15.2764419921875
469.0 17.27785341796875
470.0 17.51427109375
471.0 12.8234021484375
472.0 12.3550296875
473.0 18.8307408203125
474.0 17.87509970703125
475.0 15.59324208984375
476.0 14.3638986328125
477.0 17.1582400390625
478.0 15.8202857421875
479.0 17.08319716796875
480.0 15.806259765625
481.0 17.041569140625
482.0 14.36001787109375
483.0 17.976754296875
484.0 15.23408974609375
485.0 13.1387169921875
486.0 14.818465234375
487.0 15.18486357421875
488.0 11.25293857421875
489.0 15.77105595703125
490.0 16.42874453125
491.0 14.41219599609375
492.0 11.7828736328125
493.0 13.975770703125
494.0 12.4380470703125
495.0 12.18244755859375
496.0 17.1452939453125
497.0 17.053791015625
498.0 14.88139892578125
499.0 15.3114904296875
500.0 18.25452529296875
501.0 13.03125751953125
502.0 16.071882421875
503.0 15.526844140625
504.0 15.42392685546875
505.0 14.02229853515625
506.0 15.87055927734375
507.0 14.3024572265625
508.0 15.9681484375
509.0 17.6682232421875
510.0 13.62418203125
511.0 0.0
512.0 0.0
513.0 34.64408779296875
514.0 13.46079228515625
515.0 12.4925703125
516.0 11.6236109375
517.0 12.82777587890625
518.0 12.255574609375
519.0 13.147648046875
520.0 13.2409037109375
521.0 12.85753388671875
522.0 13.619318359375
523.0 15.170020703125
524.0 10.88886259765625
525.0 11.97287900390625
526.0 10.15526376953125
527.0 15.79503876953125
528.0 12.90042568359375
529.0 12.640971484375
530.0 16.09163876953125
531.0 19.20436875
532.0 18.0049509765625
533.0 19.02206796875
534.0 13.87379853515625
535.0 16.564269921875
536.0 16.86147939453125
537.0 20.32090439453125
538.0 17.4369896484375
539.0 19.68787236328125
540.0 18.11223759765625
541.0 16.84913681640625
542.0 17.67508818359375
543.0 13.53153515625
544.0 14.43947412109375
545.0 16.2416220703125
546.0 14.43613515625
547.0 17.54938193359375
548.0 19.22392578125
549.0 16.27456259765625
550.0 21.13227705078125
551.0 15.95176865234375
552.0 17.58409345703125
553.0 15.41309462890625
554.0 24.44490849609375
555.0 19.51875751953125
556.0 18.36152470703125
557.0 19.889201953125
558.0 20.44844833984375
559.0 19.8381080078125
560.0 20.10222685546875
561.0 16.792435546875
562.0 15.44611728515625
563.0 17.65987822265625
564.0 22.10493486328125
565.0 19.29977041015625
566.0 22.05287431640625
567.0 20.14214140625
568.0 16.8137662109375
569.0 18.54153037109375
570.0 17.80680517578125
571.0 19.57971552734375
572.0 17.9947802734375
573.0 16.03887265625
574.0 21.51872080078125
575.0 20.38687666015625
576.0 22.4336228515625
577.0 21.07938330078125
578.0 17.55795078125
579.0 21.975108984375
580.0 17.3058076171875
581.0 19.7769423828125
582.0 19.21065244140625
583.0 17.841770703125
584.0 20.0018537109375
585.0 17.7930921875
586.0 0.0
587.0 0.0
588.0 43.254828125
589.0 20.2669076171875
590.0 18.3412345703125
591.0 22.29164892578125
592.0 21.3282673828125
593.0 13.226196875
594.0 25.429060546875
595.0 17.84076064453125
596.0 21.68421865234375
597.0 17.28674169921875
598.0 16.7408361328125
599.0 20.05668955078125
600.0 15.8367314453125
601.0 16.13223818359375
602.0 21.03138359375
603.0 0.0
604.0 0.0
605.0 34.58810322265625
606.0 14.584399609375
607.0 14.17680947265625
608.0 15.92035849609375
609.0 17.10533671875
610.0 13.04465908203125
611.0 17.34663896484375
612.0 13.367255078125
613.0 14.7770189453125
614.0 16.9035111328125
615.0 16.8553595703125
616.0 14.54822470703125
617.0 12.7505833984375
618.0 15.06295361328125
619.0 11.972612890625
620.0 18.4579478515625
621.0 15.81528662109375
622.0 15.26505712890625
623.0 20.7589076171875
624.0 13.05539990234375
625.0 10.07034296875
626.0 21.36811943359375
627.0 18.69899208984375
628.0 19.389041015625
629.0 15.53766982421875
630.0 17.9943806640625
631.0 17.441034765625
632.0 14.11424814453125
633.0 12.549087890625
634.0 21.22952578125
635.0 13.21362763671875
636.0 15.96776171875
637.0 17.6951908203125
638.0 18.86807265625
639.0 17.84699931640625
640.0 19.4267619140625
641.0 17.422415625
642.0 15.65253623046875
643.0 16.73150693359375
644.0 17.40038408203125
645.0 18.6687416015625
646.0 20.34763056640625
647.0 19.967365234375
648.0 17.55303486328125
649.0 13.9401416015625
650.0 19.175921875
651.0 16.8364796875
652.0 15.44957177734375
653.0 17.4153123046875
654.0 18.0943341796875
655.0 18.3861423828125
656.0 21.32532607421875
657.0 20.68138349609375
658.0 17.6587271484375
659.0 20.09230361328125
660.0 18.92164794921875
661.0 16.760535546875
662.0 16.18537080078125
663.0 17.8573958984375
664.0 19.722571484375
665.0 19.80473056640625
666.0 18.22774892578125
667.0 19.464687890625
668.0 13.5337435546875
669.0 13.71719755859375
670.0 13.87336123046875
671.0 16.52615146484375
672.0 15.76504443359375
673.0 17.927311328125
674.0 19.6883583984375
675.0 18.133075
676.0 18.85023603515625
677.0 15.82213564453125
678.0 17.87369482421875
679.0 17.5549115234375
680.0 21.703416015625
681.0 18.68262080078125
682.0 20.8047662109375
683.0 15.50482197265625
684.0 16.2076599609375
685.0 20.66995107421875
686.0 19.9683681640625
687.0 14.5410244140625
688.0 16.91105537109375
689.0 17.908825
690.0 15.782837109375
691.0 21.7354734375
692.0 17.0468951171875
693.0 16.328920703125
694.0 20.134883984375
695.0 16.88408388671875
696.0 19.68203134765625
697.0 21.32480703125
698.0 18.57748818359375
699.0 21.141269140625
700.0 20.9125283203125
701.0 18.27081494140625
702.0 17.05269189453125
703.0 18.9666916015625
704.0 15.88323828125
705.0 20.3013517578125
706.0 19.34698037109375
707.0 20.13377109375
708.0 19.2136337890625
709.0 20.74569755859375
710.0 22.15410205078125
711.0 15.3386994140625
712.0 23.83742412109375
713.0 17.06473046875
714.0 20.715441015625
715.0 21.79675703125
716.0 21.8059888671875
717.0 19.2598951171875
718.0 16.816722265625
719.0 18.13350556640625
720.0 18.1086544921875
721.0 21.7502728515625
722.0 19.1453400390625
723.0 22.4647
724.0 20.00522783203125
725.0 23.11158876953125
726.0 16.61378740234375
727.0 24.23358037109375
728.0 22.02471767578125
729.0 17.52758876953125
730.0 13.43539833984375
731.0 24.5770244140625
732.0 18.8821419921875
733.0 19.68395556640625
734.0 21.85591171875
735.0 19.61865810546875
736.0 18.66181484375
737.0 20.60896220703125
738.0 18.6759677734375
739.0 21.51034169921875
740.0 20.56300390625
741.0 12.2287244140625
742.0 18.64450224609375
743.0 14.65649892578125
744.0 11.828295703125
745.0 12.85355869140625
746.0 15.20932685546875
747.0 14.706650390625
748.0 11.24302275390625
749.0 12.58236630859375
750.0 14.5881572265625
751.0 11.2037107421875
752.0 23.62833759765625
753.0 20.18018935546875
754.0 16.8146359375
755.0 19.56472900390625
756.0 21.890232421875
757.0 15.88068701171875
758.0 18.9295369140625
759.0 17.9411828125
760.0 19.3609740234375
761.0 20.86805859375
762.0 16.6525244140625
763.0 21.27482314453125
764.0 17.841044921875
765.0 21.4704935546875
766.0 18.40816025390625
767.0 19.9947880859375
768.0 21.89403125
769.0 18.15757001953125
770.0 20.9072275390625
771.0 18.416046875
772.0 21.481198046875
773.0 18.75444111328125
774.0 18.55591123046875
775.0 15.04093916015625
776.0 13.091552734375
777.0 17.595960546875
778.0 17.82209208984375
779.0 17.16602578125
780.0 19.37690966796875
781.0 19.75112490234375
782.0 17.80748037109375
783.0 16.33466904296875
784.0 18.2294423828125
785.0 14.566673046875
786.0 15.6896255859375
787.0 18.36769892578125
788.0 20.25524052734375
789.0 15.511190234375
790.0 20.7580416015625
791.0 16.264593359375
792.0 18.88459443359375
793.0 11.30229375
794.0 11.5548326171875
795.0 13.66007216796875
796.0 12.31206162109375
797.0 13.85275166015625
798.0 17.2854080078125
799.0 13.39610849609375
