0.0 23.20488251953125
1.0 28.07803671875
2.0 25.03366328125
3.0 22.1098505859375
4.0 28.5517466796875
5.0 25.1971619140625
6.0 25.56000400390625
7.0 22.714515625
8.0 23.73796298828125
9.0 23.40152392578125
10.0 14.62191982421875
11.0 31.48662841796875
12.0 24.8943158203125
13.0 26.6399998046875
14.0 24.7887880859375
15.0 26.29480458984375
16.0 24.1419771484375
17.0 24.92151728515625
18.0 22.847845703125
19.0 23.51048740234375
20.0 26.4761755859375
21.0 23.4217103515625
22.0 25.146066015625
23.0 19.86847958984375
24.0 29.29625576171875
25.0 23.2809798828125
26.0 23.76719736328125
27.0 21.867175
28.0 23.898612109375
29.0 13.411791796875
30.0 28.7068041015625
31.0 24.59287021484375
32.0 25.93142294921875
33.0 24.16861591796875
34.0 24.24035537109375
35.0 23.6456583984375
36.0 23.98822392578125
37.0 21.7973205078125
38.0 24.1916912109375
39.0 21.5105703125
40.0 22.467566015625
41.0 19.82666396484375
42.0 23.6669841796875
43.0 21.419367578125
44.0 24.40030390625
45.0 21.85395
46.0 24.28925078125
47.0 21.76133740234375
48.0 24.5697833984375
49.0 24.3952681640625
50.0 21.373570703125
51.0 22.70561787109375
52.0 22.894848046875
53.0 24.41116005859375
54.0 23.34094150390625
55.0 21.11318017578125
56.0 25.582309375
57.0 21.9975072265625
58.0 24.0379384765625
59.0 23.83637783203125
60.0 16.85151708984375
61.0 28.03525546875
62.0 25.327309765625
63.0 25.34994208984375
64.0 20.56643779296875
65.0 23.3258984375
66.0 21.51388427734375
67.0 23.244421484375
68.0 20.656003515625
69.0 20.9252990234375
70.0 23.82447099609375
71.0 21.4760251953125
72.0 24.33941552734375
73.0 22.2552919921875
74.0 18.76492841796875
75.0 20.959251953125
76.0 20.2105671875
77.0 21.12645107421875
78.0 18.82326640625
79.0 20.67391162109375
80.0 21.8151298828125
81.0 14.00731689453125
82.0 17.11119404296875
83.0 19.76279345703125
84.0 15.52382744140625
85.0 11.06806904296875
86.0 20.53280048828125
87.0 21.54627646484375
88.0 21.37121982421875
89.0 24.078008203125
90.0 22.01325498046875
91.0 27.072141796875
92.0 24.6214744140625
93.0 27.00570595703125
94.0 25.823586328125
95.0 22.714823828125
96.0 23.57329365234375
97.0 18.23374306640625
98.0 23.0033037109375
99.0 21.1315662109375
100.0 19.5328544921875
101.0 9.96156162109375
102.0 27.910307421875
103.0 28.2757708984375
104.0 26.698373828125
105.0 18.711415234375
106.0 24.13715283203125
107.0 19.8820736328125
108.0 27.62704775390625
109.0 24.28913603515625
110.0 26.559466015625
111.0 24.80289921875
112.0 27.7742390625
113.0 24.70324423828125
114.0 24.47239892578125
115.0 26.71253525390625
116.0 23.8639330078125
117.0 31.0722078125
118.0 27.090045703125
119.0 27.9607017578125
120.0 25.487251953125
121.0 28.0672263671875
122.0 20.90953955078125
123.0 22.97123291015625
124.0 27.5852626953125
125.0 25.48776572265625
126.0 23.8282740234375
127.0 15.537436328125
128.0 33.1157150390625
129.0 23.68390439453125
130.0 25.0145625
131.0 25.94483720703125
132.0 27.29464951171875
133.0 24.29439482421875
134.0 27.840193359375
135.0 25.308448046875
136.0 28.37532216796875
137.0 25.5606900390625
138.0 21.14054794921875
139.0 23.09862275390625
140.0 23.7518115234375
141.0 26.9846994140625
142.0 25.8823814453125
143.0 23.5101994140625
144.0 25.482547265625
145.0 14.2398947265625
146.0 26.38596513671875
147.0 24.59916982421875
148.0 21.21588369140625
149.0 25.27687666015625
150.0 23.5209251953125
151.0 25.89078876953125
152.0 23.0082306640625
153.0 11.597378125
154.0 22.0352146484375
155.0 22.23259560546875
156.0 23.33129833984375
157.0 26.0118529296875
158.0 23.86524052734375
159.0 18.02198837890625
160.0 30.1376279296875
161.0 26.1717775390625
162.0 24.9314169921875
163.0 22.269324609375
164.0 25.3304904296875
165.0 23.852610546875
166.0 24.95271884765625
167.0 20.97940185546875
168.0 20.7567083984375
169.0 18.7637759765625
170.0 30.367586328125
171.0 23.1887259765625
172.0 26.2703029296875
173.0 22.07907294921875
174.0 24.11038291015625
175.0 21.87480966796875
176.0 23.045076953125
177.0 25.13388740234375
178.0 23.15458349609375
179.0 25.1784810546875
180.0 25.5650498046875
181.0 23.43555244140625
182.0 25.5375302734375
183.0 21.7923998046875
184.0 23.368962109375
185.0 26.75475888671875
186.0 23.849478515625
187.0 24.39812822265625
188.0 23.22532763671875
189.0 25.33778388671875
190.0 24.38495205078125
191.0 23.297023828125
192.0 26.0212513671875
193.0 22.99066513671875
194.0 25.7737427734375
195.0 24.2018033203125
196.0 26.27523798828125
197.0 21.72482177734375
198.0 24.68593564453125
199.0 21.6640615234375
200.0 25.79548173828125
201.0 23.5588330078125
202.0 21.91242666015625
203.0 24.214265625
204.0 22.1326115234375
205.0 23.50322353515625
206.0 19.473296875
207.0 24.64997626953125
208.0 24.79612138671875
209.0 20.88565615234375
210.0 26.0303203125
211.0 22.2008919921875
212.0 26.29653486328125
213.0 23.8407978515625
214.0 26.21300048828125
215.0 27.3180017578125
216.0 24.64428349609375
217.0 25.46020322265625
218.0 21.868873046875
219.0 26.3871236328125
220.0 23.046608984375
221.0 24.37210927734375
222.0 22.20746875
223.0 25.2582728515625
224.0 22.846896484375
225.0 23.0919849609375
226.0 25.1805654296875
227.0 20.99215947265625
228.0 24.82302666015625
229.0 20.490649609375
230.0 17.60336298828125
231.0 25.7554505859375
232.0 22.76974150390625
233.0 26.79328583984375
234.0 25.24448818359375
235.0 26.18169912109375
236.0 19.8905994140625
237.0 24.9498876953125
238.0 22.7705578125
239.0 17.51652314453125
240.0 28.55157265625
241.0 21.9566326171875
242.0 19.66580458984375
243.0 23.2748140625
244.0 24.418185546875
245.0 25.84018876953125
246.0 22.2368904296875
247.0 25.85106328125
248.0 16.6785724609375
249.0 30.9612244140625
250.0 19.15554658203125
251.0 28.5675259765625
252.0 22.6734779296875
253.0 21.72579501953125
254.0 26.6935755859375
255.0 22.73306064453125
256.0 25.98318154296875
257.0 23.61556240234375
258.0 25.15732763671875
259.0 19.860004296875
260.0 24.011641015625
261.0 23.53281904296875
262.0 21.0623232421875
263.0 21.4848568359375
264.0 18.99249541015625
265.0 23.32143271484375
266.0 18.4403517578125
267.0 21.523803515625
268.0 23.26626103515625
269.0 24.755069140625
270.0 20.2397197265625
271.0 20.63085908203125
272.0 23.41770712890625
273.0 22.65738291015625
274.0 25.772012109375
275.0 22.179316015625
276.0 23.14853642578125
277.0 20.94211201171875
278.0 22.64477490234375
279.0 21.70285009765625
280.0 23.10191669921875
281.0 22.2506390625
282.0 22.5401685546875
283.0 24.31321982421875
284.0 21.8458224609375
285.0 23.0581958984375
286.0 24.62503857421875
287.0 20.60309892578125
288.0 23.91475908203125
289.0 24.97174404296875
290.0 22.07051904296875
291.0 24.8798712890625
292.0 22.87978271484375
293.0 23.55498525390625
294.0 23.99942373046875
295.0 21.652328125
296.0 16.10489814453125
297.0 30.05848935546875
298.0 22.59093447265625
299.0 24.930048828125
300.0 22.7078435546875
301.0 24.19646787109375
302.0 24.18034072265625
303.0 22.36625048828125
304.0 24.323259375
305.0 20.50451748046875
306.0 23.61336123046875
307.0 23.0688482421875
308.0 20.02433056640625
309.0 21.93216806640625
310.0 15.67929482421875
311.0 25.68060380859375
312.0 20.91447119140625
313.0 20.13287001953125
314.0 15.9457728515625
315.0 23.3336890625
316.0 18.40766640625
317.0 16.94270888671875
318.0 18.915398046875
319.0 19.3698353515625
320.0 20.5208033203125
321.0 18.67209296875
322.0 16.40756884765625
323.0 18.28158974609375
324.0 22.3155826171875
325.0 13.8085625
326.0 29.1200146484375
327.0 17.97717294921875
328.0 18.49637978515625
329.0 23.68496201171875
330.0 20.35019423828125
331.0 21.12523486328125
332.0 23.03644638671875
333.0 19.34577939453125
334.0 17.406240625
335.0 15.931253515625
336.0 30.8067384765625
337.0 22.4731251953125
338.0 20.32892763671875
339.0 23.2140802734375
340.0 19.50393740234375
341.0 21.89373251953125
342.0 20.37969716796875
343.0 23.62646669921875
344.0 23.27033212890625
345.0 22.56652578125
346.0 26.79108544921875
347.0 24.91219208984375
348.0 26.99726318359375
349.0 23.74037333984375
350.0 24.99233525390625
351.0 21.87858798828125
352.0 24.64706904296875
353.0 24.60097294921875
354.0 14.96429521484375
355.0 30.88089990234375
356.0 23.68350107421875
357.0 27.57628974609375
358.0 24.56311181640625
359.0 19.87004228515625
360.0 28.24580966796875
361.0 29.6037212890625
362.0 17.82178701171875
363.0 34.86066220703125
364.0 22.3312267578125
365.0 26.10382109375
366.0 23.8373826171875
367.0 24.08804052734375
368.0 23.10821494140625
369.0 28.09934267578125
370.0 22.41585546875
371.0 25.9493625
372.0 22.446447265625
373.0 27.25432509765625
374.0 26.38783583984375
375.0 25.72560615234375
376.0 24.97474541015625
377.0 21.957365234375
378.0 25.973492578125
379.0 23.353500390625
380.0 26.3201564453125
381.0 18.78929619140625
382.0 24.91477060546875
383.0 23.36744189453125
384.0 25.09957529296875
385.0 21.15248349609375
386.0 23.3827013671875
387.0 21.98667822265625
388.0 23.49875849609375
389.0 22.61914130859375
390.0 22.69012529296875
391.0 26.26884814453125
392.0 24.23990478515625
393.0 25.09399794921875
394.0 22.68784677734375
395.0 23.0581015625
396.0 27.33600009765625
397.0 22.16108310546875
398.0 22.97016845703125
399.0 25.3711318359375
400.0 22.6276068359375
401.0 24.24097109375
402.0 19.8296595703125
403.0 23.11698583984375
404.0 21.65368369140625
405.0 20.0412384765625
406.0 20.5953689453125
407.0 21.6814669921875
408.0 22.992015625
409.0 24.20679111328125
410.0 20.04641533203125
411.0 25.29773515625
412.0 21.34324609375
413.0 23.17607890625
414.0 23.13056611328125
415.0 25.338687890625
416.0 24.07095869140625
417.0 22.49487841796875
418.0 24.017395703125
419.0 19.85921083984375
420.0 24.182367578125
421.0 22.33448427734375
422.0 24.5869048828125
423.0 23.7981619140625
424.0 23.29662275390625
425.0 18.214107421875
426.0 31.6591189453125
427.0 24.38442890625
428.0 26.27313212890625
429.0 26.01224619140625
430.0 17.9914482421875
431.0 32.4510349609375
432.0 22.6522552734375
433.0 25.25817734375
434.0 25.98054755859375
435.0 28.32583193359375
436.0 22.4569615234375
437.0 26.658050390625
438.0 24.5640900390625
439.0 27.83824501953125
440.0 26.7605634765625
441.0 28.307350390625
442.0 25.0447548828125
443.0 28.33640634765625
444.0 24.57803173828125
445.0 28.18715703125
446.0 25.5166181640625
447.0 26.82052802734375
448.0 26.0314353515625
449.0 30.210706640625
450.0 23.6657734375
451.0 23.9523173828125
452.0 27.35342099609375
453.0 24.68852626953125
454.0 30.57602587890625
455.0 23.299050390625
456.0 24.77469921875
457.0 23.97772421875
458.0 25.1607630859375
459.0 22.8502375
460.0 24.9443853515625
461.0 21.1217673828125
462.0 22.06818515625
463.0 24.27449013671875
464.0 22.172941796875
465.0 21.4083947265625
466.0 27.61157314453125
467.0 23.03022685546875
468.0 26.26999697265625
469.0 23.58587099609375
470.0 27.67432060546875
471.0 25.14203486328125
472.0 27.0956908203125
473.0 22.9889900390625
474.0 28.70530595703125
475.0 22.71139560546875
476.0 28.31735146484375
477.0 22.7480888671875
478.0 27.87205419921875
479.0 26.13495009765625
480.0 26.79366650390625
481.0 28.55815673828125
482.0 23.33428388671875
483.0 26.35846171875
484.0 19.43053896484375
485.0 28.3561453125
486.0 23.73086552734375
487.0 29.0692265625
488.0 25.92151162109375
489.0 29.27830166015625
490.0 24.830164453125
491.0 25.4391158203125
492.0 21.91332705078125
493.0 31.734700390625
494.0 23.03263271484375
495.0 26.4861154296875
496.0 26.968643359375
497.0 20.76853115234375
498.0 31.28819560546875
499.0 25.457443359375
500.0 23.4883822265625
501.0 25.4166126953125
502.0 22.32735419921875
503.0 24.6266845703125
504.0 24.56458193359375
505.0 22.610608203125
506.0 26.307053515625
507.0 22.7131150390625
508.0 24.8323962890625
509.0 23.1326318359375
510.0 27.38192490234375
511.0 24.89436845703125
512.0 27.85354609375
513.0 20.983142578125
514.0 25.1082900390625
515.0 22.72655
516.0 24.30393154296875
517.0 27.0830611328125
518.0 23.23186083984375
519.0 22.8465998046875
520.0 24.81149658203125
521.0 24.33588994140625
522.0 21.143609765625
523.0 34.222311328125
524.0 25.921923828125
525.0 22.34500234375
526.0 26.09644091796875
527.0 29.32380078125
528.0 26.537766015625
529.0 27.48552685546875
530.0 27.67098798828125
531.0 20.52444462890625
532.0 35.42638125
533.0 25.30854736328125
534.0 28.50897265625
535.0 20.01660361328125
536.0 34.97952197265625
537.0 24.76894609375
538.0 29.06206787109375
539.0 26.46233466796875
540.0 25.17297529296875
541.0 29.50644736328125
542.0 17.3388208984375
543.0 36.20383837890625
544.0 26.7837056640625
545.0 29.01167958984375
546.0 24.48045703125
547.0 29.1486369140625
548.0 26.85714404296875
549.0 28.3501365234375
550.0 25.87119541015625
551.0 20.43934248046875
552.0 27.1577900390625
553.0 25.41208623046875
554.0 29.63774609375
555.0 26.80664013671875
556.0 27.50794990234375
557.0 28.54196875
558.0 26.22762314453125
559.0 26.81855087890625
560.0 27.649344921875
561.0 17.86838798828125
562.0 37.222808984375
563.0 26.49601826171875
564.0 28.49554140625
565.0 26.965319140625
566.0 28.21621103515625
567.0 26.520928515625
568.0 28.6489794921875
569.0 25.70851298828125
570.0 29.28995830078125
571.0 23.24464345703125
572.0 30.9646923828125
573.0 29.96378173828125
574.0 27.7104421875
575.0 27.10736689453125
576.0 29.06900654296875
577.0 24.73104267578125
578.0 27.3570396484375
579.0 24.27566123046875
580.0 28.2975302734375
581.0 22.91573388671875
582.0 26.55749521484375
583.0 25.12940234375
584.0 25.28205107421875
585.0 24.39077978515625
586.0 27.058537890625
587.0 23.35876640625
588.0 27.075435546875
589.0 25.8185720703125
590.0 24.64829931640625
591.0 25.56035537109375
592.0 22.22404228515625
593.0 26.73458876953125
594.0 25.736615625
595.0 24.39569990234375
596.0 26.76454228515625
597.0 23.20189501953125
598.0 25.51354013671875
599.0 22.8882015625
600.0 23.7771068359375
601.0 22.12292451171875
602.0 26.2800111328125
603.0 24.9371953125
604.0 24.024966796875
605.0 25.12496923828125
606.0 23.1943037109375
607.0 23.6525986328125
608.0 27.00195400390625
609.0 22.6165802734375
610.0 23.75106748046875
611.0 25.55044111328125
612.0 20.24419365234375
613.0 23.3337087890625
614.0 21.90195810546875
615.0 25.1845935546875
616.0 22.74554560546875
617.0 24.54800263671875
618.0 23.1583109375
619.0 18.42755517578125
620.0 29.39307802734375
621.0 25.790162109375
622.0 27.09984443359375
623.0 22.8270892578125
624.0 21.6625556640625
625.0 26.62805263671875
626.0 14.54122197265625
627.0 29.46272841796875
628.0 24.9333935546875
629.0 22.60794951171875
630.0 25.39323818359375
631.0 24.6393484375
632.0 17.6562318359375
633.0 21.21928603515625
634.0 23.3835615234375
635.0 20.55356044921875
636.0 25.0573126953125
637.0 23.5065462890625
638.0 26.8687267578125
639.0 25.188467578125
640.0 26.13337890625
641.0 27.7294736328125
642.0 23.0059666015625
643.0 23.5232462890625
644.0 25.62395810546875
645.0 27.4368291015625
646.0 23.04301123046875
647.0 22.83822431640625
648.0 24.78033310546875
649.0 24.22750380859375
650.0 4.84080732421875
651.0 18.2978185546875
652.0 24.321734375
653.0 23.33016533203125
654.0 22.3271671875
655.0 26.93127509765625
656.0 24.57185712890625
657.0 27.44233076171875
658.0 22.75125859375
659.0 26.46157734375
660.0 26.357453515625
661.0 25.29956552734375
662.0 24.9931791015625
663.0 23.61811923828125
664.0 23.9446283203125
665.0 23.130466796875
666.0 23.00376318359375
667.0 22.75515615234375
668.0 25.718165625
669.0 25.437148046875
670.0 22.788594921875
671.0 23.33851162109375
672.0 24.56610166015625
673.0 25.795378515625
674.0 21.06564912109375
675.0 24.8202021484375
676.0 23.28585380859375
677.0 23.4118986328125
678.0 23.29456875
679.0 23.90518203125
680.0 23.78042900390625
681.0 18.835672265625
682.0 19.24156455078125
683.0 21.22282314453125
684.0 22.084495703125
685.0 23.75754208984375
686.0 21.07789287109375
687.0 24.22253818359375
688.0 22.1161263671875
689.0 26.656342578125
690.0 25.482372265625
691.0 22.33316171875
692.0 25.38367255859375
693.0 22.4873119140625
694.0 23.071165625
695.0 19.2592302734375
696.0 24.41265556640625
697.0 24.569862890625
698.0 21.496641015625
699.0 26.2786708984375
700.0 21.44575439453125
701.0 23.5614078125
702.0 21.1507603515625
703.0 26.95119736328125
704.0 20.08486474609375
705.0 26.016372265625
706.0 20.23308671875
707.0 28.93548720703125
708.0 25.803273046875
709.0 23.94421767578125
710.0 23.970982421875
711.0 23.95387646484375
712.0 24.50414658203125
713.0 25.4243248046875
714.0 22.37382607421875
715.0 26.2752380859375
716.0 22.09474208984375
717.0 23.2979349609375
718.0 23.5793998046875
719.0 22.910915234375
720.0 24.1048986328125
721.0 23.17287919921875
722.0 22.09694267578125
723.0 25.3171404296875
724.0 23.62962587890625
725.0 24.40256865234375
726.0 24.3067134765625
727.0 26.16554052734375
728.0 21.735190234375
729.0 25.358322265625
730.0 23.7014005859375
731.0 24.512741796875
732.0 23.9549767578125
733.0 21.67550888671875
734.0 25.28975361328125
735.0 20.1461296875
736.0 26.10997744140625
737.0 24.5535189453125
738.0 24.3110560546875
739.0 23.47138349609375
740.0 25.641642578125
741.0 22.34400693359375
742.0 22.762090234375
743.0 24.74286669921875
744.0 22.27036025390625
745.0 23.0048423828125
746.0 27.233915625
747.0 23.402634765625
748.0 25.61580888671875
749.0 23.09110478515625
750.0 24.85038466796875
751.0 23.778608984375
752.0 22.33536455078125
753.0 20.299150390625
754.0 25.6130232421875
755.0 23.101364453125
756.0 22.9101103515625
757.0 24.74158759765625
758.0 26.879442578125
759.0 17.18503095703125
760.0 26.07509453125
761.0 24.611896875
762.0 26.57675810546875
763.0 23.44911845703125
764.0 25.413265234375
765.0 25.38443974609375
766.0 22.8132455078125
767.0 19.13892568359375
768.0 21.88828154296875
769.0 25.8614978515625
770.0 23.73024052734375
771.0 25.62820263671875
772.0 24.42709345703125
773.0 21.02561240234375
774.0 12.54138994140625
775.0 18.24017294921875
776.0 22.18886904296875
777.0 22.167939453125
778.0 24.2118189453125
779.0 22.93591474609375
780.0 26.58197314453125
781.0 23.391505859375
782.0 26.18912734375
783.0 21.82403203125
784.0 26.417551953125
785.0 22.6971072265625
786.0 23.48504638671875
787.0 26.19481552734375
788.0 22.58465126953125
789.0 25.00878779296875
790.0 26.8312060546875
791.0 21.1236048828125
792.0 24.87301171875
793.0 23.90914833984375
794.0 26.07122998046875
795.0 26.4282689453125
796.0 23.4707689453125
797.0 26.53325966796875
798.0 21.74493623046875
799.0 26.617509375
