0.0 8.2139873046875
1.0 6.06897578125
2.0 1.50747138671875
3.0 2.81050087890625
4.0 3.719709375
5.0 2.7981140625
6.0 2.3120056640625
7.0 3.5124845703125
8.0 6.27756083984375
9.0 4.6215
10.0 3.592112890625
11.0 3.31290361328125
12.0 3.83267265625
13.0 3.63380556640625
14.0 2.01110068359375
15.0 3.6646919921875
16.0 5.0204041015625
17.0 4.86834990234375
18.0 2.08174931640625
19.0 2.89601650390625
20.0 5.8228029296875
21.0 4.250245703125
22.0 1.56474150390625
23.0 4.4403197265625
24.0 3.89886494140625
25.0 3.8448865234375
26.0 2.501598046875
27.0 3.49957666015625
28.0 1.520292578125
29.0 1.945018359375
30.0 3.6765404296875
31.0 1.30202734375
32.0 2.4474552734375
33.0 2.38047158203125
34.0 1.4906060546875
35.0 2.9767994140625
36.0 1.697295703125
37.0 2.638001953125
38.0 2.637916796875
39.0 2.8137888671875
40.0 2.87204052734375
41.0 1.96886376953125
42.0 1.9483185546875
43.0 3.105999609375
44.0 4.12512529296875
45.0 1.1878857421875
46.0 2.7181248046875
47.0 2.49952333984375
48.0 2.9331544921875
49.0 2.08756953125
50.0 2.588401953125
51.0 2.2129326171875
52.0 2.5187
53.0 1.70905263671875
54.0 1.74096220703125
55.0 2.8585939453125
56.0 3.93334951171875
57.0 2.458320703125
58.0 2.7556322265625
59.0 2.49105224609375
60.0 3.5039599609375
61.0 4.46890126953125
62.0 3.93688408203125
63.0 7.25142783203125
64.0 6.1365890625
65.0 2.6675009765625
66.0 3.8191283203125
67.0 5.35590810546875
68.0 9.50165
69.0 8.07771611328125
70.0 7.7843556640625
71.0 6.9287345703125
72.0 5.70711005859375
73.0 8.2890306640625
74.0 7.45373017578125
75.0 8.43412900390625
76.0 5.67951005859375
77.0 8.70565419921875
78.0 7.2857025390625
79.0 8.60897373046875
80.0 8.51850498046875
81.0 7.99346748046875
82.0 6.85286240234375
83.0 6.64599814453125
84.0 8.61012216796875
85.0 7.550196875
86.0 6.882474609375
87.0 7.12927900390625
88.0 7.9697576171875
89.0 7.8549935546875
90.0 8.0656439453125
91.0 7.21210859375
92.0 7.2623919921875
93.0 7.01974033203125
94.0 8.15939970703125
95.0 8.39088759765625
96.0 8.32097275390625
97.0 8.07811455078125
98.0 7.33474697265625
99.0 9.0742890625
100.0 8.5260080078125
101.0 8.297461328125
102.0 8.49961240234375
103.0 7.80604951171875
104.0 9.0110541015625
105.0 7.68791630859375
106.0 7.9251203125
107.0 9.21725830078125
108.0 8.56245625
109.0 7.120302734375
110.0 8.5380515625
111.0 9.1320751953125
112.0 8.475095703125
113.0 7.60418203125
114.0 7.3557513671875
115.0 9.01418974609375
116.0 8.91463447265625
117.0 8.3524142578125
118.0 8.42272880859375
119.0 7.736818359375
120.0 8.88881708984375
121.0 8.0468001953125
122.0 8.3794404296875
123.0 8.822345703125
124.0 7.58069619140625
125.0 7.6291548828125
126.0 8.174198046875
127.0 8.70334296875
128.0 8.64202490234375
129.0 7.872539453125
130.0 7.91068056640625
131.0 9.52567890625
132.0 9.170162890625
133.0 8.54227314453125
134.0 7.85958447265625
135.0 9.30016748046875
136.0 8.5155962890625
137.0 8.79503818359375
138.0 8.36100146484375
139.0 9.30272353515625
140.0 9.29021328125
141.0 7.53823388671875
142.0 9.049833203125
143.0 9.37887734375
144.0 9.010637890625
145.0 8.72804951171875
146.0 8.34659296875
147.0 8.4159701171875
148.0 7.837353515625
149.0 8.33697724609375
150.0 8.71558427734375
151.0 9.18948193359375
152.0 8.74148720703125
153.0 7.278521875
154.0 8.32691484375
155.0 8.413218359375
156.0 8.639228125
157.0 8.28991767578125
158.0 7.5801705078125
159.0 8.22011083984375
160.0 9.0326541015625
161.0 8.36906201171875
162.0 8.4978103515625
163.0 8.1684896484375
164.0 9.057443359375
165.0 8.6401109375
166.0 8.12781748046875
167.0 8.43608740234375
168.0 8.414726171875
169.0 7.39757373046875
170.0 8.0580115234375
171.0 8.2530673828125
172.0 6.3737900390625
173.0 9.826363671875
174.0 8.76381142578125
175.0 7.85049345703125
176.0 7.808354296875
177.0 8.633116015625
178.0 7.386880078125
179.0 8.52265400390625
180.0 7.92635419921875
181.0 8.46886513671875
182.0 8.4084982421875
183.0 7.3992701171875
184.0 7.8673154296875
185.0 8.2477146484375
186.0 8.69173759765625
187.0 8.10767529296875
188.0 8.23571181640625
189.0 7.22600576171875
190.0 9.224183203125
191.0 9.69934609375
192.0 8.90846357421875
193.0 8.06646103515625
194.0 8.192972265625
195.0 7.60052001953125
196.0 8.0612009765625
197.0 8.774349609375
198.0 6.82980625
199.0 0.98058671875
200.0 4.1496330078125
201.0 1.18941640625
202.0 2.40417880859375
203.0 2.8629107421875
204.0 2.01327822265625
205.0 3.2740818359375
206.0 1.3297951171875
207.0 4.45166982421875
208.0 4.0418203125
209.0 2.62861845703125
210.0 3.36758046875
211.0 2.6962107421875
212.0 4.8712921875
213.0 5.8403443359375
214.0 8.98983046875
215.0 8.07784365234375
216.0 8.1056822265625
217.0 7.77048828125
218.0 8.66127958984375
219.0 8.53768251953125
220.0 8.1062294921875
221.0 7.96702421875
222.0 8.2248296875
223.0 5.8540052734375
224.0 6.66419677734375
225.0 2.13605771484375
226.0 8.231183203125
227.0 7.60345087890625
228.0 8.438167578125
229.0 8.22812958984375
230.0 9.10695908203125
231.0 7.309446484375
232.0 7.07660087890625
233.0 5.98090205078125
234.0 6.57796572265625
235.0 5.71176220703125
236.0 6.63461259765625
237.0 7.02523701171875
238.0 8.3015525390625
239.0 4.07643740234375
240.0 4.51008896484375
241.0 6.54245517578125
242.0 5.88091962890625
243.0 6.45163193359375
244.0 8.27552080078125
245.0 2.29244951171875
246.0 2.57891748046875
247.0 2.99635595703125
248.0 2.19599423828125
249.0 5.16732666015625
250.0 1.88736982421875
251.0 2.5100921875
252.0 2.189628515625
253.0 4.23117119140625
254.0 2.30269189453125
255.0 2.74389248046875
256.0 3.50525673828125
257.0 1.47882060546875
258.0 5.81380400390625
259.0 2.03746455078125
260.0 2.1512841796875
261.0 2.06484775390625
262.0 2.9624609375
263.0 6.10343427734375
264.0 7.41870361328125
265.0 6.83763134765625
266.0 9.15673291015625
267.0 9.1396796875
268.0 8.52112685546875
269.0 8.6820544921875
270.0 7.8394998046875
271.0 8.93021220703125
272.0 8.600312109375
273.0 2.80996552734375
274.0 2.700539453125
275.0 6.0608412109375
276.0 7.79308134765625
277.0 8.4996322265625
278.0 7.3495859375
279.0 8.28804150390625
280.0 8.23611201171875
281.0 8.7120609375
282.0 5.0804421875
283.0 0.06233203125
284.0 6.289760546875
285.0 6.98108193359375
286.0 7.7826505859375
287.0 7.94057529296875
288.0 7.39596025390625
289.0 8.1220599609375
290.0 8.31854716796875
291.0 8.4268673828125
292.0 8.12478115234375
293.0 1.777780859375
294.0 0.1687087890625
295.0 4.42603623046875
296.0 8.01317861328125
297.0 9.28060654296875
298.0 8.93749970703125
299.0 9.33086337890625
300.0 8.3522099609375
301.0 9.53568251953125
302.0 9.381035546875
303.0 3.65379140625
304.0 2.2880232421875
305.0 8.923081640625
306.0 5.50192216796875
307.0 4.89381669921875
308.0 8.1787896484375
309.0 8.83747001953125
310.0 9.36316962890625
311.0 8.217137890625
312.0 6.217281640625
313.0 5.03120341796875
314.0 2.68995869140625
315.0 7.57833115234375
316.0 7.34542333984375
317.0 4.63773779296875
318.0 6.38084423828125
319.0 6.030314453125
320.0 7.43666025390625
321.0 6.7271787109375
322.0 5.28117841796875
323.0 2.7954466796875
324.0 2.2575708984375
325.0 2.09096455078125
326.0 0.0
327.0 0.0
328.0 0.0
329.0 0.0
330.0 31.76796767578125
331.0 7.59143369140625
332.0 2.81683916015625
333.0 4.606843359375
334.0 0.43747578125
335.0 0.62454990234375
336.0 1.445078125
337.0 4.57894951171875
338.0 4.6258990234375
339.0 4.69486455078125
340.0 4.70766513671875
341.0 4.404318359375
342.0 2.276951953125
343.0 2.57469052734375
344.0 1.6252529296875
345.0 2.1069369140625
346.0 4.48413203125
347.0 4.701573828125
348.0 4.15842939453125
349.0 3.77593662109375
350.0 4.099127734375
351.0 4.4453283203125
352.0 3.5940478515625
353.0 2.34952158203125
354.0 0.89699560546875
355.0 1.52779423828125
356.0 3.4350400390625
357.0 4.56732880859375
358.0 4.263832421875
359.0 3.145286328125
360.0 4.5019681640625
361.0 4.3881380859375
362.0 2.80799833984375
363.0 4.42975615234375
364.0 0.9307517578125
365.0 1.81991611328125
366.0 4.55343818359375
367.0 4.0043234375
368.0 4.66286201171875
369.0 3.62032998046875
370.0 3.73813583984375
371.0 4.01063271484375
372.0 3.42385283203125
373.0 3.5789
374.0 2.09169052734375
375.0 0.927810546875
376.0 3.56132890625
377.0 3.6407095703125
378.0 4.06453056640625
379.0 4.636511328125
380.0 4.39653720703125
381.0 3.30353759765625
382.0 2.62652578125
383.0 4.05828837890625
384.0 0.34890458984375
385.0 2.31429365234375
386.0 3.881778125
387.0 4.93525478515625
388.0 4.16105869140625
389.0 6.21815126953125
390.0 6.66912333984375
391.0 5.7293037109375
392.0 2.6580388671875
393.0 4.50909189453125
394.0 1.95190244140625
395.0 3.55819052734375
396.0 4.1900322265625
397.0 4.68066787109375
398.0 4.5573212890625
399.0 3.9281958984375
400.0 6.54949609375
401.0 6.943291015625
402.0 4.96874091796875
403.0 3.2979091796875
404.0 2.72516435546875
405.0 0.27845322265625
406.0 2.54078193359375
407.0 3.5536142578125
408.0 4.69949541015625
409.0 4.09361083984375
410.0 4.728638671875
411.0 4.02046962890625
412.0 2.86986806640625
413.0 3.83633623046875
414.0 3.0078564453125
415.0 3.0004279296875
416.0 4.32679150390625
417.0 3.58375419921875
418.0 4.3497392578125
419.0 5.6574814453125
420.0 3.86820146484375
421.0 6.70962861328125
422.0 6.3850017578125
423.0 4.652939453125
424.0 4.2315833984375
425.0 4.95029189453125
426.0 5.97738818359375
427.0 8.0853953125
428.0 9.20513681640625
429.0 8.4135892578125
430.0 8.35697783203125
431.0 4.43283369140625
432.0 4.3356673828125
433.0 7.78701064453125
434.0 5.15476201171875
435.0 6.7594529296875
436.0 6.4822697265625
437.0 4.82811298828125
438.0 5.0382443359375
439.0 6.590300390625
440.0 6.97980234375
441.0 8.14582998046875
442.0 6.43435771484375
443.0 4.55862783203125
444.0 4.1236125
445.0 4.93476279296875
446.0 6.38709755859375
447.0 0.0
448.0 0.0
449.0 0.0
450.0 0.0
451.0 30.8968595703125
452.0 6.2526150390625
453.0 5.02107158203125
454.0 5.98380166015625
455.0 4.81527275390625
456.0 5.37324892578125
457.0 7.1156208984375
458.0 6.56773125
459.0 6.48812412109375
460.0 5.489957421875
461.0 5.9037234375
462.0 5.0483953125
463.0 4.851144140625
464.0 4.3466767578125
465.0 5.83158916015625
466.0 4.85921484375
467.0 4.55030615234375
468.0 5.02877841796875
469.0 6.9691890625
470.0 6.50710966796875
471.0 6.1145060546875
472.0 5.8800146484375
473.0 4.01276865234375
474.0 4.77158671875
475.0 5.388667578125
476.0 5.82222939453125
477.0 4.85609228515625
478.0 5.57400771484375
479.0 5.00685498046875
480.0 4.807566015625
481.0 6.9517083984375
482.0 4.60501826171875
483.0 6.13847763671875
484.0 9.47215439453125
485.0 4.419376171875
486.0 3.8893015625
487.0 5.4678232421875
488.0 5.56025126953125
489.0 6.7546716796875
490.0 7.79963857421875
491.0 6.11189404296875
492.0 3.90718837890625
493.0 4.77668564453125
494.0 4.51984345703125
495.0 8.0617107421875
496.0 9.16720224609375
497.0 4.77864248046875
498.0 4.87655380859375
499.0 4.57872392578125
500.0 6.8188171875
501.0 7.97157275390625
502.0 7.90228857421875
503.0 4.02235068359375
504.0 3.937675
505.0 6.13429365234375
506.0 5.7922078125
507.0 8.07492314453125
508.0 8.03215947265625
509.0 4.015915625
510.0 3.744490625
511.0 5.8970431640625
512.0 5.19463193359375
513.0 6.1199310546875
514.0 8.63043427734375
515.0 3.997326171875
516.0 4.69087392578125
517.0 8.2387416015625
518.0 7.89289716796875
519.0 7.90398916015625
520.0 8.53687353515625
521.0 4.362580078125
522.0 3.79396396484375
523.0 3.9210224609375
524.0 5.14538896484375
525.0 7.24577705078125
526.0 8.27844482421875
527.0 4.0462388671875
528.0 4.932955859375
529.0 7.8810919921875
530.0 4.68161201171875
531.0 5.51250068359375
532.0 7.38540947265625
533.0 3.94353955078125
534.0 4.33247353515625
535.0 7.84509013671875
536.0 8.000826171875
537.0 8.35546337890625
538.0 8.2808251953125
539.0 3.762090234375
540.0 4.564753125
541.0 7.80073515625
542.0 6.8453189453125
543.0 4.3417900390625
544.0 6.8521728515625
545.0 4.68875615234375
546.0 4.88802802734375
547.0 7.13508388671875
548.0 8.319248046875
549.0 7.8868119140625
550.0 8.57735517578125
551.0 4.38123896484375
552.0 0.0
553.0 0.0
554.0 0.0
555.0 0.0
556.0 0.0
557.0 0.0
558.0 0.0
559.0 0.0
560.0 23.82784111328125
561.0 4.228994140625
562.0 3.0884783203125
563.0 1.02454560546875
564.0 1.7538130859375
565.0 2.18375390625
566.0 1.47629697265625
567.0 3.572255859375
568.0 2.2026775390625
569.0 1.4107125
570.0 1.31530029296875
571.0 2.67372490234375
572.0 2.21259951171875
573.0 3.064812109375
574.0 2.98919501953125
575.0 2.537266796875
576.0 3.33283369140625
577.0 5.7880533203125
578.0 8.00048955078125
579.0 7.57368310546875
580.0 8.4853556640625
581.0 4.34384111328125
582.0 4.65324306640625
583.0 4.594770703125
584.0 5.777856640625
585.0 4.8051189453125
586.0 7.1622572265625
587.0 2.15645966796875
588.0 5.75955361328125
589.0 7.8372162109375
590.0 8.50125830078125
591.0 8.89269296875
592.0 7.96372724609375
593.0 4.04310625
594.0 3.988708984375
595.0 6.4061705078125
596.0 3.34334169921875
597.0 4.95345693359375
598.0 6.6313939453125
599.0 4.72268046875
600.0 5.00970732421875
601.0 7.363901953125
602.0 9.224316796875
603.0 6.0086767578125
604.0 6.44271708984375
605.0 5.0332701171875
606.0 1.17719296875
607.0 5.33149306640625
608.0 9.31016826171875
609.0 7.84139765625
610.0 6.0999697265625
611.0 4.090458984375
612.0 6.48666669921875
613.0 5.7669771484375
614.0 7.49668642578125
615.0 4.04227451171875
616.0 7.17497060546875
617.0 1.9098482421875
618.0 6.4026859375
619.0 7.479916796875
620.0 7.08676005859375
621.0 9.16025224609375
622.0 5.09125234375
623.0 5.218305078125
624.0 7.3383380859375
625.0 4.27548828125
626.0 0.0
627.0 0.0
628.0 0.0
629.0 0.0
630.0 27.28208623046875
631.0 4.43432451171875
632.0 5.4905142578125
633.0 7.71684404296875
634.0 8.976549609375
635.0 5.552190625
636.0 4.51116484375
637.0 2.3335689453125
638.0 4.7028181640625
639.0 7.168171484375
640.0 5.9174771484375
641.0 6.6579279296875
642.0 8.5647609375
643.0 3.6508751953125
644.0 4.8258646484375
645.0 6.86609443359375
646.0 7.71905947265625
647.0 3.25166708984375
648.0 4.678579296875
649.0 4.024460546875
650.0 7.014032421875
651.0 8.04446728515625
652.0 8.88014384765625
653.0 4.71879482421875
654.0 6.50603984375
655.0 4.86556005859375
656.0 4.28481484375
657.0 7.29522109375
658.0 3.56870927734375
659.0 6.0512361328125
660.0 7.9756416015625
661.0 5.41225576171875
662.0 6.4224716796875
663.0 5.71946962890625
664.0 6.512438671875
665.0 5.58141943359375
666.0 5.15532763671875
667.0 4.70346220703125
668.0 5.2074298828125
669.0 6.6312845703125
670.0 6.007295703125
671.0 6.60572734375
672.0 7.5416951171875
673.0 5.08597236328125
674.0 5.3864181640625
675.0 7.6179173828125
676.0 6.2168962890625
677.0 5.4156521484375
678.0 4.36307197265625
679.0 4.99913349609375
680.0 5.7143587890625
681.0 8.266410546875
682.0 9.18160234375
683.0 5.0439791015625
684.0 6.52278740234375
685.0 5.68252265625
686.0 4.866559375
687.0 8.7288509765625
688.0 6.08531533203125
689.0 5.65024150390625
690.0 6.62588798828125
691.0 4.6790248046875
692.0 7.98653251953125
693.0 7.85817177734375
694.0 8.37114150390625
695.0 4.28437470703125
696.0 6.28995849609375
697.0 4.91805810546875
698.0 4.7416564453125
699.0 7.2314111328125
700.0 6.07375498046875
701.0 5.01364990234375
702.0 6.9585591796875
703.0 4.7377125
704.0 5.47842568359375
705.0 6.0284244140625
706.0 5.73667998046875
707.0 3.4883482421875
708.0 5.9428689453125
709.0 0.9823720703125
710.0 6.4513841796875
711.0 7.99410361328125
712.0 6.10137861328125
713.0 5.23981875
714.0 4.80569306640625
715.0 2.58313623046875
716.0 5.91183232421875
717.0 5.60725068359375
718.0 5.13632412109375
719.0 4.014596484375
720.0 5.06297861328125
721.0 3.49683212890625
722.0 5.46826015625
723.0 5.78909208984375
724.0 4.34628193359375
725.0 5.5425677734375
726.0 4.1973876953125
727.0 3.1386861328125
728.0 4.11069228515625
729.0 3.81329736328125
730.0 4.7592208984375
731.0 2.09240712890625
732.0 4.65607939453125
733.0 2.881311328125
734.0 4.6244763671875
735.0 5.17295166015625
736.0 5.1400001953125
737.0 5.933502734375
738.0 6.36026826171875
739.0 3.1978025390625
740.0 6.6079705078125
741.0 6.40946279296875
742.0 4.94467451171875
743.0 5.817316015625
744.0 5.9768787109375
745.0 2.389220703125
746.0 6.263944921875
747.0 7.9302912109375
748.0 7.97532314453125
749.0 5.24832236328125
750.0 3.08799462890625
751.0 4.5249556640625
752.0 5.1219826171875
753.0 5.9940400390625
754.0 4.7059107421875
755.0 4.56260869140625
756.0 6.190737890625
757.0 4.9382626953125
758.0 5.23815537109375
759.0 6.58119375
760.0 5.05477763671875
761.0 5.6298337890625
762.0 6.20867470703125
763.0 5.60135478515625
764.0 4.3830255859375
765.0 4.31014873046875
766.0 5.182119140625
767.0 7.30082333984375
768.0 8.6453716796875
769.0 5.09756357421875
770.0 3.65335634765625
771.0 8.07983974609375
772.0 6.92462255859375
773.0 5.840876171875
774.0 4.5584072265625
775.0 4.46193037109375
776.0 5.820013671875
777.0 6.68918154296875
778.0 7.30664873046875
779.0 8.49061162109375
780.0 3.61162939453125
781.0 5.5774740234375
782.0 7.93933134765625
783.0 7.83351767578125
784.0 7.69470341796875
785.0 3.36709521484375
786.0 9.87856640625
787.0 6.1866375
788.0 6.24789638671875
789.0 6.6280494140625
790.0 7.933603125
791.0 3.00445458984375
792.0 8.8160912109375
793.0 7.270822265625
794.0 8.4333376953125
795.0 5.55543115234375
796.0 8.43469560546875
797.0 8.79859013671875
798.0 8.5068150390625
799.0 7.40225458984375
