0.0 8.107309375
1.0 9.071020703125
2.0 9.12175341796875
3.0 8.36777119140625
4.0 8.3733916015625
5.0 9.7000689453125
6.0 10.0994845703125
7.0 9.21432880859375
8.0 6.0199162109375
9.0 7.5065814453125
10.0 10.42235478515625
11.0 9.4242544921875
12.0 10.43716474609375
13.0 10.991215234375
14.0 10.75125966796875
15.0 10.440577734375
16.0 8.9410822265625
17.0 10.0507888671875
18.0 10.07036875
19.0 11.69145302734375
20.0 9.46737509765625
21.0 10.64317451171875
22.0 11.05084150390625
23.0 10.643971875
24.0 10.762384765625
25.0 10.37094033203125
26.0 11.21342744140625
27.0 10.977348046875
28.0 11.10447568359375
29.0 9.0940873046875
30.0 10.284712109375
31.0 10.49744208984375
32.0 10.40746064453125
33.0 8.20628935546875
34.0 9.8178072265625
35.0 9.442892578125
36.0 8.92711318359375
37.0 7.58962919921875
38.0 8.72355107421875
39.0 8.3848474609375
40.0 10.21421298828125
41.0 10.09752939453125
42.0 8.1799646484375
43.0 8.1246455078125
44.0 8.1615841796875
45.0 9.08141484375
46.0 10.01730693359375
47.0 7.82367158203125
48.0 9.09696015625
49.0 9.05691396484375
50.0 8.18132255859375
51.0 2.6891267578125
52.0 8.16841337890625
53.0 10.70103798828125
54.0 9.3000267578125
55.0 10.27497412109375
56.0 9.34851220703125
57.0 8.2414818359375
58.0 8.8379572265625
59.0 8.469180078125
60.0 8.69631572265625
61.0 8.28794267578125
62.0 9.277433203125
63.0 9.60103095703125
64.0 9.16702900390625
65.0 9.42777978515625
66.0 9.010289453125
67.0 9.08993525390625
68.0 9.25125029296875
69.0 8.2629419921875
70.0 8.11565087890625
71.0 10.49794541015625
72.0 9.5930544921875
73.0 7.697310546875
74.0 9.7606001953125
75.0 10.5151875
76.0 9.45010107421875
77.0 8.70975927734375
78.0 10.3256564453125
79.0 9.818158203125
80.0 8.69371083984375
81.0 8.4239509765625
82.0 10.3442052734375
83.0 8.53563544921875
84.0 9.264498046875
85.0 8.75660595703125
86.0 7.73643525390625
87.0 8.89389326171875
88.0 8.6696052734375
89.0 9.399396484375
90.0 10.2740791015625
91.0 8.75097431640625
92.0 9.95997158203125
93.0 9.2664564453125
94.0 9.56891357421875
95.0 9.63073125
96.0 11.60771171875
97.0 11.47769853515625
98.0 10.782916796875
99.0 9.22124248046875
100.0 10.2789275390625
101.0 10.27338720703125
102.0 10.5950724609375
103.0 10.3110845703125
104.0 9.81733701171875
105.0 10.33943564453125
106.0 9.70093974609375
107.0 7.4662330078125
108.0 7.01359052734375
109.0 9.6650615234375
110.0 8.52284296875
111.0 11.3639408203125
112.0 10.8446408203125
113.0 11.80496728515625
114.0 11.16289384765625
115.0 10.94867578125
116.0 9.623734765625
117.0 10.5513865234375
118.0 11.28798798828125
119.0 10.16994072265625
120.0 9.6826017578125
121.0 10.48571123046875
122.0 10.38038134765625
123.0 9.834532421875
124.0 9.158160546875
125.0 10.41712783203125
126.0 9.90523798828125
127.0 10.7340451171875
128.0 0.0
129.0 0.0
130.0 0.0
131.0 25.86756708984375
132.0 7.8632990234375
133.0 8.9238984375
134.0 7.624473828125
135.0 8.77653173828125
136.0 9.22779169921875
137.0 9.45978310546875
138.0 10.07331220703125
139.0 9.68037626953125
140.0 10.30278115234375
141.0 10.1600853515625
142.0 10.56513408203125
143.0 8.4959904296875
144.0 8.16089560546875
145.0 8.875972265625
146.0 9.1657951171875
147.0 8.76255390625
148.0 7.72022685546875
149.0 8.4240041015625
150.0 7.9455296875
151.0 8.532331640625
152.0 9.230414453125
153.0 9.1136986328125
154.0 9.9578642578125
155.0 9.578415625
156.0 10.1757353515625
157.0 9.469416796875
158.0 7.7347451171875
159.0 9.232871484375
160.0 8.6930953125
161.0 9.0153271484375
162.0 9.15423525390625
163.0 8.3087951171875
164.0 9.0631025390625
165.0 10.99431181640625
166.0 10.01646376953125
167.0 7.99993076171875
168.0 8.9404609375
169.0 10.5994669921875
170.0 9.98104658203125
171.0 10.218856640625
172.0 10.49197431640625
173.0 10.558999609375
174.0 10.55219423828125
175.0 10.77333916015625
176.0 10.2893025390625
177.0 10.86296875
178.0 10.26129267578125
179.0 10.0623892578125
180.0 9.5016775390625
181.0 9.3618392578125
182.0 10.27555751953125
183.0 9.77997705078125
184.0 9.51430126953125
185.0 10.0100546875
186.0 10.21655947265625
187.0 9.5361921875
188.0 8.2632365234375
189.0 9.298416015625
190.0 10.4064212890625
191.0 10.7624451171875
192.0 10.4369552734375
193.0 9.7212115234375
194.0 11.37998955078125
195.0 10.70730205078125
196.0 10.61786357421875
197.0 8.74312353515625
198.0 9.7466388671875
199.0 10.653093359375
200.0 10.9333033203125
201.0 11.08204794921875
202.0 9.7168935546875
203.0 11.35968173828125
204.0 10.79091142578125
205.0 11.41244580078125
206.0 9.9089
207.0 10.5110603515625
208.0 10.83452158203125
209.0 10.438
210.0 9.15760712890625
211.0 10.4559943359375
212.0 10.5725171875
213.0 10.5026654296875
214.0 11.5751029296875
215.0 9.86098505859375
216.0 11.61386396484375
217.0 11.41040419921875
218.0 10.659801953125
219.0 8.02954013671875
220.0 8.13902197265625
221.0 8.999547265625
222.0 10.54691982421875
223.0 9.63760234375
224.0 9.80452041015625
225.0 3.296599609375
226.0 7.54429873046875
227.0 9.16882685546875
228.0 10.02988720703125
229.0 10.329994921875
230.0 10.807599609375
231.0 9.46753818359375
232.0 10.7602728515625
233.0 10.3655158203125
234.0 9.887040234375
235.0 8.82952822265625
236.0 10.03359970703125
237.0 10.545685546875
238.0 10.5972748046875
239.0 2.05701572265625
240.0 10.6717259765625
241.0 9.111396484375
242.0 10.09475302734375
243.0 9.10986318359375
244.0 10.2155185546875
245.0 10.50438173828125
246.0 9.9495005859375
247.0 8.81654580078125
248.0 8.738140625
249.0 10.556684765625
250.0 9.850690234375
251.0 10.43143310546875
252.0 7.0642671875
253.0 13.2561263671875
254.0 10.76433291015625
255.0 11.04357412109375
256.0 9.790651953125
257.0 11.349494921875
258.0 10.8332654296875
259.0 10.56381181640625
260.0 9.50516416015625
261.0 10.2218935546875
262.0 10.62087216796875
263.0 10.9167109375
264.0 10.4525525390625
265.0 9.0411419921875
266.0 11.1296306640625
267.0 11.204061328125
268.0 11.149849609375
269.0 7.0560185546875
270.0 14.57951494140625
271.0 12.42936220703125
272.0 11.48979912109375
273.0 10.2651654296875
274.0 11.53620068359375
275.0 11.92249755859375
276.0 12.43577294921875
277.0 11.72374306640625
278.0 10.9779625
279.0 9.122001171875
280.0 10.5203443359375
281.0 12.09489931640625
282.0 12.0823048828125
283.0 11.93859375
284.0 9.91207080078125
285.0 11.717308203125
286.0 12.05447822265625
287.0 10.4518748046875
288.0 12.32435625
289.0 12.2917111328125
290.0 12.63514384765625
291.0 10.555628515625
292.0 11.583253125
293.0 11.56258544921875
294.0 11.34235751953125
295.0 10.3491818359375
296.0 11.44728857421875
297.0 11.12863203125
298.0 12.04636572265625
299.0 9.23233212890625
300.0 11.250823046875
301.0 12.22197666015625
302.0 12.09008271484375
303.0 11.0454458984375
304.0 12.30762900390625
305.0 12.0229388671875
306.0 11.70616044921875
307.0 10.86154228515625
308.0 12.20618134765625
309.0 11.635003515625
310.0 11.5105791015625
311.0 9.0183533203125
312.0 11.43947451171875
313.0 10.885519140625
314.0 12.60369228515625
315.0 11.1320986328125
316.0 12.22800234375
317.0 11.1764904296875
318.0 11.51842978515625
319.0 11.02226953125
320.0 11.10404736328125
321.0 11.89157275390625
322.0 11.67993837890625
323.0 10.73384453125
324.0 12.2628712890625
325.0 12.31464404296875
326.0 11.93202275390625
327.0 10.82256611328125
328.0 12.61055166015625
329.0 12.6020509765625
330.0 12.8352484375
331.0 11.56626318359375
332.0 11.74815556640625
333.0 11.8237279296875
334.0 12.42212841796875
335.0 10.72802236328125
336.0 12.2396541015625
337.0 11.50325947265625
338.0 11.21404453125
339.0 10.244204296875
340.0 11.40483193359375
341.0 12.47799765625
342.0 12.491526953125
343.0 11.37012841796875
344.0 11.17593701171875
345.0 11.67278759765625
346.0 10.18814765625
347.0 11.7577875
348.0 12.08778720703125
349.0 12.379322265625
350.0 10.2162578125
351.0 13.49319716796875
352.0 10.90414365234375
353.0 11.67706982421875
354.0 12.1766990234375
355.0 11.7240052734375
356.0 11.74900380859375
357.0 12.409055859375
358.0 12.442593359375
359.0 10.86521416015625
360.0 10.9299189453125
361.0 10.88741875
362.0 10.62695146484375
363.0 10.2953154296875
364.0 9.01792607421875
365.0 11.27234130859375
366.0 11.28318017578125
367.0 11.88980166015625
368.0 10.260001171875
369.0 11.57804462890625
370.0 12.199979296875
371.0 11.7802576171875
372.0 10.474215625
373.0 11.2345416015625
374.0 11.60849140625
375.0 11.07054619140625
376.0 10.13193525390625
377.0 11.70360654296875
378.0 11.53814169921875
379.0 11.9203970703125
380.0 11.20994189453125
381.0 12.53616201171875
382.0 11.835261328125
383.0 10.94810859375
384.0 11.948825390625
385.0 12.83830947265625
386.0 11.70623076171875
387.0 11.1690666015625
388.0 12.1620005859375
389.0 11.48391796875
390.0 11.85768486328125
391.0 10.43507451171875
392.0 11.570066796875
393.0 11.74452734375
394.0 11.124275390625
395.0 10.0584642578125
396.0 11.29656474609375
397.0 11.99079169921875
398.0 10.9593607421875
399.0 10.26153154296875
400.0 5.01845458984375
401.0 6.7011615234375
402.0 10.5137580078125
403.0 9.69453544921875
404.0 10.3642328125
405.0 10.72954013671875
406.0 9.64687158203125
407.0 11.35975322265625
408.0 10.27446064453125
409.0 11.7787849609375
410.0 10.28834912109375
411.0 10.8370517578125
412.0 11.72680947265625
413.0 11.3552765625
414.0 10.31508916015625
415.0 12.031209375
416.0 11.73036328125
417.0 11.45183193359375
418.0 9.9426470703125
419.0 12.16297763671875
420.0 12.5647060546875
421.0 10.6823068359375
422.0 9.08617802734375
423.0 11.4103583984375
424.0 11.2016890625
425.0 11.3873763671875
426.0 10.6445421875
427.0 10.88956240234375
428.0 11.4345349609375
429.0 11.1894373046875
430.0 9.50513779296875
431.0 11.23731328125
432.0 11.27382353515625
433.0 11.38267138671875
434.0 11.742597265625
435.0 10.069461328125
436.0 12.00572177734375
437.0 11.18621083984375
438.0 11.62183681640625
439.0 9.31159501953125
440.0 9.2920333984375
441.0 9.91956669921875
442.0 9.6739263671875
443.0 9.3748427734375
444.0 9.86310986328125
445.0 10.34002197265625
446.0 10.109031640625
447.0 8.79834052734375
448.0 10.21014951171875
449.0 10.93470390625
450.0 9.1350271484375
451.0 4.27446826171875
452.0 10.27871513671875
453.0 9.27737626953125
454.0 9.82344267578125
455.0 9.67945751953125
456.0 9.7993654296875
457.0 10.285535546875
458.0 9.67255830078125
459.0 10.61138544921875
460.0 10.17595283203125
461.0 11.26059345703125
462.0 9.7925859375
463.0 7.74767802734375
464.0 10.72947294921875
465.0 9.91112705078125
466.0 9.83823701171875
467.0 9.3811078125
468.0 9.31290693359375
469.0 9.628444921875
470.0 9.371675
471.0 10.13215107421875
472.0 10.816881640625
473.0 10.53824580078125
474.0 9.05252734375
475.0 9.98443408203125
476.0 9.319190234375
477.0 10.94275322265625
478.0 10.6489841796875
479.0 10.21387802734375
480.0 10.95290556640625
481.0 10.76137265625
482.0 11.21773955078125
483.0 10.71263720703125
484.0 9.0768599609375
485.0 9.5931591796875
486.0 10.7417767578125
487.0 11.08787177734375
488.0 10.56674658203125
489.0 11.478688671875
490.0 11.62842841796875
491.0 11.15538154296875
492.0 3.75519892578125
493.0 9.5970392578125
494.0 10.29555673828125
495.0 8.54330849609375
496.0 9.9389587890625
497.0 9.98787275390625
498.0 9.8013900390625
499.0 9.161876953125
500.0 10.7581361328125
501.0 7.70009013671875
502.0 6.1606263671875
503.0 9.2559265625
504.0 8.6831140625
505.0 9.8489888671875
506.0 10.48097314453125
507.0 10.6232318359375
508.0 11.62982060546875
509.0 9.9012271484375
510.0 11.25046240234375
511.0 10.624037109375
512.0 10.87048134765625
513.0 9.96715390625
514.0 10.7235880859375
515.0 10.7945138671875
516.0 10.52141005859375
517.0 9.57776640625
518.0 10.29828544921875
519.0 8.5785552734375
520.0 9.77432412109375
521.0 3.2887109375
522.0 7.47149267578125
523.0 11.2534787109375
524.0 11.58090234375
525.0 3.76666904296875
526.0 4.10609990234375
527.0 9.10003974609375
528.0 8.69179267578125
529.0 8.0149662109375
530.0 9.38102900390625
531.0 9.06981201171875
532.0 9.18147138671875
533.0 8.90746669921875
534.0 8.86564091796875
535.0 0.0
536.0 0.0
537.0 28.14585625
538.0 10.01242216796875
539.0 9.99229521484375
540.0 10.25811865234375
541.0 10.8673591796875
542.0 10.6386658203125
543.0 10.583441015625
544.0 9.05769384765625
545.0 9.00300322265625
546.0 3.83558173828125
547.0 9.18649931640625
548.0 9.80501025390625
549.0 9.658605859375
550.0 6.9060599609375
551.0 5.82754970703125
552.0 9.4037376953125
553.0 9.23717216796875
554.0 3.49495712890625
555.0 0.9208474609375
556.0 2.816931640625
557.0 8.9437109375
558.0 8.223465234375
559.0 9.3249513671875
560.0 10.1937470703125
561.0 10.4877861328125
562.0 9.43470205078125
563.0 10.63483359375
564.0 10.40092021484375
565.0 9.19208857421875
566.0 9.7187998046875
567.0 8.938588671875
568.0 9.62084306640625
569.0 8.79902197265625
570.0 8.8488662109375
571.0 9.82505732421875
572.0 8.18091689453125
573.0 9.4851095703125
574.0 9.7424490234375
575.0 10.322961328125
576.0 8.889944921875
577.0 9.94466083984375
578.0 10.2579396484375
579.0 10.65765908203125
580.0 9.8361685546875
581.0 9.37015986328125
582.0 9.85033447265625
583.0 9.5549548828125
584.0 10.0950990234375
585.0 8.479555078125
586.0 9.82972978515625
587.0 8.77885966796875
588.0 9.0951396484375
589.0 10.06957744140625
590.0 9.36406044921875
591.0 9.5870755859375
592.0 8.4284427734375
593.0 4.8054640625
594.0 8.24217685546875
595.0 8.64408017578125
596.0 9.09781533203125
597.0 9.779457421875
598.0 9.98386181640625
599.0 9.70298115234375
600.0 9.89660048828125
601.0 9.75895283203125
602.0 9.435942578125
603.0 9.2334111328125
604.0 9.86662587890625
605.0 9.988034375
606.0 9.21474970703125
607.0 9.89601064453125
608.0 10.13209033203125
609.0 9.4303486328125
610.0 10.318829296875
611.0 11.166747265625
612.0 3.68139462890625
613.0 9.56903525390625
614.0 9.48503408203125
615.0 9.96713671875
616.0 10.0544533203125
617.0 8.6959021484375
618.0 3.5959828125
619.0 9.2819865234375
620.0 9.09661904296875
621.0 9.19230703125
622.0 9.24244326171875
623.0 9.65398935546875
624.0 10.7546759765625
625.0 10.1397916015625
626.0 9.155058203125
627.0 1.9812447265625
628.0 9.11269052734375
629.0 8.080376171875
630.0 9.08261240234375
631.0 9.68462509765625
632.0 8.87927431640625
633.0 9.97594189453125
634.0 3.1266580078125
635.0 8.95111416015625
636.0 9.350494921875
637.0 8.9147458984375
638.0 10.01636591796875
639.0 10.40241142578125
640.0 9.36044140625
641.0 9.10158798828125
642.0 8.3146287109375
643.0 9.45669892578125
644.0 9.55934013671875
645.0 8.05280703125
646.0 9.50375595703125
647.0 9.61905537109375
648.0 9.58546474609375
649.0 9.92937685546875
650.0 8.66202734375
651.0 11.1981927734375
652.0 10.804253125
653.0 10.37571943359375
654.0 9.905048046875
655.0 10.91694404296875
656.0 10.02264765625
657.0 9.84237587890625
658.0 9.12076865234375
659.0 9.9783720703125
660.0 9.9778505859375
661.0 10.1877427734375
662.0 5.93895732421875
663.0 7.164137890625
664.0 10.44499443359375
665.0 10.38253486328125
666.0 8.36506943359375
667.0 9.69287744140625
668.0 10.0710453125
669.0 11.28998623046875
670.0 11.0070552734375
671.0 10.0363099609375
672.0 11.50198681640625
673.0 11.28677646484375
674.0 10.8221396484375
675.0 10.0193322265625
676.0 11.8690529296875
677.0 10.204536328125
678.0 11.17940830078125
679.0 9.83276259765625
680.0 11.73311513671875
681.0 11.22318427734375
682.0 11.4115375
683.0 9.91415341796875
684.0 10.68027568359375
685.0 9.910657421875
686.0 10.1945078125
687.0 9.32898447265625
688.0 9.887674609375
689.0 10.26054599609375
690.0 10.42234755859375
691.0 10.9794267578125
692.0 11.4801318359375
693.0 11.707237109375
694.0 10.6758005859375
695.0 8.43086328125
696.0 10.82231357421875
697.0 11.329744140625
698.0 11.5324740234375
699.0 11.6109396484375
700.0 9.28114306640625
701.0 11.03219267578125
702.0 10.9878287109375
703.0 9.65462138671875
704.0 10.379421875
705.0 10.911066796875
706.0 10.00986748046875
707.0 9.65146953125
708.0 10.03950546875
709.0 10.608783984375
710.0 11.06775478515625
711.0 9.637101953125
712.0 7.63500498046875
713.0 8.86800458984375
714.0 8.72653125
715.0 8.92320927734375
716.0 9.14324306640625
717.0 9.5975015625
718.0 9.9229484375
719.0 8.67748681640625
720.0 9.77585400390625
721.0 9.6319384765625
722.0 8.427637109375
723.0 9.84221865234375
724.0 9.137387109375
725.0 9.356142578125
726.0 8.23052822265625
727.0 9.8050802734375
728.0 9.12201796875
729.0 7.95197275390625
730.0 9.2899900390625
731.0 8.5324384765625
732.0 9.66599736328125
733.0 9.4838962890625
734.0 9.501352734375
735.0 9.051380859375
736.0 10.88573603515625
737.0 10.361167578125
738.0 11.03591689453125
739.0 11.08706943359375
740.0 11.33004267578125
741.0 9.26119033203125
742.0 9.57468203125
743.0 9.42929404296875
744.0 10.92535400390625
745.0 10.6806072265625
746.0 11.10230341796875
747.0 10.42655341796875
748.0 10.64571669921875
749.0 11.33264873046875
750.0 10.785810546875
751.0 9.98628955078125
752.0 11.27798427734375
753.0 12.65065322265625
754.0 11.55525859375
755.0 10.68353681640625
756.0 11.39163310546875
757.0 11.410248828125
758.0 11.36721748046875
759.0 10.47054521484375
760.0 11.28008701171875
761.0 11.8289845703125
762.0 11.4108533203125
763.0 9.2738623046875
764.0 10.673521875
765.0 10.2926345703125
766.0 10.26864130859375
767.0 10.28645732421875
768.0 4.031636328125
769.0 9.76619130859375
770.0 10.71044794921875
771.0 9.77975751953125
772.0 9.1394484375
773.0 10.06567880859375
774.0 10.79924140625
775.0 10.15497861328125
776.0 9.7167859375
777.0 10.88287861328125
778.0 10.24794111328125
779.0 10.05749404296875
780.0 10.37160654296875
781.0 9.71532353515625
782.0 10.12903349609375
783.0 10.4691455078125
784.0 11.53913408203125
785.0 9.7184912109375
786.0 11.18487900390625
787.0 11.38181279296875
788.0 10.50314521484375
789.0 10.01990693359375
790.0 10.5809390625
791.0 11.42295703125
792.0 11.2126357421875
793.0 10.39300322265625
794.0 10.6704087890625
795.0 10.19616904296875
796.0 12.3435724609375
797.0 10.156119140625
798.0 11.688419921875
799.0 11.779812890625
