0.0 10.63369423828125
1.0 13.1006013671875
2.0 7.83352548828125
3.0 11.12217080078125
4.0 12.290790234375
5.0 11.61795576171875
6.0 16.81471259765625
7.0 12.98519462890625
8.0 14.27195078125
9.0 14.3708408203125
10.0 13.9858662109375
11.0 13.366584765625
12.0 14.5751548828125
13.0 12.6590513671875
14.0 11.6438423828125
15.0 3.7878248046875
16.0 0.38235703125
17.0 1.56042685546875
18.0 3.86621552734375
19.0 3.215516796875
20.0 12.09841689453125
21.0 13.479135546875
22.0 13.5069349609375
23.0 12.2315794921875
24.0 9.87081552734375
25.0 8.31161123046875
26.0 8.5764578125
27.0 8.314247265625
28.0 9.05830947265625
29.0 8.0343298828125
30.0 8.6389064453125
31.0 8.9571021484375
32.0 9.19994375
33.0 7.13863935546875
34.0 10.4463416015625
35.0 11.809386328125
36.0 7.901042578125
37.0 6.2010892578125
38.0 6.72293125
39.0 7.6039900390625
40.0 9.35875146484375
41.0 7.54134658203125
42.0 8.02245947265625
43.0 8.16942158203125
44.0 9.0665560546875
45.0 8.7190595703125
46.0 8.5626818359375
47.0 6.10799296875
48.0 6.76141259765625
49.0 7.47609599609375
50.0 7.5886876953125
51.0 8.0851953125
52.0 7.98304482421875
53.0 10.1318609375
54.0 7.9463330078125
55.0 9.1107591796875
56.0 10.45654931640625
57.0 9.7025638671875
58.0 8.5514046875
59.0 9.3548427734375
60.0 10.93104130859375
61.0 10.20916484375
62.0 11.842559765625
63.0 11.63213671875
64.0 11.67781591796875
65.0 10.4487603515625
66.0 12.62804912109375
67.0 12.14768076171875
68.0 11.35473310546875
69.0 10.76355400390625
70.0 13.07409306640625
71.0 12.5942982421875
72.0 11.36949814453125
73.0 11.39022197265625
74.0 11.69966328125
75.0 12.57286826171875
76.0 10.51451083984375
77.0 9.5485267578125
78.0 9.97128212890625
79.0 9.49096337890625
80.0 7.0092576171875
81.0 7.34233515625
82.0 8.2675021484375
83.0 9.9942376953125
84.0 6.8338134765625
85.0 10.99378056640625
86.0 7.68725234375
87.0 9.9898017578125
88.0 8.25874970703125
89.0 12.44973037109375
90.0 10.96054873046875
91.0 12.7688224609375
92.0 13.1869671875
93.0 9.70483779296875
94.0 8.52919501953125
95.0 12.23747353515625
96.0 12.447262109375
97.0 11.29184970703125
98.0 12.5250427734375
99.0 12.56836416015625
100.0 0.0
101.0 0.0
102.0 24.9628140625
103.0 12.3681798828125
104.0 11.2194048828125
105.0 10.96217373046875
106.0 12.5837865234375
107.0 13.4284912109375
108.0 14.32706015625
109.0 12.92149794921875
110.0 14.66222314453125
111.0 14.85081162109375
112.0 11.27098935546875
113.0 9.8131337890625
114.0 13.12640224609375
115.0 8.2130251953125
116.0 9.02035634765625
117.0 9.612109375
118.0 9.69785927734375
119.0 7.86654443359375
120.0 13.94696669921875
121.0 10.38911728515625
122.0 10.9658654296875
123.0 10.06765869140625
124.0 11.87330751953125
125.0 9.1846623046875
126.0 11.11081220703125
127.0 9.92172412109375
128.0 10.380752734375
129.0 7.71868720703125
130.0 9.53035546875
131.0 9.85496337890625
132.0 10.16599326171875
133.0 12.5872169921875
134.0 10.291964453125
135.0 9.57009169921875
136.0 10.2199359375
137.0 11.65964638671875
138.0 10.73759921875
139.0 10.11912060546875
140.0 10.38438046875
141.0 10.0850501953125
142.0 10.37702041015625
143.0 9.59860576171875
144.0 7.19731357421875
145.0 9.14686376953125
146.0 10.056766796875
147.0 11.02537060546875
148.0 11.85775830078125
149.0 10.91119443359375
150.0 12.4690251953125
151.0 2.42008779296875
152.0 21.4996578125
153.0 12.37408974609375
154.0 12.30980439453125
155.0 10.93077001953125
156.0 12.7191408203125
157.0 8.900907421875
158.0 11.41280830078125
159.0 11.1628345703125
160.0 10.94821357421875
161.0 9.5691083984375
162.0 15.47710380859375
163.0 12.55697216796875
164.0 12.91500361328125
165.0 11.3897447265625
166.0 13.37903046875
167.0 11.6061015625
168.0 12.10271240234375
169.0 13.00104638671875
170.0 12.44792548828125
171.0 12.47205009765625
172.0 10.6033177734375
173.0 11.96877021484375
174.0 9.540772265625
175.0 7.64914521484375
176.0 8.342961328125
177.0 7.498334765625
178.0 7.5371564453125
179.0 7.3594154296875
180.0 7.46705771484375
181.0 7.574975390625
182.0 7.39636591796875
183.0 7.48217158203125
184.0 6.8325978515625
185.0 7.3059064453125
186.0 7.11138154296875
187.0 7.2571685546875
188.0 7.95985947265625
189.0 6.9841689453125
190.0 7.5529197265625
191.0 11.578923828125
192.0 10.59291103515625
193.0 12.899133203125
194.0 10.366747265625
195.0 12.96657412109375
196.0 12.08289453125
197.0 11.160686328125
198.0 8.75584287109375
199.0 11.69094052734375
200.0 11.7262080078125
201.0 6.42665712890625
202.0 9.1328865234375
203.0 11.50010087890625
204.0 12.21978173828125
205.0 10.447708984375
206.0 11.24088671875
207.0 11.4258154296875
208.0 9.5660068359375
209.0 11.819098046875
210.0 5.961275390625
211.0 8.80206376953125
212.0 12.489472265625
213.0 12.70305771484375
214.0 11.2528212890625
215.0 13.36557158203125
216.0 10.12912900390625
217.0 16.42098232421875
218.0 11.263588671875
219.0 12.87060263671875
220.0 13.84354033203125
221.0 12.612137890625
222.0 11.4345791015625
223.0 12.63311396484375
224.0 10.97788115234375
225.0 10.65681298828125
226.0 9.23537890625
227.0 14.3036271484375
228.0 11.17158486328125
229.0 9.75148359375
230.0 10.547398046875
231.0 12.5688015625
232.0 13.038673828125
233.0 13.70779208984375
234.0 11.6332734375
235.0 13.777443359375
236.0 13.71317822265625
237.0 12.106640625
238.0 12.59823916015625
239.0 11.756130859375
240.0 10.98587861328125
241.0 10.84491650390625
242.0 10.71217099609375
243.0 9.641313671875
244.0 8.1814572265625
245.0 9.44188427734375
246.0 10.83756630859375
247.0 11.85262236328125
248.0 11.79049404296875
249.0 10.659326953125
250.0 10.2070994140625
251.0 12.56488955078125
252.0 11.177925390625
253.0 13.347978515625
254.0 11.05649228515625
255.0 11.74469501953125
256.0 9.71188154296875
257.0 8.7721208984375
258.0 9.1189421875
259.0 11.42955478515625
260.0 10.97526796875
261.0 11.88766025390625
262.0 10.73598037109375
263.0 11.3226697265625
264.0 8.85908876953125
265.0 8.5331544921875
266.0 8.34364443359375
267.0 12.56568115234375
268.0 10.26054189453125
269.0 10.585690625
270.0 12.04654677734375
271.0 11.1024966796875
272.0 9.5965111328125
273.0 9.82601083984375
274.0 7.09106142578125
275.0 8.77079287109375
276.0 9.46544931640625
277.0 8.67101982421875
278.0 12.7749240234375
279.0 10.760255859375
280.0 10.66092919921875
281.0 8.3973685546875
282.0 10.2180859375
283.0 9.99103173828125
284.0 8.95084580078125
285.0 9.17802373046875
286.0 9.75032314453125
287.0 11.14328125
288.0 8.6940634765625
289.0 6.54357802734375
290.0 8.8419580078125
291.0 11.218188671875
292.0 10.1109294921875
293.0 13.5748796875
294.0 9.87034453125
295.0 10.93688828125
296.0 14.8384765625
297.0 11.63206845703125
298.0 11.14905869140625
299.0 12.69130517578125
300.0 12.83877705078125
301.0 12.1227935546875
302.0 11.1966669921875
303.0 13.5374556640625
304.0 12.65028857421875
305.0 10.04549111328125
306.0 10.514626171875
307.0 13.8170193359375
308.0 13.3219236328125
309.0 11.76644384765625
310.0 13.219311328125
311.0 11.341947265625
312.0 13.6143353515625
313.0 11.3863326171875
314.0 13.40263662109375
315.0 13.3778734375
316.0 13.8207326171875
317.0 12.6084171875
318.0 11.05352314453125
319.0 15.7796541015625
320.0 11.9544642578125
321.0 12.78124287109375
322.0 13.79240537109375
323.0 13.7387267578125
324.0 12.39354404296875
325.0 12.218791015625
326.0 11.59850927734375
327.0 13.00777294921875
328.0 14.881201171875
329.0 13.570680859375
330.0 12.0890857421875
331.0 13.69693740234375
332.0 13.7679509765625
333.0 12.8412708984375
334.0 14.009622265625
335.0 13.8449486328125
336.0 12.0369568359375
337.0 13.1877173828125
338.0 14.31747373046875
339.0 13.550617578125
340.0 13.1988435546875
341.0 13.0663873046875
342.0 12.93802568359375
343.0 13.44685478515625
344.0 12.68763857421875
345.0 13.77987197265625
346.0 14.1169490234375
347.0 12.7405490234375
348.0 14.64623837890625
349.0 13.6388765625
350.0 14.36507939453125
351.0 12.485768359375
352.0 13.33310498046875
353.0 9.62225087890625
354.0 10.74074501953125
355.0 10.093281640625
356.0 12.64334697265625
357.0 10.17938701171875
358.0 8.5317322265625
359.0 8.9346544921875
360.0 11.36812509765625
361.0 9.40563017578125
362.0 8.3342724609375
363.0 10.3746619140625
364.0 13.12075224609375
365.0 11.44391328125
366.0 12.06398642578125
367.0 11.51329013671875
368.0 11.922224609375
369.0 12.943233203125
370.0 12.0968037109375
371.0 11.6261927734375
372.0 12.95294052734375
373.0 11.51292177734375
374.0 12.8628271484375
375.0 11.38717900390625
376.0 13.7549708984375
377.0 14.05057333984375
378.0 12.72123876953125
379.0 13.38068740234375
380.0 12.11511181640625
381.0 13.66005625
382.0 12.13944375
383.0 14.1175642578125
384.0 13.05491748046875
385.0 10.104087890625
386.0 12.42647939453125
387.0 13.82774345703125
388.0 13.31225595703125
389.0 10.2017224609375
390.0 14.11421630859375
391.0 12.1699662109375
392.0 11.59144775390625
393.0 11.962375
394.0 11.09994462890625
395.0 8.9960330078125
396.0 12.63438291015625
397.0 10.6241201171875
398.0 8.92254833984375
399.0 10.27611533203125
400.0 8.74536025390625
401.0 8.85604921875
402.0 11.43633310546875
403.0 13.71326826171875
404.0 12.6759005859375
405.0 13.68819873046875
406.0 12.398669921875
407.0 12.29913193359375
408.0 14.83930185546875
409.0 11.5183892578125
410.0 13.12055439453125
411.0 12.23964560546875
412.0 10.95921240234375
413.0 12.38764208984375
414.0 12.60649833984375
415.0 10.00839365234375
416.0 11.2296388671875
417.0 5.05316572265625
418.0 10.92035576171875
419.0 11.78609326171875
420.0 12.5747390625
421.0 9.55971396484375
422.0 9.75098623046875
423.0 11.544496484375
424.0 12.72312861328125
425.0 12.4589076171875
426.0 9.00886015625
427.0 10.70572685546875
428.0 10.86630859375
429.0 9.0112404296875
430.0 8.92983271484375
431.0 7.92441962890625
432.0 8.75033427734375
433.0 8.8361658203125
434.0 8.7562322265625
435.0 9.20538173828125
436.0 8.266109765625
437.0 8.85192333984375
438.0 9.21007841796875
439.0 9.19577421875
440.0 9.0352423828125
441.0 7.54896943359375
442.0 8.74737890625
443.0 12.64922783203125
444.0 13.31352421875
445.0 12.3308455078125
446.0 11.759731640625
447.0 13.1116916015625
448.0 12.8355939453125
449.0 8.6002060546875
450.0 13.19650986328125
451.0 12.06201748046875
452.0 10.581335546875
453.0 11.67889208984375
454.0 11.6877958984375
455.0 9.0171705078125
456.0 8.859550390625
457.0 7.96599365234375
458.0 6.20762119140625
459.0 8.93308671875
460.0 12.41245791015625
461.0 12.11373623046875
462.0 13.48691708984375
463.0 13.581784375
464.0 13.2145732421875
465.0 13.63967041015625
466.0 14.13118408203125
467.0 12.7845779296875
468.0 14.65828583984375
469.0 14.70008759765625
470.0 12.50006767578125
471.0 12.6985388671875
472.0 13.13492158203125
473.0 14.8022458984375
474.0 13.13794892578125
475.0 15.337125390625
476.0 14.842532421875
477.0 13.59474326171875
478.0 13.356319921875
479.0 14.6794744140625
480.0 10.96109189453125
481.0 12.8219091796875
482.0 12.357484765625
483.0 10.3077595703125
484.0 13.60810751953125
485.0 14.77931728515625
486.0 14.743184375
487.0 13.41000263671875
488.0 14.27270751953125
489.0 12.28834599609375
490.0 12.93506064453125
491.0 12.8825888671875
492.0 10.90997978515625
493.0 14.68434306640625
494.0 12.83061396484375
495.0 14.2096640625
496.0 13.8641818359375
497.0 13.27380595703125
498.0 12.015432421875
499.0 11.5691330078125
500.0 13.71795341796875
501.0 11.9422525390625
502.0 12.2653314453125
503.0 13.30957724609375
504.0 12.8596333984375
505.0 13.7218384765625
506.0 11.5791724609375
507.0 11.69008837890625
508.0 11.85251220703125
509.0 14.56517822265625
510.0 14.6448611328125
511.0 11.95743486328125
512.0 12.74434453125
513.0 13.45246552734375
514.0 12.40530224609375
515.0 14.1158841796875
516.0 12.3633701171875
517.0 13.3002306640625
518.0 14.01481845703125
519.0 12.9447345703125
520.0 10.7651908203125
521.0 13.9632943359375
522.0 14.05713466796875
523.0 14.221370703125
524.0 12.14526240234375
525.0 14.44260615234375
526.0 11.16201396484375
527.0 9.1430265625
528.0 13.1639748046875
529.0 11.85723115234375
530.0 11.63363232421875
531.0 11.278035546875
532.0 10.08708984375
533.0 6.08521298828125
534.0 9.20383349609375
535.0 10.67372763671875
536.0 10.4341048828125
537.0 9.006130859375
538.0 8.82501787109375
539.0 9.16346181640625
540.0 9.31687197265625
541.0 8.15588583984375
542.0 7.9143396484375
543.0 8.792551953125
544.0 9.25360673828125
545.0 10.24905849609375
546.0 10.9507376953125
547.0 12.03787412109375
548.0 13.6113359375
549.0 13.11470537109375
550.0 11.84026962890625
551.0 10.60297353515625
552.0 14.10621982421875
553.0 12.94773115234375
554.0 12.8808642578125
555.0 9.72264189453125
556.0 15.1604279296875
557.0 13.96001484375
558.0 14.15817607421875
559.0 13.3806802734375
560.0 12.27686240234375
561.0 13.69887607421875
562.0 13.76677998046875
563.0 13.871377734375
564.0 12.3589578125
565.0 4.98955947265625
566.0 16.31070478515625
567.0 14.57676650390625
568.0 12.35926845703125
569.0 14.21193974609375
570.0 14.837211328125
571.0 12.9500537109375
572.0 14.12631533203125
573.0 14.2698806640625
574.0 13.0010857421875
575.0 12.43439970703125
576.0 13.57034423828125
577.0 13.11022373046875
578.0 13.596209765625
579.0 13.59037421875
580.0 9.17538115234375
581.0 8.55624228515625
582.0 6.90850029296875
583.0 7.30822568359375
584.0 3.2665568359375
585.0 7.46073544921875
586.0 8.1190103515625
587.0 8.31774365234375
588.0 8.2753021484375
589.0 8.68315634765625
590.0 7.6645859375
591.0 8.7111748046875
592.0 8.9429365234375
593.0 8.8008923828125
594.0 8.811333203125
595.0 7.94739375
596.0 8.83509599609375
597.0 8.8616955078125
598.0 8.93930126953125
599.0 7.9139978515625
600.0 10.38001181640625
601.0 8.7916544921875
602.0 8.82504013671875
603.0 9.07357392578125
604.0 9.0747119140625
605.0 7.873373828125
606.0 8.85359326171875
607.0 9.044887109375
608.0 8.83258916015625
609.0 9.06284912109375
610.0 10.11650947265625
611.0 14.4770005859375
612.0 9.43663017578125
613.0 7.77508271484375
614.0 7.69949912109375
615.0 9.923168359375
616.0 13.411794140625
617.0 14.845000390625
618.0 13.40235751953125
619.0 15.1646470703125
620.0 14.69175322265625
621.0 13.927983984375
622.0 12.68810361328125
623.0 14.570254296875
624.0 13.92644638671875
625.0 12.4809603515625
626.0 14.4352923828125
627.0 14.0315404296875
628.0 13.896119921875
629.0 11.620306640625
630.0 12.04730546875
631.0 13.40249306640625
632.0 10.4907357421875
633.0 11.54814169921875
634.0 13.01608212890625
635.0 14.0906126953125
636.0 13.46079443359375
637.0 11.34619296875
638.0 13.24326708984375
639.0 12.63288330078125
640.0 13.9286021484375
641.0 12.719020703125
642.0 13.02604267578125
643.0 10.759035546875
644.0 0.0
645.0 0.0
646.0 30.60503955078125
647.0 13.574655078125
648.0 13.80248779296875
649.0 13.53239833984375
650.0 13.33294326171875
651.0 12.16798115234375
652.0 13.167430859375
653.0 12.431540625
654.0 12.17291328125
655.0 11.9242689453125
656.0 12.785001953125
657.0 9.39070439453125
658.0 8.511795703125
659.0 7.9739982421875
660.0 8.89363779296875
661.0 9.58676884765625
662.0 10.057596875
663.0 9.7837896484375
664.0 8.279698828125
665.0 8.8362166015625
666.0 8.5986541015625
667.0 9.11008076171875
668.0 8.497159375
669.0 8.84243623046875
670.0 9.08141767578125
671.0 9.57460390625
672.0 9.43469326171875
673.0 9.39910693359375
674.0 7.2141970703125
675.0 9.22461904296875
676.0 8.63258134765625
677.0 8.10818125
678.0 8.93198359375
679.0 9.37652861328125
680.0 9.02780185546875
681.0 9.51651865234375
682.0 8.1980232421875
683.0 9.42427783203125
684.0 8.31740888671875
685.0 9.00288017578125
686.0 11.29816943359375
687.0 14.20920751953125
688.0 11.79644697265625
689.0 11.36305478515625
690.0 12.99356640625
691.0 12.383654296875
692.0 10.604197265625
693.0 12.06082138671875
694.0 11.48940712890625
695.0 13.67753349609375
696.0 13.37716689453125
697.0 12.672133203125
698.0 12.333063671875
699.0 12.2529681640625
700.0 11.030691015625
701.0 10.0877740234375
702.0 7.08403212890625
703.0 9.81770224609375
704.0 11.3477619140625
705.0 9.65609150390625
706.0 11.7674216796875
707.0 12.06901259765625
708.0 12.0641806640625
709.0 13.40661484375
710.0 13.58584375
711.0 11.4876732421875
712.0 14.0675640625
713.0 11.91779375
714.0 12.97078701171875
715.0 13.38000703125
716.0 13.51761298828125
717.0 12.19903466796875
718.0 12.85337333984375
719.0 12.52728701171875
720.0 12.87346806640625
721.0 9.15061376953125
722.0 12.33502373046875
723.0 13.77293681640625
724.0 14.8681041015625
725.0 13.2796669921875
726.0 14.321465234375
727.0 14.36805947265625
728.0 12.42171767578125
729.0 14.41313583984375
730.0 14.20161455078125
731.0 14.12467724609375
732.0 11.705415625
733.0 14.6009947265625
734.0 14.705339453125
735.0 12.68321748046875
736.0 13.37893310546875
737.0 14.1670466796875
738.0 12.6684947265625
739.0 9.99005712890625
740.0 11.76323232421875
741.0 14.00484921875
742.0 14.95383056640625
743.0 13.07562841796875
744.0 14.71719619140625
745.0 15.110095703125
746.0 13.02085791015625
747.0 13.849809765625
748.0 14.4701228515625
749.0 14.66331298828125
750.0 12.68297412109375
751.0 14.02882392578125
752.0 9.16978583984375
753.0 9.7262490234375
754.0 12.07456201171875
755.0 13.6744193359375
756.0 14.201865625
757.0 14.29472236328125
758.0 14.66487080078125
759.0 13.15512587890625
760.0 14.40216328125
761.0 13.72263330078125
762.0 14.6612849609375
763.0 12.5003107421875
764.0 13.3872875
765.0 13.333108984375
766.0 12.01246552734375
767.0 11.07113173828125
768.0 12.1582873046875
769.0 12.03144609375
770.0 13.8013837890625
771.0 13.79551748046875
772.0 12.6437509765625
773.0 13.4493708984375
774.0 14.50727724609375
775.0 12.3067244140625
776.0 13.2526947265625
777.0 11.6180455078125
778.0 14.65952255859375
779.0 14.56653359375
780.0 12.93473515625
781.0 13.0840826171875
782.0 13.3401138671875
783.0 11.99346103515625
784.0 12.32697119140625
785.0 12.99222021484375
786.0 15.1443443359375
787.0 12.23210234375
788.0 12.88706591796875
789.0 13.47186181640625
790.0 12.691654296875
791.0 14.0236888671875
792.0 11.38730908203125
793.0 13.36638720703125
794.0 12.3150140625
795.0 10.81893388671875
796.0 12.45773212890625
797.0 13.63883994140625
798.0 11.03986748046875
799.0 11.05881767578125
