0.0 10.83527138671875
1.0 18.177236328125
2.0 22.6094365234375
3.0 14.26872958984375
4.0 23.797281640625
5.0 19.120821484375
6.0 20.96201591796875
7.0 8.68299541015625
8.0 17.30183623046875
9.0 16.72374130859375
10.0 23.01342734375
11.0 22.08183056640625
12.0 20.12608486328125
13.0 19.91639208984375
14.0 18.76071103515625
15.0 19.9653857421875
16.0 19.54562451171875
17.0 13.61547998046875
18.0 22.13359296875
19.0 20.78291142578125
20.0 26.458975390625
21.0 14.0677283203125
22.0 20.55813173828125
23.0 15.8977384765625
24.0 17.75661103515625
25.0 19.60534892578125
26.0 21.80667548828125
27.0 18.1158103515625
28.0 23.9038783203125
29.0 17.91786337890625
30.0 14.5719498046875
31.0 16.977096875
32.0 17.38533115234375
33.0 20.07857353515625
34.0 16.39365791015625
35.0 20.4612201171875
36.0 17.76476005859375
37.0 18.04357041015625
38.0 10.798881640625
39.0 19.37395537109375
40.0 15.53103212890625
41.0 7.41982900390625
42.0 21.3715287109375
43.0 17.4365533203125
44.0 16.95480478515625
45.0 19.36109482421875
46.0 22.96354697265625
47.0 17.9399333984375
48.0 13.225381640625
49.0 11.53590966796875
50.0 13.2739888671875
51.0 15.8128486328125
52.0 1.50387939453125
53.0 0.814730078125
54.0 5.960525
55.0 12.05811328125
56.0 7.45215654296875
57.0 12.7762806640625
58.0 14.854421875
59.0 16.42395458984375
60.0 14.515326171875
61.0 18.25724619140625
62.0 14.00514248046875
63.0 15.44346591796875
64.0 13.2926544921875
65.0 14.13989453125
66.0 17.48029462890625
67.0 4.8894390625
68.0 12.99001796875
69.0 16.92823486328125
70.0 19.69928388671875
71.0 18.6831875
72.0 17.77372998046875
73.0 18.32495859375
74.0 12.2064091796875
75.0 17.135943359375
76.0 12.81630546875
77.0 15.07871240234375
78.0 17.923246875
79.0 11.098958203125
80.0 11.8397068359375
81.0 12.72895380859375
82.0 10.5210875
83.0 14.5413560546875
84.0 15.0316849609375
85.0 10.15020673828125
86.0 7.02914775390625
87.0 10.62442578125
88.0 7.78076728515625
89.0 6.2188400390625
90.0 6.92665439453125
91.0 6.57059150390625
92.0 9.63478935546875
93.0 9.87825048828125
94.0 13.354215625
95.0 16.62735244140625
96.0 17.98717470703125
97.0 17.46141591796875
98.0 14.07275615234375
99.0 16.0362583984375
100.0 18.3444361328125
101.0 9.42459970703125
102.0 21.0693775390625
103.0 12.47541455078125
104.0 21.46542099609375
105.0 20.14358154296875
106.0 11.22106318359375
107.0 3.5605517578125
108.0 13.78676796875
109.0 8.3875560546875
110.0 12.3681494140625
111.0 16.82281083984375
112.0 19.942015625
113.0 15.8676736328125
114.0 16.841080078125
115.0 13.18494619140625
116.0 11.205212109375
117.0 13.94537822265625
118.0 14.0308373046875
119.0 8.704534375
120.0 19.43550009765625
121.0 21.90408515625
122.0 18.7788048828125
123.0 10.61131884765625
124.0 5.17785185546875
125.0 9.20092041015625
126.0 13.91715849609375
127.0 8.43557080078125
128.0 8.491667578125
129.0 18.50518212890625
130.0 17.52740302734375
131.0 21.5496611328125
132.0 19.41749443359375
133.0 12.03162470703125
134.0 24.50204287109375
135.0 16.34956435546875
136.0 19.0480646484375
137.0 18.4664564453125
138.0 14.15269365234375
139.0 19.11482041015625
140.0 10.9727822265625
141.0 15.066023828125
142.0 18.0064158203125
143.0 16.00139228515625
144.0 11.59312958984375
145.0 20.061616796875
146.0 20.220962109375
147.0 9.27546953125
148.0 21.43669541015625
149.0 19.80030048828125
150.0 16.63755107421875
151.0 16.858547265625
152.0 20.67934931640625
153.0 17.96173173828125
154.0 22.51172373046875
155.0 18.2299912109375
156.0 11.44602041015625
157.0 17.7397873046875
158.0 16.555680078125
159.0 8.9076365234375
160.0 19.06384599609375
161.0 12.18246953125
162.0 9.9392787109375
163.0 13.22596240234375
164.0 10.96170712890625
165.0 6.09264189453125
166.0 9.85798037109375
167.0 11.08338037109375
168.0 9.8365939453125
169.0 12.5825107421875
170.0 10.00925068359375
171.0 9.4681333984375
172.0 4.49817998046875
173.0 13.5587962890625
174.0 16.66980546875
175.0 19.79121142578125
176.0 16.69462451171875
177.0 19.820295703125
178.0 20.14720791015625
179.0 12.26242900390625
180.0 18.88902998046875
181.0 14.762477734375
182.0 0.3325306640625
183.0 0.234608984375
184.0 0.1876982421875
185.0 0.3744658203125
186.0 2.32044755859375
187.0 19.87757109375
188.0 0.38038134765625
189.0 1.780303515625
190.0 18.093873046875
191.0 17.61744912109375
192.0 10.7200189453125
193.0 8.02696787109375
194.0 0.7764630859375
195.0 0.57592490234375
196.0 3.59178125
197.0 3.1523546875
198.0 6.3582513671875
199.0 5.58722333984375
200.0 11.17203798828125
201.0 8.60139775390625
202.0 16.513829296875
203.0 8.7182697265625
204.0 14.74212783203125
205.0 7.42977197265625
206.0 10.54226826171875
207.0 18.71696748046875
208.0 14.50573349609375
209.0 14.49127392578125
210.0 6.00976083984375
211.0 9.36151953125
212.0 17.6864060546875
213.0 0.076604296875
214.0 0.53584755859375
215.0 0.0
216.0 0.0
217.0 0.0
218.0 0.0
219.0 0.0
220.0 1.29148828125
221.0 8.45982197265625
222.0 21.3484533203125
223.0 14.093448046875
224.0 9.6596171875
225.0 16.02504345703125
226.0 20.54342109375
227.0 13.94395751953125
228.0 14.52476376953125
229.0 20.1007765625
230.0 21.45055556640625
231.0 16.53724990234375
232.0 13.2186306640625
233.0 13.85847587890625
234.0 17.7818107421875
235.0 18.4326009765625
236.0 20.1186234375
237.0 18.51350673828125
238.0 19.2664734375
239.0 13.10313115234375
240.0 7.371319140625
241.0 18.360433203125
242.0 18.8022099609375
243.0 19.209674609375
244.0 22.17052734375
245.0 16.21757470703125
246.0 16.28821240234375
247.0 18.385643359375
248.0 16.95207607421875
249.0 20.37769423828125
250.0 15.11363583984375
251.0 9.3656453125
252.0 18.387134375
253.0 19.7856537109375
254.0 20.1759236328125
255.0 23.1516328125
256.0 19.67021650390625
257.0 21.2812431640625
258.0 15.97612060546875
259.0 20.1575353515625
260.0 19.67737734375
261.0 13.09418798828125
262.0 12.248387109375
263.0 18.783618359375
264.0 3.807182421875
265.0 18.61782685546875
266.0 14.678983203125
267.0 20.1746138671875
268.0 21.43538935546875
269.0 12.48327607421875
270.0 15.14040673828125
271.0 6.78346533203125
272.0 2.6494705078125
273.0 6.39782958984375
274.0 12.5398025390625
275.0 15.15116396484375
276.0 18.8311708984375
277.0 13.518503125
278.0 20.134226171875
279.0 14.05575712890625
280.0 16.30251484375
281.0 15.25924208984375
282.0 15.55949091796875
283.0 13.56408623046875
284.0 14.31186337890625
285.0 16.552675
286.0 12.84892724609375
287.0 18.44580615234375
288.0 16.0842994140625
289.0 15.4304685546875
290.0 8.02106845703125
291.0 0.281723046875
292.0 2.02605439453125
293.0 0.3962326171875
294.0 3.27597041015625
295.0 0.77233125
296.0 5.9599609375
297.0 24.312987109375
298.0 13.666192578125
299.0 16.64016572265625
300.0 16.28796220703125
301.0 7.29168994140625
302.0 16.34042333984375
303.0 11.12495615234375
304.0 12.7960171875
305.0 18.7411001953125
306.0 13.27623701171875
307.0 14.909621875
308.0 20.27060654296875
309.0 19.20495439453125
310.0 22.30609599609375
311.0 18.482962890625
312.0 13.71246962890625
313.0 10.62954365234375
314.0 6.24430986328125
315.0 0.22884375
316.0 15.06579169921875
317.0 5.63504453125
318.0 3.8876251953125
319.0 0.23550556640625
320.0 0.38169765625
321.0 8.0702556640625
322.0 11.01765732421875
323.0 6.65560556640625
324.0 10.7276490234375
325.0 13.30388115234375
326.0 14.4716861328125
327.0 6.1425265625
328.0 20.0829255859375
329.0 16.58932451171875
330.0 16.04438603515625
331.0 14.8256884765625
332.0 12.8147142578125
333.0 16.95017900390625
334.0 17.6464658203125
335.0 15.002704296875
336.0 3.17416181640625
337.0 22.85003740234375
338.0 21.0109158203125
339.0 14.34395791015625
340.0 6.55266494140625
341.0 3.0713689453125
342.0 10.5062994140625
343.0 18.88926357421875
344.0 14.95171953125
345.0 11.6154939453125
346.0 2.00252529296875
347.0 11.3585962890625
348.0 7.731253125
349.0 5.82668369140625
350.0 4.5186212890625
351.0 5.05884970703125
352.0 4.17706962890625
353.0 9.63849384765625
354.0 17.89712724609375
355.0 16.9931376953125
356.0 13.1285740234375
357.0 14.00516904296875
358.0 16.29594130859375
359.0 17.644007421875
360.0 21.2546671875
361.0 16.80260693359375
362.0 17.92552958984375
363.0 15.717031640625
364.0 18.72880048828125
365.0 17.318732421875
366.0 14.70478125
367.0 13.08163525390625
368.0 18.2527796875
369.0 14.9298197265625
370.0 17.075723046875
371.0 15.170845703125
372.0 12.496280078125
373.0 8.99219521484375
374.0 1.87153828125
375.0 0.81418720703125
376.0 14.96736513671875
377.0 13.03663701171875
378.0 17.4694287109375
379.0 15.49923837890625
380.0 6.50696943359375
381.0 15.63145546875
382.0 16.29376962890625
383.0 17.38992431640625
384.0 18.14824990234375
385.0 22.74416494140625
386.0 18.12808134765625
387.0 22.60125478515625
388.0 12.44256474609375
389.0 15.0906361328125
390.0 19.67929189453125
391.0 14.910025
392.0 22.097903515625
393.0 17.1809505859375
394.0 18.31404912109375
395.0 16.31942607421875
396.0 16.91866435546875
397.0 15.0218328125
398.0 16.58238212890625
399.0 18.82613837890625
400.0 17.36951103515625
401.0 18.05580341796875
402.0 15.7057615234375
403.0 16.00556220703125
404.0 16.94844052734375
405.0 15.0480353515625
406.0 13.63873505859375
407.0 11.62343388671875
408.0 0.62150234375
409.0 14.30732568359375
410.0 1.82343447265625
411.0 8.65444619140625
412.0 8.4312857421875
413.0 12.2737259765625
414.0 14.64637314453125
415.0 13.906826953125
416.0 11.71094423828125
417.0 13.106541015625
418.0 3.97154423828125
419.0 3.4285474609375
420.0 5.75905439453125
421.0 16.872363671875
422.0 16.2406701171875
423.0 18.56847666015625
424.0 21.13749228515625
425.0 13.7321759765625
426.0 9.40531083984375
427.0 18.62575400390625
428.0 15.35659140625
429.0 19.87666748046875
430.0 19.87123154296875
431.0 18.93332275390625
432.0 17.6687130859375
433.0 16.51082646484375
434.0 17.05358935546875
435.0 0.3653287109375
436.0 13.92347099609375
437.0 16.05885625
438.0 10.57510302734375
439.0 14.2244833984375
440.0 13.960915625
441.0 13.80486787109375
442.0 10.5523015625
443.0 14.01533408203125
444.0 12.78696435546875
445.0 11.29206123046875
446.0 12.75625703125
447.0 12.77368603515625
448.0 18.04556689453125
449.0 9.49787470703125
450.0 9.69835986328125
451.0 9.57121494140625
452.0 9.63246025390625
453.0 11.2398044921875
454.0 3.23444521484375
455.0 3.51424375
456.0 0.08487724609375
457.0 0.739059375
458.0 2.4819259765625
459.0 0.5834044921875
460.0 1.1596919921875
461.0 0.0894078125
462.0 0.73171123046875
463.0 5.21055
464.0 11.97987451171875
465.0 8.67292255859375
466.0 4.94431142578125
467.0 3.62106884765625
468.0 15.63737880859375
469.0 12.89874140625
470.0 10.641865234375
471.0 5.66080986328125
472.0 2.63159501953125
473.0 9.056837890625
474.0 13.930120703125
475.0 12.682703515625
476.0 12.439958203125
477.0 10.14279794921875
478.0 5.7364962890625
479.0 13.55870849609375
480.0 13.021123046875
481.0 8.38424765625
482.0 11.218141015625
483.0 15.8471642578125
484.0 15.76373603515625
485.0 15.16055078125
486.0 17.27367177734375
487.0 15.1272046875
488.0 17.33562451171875
489.0 17.3820146484375
490.0 18.4066248046875
491.0 15.29256669921875
492.0 15.52728896484375
493.0 17.1498474609375
494.0 13.35715048828125
495.0 13.6317462890625
496.0 15.30180791015625
497.0 16.7477072265625
498.0 15.6611490234375
499.0 11.778736328125
500.0 9.49597197265625
501.0 8.21680244140625
502.0 9.3113990234375
503.0 10.361875
504.0 8.60087841796875
505.0 11.71382890625
506.0 9.278673046875
507.0 10.1164908203125
508.0 8.1443619140625
509.0 7.903077734375
510.0 8.85997490234375
511.0 11.3250107421875
512.0 17.3786044921875
513.0 12.68086318359375
514.0 17.151953125
515.0 15.04103798828125
516.0 13.89670947265625
517.0 16.01312724609375
518.0 17.60436484375
519.0 13.2191759765625
520.0 13.0180357421875
521.0 12.06867607421875
522.0 6.9063548828125
523.0 9.1735599609375
524.0 15.137524609375
525.0 8.13782998046875
526.0 14.0366640625
527.0 14.9195080078125
528.0 13.1848958984375
529.0 16.52169736328125
530.0 14.008019140625
531.0 15.89675419921875
532.0 12.46385
533.0 14.7569375
534.0 7.30799873046875
535.0 15.43448916015625
536.0 14.43294052734375
537.0 11.92461376953125
538.0 9.84485302734375
539.0 6.9541048828125
540.0 11.62394736328125
541.0 13.24526943359375
542.0 16.073949609375
543.0 12.03927041015625
544.0 14.468975390625
545.0 9.80296533203125
546.0 11.69240029296875
547.0 2.6219841796875
548.0 0.208183203125
549.0 4.04100009765625
550.0 2.71508818359375
551.0 5.8182388671875
552.0 12.60659169921875
553.0 16.74972353515625
554.0 10.639416015625
555.0 9.9876810546875
556.0 15.48400400390625
557.0 6.262287890625
558.0 14.242408984375
559.0 12.249578125
560.0 11.0045794921875
561.0 13.93702451171875
562.0 6.997782421875
563.0 15.0045013671875
564.0 10.4335826171875
565.0 8.00068115234375
566.0 12.29058037109375
567.0 6.15719755859375
568.0 4.06914228515625
569.0 1.2173783203125
570.0 1.71164375
571.0 2.3299423828125
572.0 1.786013671875
573.0 6.89644150390625
574.0 1.787137109375
575.0 1.3269544921875
576.0 6.13217216796875
577.0 3.29795419921875
578.0 4.54557724609375
579.0 0.667274609375
580.0 1.0428466796875
581.0 1.67256181640625
582.0 13.42707490234375
583.0 18.9831419921875
584.0 16.03910029296875
585.0 6.38901357421875
586.0 5.53215283203125
587.0 16.11865234375
588.0 14.01876357421875
589.0 9.49900517578125
590.0 17.31004375
591.0 4.01695205078125
592.0 0.50058740234375
593.0 2.899871875
594.0 15.52707939453125
595.0 9.508762109375
596.0 1.79583125
597.0 1.718599609375
598.0 5.6764185546875
599.0 16.53719248046875
600.0 12.8859642578125
601.0 10.24029091796875
602.0 9.343713671875
603.0 12.77810419921875
604.0 1.21444619140625
605.0 6.32204638671875
606.0 3.08323017578125
607.0 9.3643609375
608.0 16.55611806640625
609.0 14.7898630859375
610.0 16.58681962890625
611.0 16.41393564453125
612.0 10.5675021484375
613.0 13.42665068359375
614.0 16.69379453125
615.0 18.17025361328125
616.0 16.7511955078125
617.0 7.2304595703125
618.0 0.156005859375
619.0 1.51226806640625
620.0 0.437904296875
621.0 1.45349990234375
622.0 1.08308681640625
623.0 0.9209451171875
624.0 1.11690810546875
625.0 1.3713927734375
626.0 2.37650517578125
627.0 2.34028564453125
628.0 2.2771361328125
629.0 0.6577390625
630.0 4.135737890625
631.0 1.9675263671875
632.0 7.9940322265625
633.0 12.8563234375
634.0 7.4347302734375
635.0 7.52042861328125
636.0 13.7864361328125
637.0 10.68826640625
638.0 18.86327470703125
639.0 11.2221212890625
640.0 15.0428154296875
641.0 16.55770908203125
642.0 10.36675849609375
643.0 10.5536130859375
644.0 0.8764806640625
645.0 16.9630447265625
646.0 10.46201171875
647.0 18.17019755859375
648.0 13.32044140625
649.0 11.94875703125
650.0 18.9746498046875
651.0 17.38543076171875
652.0 17.5181958984375
653.0 9.573514453125
654.0 13.64581640625
655.0 14.64338369140625
656.0 15.3744802734375
657.0 14.7815931640625
658.0 15.47890341796875
659.0 12.05416396484375
660.0 18.5269015625
661.0 11.97536669921875
662.0 12.53739287109375
663.0 7.93573388671875
664.0 10.596253515625
665.0 3.499741796875
666.0 0.75167080078125
667.0 0.40691376953125
668.0 0.14585107421875
669.0 9.15940859375
670.0 12.14248193359375
671.0 3.91734765625
672.0 18.29724248046875
673.0 6.452833984375
674.0 1.34082509765625
675.0 11.2979865234375
676.0 8.13924951171875
677.0 3.28489697265625
678.0 1.89922333984375
679.0 0.06250751953125
680.0 0.67548828125
681.0 4.085716796875
682.0 7.69985859375
683.0 12.34219736328125
684.0 16.674313671875
685.0 12.626443359375
686.0 17.16959375
687.0 8.76371240234375
688.0 0.486876171875
689.0 12.29923671875
690.0 6.15259794921875
691.0 16.3749244140625
692.0 16.2622205078125
693.0 14.63676259765625
694.0 18.9243349609375
695.0 15.16955185546875
696.0 15.48979892578125
697.0 14.0538927734375
698.0 12.62912822265625
699.0 15.2924185546875
700.0 8.02681826171875
701.0 10.79175947265625
702.0 14.9194376953125
703.0 16.22686220703125
704.0 14.0253421875
705.0 6.7675001953125
706.0 16.45533583984375
707.0 14.7709548828125
708.0 13.549319921875
709.0 16.13723916015625
710.0 13.21717041015625
711.0 10.31361416015625
712.0 11.40174326171875
713.0 10.223721875
714.0 14.280436328125
715.0 13.1053638671875
716.0 5.27210068359375
717.0 4.7303126953125
718.0 12.18632568359375
719.0 11.7150787109375
720.0 14.643789453125
721.0 14.8399798828125
722.0 7.279126171875
723.0 19.1122142578125
724.0 11.67888759765625
725.0 11.20105498046875
726.0 20.33070634765625
727.0 17.733186328125
728.0 10.08652880859375
729.0 14.18914453125
730.0 6.93160654296875
731.0 10.93783974609375
732.0 4.12030537109375
733.0 5.59568271484375
734.0 9.46884609375
735.0 5.25307314453125
736.0 13.18975732421875
737.0 7.9202095703125
738.0 23.9752931640625
739.0 3.3710890625
740.0 2.25614482421875
741.0 7.2328796875
742.0 22.88774375
743.0 18.8262041015625
744.0 20.050510546875
745.0 18.56134521484375
746.0 10.8573322265625
747.0 15.35020439453125
748.0 18.74513720703125
749.0 0.19027236328125
750.0 19.9090388671875
751.0 17.2287015625
752.0 18.463511328125
753.0 17.85303173828125
754.0 17.88882412109375
755.0 15.65230244140625
756.0 14.2894578125
757.0 6.207871484375
758.0 20.25604482421875
759.0 14.3493587890625
760.0 18.43010380859375
761.0 20.327255859375
762.0 14.23499853515625
763.0 14.13983330078125
764.0 12.41804423828125
765.0 3.60615068359375
766.0 6.3938994140625
767.0 16.06515615234375
768.0 11.4017005859375
769.0 7.4706220703125
770.0 2.823943359375
771.0 10.25848427734375
772.0 20.7774888671875
773.0 3.69068115234375
774.0 14.50736669921875
775.0 11.2627748046875
776.0 0.6348251953125
777.0 11.76816435546875
778.0 11.60339765625
779.0 8.9496978515625
780.0 14.3797658203125
781.0 7.1124365234375
782.0 9.77475029296875
783.0 9.42910224609375
784.0 9.3241625
785.0 0.85517958984375
786.0 18.0707900390625
787.0 18.6190275390625
788.0 13.1245705078125
789.0 16.9068345703125
790.0 18.27397958984375
791.0 20.25135771484375
792.0 17.28219482421875
793.0 19.9353076171875
794.0 21.05222412109375
795.0 19.295008203125
796.0 17.14818857421875
797.0 4.98789052734375
798.0 19.3662962890625
799.0 16.8825244140625
