0.0 8.16111083984375
1.0 7.19995478515625
2.0 8.0903359375
3.0 8.0475919921875
4.0 8.06662666015625
5.0 7.0879220703125
6.0 7.63602919921875
7.0 6.8072943359375
8.0 7.0325896484375
9.0 6.78999140625
10.0 7.59134853515625
11.0 7.59632353515625
12.0 7.12017412109375
13.0 7.44195634765625
14.0 7.7074228515625
15.0 7.92443271484375
16.0 8.348389453125
17.0 7.25050595703125
18.0 7.8505625
19.0 8.0314162109375
20.0 8.31089560546875
21.0 7.5699994140625
22.0 7.75684296875
23.0 8.6443314453125
24.0 8.5168873046875
25.0 8.416598828125
26.0 7.73389052734375
27.0 8.1873197265625
28.0 8.07395947265625
29.0 8.5153451171875
30.0 8.08396572265625
31.0 8.11937734375
32.0 8.15730302734375
33.0 8.1268509765625
34.0 8.29213193359375
35.0 7.55871640625
36.0 7.691813671875
37.0 7.0135130859375
38.0 7.0126779296875
39.0 7.1842115234375
40.0 8.12565205078125
41.0 6.5608232421875
42.0 6.14060341796875
43.0 4.6494986328125
44.0 7.33318623046875
45.0 7.06529033203125
46.0 6.1487666015625
47.0 7.6157533203125
48.0 8.41305439453125
49.0 8.19715546875
50.0 9.748058203125
51.0 11.7449876953125
52.0 9.28510634765625
53.0 9.56888173828125
54.0 6.67430595703125
55.0 11.37624404296875
56.0 8.001712890625
57.0 12.50486962890625
58.0 10.22068310546875
59.0 10.36835419921875
60.0 11.267478515625
61.0 10.86478369140625
62.0 13.63371982421875
63.0 10.73256748046875
64.0 10.3696423828125
65.0 11.4909076171875
66.0 10.17567265625
67.0 10.726570703125
68.0 10.19531005859375
69.0 4.990313671875
70.0 5.61564169921875
71.0 10.07774169921875
72.0 11.23230654296875
73.0 12.14051826171875
74.0 11.38554794921875
75.0 12.79787275390625
76.0 11.839165625
77.0 10.708199609375
78.0 6.73913828125
79.0 1.43082275390625
80.0 9.16847333984375
81.0 7.518230859375
82.0 7.61175107421875
83.0 8.06050908203125
84.0 7.3178509765625
85.0 8.77871611328125
86.0 11.1253904296875
87.0 11.52128154296875
88.0 8.0892306640625
89.0 12.0389158203125
90.0 11.04742138671875
91.0 10.27612890625
92.0 11.500219921875
93.0 10.87951181640625
94.0 10.7933638671875
95.0 7.50476123046875
96.0 7.31584248046875
97.0 7.97171513671875
98.0 8.49583369140625
99.0 8.065049609375
100.0 7.12610966796875
101.0 10.55467890625
102.0 11.2375203125
103.0 12.03254365234375
104.0 9.65972490234375
105.0 10.13488369140625
106.0 11.01002470703125
107.0 11.015116015625
108.0 3.77451484375
109.0 3.19293349609375
110.0 3.7630904296875
111.0 7.23505732421875
112.0 8.81090693359375
113.0 7.9686421875
114.0 9.3045431640625
115.0 9.4007455078125
116.0 9.97133916015625
117.0 8.16355166015625
118.0 9.0453982421875
119.0 8.526759765625
120.0 7.57080400390625
121.0 10.3087515625
122.0 10.65291171875
123.0 11.20813857421875
124.0 8.0492697265625
125.0 12.0238345703125
126.0 9.4598134765625
127.0 11.73444765625
128.0 10.12555361328125
129.0 11.22531318359375
130.0 11.56644072265625
131.0 9.3992408203125
132.0 9.7494193359375
133.0 9.7193705078125
134.0 11.827796484375
135.0 11.813437890625
136.0 10.7935556640625
137.0 10.5014818359375
138.0 11.9030392578125
139.0 12.04498056640625
140.0 8.12809365234375
141.0 10.17967705078125
142.0 9.4705185546875
143.0 12.5078380859375
144.0 9.0384861328125
145.0 8.9808671875
146.0 7.87765087890625
147.0 8.55531962890625
148.0 7.60741044921875
149.0 8.064446875
150.0 8.66653359375
151.0 8.4135306640625
152.0 8.30339150390625
153.0 7.55268115234375
154.0 9.17310498046875
155.0 11.06609658203125
156.0 9.42314873046875
157.0 6.69065888671875
158.0 6.97456171875
159.0 8.72461689453125
160.0 6.847140234375
161.0 6.35306552734375
162.0 4.488466796875
163.0 4.85060224609375
164.0 4.37308447265625
165.0 6.9300232421875
166.0 3.243110546875
167.0 9.11676845703125
168.0 10.35137998046875
169.0 9.60650595703125
170.0 9.69220859375
171.0 9.7444140625
172.0 6.55029296875
173.0 5.91791591796875
174.0 6.22709326171875
175.0 7.42601630859375
176.0 7.9815302734375
177.0 6.33097470703125
178.0 8.26691953125
179.0 2.5818224609375
180.0 2.45895556640625
181.0 2.40009609375
182.0 2.98616669921875
183.0 3.4304412109375
184.0 7.75880859375
185.0 7.16308173828125
186.0 5.4589330078125
187.0 8.00297109375
188.0 7.81030888671875
189.0 8.41408974609375
190.0 11.2479759765625
191.0 8.429908984375
192.0 9.53951181640625
193.0 9.61732548828125
194.0 6.44344541015625
195.0 12.04732314453125
196.0 8.22634765625
197.0 10.43404013671875
198.0 7.4918810546875
199.0 9.652653125
200.0 7.4541390625
201.0 3.53394931640625
202.0 3.75155244140625
203.0 5.4189701171875
204.0 7.771201171875
205.0 8.6656986328125
206.0 8.80633212890625
207.0 9.7064220703125
208.0 8.7639099609375
209.0 8.3329494140625
210.0 10.0206080078125
211.0 8.62640859375
212.0 8.461831640625
213.0 9.252084765625
214.0 10.902690625
215.0 7.43073564453125
216.0 9.1405806640625
217.0 8.38980341796875
218.0 8.52501396484375
219.0 9.59068046875
220.0 7.3687626953125
221.0 12.8436671875
222.0 12.27650439453125
223.0 8.20668544921875
224.0 9.5442138671875
225.0 7.73562578125
226.0 11.7323486328125
227.0 11.243176953125
228.0 7.89713818359375
229.0 7.7780728515625
230.0 8.83616484375
231.0 8.51281923828125
232.0 9.83650751953125
233.0 10.87297880859375
234.0 10.79208759765625
235.0 9.27734345703125
236.0 10.81223115234375
237.0 8.8217826171875
238.0 9.03292001953125
239.0 5.9751548828125
240.0 9.76530615234375
241.0 13.0517775390625
242.0 10.77609697265625
243.0 14.37555517578125
244.0 10.9623548828125
245.0 9.7615421875
246.0 11.6705576171875
247.0 13.34511806640625
248.0 10.120437890625
249.0 12.3870744140625
250.0 12.4123666015625
251.0 8.89105712890625
252.0 8.252801171875
253.0 9.50798486328125
254.0 10.62648994140625
255.0 7.21001435546875
256.0 7.862748046875
257.0 8.84780029296875
258.0 14.0517423828125
259.0 12.85373857421875
260.0 12.4110283203125
261.0 12.44731953125
262.0 11.2899029296875
263.0 13.06585263671875
264.0 12.2611052734375
265.0 11.604019140625
266.0 10.80912841796875
267.0 12.41389423828125
268.0 12.72749658203125
269.0 11.2012521484375
270.0 13.15553330078125
271.0 12.43461220703125
272.0 12.96749716796875
273.0 12.15174970703125
274.0 12.588089453125
275.0 11.3384583984375
276.0 12.1639083984375
277.0 13.02107412109375
278.0 12.26400361328125
279.0 12.2910416015625
280.0 11.305783203125
281.0 14.06029248046875
282.0 10.659621484375
283.0 12.26748466796875
284.0 11.60978544921875
285.0 13.8839126953125
286.0 12.38001318359375
287.0 12.341252734375
288.0 0.0
289.0 0.0
290.0 0.0
291.0 2.2269818359375
292.0 12.46256474609375
293.0 14.3326173828125
294.0 10.4480408203125
295.0 11.90875068359375
296.0 7.87963994140625
297.0 7.49237451171875
298.0 9.2940603515625
299.0 13.371199609375
300.0 12.38817177734375
301.0 0.0
302.0 0.0
303.0 2.57572490234375
304.0 10.66925458984375
305.0 12.9880923828125
306.0 13.18397265625
307.0 10.67931865234375
308.0 0.0
309.0 0.0
310.0 1.7319482421875
311.0 10.5392751953125
312.0 13.3120447265625
313.0 13.9147609375
314.0 14.568024609375
315.0 11.333028125
316.0 0.0
317.0 0.0
318.0 3.087672265625
319.0 0.0
320.0 0.0
321.0 4.71775947265625
322.0 10.97880029296875
323.0 2.68685478515625
324.0 6.37605029296875
325.0 7.74097099609375
326.0 11.64835341796875
327.0 10.79958232421875
328.0 6.742933984375
329.0 6.34362763671875
330.0 3.8690958984375
331.0 7.68950068359375
332.0 4.01594609375
333.0 13.372260546875
334.0 8.46144677734375
335.0 12.32510625
336.0 10.5981958984375
337.0 9.48894189453125
338.0 12.6073205078125
339.0 8.67450791015625
340.0 10.98518828125
341.0 9.0437396484375
342.0 11.237191796875
343.0 11.08935966796875
344.0 8.52426640625
345.0 10.062607421875
346.0 10.3033140625
347.0 12.446828125
348.0 12.86452138671875
349.0 11.2914119140625
350.0 9.22655615234375
351.0 5.96132333984375
352.0 3.88428134765625
353.0 11.20252236328125
354.0 8.86778798828125
355.0 7.8828564453125
356.0 8.7766984375
357.0 9.38675849609375
358.0 9.32862001953125
359.0 12.63710126953125
360.0 7.1897876953125
361.0 14.04121474609375
362.0 11.15160068359375
363.0 13.1575708984375
364.0 12.95156591796875
365.0 13.2313115234375
366.0 13.105312890625
367.0 11.53631240234375
368.0 10.8933462890625
369.0 13.215015234375
370.0 12.89015625
371.0 7.29485224609375
372.0 13.308298828125
373.0 12.48213095703125
374.0 13.39822392578125
375.0 10.8965259765625
376.0 13.35123017578125
377.0 6.4328630859375
378.0 16.393765625
379.0 11.30568310546875
380.0 13.89655615234375
381.0 11.3381701171875
382.0 10.2652306640625
383.0 10.70380009765625
384.0 7.8568921875
385.0 8.36639296875
386.0 7.335981640625
387.0 11.4697072265625
388.0 8.8416654296875
389.0 8.3968150390625
390.0 1.53314375
391.0 2.88919072265625
392.0 3.4919564453125
393.0 8.42924619140625
394.0 3.47185625
395.0 4.59575927734375
396.0 4.84482109375
397.0 6.3021669921875
398.0 6.09290712890625
399.0 5.52781015625
400.0 4.737885546875
401.0 6.62747861328125
402.0 6.1546072265625
403.0 5.56883505859375
404.0 7.186325390625
405.0 9.42045947265625
406.0 9.0742240234375
407.0 13.14058291015625
408.0 8.4619728515625
409.0 10.253176171875
410.0 13.55263056640625
411.0 14.4520693359375
412.0 9.4034802734375
413.0 7.90504609375
414.0 8.06941845703125
415.0 9.53464345703125
416.0 14.1774091796875
417.0 12.46683896484375
418.0 6.0060603515625
419.0 4.90716318359375
420.0 4.39030849609375
421.0 0.0
422.0 0.0
423.0 0.0
424.0 3.31704072265625
425.0 8.5226255859375
426.0 5.43960703125
427.0 0.0
428.0 0.0
429.0 0.0
430.0 0.5567013671875
431.0 10.4003365234375
432.0 13.111624609375
433.0 9.2255818359375
434.0 10.57844560546875
435.0 9.24882763671875
436.0 13.8278369140625
437.0 9.867812890625
438.0 10.722028515625
439.0 8.888683984375
440.0 13.68789013671875
441.0 10.27433681640625
442.0 7.891989453125
443.0 11.18301962890625
444.0 9.889253125
445.0 11.04121318359375
446.0 11.56270791015625
447.0 10.52445947265625
448.0 11.40110380859375
449.0 7.9457744140625
450.0 13.3497109375
451.0 13.33200908203125
452.0 13.6233361328125
453.0 8.9881642578125
454.0 11.69085751953125
455.0 7.930680078125
456.0 11.19998251953125
457.0 12.06278603515625
458.0 9.97897451171875
459.0 9.69205263671875
460.0 9.89555556640625
461.0 12.9361984375
462.0 8.32836083984375
463.0 10.220915625
464.0 9.6113603515625
465.0 11.7829298828125
466.0 10.52492197265625
467.0 5.73051103515625
468.0 8.92499443359375
469.0 8.19220439453125
470.0 10.48991767578125
471.0 10.1518333984375
472.0 12.109388671875
473.0 9.0335283203125
474.0 9.861046484375
475.0 8.76975712890625
476.0 13.92615078125
477.0 11.57855634765625
478.0 10.2120693359375
479.0 6.48322939453125
480.0 9.70187041015625
481.0 8.97360556640625
482.0 11.4103595703125
483.0 9.5997826171875
484.0 8.34301416015625
485.0 8.77334453125
486.0 11.12642666015625
487.0 9.2555009765625
488.0 10.10345849609375
489.0 8.90813359375
490.0 10.724298828125
491.0 13.00462880859375
492.0 7.927251953125
493.0 9.72771640625
494.0 9.41149501953125
495.0 12.6047412109375
496.0 9.16886083984375
497.0 10.15838447265625
498.0 8.05733076171875
499.0 11.84997255859375
500.0 8.77498427734375
501.0 9.74151806640625
502.0 7.1014326171875
503.0 14.71770205078125
504.0 12.36400458984375
505.0 9.584184375
506.0 9.587220703125
507.0 9.7519142578125
508.0 13.29359853515625
509.0 14.004655859375
510.0 8.309251171875
511.0 9.12217900390625
512.0 8.55225986328125
513.0 12.052023828125
514.0 8.98164404296875
515.0 10.23083798828125
516.0 8.22127373046875
517.0 14.19573935546875
518.0 10.34369853515625
519.0 11.519891796875
520.0 11.45674033203125
521.0 0.0
522.0 0.0
523.0 2.4791228515625
524.0 0.0
525.0 0.0
526.0 0.7822265625
527.0 0.0
528.0 0.0
529.0 0.8500599609375
530.0 0.0
531.0 0.0
532.0 1.72384560546875
533.0 0.0
534.0 0.0
535.0 1.0728685546875
536.0 0.0
537.0 0.0
538.0 2.29575673828125
539.0 0.0
540.0 0.0
541.0 0.0
542.0 2.333748046875
543.0 0.0
544.0 0.0
545.0 3.62212568359375
546.0 0.0
547.0 0.0
548.0 2.99587392578125
549.0 0.0
550.0 0.0
551.0 0.0
552.0 3.14103271484375
553.0 0.0
554.0 0.0
555.0 0.940758984375
556.0 0.0
557.0 0.0
558.0 1.1083017578125
559.0 0.0
560.0 0.0
561.0 0.0
562.0 0.6584244140625
563.0 0.0
564.0 0.0
565.0 0.0
566.0 1.95879365234375
567.0 9.81925947265625
568.0 9.6835650390625
569.0 12.3675146484375
570.0 10.12771650390625
571.0 10.85346533203125
572.0 11.773861328125
573.0 12.4667791015625
574.0 2.82056669921875
575.0 0.0
576.0 0.0
577.0 1.0271671875
578.0 8.24273515625
579.0 8.85536875
580.0 1.64326318359375
581.0 6.54713076171875
582.0 0.847
583.0 4.61870986328125
584.0 7.77014853515625
585.0 0.0
586.0 0.0
587.0 0.0
588.0 2.983662109375
589.0 5.21482197265625
590.0 3.72589580078125
591.0 0.0
592.0 0.0
593.0 1.5763041015625
594.0 5.90856875
595.0 1.22312783203125
596.0 0.0
597.0 0.0
598.0 0.0
599.0 2.6249255859375
600.0 0.0
601.0 0.0
602.0 0.0
603.0 2.292129296875
604.0 4.047862109375
605.0 0.0
606.0 0.0
607.0 2.70772119140625
608.0 5.349866796875
609.0 9.6163689453125
610.0 8.3107513671875
611.0 4.9045380859375
612.0 11.70744189453125
613.0 13.06665048828125
614.0 12.6698806640625
615.0 4.5477392578125
616.0 4.08241953125
617.0 5.1976404296875
618.0 10.9277712890625
619.0 11.199258203125
620.0 12.98586669921875
621.0 3.8517064453125
622.0 0.0
623.0 0.0
624.0 2.1057755859375
625.0 0.0
626.0 0.0
627.0 0.0
628.0 3.7661978515625
629.0 5.10776708984375
630.0 0.0
631.0 0.0
632.0 0.74092041015625
633.0 0.0
634.0 0.0
635.0 1.3496228515625
636.0 10.91564619140625
637.0 11.5019142578125
638.0 10.64651015625
639.0 10.3889169921875
640.0 8.3676140625
641.0 13.198248046875
642.0 6.44689482421875
643.0 7.0722490234375
644.0 8.12631943359375
645.0 10.96153603515625
646.0 12.4464181640625
647.0 0.0
648.0 0.0
649.0 0.0
650.0 8.794923828125
651.0 7.56627509765625
652.0 0.0
653.0 0.0
654.0 1.5476287109375
655.0 0.0
656.0 0.0
657.0 1.387980859375
658.0 7.49971298828125
659.0 7.93329365234375
660.0 0.0
661.0 0.0
662.0 3.31836669921875
663.0 10.209796484375
664.0 5.43079169921875
665.0 4.37753115234375
666.0 3.9432271484375
667.0 2.060187109375
668.0 9.35194794921875
669.0 9.4199005859375
670.0 7.2903376953125
671.0 8.91847529296875
672.0 10.26342705078125
673.0 10.34738681640625
674.0 10.86558486328125
675.0 8.93550654296875
676.0 8.00282099609375
677.0 11.8162826171875
678.0 12.7559529296875
679.0 9.06584462890625
680.0 9.95988115234375
681.0 9.3394478515625
682.0 11.4030224609375
683.0 12.888796484375
684.0 9.353938671875
685.0 8.7255900390625
686.0 8.32458427734375
687.0 11.69710927734375
688.0 12.21348603515625
689.0 9.19551328125
690.0 10.40756044921875
691.0 9.3452015625
692.0 12.01740048828125
693.0 12.63761142578125
694.0 7.47580283203125
695.0 9.28234169921875
696.0 9.24607421875
697.0 8.5372869140625
698.0 9.6217185546875
699.0 5.8325791015625
700.0 7.1423701171875
701.0 1.37975478515625
702.0 1.450565234375
703.0 0.0
704.0 0.0
705.0 2.56742421875
706.0 8.08717939453125
707.0 8.83099130859375
708.0 12.0622244140625
709.0 14.7401892578125
710.0 12.98894921875
711.0 13.81270673828125
712.0 12.0383919921875
713.0 13.55677294921875
714.0 14.23214228515625
715.0 9.35984951171875
716.0 11.541714453125
717.0 11.47361796875
718.0 10.02053720703125
719.0 11.0451880859375
720.0 11.10655595703125
721.0 11.13997568359375
722.0 10.80336162109375
723.0 10.54041826171875
724.0 10.53614013671875
725.0 10.0273529296875
726.0 9.57052607421875
727.0 8.86101962890625
728.0 9.2670060546875
729.0 12.80972236328125
730.0 10.89421953125
731.0 5.28002890625
732.0 4.893029296875
733.0 3.56369228515625
734.0 3.41938681640625
735.0 0.0
736.0 0.0
737.0 0.707937890625
738.0 3.3222595703125
739.0 4.2266517578125
740.0 12.88686884765625
741.0 13.93303583984375
742.0 0.51829072265625
743.0 0.0
744.0 0.0
745.0 0.8807873046875
746.0 0.0
747.0 0.0
748.0 0.0
749.0 3.4669900390625
750.0 5.12614560546875
751.0 0.0
752.0 0.0
753.0 0.2763103515625
754.0 0.0
755.0 0.0
756.0 3.07950654296875
757.0 13.9856677734375
758.0 14.192221484375
759.0 12.5948986328125
760.0 12.36364541015625
761.0 11.03229755859375
762.0 8.66977353515625
763.0 11.46069873046875
764.0 3.99782919921875
765.0 0.0
766.0 0.0
767.0 2.33396943359375
768.0 0.0
769.0 0.0
770.0 2.85557919921875
771.0 14.02709111328125
772.0 14.1519677734375
773.0 15.1136830078125
774.0 15.204089453125
775.0 14.74247568359375
776.0 0.0
777.0 0.0
778.0 2.4483134765625
779.0 9.345153515625
780.0 14.02179150390625
781.0 15.45249638671875
782.0 15.58476064453125
783.0 14.28252431640625
784.0 14.78431259765625
785.0 14.90288095703125
786.0 13.84096328125
787.0 15.62594697265625
788.0 14.42308583984375
789.0 13.380095703125
790.0 16.11728515625
791.0 15.5925453125
792.0 13.569948046875
793.0 16.27057001953125
794.0 14.38516396484375
795.0 15.0354880859375
796.0 11.83390771484375
797.0 0.41855869140625
798.0 0.0
799.0 0.0
