0.0 4.5778572265625
1.0 8.863892578125
2.0 8.25480732421875
3.0 8.84489404296875
4.0 7.6125669921875
5.0 8.36025849609375
6.0 7.67465478515625
7.0 6.79759267578125
8.0 5.865355078125
9.0 6.969562890625
10.0 4.6535267578125
11.0 7.392234375
12.0 7.9961228515625
13.0 6.62236357421875
14.0 6.05640791015625
15.0 5.36484736328125
16.0 7.974975
17.0 6.67719716796875
18.0 6.37319248046875
19.0 6.02002314453125
20.0 4.86157392578125
21.0 6.97170322265625
22.0 6.14789462890625
23.0 9.4048701171875
24.0 7.29904365234375
25.0 6.21645556640625
26.0 6.45337353515625
27.0 5.70669111328125
28.0 6.3426158203125
29.0 6.0001552734375
30.0 5.6498154296875
31.0 6.5091642578125
32.0 6.2042248046875
33.0 5.92136416015625
34.0 6.51862294921875
35.0 5.89818876953125
36.0 5.84642568359375
37.0 4.38328974609375
38.0 5.33083115234375
39.0 5.86183916015625
40.0 6.32039248046875
41.0 8.31816455078125
42.0 7.80491416015625
43.0 7.51342177734375
44.0 7.7333486328125
45.0 4.91763232421875
46.0 7.7909544921875
47.0 7.5239275390625
48.0 7.3587232421875
49.0 4.40513876953125
50.0 7.7277349609375
51.0 8.61924775390625
52.0 8.77152373046875
53.0 4.94490244140625
54.0 7.56200703125
55.0 8.36634541015625
56.0 10.05395478515625
57.0 5.86806376953125
58.0 8.95901904296875
59.0 9.51100068359375
60.0 8.7937849609375
61.0 6.08217841796875
62.0 5.4693595703125
63.0 5.6779748046875
64.0 5.93390283203125
65.0 6.47894033203125
66.0 6.92108056640625
67.0 7.922549609375
68.0 7.6014669921875
69.0 6.68247998046875
70.0 6.42283818359375
71.0 7.61087333984375
72.0 9.37543359375
73.0 5.404216796875
74.0 10.7587564453125
75.0 7.7112796875
76.0 7.10786318359375
77.0 4.15420546875
78.0 9.232894921875
79.0 7.83072080078125
80.0 9.09241845703125
81.0 6.8232630859375
82.0 5.859140234375
83.0 8.5937544921875
84.0 10.1673921875
85.0 9.64175791015625
86.0 7.748781640625
87.0 7.927566796875
88.0 6.56299443359375
89.0 3.9157150390625
90.0 3.3704359375
91.0 3.3877138671875
92.0 6.1951640625
93.0 5.81010556640625
94.0 6.07620986328125
95.0 7.09642509765625
96.0 6.61375361328125
97.0 7.8783796875
98.0 5.439275390625
99.0 4.74120947265625
100.0 3.7419970703125
101.0 4.29196123046875
102.0 1.98695244140625
103.0 3.26828974609375
104.0 2.419376171875
105.0 4.75125
106.0 4.26840478515625
107.0 4.56831865234375
108.0 3.510016015625
109.0 1.53978212890625
110.0 3.781629296875
111.0 3.3260603515625
112.0 5.4304578125
113.0 5.81801015625
114.0 4.0610349609375
115.0 4.38331376953125
116.0 6.1140509765625
117.0 5.49883076171875
118.0 6.30722314453125
119.0 5.57323837890625
120.0 4.3150125
121.0 3.89055703125
122.0 3.4623615234375
123.0 3.07116865234375
124.0 4.41042705078125
125.0 5.0334630859375
126.0 4.640379296875
127.0 2.4539712890625
128.0 6.188211328125
129.0 4.3187787109375
130.0 6.1069072265625
131.0 4.69634111328125
132.0 4.9359595703125
133.0 5.05493291015625
134.0 5.22715771484375
135.0 5.6099169921875
136.0 3.21168818359375
137.0 6.009551953125
138.0 5.21571787109375
139.0 6.62573251953125
140.0 2.3704806640625
141.0 3.5013546875
142.0 6.5944681640625
143.0 4.18984208984375
144.0 2.42855673828125
145.0 3.6543443359375
146.0 2.93290634765625
147.0 0.4786677734375
148.0 0.11398310546875
149.0 4.951947265625
150.0 3.71887509765625
151.0 2.9854673828125
152.0 5.9674353515625
153.0 2.89794462890625
154.0 3.5820306640625
155.0 4.56508876953125
156.0 2.63046953125
157.0 3.3969302734375
158.0 3.859564453125
159.0 5.8081330078125
160.0 6.40257431640625
161.0 7.6259921875
162.0 5.62014521484375
163.0 6.07825859375
164.0 5.44314677734375
165.0 5.16668056640625
166.0 1.3421853515625
167.0 4.677810546875
168.0 4.36439091796875
169.0 2.88648349609375
170.0 0.0
171.0 0.0
172.0 0.0
173.0 0.0
174.0 0.0
175.0 0.79351806640625
176.0 31.991609375
177.0 10.69491259765625
178.0 10.5186630859375
179.0 9.22197470703125
180.0 10.6698552734375
181.0 9.32550703125
182.0 9.6987052734375
183.0 8.962587890625
184.0 8.62786884765625
185.0 7.9173986328125
186.0 8.0430365234375
187.0 8.9836392578125
188.0 10.98353525390625
189.0 10.4635470703125
190.0 8.725200390625
191.0 8.45245908203125
192.0 9.50550791015625
193.0 9.2824455078125
194.0 9.57430107421875
195.0 9.3909279296875
196.0 8.6604671875
197.0 9.15308759765625
198.0 9.358559765625
199.0 6.7105271484375
200.0 8.99994091796875
201.0 9.41585546875
202.0 9.10082412109375
203.0 9.42457919921875
204.0 9.8555396484375
205.0 9.91086826171875
206.0 9.67277265625
207.0 8.19172109375
208.0 9.15490302734375
209.0 9.40767265625
210.0 11.15810947265625
211.0 8.94504248046875
212.0 12.2354142578125
213.0 9.28638154296875
214.0 10.4081705078125
215.0 11.02496513671875
216.0 10.13443642578125
217.0 9.7282677734375
218.0 12.08921787109375
219.0 8.9956951171875
220.0 8.178580859375
221.0 6.99702314453125
222.0 7.01312802734375
223.0 8.3777541015625
224.0 7.95900361328125
225.0 7.7917982421875
226.0 9.17979541015625
227.0 8.7991771484375
228.0 8.5692826171875
229.0 8.45817236328125
230.0 7.20692607421875
231.0 8.5243361328125
232.0 9.70565986328125
233.0 9.91411923828125
234.0 9.05635
235.0 9.09142080078125
236.0 11.742560546875
237.0 8.6946443359375
238.0 10.16612236328125
239.0 7.5237111328125
240.0 10.44675927734375
241.0 8.31685361328125
242.0 8.7060861328125
243.0 10.12602158203125
244.0 10.871466796875
245.0 9.03102490234375
246.0 7.01095478515625
247.0 6.05725244140625
248.0 8.9624486328125
249.0 8.54939423828125
250.0 9.25810830078125
251.0 4.86361806640625
252.0 8.61347734375
253.0 6.59843828125
254.0 7.68863525390625
255.0 6.44333330078125
256.0 8.5227873046875
257.0 8.6366138671875
258.0 8.17617958984375
259.0 6.789390234375
260.0 5.65877900390625
261.0 6.5955134765625
262.0 7.6400029296875
263.0 7.097165625
264.0 7.9253353515625
265.0 6.6146990234375
266.0 7.89822451171875
267.0 9.95303076171875
268.0 8.72193759765625
269.0 11.0583244140625
270.0 7.58695849609375
271.0 8.83533388671875
272.0 8.71964453125
273.0 8.677068359375
274.0 8.91439580078125
275.0 9.93264765625
276.0 9.5746662109375
277.0 6.01057412109375
278.0 9.01269775390625
279.0 10.0797091796875
280.0 8.666037890625
281.0 8.9624017578125
282.0 9.34238271484375
283.0 6.788105078125
284.0 8.66640546875
285.0 8.14227080078125
286.0 7.4616455078125
287.0 8.30438583984375
288.0 9.6757578125
289.0 10.330509765625
290.0 7.1061333984375
291.0 10.740130859375
292.0 9.42757109375
293.0 9.6874251953125
294.0 9.00336630859375
295.0 9.71767529296875
296.0 10.54837451171875
297.0 9.20146845703125
298.0 9.0425138671875
299.0 9.08906650390625
300.0 8.97852841796875
301.0 10.7509287109375
302.0 10.3867203125
303.0 7.83946865234375
304.0 8.7539509765625
305.0 10.53664873046875
306.0 9.0296599609375
307.0 8.326405078125
308.0 8.42122412109375
309.0 9.56400009765625
310.0 8.86349072265625
311.0 9.1454923828125
312.0 8.8198248046875
313.0 8.6918228515625
314.0 7.0209732421875
315.0 7.27534423828125
316.0 6.1672787109375
317.0 7.34604560546875
318.0 6.9196525390625
319.0 7.21658974609375
320.0 6.405095703125
321.0 7.3021986328125
322.0 4.05550576171875
323.0 6.43341416015625
324.0 5.61421494140625
325.0 5.36351064453125
326.0 5.9638818359375
327.0 4.5735046875
328.0 7.52004423828125
329.0 8.25342509765625
330.0 7.72257001953125
331.0 5.84671220703125
332.0 6.89838359375
333.0 6.0688615234375
334.0 5.9781248046875
335.0 5.66079912109375
336.0 5.778214453125
337.0 6.36305224609375
338.0 6.5642642578125
339.0 7.0309515625
340.0 9.687558203125
341.0 8.997427734375
342.0 5.7524916015625
343.0 6.05491533203125
344.0 5.88937783203125
345.0 5.90580771484375
346.0 6.13928349609375
347.0 5.570087890625
348.0 6.01818056640625
349.0 6.5499298828125
350.0 8.5632216796875
351.0 7.69640830078125
352.0 7.5596474609375
353.0 8.422023046875
354.0 7.66210927734375
355.0 6.90647734375
356.0 6.36884443359375
357.0 7.23785673828125
358.0 9.51318212890625
359.0 8.9008841796875
360.0 7.21823056640625
361.0 8.74471826171875
362.0 9.10459384765625
363.0 9.228441015625
364.0 9.134102734375
365.0 10.455790625
366.0 7.23847177734375
367.0 8.656484765625
368.0 7.6592201171875
369.0 9.7124470703125
370.0 8.66254736328125
371.0 7.6683453125
372.0 9.65028232421875
373.0 8.66926015625
374.0 8.73867470703125
375.0 6.549661328125
376.0 11.3569986328125
377.0 11.00732451171875
378.0 11.63989755859375
379.0 11.871901953125
380.0 9.2454193359375
381.0 7.953134765625
382.0 9.6889470703125
383.0 9.17558095703125
384.0 6.15489990234375
385.0 8.4578765625
386.0 10.07205625
387.0 5.01460244140625
388.0 7.692871484375
389.0 8.706081640625
390.0 9.73716416015625
391.0 10.10535517578125
392.0 8.1661578125
393.0 8.2374869140625
394.0 7.84063232421875
395.0 8.36188203125
396.0 10.60815751953125
397.0 8.2529912109375
398.0 9.8738044921875
399.0 10.9346658203125
400.0 9.50790732421875
401.0 8.96433125
402.0 9.24129755859375
403.0 9.5621419921875
404.0 8.836170703125
405.0 11.0721345703125
406.0 10.0238103515625
407.0 10.44363642578125
408.0 9.5480439453125
409.0 9.08716533203125
410.0 9.08393046875
411.0 10.2770568359375
412.0 9.18684912109375
413.0 10.499581640625
414.0 8.33131650390625
415.0 9.8102306640625
416.0 8.36104521484375
417.0 10.22336416015625
418.0 11.56653056640625
419.0 11.74870322265625
420.0 11.9542015625
421.0 11.7271685546875
422.0 11.11256953125
423.0 8.2141103515625
424.0 9.4166400390625
425.0 9.84332587890625
426.0 8.52684755859375
427.0 6.837166015625
428.0 11.04977314453125
429.0 10.052547265625
430.0 10.622537109375
431.0 8.29897763671875
432.0 9.77777724609375
433.0 10.2513103515625
434.0 9.84280029296875
435.0 9.8197271484375
436.0 10.12310947265625
437.0 11.79607861328125
438.0 11.08550048828125
439.0 7.19625439453125
440.0 11.710808984375
441.0 7.32205791015625
442.0 8.388126953125
443.0 6.89846181640625
444.0 6.986789453125
445.0 8.8434060546875
446.0 9.09711943359375
447.0 5.57240498046875
448.0 4.08734091796875
449.0 5.92170849609375
450.0 5.80074404296875
451.0 8.4454943359375
452.0 9.27528466796875
453.0 9.20040087890625
454.0 8.25750087890625
455.0 8.9818677734375
456.0 7.04386357421875
457.0 4.76944775390625
458.0 9.67436162109375
459.0 6.99526181640625
460.0 7.42808701171875
461.0 7.9960322265625
462.0 6.95171259765625
463.0 6.41420478515625
464.0 5.43513984375
465.0 6.6758552734375
466.0 4.9517865234375
467.0 3.334323828125
468.0 7.20720595703125
469.0 6.80100185546875
470.0 6.6197427734375
471.0 6.430328515625
472.0 5.64045654296875
473.0 5.83315751953125
474.0 9.16935986328125
475.0 7.20708916015625
476.0 6.11728388671875
477.0 7.2741912109375
478.0 4.96126025390625
479.0 8.54613701171875
480.0 7.85456982421875
481.0 9.3830025390625
482.0 8.83466640625
483.0 8.6691380859375
484.0 7.60023525390625
485.0 10.78161455078125
486.0 9.23769609375
487.0 9.092962890625
488.0 8.0258095703125
489.0 9.568567578125
490.0 8.7930544921875
491.0 8.3824392578125
492.0 8.3810142578125
493.0 11.0164333984375
494.0 10.1433568359375
495.0 6.10183154296875
496.0 8.23684150390625
497.0 9.06184638671875
498.0 10.2063859375
499.0 9.46099296875
500.0 9.70329892578125
501.0 8.81398681640625
502.0 10.79556845703125
503.0 9.10592841796875
504.0 8.65334755859375
505.0 9.92699052734375
506.0 5.82956728515625
507.0 6.033208984375
508.0 5.87336181640625
509.0 7.79232451171875
510.0 6.60634873046875
511.0 5.8423759765625
512.0 6.1558251953125
513.0 7.65580908203125
514.0 6.006675390625
515.0 6.83068486328125
516.0 6.9784033203125
517.0 7.76018046875
518.0 7.459699609375
519.0 6.62362509765625
520.0 8.0891193359375
521.0 7.3400224609375
522.0 7.55840185546875
523.0 11.5001662109375
524.0 8.057530078125
525.0 11.4053453125
526.0 11.49744130859375
527.0 12.33211083984375
528.0 9.9914552734375
529.0 12.65923046875
530.0 13.1357400390625
531.0 10.67713701171875
532.0 9.6597478515625
533.0 12.1159095703125
534.0 11.5610376953125
535.0 9.46772998046875
536.0 10.73687041015625
537.0 10.70216298828125
538.0 11.7547794921875
539.0 12.05847646484375
540.0 10.026297265625
541.0 12.4761525390625
542.0 12.9476998046875
543.0 11.5289796875
544.0 10.535675
545.0 11.8305123046875
546.0 11.88230263671875
547.0 9.46602841796875
548.0 11.80729345703125
549.0 11.5562115234375
550.0 11.3673853515625
551.0 11.8320349609375
552.0 11.6401890625
553.0 12.055180859375
554.0 13.25864306640625
555.0 11.015166796875
556.0 8.30075302734375
557.0 8.2565390625
558.0 11.72539150390625
559.0 8.99850361328125
560.0 7.65117060546875
561.0 8.1448376953125
562.0 6.7891173828125
563.0 7.6509076171875
564.0 9.66993486328125
565.0 11.81388974609375
566.0 10.5133203125
567.0 11.03774072265625
568.0 7.77502822265625
569.0 8.918438671875
570.0 10.581268359375
571.0 9.4872044921875
572.0 11.58274521484375
573.0 10.58101435546875
574.0 10.5684259765625
575.0 7.16090830078125
576.0 12.96283984375
577.0 10.9181458984375
578.0 9.249461328125
579.0 15.0171296875
580.0 10.76502060546875
581.0 12.0918224609375
582.0 9.87382568359375
583.0 9.556997265625
584.0 8.59320693359375
585.0 9.12013154296875
586.0 9.112690234375
587.0 7.27866826171875
588.0 8.540708203125
589.0 6.18181015625
590.0 7.41360283203125
591.0 10.12948115234375
592.0 6.78392158203125
593.0 4.34066708984375
594.0 6.98193828125
595.0 9.54729140625
596.0 9.92302138671875
597.0 8.125240234375
598.0 10.95150126953125
599.0 9.50862109375
600.0 8.91876328125
601.0 8.84269375
602.0 8.290897265625
603.0 7.1095375
604.0 7.98490625
605.0 8.26746494140625
606.0 7.6407259765625
607.0 4.238621484375
608.0 5.7316216796875
609.0 5.49125478515625
610.0 5.65559560546875
611.0 8.51869169921875
612.0 7.64432939453125
613.0 7.43446552734375
614.0 9.5283517578125
615.0 7.74114423828125
616.0 5.4920408203125
617.0 6.15599306640625
618.0 6.11936943359375
619.0 5.9502619140625
620.0 6.26464140625
621.0 6.514382421875
622.0 5.5574064453125
623.0 4.80676103515625
624.0 5.34934501953125
625.0 6.47596123046875
626.0 5.35311142578125
627.0 4.98365595703125
628.0 5.81586201171875
629.0 6.33291669921875
630.0 6.15250986328125
631.0 6.46913837890625
632.0 7.279691015625
633.0 8.64352578125
634.0 6.7735646484375
635.0 5.69094580078125
636.0 5.7615798828125
637.0 5.80311669921875
638.0 5.3889689453125
639.0 6.635526171875
640.0 6.3037611328125
641.0 5.61656865234375
642.0 6.22692822265625
643.0 6.7059576171875
644.0 6.4054546875
645.0 6.2364837890625
646.0 5.437498828125
647.0 6.057698046875
648.0 6.089916015625
649.0 8.11540439453125
650.0 7.26228408203125
651.0 4.51122412109375
652.0 5.69643984375
653.0 7.43559521484375
654.0 7.29508056640625
655.0 7.315335546875
656.0 7.0223458984375
657.0 7.0108208984375
658.0 7.98579697265625
659.0 7.9491671875
660.0 9.51467861328125
661.0 8.0886341796875
662.0 9.524740234375
663.0 8.2660283203125
664.0 10.2513037109375
665.0 9.01662451171875
666.0 10.5422
667.0 8.503982421875
668.0 8.51842490234375
669.0 7.617795703125
670.0 8.86399755859375
671.0 6.2506736328125
672.0 8.38891484375
673.0 8.482650390625
674.0 7.88551494140625
675.0 12.3529203125
676.0 9.31150947265625
677.0 8.31509248046875
678.0 9.32535322265625
679.0 10.1023181640625
680.0 12.040965625
681.0 10.6022068359375
682.0 8.533314453125
683.0 8.96354033203125
684.0 10.89612080078125
685.0 11.3768630859375
686.0 7.3500501953125
687.0 11.4223544921875
688.0 9.72385205078125
689.0 6.5715435546875
690.0 6.75528583984375
691.0 6.50991630859375
692.0 6.58237978515625
693.0 6.7832859375
694.0 7.18125224609375
695.0 7.01152265625
696.0 9.48224833984375
697.0 10.19195751953125
698.0 11.6914080078125
699.0 10.6607345703125
700.0 7.18763935546875
701.0 11.47532939453125
702.0 11.00206103515625
703.0 10.64286953125
704.0 10.8021759765625
705.0 11.12105146484375
706.0 10.0915052734375
707.0 8.6175927734375
708.0 11.633711328125
709.0 12.2991859375
710.0 9.65062216796875
711.0 11.09478740234375
712.0 7.6172763671875
713.0 10.85916884765625
714.0 11.29856357421875
715.0 7.919559375
716.0 8.830233203125
717.0 11.7773396484375
718.0 11.47333798828125
719.0 9.4503607421875
720.0 11.54290908203125
721.0 9.5640755859375
722.0 10.51897978515625
723.0 11.06297392578125
724.0 8.94528291015625
725.0 8.5843064453125
726.0 9.34326494140625
727.0 11.3189958984375
728.0 11.41954091796875
729.0 11.95562353515625
730.0 9.61910703125
731.0 11.61416728515625
732.0 11.12653876953125
733.0 12.9645564453125
734.0 9.59616298828125
735.0 9.626496484375
736.0 10.74581689453125
737.0 12.1095248046875
738.0 12.73781923828125
739.0 9.833512109375
740.0 11.6052451171875
741.0 11.07118369140625
742.0 11.11641396484375
743.0 10.219501171875
744.0 9.99813173828125
745.0 11.642884375
746.0 10.486905078125
747.0 8.7945369140625
748.0 8.77255498046875
749.0 9.14111767578125
750.0 9.3120048828125
751.0 9.557652734375
752.0 7.96167734375
753.0 8.58257138671875
754.0 8.309686328125
755.0 9.47821533203125
756.0 8.96061865234375
757.0 8.52631328125
758.0 9.31297509765625
759.0 9.14541962890625
760.0 9.29500341796875
761.0 7.37705185546875
762.0 8.45040068359375
763.0 6.1055173828125
764.0 7.80494033203125
765.0 7.4808216796875
766.0 9.44097490234375
767.0 7.8574625
768.0 7.456228515625
769.0 6.34521376953125
770.0 6.25608740234375
771.0 6.7160853515625
772.0 6.52015693359375
773.0 6.39387265625
774.0 6.09481962890625
775.0 6.55698232421875
776.0 5.9004880859375
777.0 6.88551328125
778.0 6.94317685546875
779.0 7.100929296875
780.0 6.627384375
781.0 5.5991193359375
782.0 4.74291572265625
783.0 7.0719044921875
784.0 6.49121953125
785.0 7.98264228515625
786.0 5.79428564453125
787.0 5.419794140625
788.0 6.634041015625
789.0 5.53782919921875
790.0 6.03933564453125
791.0 6.22883974609375
792.0 6.4737244140625
793.0 5.8266556640625
794.0 6.45220322265625
795.0 6.9266953125
796.0 6.43325546875
797.0 6.4072677734375
798.0 6.44939873046875
799.0 7.7910205078125
