0.0 9.76839560546875
1.0 9.01556083984375
2.0 11.083309765625
3.0 10.34105458984375
4.0 13.0884373046875
5.0 11.0692666015625
6.0 9.3401314453125
7.0 11.0086005859375
8.0 10.7441162109375
9.0 13.6647072265625
10.0 11.18145263671875
11.0 1.842319921875
12.0 10.8579244140625
13.0 15.9001853515625
14.0 15.62658955078125
15.0 15.67562119140625
16.0 12.834303125
17.0 4.9621623046875
18.0 11.151637109375
19.0 1.7397845703125
20.0 2.24700244140625
21.0 2.478125390625
22.0 2.49854736328125
23.0 1.54263037109375
24.0 1.8192044921875
25.0 3.25182529296875
26.0 1.42486357421875
27.0 2.507838671875
28.0 2.5730005859375
29.0 1.73443818359375
30.0 1.68722861328125
31.0 1.66781875
32.0 3.37639140625
33.0 2.4656076171875
34.0 1.25142470703125
35.0 3.83636513671875
36.0 2.291214453125
37.0 7.30588515625
38.0 8.26867607421875
39.0 2.25009912109375
40.0 3.5048275390625
41.0 1.4128513671875
42.0 2.8886259765625
43.0 1.3068671875
44.0 3.0817279296875
45.0 2.9480853515625
46.0 1.1097615234375
47.0 2.3429822265625
48.0 1.6167115234375
49.0 3.54415537109375
50.0 2.57099541015625
51.0 1.395344140625
52.0 1.7885166015625
53.0 1.26570419921875
54.0 2.4106501953125
55.0 1.67263642578125
56.0 2.11338076171875
57.0 1.87217119140625
58.0 1.532362109375
59.0 2.63613720703125
60.0 2.19592412109375
61.0 1.2717974609375
62.0 2.29579814453125
63.0 2.09058583984375
64.0 1.79608076171875
65.0 3.04076728515625
66.0 1.65980185546875
67.0 2.49137880859375
68.0 2.615165625
69.0 2.31220537109375
70.0 4.4171591796875
71.0 2.3501564453125
72.0 2.04876171875
73.0 2.4028376953125
74.0 2.786159375
75.0 1.64925029296875
76.0 1.9158478515625
77.0 3.30834208984375
78.0 2.12706845703125
79.0 3.2045044921875
80.0 2.255422265625
81.0 2.4647322265625
82.0 3.2409052734375
83.0 1.62646533203125
84.0 1.73830419921875
85.0 3.39681806640625
86.0 4.72296474609375
87.0 3.575697265625
88.0 2.054115625
89.0 3.3926802734375
90.0 3.29794892578125
91.0 2.18515146484375
92.0 3.10110244140625
93.0 3.31865546875
94.0 1.74161474609375
95.0 3.861743359375
96.0 2.2728794921875
97.0 3.03698173828125
98.0 2.41160087890625
99.0 2.86499052734375
100.0 2.39582294921875
101.0 5.66639755859375
102.0 3.1521576171875
103.0 2.47686923828125
104.0 1.89127724609375
105.0 3.0487744140625
106.0 3.6876619140625
107.0 2.1943240234375
108.0 1.9907525390625
109.0 2.48348564453125
110.0 2.2683390625
111.0 5.39386044921875
112.0 2.19128154296875
113.0 3.101040234375
114.0 2.49501650390625
115.0 10.74775712890625
116.0 9.90479990234375
117.0 2.094970703125
118.0 1.3898306640625
119.0 2.16366357421875
120.0 1.68729462890625
121.0 8.1008306640625
122.0 4.02205419921875
123.0 1.9127625
124.0 3.06550595703125
125.0 4.26168017578125
126.0 5.2906267578125
127.0 6.431623046875
128.0 1.8259681640625
129.0 2.202038671875
130.0 8.97298515625
131.0 11.8628275390625
132.0 14.4227037109375
133.0 3.25450908203125
134.0 4.80397646484375
135.0 12.1367404296875
136.0 20.2419515625
137.0 17.36838486328125
138.0 6.4327921875
139.0 1.99716279296875
140.0 3.04781650390625
141.0 10.70765439453125
142.0 5.1544154296875
143.0 13.93963349609375
144.0 1.28037880859375
145.0 2.52255380859375
146.0 2.18987353515625
147.0 4.4469654296875
148.0 14.08418857421875
149.0 1.4252625
150.0 1.98487060546875
151.0 1.34230634765625
152.0 2.44412119140625
153.0 3.50480791015625
154.0 1.6631251953125
155.0 3.8605802734375
156.0 1.8645259765625
157.0 20.45718837890625
158.0 14.99585615234375
159.0 5.400922265625
160.0 2.11317373046875
161.0 6.22824150390625
162.0 16.5360044921875
163.0 16.954270703125
164.0 13.91104970703125
165.0 1.5470365234375
166.0 3.29253720703125
167.0 2.76459697265625
168.0 9.098933984375
169.0 8.89333798828125
170.0 1.61155693359375
171.0 1.9549466796875
172.0 2.51844990234375
173.0 1.84354208984375
174.0 10.8073583984375
175.0 13.03386650390625
176.0 6.6465107421875
177.0 1.878439453125
178.0 2.36749169921875
179.0 6.9613009765625
180.0 11.03445341796875
181.0 2.357243359375
182.0 1.8290787109375
183.0 2.28125869140625
184.0 2.64083505859375
185.0 12.532089453125
186.0 8.63293037109375
187.0 1.7204666015625
188.0 2.9356587890625
189.0 7.37125732421875
190.0 16.26696611328125
191.0 1.05377919921875
192.0 1.94211533203125
193.0 1.74738076171875
194.0 4.95334736328125
195.0 17.4855927734375
196.0 15.11629267578125
197.0 4.0087826171875
198.0 2.78926455078125
199.0 2.99210087890625
200.0 15.80549462890625
201.0 13.87629677734375
202.0 6.682760546875
203.0 2.0506080078125
204.0 3.1380900390625
205.0 14.5660072265625
206.0 15.8287173828125
207.0 14.06076044921875
208.0 1.63789033203125
209.0 1.3915490234375
210.0 3.15917958984375
211.0 11.120178125
212.0 7.08560185546875
213.0 2.203270703125
214.0 1.870230859375
215.0 4.65790791015625
216.0 10.1497615234375
217.0 6.85944482421875
218.0 1.81364013671875
219.0 2.9949275390625
220.0 1.741328515625
221.0 9.8752619140625
222.0 10.25546142578125
223.0 4.3140958984375
224.0 1.96215078125
225.0 2.642960546875
226.0 1.5292755859375
227.0 2.20722509765625
228.0 1.97524931640625
229.0 2.281265234375
230.0 1.94415849609375
231.0 1.51160419921875
232.0 1.529362109375
233.0 1.73460869140625
234.0 1.5390328125
235.0 1.46919248046875
236.0 4.372026171875
237.0 1.8797896484375
238.0 1.9127740234375
239.0 2.0436568359375
240.0 1.69652392578125
241.0 1.36022119140625
242.0 12.48811552734375
243.0 10.474808984375
244.0 3.02669169921875
245.0 1.2189865234375
246.0 10.67614765625
247.0 13.11623310546875
248.0 10.94505771484375
249.0 7.83450537109375
250.0 1.5303169921875
251.0 1.37711689453125
252.0 1.86472314453125
253.0 2.1095224609375
254.0 1.72300595703125
255.0 2.17888525390625
256.0 2.5007072265625
257.0 2.43804150390625
258.0 1.84081015625
259.0 11.83909560546875
260.0 7.0487955078125
261.0 3.09975517578125
262.0 11.58730400390625
263.0 14.2483888671875
264.0 15.08061572265625
265.0 6.06458642578125
266.0 2.52398955078125
267.0 2.49251904296875
268.0 2.02326650390625
269.0 9.81320576171875
270.0 16.66452314453125
271.0 16.45275703125
272.0 2.88968779296875
273.0 2.57075888671875
274.0 1.8547525390625
275.0 1.87595478515625
276.0 3.08548984375
277.0 2.68716484375
278.0 10.7768328125
279.0 17.509838671875
280.0 17.95493642578125
281.0 17.74474638671875
282.0 2.0748708984375
283.0 3.2725390625
284.0 2.45859482421875
285.0 2.77181416015625
286.0 15.26201962890625
287.0 6.6069630859375
288.0 2.06205
289.0 2.034393359375
290.0 4.61701044921875
291.0 9.1921515625
292.0 10.075509765625
293.0 12.3327208984375
294.0 10.39250966796875
295.0 12.684038671875
296.0 13.25099423828125
297.0 12.27000146484375
298.0 11.28891005859375
299.0 11.7832970703125
300.0 10.994895703125
301.0 11.24524228515625
302.0 10.5918080078125
303.0 12.6064849609375
304.0 18.65867587890625
305.0 16.98249501953125
306.0 17.50858916015625
307.0 16.8155998046875
308.0 14.64909853515625
309.0 17.888644140625
310.0 15.287866796875
311.0 12.4633431640625
312.0 15.3494109375
313.0 18.0882166015625
314.0 15.3257931640625
315.0 19.8398705078125
316.0 17.53505439453125
317.0 18.2841078125
318.0 19.04347666015625
319.0 17.54880439453125
320.0 16.1965740234375
321.0 13.64878193359375
322.0 12.69485419921875
323.0 15.46055
324.0 16.93276025390625
325.0 18.4922810546875
326.0 17.7270873046875
327.0 19.2211451171875
328.0 17.6376046875
329.0 16.00367919921875
330.0 19.72990927734375
331.0 18.4462591796875
332.0 12.98291494140625
333.0 17.9013580078125
334.0 17.10279111328125
335.0 13.7346515625
336.0 17.759071484375
337.0 20.2007265625
338.0 12.6601794921875
339.0 19.35366611328125
340.0 13.3995517578125
341.0 15.15678388671875
342.0 19.868951953125
343.0 17.57384404296875
344.0 16.35674599609375
345.0 13.4142259765625
346.0 15.153451953125
347.0 13.0867857421875
348.0 12.69045771484375
349.0 12.5703984375
350.0 12.68996826171875
351.0 10.333680078125
352.0 14.67290517578125
353.0 11.953663671875
354.0 14.05609716796875
355.0 16.88976181640625
356.0 16.41748994140625
357.0 19.9885990234375
358.0 16.39458828125
359.0 15.99281748046875
360.0 16.052505859375
361.0 14.491689453125
362.0 13.71525693359375
363.0 11.438797265625
364.0 1.620249609375
365.0 26.510837890625
366.0 13.40616630859375
367.0 14.05345703125
368.0 14.84925263671875
369.0 16.7189666015625
370.0 8.44602353515625
371.0 2.20061142578125
372.0 10.02314912109375
373.0 1.72588212890625
374.0 3.536506640625
375.0 1.32421865234375
376.0 1.7206267578125
377.0 2.35026728515625
378.0 1.4650236328125
379.0 2.9224701171875
380.0 1.33352783203125
381.0 1.904475390625
382.0 1.2350890625
383.0 2.0910857421875
384.0 1.5323548828125
385.0 2.2962369140625
386.0 1.21933740234375
387.0 2.5627900390625
388.0 4.188155078125
389.0 3.4424650390625
390.0 2.7680677734375
391.0 2.159661328125
392.0 2.13471220703125
393.0 3.40763095703125
394.0 1.51250458984375
395.0 1.475724609375
396.0 3.205926953125
397.0 1.9399458984375
398.0 3.457133984375
399.0 4.15159990234375
400.0 2.54755244140625
401.0 2.1420533203125
402.0 4.236929296875
403.0 2.99914619140625
404.0 2.21074521484375
405.0 1.41165537109375
406.0 7.54000458984375
407.0 3.5501841796875
408.0 1.59731513671875
409.0 3.76244892578125
410.0 2.63938095703125
411.0 2.02047421875
412.0 3.09709208984375
413.0 1.958585546875
414.0 2.477671875
415.0 2.18831484375
416.0 3.08339697265625
417.0 2.57959755859375
418.0 3.1568958984375
419.0 2.365923046875
420.0 3.07716689453125
421.0 3.18347607421875
422.0 2.65167265625
423.0 2.84870234375
424.0 2.37375537109375
425.0 3.4708447265625
426.0 2.5200498046875
427.0 4.7753626953125
428.0 1.106240234375
429.0 3.58780673828125
430.0 2.80091748046875
431.0 2.1993986328125
432.0 2.692833203125
433.0 4.119588671875
434.0 2.4209814453125
435.0 2.37788974609375
436.0 2.096973046875
437.0 2.51712734375
438.0 4.1574693359375
439.0 2.89729716796875
440.0 1.02237265625
441.0 3.79380146484375
442.0 1.60874814453125
443.0 2.82159423828125
444.0 3.19010166015625
445.0 2.24855400390625
446.0 2.9170685546875
447.0 1.78593095703125
448.0 1.9299240234375
449.0 5.6372712890625
450.0 9.57463271484375
451.0 14.46255205078125
452.0 15.4233974609375
453.0 16.19972119140625
454.0 15.9676763671875
455.0 14.89585361328125
456.0 16.5090673828125
457.0 14.33739482421875
458.0 12.1348931640625
459.0 11.07134443359375
460.0 9.7162
461.0 12.17922001953125
462.0 15.5619056640625
463.0 14.3104130859375
464.0 12.04626748046875
465.0 7.29991787109375
466.0 13.70064638671875
467.0 9.99821396484375
468.0 9.953740625
469.0 11.11324384765625
470.0 11.4631560546875
471.0 10.75446943359375
472.0 10.11082529296875
473.0 12.52124599609375
474.0 12.0356578125
475.0 10.93948798828125
476.0 10.52887685546875
477.0 9.94533720703125
478.0 10.36345966796875
479.0 9.1585630859375
480.0 9.4288671875
481.0 9.15543515625
482.0 9.96693564453125
483.0 9.05622880859375
484.0 10.28859814453125
485.0 9.63189951171875
486.0 9.6158341796875
487.0 9.61961865234375
488.0 9.594575
489.0 9.8593560546875
490.0 9.229643359375
491.0 10.60190390625
492.0 10.27320546875
493.0 9.29081201171875
494.0 8.25972216796875
495.0 8.46808740234375
496.0 10.4445396484375
497.0 10.47489140625
498.0 10.507762890625
499.0 10.16702607421875
500.0 9.21944462890625
501.0 10.232248046875
502.0 9.71546630859375
503.0 9.6242474609375
504.0 8.77337734375
505.0 9.65192177734375
506.0 9.48464677734375
507.0 9.15754873046875
508.0 9.321908984375
509.0 8.59654228515625
510.0 9.45458564453125
511.0 10.1047658203125
512.0 10.1742939453125
513.0 10.696503125
514.0 9.86575537109375
515.0 10.67853857421875
516.0 10.76503544921875
517.0 10.53278212890625
518.0 9.5611431640625
519.0 2.1182662109375
520.0 0.05992451171875
521.0 28.9341546875
522.0 10.41283681640625
523.0 8.92963876953125
524.0 9.68341416015625
525.0 10.3169552734375
526.0 10.153626953125
527.0 8.74430048828125
528.0 8.5970341796875
529.0 10.41823330078125
530.0 10.78087314453125
531.0 10.7026046875
532.0 9.67377939453125
533.0 11.4614953125
534.0 9.26226279296875
535.0 10.5208341796875
536.0 10.09519169921875
537.0 10.44986708984375
538.0 10.35590224609375
539.0 9.14318896484375
540.0 9.80566591796875
541.0 10.8753138671875
542.0 11.18646591796875
543.0 9.8604408203125
544.0 10.76159970703125
545.0 10.3029607421875
546.0 10.27750849609375
547.0 10.64655625
548.0 9.40602060546875
549.0 10.58252333984375
550.0 11.11304287109375
551.0 10.57802822265625
552.0 9.441228125
553.0 10.88010654296875
554.0 10.9846865234375
555.0 9.904780078125
556.0 10.5842671875
557.0 9.8394484375
558.0 10.427548046875
559.0 10.3329208984375
560.0 9.80571572265625
561.0 8.6615201171875
562.0 9.5127197265625
563.0 9.835469140625
564.0 8.8990337890625
565.0 9.386169921875
566.0 8.5462326171875
567.0 9.352068359375
568.0 10.47871552734375
569.0 9.99215078125
570.0 11.4074443359375
571.0 10.293725
572.0 8.73859296875
573.0 9.34678095703125
574.0 4.161553125
575.0 3.610184375
576.0 2.39171875
577.0 2.2830166015625
578.0 2.6286087890625
579.0 2.18854326171875
580.0 2.41450458984375
581.0 2.61888955078125
582.0 2.98938095703125
583.0 2.3658783203125
584.0 5.36051689453125
585.0 2.65183681640625
586.0 2.46679267578125
587.0 2.84216630859375
588.0 2.88966875
589.0 2.2320431640625
590.0 3.07888876953125
591.0 2.21348154296875
592.0 3.0233078125
593.0 3.3260421875
594.0 2.50135810546875
595.0 3.4520341796875
596.0 2.4166484375
597.0 2.8714669921875
598.0 2.26116767578125
599.0 2.41271455078125
600.0 4.14560185546875
601.0 5.94133232421875
602.0 3.309401171875
603.0 2.90468984375
604.0 4.17875947265625
605.0 2.83795576171875
606.0 3.25314189453125
607.0 3.2753119140625
608.0 4.1660384765625
609.0 20.8058484375
610.0 18.4997017578125
611.0 10.6839314453125
612.0 2.19520029296875
613.0 3.2474974609375
614.0 15.37922060546875
615.0 17.7642419921875
616.0 7.4907462890625
617.0 2.7782494140625
618.0 7.43021376953125
619.0 17.84112587890625
620.0 10.273742578125
621.0 10.45305205078125
622.0 2.09046640625
623.0 2.810609375
624.0 2.940424609375
625.0 14.23761708984375
626.0 19.04934775390625
627.0 11.85536943359375
628.0 4.25030439453125
629.0 3.552851953125
630.0 7.96926416015625
631.0 13.9427529296875
632.0 2.16916328125
633.0 2.7225255859375
634.0 3.08774560546875
635.0 15.155586328125
636.0 18.19954384765625
637.0 5.80553583984375
638.0 2.71954931640625
639.0 3.06780224609375
640.0 5.3417798828125
641.0 15.7732583984375
642.0 13.60187001953125
643.0 3.88636767578125
644.0 1.3230125
645.0 2.78851640625
646.0 6.1194927734375
647.0 10.794008203125
648.0 1.8746693359375
649.0 2.53139423828125
650.0 1.818501171875
651.0 3.59813779296875
652.0 2.05589921875
653.0 2.16298603515625
654.0 1.1316384765625
655.0 1.96839892578125
656.0 1.5161796875
657.0 1.64506005859375
658.0 2.0142365234375
659.0 1.97649140625
660.0 1.5634796875
661.0 2.881828125
662.0 3.5622822265625
663.0 1.62537724609375
664.0 2.1581404296875
665.0 2.05213388671875
666.0 1.80740732421875
667.0 7.674172265625
668.0 8.62347705078125
669.0 11.60168447265625
670.0 1.005865625
671.0 1.70572705078125
672.0 2.071442578125
673.0 1.6959021484375
674.0 1.47274189453125
675.0 1.07532109375
676.0 1.689109765625
677.0 2.195939453125
678.0 8.086584765625
679.0 1.80858076171875
680.0 1.5798794921875
681.0 3.33235771484375
682.0 11.06409560546875
683.0 13.4639775390625
684.0 13.90882734375
685.0 1.9842673828125
686.0 7.243684375
687.0 9.88071259765625
688.0 7.461138671875
689.0 6.87674775390625
690.0 3.5617630859375
691.0 14.845418359375
692.0 12.04212451171875
693.0 16.681644140625
694.0 14.9183123046875
695.0 15.4881236328125
696.0 15.928172265625
697.0 14.2609078125
698.0 15.3791419921875
699.0 15.9732998046875
700.0 11.979222265625
701.0 19.56436298828125
702.0 17.2224044921875
703.0 15.44220791015625
704.0 16.29977451171875
705.0 17.08291484375
706.0 15.4635328125
707.0 13.18186484375
708.0 17.71866748046875
709.0 10.7204353515625
710.0 7.97651591796875
711.0 9.766466796875
712.0 10.0618876953125
713.0 11.46670361328125
714.0 6.8145009765625
715.0 5.5760041015625
716.0 9.22236826171875
717.0 10.02790888671875
718.0 14.59670615234375
719.0 12.60828837890625
720.0 14.4636169921875
721.0 11.564159765625
722.0 12.1946625
723.0 12.90090390625
724.0 12.70833330078125
725.0 12.58721416015625
726.0 16.462854296875
727.0 14.7485013671875
728.0 16.29729208984375
729.0 15.17909033203125
730.0 9.17147568359375
731.0 22.96349638671875
732.0 17.714930859375
733.0 11.41724970703125
734.0 16.227986328125
735.0 18.0697703125
736.0 15.6736841796875
737.0 15.4258361328125
738.0 16.04572060546875
739.0 15.8688408203125
740.0 18.0997611328125
741.0 17.24482021484375
742.0 12.91019423828125
743.0 14.40968994140625
744.0 14.83317138671875
745.0 16.827033203125
746.0 13.25377392578125
747.0 14.76304736328125
748.0 16.00738681640625
749.0 13.893774609375
750.0 12.341871875
751.0 5.1805498046875
752.0 14.9311900390625
753.0 12.72403583984375
754.0 13.8106072265625
755.0 11.59624423828125
756.0 10.246572265625
757.0 14.795908984375
758.0 15.90021220703125
759.0 9.9830767578125
760.0 14.8925931640625
761.0 11.73618486328125
762.0 10.18663935546875
763.0 9.8636646484375
764.0 11.01137294921875
765.0 13.07274697265625
766.0 11.875909375
767.0 16.34060654296875
768.0 12.036328125
769.0 10.5384173828125
770.0 17.60786611328125
771.0 17.698583203125
772.0 12.313534765625
773.0 19.11293564453125
774.0 19.216845703125
775.0 13.2742654296875
776.0 17.03119951171875
777.0 17.25427177734375
778.0 13.96215927734375
779.0 18.9608029296875
780.0 13.836397265625
781.0 15.9316640625
782.0 15.46904755859375
783.0 15.299063671875
784.0 15.55826806640625
785.0 20.6210841796875
786.0 14.59746728515625
787.0 16.56214765625
788.0 17.40819052734375
789.0 12.55770556640625
790.0 13.58954931640625
791.0 17.0503015625
792.0 15.34934833984375
793.0 10.5773630859375
794.0 15.43761044921875
795.0 10.37136357421875
796.0 15.323804296875
797.0 15.09357333984375
798.0 12.40453798828125
799.0 13.5477435546875
