0.0 3.72269306640625
1.0 3.62680283203125
2.0 4.34721591796875
3.0 2.95630263671875
4.0 3.6527830078125
5.0 4.3217931640625
6.0 4.0926603515625
7.0 3.8378701171875
8.0 3.831047265625
9.0 4.11118076171875
10.0 3.6977984375
11.0 3.37347529296875
12.0 4.19575810546875
13.0 4.6416509765625
14.0 4.7214765625
15.0 5.2484111328125
16.0 3.49686904296875
17.0 4.1942912109375
18.0 3.70354033203125
19.0 4.71748388671875
20.0 3.91640146484375
21.0 6.169330078125
22.0 5.89221669921875
23.0 6.41282822265625
24.0 5.750501953125
25.0 6.579687109375
26.0 6.82432099609375
27.0 6.71901220703125
28.0 6.651198046875
29.0 6.61367255859375
30.0 6.00517236328125
31.0 6.5974720703125
32.0 6.71089580078125
33.0 6.29571611328125
34.0 6.438486328125
35.0 5.126259375
36.0 5.142149609375
37.0 7.8387193359375
38.0 6.25192421875
39.0 5.7120244140625
40.0 7.317020703125
41.0 6.06356064453125
42.0 6.28476162109375
43.0 6.5093203125
44.0 6.341113671875
45.0 6.3273095703125
46.0 6.16494990234375
47.0 6.61747509765625
48.0 6.732250390625
49.0 4.84157763671875
50.0 5.82832392578125
51.0 5.0876287109375
52.0 6.49148486328125
53.0 6.3410955078125
54.0 5.974325390625
55.0 5.78005693359375
56.0 4.25180498046875
57.0 1.4422939453125
58.0 1.63623662109375
59.0 1.92714677734375
60.0 2.76278330078125
61.0 2.23803935546875
62.0 3.41124580078125
63.0 5.8747078125
64.0 5.93121962890625
65.0 4.40617998046875
66.0 3.48687978515625
67.0 3.97879287109375
68.0 4.159833203125
69.0 0.37474599609375
70.0 1.06425751953125
71.0 2.71663330078125
72.0 2.49559716796875
73.0 2.72464169921875
74.0 3.53203671875
75.0 3.98300068359375
76.0 4.21462353515625
77.0 4.5567787109375
78.0 3.84931669921875
79.0 4.26917607421875
80.0 3.76204033203125
81.0 3.9687169921875
82.0 4.197721484375
83.0 4.6429244140625
84.0 3.5672255859375
85.0 6.01036103515625
86.0 5.978954296875
87.0 5.82096162109375
88.0 5.95625283203125
89.0 5.3079044921875
90.0 6.0687681640625
91.0 5.82116806640625
92.0 6.2119513671875
93.0 6.285725
94.0 5.70855361328125
95.0 4.21208193359375
96.0 4.13515400390625
97.0 3.7139498046875
98.0 4.0506740234375
99.0 3.744277734375
100.0 3.91158271484375
101.0 4.2201646484375
102.0 4.0356263671875
103.0 3.259175
104.0 4.2386390625
105.0 3.7651107421875
106.0 3.66579638671875
107.0 3.64948544921875
108.0 4.0909892578125
109.0 4.05075390625
110.0 3.3523900390625
111.0 4.14367685546875
112.0 4.05663486328125
113.0 4.6262025390625
114.0 4.08048212890625
115.0 4.25586142578125
116.0 4.084787109375
117.0 3.39183486328125
118.0 5.17313671875
119.0 4.167171484375
120.0 4.19844765625
121.0 4.60034248046875
122.0 3.9958833984375
123.0 4.12893984375
124.0 3.4699501953125
125.0 5.64764130859375
126.0 4.3323083984375
127.0 4.41014599609375
128.0 4.42930537109375
129.0 4.101998046875
130.0 5.14779423828125
131.0 3.08561435546875
132.0 6.056336328125
133.0 4.85035693359375
134.0 4.91271611328125
135.0 3.92639619140625
136.0 4.33536806640625
137.0 3.8772423828125
138.0 4.6096166015625
139.0 4.73159912109375
140.0 4.56335625
141.0 4.81419208984375
142.0 5.31021533203125
143.0 5.3477361328125
144.0 4.971033203125
145.0 5.36766767578125
146.0 5.20912734375
147.0 5.20029794921875
148.0 4.28589853515625
149.0 5.2749173828125
150.0 5.15026240234375
151.0 5.23073369140625
152.0 4.7962033203125
153.0 4.83077373046875
154.0 5.29868154296875
155.0 4.745628515625
156.0 5.41613125
157.0 5.40939921875
158.0 4.7595572265625
159.0 4.16340107421875
160.0 4.36421806640625
161.0 4.85902548828125
162.0 3.99884248046875
163.0 4.8545734375
164.0 4.99909267578125
165.0 3.5388416015625
166.0 4.12829521484375
167.0 3.35231298828125
168.0 3.89173876953125
169.0 3.960032421875
170.0 4.11539609375
171.0 3.6898244140625
172.0 4.8020083984375
173.0 5.164905078125
174.0 4.838777734375
175.0 5.0590068359375
176.0 5.2642646484375
177.0 5.8520658203125
178.0 5.833455859375
179.0 5.52160751953125
180.0 5.539294921875
181.0 5.50467294921875
182.0 6.9743859375
183.0 6.06822216796875
184.0 5.81048056640625
185.0 6.2587767578125
186.0 5.19369560546875
187.0 6.2783685546875
188.0 6.77496884765625
189.0 6.27722392578125
190.0 5.60031708984375
191.0 5.99984072265625
192.0 5.83574501953125
193.0 5.82083134765625
194.0 6.45808154296875
195.0 6.27335498046875
196.0 6.1727150390625
197.0 5.90919462890625
198.0 6.15732666015625
199.0 5.86703671875
200.0 6.645481640625
201.0 6.936275390625
202.0 6.62654677734375
203.0 6.737008203125
204.0 5.1445328125
205.0 3.9800779296875
206.0 4.5679517578125
207.0 4.73147763671875
208.0 4.59578349609375
209.0 4.5372458984375
210.0 4.35499111328125
211.0 4.5373669921875
212.0 4.17438447265625
213.0 4.05893154296875
214.0 4.114148828125
215.0 6.35347802734375
216.0 6.3617662109375
217.0 4.4657728515625
218.0 3.9343212890625
219.0 1.8141455078125
220.0 1.9680580078125
221.0 4.80603544921875
222.0 5.5810326171875
223.0 4.71019541015625
224.0 4.6207546875
225.0 3.80332783203125
226.0 4.7020298828125
227.0 4.806240625
228.0 4.5851705078125
229.0 3.615083984375
230.0 3.45105126953125
231.0 4.11096669921875
232.0 3.8788607421875
233.0 3.75951162109375
234.0 3.96376318359375
235.0 4.9377154296875
236.0 4.2955037109375
237.0 4.0763521484375
238.0 4.68597841796875
239.0 5.48996533203125
240.0 4.91276171875
241.0 4.4489412109375
242.0 4.43852275390625
243.0 4.74857392578125
244.0 4.64720087890625
245.0 4.31023134765625
246.0 4.17593154296875
247.0 4.70477958984375
248.0 0.0
249.0 0.0
250.0 0.0
251.0 0.0
252.0 25.178194140625
253.0 4.784127734375
254.0 5.1670193359375
255.0 5.3869974609375
256.0 5.77179326171875
257.0 6.1045662109375
258.0 5.01396904296875
259.0 6.33628623046875
260.0 6.32664423828125
261.0 5.1796666015625
262.0 5.691496875
263.0 5.62836015625
264.0 5.15927373046875
265.0 5.304125
266.0 5.23083720703125
267.0 4.97306572265625
268.0 4.98803818359375
269.0 5.21487373046875
270.0 5.01870478515625
271.0 4.7558080078125
272.0 4.83096787109375
273.0 4.43702939453125
274.0 4.77478486328125
275.0 5.36661650390625
276.0 4.543602734375
277.0 5.1341068359375
278.0 4.79181357421875
279.0 4.8420052734375
280.0 4.66769794921875
281.0 3.92474970703125
282.0 5.0767501953125
283.0 4.61321455078125
284.0 4.91924189453125
285.0 4.66187626953125
286.0 5.14766513671875
287.0 4.0005224609375
288.0 4.3376322265625
289.0 4.43075576171875
290.0 4.81378642578125
291.0 4.52104072265625
292.0 4.58565380859375
293.0 5.3136177734375
294.0 5.08768857421875
295.0 4.5819498046875
296.0 4.4331791015625
297.0 4.98424755859375
298.0 4.487223828125
299.0 5.36098076171875
300.0 4.4399494140625
301.0 5.34809169921875
302.0 5.12994677734375
303.0 5.55165322265625
304.0 5.0226943359375
305.0 5.443184375
306.0 4.739508203125
307.0 5.11696181640625
308.0 5.21576298828125
309.0 5.1297884765625
310.0 5.31492119140625
311.0 4.87061142578125
312.0 5.03587158203125
313.0 5.26623193359375
314.0 1.7299251953125
315.0 0.56134052734375
316.0 0.12466435546875
317.0 2.02714833984375
318.0 3.87817880859375
319.0 4.55174482421875
320.0 4.743870703125
321.0 3.94389296875
322.0 4.68037138671875
323.0 3.64652216796875
324.0 4.6615734375
325.0 4.55964677734375
326.0 3.801198828125
327.0 5.21186689453125
328.0 4.8545603515625
329.0 4.4587708984375
330.0 4.42140263671875
331.0 4.92130009765625
332.0 4.8271720703125
333.0 3.93690244140625
334.0 2.95169462890625
335.0 0.9730923828125
336.0 0.33267216796875
337.0 1.4227474609375
338.0 1.56489306640625
339.0 1.5795470703125
340.0 1.646591796875
341.0 1.7341224609375
342.0 4.79199765625
343.0 3.02257958984375
344.0 4.6779837890625
345.0 4.78091689453125
346.0 4.87336845703125
347.0 4.23697451171875
348.0 4.86974638671875
349.0 5.60809892578125
350.0 4.972937890625
351.0 5.25757841796875
352.0 5.06094267578125
353.0 4.17087373046875
354.0 5.27054365234375
355.0 4.49873017578125
356.0 4.69037431640625
357.0 4.1568951171875
358.0 4.73382822265625
359.0 4.49625478515625
360.0 4.4865578125
361.0 4.1235013671875
362.0 4.2524365234375
363.0 4.66923916015625
364.0 5.064783984375
365.0 3.89860087890625
366.0 3.89980263671875
367.0 3.595655078125
368.0 4.7013
369.0 4.3130564453125
370.0 3.85570224609375
371.0 4.6900896484375
372.0 4.01679677734375
373.0 4.19011728515625
374.0 3.7588998046875
375.0 4.455134765625
376.0 4.0710728515625
377.0 4.3690205078125
378.0 3.802225390625
379.0 4.2028263671875
380.0 3.691571484375
381.0 1.05153798828125
382.0 3.522610546875
383.0 3.65860009765625
384.0 4.25782509765625
385.0 3.5847900390625
386.0 3.28570615234375
387.0 4.37555400390625
388.0 4.28858251953125
389.0 4.8803275390625
390.0 4.89029482421875
391.0 5.052608203125
392.0 5.19593623046875
393.0 5.10469765625
394.0 4.639830078125
395.0 5.020769921875
396.0 4.99735966796875
397.0 4.62599462890625
398.0 4.7937046875
399.0 4.6645435546875
400.0 4.18021591796875
401.0 4.57607529296875
402.0 4.45711533203125
403.0 3.97192529296875
404.0 4.25541943359375
405.0 4.38095947265625
406.0 3.62089931640625
407.0 4.390901953125
408.0 3.49137109375
409.0 3.9083421875
410.0 4.76704931640625
411.0 4.5585029296875
412.0 4.859433203125
413.0 4.5373896484375
414.0 3.98391943359375
415.0 4.453253125
416.0 5.19135849609375
417.0 4.7527873046875
418.0 5.31237998046875
419.0 4.92852490234375
420.0 5.38890927734375
421.0 5.56841435546875
422.0 5.1425544921875
423.0 6.0948294921875
424.0 4.666774609375
425.0 4.90375615234375
426.0 5.36078095703125
427.0 5.08570947265625
428.0 3.96809619140625
429.0 5.61787568359375
430.0 5.0191734375
431.0 5.20390888671875
432.0 5.8638267578125
433.0 5.15774560546875
434.0 5.10535966796875
435.0 4.92811796875
436.0 5.10424365234375
437.0 6.2521421875
438.0 5.67097236328125
439.0 6.28139580078125
440.0 5.2447080078125
441.0 5.243197265625
442.0 5.999450390625
443.0 6.24275185546875
444.0 6.671415625
445.0 6.28611298828125
446.0 5.0139642578125
447.0 5.02348974609375
448.0 5.298658984375
449.0 4.627056640625
450.0 4.56777255859375
451.0 4.29974716796875
452.0 4.48654560546875
453.0 6.42815693359375
454.0 5.9346009765625
455.0 4.426858203125
456.0 4.90573876953125
457.0 5.8056146484375
458.0 5.6137869140625
459.0 4.08607724609375
460.0 4.86166025390625
461.0 5.37884912109375
462.0 5.34281767578125
463.0 4.228244921875
464.0 6.01808623046875
465.0 5.82088603515625
466.0 6.3916796875
467.0 4.64758544921875
468.0 5.934755859375
469.0 6.90561494140625
470.0 6.15217724609375
471.0 3.81939814453125
472.0 4.650054296875
473.0 4.6308576171875
474.0 5.4931421875
475.0 5.6040466796875
476.0 5.7975810546875
477.0 4.6648318359375
478.0 5.21567529296875
479.0 5.5522232421875
480.0 4.1087390625
481.0 4.3818189453125
482.0 4.32782041015625
483.0 5.4564134765625
484.0 5.3287484375
485.0 5.86678955078125
486.0 5.32109892578125
487.0 4.6182068359375
488.0 6.133338671875
489.0 5.76939833984375
490.0 5.66309755859375
491.0 5.4060833984375
492.0 4.89105546875
493.0 5.8816810546875
494.0 5.721315234375
495.0 5.4325408203125
496.0 5.8512267578125
497.0 5.47335361328125
498.0 5.7992931640625
499.0 5.845509765625
500.0 6.0643158203125
501.0 5.03503720703125
502.0 5.3636705078125
503.0 6.296487890625
504.0 5.2270640625
505.0 4.82657412109375
506.0 7.432298828125
507.0 6.09252861328125
508.0 5.7881626953125
509.0 5.166746484375
510.0 5.78132763671875
511.0 6.329998046875
512.0 4.834245703125
513.0 5.059724609375
514.0 6.275616015625
515.0 6.7811341796875
516.0 5.94143154296875
517.0 5.59375078125
518.0 6.89854169921875
519.0 6.83486884765625
520.0 5.84337998046875
521.0 5.63343955078125
522.0 5.51898564453125
523.0 5.43683828125
524.0 5.60741201171875
525.0 6.17390869140625
526.0 6.55323369140625
527.0 5.88630078125
528.0 4.76081083984375
529.0 5.66221044921875
530.0 6.82442099609375
531.0 6.06979130859375
532.0 5.77284775390625
533.0 4.90116376953125
534.0 5.73244951171875
535.0 6.09705361328125
536.0 4.70385263671875
537.0 4.93532412109375
538.0 6.15722666015625
539.0 5.89695361328125
540.0 5.62215029296875
541.0 5.81096748046875
542.0 5.692436328125
543.0 5.60147294921875
544.0 5.6452525390625
545.0 5.25578740234375
546.0 5.9229267578125
547.0 6.446658984375
548.0 4.69274892578125
549.0 5.89283583984375
550.0 5.217332421875
551.0 6.2718740234375
552.0 5.961747265625
553.0 5.04148896484375
554.0 5.5396591796875
555.0 6.143619140625
556.0 4.78267275390625
557.0 5.4909638671875
558.0 5.537678515625
559.0 5.84192451171875
560.0 4.438027734375
561.0 5.7880939453125
562.0 5.8554240234375
563.0 4.6545822265625
564.0 5.73060185546875
565.0 4.94292109375
566.0 4.6518654296875
567.0 5.9656333984375
568.0 5.4033638671875
569.0 4.85202275390625
570.0 4.80826640625
571.0 5.45569677734375
572.0 6.6242953125
573.0 6.5557359375
574.0 4.84449189453125
575.0 5.442419921875
576.0 6.8269767578125
577.0 5.80976484375
578.0 6.478177734375
579.0 5.695531640625
580.0 6.3860775390625
581.0 6.5119619140625
582.0 6.57523564453125
583.0 5.63529169921875
584.0 5.54890107421875
585.0 3.60515546875
586.0 6.03061201171875
587.0 6.10605751953125
588.0 6.7568171875
589.0 5.95065146484375
590.0 5.99900283203125
591.0 6.83660625
592.0 7.4445056640625
593.0 6.809126953125
594.0 7.12522294921875
595.0 5.80723154296875
596.0 5.47473125
597.0 5.36946708984375
598.0 6.4583419921875
599.0 5.95033349609375
600.0 6.2924064453125
601.0 6.5504447265625
602.0 6.8227912109375
603.0 6.44152412109375
604.0 6.284322265625
605.0 5.70225703125
606.0 5.68761357421875
607.0 5.084058984375
608.0 5.881094921875
609.0 5.852701171875
610.0 5.791433203125
611.0 5.78080302734375
612.0 5.84645771484375
613.0 5.57277705078125
614.0 6.2135173828125
615.0 4.8653619140625
616.0 4.8885064453125
617.0 5.5297564453125
618.0 6.12136064453125
619.0 6.03306484375
620.0 2.1200548828125
621.0 6.1929431640625
622.0 5.61139267578125
623.0 5.311787890625
624.0 6.5680494140625
625.0 5.85228076171875
626.0 4.34164169921875
627.0 6.01488271484375
628.0 5.8458166015625
629.0 6.096405859375
630.0 6.2707783203125
631.0 7.02723974609375
632.0 6.54535048828125
633.0 6.7049732421875
634.0 6.81258544921875
635.0 7.36626201171875
636.0 6.23942138671875
637.0 5.53869267578125
638.0 4.508166796875
639.0 6.10567314453125
640.0 6.07669013671875
641.0 6.15100009765625
642.0 3.51494130859375
643.0 5.71115966796875
644.0 5.89856904296875
645.0 5.0016810546875
646.0 6.021974609375
647.0 5.70250849609375
648.0 6.513595703125
649.0 4.99966259765625
650.0 4.5055326171875
651.0 5.58985703125
652.0 6.487476171875
653.0 6.6462052734375
654.0 6.1298126953125
655.0 5.8466486328125
656.0 5.2199859375
657.0 5.807504296875
658.0 5.92956083984375
659.0 5.00750185546875
660.0 4.59533232421875
661.0 5.561785546875
662.0 6.6735662109375
663.0 6.70410224609375
664.0 5.38916943359375
665.0 5.6909763671875
666.0 5.91771728515625
667.0 6.212188671875
668.0 5.8257732421875
669.0 5.7585896484375
670.0 5.04006435546875
671.0 5.02336826171875
672.0 5.35470107421875
673.0 5.68285263671875
674.0 5.78229580078125
675.0 5.39911103515625
676.0 5.3353916015625
677.0 5.805230078125
678.0 4.842988671875
679.0 5.37591142578125
680.0 5.48969619140625
681.0 5.37909423828125
682.0 5.57249619140625
683.0 5.98675830078125
684.0 5.794382421875
685.0 5.04464560546875
686.0 5.02995771484375
687.0 5.52432021484375
688.0 5.4447521484375
689.0 4.759728125
690.0 5.503251953125
691.0 5.99225244140625
692.0 5.87148671875
693.0 4.45121328125
694.0 6.27824892578125
695.0 5.1790166015625
696.0 4.933834375
697.0 4.74498818359375
698.0 6.8119423828125
699.0 4.79035537109375
700.0 5.51648095703125
701.0 5.31122412109375
702.0 5.0628283203125
703.0 6.98147373046875
704.0 5.6195875
705.0 4.84053046875
706.0 5.13874228515625
707.0 5.8661384765625
708.0 4.499481640625
709.0 5.08763876953125
710.0 5.11077314453125
711.0 5.73787421875
712.0 4.7327681640625
713.0 4.45985810546875
714.0 6.38484853515625
715.0 6.755286328125
716.0 5.1800912109375
717.0 5.57668017578125
718.0 5.85064453125
719.0 4.63406630859375
720.0 4.59783037109375
721.0 4.7432076171875
722.0 4.85451650390625
723.0 4.98384150390625
724.0 6.10423310546875
725.0 7.13533212890625
726.0 4.70077607421875
727.0 5.55585986328125
728.0 5.120962109375
729.0 4.28648916015625
730.0 0.0
731.0 0.0
732.0 0.0
733.0 20.6889501953125
734.0 5.53874453125
735.0 5.475453125
736.0 6.14515302734375
737.0 6.81486484375
738.0 4.96314853515625
739.0 5.22740322265625
740.0 4.18491435546875
741.0 4.43840234375
742.0 3.37173046875
743.0 4.45774267578125
744.0 5.22658232421875
745.0 5.73719921875
746.0 4.91741455078125
747.0 5.59932255859375
748.0 6.1892794921875
749.0 6.6115224609375
750.0 4.648233203125
751.0 4.45808173828125
752.0 4.4424896484375
753.0 5.20932998046875
754.0 5.920249609375
755.0 5.8831798828125
756.0 5.15787763671875
757.0 5.1045064453125
758.0 6.51883701171875
759.0 4.92973974609375
760.0 4.76968837890625
761.0 3.76508310546875
762.0 4.04444248046875
763.0 3.607752734375
764.0 5.86616044921875
765.0 4.71831181640625
766.0 6.263333203125
767.0 7.06983408203125
768.0 5.08064931640625
769.0 4.9368712890625
770.0 5.61857216796875
771.0 5.48299619140625
772.0 4.9925580078125
773.0 5.4012822265625
774.0 4.5340701171875
775.0 5.99018857421875
776.0 4.29967080078125
777.0 5.5628919921875
778.0 5.63109033203125
779.0 6.18222744140625
780.0 4.631074609375
781.0 5.04355625
782.0 5.07723232421875
783.0 5.83284921875
784.0 5.16066875
785.0 4.7989525390625
786.0 5.913343359375
787.0 5.63464248046875
788.0 4.88123193359375
789.0 4.30967353515625
790.0 6.2088974609375
791.0 6.066295703125
792.0 4.05654638671875
793.0 4.2665388671875
794.0 5.74697041015625
795.0 4.7724236328125
796.0 5.6107384765625
797.0 4.49380693359375
798.0 6.1790041015625
799.0 6.33323271484375
