0.0 9.40841875
1.0 8.52652451171875
2.0 8.568645703125
3.0 7.4287798828125
4.0 9.04360517578125
5.0 8.18801943359375
6.0 0.0
7.0 0.0
8.0 0.194590234375
9.0 31.9059828125
10.0 9.93130693359375
11.0 8.45400927734375
12.0 9.61098134765625
13.0 10.19152744140625
14.0 9.48986962890625
15.0 9.68090810546875
16.0 7.216036328125
17.0 7.76586650390625
18.0 7.4102525390625
19.0 8.22934541015625
20.0 9.07643095703125
21.0 9.9080107421875
22.0 9.42174775390625
23.0 9.01603896484375
24.0 10.0813380859375
25.0 9.2067083984375
26.0 9.09052294921875
27.0 9.066337109375
28.0 8.03629130859375
29.0 9.87606240234375
30.0 10.3371333984375
31.0 11.0819615234375
32.0 7.031234375
33.0 10.08359873046875
34.0 9.96657080078125
35.0 9.857205859375
36.0 8.95888955078125
37.0 9.93369296875
38.0 10.41136259765625
39.0 9.10182783203125
40.0 7.7444138671875
41.0 10.51333798828125
42.0 10.76503271484375
43.0 10.4502216796875
44.0 8.54666220703125
45.0 8.4778912109375
46.0 9.8048041015625
47.0 8.50107119140625
48.0 8.51722080078125
49.0 9.436397265625
50.0 7.7476216796875
51.0 7.35551171875
52.0 6.23197890625
53.0 6.99545244140625
54.0 8.0042521484375
55.0 9.24369375
56.0 8.42945908203125
57.0 9.53098486328125
58.0 0.0
59.0 0.0
60.0 10.4293841796875
61.0 21.04199267578125
62.0 7.70693291015625
63.0 9.46820419921875
64.0 10.90530810546875
65.0 9.35261640625
66.0 10.73193720703125
67.0 8.24324521484375
68.0 10.24753369140625
69.0 10.09979140625
70.0 8.77902998046875
71.0 7.72868759765625
72.0 9.30173349609375
73.0 9.384055859375
74.0 9.58970673828125
75.0 9.12116220703125
76.0 7.937208984375
77.0 9.54150166015625
78.0 9.43006748046875
79.0 10.18753984375
80.0 8.0774408203125
81.0 8.52392255859375
82.0 9.27722001953125
83.0 9.72561376953125
84.0 10.6364802734375
85.0 8.92044716796875
86.0 9.115348046875
87.0 10.003510546875
88.0 8.60931513671875
89.0 8.0329685546875
90.0 8.76871669921875
91.0 8.9863404296875
92.0 9.5119685546875
93.0 8.29994228515625
94.0 8.9128732421875
95.0 9.26545126953125
96.0 10.42057509765625
97.0 11.06418203125
98.0 8.69549462890625
99.0 8.44219990234375
100.0 9.07169462890625
101.0 10.53902060546875
102.0 8.94134091796875
103.0 9.4858599609375
104.0 9.22980185546875
105.0 9.32147021484375
106.0 8.5526171875
107.0 9.2307306640625
108.0 9.01832734375
109.0 9.46551943359375
110.0 7.583795703125
111.0 10.21062353515625
112.0 9.6930888671875
113.0 9.52584443359375
114.0 9.91011572265625
115.0 8.65548662109375
116.0 9.51631142578125
117.0 9.83359794921875
118.0 9.21673505859375
119.0 9.986329296875
120.0 9.545036328125
121.0 8.558573046875
122.0 8.53380712890625
123.0 7.56967158203125
124.0 9.1359076171875
125.0 10.6324662109375
126.0 9.44244013671875
127.0 9.74158681640625
128.0 7.81392568359375
129.0 9.8944107421875
130.0 9.3564025390625
131.0 10.10432001953125
132.0 10.39306376953125
133.0 10.80736142578125
134.0 9.4494177734375
135.0 10.77508349609375
136.0 10.4529943359375
137.0 9.0206423828125
138.0 7.1936462890625
139.0 8.465980078125
140.0 8.18514091796875
141.0 7.8856701171875
142.0 8.3008896484375
143.0 9.47224248046875
144.0 10.36508017578125
145.0 10.12744111328125
146.0 10.4459326171875
147.0 9.41521572265625
148.0 7.47695146484375
149.0 9.93930400390625
150.0 8.5934208984375
151.0 8.05374921875
152.0 9.0567478515625
153.0 7.5028306640625
154.0 8.246237890625
155.0 9.7190466796875
156.0 9.23625458984375
157.0 9.35788125
158.0 10.95945048828125
159.0 9.7938470703125
160.0 0.0
161.0 0.0
162.0 18.65217490234375
163.0 0.0
164.0 0.0
165.0 18.9861638671875
166.0 8.70128095703125
167.0 8.27395126953125
168.0 8.45323779296875
169.0 9.5232255859375
170.0 9.42819208984375
171.0 8.81302646484375
172.0 10.21558828125
173.0 9.46813076171875
174.0 8.5805802734375
175.0 7.440016796875
176.0 8.01918212890625
177.0 10.10259580078125
178.0 8.9949578125
179.0 8.0424748046875
180.0 9.46763896484375
181.0 10.731729296875
182.0 9.98020263671875
183.0 9.140373046875
184.0 10.2366150390625
185.0 9.8883236328125
186.0 10.23804375
187.0 10.2825232421875
188.0 10.4703375
189.0 10.81857626953125
190.0 9.59982216796875
191.0 9.0413732421875
192.0 10.25437568359375
193.0 10.03224541015625
194.0 8.92872470703125
195.0 7.24624326171875
196.0 8.60766142578125
197.0 10.7476263671875
198.0 10.5639595703125
199.0 10.485657421875
200.0 8.747874609375
201.0 9.94972490234375
202.0 0.0
203.0 0.0
204.0 23.94970478515625
205.0 9.6945294921875
206.0 9.1079345703125
207.0 8.29811796875
208.0 9.13962041015625
209.0 8.9547068359375
210.0 9.52791884765625
211.0 8.57651572265625
212.0 9.343483984375
213.0 8.7370591796875
214.0 9.377741796875
215.0 8.93988193359375
216.0 9.908611328125
217.0 9.6424369140625
218.0 8.79160283203125
219.0 7.78476728515625
220.0 9.6444431640625
221.0 10.305215234375
222.0 9.90622578125
223.0 9.4805708984375
224.0 9.77916474609375
225.0 9.19334267578125
226.0 9.324400390625
227.0 8.3956171875
228.0 7.02581015625
229.0 8.07490087890625
230.0 9.89341357421875
231.0 10.05784765625
232.0 9.062876171875
233.0 10.13587431640625
234.0 8.54850390625
235.0 9.3064787109375
236.0 9.818493359375
237.0 8.817197265625
238.0 9.33620478515625
239.0 10.297911328125
240.0 9.738398046875
241.0 8.93433369140625
242.0 9.87028076171875
243.0 10.50036826171875
244.0 9.8353857421875
245.0 8.971704296875
246.0 10.1169294921875
247.0 10.04866494140625
248.0 9.75428583984375
249.0 8.73866708984375
250.0 8.23168759765625
251.0 8.615449609375
252.0 9.65354169921875
253.0 9.9434931640625
254.0 8.5188126953125
255.0 8.9170875
256.0 10.1175103515625
257.0 10.0545203125
258.0 9.07049306640625
259.0 10.28005185546875
260.0 10.03992626953125
261.0 9.99763076171875
262.0 9.2122826171875
263.0 10.04597041015625
264.0 8.1137037109375
265.0 8.98402392578125
266.0 8.800061328125
267.0 8.61192705078125
268.0 10.4039974609375
269.0 9.73080419921875
270.0 9.38536279296875
271.0 10.703751953125
272.0 11.02654853515625
273.0 11.3115033203125
274.0 9.65187666015625
275.0 10.23956357421875
276.0 8.63949296875
277.0 10.20574150390625
278.0 9.1794984375
279.0 10.02809716796875
280.0 10.46762734375
281.0 10.45831337890625
282.0 10.2901736328125
283.0 9.64202177734375
284.0 10.5388986328125
285.0 10.230501953125
286.0 8.72395888671875
287.0 10.81763984375
288.0 10.60342734375
289.0 0.0
290.0 0.0
291.0 9.84040986328125
292.0 9.25757919921875
293.0 8.58232109375
294.0 24.27230009765625
295.0 10.1194587890625
296.0 9.88485380859375
297.0 9.92739658203125
298.0 10.283891015625
299.0 8.55892822265625
300.0 9.58177373046875
301.0 10.15906796875
302.0 6.68716669921875
303.0 6.82643857421875
304.0 9.32431787109375
305.0 9.40163564453125
306.0 9.5323833984375
307.0 8.24499248046875
308.0 10.68945859375
309.0 8.2213572265625
310.0 8.6066091796875
311.0 8.77446494140625
312.0 7.3991083984375
313.0 8.8002263671875
314.0 9.749490234375
315.0 10.827050390625
316.0 9.14404501953125
317.0 10.94596416015625
318.0 9.0580685546875
319.0 8.495209375
320.0 8.187330859375
321.0 8.81159921875
322.0 8.3626033203125
323.0 8.473758203125
324.0 8.7142771484375
325.0 8.868512890625
326.0 10.2345994140625
327.0 9.55048671875
328.0 8.02898740234375
329.0 7.0794205078125
330.0 7.5216201171875
331.0 8.1757748046875
332.0 7.833701953125
333.0 10.32697216796875
334.0 9.10261220703125
335.0 9.80189189453125
336.0 8.853017578125
337.0 9.2566240234375
338.0 4.625137109375
339.0 9.4108720703125
340.0 7.2323220703125
341.0 8.94656396484375
342.0 8.84687412109375
343.0 8.46539609375
344.0 7.97961962890625
345.0 8.81032724609375
346.0 8.6677
347.0 8.17758837890625
348.0 8.45631826171875
349.0 7.27148798828125
350.0 8.28893779296875
351.0 8.23487919921875
352.0 8.41906640625
353.0 7.1412068359375
354.0 4.71697568359375
355.0 0.0
356.0 0.0
357.0 2.3394185546875
358.0 27.25355302734375
359.0 9.9299203125
360.0 9.83961318359375
361.0 9.4628630859375
362.0 8.06322978515625
363.0 7.1144705078125
364.0 8.68214404296875
365.0 8.764383984375
366.0 7.4485775390625
367.0 7.50152021484375
368.0 8.029856640625
369.0 8.98545068359375
370.0 10.02139306640625
371.0 9.7070623046875
372.0 7.39002626953125
373.0 7.99646611328125
374.0 8.65812998046875
375.0 9.21873876953125
376.0 8.9214978515625
377.0 7.5814849609375
378.0 9.783121484375
379.0 7.3839958984375
380.0 8.65128896484375
381.0 7.3075685546875
382.0 8.3389041015625
383.0 8.71418896484375
384.0 8.659976953125
385.0 9.1342521484375
386.0 8.65771904296875
387.0 9.87115576171875
388.0 9.35081943359375
389.0 9.7926046875
390.0 8.36655849609375
391.0 7.47986572265625
392.0 0.0
393.0 0.0
394.0 0.563840625
395.0 31.454758984375
396.0 10.41159326171875
397.0 10.4759515625
398.0 10.04458232421875
399.0 10.67900302734375
400.0 10.02020537109375
401.0 9.421459765625
402.0 10.41712490234375
403.0 10.82629541015625
404.0 9.0808580078125
405.0 9.98371318359375
406.0 10.05397060546875
407.0 10.59135126953125
408.0 10.70371806640625
409.0 9.633690234375
410.0 10.91917978515625
411.0 11.254462890625
412.0 9.74441787109375
413.0 10.44953603515625
414.0 11.30355263671875
415.0 10.5354939453125
416.0 9.1335994140625
417.0 9.69226357421875
418.0 9.43385693359375
419.0 10.123014453125
420.0 8.90424677734375
421.0 10.4438078125
422.0 10.03800888671875
423.0 9.8367349609375
424.0 8.84055224609375
425.0 9.71709423828125
426.0 9.522673046875
427.0 8.8758546875
428.0 8.76907763671875
429.0 7.48108994140625
430.0 9.521538671875
431.0 11.1521857421875
432.0 11.308142578125
433.0 9.73927197265625
434.0 10.65856533203125
435.0 10.5834974609375
436.0 10.85867880859375
437.0 9.869146875
438.0 10.0936419921875
439.0 10.69659580078125
440.0 10.845530859375
441.0 9.404478515625
442.0 10.01262568359375
443.0 10.15164228515625
444.0 10.06565322265625
445.0 9.52645205078125
446.0 10.0793466796875
447.0 10.3471583984375
448.0 11.52798408203125
449.0 10.45476923828125
450.0 11.3693833984375
451.0 11.66059189453125
452.0 11.2263234375
453.0 9.28592861328125
454.0 10.99820341796875
455.0 10.081530078125
456.0 10.64620498046875
457.0 8.744223828125
458.0 9.92364736328125
459.0 9.72538203125
460.0 9.18553974609375
461.0 9.73606552734375
462.0 10.7491828125
463.0 10.1122392578125
464.0 9.51427578125
465.0 10.04362861328125
466.0 9.8611142578125
467.0 9.42397724609375
468.0 9.00607314453125
469.0 9.651562109375
470.0 10.70714150390625
471.0 10.03602099609375
472.0 10.00379384765625
473.0 10.19469111328125
474.0 9.518621484375
475.0 10.05851982421875
476.0 9.6793181640625
477.0 10.0683896484375
478.0 8.5994390625
479.0 10.4957458984375
480.0 10.57016396484375
481.0 10.45043017578125
482.0 8.90721728515625
483.0 10.6389623046875
484.0 10.9077263671875
485.0 11.65291435546875
486.0 10.50404677734375
487.0 11.77336689453125
488.0 10.51900400390625
489.0 10.6706052734375
490.0 9.24228154296875
491.0 10.33620361328125
492.0 10.61453095703125
493.0 9.47522939453125
494.0 8.24572607421875
495.0 9.09127265625
496.0 7.57297275390625
497.0 8.905546875
498.0 10.05068505859375
499.0 9.535198046875
500.0 8.63567099609375
501.0 7.96279375
502.0 9.14184130859375
503.0 9.03282001953125
504.0 9.40617451171875
505.0 1.74088544921875
506.0 9.2039216796875
507.0 10.30033505859375
508.0 10.054136328125
509.0 10.28944326171875
510.0 9.3522587890625
511.0 9.58312099609375
512.0 10.522550390625
513.0 10.52149638671875
514.0 9.5113166015625
515.0 10.5652126953125
516.0 10.68376162109375
517.0 11.7612185546875
518.0 9.96395048828125
519.0 11.05210205078125
520.0 11.5560892578125
521.0 10.21804150390625
522.0 9.56253017578125
523.0 10.61320517578125
524.0 10.26093203125
525.0 9.64618056640625
526.0 11.43771025390625
527.0 10.6612138671875
528.0 7.61165888671875
529.0 13.73319716796875
530.0 10.55676201171875
531.0 9.5702568359375
532.0 10.52104951171875
533.0 10.33026826171875
534.0 9.88422060546875
535.0 8.6608544921875
536.0 11.18528662109375
537.0 10.53208740234375
538.0 10.92435595703125
539.0 7.404339453125
540.0 10.64370888671875
541.0 10.66922353515625
542.0 10.90441181640625
543.0 10.04993701171875
544.0 11.0751724609375
545.0 10.47737939453125
546.0 9.9395619140625
547.0 9.8911654296875
548.0 8.67974052734375
549.0 9.24842861328125
550.0 9.02775634765625
551.0 8.110891796875
552.0 9.4476916015625
553.0 10.29061953125
554.0 9.17444248046875
555.0 10.61130244140625
556.0 10.00013017578125
557.0 9.96387763671875
558.0 9.25914111328125
559.0 10.78316474609375
560.0 11.09897578125
561.0 10.7549189453125
562.0 11.65941455078125
563.0 9.98697451171875
564.0 9.94532861328125
565.0 9.889524609375
566.0 9.603427734375
567.0 11.3401318359375
568.0 10.94589599609375
569.0 10.7266763671875
570.0 9.4181095703125
571.0 10.89590146484375
572.0 9.08933095703125
573.0 8.788038671875
574.0 8.703073828125
575.0 8.237066796875
576.0 8.25386416015625
577.0 8.87310634765625
578.0 7.55979482421875
579.0 10.8705302734375
580.0 9.50002021484375
581.0 8.0520173828125
582.0 9.40084501953125
583.0 10.05762041015625
584.0 10.58557236328125
585.0 5.09480712890625
586.0 10.799638671875
587.0 7.90881533203125
588.0 11.130251953125
589.0 10.94161552734375
590.0 9.59117939453125
591.0 9.36605380859375
592.0 7.75208642578125
593.0 0.0
594.0 0.0
595.0 0.0
596.0 25.88120458984375
597.0 8.1372669921875
598.0 7.09705361328125
599.0 8.0531662109375
600.0 7.956783984375
601.0 8.35782197265625
602.0 8.1294685546875
603.0 7.14704033203125
604.0 8.80796220703125
605.0 10.9247521484375
606.0 11.19219951171875
607.0 9.8533677734375
608.0 9.51568515625
609.0 8.7687849609375
610.0 10.7513427734375
611.0 8.3695423828125
612.0 11.03179619140625
613.0 9.8007919921875
614.0 10.52144150390625
615.0 9.531819140625
616.0 7.105987890625
617.0 8.76543115234375
618.0 9.3800451171875
619.0 10.4549349609375
620.0 8.8625212890625
621.0 7.2299580078125
622.0 8.4140744140625
623.0 7.84908896484375
624.0 9.949355078125
625.0 9.39940712890625
626.0 9.10426533203125
627.0 9.7098744140625
628.0 11.60351640625
629.0 11.10196669921875
630.0 9.75699033203125
631.0 10.6263185546875
632.0 11.47780029296875
633.0 10.5510455078125
634.0 9.25211220703125
635.0 10.44839052734375
636.0 11.4870904296875
637.0 11.55065849609375
638.0 8.82836494140625
639.0 10.7900609375
640.0 10.28318134765625
641.0 10.9295568359375
642.0 9.74934560546875
643.0 1.17687236328125
644.0 8.3623791015625
645.0 21.75150595703125
646.0 11.5532599609375
647.0 11.21598701171875
648.0 10.2686541015625
649.0 10.922043359375
650.0 10.3559650390625
651.0 10.89698837890625
652.0 9.756905078125
653.0 9.93980654296875
654.0 9.9277248046875
655.0 10.2913232421875
656.0 9.65852841796875
657.0 9.41542001953125
658.0 8.40023515625
659.0 8.60611015625
660.0 9.84862900390625
661.0 8.117571484375
662.0 8.1608134765625
663.0 7.84207685546875
664.0 8.30230048828125
665.0 7.99472470703125
666.0 7.85157578125
667.0 7.72983935546875
668.0 10.93214619140625
669.0 8.9062966796875
670.0 7.13206875
671.0 8.2528982421875
672.0 7.8022568359375
673.0 9.5253125
674.0 7.3036740234375
675.0 8.66619833984375
676.0 10.61732197265625
677.0 9.167456640625
678.0 9.9708486328125
679.0 7.114021484375
680.0 9.46847890625
681.0 10.30892197265625
682.0 7.86777841796875
683.0 8.23709853515625
684.0 10.31413310546875
685.0 7.78276806640625
686.0 10.282838671875
687.0 9.90631689453125
688.0 10.52775380859375
689.0 11.3020357421875
690.0 11.081251953125
691.0 9.82508662109375
692.0 0.0
693.0 0.0
694.0 27.0712900390625
695.0 9.51056328125
696.0 8.39526943359375
697.0 8.34831923828125
698.0 10.64150986328125
699.0 8.10544033203125
700.0 7.44860908203125
701.0 10.2286357421875
702.0 10.76112119140625
703.0 10.429741015625
704.0 9.9289634765625
705.0 10.251149609375
706.0 10.63604306640625
707.0 10.704130078125
708.0 10.01192109375
709.0 10.73955576171875
710.0 10.88783056640625
711.0 11.118833203125
712.0 9.82390712890625
713.0 12.08195439453125
714.0 11.94237939453125
715.0 10.400151171875
716.0 11.34566103515625
717.0 10.520280859375
718.0 10.6845751953125
719.0 9.7785955078125
720.0 11.05658515625
721.0 8.175930859375
722.0 8.60923427734375
723.0 8.5062162109375
724.0 9.68703115234375
725.0 10.97130400390625
726.0 10.16949140625
727.0 8.45108759765625
728.0 9.713991796875
729.0 9.70127861328125
730.0 0.0
731.0 0.0
732.0 0.05370458984375
733.0 16.24026806640625
734.0 18.1020548828125
735.0 8.08270927734375
736.0 7.86816845703125
737.0 8.95441650390625
738.0 10.9123447265625
739.0 9.3466763671875
740.0 11.276561328125
741.0 11.29916220703125
742.0 9.447098828125
743.0 7.035890625
744.0 9.27033046875
745.0 9.06729716796875
746.0 8.8151353515625
747.0 7.869019921875
748.0 7.84409697265625
749.0 9.23886044921875
750.0 10.11583623046875
751.0 9.7935693359375
752.0 7.499528515625
753.0 7.95051220703125
754.0 7.918667578125
755.0 7.79955263671875
756.0 10.05980625
757.0 10.8454482421875
758.0 10.4357515625
759.0 10.97143544921875
760.0 10.7914794921875
761.0 10.0537544921875
762.0 10.46198408203125
763.0 10.79938525390625
764.0 10.76729150390625
765.0 9.5741830078125
766.0 8.54496845703125
767.0 9.70022919921875
768.0 11.14480009765625
769.0 8.3207380859375
770.0 11.5655796875
771.0 11.8349025390625
772.0 7.74004814453125
773.0 7.433819921875
774.0 11.4668796875
775.0 8.96347783203125
776.0 8.48948974609375
777.0 7.98017333984375
778.0 0.0
779.0 0.0
780.0 0.0782072265625
781.0 30.284642578125
782.0 11.2766515625
783.0 8.8398146484375
784.0 11.093315625
785.0 11.38265146484375
786.0 9.95820830078125
787.0 12.04829580078125
788.0 11.91864501953125
789.0 12.1431939453125
790.0 10.36683505859375
791.0 11.5179630859375
792.0 10.86646328125
793.0 10.7079341796875
794.0 9.98999697265625
795.0 10.07877509765625
796.0 8.8816693359375
797.0 10.736201171875
798.0 10.22197587890625
799.0 9.716719140625
