0.0 4.4806150390625
1.0 0.11406787109375
2.0 0.0103302734375
3.0 0.05182646484375
4.0 0.24343330078125
5.0 0.75281962890625
6.0 2.215903125
7.0 2.831094140625
8.0 2.84752705078125
9.0 0.6656951171875
10.0 1.293930078125
11.0 0.8456955078125
12.0 0.50058740234375
13.0 5.1605240234375
14.0 3.3436798828125
15.0 4.4374287109375
16.0 6.2620771484375
17.0 9.41708642578125
18.0 0.889412109375
19.0 0.072311328125
20.0 2.2629634765625
21.0 5.3190103515625
22.0 9.860451171875
23.0 7.057224609375
24.0 1.6286107421875
25.0 1.91875966796875
26.0 6.051810546875
27.0 8.79892626953125
28.0 9.03217587890625
29.0 9.55761513671875
30.0 11.18661865234375
31.0 2.54673515625
32.0 4.63370751953125
33.0 4.4621826171875
34.0 4.33333369140625
35.0 6.7191896484375
36.0 5.6546197265625
37.0 8.80890048828125
38.0 6.33667490234375
39.0 4.81874853515625
40.0 7.43129931640625
41.0 8.22754873046875
42.0 8.80665205078125
43.0 5.1569095703125
44.0 8.46678173828125
45.0 5.94155517578125
46.0 3.202018359375
47.0 5.27124814453125
48.0 5.37437783203125
49.0 8.65783486328125
50.0 7.2418697265625
51.0 10.50697373046875
52.0 11.91947412109375
53.0 13.00761806640625
54.0 13.57777197265625
55.0 14.0740126953125
56.0 15.12029423828125
57.0 14.98186845703125
58.0 9.56026455078125
59.0 9.94977294921875
60.0 9.7319240234375
61.0 13.35990146484375
62.0 12.61068291015625
63.0 7.560236328125
64.0 13.54647919921875
65.0 14.31543798828125
66.0 13.391140625
67.0 12.487337109375
68.0 17.51624052734375
69.0 13.74814296875
70.0 13.6585390625
71.0 6.4761724609375
72.0 16.28101943359375
73.0 16.83181298828125
74.0 8.92896796875
75.0 12.9281470703125
76.0 13.8050203125
77.0 14.97292431640625
78.0 14.54520009765625
79.0 15.9429423828125
80.0 16.75265458984375
81.0 12.6289787109375
82.0 10.25197529296875
83.0 16.80297255859375
84.0 8.08140888671875
85.0 6.7007767578125
86.0 12.16992470703125
87.0 11.48740458984375
88.0 6.2580240234375
89.0 18.37744873046875
90.0 3.02731845703125
91.0 15.5716966796875
92.0 14.72846005859375
93.0 14.4128072265625
94.0 13.44212734375
95.0 18.0199951171875
96.0 11.12375693359375
97.0 4.85303037109375
98.0 14.8731169921875
99.0 13.099596875
100.0 13.19522275390625
101.0 13.31363291015625
102.0 14.705111328125
103.0 10.4521623046875
104.0 12.4008263671875
105.0 10.00761806640625
106.0 6.93193037109375
107.0 2.08673701171875
108.0 4.17593427734375
109.0 3.62695712890625
110.0 9.48142880859375
111.0 12.12347001953125
112.0 8.83942880859375
113.0 5.9887556640625
114.0 9.9484845703125
115.0 15.935644921875
116.0 13.080862109375
117.0 24.7764771484375
118.0 14.83907890625
119.0 10.303784375
120.0 13.04580419921875
121.0 7.64974482421875
122.0 7.0039005859375
123.0 8.1238173828125
124.0 11.0622455078125
125.0 10.35241376953125
126.0 9.5583541015625
127.0 10.478265234375
128.0 7.7084197265625
129.0 14.02126376953125
130.0 12.53954326171875
131.0 10.273680078125
132.0 7.34207998046875
133.0 2.2481873046875
134.0 1.9147408203125
135.0 1.66282470703125
136.0 5.61228896484375
137.0 0.5535638671875
138.0 0.27113095703125
139.0 0.7610900390625
140.0 2.7436404296875
141.0 7.8535517578125
142.0 6.241461328125
143.0 6.4028244140625
144.0 4.1333921875
145.0 2.69186396484375
146.0 3.78726064453125
147.0 8.21249521484375
148.0 6.9059677734375
149.0 9.8137125
150.0 6.91772861328125
151.0 7.01196865234375
152.0 2.98194775390625
153.0 2.159240234375
154.0 9.00315380859375
155.0 6.5053060546875
156.0 4.66257548828125
157.0 5.68748662109375
158.0 1.505218359375
159.0 0.9547453125
160.0 2.39377958984375
161.0 5.2382779296875
162.0 11.01152919921875
163.0 9.2481951171875
164.0 10.67098056640625
165.0 7.668489453125
166.0 8.12230078125
167.0 4.57159013671875
168.0 3.0590451171875
169.0 3.82769013671875
170.0 10.90811015625
171.0 10.89440068359375
172.0 9.36583740234375
173.0 9.5653138671875
174.0 10.1442931640625
175.0 7.83606435546875
176.0 18.278454296875
177.0 16.3380791015625
178.0 19.466860546875
179.0 16.9042392578125
180.0 13.5336361328125
181.0 5.686830078125
182.0 12.7626203125
183.0 6.15408759765625
184.0 19.4703935546875
185.0 15.87521435546875
186.0 18.43975615234375
187.0 13.07927412109375
188.0 21.89704326171875
189.0 13.02045576171875
190.0 21.234608203125
191.0 22.00397431640625
192.0 19.0135369140625
193.0 20.77305615234375
194.0 19.3404548828125
195.0 16.38050439453125
196.0 10.022991796875
197.0 21.16141796875
198.0 16.00852841796875
199.0 14.7571419921875
200.0 12.3282501953125
201.0 11.08222109375
202.0 14.4756224609375
203.0 8.7845427734375
204.0 9.4895400390625
205.0 9.9299603515625
206.0 6.05715009765625
207.0 5.77314501953125
208.0 7.447028515625
209.0 7.33932529296875
210.0 4.9937134765625
211.0 3.79364873046875
212.0 2.96963525390625
213.0 1.07050029296875
214.0 2.50040654296875
215.0 9.24534921875
216.0 10.2935837890625
217.0 4.43444365234375
218.0 1.142923828125
219.0 0.29205322265625
220.0 0.1456755859375
221.0 0.10400390625
222.0 0.1876984375
223.0 0.0934982421875
224.0 0.35403447265625
225.0 0.322868359375
226.0 0.125015234375
227.0 0.030990625
228.0 0.43504033203125
229.0 1.8687177734375
230.0 8.7986587890625
231.0 6.51860673828125
232.0 11.9443154296875
233.0 4.1720265625
234.0 1.16777578125
235.0 2.67490625
236.0 0.19785302734375
237.0 0.37522119140625
238.0 0.4163666015625
239.0 3.57790732421875
240.0 8.96402392578125
241.0 14.30646298828125
242.0 5.345209375
243.0 17.80886845703125
244.0 14.52698662109375
245.0 7.48497021484375
246.0 3.1450876953125
247.0 7.94050205078125
248.0 5.79049970703125
249.0 4.0398732421875
250.0 2.26227958984375
251.0 5.38369482421875
252.0 4.54441318359375
253.0 1.692911328125
254.0 13.7552134765625
255.0 17.172459765625
256.0 16.10995
257.0 2.06711298828125
258.0 4.335290625
259.0 5.2504466796875
260.0 0.16117275390625
261.0 0.18734736328125
262.0 0.1668625
263.0 0.7754158203125
264.0 0.80795302734375
265.0 6.1147208984375
266.0 1.4633994140625
267.0 0.5990013671875
268.0 0.21833798828125
269.0 0.55153662109375
270.0 8.53521943359375
271.0 5.67682724609375
272.0 0.0
273.0 0.0
274.0 0.052001953125
275.0 0.0
276.0 0.0
277.0 0.0
278.0 0.0
279.0 0.0
280.0 0.0
281.0 0.0
282.0 0.0
283.0 0.0
284.0 0.0
285.0 0.0
286.0 0.0
287.0 0.0
288.0 0.0
289.0 0.0
290.0 0.0
291.0 0.0
292.0 0.0
293.0 0.0
294.0 0.0
295.0 0.0
296.0 0.0
297.0 0.0
298.0 0.0
299.0 0.0
300.0 0.0
301.0 0.0
302.0 0.0
303.0 0.0
304.0 0.0
305.0 0.0
306.0 0.0
307.0 0.0
308.0 0.0
309.0 0.0
310.0 0.0
311.0 0.0
312.0 0.0
313.0 0.0
314.0 9.15143974609375
315.0 0.46293251953125
316.0 0.208183203125
317.0 0.156005859375
318.0 0.39113466796875
319.0 0.1290603515625
320.0 0.23934931640625
321.0 1.13689853515625
322.0 0.8372453125
323.0 0.1460265625
324.0 0.05200205078125
325.0 0.1143341796875
326.0 0.12466435546875
327.0 0.0623322265625
328.0 0.04132080078125
329.0 0.0414962890625
330.0 0.20818330078125
331.0 0.072837890625
332.0 0.13499453125
333.0 0.1515904296875
334.0 0.44161806640625
335.0 0.0934982421875
336.0 0.07248671875
337.0 0.01033017578125
338.0 0.1143341796875
339.0 0.18717197265625
340.0 0.7017830078125
341.0 0.14985576171875
342.0 0.895065234375
343.0 1.007034375
344.0 0.33486181640625
345.0 0.0
346.0 0.0
347.0 0.1144056640625
348.0 1.15666806640625
349.0 0.0488296875
350.0 0.3225173828125
351.0 3.36621015625
352.0 5.58061435546875
353.0 6.96421103515625
354.0 6.5449837890625
355.0 4.34283486328125
356.0 2.838775
357.0 1.1249822265625
358.0 1.35591279296875
359.0 1.45215869140625
360.0 6.805171484375
361.0 7.04510498046875
362.0 5.64514892578125
363.0 4.95346875
364.0 5.20859970703125
365.0 5.39140625
366.0 4.91989375
367.0 4.3055861328125
368.0 2.8217228515625
369.0 3.6582798828125
370.0 3.12906650390625
371.0 10.4381203125
372.0 5.93416376953125
373.0 10.29491708984375
374.0 7.4285029296875
375.0 8.29372607421875
376.0 7.5031046875
377.0 3.6338154296875
378.0 5.2520404296875
379.0 9.47980439453125
380.0 6.15368603515625
381.0 6.73400830078125
382.0 7.2050220703125
383.0 6.33692109375
384.0 8.02600634765625
385.0 6.4984001953125
386.0 3.706454296875
387.0 7.42993134765625
388.0 3.125880078125
389.0 3.2842009765625
390.0 7.619666796875
391.0 4.1635556640625
392.0 7.86323779296875
393.0 7.18760283203125
394.0 5.0733701171875
395.0 6.6144013671875
396.0 5.17424130859375
397.0 5.92072392578125
398.0 4.6248494140625
399.0 6.10906494140625
400.0 6.87086962890625
401.0 5.6921990234375
402.0 5.6180287109375
403.0 2.67642412109375
404.0 11.18774970703125
405.0 12.3961619140625
406.0 11.71182783203125
407.0 5.65560888671875
408.0 0.971916015625
409.0 8.43186220703125
410.0 6.60106484375
411.0 6.6201216796875
412.0 8.4045470703125
413.0 10.83715791015625
414.0 9.93233212890625
415.0 7.300857421875
416.0 3.301721484375
417.0 4.29306787109375
418.0 3.91591640625
419.0 4.45706865234375
420.0 4.00475400390625
421.0 2.49673466796875
422.0 6.8965162109375
423.0 11.9075271484375
424.0 13.73975234375
425.0 10.55118681640625
426.0 6.7040396484375
427.0 10.0810638671875
428.0 10.79435888671875
429.0 8.09140810546875
430.0 5.55671201171875
431.0 4.22015205078125
432.0 11.11866162109375
433.0 7.06238671875
434.0 6.11349189453125
435.0 9.0637673828125
436.0 7.30375732421875
437.0 5.11336513671875
438.0 6.514308984375
439.0 8.97892177734375
440.0 7.0354234375
441.0 5.47288701171875
442.0 7.941358203125
443.0 3.74000673828125
444.0 4.55993955078125
445.0 4.03091123046875
446.0 7.19799423828125
447.0 3.84676728515625
448.0 5.53334150390625
449.0 4.52974033203125
450.0 9.233847265625
451.0 13.59397666015625
452.0 7.79371904296875
453.0 8.572592578125
454.0 11.84343955078125
455.0 10.77822041015625
456.0 9.2826890625
457.0 16.26537666015625
458.0 13.08733115234375
459.0 12.70820751953125
460.0 7.83103720703125
461.0 8.1286154296875
462.0 8.28106083984375
463.0 10.5154748046875
464.0 11.14497685546875
465.0 0.0
466.0 0.0
467.0 26.702766015625
468.0 17.29688115234375
469.0 5.7516537109375
470.0 16.39612568359375
471.0 18.18992734375
472.0 11.51681796875
473.0 12.2690642578125
474.0 14.55181328125
475.0 16.4894361328125
476.0 17.51644892578125
477.0 14.3663623046875
478.0 21.64276337890625
479.0 17.5277283203125
480.0 19.01705703125
481.0 10.37695869140625
482.0 6.7419193359375
483.0 9.63618212890625
484.0 17.091952734375
485.0 13.977133203125
486.0 6.289200390625
487.0 13.426288671875
488.0 5.02901083984375
489.0 19.91067919921875
490.0 15.30042021484375
491.0 16.6722646484375
492.0 6.86243935546875
493.0 6.88312548828125
494.0 11.45510546875
495.0 8.39614423828125
496.0 4.089723046875
497.0 5.3511357421875
498.0 2.11039091796875
499.0 6.55243740234375
500.0 2.72558193359375
501.0 0.22954560546875
502.0 1.2664693359375
503.0 2.2016908203125
504.0 2.83565771484375
505.0 6.1174494140625
506.0 5.0467841796875
507.0 4.7609609375
508.0 14.88359892578125
509.0 19.44751875
510.0 15.320756640625
511.0 12.561969921875
512.0 12.4710298828125
513.0 9.8315876953125
514.0 15.9208763671875
515.0 7.959390234375
516.0 10.60159091796875
517.0 13.21875283203125
518.0 16.495339453125
519.0 13.70456494140625
520.0 8.9603658203125
521.0 8.244230859375
522.0 11.66481845703125
523.0 13.6496419921875
524.0 18.471310546875
525.0 20.68286865234375
526.0 15.78052646484375
527.0 14.025261328125
528.0 15.49782978515625
529.0 13.54833359375
530.0 13.2033654296875
531.0 12.4214232421875
532.0 10.19629677734375
533.0 14.21470654296875
534.0 12.32696962890625
535.0 15.4725736328125
536.0 12.45009169921875
537.0 16.9252494140625
538.0 12.28675234375
539.0 11.0448265625
540.0 17.85332421875
541.0 14.6750515625
542.0 13.874423828125
543.0 11.737100390625
544.0 12.32551943359375
545.0 14.39449658203125
546.0 18.3312384765625
547.0 27.0831544921875
548.0 20.358425
549.0 17.5911439453125
550.0 21.50853466796875
551.0 22.50809287109375
552.0 24.1581634765625
553.0 17.71818916015625
554.0 13.1753625
555.0 8.23319287109375
556.0 6.4485013671875
557.0 14.21581611328125
558.0 11.14090869140625
559.0 13.05859013671875
560.0 8.2339771484375
561.0 17.03345263671875
562.0 16.15215927734375
563.0 16.60643623046875
564.0 15.140583203125
565.0 12.02937841796875
566.0 9.3144615234375
567.0 15.12937041015625
568.0 8.69366845703125
569.0 12.506236328125
570.0 7.78752060546875
571.0 10.858274609375
572.0 7.1782115234375
573.0 2.91295908203125
574.0 7.31349248046875
575.0 4.82511201171875
576.0 14.201748828125
577.0 8.0001162109375
578.0 8.6640521484375
579.0 8.084902734375
580.0 9.8111322265625
581.0 10.9979462890625
582.0 13.44262783203125
583.0 14.76954287109375
584.0 5.40639365234375
585.0 8.48778212890625
586.0 7.9762537109375
587.0 3.45848408203125
588.0 10.25289072265625
589.0 8.50900498046875
590.0 4.233242578125
591.0 8.78364052734375
592.0 6.10479228515625
593.0 10.5363005859375
594.0 9.66619892578125
595.0 8.4309607421875
596.0 5.09081494140625
597.0 10.09175771484375
598.0 7.08833134765625
599.0 7.80302109375
600.0 6.78001630859375
601.0 6.28160625
602.0 5.97701064453125
603.0 7.39674013671875
604.0 9.93233525390625
605.0 8.13239755859375
606.0 0.49016357421875
607.0 7.34023369140625
608.0 6.0191392578125
609.0 1.5013828125
610.0 10.423125390625
611.0 5.15258857421875
612.0 3.22511923828125
613.0 2.6749203125
614.0 10.4229404296875
615.0 8.0443498046875
616.0 8.48677314453125
617.0 9.093091796875
618.0 7.10326728515625
619.0 7.418097265625
620.0 1.0947189453125
621.0 0.3951796875
622.0 5.80547314453125
623.0 3.57638837890625
624.0 9.8175484375
625.0 8.19558310546875
626.0 5.015875390625
627.0 6.285473046875
628.0 9.01674765625
629.0 5.77667490234375
630.0 4.87276474609375
631.0 6.2921607421875
632.0 3.28209326171875
633.0 3.4337310546875
634.0 2.4064560546875
635.0 7.0516509765625
636.0 6.9763677734375
637.0 0.90840546875
638.0 11.6589400390625
639.0 7.0860404296875
640.0 7.58182216796875
641.0 3.0964607421875
642.0 11.0513955078125
643.0 8.5779798828125
644.0 15.8941904296875
645.0 7.9572412109375
646.0 8.6816275390625
647.0 5.62221025390625
648.0 7.12949462890625
649.0 3.9124029296875
650.0 2.73724189453125
651.0 2.83238740234375
652.0 1.36520341796875
653.0 1.12368955078125
654.0 0.43811318359375
655.0 0.16685830078125
656.0 9.60385673828125
657.0 10.173216796875
658.0 11.0074416015625
659.0 10.00607412109375
660.0 8.62433427734375
661.0 7.38826650390625
662.0 8.61363388671875
663.0 6.45326455078125
664.0 12.14285078125
665.0 9.37107109375
666.0 3.859771484375
667.0 9.8870265625
668.0 10.18143740234375
669.0 6.958215625
670.0 11.8755533203125
671.0 7.128016796875
672.0 10.99992685546875
673.0 13.18808037109375
674.0 11.4260203125
675.0 8.03243701171875
676.0 10.328796484375
677.0 16.03941806640625
678.0 20.18648779296875
679.0 17.40385634765625
680.0 22.7992783203125
681.0 17.99366650390625
682.0 14.940349609375
683.0 27.75901240234375
684.0 13.15100625
685.0 15.56856162109375
686.0 0.84636650390625
687.0 19.7160609375
688.0 30.09354755859375
689.0 19.65293779296875
690.0 13.49733759765625
691.0 20.268670703125
692.0 15.62004453125
693.0 15.6999994140625
694.0 13.28297177734375
695.0 12.3256376953125
696.0 9.235912109375
697.0 8.46083369140625
698.0 6.07330595703125
699.0 6.948105859375
700.0 4.58445302734375
701.0 7.996994140625
702.0 1.8711451171875
703.0 4.1463873046875
704.0 2.0746552734375
705.0 3.99556962890625
706.0 1.8281228515625
707.0 0.0
708.0 0.0
709.0 0.0
710.0 0.0
711.0 0.0
712.0 0.0
713.0 0.0
714.0 0.0
715.0 0.0
716.0 0.0
717.0 0.0
718.0 0.0
719.0 0.0
720.0 0.0
721.0 0.2622345703125
722.0 0.03116611328125
723.0 0.09384912109375
724.0 0.07283779296875
725.0 0.0936736328125
726.0 0.07301328125
727.0 0.04167177734375
728.0 0.07301328125
729.0 3.63721953125
730.0 1.2123919921875
731.0 1.34089521484375
732.0 0.0
733.0 0.0
734.0 0.10735107421875
735.0 0.062156640625
736.0 0.0726623046875
737.0 0.05217744140625
738.0 0.01033017578125
739.0 0.79844755859375
740.0 0.86543916015625
741.0 0.5653765625
742.0 0.56256865234375
743.0 0.531578125
744.0 1.0724333984375
745.0 0.46871943359375
746.0 1.29182451171875
747.0 0.6663970703125
748.0 0.95302666015625
749.0 0.31796181640625
750.0 1.041618359375
751.0 0.73941044921875
752.0 0.9681583984375
753.0 0.61484169921875
754.0 0.3752212890625
755.0 0.80910078125
756.0 1.1236595703125
757.0 1.03175712890625
758.0 0.972761328125
759.0 0.38555126953125
760.0 0.28881279296875
761.0 0.513631640625
762.0 2.47177099609375
763.0 2.4059498046875
764.0 0.12850458984375
765.0 0.56337548828125
766.0 0.653930078125
767.0 12.249459765625
768.0 2.88815107421875
769.0 14.64778203125
770.0 0.3065439453125
771.0 11.03237919921875
772.0 6.999824609375
773.0 0.07283779296875
774.0 6.517328125
775.0 0.54605693359375
776.0 0.45838935546875
777.0 14.55438525390625
778.0 2.04503349609375
779.0 0.7098236328125
780.0 0.8540955078125
781.0 0.2295455078125
782.0 0.34292529296875
783.0 3.16588330078125
784.0 6.93624697265625
785.0 8.92941630859375
786.0 9.76696142578125
787.0 10.2046171875
788.0 11.574503125
789.0 12.9330966796875
790.0 10.5805828125
791.0 15.69692392578125
792.0 10.92633056640625
793.0 2.5442580078125
794.0 5.036503125
795.0 11.0712009765625
796.0 19.34793369140625
797.0 21.1431892578125
798.0 22.0774287109375
799.0 16.42902587890625
