0.0 11.86679404296875
1.0 9.09051044921875
2.0 11.2861287109375
3.0 10.4500408203125
4.0 10.252259765625
5.0 10.8996671875
6.0 11.20660830078125
7.0 9.725883984375
8.0 10.31298359375
9.0 9.274444140625
10.0 9.46140400390625
11.0 7.5232896484375
12.0 12.843662109375
13.0 9.441368359375
14.0 11.55859140625
15.0 9.430095703125
16.0 10.96047783203125
17.0 8.71272490234375
18.0 10.8557751953125
19.0 11.1130427734375
20.0 9.2816619140625
21.0 11.27047802734375
22.0 9.70148984375
23.0 10.548980859375
24.0 11.09858720703125
25.0 9.96748974609375
26.0 9.61302724609375
27.0 10.92308740234375
28.0 11.32399208984375
29.0 11.12343828125
30.0 9.8055974609375
31.0 11.15437431640625
32.0 11.17138017578125
33.0 11.08551083984375
34.0 9.4747841796875
35.0 9.47871962890625
36.0 10.72681044921875
37.0 11.18771357421875
38.0 10.38977626953125
39.0 10.05669794921875
40.0 11.106591796875
41.0 10.3704673828125
42.0 11.16497490234375
43.0 10.133880078125
44.0 11.48386279296875
45.0 11.33967216796875
46.0 10.11013505859375
47.0 11.34670126953125
48.0 10.390068359375
49.0 11.05689267578125
50.0 10.532215234375
51.0 10.25479208984375
52.0 8.1683369140625
53.0 9.1445626953125
54.0 10.84188349609375
55.0 9.6328802734375
56.0 10.72506142578125
57.0 8.750208203125
58.0 10.22493056640625
59.0 11.459483203125
60.0 10.68060791015625
61.0 9.8542474609375
62.0 10.943395703125
63.0 11.0146705078125
64.0 11.03614931640625
65.0 11.0571302734375
66.0 9.97858037109375
67.0 11.3028220703125
68.0 0.0
69.0 0.0
70.0 0.0
71.0 24.11317822265625
72.0 12.4834765625
73.0 6.81782763671875
74.0 11.2104197265625
75.0 11.57778603515625
76.0 11.3294994140625
77.0 9.93214365234375
78.0 11.16241845703125
79.0 11.4871482421875
80.0 11.23817705078125
81.0 9.846915234375
82.0 10.14640078125
83.0 11.317905078125
84.0 10.98596044921875
85.0 10.4684884765625
86.0 9.78010791015625
87.0 10.87543740234375
88.0 10.36125390625
89.0 8.42384189453125
90.0 9.99205947265625
91.0 11.3348951171875
92.0 11.17993447265625
93.0 6.73090087890625
94.0 1.9667232421875
95.0 10.04166123046875
96.0 11.20083251953125
97.0 9.41185830078125
98.0 9.7794201171875
99.0 10.35385986328125
100.0 10.8556240234375
101.0 9.296570703125
102.0 9.651490625
103.0 9.56724326171875
104.0 8.43709580078125
105.0 8.52046083984375
106.0 8.65765419921875
107.0 10.349933203125
108.0 9.02953505859375
109.0 10.57512958984375
110.0 9.669223828125
111.0 9.13969814453125
112.0 10.56290947265625
113.0 10.3487357421875
114.0 9.0930275390625
115.0 10.25596005859375
116.0 10.30121142578125
117.0 9.2169357421875
118.0 9.6628072265625
119.0 11.2623841796875
120.0 10.9938384765625
121.0 9.92520439453125
122.0 8.85641025390625
123.0 12.8454080078125
124.0 11.28269423828125
125.0 10.5268087890625
126.0 11.57841494140625
127.0 9.118855859375
128.0 10.11308779296875
129.0 7.56717919921875
130.0 9.206880859375
131.0 11.21371337890625
132.0 9.93433974609375
133.0 9.7131046875
134.0 11.15311357421875
135.0 10.41933115234375
136.0 7.817279296875
137.0 12.23292724609375
138.0 10.31124228515625
139.0 10.435637109375
140.0 11.16191201171875
141.0 11.6137328125
142.0 8.7518234375
143.0 10.992030859375
144.0 11.0015521484375
145.0 10.04710712890625
146.0 11.14844765625
147.0 10.34131728515625
148.0 10.7575353515625
149.0 10.256075390625
150.0 10.15905859375
151.0 5.15513291015625
152.0 7.15954208984375
153.0 8.05738623046875
154.0 11.255360546875
155.0 9.861893359375
156.0 8.74026884765625
157.0 8.93139677734375
158.0 10.1808556640625
159.0 11.17572177734375
160.0 10.6831787109375
161.0 10.06622578125
162.0 9.47928955078125
163.0 11.8366302734375
164.0 11.5384904296875
165.0 11.76565927734375
166.0 10.7993666015625
167.0 7.74601640625
168.0 12.662566015625
169.0 11.19067138671875
170.0 10.73133779296875
171.0 10.32058388671875
172.0 11.4778236328125
173.0 9.9937876953125
174.0 11.5268310546875
175.0 11.26885205078125
176.0 10.91642783203125
177.0 10.6830560546875
178.0 8.234914453125
179.0 12.0157484375
180.0 10.69957958984375
181.0 5.51648310546875
182.0 7.23372099609375
183.0 5.58885791015625
184.0 7.2355580078125
185.0 10.86466748046875
186.0 11.812973046875
187.0 8.1838205078125
188.0 12.78846181640625
189.0 11.72902451171875
190.0 11.0886951171875
191.0 11.6554642578125
192.0 7.4182095703125
193.0 12.94671728515625
194.0 9.886315625
195.0 11.24772841796875
196.0 9.61599736328125
197.0 9.95798623046875
198.0 8.80959580078125
199.0 10.3633462890625
200.0 8.68135048828125
201.0 10.886959375
202.0 11.04665869140625
203.0 9.4121873046875
204.0 10.80995849609375
205.0 10.0396458984375
206.0 8.54161845703125
207.0 6.7885259765625
208.0 2.714710546875
209.0 2.8534998046875
210.0 2.417976953125
211.0 1.90468037109375
212.0 3.4002765625
213.0 9.8953115234375
214.0 5.49401884765625
215.0 6.01046494140625
216.0 10.1428248046875
217.0 10.0023482421875
218.0 7.34742421875
219.0 1.91897373046875
220.0 5.564710546875
221.0 10.6284658203125
222.0 10.58628740234375
223.0 9.3624201171875
224.0 8.822328125
225.0 8.98977880859375
226.0 10.75320927734375
227.0 10.9104052734375
228.0 8.338847265625
229.0 8.96846044921875
230.0 4.96624677734375
231.0 8.59049931640625
232.0 12.03388056640625
233.0 11.1923146484375
234.0 11.10996025390625
235.0 7.0506412109375
236.0 12.5036205078125
237.0 10.53714267578125
238.0 11.19474599609375
239.0 10.02480849609375
240.0 10.89942373046875
241.0 6.7126587890625
242.0 10.8255275390625
243.0 10.31565556640625
244.0 8.78472978515625
245.0 6.76562275390625
246.0 9.53069814453125
247.0 9.8151056640625
248.0 9.60653818359375
249.0 7.90208603515625
250.0 8.818428125
251.0 9.23382607421875
252.0 11.23951123046875
253.0 10.78324013671875
254.0 9.64133134765625
255.0 8.69884912109375
256.0 12.3600728515625
257.0 11.5581390625
258.0 9.009134765625
259.0 11.56562265625
260.0 7.5664486328125
261.0 11.128650390625
262.0 9.63503447265625
263.0 8.492078515625
264.0 9.8544912109375
265.0 11.2380654296875
266.0 8.21621728515625
267.0 10.76413408203125
268.0 10.0197888671875
269.0 11.12965283203125
270.0 11.6909064453125
271.0 9.8434212890625
272.0 9.97316630859375
273.0 10.05793154296875
274.0 10.12875732421875
275.0 10.1745912109375
276.0 8.71278544921875
277.0 6.76195966796875
278.0 7.12048251953125
279.0 10.50753837890625
280.0 10.1159861328125
281.0 9.714584375
282.0 8.68873095703125
283.0 11.14143271484375
284.0 11.3096568359375
285.0 10.24638974609375
286.0 10.83218525390625
287.0 7.8884646484375
288.0 11.65576123046875
289.0 11.65322392578125
290.0 10.01758720703125
291.0 11.21672021484375
292.0 10.485221875
293.0 11.05357587890625
294.0 9.53803779296875
295.0 10.9336326171875
296.0 10.33591044921875
297.0 10.97805693359375
298.0 9.9259533203125
299.0 11.05656845703125
300.0 7.26474208984375
301.0 13.494043359375
302.0 10.72045078125
303.0 11.11674052734375
304.0 10.686467578125
305.0 8.6651439453125
306.0 11.03362900390625
307.0 10.375537109375
308.0 10.44005546875
309.0 10.10963037109375
310.0 10.9988697265625
311.0 2.8150595703125
312.0 9.52268798828125
313.0 2.16632255859375
314.0 10.76204423828125
315.0 11.0947744140625
316.0 9.93591376953125
317.0 11.415412890625
318.0 10.08507021484375
319.0 9.18841376953125
320.0 7.506717578125
321.0 4.9028275390625
322.0 5.2984919921875
323.0 10.7192673828125
324.0 4.91433515625
325.0 2.944831640625
326.0 10.85192158203125
327.0 10.8462345703125
328.0 11.2532490234375
329.0 11.314998046875
330.0 10.1665716796875
331.0 11.04357099609375
332.0 9.03036181640625
333.0 8.7381138671875
334.0 5.3268162109375
335.0 11.6727306640625
336.0 9.52288955078125
337.0 10.94267109375
338.0 10.83023974609375
339.0 11.15590146484375
340.0 10.53185419921875
341.0 9.47853515625
342.0 9.85907158203125
343.0 10.19066845703125
344.0 10.19682119140625
345.0 8.7270333984375
346.0 11.03540244140625
347.0 9.208930078125
348.0 10.0672083984375
349.0 9.47050986328125
350.0 7.52113037109375
351.0 11.997525390625
352.0 10.8656310546875
353.0 11.23797158203125
354.0 10.6841009765625
355.0 9.7424390625
356.0 9.88687451171875
357.0 5.98024658203125
358.0 7.56602392578125
359.0 7.2440091796875
360.0 8.58872265625
361.0 9.5292068359375
362.0 9.539530078125
363.0 10.7634810546875
364.0 10.75091494140625
365.0 9.77814736328125
366.0 10.34777744140625
367.0 10.458368359375
368.0 11.670465234375
369.0 11.054348828125
370.0 10.53457978515625
371.0 9.894946875
372.0 11.17833955078125
373.0 10.67561181640625
374.0 10.68861708984375
375.0 8.81935888671875
376.0 8.49736533203125
377.0 5.22984384765625
378.0 4.92353134765625
379.0 6.87692958984375
380.0 7.16633232421875
381.0 9.825410546875
382.0 10.11097978515625
383.0 9.681067578125
384.0 10.15204306640625
385.0 9.20882177734375
386.0 9.418673046875
387.0 8.41312490234375
388.0 10.4268595703125
389.0 10.17427978515625
390.0 8.32907880859375
391.0 10.2055892578125
392.0 10.21079599609375
393.0 9.86781064453125
394.0 9.0487537109375
395.0 10.3714443359375
396.0 10.79361767578125
397.0 11.00179091796875
398.0 8.77491298828125
399.0 8.38737578125
400.0 11.6656810546875
401.0 9.50248779296875
402.0 7.97905615234375
403.0 10.35193212890625
404.0 9.777094921875
405.0 10.425475390625
406.0 9.73104072265625
407.0 10.1897392578125
408.0 9.8035138671875
409.0 11.3194365234375
410.0 10.6137640625
411.0 9.4385853515625
412.0 6.95560546875
413.0 8.50708056640625
414.0 8.719583984375
415.0 9.68599677734375
416.0 9.1165169921875
417.0 7.941663671875
418.0 10.2183951171875
419.0 9.85627451171875
420.0 8.7950642578125
421.0 9.5728015625
422.0 9.8044783203125
423.0 9.7897189453125
424.0 10.30043525390625
425.0 8.622366796875
426.0 9.6841267578125
427.0 8.4912625
428.0 8.7459712890625
429.0 8.42643466796875
430.0 8.69813740234375
431.0 9.6222357421875
432.0 6.54284482421875
433.0 13.01791005859375
434.0 9.1390525390625
435.0 9.10361142578125
436.0 8.918671875
437.0 9.9185576171875
438.0 9.31309208984375
439.0 5.6585337890625
440.0 8.86567041015625
441.0 10.108418359375
442.0 9.9172169921875
443.0 8.7207828125
444.0 7.290990234375
445.0 11.7623748046875
446.0 12.060036328125
447.0 11.3783693359375
448.0 13.36090302734375
449.0 13.82406396484375
450.0 0.0
451.0 0.0
452.0 32.2977802734375
453.0 10.0644505859375
454.0 11.05433037109375
455.0 12.6513828125
456.0 11.561587109375
457.0 10.61339443359375
458.0 11.309980078125
459.0 11.275890234375
460.0 11.04586083984375
461.0 10.39129931640625
462.0 10.90703623046875
463.0 10.10609423828125
464.0 8.22271494140625
465.0 6.559494140625
466.0 7.76050908203125
467.0 8.3708806640625
468.0 7.0242328125
469.0 9.37744580078125
470.0 7.88330712890625
471.0 7.2937521484375
472.0 10.090579296875
473.0 0.0
474.0 0.0
475.0 0.0
476.0 0.4740076171875
477.0 28.50865849609375
478.0 7.45033583984375
479.0 7.639671875
480.0 7.31224638671875
481.0 7.4586294921875
482.0 7.5431982421875
483.0 6.866398828125
484.0 6.90231884765625
485.0 7.4498134765625
486.0 5.81748994140625
487.0 5.25767822265625
488.0 7.60870087890625
489.0 7.10353603515625
490.0 6.592776953125
491.0 7.9458501953125
492.0 7.8367541015625
493.0 5.56543896484375
494.0 7.32820322265625
495.0 6.85277119140625
496.0 7.70995029296875
497.0 5.8174173828125
498.0 8.50092451171875
499.0 9.03649931640625
500.0 8.12297685546875
501.0 8.06554140625
502.0 5.67033076171875
503.0 5.60624296875
504.0 6.75267421875
505.0 8.5911470703125
506.0 7.65763173828125
507.0 6.846542578125
508.0 6.812011328125
509.0 6.72006455078125
510.0 6.97256767578125
511.0 7.32973857421875
512.0 9.20771279296875
513.0 7.41127548828125
514.0 6.9310341796875
515.0 6.34191123046875
516.0 6.84336337890625
517.0 7.50496640625
518.0 7.02043955078125
519.0 7.98703310546875
520.0 9.57868994140625
521.0 7.198794140625
522.0 9.9514875
523.0 10.86801767578125
524.0 9.2590283203125
525.0 7.67016923828125
526.0 9.12704755859375
527.0 9.615384375
528.0 9.40174580078125
529.0 8.30457861328125
530.0 8.95999169921875
531.0 10.31209296875
532.0 11.36975771484375
533.0 9.2283515625
534.0 8.70195146484375
535.0 9.7007892578125
536.0 9.761691796875
537.0 9.133898828125
538.0 10.32357265625
539.0 8.405520703125
540.0 8.19753251953125
541.0 7.61530546875
542.0 6.138449609375
543.0 11.954905078125
544.0 8.3876123046875
545.0 9.8836451171875
546.0 9.56697177734375
547.0 10.37129013671875
548.0 9.51792744140625
549.0 7.704751171875
550.0 8.652156640625
551.0 10.5106771484375
552.0 9.979781640625
553.0 9.34377529296875
554.0 9.97915966796875
555.0 10.3014146484375
556.0 10.3071298828125
557.0 8.94325439453125
558.0 10.3281009765625
559.0 9.958591015625
560.0 8.93552841796875
561.0 9.2125826171875
562.0 8.81054052734375
563.0 9.65162314453125
564.0 9.23235693359375
565.0 9.80756904296875
566.0 9.12516533203125
567.0 9.062443359375
568.0 9.12726474609375
569.0 10.203656640625
570.0 9.66258115234375
571.0 8.1214171875
572.0 7.146682421875
573.0 7.7324599609375
574.0 7.26113798828125
575.0 7.90728916015625
576.0 6.93130205078125
577.0 7.88811533203125
578.0 8.55611025390625
579.0 7.22432626953125
580.0 6.7563177734375
581.0 8.471380859375
582.0 9.26659140625
583.0 8.126341015625
584.0 7.4048720703125
585.0 3.515114453125
586.0 7.3142607421875
587.0 6.5850537109375
588.0 5.510108984375
589.0 2.5714064453125
590.0 7.36609052734375
591.0 8.20095224609375
592.0 7.5957431640625
593.0 8.40252958984375
594.0 6.43157353515625
595.0 8.62867939453125
596.0 8.82461201171875
597.0 7.31692509765625
598.0 10.26223076171875
599.0 7.65991708984375
600.0 8.84120009765625
601.0 9.35927158203125
602.0 8.488840625
603.0 9.28676083984375
604.0 7.316502734375
605.0 8.964784375
606.0 8.453158984375
607.0 4.69252177734375
608.0 9.11551025390625
609.0 9.2948361328125
610.0 4.63422265625
611.0 0.14485107421875
612.0 5.27129951171875
613.0 5.7908587890625
614.0 9.41379033203125
615.0 6.79809775390625
616.0 10.38961923828125
617.0 9.47600029296875
618.0 7.7846880859375
619.0 9.1198671875
620.0 7.93472373046875
621.0 6.5157478515625
622.0 9.54988740234375
623.0 6.0618201171875
624.0 6.48008916015625
625.0 7.3638515625
626.0 6.0099728515625
627.0 0.0
628.0 0.0
629.0 0.0
630.0 28.34538291015625
631.0 6.03547314453125
632.0 9.15615615234375
633.0 9.03799033203125
634.0 7.1533802734375
635.0 9.14703515625
636.0 7.4617388671875
637.0 9.757969921875
638.0 10.41282119140625
639.0 9.680125
640.0 9.78704912109375
641.0 8.51738642578125
642.0 8.50246240234375
643.0 10.56466552734375
644.0 9.93279580078125
645.0 8.77335185546875
646.0 7.19840224609375
647.0 7.073170703125
648.0 7.3697779296875
649.0 9.42406748046875
650.0 9.21926845703125
651.0 9.18375556640625
652.0 8.79574365234375
653.0 9.46066689453125
654.0 9.9770294921875
655.0 9.3366140625
656.0 9.78546865234375
657.0 9.4443341796875
658.0 7.84421357421875
659.0 6.69175654296875
660.0 6.861943359375
661.0 6.116675
662.0 9.01903330078125
663.0 4.3941994140625
664.0 7.7209404296875
665.0 6.9948681640625
666.0 7.659398046875
667.0 7.55859921875
668.0 6.637707421875
669.0 5.36618154296875
670.0 6.11605439453125
671.0 6.5939009765625
672.0 5.4817078125
673.0 5.16105185546875
674.0 3.44151220703125
675.0 6.28678681640625
676.0 6.36266171875
677.0 6.60504228515625
678.0 6.592432421875
679.0 6.65088349609375
680.0 6.68407041015625
681.0 6.0227052734375
682.0 6.7838962890625
683.0 5.4540900390625
684.0 7.023413671875
685.0 6.249778515625
686.0 6.2680439453125
687.0 5.71821337890625
688.0 7.28103857421875
689.0 6.13363525390625
690.0 7.04654892578125
691.0 6.71728583984375
692.0 6.975669140625
693.0 5.92727490234375
694.0 6.51193212890625
695.0 5.62038232421875
696.0 6.87211064453125
697.0 6.2952591796875
698.0 7.50574443359375
699.0 6.02441845703125
700.0 6.92936328125
701.0 7.62341396484375
702.0 7.6452546875
703.0 6.55252333984375
704.0 8.7858607421875
705.0 3.25162177734375
706.0 7.6146224609375
707.0 8.0245501953125
708.0 9.66649736328125
709.0 4.5435560546875
710.0 9.55372158203125
711.0 6.8857736328125
712.0 8.3931912109375
713.0 6.73005048828125
714.0 7.4987025390625
715.0 6.89696923828125
716.0 7.17914990234375
717.0 7.153596875
718.0 6.1598412109375
719.0 5.52987216796875
720.0 6.12842587890625
721.0 6.63307978515625
722.0 6.179986328125
723.0 6.28484609375
724.0 6.98344111328125
725.0 6.1020578125
726.0 5.60463291015625
727.0 6.57684384765625
728.0 4.49006083984375
729.0 6.10570283203125
730.0 6.90411904296875
731.0 6.05230986328125
732.0 7.102961328125
733.0 6.79463779296875
734.0 6.9422111328125
735.0 5.78797607421875
736.0 7.03110673828125
737.0 5.59132587890625
738.0 7.08854365234375
739.0 5.8121802734375
740.0 7.37719404296875
741.0 6.64859501953125
742.0 7.0018638671875
743.0 7.07731171875
744.0 5.677179296875
745.0 7.12040283203125
746.0 6.71526005859375
747.0 6.8766509765625
748.0 6.73335634765625
749.0 5.90129345703125
750.0 6.38309697265625
751.0 7.143056640625
752.0 7.44473759765625
753.0 5.968271484375
754.0 6.80217197265625
755.0 7.240547265625
756.0 6.996439453125
757.0 7.1846396484375
758.0 6.149990625
759.0 5.82633798828125
760.0 6.536819921875
761.0 6.2345208984375
762.0 6.9014359375
763.0 7.11517783203125
764.0 7.68827236328125
765.0 5.17998525390625
766.0 9.83346982421875
767.0 7.3700578125
768.0 7.11677080078125
769.0 6.68023623046875
770.0 7.0453037109375
771.0 7.73060341796875
772.0 6.64177138671875
773.0 6.21693154296875
774.0 7.2208814453125
775.0 6.5125552734375
776.0 5.19574189453125
777.0 7.626097265625
778.0 4.92646923828125
779.0 6.85269482421875
780.0 6.6537404296875
781.0 7.6149427734375
782.0 6.31411572265625
783.0 6.96139130859375
784.0 6.5625765625
785.0 6.35728486328125
786.0 6.6969763671875
787.0 5.389191796875
788.0 3.48954052734375
789.0 4.8518388671875
790.0 4.87485078125
791.0 5.47534169921875
792.0 2.23805244140625
793.0 0.61437529296875
794.0 0.1145095703125
795.0 6.139773828125
796.0 2.60918271484375
797.0 1.70059345703125
798.0 3.43878056640625
799.0 3.30369775390625
