0.0 29.23719111328125
1.0 26.9419865234375
2.0 29.5312923828125
3.0 25.526959765625
4.0 28.6075978515625
5.0 26.617116015625
6.0 21.12575068359375
7.0 35.3165919921875
8.0 25.976628125
9.0 26.016268359375
10.0 28.928596875
11.0 24.7134935546875
12.0 29.8854951171875
13.0 26.7635455078125
14.0 29.40882744140625
15.0 26.873425390625
16.0 30.24383544921875
17.0 26.79423759765625
18.0 27.907958203125
19.0 26.7567818359375
20.0 28.16194013671875
21.0 26.33206650390625
22.0 28.70023095703125
23.0 25.5663525390625
24.0 25.62688037109375
25.0 27.1431462890625
26.0 27.2245361328125
27.0 25.96435205078125
28.0 28.41424580078125
29.0 28.7837748046875
30.0 26.27017138671875
31.0 27.433382421875
32.0 24.4207826171875
33.0 24.83480556640625
34.0 28.151076171875
35.0 25.63320009765625
36.0 28.8013865234375
37.0 21.067690234375
38.0 25.7642630859375
39.0 28.32353681640625
40.0 24.4442517578125
41.0 26.65436484375
42.0 30.07546416015625
43.0 20.4433490234375
44.0 35.1034826171875
45.0 26.83913916015625
46.0 31.26244072265625
47.0 28.33101630859375
48.0 31.41736630859375
49.0 27.08836904296875
50.0 30.27128046875
51.0 27.88692861328125
52.0 30.10994326171875
53.0 27.45961455078125
54.0 28.6456146484375
55.0 23.20064228515625
56.0 31.1521791015625
57.0 30.33334033203125
58.0 26.5794236328125
59.0 27.96496611328125
60.0 29.35656572265625
61.0 29.91511083984375
62.0 26.08953876953125
63.0 29.49936748046875
64.0 27.19221953125
65.0 28.80806748046875
66.0 25.92966611328125
67.0 28.86124990234375
68.0 20.3476677734375
69.0 32.24114765625
70.0 28.3423880859375
71.0 26.06903408203125
72.0 28.5991712890625
73.0 25.5123083984375
74.0 25.72246689453125
75.0 19.80530244140625
76.0 26.94595986328125
77.0 27.92064873046875
78.0 23.5281689453125
79.0 27.9094958984375
80.0 25.12839873046875
81.0 24.87761025390625
82.0 21.43206591796875
83.0 25.15867958984375
84.0 24.6379544921875
85.0 28.45380185546875
86.0 25.15483203125
87.0 18.7946306640625
88.0 33.42815712890625
89.0 29.00466728515625
90.0 25.46343583984375
91.0 29.26607158203125
92.0 25.93996435546875
93.0 27.351233984375
94.0 24.4064640625
95.0 29.0647869140625
96.0 26.25583681640625
97.0 28.474721484375
98.0 24.532054296875
99.0 28.51635107421875
100.0 24.89257548828125
101.0 28.34019130859375
102.0 25.3784669921875
103.0 25.896930859375
104.0 22.07008310546875
105.0 19.85696591796875
106.0 24.09589228515625
107.0 21.98673798828125
108.0 24.83422646484375
109.0 21.77365458984375
110.0 21.8996619140625
111.0 24.3865146484375
112.0 21.84409833984375
113.0 23.92093994140625
114.0 22.14060869140625
115.0 24.35000810546875
116.0 21.54348564453125
117.0 23.22851044921875
118.0 25.67258046875
119.0 25.1333376953125
120.0 28.23381455078125
121.0 25.84035068359375
122.0 27.836870703125
123.0 25.77612626953125
124.0 28.07226787109375
125.0 26.00881064453125
126.0 29.05048447265625
127.0 25.663392578125
128.0 29.19763974609375
129.0 26.2406076171875
130.0 29.11266982421875
131.0 26.2859580078125
132.0 29.71014677734375
133.0 26.62189814453125
134.0 29.1592138671875
135.0 26.587716796875
136.0 27.88780263671875
137.0 26.31748564453125
138.0 29.1954095703125
139.0 26.42315615234375
140.0 28.69867724609375
141.0 25.3157552734375
142.0 28.83995830078125
143.0 26.12276845703125
144.0 25.742771875
145.0 28.56669501953125
146.0 24.925583203125
147.0 28.08502705078125
148.0 25.67560107421875
149.0 28.53069345703125
150.0 23.9427615234375
151.0 28.3825716796875
152.0 23.50863291015625
153.0 27.430689453125
154.0 29.4225822265625
155.0 27.61631337890625
156.0 26.25361533203125
157.0 29.0947412109375
158.0 25.64472529296875
159.0 28.18754384765625
160.0 26.42380595703125
161.0 25.4239732421875
162.0 29.4304466796875
163.0 28.2203248046875
164.0 31.86844560546875
165.0 29.47286630859375
166.0 29.54189501953125
167.0 30.22402421875
168.0 28.231773046875
169.0 30.241739453125
170.0 26.28196123046875
171.0 30.32718203125
172.0 26.947234765625
173.0 30.46670888671875
174.0 27.50218828125
175.0 28.32394794921875
176.0 30.880681640625
177.0 27.977748046875
178.0 31.47793681640625
179.0 29.490682421875
180.0 30.105562890625
181.0 29.71770009765625
182.0 29.45304970703125
183.0 29.94909072265625
184.0 28.74993818359375
185.0 28.2407009765625
186.0 31.2789501953125
187.0 28.2882419921875
188.0 32.56338232421875
189.0 27.74256748046875
190.0 27.552979296875
191.0 31.87883876953125
192.0 29.65353525390625
193.0 30.74708076171875
194.0 29.09742705078125
195.0 28.0232078125
196.0 30.707767578125
197.0 29.29143798828125
198.0 30.64414931640625
199.0 27.3156388671875
200.0 30.378795703125
201.0 29.1423931640625
202.0 28.94478955078125
203.0 31.29271494140625
204.0 26.76455693359375
205.0 32.03265703125
206.0 25.6513806640625
207.0 30.9643619140625
208.0 28.0191583984375
209.0 26.04638154296875
210.0 28.28340107421875
211.0 28.05612705078125
212.0 28.3092498046875
213.0 29.19613115234375
214.0 27.03457021484375
215.0 29.229265234375
216.0 25.11715439453125
217.0 29.0829369140625
218.0 26.045758203125
219.0 23.1957701171875
220.0 32.13329970703125
221.0 28.79069599609375
222.0 25.32215322265625
223.0 28.7478603515625
224.0 28.050009765625
225.0 28.2122232421875
226.0 27.3266501953125
227.0 27.526841796875
228.0 29.31000908203125
229.0 26.5894158203125
230.0 29.2279900390625
231.0 26.10888671875
232.0 22.7844916015625
233.0 28.05470546875
234.0 25.592348828125
235.0 28.51841083984375
236.0 25.7979900390625
237.0 27.5310685546875
238.0 24.00116494140625
239.0 27.59015595703125
240.0 26.13124833984375
241.0 25.248816796875
242.0 24.5134384765625
243.0 21.8784845703125
244.0 27.50398056640625
245.0 25.00324482421875
246.0 25.20962138671875
247.0 27.85355517578125
248.0 24.818405078125
249.0 24.2958328125
250.0 26.468323046875
251.0 22.69595322265625
252.0 25.2834763671875
253.0 23.577445703125
254.0 27.78977119140625
255.0 24.66339033203125
256.0 15.2180810546875
257.0 29.02970419921875
258.0 24.86360185546875
259.0 24.330751953125
260.0 21.7918248046875
261.0 24.0796921875
262.0 21.543815625
263.0 23.69137265625
264.0 23.05608369140625
265.0 17.0869765625
266.0 26.574279296875
267.0 25.84641005859375
268.0 21.42939755859375
269.0 24.560548046875
270.0 24.2273205078125
271.0 27.93639306640625
272.0 25.23447060546875
273.0 28.42662255859375
274.0 25.65303203125
275.0 25.1463546875
276.0 28.04672138671875
277.0 25.40768671875
278.0 20.909537109375
279.0 32.4549986328125
280.0 25.256348046875
281.0 26.8423140625
282.0 29.02354443359375
283.0 26.04350380859375
284.0 28.58897041015625
285.0 25.23798154296875
286.0 28.086933203125
287.0 24.3068533203125
288.0 29.01704150390625
289.0 25.47966630859375
290.0 28.18545009765625
291.0 25.53924755859375
292.0 28.066290625
293.0 22.75545869140625
294.0 24.4819048828125
295.0 21.97231689453125
296.0 24.0469296875
297.0 24.9780373046875
298.0 22.01023056640625
299.0 19.8543525390625
300.0 24.169279296875
301.0 25.583737109375
302.0 22.62871650390625
303.0 24.19163056640625
304.0 22.55681318359375
305.0 26.8346095703125
306.0 23.74652197265625
307.0 25.7921380859375
308.0 23.3315822265625
309.0 28.45818291015625
310.0 26.1570359375
311.0 26.74825419921875
312.0 25.3661322265625
313.0 28.04524365234375
314.0 25.44758037109375
315.0 24.66067822265625
316.0 28.0813919921875
317.0 26.11995419921875
318.0 28.165551171875
319.0 25.96492548828125
320.0 28.53539501953125
321.0 26.52051484375
322.0 25.54018642578125
323.0 28.10342783203125
324.0 25.7265494140625
325.0 28.5636611328125
326.0 25.44698271484375
327.0 25.5357380859375
328.0 26.6529466796875
329.0 25.0642599609375
330.0 25.68595087890625
331.0 28.49748720703125
332.0 25.4195169921875
333.0 27.96897685546875
334.0 25.8378400390625
335.0 27.565784765625
336.0 25.484507421875
337.0 28.10487109375
338.0 25.71287802734375
339.0 28.05494072265625
340.0 25.78603837890625
341.0 25.11665205078125
342.0 18.06389443359375
343.0 25.535323046875
344.0 32.6616724609375
345.0 26.0606740234375
346.0 28.3521578125
347.0 24.9705888671875
348.0 28.7369396484375
349.0 25.84175380859375
350.0 28.40581455078125
351.0 25.7511806640625
352.0 24.826348828125
353.0 28.77112666015625
354.0 29.03800224609375
355.0 25.8119400390625
356.0 25.92651162109375
357.0 27.54014658203125
358.0 28.69210625
359.0 26.9998435546875
360.0 28.77406953125
361.0 25.12849775390625
362.0 30.41880087890625
363.0 26.7868044921875
364.0 24.28920078125
365.0 25.2781078125
366.0 27.08032744140625
367.0 27.20180751953125
368.0 25.71919931640625
369.0 26.0337111328125
370.0 30.91706650390625
371.0 28.51990810546875
372.0 28.07056103515625
373.0 30.371490625
374.0 25.35990947265625
375.0 29.5697013671875
376.0 27.23763095703125
377.0 29.58033046875
378.0 27.2985853515625
379.0 29.50227490234375
380.0 26.44324716796875
381.0 28.9834525390625
382.0 26.28103955078125
383.0 28.13002880859375
384.0 23.96182099609375
385.0 28.84284501953125
386.0 24.93773017578125
387.0 29.08913173828125
388.0 25.90842998046875
389.0 25.24703349609375
390.0 28.6418134765625
391.0 25.5102142578125
392.0 29.1536646484375
393.0 24.45420185546875
394.0 28.85795146484375
395.0 25.92562724609375
396.0 28.65589833984375
397.0 25.5636072265625
398.0 28.19639873046875
399.0 25.29590927734375
400.0 28.2778103515625
401.0 23.0495775390625
402.0 28.08783466796875
403.0 25.56391611328125
404.0 28.27872958984375
405.0 24.68530771484375
406.0 19.4413123046875
407.0 34.097039453125
408.0 25.97678046875
409.0 27.97954580078125
410.0 28.71039052734375
411.0 25.58097197265625
412.0 29.1345630859375
413.0 24.76818193359375
414.0 29.28708154296875
415.0 25.52349072265625
416.0 28.4830083984375
417.0 24.57809990234375
418.0 28.6483177734375
419.0 24.95561044921875
420.0 29.0677294921875
421.0 26.6570814453125
422.0 28.19015283203125
423.0 25.812936328125
424.0 29.01390439453125
425.0 25.58754775390625
426.0 24.9265083984375
427.0 27.314402734375
428.0 26.30317666015625
429.0 28.3824580078125
430.0 26.00469306640625
431.0 28.762401953125
432.0 26.7083908203125
433.0 28.77260146484375
434.0 26.4103935546875
435.0 29.3919697265625
436.0 25.295018359375
437.0 25.53989609375
438.0 25.2110201171875
439.0 29.13023671875
440.0 26.20939462890625
441.0 25.46756259765625
442.0 27.72089970703125
443.0 25.22616884765625
444.0 28.78115185546875
445.0 25.82534443359375
446.0 28.82727666015625
447.0 24.0835521484375
448.0 27.79081865234375
449.0 25.917645703125
450.0 28.78765458984375
451.0 25.879596875
452.0 28.4811857421875
453.0 26.1931109375
454.0 26.44852060546875
455.0 29.15011708984375
456.0 27.26066923828125
457.0 27.40951923828125
458.0 23.18035732421875
459.0 27.69009287109375
460.0 23.3832322265625
461.0 29.2970716796875
462.0 24.48051923828125
463.0 29.44464736328125
464.0 25.9354013671875
465.0 25.649444921875
466.0 28.43329560546875
467.0 24.948250390625
468.0 28.86990009765625
469.0 25.8768701171875
470.0 29.17136689453125
471.0 25.1233681640625
472.0 25.62938955078125
473.0 24.878866015625
474.0 27.64096494140625
475.0 25.16613017578125
476.0 27.7358806640625
477.0 24.5667912109375
478.0 28.71515205078125
479.0 25.88099716796875
480.0 27.6398048828125
481.0 25.42248447265625
482.0 25.9807265625
483.0 22.10040693359375
484.0 20.51071298828125
485.0 23.60419267578125
486.0 21.87480830078125
487.0 24.09195703125
488.0 23.8356521484375
489.0 22.07595986328125
490.0 24.0536638671875
491.0 19.9832224609375
492.0 24.31653076171875
493.0 25.24217685546875
494.0 22.20530849609375
495.0 24.5518091796875
496.0 21.384680078125
497.0 24.300573046875
498.0 20.265761328125
499.0 24.99009658203125
500.0 24.61901318359375
501.0 21.93538330078125
502.0 21.25271552734375
503.0 21.645564453125
504.0 25.23876826171875
505.0 23.01265556640625
506.0 24.7963091796875
507.0 28.23851826171875
508.0 24.91157451171875
509.0 24.10649755859375
510.0 29.0277470703125
511.0 25.356620703125
512.0 29.17662255859375
513.0 25.94913876953125
514.0 28.770266796875
515.0 25.8003220703125
516.0 27.53298984375
517.0 25.78189345703125
518.0 26.1565439453125
519.0 28.4359986328125
520.0 26.2244708984375
521.0 27.4994626953125
522.0 26.05882763671875
523.0 22.47635693359375
524.0 32.01978251953125
525.0 26.18870380859375
526.0 27.6247142578125
527.0 25.997557421875
528.0 26.86982705078125
529.0 25.49398359375
530.0 28.3406029296875
531.0 25.33425341796875
532.0 28.0578462890625
533.0 25.24906943359375
534.0 27.98205888671875
535.0 25.54157900390625
536.0 9.6612609375
537.0 39.102196875
538.0 26.03546259765625
539.0 25.8920990234375
540.0 21.5830474609375
541.0 12.5531755859375
542.0 13.7273521484375
543.0 3.68800302734375
544.0 7.7031708984375
545.0 8.1781919921875
546.0 11.57765810546875
547.0 21.34930126953125
548.0 27.3662517578125
549.0 25.7815966796875
550.0 26.209120703125
551.0 23.82655732421875
552.0 27.583367578125
553.0 24.452359375
554.0 25.22571923828125
555.0 21.6559876953125
556.0 24.01641259765625
557.0 24.98993408203125
558.0 23.81889140625
559.0 18.55843349609375
560.0 35.589098828125
561.0 24.4044517578125
562.0 26.8928412109375
563.0 15.39365888671875
564.0 27.06037412109375
565.0 28.2571828125
566.0 23.0222158203125
567.0 24.25445546875
568.0 21.704476953125
569.0 24.4586263671875
570.0 22.446165234375
571.0 24.50065087890625
572.0 19.52753173828125
573.0 23.80599111328125
574.0 24.33162099609375
575.0 24.30442490234375
576.0 24.141207421875
577.0 19.66349404296875
578.0 28.54350517578125
579.0 25.34636787109375
580.0 28.25894853515625
581.0 25.63213486328125
582.0 30.3619552734375
583.0 25.65875498046875
584.0 29.1593609375
585.0 26.41113193359375
586.0 27.15877666015625
587.0 28.6658814453125
588.0 17.9640060546875
589.0 28.7785134765625
590.0 25.0995087890625
591.0 27.312116015625
592.0 25.251424609375
593.0 27.9510189453125
594.0 24.177151171875
595.0 27.9122396484375
596.0 24.19859130859375
597.0 25.73457890625
598.0 23.2452376953125
599.0 24.62424462890625
600.0 19.777381640625
601.0 31.80688525390625
602.0 23.45423828125
603.0 24.22021103515625
604.0 22.6602416015625
605.0 27.9613162109375
606.0 25.1189783203125
607.0 28.3299568359375
608.0 24.24278115234375
609.0 28.37550703125
610.0 25.09069892578125
611.0 29.13919921875
612.0 25.57158505859375
613.0 27.67613779296875
614.0 24.224919140625
615.0 27.5873923828125
616.0 25.56208408203125
617.0 28.39536767578125
618.0 24.50308408203125
619.0 24.66987822265625
620.0 25.7338158203125
621.0 22.0521236328125
622.0 16.77213583984375
623.0 32.79760380859375
624.0 24.27391806640625
625.0 20.21080390625
626.0 32.83484873046875
627.0 27.363176171875
628.0 18.4991642578125
629.0 34.4238349609375
630.0 25.38093681640625
631.0 24.84829453125
632.0 27.46021025390625
633.0 25.77172236328125
634.0 28.37747509765625
635.0 25.66932001953125
636.0 28.62383681640625
637.0 25.17771220703125
638.0 26.09798720703125
639.0 27.14691103515625
640.0 25.91725517578125
641.0 28.0076015625
642.0 26.63325810546875
643.0 28.9321810546875
644.0 26.85370078125
645.0 29.18516806640625
646.0 25.58257060546875
647.0 28.37358203125
648.0 25.598525
649.0 29.60865390625
650.0 26.26519951171875
651.0 28.27796474609375
652.0 26.57152802734375
653.0 29.29545830078125
654.0 26.0914439453125
655.0 28.8719181640625
656.0 24.50562861328125
657.0 27.819736328125
658.0 25.46464365234375
659.0 27.54700625
660.0 25.96372548828125
661.0 28.46932041015625
662.0 26.18561455078125
663.0 27.32810302734375
664.0 25.4072521484375
665.0 27.42293056640625
666.0 27.321144921875
667.0 26.5292080078125
668.0 27.9366421875
669.0 27.67906220703125
670.0 28.88975107421875
671.0 26.58326708984375
672.0 29.0654345703125
673.0 26.118491796875
674.0 29.4458052734375
675.0 20.02212001953125
676.0 31.9394626953125
677.0 28.08104169921875
678.0 26.12035361328125
679.0 26.03124736328125
680.0 29.55033681640625
681.0 25.447652734375
682.0 26.82850302734375
683.0 22.880490625
684.0 29.827808203125
685.0 25.896390234375
686.0 27.36148134765625
687.0 24.36218486328125
688.0 26.21272138671875
689.0 22.11393798828125
690.0 23.93225927734375
691.0 20.93703466796875
692.0 26.9997767578125
693.0 22.59674716796875
694.0 24.07863017578125
695.0 24.62262529296875
696.0 23.1789396484375
697.0 25.2837763671875
698.0 22.15727158203125
699.0 27.32385791015625
700.0 25.01736708984375
701.0 27.823461328125
702.0 25.50162763671875
703.0 28.05872998046875
704.0 25.7674994140625
705.0 26.3532154296875
706.0 24.8688384765625
707.0 28.71611953125
708.0 25.648562109375
709.0 28.6052375
710.0 26.08221552734375
711.0 28.84070048828125
712.0 27.107197265625
713.0 25.78462744140625
714.0 26.76694638671875
715.0 30.68945419921875
716.0 27.9752759765625
717.0 31.00983779296875
718.0 26.864855078125
719.0 21.4694166015625
720.0 34.45512666015625
721.0 32.21152841796875
722.0 28.78636513671875
723.0 30.77421484375
724.0 27.94990390625
725.0 26.6271990234375
726.0 30.4955345703125
727.0 26.9599173828125
728.0 22.472956640625
729.0 33.767680078125
730.0 29.0240802734375
731.0 27.775099609375
732.0 29.35269091796875
733.0 27.263266796875
734.0 29.5395728515625
735.0 27.619734375
736.0 30.3836599609375
737.0 27.08865791015625
738.0 29.33737275390625
739.0 26.42798818359375
740.0 29.545471484375
741.0 26.83785126953125
742.0 26.379934765625
743.0 29.37491318359375
744.0 26.34914140625
745.0 29.055501171875
746.0 25.7056234375
747.0 29.2166609375
748.0 26.451144140625
749.0 29.56432138671875
750.0 25.816129296875
751.0 30.05830869140625
752.0 27.48842119140625
753.0 26.17010166015625
754.0 29.79642421875
755.0 27.406885546875
756.0 29.74397626953125
757.0 26.13226884765625
758.0 27.9092015625
759.0 26.42745029296875
760.0 29.50379130859375
761.0 26.83475654296875
762.0 29.14724892578125
763.0 24.77506689453125
764.0 29.3471431640625
765.0 26.350712890625
766.0 29.94139873046875
767.0 26.20941015625
768.0 31.2111658203125
769.0 25.83312705078125
770.0 31.0641412109375
771.0 28.29433564453125
772.0 28.9468220703125
773.0 28.93350107421875
774.0 31.34434013671875
775.0 28.8282744140625
776.0 31.66434736328125
777.0 26.25291064453125
778.0 24.836019140625
779.0 26.509411328125
780.0 32.21467958984375
781.0 27.45245771484375
782.0 25.42606962890625
783.0 27.17149609375
784.0 23.7854130859375
785.0 27.19455263671875
786.0 21.94387255859375
787.0 37.42283935546875
788.0 26.033371875
789.0 27.727805859375
790.0 29.20516044921875
791.0 28.64290341796875
792.0 29.5044775390625
793.0 27.4949578125
794.0 28.9575185546875
795.0 30.4269947265625
796.0 31.362978515625
797.0 28.662946484375
798.0 32.2302861328125
799.0 27.42632939453125
