0.0 20.1205478515625
1.0 22.91082900390625
2.0 20.37487939453125
3.0 24.282462109375
4.0 20.09938310546875
5.0 19.0735685546875
6.0 16.2018580078125
7.0 15.35554775390625
8.0 19.6578603515625
9.0 20.851040625
10.0 21.23627666015625
11.0 20.101691015625
12.0 21.88905263671875
13.0 25.9153755859375
14.0 25.2490359375
15.0 20.14730859375
16.0 23.79063505859375
17.0 16.76448603515625
18.0 16.3880630859375
19.0 17.67415439453125
20.0 22.16140908203125
21.0 22.016971875
22.0 22.64736416015625
23.0 21.71375390625
24.0 23.4955298828125
25.0 22.62782109375
26.0 23.30366162109375
27.0 16.87817607421875
28.0 22.94077822265625
29.0 13.3883740234375
30.0 15.5563818359375
31.0 22.38962802734375
32.0 21.6255978515625
33.0 24.768500390625
34.0 19.56202666015625
35.0 17.4219068359375
36.0 19.414737890625
37.0 20.5257373046875
38.0 19.702659375
39.0 13.8893767578125
40.0 17.8693287109375
41.0 23.493566015625
42.0 21.8511927734375
43.0 22.10120361328125
44.0 15.437944921875
45.0 18.14669384765625
46.0 22.90344853515625
47.0 17.50875810546875
48.0 27.5803583984375
49.0 17.00861015625
50.0 23.96471630859375
51.0 21.26384833984375
52.0 21.76149365234375
53.0 15.33087685546875
54.0 25.25964140625
55.0 16.32989951171875
56.0 22.0156498046875
57.0 12.87973974609375
58.0 7.919366015625
59.0 14.23189013671875
60.0 19.5500677734375
61.0 17.762668359375
62.0 25.28848759765625
63.0 17.9208701171875
64.0 14.7361525390625
65.0 16.48013525390625
66.0 15.0710142578125
67.0 19.1625240234375
68.0 4.9225732421875
69.0 12.7531875
70.0 12.7814724609375
71.0 17.2444501953125
72.0 15.4269095703125
73.0 16.84026416015625
74.0 13.7441001953125
75.0 15.32239794921875
76.0 14.440221875
77.0 15.4993501953125
78.0 13.52746064453125
79.0 11.604607421875
80.0 15.83300400390625
81.0 16.6228482421875
82.0 17.438502734375
83.0 16.76214501953125
84.0 15.82860048828125
85.0 23.38347421875
86.0 13.9473455078125
87.0 19.41721728515625
88.0 16.3897236328125
89.0 14.34828828125
90.0 16.2758279296875
91.0 17.29389560546875
92.0 19.95911923828125
93.0 21.8096232421875
94.0 21.71293232421875
95.0 20.21531015625
96.0 23.127583203125
97.0 18.4486060546875
98.0 22.8985349609375
99.0 20.6647453125
100.0 21.14321708984375
101.0 17.08785859375
102.0 19.62200908203125
103.0 22.4640140625
104.0 22.24004873046875
105.0 17.7320744140625
106.0 21.99341494140625
107.0 21.02099267578125
108.0 23.60650478515625
109.0 23.07788017578125
110.0 21.236583203125
111.0 21.2103482421875
112.0 22.049843359375
113.0 25.39517998046875
114.0 21.9669748046875
115.0 22.86681201171875
116.0 24.084890625
117.0 23.56180810546875
118.0 19.18407861328125
119.0 24.088855078125
120.0 21.97152294921875
121.0 24.800876171875
122.0 21.8346240234375
123.0 24.97126923828125
124.0 22.36056982421875
125.0 21.4282564453125
126.0 22.10617724609375
127.0 23.63392158203125
128.0 18.50725615234375
129.0 22.19161484375
130.0 20.81641005859375
131.0 23.63743876953125
132.0 22.9474873046875
133.0 22.516724609375
134.0 23.549856640625
135.0 18.714187109375
136.0 19.61627734375
137.0 19.814449609375
138.0 17.640834375
139.0 19.52936552734375
140.0 20.0690341796875
141.0 15.13362783203125
142.0 18.86559228515625
143.0 18.700782421875
144.0 17.9528736328125
145.0 19.037555859375
146.0 18.9963046875
147.0 25.309107421875
148.0 22.54276767578125
149.0 20.3125955078125
150.0 19.65443076171875
151.0 18.75097451171875
152.0 22.66337626953125
153.0 25.0747150390625
154.0 21.91736298828125
155.0 16.4300287109375
156.0 27.81308701171875
157.0 18.33078447265625
158.0 27.58222998046875
159.0 23.9604916015625
160.0 23.2361671875
161.0 25.2063916015625
162.0 23.74777255859375
163.0 24.40170927734375
164.0 25.2242861328125
165.0 22.7526666015625
166.0 25.66808544921875
167.0 21.33243916015625
168.0 25.2626216796875
169.0 23.9611373046875
170.0 23.3782791015625
171.0 25.438859375
172.0 19.2207546875
173.0 24.9329021484375
174.0 25.78458662109375
175.0 23.91399970703125
176.0 25.82911982421875
177.0 20.81354755859375
178.0 25.8780109375
179.0 21.97164482421875
180.0 26.69359775390625
181.0 23.2701728515625
182.0 25.8770802734375
183.0 24.09083466796875
184.0 23.45345693359375
185.0 23.92800302734375
186.0 9.9870068359375
187.0 17.31202666015625
188.0 21.918508984375
189.0 23.6439029296875
190.0 20.624940625
191.0 24.1739408203125
192.0 20.45939013671875
193.0 23.873000390625
194.0 17.45166748046875
195.0 19.57766103515625
196.0 18.421777734375
197.0 23.14966708984375
198.0 24.22400029296875
199.0 20.5434650390625
200.0 24.4694240234375
201.0 19.13482001953125
202.0 18.86496845703125
203.0 26.52494208984375
204.0 20.369259375
205.0 23.49941083984375
206.0 18.59694736328125
207.0 16.93919619140625
208.0 20.06947080078125
209.0 26.423110546875
210.0 22.70269033203125
211.0 24.87718173828125
212.0 22.5054046875
213.0 24.63010556640625
214.0 22.4548185546875
215.0 23.46156142578125
216.0 18.5058662109375
217.0 10.5386712890625
218.0 4.7301990234375
219.0 15.17401826171875
220.0 23.237963671875
221.0 15.93348388671875
222.0 12.45244345703125
223.0 19.71336318359375
224.0 22.6652802734375
225.0 25.29663515625
226.0 23.219082421875
227.0 12.52058037109375
228.0 26.99011220703125
229.0 20.87588974609375
230.0 22.75421728515625
231.0 21.84157353515625
232.0 15.08117724609375
233.0 25.8491734375
234.0 21.8512734375
235.0 19.3075376953125
236.0 21.90544638671875
237.0 13.6560310546875
238.0 21.5497294921875
239.0 20.02867822265625
240.0 16.89106650390625
241.0 15.40741650390625
242.0 17.92476611328125
243.0 19.0268263671875
244.0 20.77001162109375
245.0 23.4433501953125
246.0 20.4520220703125
247.0 19.2835115234375
248.0 14.45893017578125
249.0 27.06141435546875
250.0 17.89912314453125
251.0 19.6860662109375
252.0 19.1490494140625
253.0 13.8403119140625
254.0 15.55142080078125
255.0 17.49945048828125
256.0 20.92354228515625
257.0 19.70753154296875
258.0 23.75031689453125
259.0 24.20670068359375
260.0 17.95892109375
261.0 20.82164248046875
262.0 17.1916875
263.0 12.46506357421875
264.0 19.7862982421875
265.0 21.97109931640625
266.0 18.21993583984375
267.0 19.8353927734375
268.0 17.94722900390625
269.0 19.4972365234375
270.0 18.51064833984375
271.0 22.19835087890625
272.0 18.47894150390625
273.0 19.25900673828125
274.0 21.3092263671875
275.0 18.73711748046875
276.0 15.6529685546875
277.0 21.56619521484375
278.0 15.45665361328125
279.0 21.038661328125
280.0 18.1822740234375
281.0 16.43604765625
282.0 22.8081568359375
283.0 14.34172607421875
284.0 15.723937109375
285.0 17.78616591796875
286.0 15.855178125
287.0 16.4079634765625
288.0 17.443325390625
289.0 13.6903900390625
290.0 16.75167265625
291.0 16.599462109375
292.0 16.1379435546875
293.0 13.079034765625
294.0 14.85847373046875
295.0 15.85617041015625
296.0 13.586901953125
297.0 17.23173251953125
298.0 15.10549013671875
299.0 13.92700732421875
300.0 15.19965537109375
301.0 13.09969521484375
302.0 14.2269423828125
303.0 18.11662998046875
304.0 17.50133994140625
305.0 14.6662974609375
306.0 13.54319111328125
307.0 17.1673125
308.0 16.88301943359375
309.0 14.55593994140625
310.0 20.00611455078125
311.0 13.72713125
312.0 20.6005408203125
313.0 17.53911591796875
314.0 19.94553017578125
315.0 17.62276640625
316.0 16.8161798828125
317.0 20.835902734375
318.0 21.1398724609375
319.0 19.10277939453125
320.0 21.46088896484375
321.0 17.55563046875
322.0 20.656048046875
323.0 20.45309091796875
324.0 20.80987587890625
325.0 21.65281982421875
326.0 19.0378068359375
327.0 23.92988740234375
328.0 22.74564072265625
329.0 19.91678935546875
330.0 21.69570634765625
331.0 20.23323583984375
332.0 23.83170380859375
333.0 19.49091708984375
334.0 10.95095234375
335.0 6.4925419921875
336.0 19.6998208984375
337.0 26.41605703125
338.0 22.66242216796875
339.0 15.83081953125
340.0 25.726500390625
341.0 18.82551083984375
342.0 15.08679111328125
343.0 18.3865013671875
344.0 22.81464853515625
345.0 23.45153466796875
346.0 23.9142470703125
347.0 22.04438056640625
348.0 20.23397109375
349.0 19.36550517578125
350.0 22.65713330078125
351.0 26.2037923828125
352.0 22.6341142578125
353.0 23.3210640625
354.0 21.73672978515625
355.0 20.94344140625
356.0 22.234272265625
357.0 18.84260703125
358.0 14.9539375
359.0 25.7404873046875
360.0 22.660534375
361.0 17.2357056640625
362.0 22.7007525390625
363.0 19.3963654296875
364.0 24.25727861328125
365.0 19.8427201171875
366.0 23.5711390625
367.0 22.85063681640625
368.0 25.71648798828125
369.0 24.8846978515625
370.0 22.96223779296875
371.0 22.5020373046875
372.0 18.82098486328125
373.0 24.31137294921875
374.0 22.87386455078125
375.0 25.238645703125
376.0 24.73793251953125
377.0 22.8281310546875
378.0 25.40256474609375
379.0 17.77954716796875
380.0 19.95020556640625
381.0 23.57710361328125
382.0 20.13119619140625
383.0 23.42336328125
384.0 18.22767880859375
385.0 20.8499240234375
386.0 21.58924609375
387.0 21.42311298828125
388.0 20.6702076171875
389.0 19.75619052734375
390.0 21.16334892578125
391.0 24.4953029296875
392.0 19.847638671875
393.0 18.82798115234375
394.0 24.583321484375
395.0 24.21693134765625
396.0 20.58643310546875
397.0 24.160855078125
398.0 14.19915673828125
399.0 14.79717705078125
400.0 16.0524951171875
401.0 19.83857724609375
402.0 16.28316005859375
403.0 22.78161025390625
404.0 21.65420087890625
405.0 23.2142298828125
406.0 24.072231640625
407.0 21.70326572265625
408.0 20.466290625
409.0 19.70533984375
410.0 17.8870041015625
411.0 21.06270595703125
412.0 18.9707248046875
413.0 21.71916875
414.0 19.73179365234375
415.0 22.644733203125
416.0 23.16111904296875
417.0 19.6941185546875
418.0 23.9199703125
419.0 22.77544921875
420.0 18.40419013671875
421.0 25.5213541015625
422.0 24.7131533203125
423.0 24.1115037109375
424.0 22.34206796875
425.0 22.6453583984375
426.0 25.7905587890625
427.0 15.18523779296875
428.0 16.06877294921875
429.0 23.151685546875
430.0 23.1085861328125
431.0 20.53543544921875
432.0 20.7071607421875
433.0 21.40341513671875
434.0 21.66227275390625
435.0 12.0660794921875
436.0 28.6535787109375
437.0 22.62392685546875
438.0 25.22808046875
439.0 18.81590009765625
440.0 21.67443095703125
441.0 19.53256455078125
442.0 18.22702353515625
443.0 15.71493251953125
444.0 20.99370390625
445.0 21.97170986328125
446.0 19.52488828125
447.0 17.24516181640625
448.0 18.04529892578125
449.0 17.04986103515625
450.0 18.1740783203125
451.0 15.27880751953125
452.0 14.20374892578125
453.0 19.20321357421875
454.0 14.3861384765625
455.0 18.2956138671875
456.0 22.613798828125
457.0 14.5341236328125
458.0 14.9380279296875
459.0 12.73015166015625
460.0 17.41976298828125
461.0 14.2443599609375
462.0 15.9730748046875
463.0 13.00603212890625
464.0 12.18225751953125
465.0 15.147363671875
466.0 20.3496953125
467.0 20.23636591796875
468.0 10.93023681640625
469.0 15.41201669921875
470.0 17.139669140625
471.0 16.7252869140625
472.0 11.8225662109375
473.0 13.55449765625
474.0 14.20107509765625
475.0 11.51000146484375
476.0 14.9084990234375
477.0 17.03106435546875
478.0 20.71538857421875
479.0 24.27937548828125
480.0 23.31609482421875
481.0 18.47393857421875
482.0 23.1741025390625
483.0 21.121073046875
484.0 25.151169140625
485.0 19.65594521484375
486.0 21.795151171875
487.0 21.424650390625
488.0 23.7572998046875
489.0 21.061496484375
490.0 20.8320390625
491.0 23.13733623046875
492.0 21.262923828125
493.0 25.09225439453125
494.0 25.84634599609375
495.0 13.52187080078125
496.0 32.0192849609375
497.0 23.592528125
498.0 20.82719013671875
499.0 25.0196501953125
500.0 23.4357998046875
501.0 24.08076552734375
502.0 20.68880390625
503.0 17.72224306640625
504.0 29.6567263671875
505.0 23.1161814453125
506.0 21.3459767578125
507.0 24.74871982421875
508.0 22.2709638671875
509.0 22.198509375
510.0 25.65548388671875
511.0 22.986769140625
512.0 24.36432880859375
513.0 25.680296875
514.0 20.97673701171875
515.0 22.01516142578125
516.0 21.45123779296875
517.0 22.14986142578125
518.0 15.52293349609375
519.0 26.046950390625
520.0 16.3138458984375
521.0 22.94776845703125
522.0 23.03309482421875
523.0 24.83809794921875
524.0 21.5780189453125
525.0 20.69316572265625
526.0 22.19805966796875
527.0 22.99676318359375
528.0 23.05636298828125
529.0 22.42862099609375
530.0 23.0200068359375
531.0 24.239176171875
532.0 25.72338154296875
533.0 20.2980466796875
534.0 25.7262994140625
535.0 16.73921767578125
536.0 23.5301501953125
537.0 20.4664876953125
538.0 25.051259375
539.0 22.89210908203125
540.0 20.79544775390625
541.0 21.7952626953125
542.0 20.47585595703125
543.0 22.2544046875
544.0 20.38443056640625
545.0 22.2279494140625
546.0 21.8010548828125
547.0 21.98086982421875
548.0 19.9507548828125
549.0 23.80820927734375
550.0 23.21200732421875
551.0 16.9780994140625
552.0 18.72222021484375
553.0 26.26468623046875
554.0 21.22290888671875
555.0 21.2537208984375
556.0 23.5658287109375
557.0 21.78640263671875
558.0 22.21934482421875
559.0 24.6910341796875
560.0 20.87512236328125
561.0 18.2208748046875
562.0 18.1382001953125
563.0 25.5582880859375
564.0 21.82236298828125
565.0 21.6448294921875
566.0 23.48349541015625
567.0 23.079734765625
568.0 24.0836607421875
569.0 22.546953125
570.0 21.67152958984375
571.0 21.02902978515625
572.0 25.06447080078125
573.0 22.26837783203125
574.0 22.34949931640625
575.0 20.407509765625
576.0 24.96251240234375
577.0 23.499566796875
578.0 21.8635984375
579.0 24.11213408203125
580.0 22.06073759765625
581.0 25.74729453125
582.0 23.05633994140625
583.0 25.00889287109375
584.0 21.738602734375
585.0 24.35349287109375
586.0 23.29723173828125
587.0 22.718155078125
588.0 24.3814330078125
589.0 22.50177890625
590.0 23.2930267578125
591.0 21.1013291015625
592.0 21.99517021484375
593.0 23.158430078125
594.0 21.32374599609375
595.0 24.41734287109375
596.0 19.89112109375
597.0 15.853366796875
598.0 19.98093037109375
599.0 18.1936068359375
600.0 21.6492509765625
601.0 18.497405078125
602.0 19.81518466796875
603.0 21.11317197265625
604.0 20.8360181640625
605.0 22.35674755859375
606.0 17.793937890625
607.0 17.80095927734375
608.0 21.76072265625
609.0 20.5099109375
610.0 17.79986904296875
611.0 18.3566138671875
612.0 14.98528916015625
613.0 17.8902017578125
614.0 20.20220322265625
615.0 15.33609462890625
616.0 16.01608671875
617.0 21.32671015625
618.0 17.41204228515625
619.0 23.1029072265625
620.0 18.49559638671875
621.0 20.92776533203125
622.0 19.76758671875
623.0 19.23880458984375
624.0 17.46643046875
625.0 17.7612044921875
626.0 15.78539248046875
627.0 14.89782763671875
628.0 15.382531640625
629.0 16.82667001953125
630.0 19.90272041015625
631.0 15.97999375
632.0 20.780501171875
633.0 18.15577041015625
634.0 16.31523056640625
635.0 15.52902998046875
636.0 17.10515869140625
637.0 16.11081123046875
638.0 19.32197919921875
639.0 24.6926220703125
640.0 21.30584990234375
641.0 24.8855611328125
642.0 22.87980205078125
643.0 14.06095263671875
644.0 23.7913974609375
645.0 21.06217255859375
646.0 24.233713671875
647.0 21.37350771484375
648.0 18.00335126953125
649.0 23.44237763671875
650.0 21.8572787109375
651.0 24.2802376953125
652.0 22.74932138671875
653.0 21.5466958984375
654.0 24.511605078125
655.0 22.2399455078125
656.0 24.50314345703125
657.0 15.10137373046875
658.0 22.388797265625
659.0 18.98830703125
660.0 22.68039541015625
661.0 24.90204677734375
662.0 22.992280078125
663.0 24.21974931640625
664.0 22.92309755859375
665.0 25.60299365234375
666.0 20.3439060546875
667.0 21.19407548828125
668.0 17.6886701171875
669.0 17.396720703125
670.0 21.93232568359375
671.0 24.53266875
672.0 15.0361916015625
673.0 14.62941484375
674.0 14.96661796875
675.0 20.71244609375
676.0 24.61162724609375
677.0 22.04020224609375
678.0 25.38555693359375
679.0 21.8569080078125
680.0 25.5194134765625
681.0 23.28935625
682.0 22.3559310546875
683.0 16.996959375
684.0 21.05424638671875
685.0 24.152890625
686.0 22.90047099609375
687.0 20.5692927734375
688.0 24.14613154296875
689.0 18.54714931640625
690.0 20.51616376953125
691.0 23.044263671875
692.0 18.49910263671875
693.0 24.271755078125
694.0 21.78358359375
695.0 24.94358662109375
696.0 25.391294921875
697.0 20.1600595703125
698.0 21.282625390625
699.0 15.5567931640625
700.0 19.37999111328125
701.0 24.20171689453125
702.0 16.15679365234375
703.0 18.16621240234375
704.0 20.74816865234375
705.0 20.2381482421875
706.0 22.70507607421875
707.0 20.8588220703125
708.0 20.02357509765625
709.0 23.73673642578125
710.0 18.78298720703125
711.0 23.01072548828125
712.0 20.636792578125
713.0 20.9626974609375
714.0 18.51748232421875
715.0 19.1971083984375
716.0 22.626140234375
717.0 22.35995048828125
718.0 18.8331388671875
719.0 20.77192900390625
720.0 21.926367578125
721.0 20.1871140625
722.0 14.8397109375
723.0 23.49146533203125
724.0 21.657298828125
725.0 22.29944619140625
726.0 23.1521017578125
727.0 25.08782744140625
728.0 19.13629755859375
729.0 26.641360546875
730.0 20.83416103515625
731.0 23.8799720703125
732.0 22.9714845703125
733.0 22.8751361328125
734.0 24.71394951171875
735.0 21.3249654296875
736.0 22.25907587890625
737.0 18.9750587890625
738.0 17.41016669921875
739.0 21.5618203125
740.0 17.421073828125
741.0 21.81144970703125
742.0 18.6319498046875
743.0 22.394224609375
744.0 25.93257568359375
745.0 20.3812705078125
746.0 23.15827470703125
747.0 23.58031435546875
748.0 21.12287568359375
749.0 23.84002314453125
750.0 18.647527734375
751.0 17.02637490234375
752.0 15.98022451171875
753.0 15.45931689453125
754.0 24.228145703125
755.0 24.795143359375
756.0 21.99487880859375
757.0 23.62408515625
758.0 15.46506328125
759.0 25.0599412109375
760.0 21.99226904296875
761.0 23.71636025390625
762.0 23.6066861328125
763.0 23.32898681640625
764.0 25.13601767578125
765.0 22.0047517578125
766.0 22.67080751953125
767.0 22.785628515625
768.0 18.91091875
769.0 18.31373896484375
770.0 15.494887109375
771.0 14.453872265625
772.0 16.14625712890625
773.0 9.3030267578125
774.0 15.58298369140625
775.0 16.4775927734375
776.0 16.1229484375
777.0 17.52633671875
778.0 15.77076728515625
779.0 12.4402994140625
780.0 14.6597630859375
781.0 16.63378876953125
782.0 15.53193154296875
783.0 14.0318208984375
784.0 15.87700439453125
785.0 16.17165546875
786.0 14.0897513671875
787.0 15.26847373046875
788.0 17.728913671875
789.0 16.7192732421875
790.0 16.65922080078125
791.0 17.90874765625
792.0 16.85677314453125
793.0 22.55291806640625
794.0 17.43869482421875
795.0 13.4415224609375
796.0 15.5031662109375
797.0 22.81302890625
798.0 15.235095703125
799.0 18.26532724609375
