0.0 16.10223740234375
1.0 11.6408330078125
2.0 12.50564091796875
3.0 12.4520462890625
4.0 14.30439140625
5.0 11.835525390625
6.0 12.201640234375
7.0 12.18968876953125
8.0 14.54191953125
9.0 20.59066015625
10.0 4.62269453125
11.0 19.64275224609375
12.0 14.969048828125
13.0 13.097436328125
14.0 12.93440087890625
15.0 8.61659033203125
16.0 10.0089333984375
17.0 10.3355484375
18.0 0.9734611328125
19.0 5.36545400390625
20.0 0.0
21.0 0.0
22.0 0.0
23.0 2.01122548828125
24.0 0.0
25.0 0.0
26.0 0.1611142578125
27.0 0.4290095703125
28.0 2.7632021484375
29.0 5.409023828125
30.0 4.06070087890625
31.0 7.00713759765625
32.0 0.0
33.0 0.0
34.0 0.09332275390625
35.0 0.0208359375
36.0 0.0
37.0 0.0
38.0 0.0
39.0 0.0
40.0 0.0
41.0 0.0
42.0 0.0
43.0 0.0
44.0 0.0
45.0 0.0
46.0 0.0
47.0 0.0
48.0 0.0
49.0 0.0
50.0 0.0
51.0 0.0
52.0 0.0
53.0 0.0
54.0 0.0
55.0 0.0
56.0 0.0
57.0 0.0
58.0 0.0
59.0 0.09349814453125
60.0 1.0707134765625
61.0 0.99203837890625
62.0 1.3835677734375
63.0 0.0103302734375
64.0 0.093673828125
65.0 0.08334345703125
66.0 0.28116376953125
67.0 0.13590458984375
68.0 0.1663361328125
69.0 0.01033017578125
70.0 0.05849326171875
71.0 0.066346484375
72.0 0.06215654296875
73.0 1.84877783203125
74.0 0.04087958984375
75.0 0.03178271484375
76.0 0.06233212890625
77.0 0.0208359375
78.0 0.0518265625
79.0 0.0414962890625
80.0 0.0
81.0 0.0
82.0 0.0
83.0 0.0
84.0 0.0
85.0 0.0
86.0 0.0
87.0 0.0
88.0 0.0
89.0 0.0
90.0 0.0
91.0 0.0
92.0 0.0
93.0 0.0
94.0 0.0
95.0 0.0
96.0 0.0
97.0 0.0
98.0 0.0
99.0 0.0
100.0 0.0
101.0 0.0
102.0 0.0
103.0 0.0
104.0 0.0
105.0 0.0
106.0 0.0
107.0 0.0
108.0 0.0
109.0 0.0
110.0 0.0
111.0 0.0
112.0 2.82846611328125
113.0 9.48948134765625
114.0 8.8530345703125
115.0 14.21648662109375
116.0 18.19890986328125
117.0 16.29980439453125
118.0 8.4678361328125
119.0 14.759260546875
120.0 14.6421716796875
121.0 12.557973828125
122.0 11.9332685546875
123.0 2.32776953125
124.0 5.829620703125
125.0 7.72266005859375
126.0 6.51183046875
127.0 3.056303515625
128.0 1.7240189453125
129.0 7.070551171875
130.0 6.40187646484375
131.0 10.58140732421875
132.0 6.803941015625
133.0 9.83834208984375
134.0 3.98401494140625
135.0 8.45473056640625
136.0 6.8247650390625
137.0 8.06784560546875
138.0 7.51945751953125
139.0 4.28593515625
140.0 6.59374169921875
141.0 8.59405029296875
142.0 6.79307060546875
143.0 5.91147666015625
144.0 7.9822626953125
145.0 16.4793525390625
146.0 25.0493787109375
147.0 24.09005400390625
148.0 13.6110818359375
149.0 17.38106904296875
150.0 12.841290234375
151.0 10.31520302734375
152.0 12.3804443359375
153.0 10.55497900390625
154.0 12.54668369140625
155.0 9.13207001953125
156.0 8.3275392578125
157.0 7.683780859375
158.0 11.0069466796875
159.0 6.48206181640625
160.0 12.49177626953125
161.0 18.0560470703125
162.0 15.7909849609375
163.0 10.6300857421875
164.0 16.17472373046875
165.0 12.5849638671875
166.0 13.5713630859375
167.0 18.3159462890625
168.0 15.57742412109375
169.0 11.6427072265625
170.0 15.19186435546875
171.0 17.059067578125
172.0 15.3941796875
173.0 17.395294140625
174.0 13.70649697265625
175.0 11.06461181640625
176.0 8.3914587890625
177.0 8.38018798828125
178.0 10.12312353515625
179.0 1.85053193359375
180.0 2.269203125
181.0 8.61253388671875
182.0 5.955204296875
183.0 3.00294951171875
184.0 4.3437416015625
185.0 7.5690669921875
186.0 6.26628310546875
187.0 8.23444306640625
188.0 5.74757470703125
189.0 3.44753125
190.0 3.22089677734375
191.0 3.10919033203125
192.0 18.2457525390625
193.0 19.231492578125
194.0 18.16297822265625
195.0 24.20372734375
196.0 22.76484658203125
197.0 10.75856845703125
198.0 9.90335224609375
199.0 8.00370400390625
200.0 7.2929001953125
201.0 19.66857373046875
202.0 7.586530078125
203.0 26.80044873046875
204.0 20.11789638671875
205.0 15.98066025390625
206.0 10.601590234375
207.0 11.31506650390625
208.0 4.82964033203125
209.0 6.36654208984375
210.0 5.76831806640625
211.0 2.5871623046875
212.0 3.09389462890625
213.0 1.33160986328125
214.0 1.55305234375
215.0 8.41279873046875
216.0 10.38348427734375
217.0 5.38401181640625
218.0 0.0
219.0 0.0
220.0 0.60406494140625
221.0 8.98159765625
222.0 9.44120224609375
223.0 7.976694921875
224.0 9.3234720703125
225.0 8.11789892578125
226.0 5.55324775390625
227.0 4.600308984375
228.0 9.643878515625
229.0 5.02347587890625
230.0 6.13502236328125
231.0 5.0552359375
232.0 11.05980244140625
233.0 7.82469384765625
234.0 7.2920703125
235.0 7.95341552734375
236.0 1.39635458984375
237.0 2.17451630859375
238.0 1.0433001953125
239.0 1.9911525390625
240.0 7.48773623046875
241.0 7.2135623046875
242.0 6.90564921875
243.0 8.55455419921875
244.0 7.2842537109375
245.0 5.942237109375
246.0 2.49179072265625
247.0 2.29528037109375
248.0 2.77397919921875
249.0 8.0615826171875
250.0 8.201810546875
251.0 9.5317826171875
252.0 8.3541498046875
253.0 11.24630810546875
254.0 8.87482138671875
255.0 6.34330263671875
256.0 3.72944736328125
257.0 9.84582666015625
258.0 3.85302158203125
259.0 1.970130859375
260.0 0.92710888671875
261.0 0.93673701171875
262.0 3.4682921875
263.0 4.78934306640625
264.0 6.256066015625
265.0 5.68811904296875
266.0 9.74840546875
267.0 10.50366796875
268.0 2.8628583984375
269.0 1.0146763671875
270.0 0.44788359375
271.0 0.90058681640625
272.0 4.98352509765625
273.0 2.80854560546875
274.0 2.24345400390625
275.0 6.27503876953125
276.0 7.0523037109375
277.0 1.1328216796875
278.0 1.50316123046875
279.0 1.608823828125
280.0 9.06210498046875
281.0 7.50040810546875
282.0 12.3777876953125
283.0 15.90535830078125
284.0 6.29519384765625
285.0 7.469621875
286.0 3.36667578125
287.0 11.8519107421875
288.0 10.73317861328125
289.0 11.7853052734375
290.0 13.68176796875
291.0 15.84511787109375
292.0 11.2499361328125
293.0 9.7962525390625
294.0 16.80917041015625
295.0 8.229264453125
296.0 22.804149609375
297.0 18.479625
298.0 13.68300908203125
299.0 14.89523271484375
300.0 11.329371484375
301.0 19.24720595703125
302.0 7.735124609375
303.0 8.9421345703125
304.0 6.54301025390625
305.0 9.03222099609375
306.0 5.8194046875
307.0 12.119421875
308.0 11.99209931640625
309.0 10.234305078125
310.0 22.04429248046875
311.0 18.3251345703125
312.0 6.9848734375
313.0 13.65770498046875
314.0 9.38986416015625
315.0 6.19896337890625
316.0 0.87028935546875
317.0 0.98735185546875
318.0 1.39063115234375
319.0 4.475700390625
320.0 8.07839052734375
321.0 5.48563955078125
322.0 1.82521025390625
323.0 3.5732916015625
324.0 3.908486328125
325.0 1.5216470703125
326.0 0.824257421875
327.0 0.8981052734375
328.0 5.663093359375
329.0 2.65968125
330.0 0.44137978515625
331.0 2.62737900390625
332.0 4.006110546875
333.0 4.987067578125
334.0 0.2978740234375
335.0 0.71429560546875
336.0 1.4241244140625
337.0 2.59441201171875
338.0 6.389667578125
339.0 2.77882314453125
340.0 2.537658203125
341.0 3.0288181640625
342.0 1.85782470703125
343.0 2.0650330078125
344.0 2.58750908203125
345.0 1.37860048828125
346.0 1.043503125
347.0 1.2007435546875
348.0 1.91876103515625
349.0 1.7954279296875
350.0 0.9591521484375
351.0 1.21754453125
352.0 0.702751171875
353.0 2.04308486328125
354.0 1.71623896484375
355.0 0.3691626953125
356.0 2.627055859375
357.0 0.448955859375
358.0 1.6994875
359.0 2.02401533203125
360.0 4.354724609375
361.0 2.8565564453125
362.0 2.66336875
363.0 0.7682029296875
364.0 1.04591318359375
365.0 0.996002734375
366.0 1.94432509765625
367.0 0.41276103515625
368.0 0.0726625
369.0 0.11433408203125
370.0 0.0518263671875
371.0 0.11468505859375
372.0 0.01033017578125
373.0 0.031166015625
374.0 0.03116611328125
375.0 0.0208359375
376.0 0.04167177734375
377.0 0.0
378.0 0.0
379.0 0.0
380.0 0.0
381.0 0.0
382.0 0.0
383.0 0.0
384.0 0.0
385.0 0.0
386.0 0.0
387.0 0.0
388.0 0.0
389.0 0.0
390.0 0.0
391.0 0.0
392.0 0.0
393.0 0.0
394.0 0.0
395.0 0.0
396.0 0.0
397.0 0.0
398.0 0.0
399.0 0.0
400.0 0.0
401.0 0.0
402.0 0.0
403.0 0.0
404.0 0.0
405.0 0.0
406.0 0.0
407.0 0.0
408.0 0.0
409.0 0.0
410.0 0.0
411.0 0.0
412.0 0.0
413.0 0.0
414.0 0.0
415.0 0.0
416.0 0.0
417.0 0.0
418.0 0.0
419.0 0.0
420.0 0.0
421.0 0.0
422.0 0.0
423.0 0.0
424.0 0.394477734375
425.0 0.153478515625
426.0 0.34552978515625
427.0 0.02083583984375
428.0 0.82680078125
429.0 4.84229580078125
430.0 0.26529091796875
431.0 0.57360078125
432.0 0.50608828125
433.0 0.772506640625
434.0 0.3536833984375
435.0 0.27086630859375
436.0 0.3540064453125
437.0 0.47942861328125
438.0 0.5207212890625
439.0 0.41689306640625
440.0 0.51060439453125
441.0 0.2818607421875
442.0 0.08334345703125
443.0 0.198028515625
444.0 0.54225927734375
445.0 2.41465595703125
446.0 0.587816015625
447.0 0.54088427734375
448.0 0.22951669921875
449.0 0.23934931640625
450.0 0.1873474609375
451.0 0.1553876953125
452.0 1.4351349609375
453.0 0.32304375
454.0 0.0
455.0 0.0
456.0 1.64287568359375
457.0 0.0
458.0 0.0
459.0 0.0
460.0 0.0
461.0 1.21076201171875
462.0 0.21624248046875
463.0 0.43646005859375
464.0 0.18003046875
465.0 0.33848779296875
466.0 0.452047265625
467.0 0.0
468.0 0.0
469.0 0.3291166015625
470.0 0.16555537109375
471.0 0.29656494140625
472.0 0.156005859375
473.0 0.25003056640625
474.0 0.2793783203125
475.0 0.12683359375
476.0 0.13552099609375
477.0 0.1647986328125
478.0 0.03305439453125
479.0 0.1876984375
480.0 0.0833435546875
481.0 0.031166015625
482.0 0.18769833984375
483.0 0.2085341796875
484.0 0.09367373046875
485.0 0.34405517578125
486.0 0.32339462890625
487.0 0.2705154296875
488.0 0.05217744140625
489.0 0.32323447265625
490.0 0.31304931640625
491.0 0.22851298828125
492.0 0.17787451171875
493.0 0.14567568359375
494.0 0.239700390625
495.0 0.20818330078125
496.0 0.2813720703125
497.0 0.17719267578125
498.0 0.333725
499.0 0.43807978515625
500.0 0.17736826171875
501.0 0.2503814453125
502.0 0.0
503.0 0.0
504.0 20.5906775390625
505.0 26.24340146484375
506.0 33.135596484375
507.0 27.33850224609375
508.0 23.88502099609375
509.0 25.69603564453125
510.0 18.46673134765625
511.0 12.28585439453125
512.0 4.85050458984375
513.0 0.333725
514.0 0.38590234375
515.0 0.40656279296875
516.0 0.10417939453125
517.0 2.76775732421875
518.0 18.21120390625
519.0 9.879009375
520.0 13.290700390625
521.0 1.2059966796875
522.0 0.84411611328125
523.0 11.8313994140625
524.0 8.892231640625
525.0 13.19417841796875
526.0 10.76968291015625
527.0 11.75215244140625
528.0 16.194878515625
529.0 10.96408212890625
530.0 2.975239453125
531.0 4.85999599609375
532.0 9.1825728515625
533.0 12.1887744140625
534.0 21.87658505859375
535.0 11.08576669921875
536.0 17.55003818359375
537.0 23.777916015625
538.0 20.77568466796875
539.0 26.27312666015625
540.0 18.31475244140625
541.0 22.6533759765625
542.0 20.88614248046875
543.0 22.17770341796875
544.0 21.23898779296875
545.0 19.43759755859375
546.0 18.10861337890625
547.0 14.38817783203125
548.0 10.947495703125
549.0 15.02517666015625
550.0 6.29663466796875
551.0 6.3535673828125
552.0 6.33512294921875
553.0 0.9330919921875
554.0 1.9492951171875
555.0 7.787185546875
556.0 8.11858662109375
557.0 5.727940625
558.0 9.907590234375
559.0 11.70767822265625
560.0 0.87990986328125
561.0 9.59547412109375
562.0 3.6446916015625
563.0 8.39817041015625
564.0 0.0
565.0 0.0
566.0 0.98469658203125
567.0 1.90650087890625
568.0 0.3630236328125
569.0 0.63062724609375
570.0 0.88106318359375
571.0 0.87563330078125
572.0 0.052001953125
573.0 0.0
574.0 0.0
575.0 0.0
576.0 0.0
577.0 0.0
578.0 0.0
579.0 0.0
580.0 0.0
581.0 0.0
582.0 0.0
583.0 0.0
584.0 0.0
585.0 0.0
586.0 0.0
587.0 0.0
588.0 0.0
589.0 0.0
590.0 0.0
591.0 0.0
592.0 0.0
593.0 0.0
594.0 0.0
595.0 0.0
596.0 0.0
597.0 0.0
598.0 0.0
599.0 0.0
600.0 0.0
601.0 0.0
602.0 4.71563056640625
603.0 6.77478564453125
604.0 10.23116318359375
605.0 8.9415623046875
606.0 13.5765537109375
607.0 11.16330400390625
608.0 8.529441796875
609.0 7.8640625
610.0 9.39823466796875
611.0 10.5935951171875
612.0 6.9766353515625
613.0 12.618453125
614.0 15.0294744140625
615.0 12.1429181640625
616.0 16.241919921875
617.0 7.61585458984375
618.0 0.63015791015625
619.0 2.24480703125
620.0 20.5332603515625
621.0 18.7425373046875
622.0 19.06457197265625
623.0 13.80822275390625
624.0 13.787419140625
625.0 14.19382333984375
626.0 11.6020001953125
627.0 7.766233203125
628.0 2.41103203125
629.0 0.6672744140625
630.0 0.45768740234375
631.0 6.4308638671875
632.0 12.71750322265625
633.0 17.40848388671875
634.0 16.00867587890625
635.0 11.00076630859375
636.0 4.3177408203125
637.0 3.01366337890625
638.0 6.92681748046875
639.0 8.920259375
640.0 18.1393255859375
641.0 12.64884296875
642.0 4.00939990234375
643.0 14.0816271484375
644.0 10.19833310546875
645.0 10.55668671875
646.0 9.952864453125
647.0 6.274034765625
648.0 0.5505771484375
649.0 0.15764306640625
650.0 9.50112021484375
651.0 5.339319140625
652.0 11.54872138671875
653.0 13.32858291015625
654.0 16.539039453125
655.0 9.8214255859375
656.0 13.4107248046875
657.0 12.3315732421875
658.0 14.96826728515625
659.0 15.58398271484375
660.0 9.0875982421875
661.0 5.35136640625
662.0 0.22884365234375
663.0 0.322868359375
664.0 3.040329296875
665.0 7.85442255859375
666.0 14.842302734375
667.0 18.474853125
668.0 16.0534521484375
669.0 11.505431640625
670.0 9.4569921875
671.0 7.13782294921875
672.0 11.95012548828125
673.0 8.08543447265625
674.0 13.26122568359375
675.0 11.9596544921875
676.0 14.33868935546875
677.0 13.901459765625
678.0 7.9077443359375
679.0 13.84685888671875
680.0 19.8255638671875
681.0 13.53988154296875
682.0 13.76419599609375
683.0 9.235759765625
684.0 15.8234259765625
685.0 9.53683818359375
686.0 13.97198623046875
687.0 12.23781005859375
688.0 12.78198388671875
689.0 20.66411787109375
690.0 15.8394841796875
691.0 16.85902578125
692.0 16.82610703125
693.0 4.34717431640625
694.0 0.58516943359375
695.0 2.5726166015625
696.0 11.039129296875
697.0 15.495584375
698.0 6.79272998046875
699.0 5.40385703125
700.0 17.002071875
701.0 17.29947236328125
702.0 10.0289916015625
703.0 15.89672138671875
704.0 12.29140947265625
705.0 9.4456734375
706.0 5.2058333984375
707.0 2.80763095703125
708.0 5.2859611328125
709.0 6.7148794921875
710.0 10.96336396484375
711.0 19.16593896484375
712.0 10.77910595703125
713.0 11.65069580078125
714.0 8.7386375
715.0 9.3049984375
716.0 14.6364443359375
717.0 6.92051328125
718.0 11.9975580078125
719.0 7.9178349609375
720.0 2.25531435546875
721.0 0.84429169921875
722.0 0.16686259765625
723.0 0.30896611328125
724.0 0.56951474609375
725.0 1.49167939453125
726.0 0.84661337890625
727.0 0.3331986328125
728.0 0.48121640625
729.0 2.233201953125
730.0 0.2762052734375
731.0 0.072837890625
732.0 0.20818330078125
733.0 0.13499453125
734.0 0.16616044921875
735.0 1.36010908203125
736.0 3.9958931640625
737.0 2.16702421875
738.0 0.76545546875
739.0 1.82743427734375
740.0 2.94605009765625
741.0 3.3693533203125
742.0 2.13401123046875
743.0 8.383768359375
744.0 6.72460361328125
745.0 9.2579724609375
746.0 17.57779609375
747.0 16.02837119140625
748.0 7.36160107421875
749.0 8.58587763671875
750.0 9.68602978515625
751.0 5.726026171875
752.0 5.12717255859375
753.0 2.47125419921875
754.0 7.88101015625
755.0 2.8871859375
756.0 6.90733798828125
757.0 3.524985546875
758.0 4.30555830078125
759.0 6.91914716796875
760.0 4.24627158203125
761.0 10.55401279296875
762.0 9.226394140625
763.0 8.81377734375
764.0 16.764787109375
765.0 12.0158533203125
766.0 7.42560263671875
767.0 5.959571484375
768.0 5.27896953125
769.0 4.7805474609375
770.0 7.4943345703125
771.0 4.273815625
772.0 2.50962900390625
773.0 5.9735880859375
774.0 4.11997685546875
775.0 12.21916025390625
776.0 14.15144609375
777.0 12.08684755859375
778.0 0.0
779.0 0.0
780.0 31.91231318359375
781.0 12.9792263671875
782.0 9.652946484375
783.0 9.3689873046875
784.0 12.6959796875
785.0 11.51786162109375
786.0 11.36241513671875
787.0 9.9772875
788.0 12.33264599609375
789.0 18.41941767578125
790.0 14.60467607421875
791.0 13.69967421875
792.0 10.88885234375
793.0 12.05008056640625
794.0 12.19398642578125
795.0 10.371567578125
796.0 9.0109671875
797.0 5.84615146484375
798.0 5.5560982421875
799.0 7.59191435546875
