0.0 5.71885869140625
1.0 48.560487890625
2.0 27.33850107421875
3.0 23.178704296875
4.0 23.194619140625
5.0 22.52633349609375
6.0 20.642920703125
7.0 19.66240146484375
8.0 23.8429216796875
9.0 24.522201171875
10.0 20.838617578125
11.0 24.153254296875
12.0 19.6415951171875
13.0 23.67465283203125
14.0 24.81408837890625
15.0 22.45427265625
16.0 24.0637939453125
17.0 21.9616099609375
18.0 25.81038369140625
19.0 20.45450732421875
20.0 20.12495244140625
21.0 23.60430078125
22.0 19.63982470703125
23.0 24.531117578125
24.0 13.3249849609375
25.0 9.96869638671875
26.0 17.59531826171875
27.0 18.40035302734375
28.0 19.914322265625
29.0 24.744312890625
30.0 22.75201845703125
31.0 26.29320712890625
32.0 21.90332490234375
33.0 21.791421875
34.0 25.69158359375
35.0 22.24925283203125
36.0 25.1117466796875
37.0 17.04021650390625
38.0 20.73847587890625
39.0 16.83381689453125
40.0 21.55333203125
41.0 23.23179833984375
42.0 21.92465224609375
43.0 19.2887953125
44.0 18.88751328125
45.0 19.09802890625
46.0 25.4132259765625
47.0 24.66367294921875
48.0 19.0891060546875
49.0 24.58406396484375
50.0 24.455103125
51.0 21.60230751953125
52.0 23.39283359375
53.0 18.3171279296875
54.0 18.44339111328125
55.0 14.20265205078125
56.0 22.38739521484375
57.0 19.55965537109375
58.0 19.21800888671875
59.0 21.00253828125
60.0 21.65491708984375
61.0 2.4671759765625
62.0 25.6123982421875
63.0 6.47735068359375
64.0 1.7138876953125
65.0 17.9948673828125
66.0 22.86832939453125
67.0 21.82665673828125
68.0 22.22868525390625
69.0 23.7365765625
70.0 25.1537775390625
71.0 22.30631416015625
72.0 24.085175390625
73.0 23.2866634765625
74.0 24.192140234375
75.0 25.3327625
76.0 24.47695810546875
77.0 23.94582685546875
78.0 17.5266853515625
79.0 22.267425
80.0 19.929187109375
81.0 19.81299560546875
82.0 19.87903525390625
83.0 29.650446484375
84.0 24.70555302734375
85.0 22.35749697265625
86.0 19.3091599609375
87.0 23.96859384765625
88.0 23.3241400390625
89.0 22.65266611328125
90.0 17.55827880859375
91.0 22.40527783203125
92.0 24.20292236328125
93.0 23.09625986328125
94.0 26.367290234375
95.0 24.91985693359375
96.0 20.79436748046875
97.0 24.35698388671875
98.0 22.26075654296875
99.0 24.140380859375
100.0 23.946021875
101.0 25.68298935546875
102.0 24.7929310546875
103.0 21.13561123046875
104.0 24.3123927734375
105.0 22.68637041015625
106.0 22.77498408203125
107.0 22.59587646484375
108.0 24.34397412109375
109.0 16.64906328125
110.0 18.552432421875
111.0 21.92400712890625
112.0 24.66647421875
113.0 22.844176171875
114.0 24.11692607421875
115.0 17.54878955078125
116.0 22.4076205078125
117.0 19.3606376953125
118.0 25.82466875
119.0 18.21624921875
120.0 20.2822984375
121.0 25.02495244140625
122.0 22.64637216796875
123.0 25.03837080078125
124.0 16.76032353515625
125.0 18.71659619140625
126.0 18.15322763671875
127.0 20.9152298828125
128.0 17.20595400390625
129.0 23.96086494140625
130.0 13.63357939453125
131.0 25.82720517578125
132.0 22.618469921875
133.0 23.2255638671875
134.0 20.36699873046875
135.0 18.2300791015625
136.0 22.20198232421875
137.0 22.05447275390625
138.0 23.13795009765625
139.0 24.120988671875
140.0 22.97146396484375
141.0 24.29531162109375
142.0 24.75409453125
143.0 28.29480556640625
144.0 24.63321982421875
145.0 24.7412923828125
146.0 22.73379970703125
147.0 12.909515625
148.0 37.4003166015625
149.0 23.4496205078125
150.0 11.812412109375
151.0 32.75608544921875
152.0 23.577415625
153.0 26.771922265625
154.0 15.78672255859375
155.0 32.017149609375
156.0 23.10827822265625
157.0 23.5047220703125
158.0 23.1397208984375
159.0 24.20215986328125
160.0 22.47878740234375
161.0 24.7040880859375
162.0 21.2856578125
163.0 22.56838232421875
164.0 26.71619931640625
165.0 23.79805048828125
166.0 23.914447265625
167.0 21.12969677734375
168.0 25.47649892578125
169.0 25.085632421875
170.0 22.1401640625
171.0 25.39593486328125
172.0 18.351987109375
173.0 10.752248828125
174.0 7.48865927734375
175.0 1.0428466796875
176.0 29.53563984375
177.0 23.0511787109375
178.0 24.8246927734375
179.0 21.4831400390625
180.0 25.41760595703125
181.0 22.95573896484375
182.0 25.08518515625
183.0 24.535573828125
184.0 22.3683814453125
185.0 24.4473634765625
186.0 20.31833994140625
187.0 21.54613701171875
188.0 16.4126173828125
189.0 17.83947197265625
190.0 21.51899228515625
191.0 15.24146435546875
192.0 13.957037890625
193.0 12.72679873046875
194.0 15.078329296875
195.0 24.12595732421875
196.0 21.85826103515625
197.0 17.33997919921875
198.0 22.4952072265625
199.0 22.2122953125
200.0 15.2888994140625
201.0 16.028908984375
202.0 19.65698486328125
203.0 19.2600349609375
204.0 18.90935703125
205.0 18.2106689453125
206.0 18.35155810546875
207.0 25.1868626953125
208.0 22.75578818359375
209.0 23.468733984375
210.0 20.9594013671875
211.0 15.7469419921875
212.0 19.755996484375
213.0 18.461313671875
214.0 20.32252744140625
215.0 14.8341513671875
216.0 18.30840849609375
217.0 18.78056865234375
218.0 16.0951451171875
219.0 20.92604765625
220.0 16.812240234375
221.0 16.70852392578125
222.0 17.77848388671875
223.0 17.86045966796875
224.0 16.97952470703125
225.0 15.7968080078125
226.0 14.93957890625
227.0 13.3825205078125
228.0 11.70394150390625
229.0 12.94375302734375
230.0 19.4799123046875
231.0 23.21862763671875
232.0 16.29063720703125
233.0 15.81199189453125
234.0 18.64946376953125
235.0 15.247301953125
236.0 13.52796650390625
237.0 15.05276552734375
238.0 14.9131650390625
239.0 13.3670826171875
240.0 14.61722138671875
241.0 14.9800498046875
242.0 14.91584443359375
243.0 13.70628095703125
244.0 16.603108203125
245.0 16.43430732421875
246.0 14.8567208984375
247.0 14.92144169921875
248.0 18.0696873046875
249.0 13.4752904296875
250.0 16.36560712890625
251.0 15.22394638671875
252.0 15.00694501953125
253.0 15.16985234375
254.0 14.71525185546875
255.0 15.36372060546875
256.0 15.70489345703125
257.0 18.00729423828125
258.0 20.86301123046875
259.0 20.99530927734375
260.0 21.6030328125
261.0 24.11578671875
262.0 21.25406474609375
263.0 20.28744560546875
264.0 10.8621958984375
265.0 14.45708759765625
266.0 22.38103095703125
267.0 22.87158623046875
268.0 22.8073501953125
269.0 19.47903779296875
270.0 18.94001064453125
271.0 16.19086044921875
272.0 18.8411888671875
273.0 16.77658466796875
274.0 21.24606279296875
275.0 18.93035107421875
276.0 16.79309052734375
277.0 20.03141162109375
278.0 18.0553203125
279.0 19.6638919921875
280.0 19.27158359375
281.0 16.40549501953125
282.0 21.1147626953125
283.0 18.70154970703125
284.0 18.45636474609375
285.0 17.632702734375
286.0 15.92266337890625
287.0 17.87148935546875
288.0 18.39152490234375
289.0 19.8747548828125
290.0 20.63282060546875
291.0 18.19404072265625
292.0 24.74009033203125
293.0 19.49272255859375
294.0 22.9461251953125
295.0 21.97657197265625
296.0 24.577504296875
297.0 24.1951787109375
298.0 22.56739658203125
299.0 24.42063125
300.0 23.18676982421875
301.0 24.921411328125
302.0 21.89082001953125
303.0 25.3005017578125
304.0 26.6738435546875
305.0 25.58266796875
306.0 23.9212283203125
307.0 24.96610126953125
308.0 23.8263654296875
309.0 25.92498046875
310.0 20.49244560546875
311.0 25.36746435546875
312.0 24.70867109375
313.0 27.1155197265625
314.0 23.26951630859375
315.0 22.92786376953125
316.0 20.58209970703125
317.0 22.49290068359375
318.0 26.1340228515625
319.0 22.9448408203125
320.0 19.28731005859375
321.0 22.740925
322.0 21.539653125
323.0 24.16635849609375
324.0 23.877676953125
325.0 21.43586494140625
326.0 21.63162880859375
327.0 18.904084375
328.0 20.4175328125
329.0 27.2984970703125
330.0 24.09507548828125
331.0 25.37183154296875
332.0 0.0
333.0 0.0
334.0 26.37703876953125
335.0 17.4589099609375
336.0 26.8341748046875
337.0 23.482588671875
338.0 27.2554158203125
339.0 25.09385107421875
340.0 24.95548984375
341.0 20.234796875
342.0 23.35223603515625
343.0 23.3480068359375
344.0 24.65158154296875
345.0 22.1050787109375
346.0 24.60255419921875
347.0 14.54723642578125
348.0 31.4119935546875
349.0 24.09769951171875
350.0 24.9199224609375
351.0 22.909340234375
352.0 24.686369140625
353.0 28.46231357421875
354.0 25.63940703125
355.0 27.04283369140625
356.0 26.13565361328125
357.0 24.982510546875
358.0 22.32887060546875
359.0 24.63406220703125
360.0 13.4552388671875
361.0 21.92331982421875
362.0 25.30667841796875
363.0 17.95591533203125
364.0 25.9698916015625
365.0 24.368954296875
366.0 19.8457369140625
367.0 20.48702353515625
368.0 26.299038671875
369.0 23.52323984375
370.0 26.29286796875
371.0 24.49049521484375
372.0 23.041413671875
373.0 25.7219283203125
374.0 24.1141615234375
375.0 27.85466123046875
376.0 21.2077943359375
377.0 17.37684814453125
378.0 28.2716103515625
379.0 25.81338544921875
380.0 18.6775140625
381.0 24.88810107421875
382.0 28.26137060546875
383.0 23.22827138671875
384.0 26.88460849609375
385.0 23.08322333984375
386.0 27.5885095703125
387.0 21.85593916015625
388.0 26.62952373046875
389.0 23.75304921875
390.0 22.6399384765625
391.0 25.3370943359375
392.0 20.5010171875
393.0 25.67257294921875
394.0 24.66268056640625
395.0 26.23515224609375
396.0 25.105247265625
397.0 25.01250390625
398.0 25.87028935546875
399.0 23.3240056640625
400.0 15.53257578125
401.0 25.23800068359375
402.0 30.4771521484375
403.0 26.64256025390625
404.0 25.36721064453125
405.0 22.4884912109375
406.0 24.35296298828125
407.0 20.5061515625
408.0 13.54082841796875
409.0 30.90602060546875
410.0 22.13026259765625
411.0 22.22443955078125
412.0 24.97014638671875
413.0 16.57514990234375
414.0 21.0857591796875
415.0 21.724896875
416.0 17.3293646484375
417.0 21.1602560546875
418.0 21.3796373046875
419.0 21.61299404296875
420.0 17.09744453125
421.0 15.8269845703125
422.0 16.90863916015625
423.0 16.57185078125
424.0 15.1217166015625
425.0 15.71460126953125
426.0 15.3980669921875
427.0 18.40587841796875
428.0 19.6089169921875
429.0 20.8237083984375
430.0 15.09658642578125
431.0 20.60148720703125
432.0 16.67066337890625
433.0 19.31169736328125
434.0 15.4464091796875
435.0 20.22095751953125
436.0 21.75937958984375
437.0 17.0093474609375
438.0 17.58564814453125
439.0 15.8340962890625
440.0 14.995740625
441.0 18.036368359375
442.0 16.8929212890625
443.0 14.85822861328125
444.0 16.1942728515625
445.0 14.2689759765625
446.0 14.42009541015625
447.0 18.69622939453125
448.0 19.53972470703125
449.0 7.60990439453125
450.0 16.4010517578125
451.0 15.957065625
452.0 16.346975
453.0 13.8072595703125
454.0 12.48474921875
455.0 15.3254017578125
456.0 15.44357783203125
457.0 16.82047060546875
458.0 18.30238828125
459.0 19.309084375
460.0 17.91078349609375
461.0 17.7109275390625
462.0 9.0193966796875
463.0 21.640338671875
464.0 17.338689453125
465.0 13.50272216796875
466.0 13.95780927734375
467.0 19.12754921875
468.0 16.61962685546875
469.0 20.337015625
470.0 20.768878515625
471.0 16.58950810546875
472.0 16.14605185546875
473.0 20.23149296875
474.0 12.9957806640625
475.0 13.841046875
476.0 19.22126376953125
477.0 22.56664248046875
478.0 19.3223490234375
479.0 17.652606640625
480.0 17.657311328125
481.0 20.57313251953125
482.0 19.0219357421875
483.0 18.7579736328125
484.0 22.4618451171875
485.0 21.97298994140625
486.0 18.509687109375
487.0 24.33455
488.0 21.54592939453125
489.0 20.54875322265625
490.0 20.449175390625
491.0 20.0799728515625
492.0 20.078490234375
493.0 22.10369775390625
494.0 19.95666025390625
495.0 13.328233203125
496.0 23.60925654296875
497.0 18.0176462890625
498.0 20.17985234375
499.0 21.5614787109375
500.0 21.9564462890625
501.0 20.85313408203125
502.0 20.677086328125
503.0 24.0031904296875
504.0 25.1041890625
505.0 21.3837416015625
506.0 20.6770859375
507.0 16.8170037109375
508.0 17.0599837890625
509.0 21.40553583984375
510.0 19.22625986328125
511.0 23.422436328125
512.0 18.3447689453125
513.0 8.75429130859375
514.0 21.93262734375
515.0 18.116424609375
516.0 19.11004111328125
517.0 13.0515712890625
518.0 16.59134609375
519.0 16.38458203125
520.0 13.67645087890625
521.0 17.50173759765625
522.0 15.85762841796875
523.0 18.79778740234375
524.0 13.49010654296875
525.0 14.67687099609375
526.0 16.0694296875
527.0 17.38010322265625
528.0 16.8596240234375
529.0 15.08222646484375
530.0 8.71697197265625
531.0 11.98330634765625
532.0 16.1095962890625
533.0 16.03500322265625
534.0 12.871249609375
535.0 21.02387626953125
536.0 16.42889619140625
537.0 15.248469921875
538.0 15.9593158203125
539.0 17.8676587890625
540.0 13.29979091796875
541.0 16.64806552734375
542.0 16.26282646484375
543.0 14.18271875
544.0 16.5465908203125
545.0 13.4312376953125
546.0 9.62767099609375
547.0 14.5725744140625
548.0 16.7515935546875
549.0 15.9273302734375
550.0 18.09871474609375
551.0 22.28754912109375
552.0 23.321158984375
553.0 22.725055078125
554.0 24.2801560546875
555.0 15.9626224609375
556.0 27.06508388671875
557.0 19.465073046875
558.0 21.09580634765625
559.0 17.830633984375
560.0 17.959080859375
561.0 21.09813359375
562.0 22.72799443359375
563.0 13.10823037109375
564.0 12.4950048828125
565.0 17.411538671875
566.0 22.88414931640625
567.0 22.85418486328125
568.0 19.61982783203125
569.0 24.14326083984375
570.0 20.8710990234375
571.0 21.84445439453125
572.0 21.15320703125
573.0 21.46384140625
574.0 23.59356083984375
575.0 20.6360431640625
576.0 25.946351953125
577.0 21.85202373046875
578.0 25.55781611328125
579.0 24.5230189453125
580.0 22.2265060546875
581.0 23.98989267578125
582.0 19.54857607421875
583.0 16.77888330078125
584.0 9.558066796875
585.0 30.86519140625
586.0 24.0812271484375
587.0 24.20243994140625
588.0 24.1228296875
589.0 20.237804296875
590.0 20.49394365234375
591.0 16.48720966796875
592.0 21.67935859375
593.0 24.0142599609375
594.0 17.30783544921875
595.0 24.18613994140625
596.0 15.77466904296875
597.0 13.4019947265625
598.0 23.692470703125
599.0 22.06717275390625
600.0 25.10016650390625
601.0 22.863077734375
602.0 27.592253125
603.0 20.98392421875
604.0 18.652122265625
605.0 27.7603818359375
606.0 20.0112111328125
607.0 23.53834716796875
608.0 17.7237931640625
609.0 23.705340234375
610.0 21.54147333984375
611.0 23.9786294921875
612.0 23.03420927734375
613.0 23.15653310546875
614.0 20.9419826171875
615.0 20.8543814453125
616.0 19.6065560546875
617.0 21.2071158203125
618.0 22.01082119140625
619.0 22.0699458984375
620.0 20.8371181640625
621.0 25.8259580078125
622.0 24.877846875
623.0 22.417998828125
624.0 23.30931806640625
625.0 21.65797265625
626.0 17.0197361328125
627.0 20.27565947265625
628.0 18.70583076171875
629.0 18.13977587890625
630.0 21.85296025390625
631.0 24.21377431640625
632.0 22.60515419921875
633.0 10.0986474609375
634.0 9.71249326171875
635.0 21.14317255859375
636.0 23.49285576171875
637.0 21.5996091796875
638.0 23.2298580078125
639.0 18.938706640625
640.0 23.72183916015625
641.0 20.1156556640625
642.0 23.27047763671875
643.0 24.126804296875
644.0 24.4581064453125
645.0 21.43956337890625
646.0 22.4377552734375
647.0 20.99717001953125
648.0 18.59948388671875
649.0 20.93350546875
650.0 20.05310966796875
651.0 23.85736298828125
652.0 22.5561578125
653.0 25.0949
654.0 21.82658359375
655.0 20.51865576171875
656.0 23.57718359375
657.0 21.44554736328125
658.0 24.9546796875
659.0 19.53202744140625
660.0 20.23338828125
661.0 19.505965625
662.0 22.71809755859375
663.0 21.8458259765625
664.0 22.0082955078125
665.0 18.42391181640625
666.0 23.78390478515625
667.0 19.3230625
668.0 25.15345810546875
669.0 18.58466396484375
670.0 18.13841484375
671.0 24.1904009765625
672.0 24.31869111328125
673.0 21.40957333984375
674.0 24.20482978515625
675.0 22.5493560546875
676.0 22.38956875
677.0 17.926627734375
678.0 14.5168158203125
679.0 19.91483291015625
680.0 20.816855078125
681.0 16.10818447265625
682.0 27.47595087890625
683.0 15.22062275390625
684.0 17.3586025390625
685.0 24.15460615234375
686.0 18.36689140625
687.0 22.35932783203125
688.0 22.69109091796875
689.0 16.1899314453125
690.0 16.18317490234375
691.0 20.710681640625
692.0 24.0921931640625
693.0 22.68770634765625
694.0 23.59462646484375
695.0 23.94188115234375
696.0 22.86776474609375
697.0 25.43469755859375
698.0 21.95966474609375
699.0 24.64484765625
700.0 24.55719189453125
701.0 19.39327578125
702.0 23.69834013671875
703.0 22.82242021484375
704.0 25.845
705.0 23.6550408203125
706.0 26.10059814453125
707.0 22.507853515625
708.0 23.36609150390625
709.0 23.88647861328125
710.0 22.49031650390625
711.0 24.77235703125
712.0 22.854998828125
713.0 15.77057861328125
714.0 18.0005431640625
715.0 22.1154083984375
716.0 22.403236328125
717.0 23.37633662109375
718.0 21.00500986328125
719.0 20.37107294921875
720.0 22.04197861328125
721.0 10.32809013671875
722.0 38.74538095703125
723.0 21.5547041015625
724.0 22.50061748046875
725.0 21.24440224609375
726.0 25.24501552734375
727.0 24.833314453125
728.0 16.3963861328125
729.0 17.99827783203125
730.0 19.3839611328125
731.0 16.980776953125
732.0 24.66151142578125
733.0 21.80811845703125
734.0 23.3891458984375
735.0 24.47249365234375
736.0 21.8328658203125
737.0 24.02119658203125
738.0 21.94760126953125
739.0 24.3308427734375
740.0 20.81274775390625
741.0 18.36755849609375
742.0 22.60958603515625
743.0 21.1633955078125
744.0 21.57246181640625
745.0 20.84602265625
746.0 17.2270234375
747.0 23.18608466796875
748.0 28.36970283203125
749.0 23.9649642578125
750.0 24.2947955078125
751.0 25.88159423828125
752.0 18.6314361328125
753.0 25.922791015625
754.0 21.34697099609375
755.0 26.31822724609375
756.0 24.8350607421875
757.0 24.52815029296875
758.0 9.93550224609375
759.0 33.72050673828125
760.0 19.636484375
761.0 30.47449013671875
762.0 22.28235419921875
763.0 21.5827908203125
764.0 16.53540712890625
765.0 18.6241720703125
766.0 14.892844140625
767.0 22.48562177734375
768.0 24.02395576171875
769.0 22.0969396484375
770.0 19.47281259765625
771.0 16.9977388671875
772.0 12.41757109375
773.0 18.0652435546875
774.0 14.7443982421875
775.0 19.071182421875
776.0 21.2148705078125
777.0 19.673079296875
778.0 24.4401083984375
779.0 19.08913017578125
780.0 18.008737109375
781.0 20.79147421875
782.0 20.2403873046875
783.0 16.94919033203125
784.0 9.91589658203125
785.0 19.25795107421875
786.0 15.13034033203125
787.0 15.94954462890625
788.0 14.965515234375
789.0 15.5083205078125
790.0 15.78214326171875
791.0 14.3658556640625
792.0 15.66856787109375
793.0 14.32404404296875
794.0 15.37115810546875
795.0 16.52256357421875
796.0 16.3813978515625
797.0 13.13683173828125
798.0 15.19884814453125
799.0 18.7431212890625
