0.0 10.06665927734375
1.0 10.3027333984375
2.0 10.1640177734375
3.0 6.54644990234375
4.0 12.544833203125
5.0 10.38271337890625
6.0 9.554803515625
7.0 8.51741865234375
8.0 13.44609296875
9.0 12.24574130859375
10.0 10.85359443359375
11.0 10.8671490234375
12.0 13.57066005859375
13.0 10.915146484375
14.0 15.36422099609375
15.0 13.4566978515625
16.0 13.35599462890625
17.0 15.21638935546875
18.0 10.3090849609375
19.0 18.19872236328125
20.0 12.6615138671875
21.0 12.6406080078125
22.0 9.86110390625
23.0 12.12175302734375
24.0 8.78230966796875
25.0 8.76007060546875
26.0 13.46196669921875
27.0 15.05708828125
28.0 14.81212763671875
29.0 14.32360712890625
30.0 13.0634474609375
31.0 13.03058173828125
32.0 9.87572177734375
33.0 7.08666337890625
34.0 17.1699283203125
35.0 13.3100830078125
36.0 14.24849462890625
37.0 13.03901923828125
38.0 12.9130107421875
39.0 15.08541806640625
40.0 13.0425791015625
41.0 14.3149076171875
42.0 14.21691787109375
43.0 13.0117634765625
44.0 10.06123525390625
45.0 13.6225126953125
46.0 9.71315908203125
47.0 17.46015703125
48.0 9.2043021484375
49.0 17.0409884765625
50.0 14.69707236328125
51.0 15.71604677734375
52.0 13.43558564453125
53.0 14.075063671875
54.0 13.3905251953125
55.0 9.8686544921875
56.0 12.9206595703125
57.0 9.6870890625
58.0 10.9698875
59.0 10.8945927734375
60.0 11.91840126953125
61.0 12.73134609375
62.0 10.8749615234375
63.0 13.43064716796875
64.0 13.0220384765625
65.0 8.3378466796875
66.0 14.993127734375
67.0 11.9307947265625
68.0 12.22424853515625
69.0 7.74378310546875
70.0 6.7524552734375
71.0 12.5507087890625
72.0 7.6462392578125
73.0 8.13843427734375
74.0 10.18602392578125
75.0 11.20422255859375
76.0 6.13190654296875
77.0 9.76358251953125
78.0 11.672640234375
79.0 11.34772236328125
80.0 12.037814453125
81.0 12.6071326171875
82.0 11.10747041015625
83.0 9.5893251953125
84.0 9.66523134765625
85.0 11.0469669921875
86.0 12.48999501953125
87.0 12.39827802734375
88.0 10.36252001953125
89.0 12.04198798828125
90.0 8.032305859375
91.0 8.88269111328125
92.0 8.3496849609375
93.0 0.88503203125
94.0 5.0357224609375
95.0 6.98355615234375
96.0 6.99920703125
97.0 5.9131359375
98.0 8.5897392578125
99.0 6.208483984375
100.0 7.519141796875
101.0 7.32210166015625
102.0 9.746783203125
103.0 0.4485009765625
104.0 2.4179830078125
105.0 5.30028486328125
106.0 8.9806232421875
107.0 9.872968359375
108.0 10.4621955078125
109.0 6.76395712890625
110.0 8.800654296875
111.0 12.72075380859375
112.0 12.58466953125
113.0 12.62990185546875
114.0 7.32075322265625
115.0 16.05055107421875
116.0 13.13723203125
117.0 9.7083375
118.0 10.13435576171875
119.0 6.816858203125
120.0 13.63731943359375
121.0 13.8435115234375
122.0 11.85375400390625
123.0 13.05312431640625
124.0 12.96011171875
125.0 12.79442578125
126.0 11.6733552734375
127.0 12.3058703125
128.0 12.47059111328125
129.0 7.9485939453125
130.0 16.90503173828125
131.0 13.904162890625
132.0 13.09770634765625
133.0 8.5023634765625
134.0 15.71124091796875
135.0 14.01917021484375
136.0 12.74263837890625
137.0 10.35741171875
138.0 10.38237587890625
139.0 12.26745771484375
140.0 11.12326865234375
141.0 10.21224189453125
142.0 8.4522537109375
143.0 14.021326171875
144.0 9.9504658203125
145.0 8.186796875
146.0 5.784944140625
147.0 7.66713232421875
148.0 6.6595748046875
149.0 7.3987791015625
150.0 5.99885810546875
151.0 9.79055771484375
152.0 20.33979228515625
153.0 12.01489091796875
154.0 11.5628771484375
155.0 12.7584056640625
156.0 10.1245486328125
157.0 9.06423955078125
158.0 8.26994072265625
159.0 8.542534765625
160.0 8.274855078125
161.0 7.694504296875
162.0 7.60122958984375
163.0 6.4861763671875
164.0 8.14275048828125
165.0 7.3876998046875
166.0 7.83670205078125
167.0 7.87041494140625
168.0 7.52939306640625
169.0 7.30551435546875
170.0 7.2690267578125
171.0 7.139630078125
172.0 7.35798193359375
173.0 8.45205419921875
174.0 7.8783478515625
175.0 7.47972919921875
176.0 7.43253701171875
177.0 6.10105224609375
178.0 7.48474140625
179.0 6.945939453125
180.0 7.89217734375
181.0 8.806839453125
182.0 6.93734013671875
183.0 6.9918994140625
184.0 7.595833203125
185.0 7.5948640625
186.0 8.5187392578125
187.0 11.61070947265625
188.0 10.35461103515625
189.0 13.31461123046875
190.0 14.38106748046875
191.0 9.7329623046875
192.0 14.56416611328125
193.0 8.47310224609375
194.0 18.01031494140625
195.0 14.4346189453125
196.0 13.7824654296875
197.0 12.9693671875
198.0 11.76349892578125
199.0 15.6750849609375
200.0 15.05980732421875
201.0 16.93246162109375
202.0 15.04089873046875
203.0 13.00517353515625
204.0 14.2576822265625
205.0 15.44738369140625
206.0 13.08974150390625
207.0 14.68652177734375
208.0 16.488521875
209.0 14.6185275390625
210.0 12.350769140625
211.0 14.5386919921875
212.0 13.41241337890625
213.0 11.6596568359375
214.0 9.89071220703125
215.0 10.07541298828125
216.0 11.38056083984375
217.0 11.959379296875
218.0 11.83109404296875
219.0 10.2203779296875
220.0 13.961420703125
221.0 13.12816650390625
222.0 11.30150625
223.0 10.18801767578125
224.0 10.33688642578125
225.0 11.9866576171875
226.0 8.78429208984375
227.0 11.16123388671875
228.0 11.5107548828125
229.0 13.28514462890625
230.0 11.76099658203125
231.0 12.46031630859375
232.0 12.7843703125
233.0 11.19292783203125
234.0 13.49918173828125
235.0 8.0549978515625
236.0 8.9318310546875
237.0 4.54946708984375
238.0 8.17280205078125
239.0 8.94647373046875
240.0 9.679028515625
241.0 10.4944560546875
242.0 10.82865986328125
243.0 8.9445447265625
244.0 11.83452890625
245.0 8.768432421875
246.0 7.8087923828125
247.0 7.9835814453125
248.0 8.30062802734375
249.0 11.0603876953125
250.0 12.23946962890625
251.0 9.55320341796875
252.0 11.08859658203125
253.0 10.8374951171875
254.0 11.005115625
255.0 10.219837109375
256.0 8.9249625
257.0 10.10466533203125
258.0 12.29506015625
259.0 8.1049412109375
260.0 10.375114453125
261.0 9.21497587890625
262.0 11.75883935546875
263.0 12.39656142578125
264.0 13.22727138671875
265.0 14.27762265625
266.0 12.751143359375
267.0 11.9913703125
268.0 14.13803232421875
269.0 13.1851982421875
270.0 12.824212109375
271.0 12.261953515625
272.0 15.46348134765625
273.0 11.6352359375
274.0 11.2811486328125
275.0 12.796496875
276.0 11.39581220703125
277.0 11.90661494140625
278.0 10.13066611328125
279.0 10.36736181640625
280.0 12.13516142578125
281.0 13.4396443359375
282.0 10.72233232421875
283.0 6.911324609375
284.0 13.9142478515625
285.0 11.7948904296875
286.0 8.2372087890625
287.0 16.6285755859375
288.0 11.37427890625
289.0 12.64110908203125
290.0 10.87596298828125
291.0 12.92424052734375
292.0 11.33741201171875
293.0 13.19163681640625
294.0 13.54925048828125
295.0 11.81102626953125
296.0 12.1866806640625
297.0 11.05002880859375
298.0 12.82917177734375
299.0 10.69256591796875
300.0 14.53529521484375
301.0 14.1316447265625
302.0 13.01793203125
303.0 15.79979052734375
304.0 11.5020763671875
305.0 11.50613701171875
306.0 10.63375205078125
307.0 10.5970880859375
308.0 10.9384541015625
309.0 14.0120384765625
310.0 12.12655546875
311.0 12.71531044921875
312.0 9.6189501953125
313.0 9.222309765625
314.0 15.2187171875
315.0 14.6925021484375
316.0 14.51426162109375
317.0 11.2718837890625
318.0 10.957784375
319.0 11.9387203125
320.0 9.76324599609375
321.0 15.9469677734375
322.0 11.6291552734375
323.0 12.6439525390625
324.0 13.8465279296875
325.0 13.27418251953125
326.0 12.974438671875
327.0 11.7168978515625
328.0 11.626990625
329.0 11.4236126953125
330.0 10.63783486328125
331.0 11.93811728515625
332.0 12.05809794921875
333.0 12.847376171875
334.0 7.20160556640625
335.0 14.83542890625
336.0 7.2372181640625
337.0 15.749193359375
338.0 10.52188330078125
339.0 7.92175888671875
340.0 8.15774482421875
341.0 5.61450029296875
342.0 7.06062216796875
343.0 7.2187572265625
344.0 8.08031064453125
345.0 8.016233984375
346.0 6.3605125
347.0 8.5617556640625
348.0 8.31938896484375
349.0 7.63499755859375
350.0 8.5195669921875
351.0 7.4510814453125
352.0 6.6031248046875
353.0 7.987490234375
354.0 7.81787861328125
355.0 7.24023193359375
356.0 5.94383984375
357.0 8.0182849609375
358.0 6.9593892578125
359.0 7.757008203125
360.0 6.86619482421875
361.0 10.0048736328125
362.0 14.04685068359375
363.0 10.630338671875
364.0 11.2329822265625
365.0 9.76412490234375
366.0 12.2895087890625
367.0 11.05982158203125
368.0 7.38712548828125
369.0 8.08523193359375
370.0 9.5035533203125
371.0 11.37046240234375
372.0 10.53768037109375
373.0 9.0751146484375
374.0 8.8721408203125
375.0 7.7890962890625
376.0 7.5202263671875
377.0 8.458668359375
378.0 12.7671310546875
379.0 12.90312080078125
380.0 11.85692841796875
381.0 14.94419375
382.0 13.90490888671875
383.0 10.585891015625
384.0 19.055342578125
385.0 14.359687890625
386.0 11.96424013671875
387.0 12.61652197265625
388.0 13.63817919921875
389.0 14.21650673828125
390.0 10.48581884765625
391.0 14.11594873046875
392.0 11.74580166015625
393.0 12.38644853515625
394.0 12.274774609375
395.0 12.75140458984375
396.0 11.573301953125
397.0 13.03265654296875
398.0 7.120653515625
399.0 15.92242919921875
400.0 10.97709658203125
401.0 12.35328876953125
402.0 13.86176875
403.0 15.37495732421875
404.0 12.21086650390625
405.0 15.06796015625
406.0 12.833844921875
407.0 12.6013060546875
408.0 9.1547111328125
409.0 7.4537365234375
410.0 3.9105912109375
411.0 9.01359189453125
412.0 9.39192099609375
413.0 8.75700849609375
414.0 11.54855634765625
415.0 14.68599208984375
416.0 13.1432865234375
417.0 15.60612001953125
418.0 14.17220478515625
419.0 9.4904154296875
420.0 7.08553525390625
421.0 14.119512109375
422.0 11.40447705078125
423.0 10.41934892578125
424.0 6.6996583984375
425.0 12.686878125
426.0 8.82862451171875
427.0 9.6395330078125
428.0 9.1887109375
429.0 10.41357861328125
430.0 9.51395322265625
431.0 11.37342724609375
432.0 7.0542685546875
433.0 11.414787109375
434.0 9.2113767578125
435.0 9.678132421875
436.0 11.34747490234375
437.0 11.77763017578125
438.0 10.06271162109375
439.0 11.53128662109375
440.0 12.791442578125
441.0 10.1982439453125
442.0 7.28028095703125
443.0 8.79958935546875
444.0 11.36152900390625
445.0 7.6016591796875
446.0 10.82288828125
447.0 8.61131826171875
448.0 8.5383150390625
449.0 5.58538779296875
450.0 8.81024326171875
451.0 7.98339931640625
452.0 9.66204052734375
453.0 9.91454326171875
454.0 8.65343515625
455.0 8.57082607421875
456.0 9.0903537109375
457.0 9.79757275390625
458.0 9.1199966796875
459.0 10.76704951171875
460.0 9.45186708984375
461.0 9.36838681640625
462.0 7.11532314453125
463.0 8.982690234375
464.0 8.41110146484375
465.0 8.35488388671875
466.0 8.574308984375
467.0 7.0808458984375
468.0 10.12808818359375
469.0 9.0830966796875
470.0 5.633922265625
471.0 10.0210896484375
472.0 7.80361025390625
473.0 9.2895201171875
474.0 8.987208984375
475.0 9.375249609375
476.0 8.470771875
477.0 8.0481599609375
478.0 8.89252890625
479.0 9.11732216796875
480.0 9.23459736328125
481.0 8.53054833984375
482.0 8.21959853515625
483.0 9.20059189453125
484.0 7.52971328125
485.0 8.912496875
486.0 9.266040234375
487.0 9.30287265625
488.0 8.129280078125
489.0 9.14711572265625
490.0 7.0488515625
491.0 10.6419068359375
492.0 11.50700205078125
493.0 8.09244677734375
494.0 13.57824853515625
495.0 13.71412685546875
496.0 13.8809970703125
497.0 12.79952041015625
498.0 9.90241884765625
499.0 9.374486328125
500.0 11.6495373046875
501.0 14.8691724609375
502.0 8.90007421875
503.0 10.8182029296875
504.0 11.58717099609375
505.0 11.7665814453125
506.0 11.46916318359375
507.0 11.59778916015625
508.0 8.4939748046875
509.0 12.59450576171875
510.0 12.318192578125
511.0 8.8390853515625
512.0 9.2330658203125
513.0 12.9313005859375
514.0 13.173841015625
515.0 11.55098134765625
516.0 14.64270888671875
517.0 12.819842578125
518.0 14.3812638671875
519.0 14.80631318359375
520.0 10.4387359375
521.0 12.66741474609375
522.0 11.65549072265625
523.0 13.173637109375
524.0 11.3285888671875
525.0 14.30043701171875
526.0 10.528321484375
527.0 14.99797236328125
528.0 12.62561953125
529.0 13.8357685546875
530.0 12.62561357421875
531.0 13.6294083984375
532.0 12.02333486328125
533.0 9.98823955078125
534.0 8.79260302734375
535.0 9.48815615234375
536.0 14.0308833984375
537.0 14.42546123046875
538.0 13.2206205078125
539.0 13.96827333984375
540.0 12.7437744140625
541.0 13.7374125
542.0 16.3757119140625
543.0 13.27407314453125
544.0 14.33243984375
545.0 10.762048828125
546.0 13.0315791015625
547.0 12.60606640625
548.0 15.99129921875
549.0 12.2064189453125
550.0 12.914409765625
551.0 7.8200111328125
552.0 6.6804810546875
553.0 12.89395595703125
554.0 10.57932900390625
555.0 10.77695224609375
556.0 10.62993212890625
557.0 14.22498154296875
558.0 13.70889306640625
559.0 12.01713671875
560.0 9.08096435546875
561.0 10.000630859375
562.0 9.72840146484375
563.0 9.78147421875
564.0 9.48688857421875
565.0 11.7487603515625
566.0 12.85395556640625
567.0 10.79510419921875
568.0 8.8683833984375
569.0 9.59728212890625
570.0 0.0
571.0 0.0
572.0 0.0
573.0 29.7784375
574.0 9.905919921875
575.0 8.853399609375
576.0 10.17925849609375
577.0 11.06005703125
578.0 10.9989896484375
579.0 10.2245650390625
580.0 8.60787861328125
581.0 6.18008115234375
582.0 8.5510373046875
583.0 8.78637294921875
584.0 8.47378017578125
585.0 9.15737802734375
586.0 8.810836328125
587.0 11.5726189453125
588.0 10.87867890625
589.0 13.08386279296875
590.0 13.1601162109375
591.0 12.497593359375
592.0 10.3918087890625
593.0 10.0108537109375
594.0 10.51649072265625
595.0 11.66577021484375
596.0 9.02796962890625
597.0 15.49476953125
598.0 12.58398642578125
599.0 13.42546640625
600.0 13.148362109375
601.0 11.1039068359375
602.0 10.631530078125
603.0 9.23709755859375
604.0 11.39402939453125
605.0 8.70800703125
606.0 13.06698515625
607.0 13.93607783203125
608.0 14.2709802734375
609.0 14.72971513671875
610.0 11.79662998046875
611.0 13.17801806640625
612.0 13.63783828125
613.0 14.209867578125
614.0 13.40954697265625
615.0 12.1329169921875
616.0 13.78275078125
617.0 10.1582224609375
618.0 16.237903125
619.0 15.342408984375
620.0 14.95526240234375
621.0 10.95613125
622.0 15.6070408203125
623.0 11.9639208984375
624.0 16.0951732421875
625.0 15.551145703125
626.0 12.78966171875
627.0 13.94004345703125
628.0 13.29465283203125
629.0 12.0952298828125
630.0 10.43277255859375
631.0 13.352912890625
632.0 10.69651904296875
633.0 13.10660380859375
634.0 11.10547138671875
635.0 9.5776521484375
636.0 11.59464951171875
637.0 10.52776826171875
638.0 13.1137056640625
639.0 12.34391767578125
640.0 13.78207822265625
641.0 12.14293408203125
642.0 11.7656279296875
643.0 13.45422568359375
644.0 13.56300771484375
645.0 12.01122080078125
646.0 12.769841015625
647.0 8.51302734375
648.0 12.21856875
649.0 10.123312890625
650.0 8.5097630859375
651.0 7.703178125
652.0 9.00151640625
653.0 6.8798
654.0 8.21831455078125
655.0 8.79258916015625
656.0 8.85010185546875
657.0 9.24075
658.0 8.8803361328125
659.0 8.56093583984375
660.0 7.69633037109375
661.0 7.8301966796875
662.0 8.0803478515625
663.0 9.1110470703125
664.0 8.90369365234375
665.0 7.658205859375
666.0 7.1407986328125
667.0 8.303914453125
668.0 9.23955048828125
669.0 9.35826025390625
670.0 7.56738701171875
671.0 7.2605013671875
672.0 6.58650673828125
673.0 4.86671875
674.0 8.3835546875
675.0 9.48454140625
676.0 6.451490625
677.0 7.85192236328125
678.0 7.8304935546875
679.0 8.3257494140625
680.0 3.1046453125
681.0 14.9024623046875
682.0 12.14828408203125
683.0 11.71127197265625
684.0 13.69909150390625
685.0 10.607712890625
686.0 10.05992841796875
687.0 12.37184375
688.0 12.66060498046875
689.0 11.354134375
690.0 6.326889453125
691.0 8.69662001953125
692.0 13.07675224609375
693.0 8.92047958984375
694.0 5.348129296875
695.0 7.5130376953125
696.0 8.5466328125
697.0 9.91082255859375
698.0 7.9919498046875
699.0 9.4731650390625
700.0 10.5892708984375
701.0 8.55948857421875
702.0 5.82798037109375
703.0 11.47952744140625
704.0 8.46734091796875
705.0 7.414941015625
706.0 11.57687099609375
707.0 8.717753125
708.0 7.52393037109375
709.0 9.3784205078125
710.0 8.546775
711.0 8.184515234375
712.0 9.4133447265625
713.0 8.1082099609375
714.0 9.57224736328125
715.0 10.2932095703125
716.0 9.52332939453125
717.0 11.14573623046875
718.0 7.4450984375
719.0 11.418221484375
720.0 12.6147947265625
721.0 12.6272677734375
722.0 9.18463349609375
723.0 5.50274130859375
724.0 10.1241826171875
725.0 8.3352783203125
726.0 9.6104892578125
727.0 8.33099296875
728.0 10.53639208984375
729.0 10.75356171875
730.0 8.504730078125
731.0 13.0080455078125
732.0 9.99527900390625
733.0 6.656256640625
734.0 15.33702041015625
735.0 12.86634453125
736.0 9.57652900390625
737.0 10.05146923828125
738.0 14.079315625
739.0 9.65581455078125
740.0 12.94099267578125
741.0 12.906415625
742.0 11.55977958984375
743.0 13.7803478515625
744.0 12.24272724609375
745.0 11.107510546875
746.0 11.3640703125
747.0 11.9826234375
748.0 12.64115859375
749.0 9.0608798828125
750.0 11.60720947265625
751.0 9.656206640625
752.0 13.1703810546875
753.0 14.07398935546875
754.0 11.69621708984375
755.0 5.36873310546875
756.0 13.25782265625
757.0 13.1294939453125
758.0 13.93334541015625
759.0 12.3478619140625
760.0 12.7086875
761.0 13.7247279296875
762.0 13.65170830078125
763.0 12.9817927734375
764.0 12.62416806640625
765.0 13.56727919921875
766.0 12.82773515625
767.0 13.53373583984375
768.0 13.642804296875
769.0 9.56991103515625
770.0 7.4548224609375
771.0 17.11381669921875
772.0 11.862222265625
773.0 12.7229984375
774.0 8.04260185546875
775.0 1.25359267578125
776.0 24.6167177734375
777.0 10.61992529296875
778.0 11.5040181640625
779.0 10.1868078125
780.0 9.2364228515625
781.0 13.815368359375
782.0 12.486965234375
783.0 9.5749408203125
784.0 8.19311162109375
785.0 9.24129150390625
786.0 10.4823732421875
787.0 8.16234169921875
788.0 12.621509375
789.0 10.8249705078125
790.0 10.51439013671875
791.0 11.2879345703125
792.0 9.01746005859375
793.0 7.42468779296875
794.0 9.98204599609375
795.0 8.80343525390625
796.0 11.43780556640625
797.0 8.075253515625
798.0 9.56154169921875
799.0 7.3288599609375
