0.0 25.7630927734375
1.0 24.74726689453125
2.0 19.6814939453125
3.0 33.3493205078125
4.0 36.7589671875
5.0 23.77495576171875
6.0 36.8979884765625
7.0 33.17412138671875
8.0 27.7648244140625
9.0 19.9163302734375
10.0 16.75108408203125
11.0 35.99690810546875
12.0 28.033631640625
13.0 31.44344736328125
14.0 32.44242578125
15.0 34.53603125
16.0 33.16467490234375
17.0 36.0696130859375
18.0 30.73649931640625
19.0 29.09968349609375
20.0 28.55015576171875
21.0 22.55732392578125
22.0 31.8223978515625
23.0 30.9959498046875
24.0 31.54651396484375
25.0 27.88482041015625
26.0 42.63472353515625
27.0 41.51307275390625
28.0 36.51305419921875
29.0 34.46750927734375
30.0 39.52600498046875
31.0 34.53876630859375
32.0 31.14512548828125
33.0 28.36781005859375
34.0 19.78358505859375
35.0 32.39002978515625
36.0 21.46595087890625
37.0 11.32994658203125
38.0 15.00998994140625
39.0 15.233247265625
40.0 12.75098798828125
41.0 9.7401123046875
42.0 0.27121748046875
43.0 11.25702138671875
44.0 22.08719814453125
45.0 23.34775703125
46.0 11.76465244140625
47.0 32.02371767578125
48.0 33.24799833984375
49.0 34.7530234375
50.0 24.985380859375
51.0 28.33386396484375
52.0 9.3303224609375
53.0 6.00255126953125
54.0 30.96594384765625
55.0 25.32910439453125
56.0 26.913258203125
57.0 30.36281708984375
58.0 26.195589453125
59.0 32.083222265625
60.0 33.67483408203125
61.0 33.58512919921875
62.0 28.82197177734375
63.0 26.35557841796875
64.0 34.690555859375
65.0 32.65393310546875
66.0 29.55399619140625
67.0 37.7327171875
68.0 32.89845927734375
69.0 28.620520703125
70.0 20.56350478515625
71.0 15.73303525390625
72.0 26.57288515625
73.0 32.32514111328125
74.0 33.90870693359375
75.0 24.18348798828125
76.0 39.8744140625
77.0 33.89796904296875
78.0 27.91105283203125
79.0 23.41168466796875
80.0 15.83385595703125
81.0 27.3822931640625
82.0 31.7320048828125
83.0 28.74140859375
84.0 31.41437646484375
85.0 36.7816064453125
86.0 30.77138046875
87.0 33.4478623046875
88.0 32.9837029296875
89.0 32.6915703125
90.0 18.91615439453125
91.0 19.18292919921875
92.0 31.69130615234375
93.0 32.8299814453125
94.0 36.5688978515625
95.0 36.101173046875
96.0 25.67043212890625
97.0 22.95166279296875
98.0 25.47879384765625
99.0 24.06907216796875
100.0 34.41347548828125
101.0 28.65099501953125
102.0 29.9564697265625
103.0 23.86179814453125
104.0 36.31243974609375
105.0 33.79149970703125
106.0 25.79906435546875
107.0 28.924215625
108.0 32.70306044921875
109.0 32.590965234375
110.0 32.72349345703125
111.0 32.54128681640625
112.0 24.13847919921875
113.0 27.595141796875
114.0 22.1817908203125
115.0 25.49580224609375
116.0 26.4004677734375
117.0 24.66313369140625
118.0 18.230864453125
119.0 22.109434375
120.0 23.655884375
121.0 27.1397306640625
122.0 18.0888294921875
123.0 15.50361162109375
124.0 25.3422966796875
125.0 30.90822939453125
126.0 17.77461162109375
127.0 21.92101142578125
128.0 29.61455166015625
129.0 29.7015029296875
130.0 21.79351787109375
131.0 23.3616626953125
132.0 22.64479453125
133.0 28.151794140625
134.0 17.36833974609375
135.0 3.2574044921875
136.0 22.30907333984375
137.0 20.06637685546875
138.0 22.86172822265625
139.0 22.647079296875
140.0 47.58398544921875
141.0 35.30074482421875
142.0 29.637934375
143.0 14.03317646484375
144.0 12.65130185546875
145.0 29.3162494140625
146.0 24.790619921875
147.0 25.2734734375
148.0 22.9833744140625
149.0 25.9928013671875
150.0 21.7633978515625
151.0 30.19424462890625
152.0 20.1909380859375
153.0 35.022176953125
154.0 29.14883349609375
155.0 34.30108017578125
156.0 28.49145400390625
157.0 28.80447138671875
158.0 0.0
159.0 0.0
160.0 38.79913955078125
161.0 14.99798017578125
162.0 23.11690087890625
163.0 20.9916681640625
164.0 10.842441796875
165.0 18.89803388671875
166.0 18.59122470703125
167.0 29.04949267578125
168.0 16.80191923828125
169.0 12.874051953125
170.0 25.8276408203125
171.0 15.559078125
172.0 20.1095953125
173.0 25.8015123046875
174.0 9.74808681640625
175.0 29.80350888671875
176.0 27.59544287109375
177.0 25.96878984375
178.0 26.25355849609375
179.0 24.73421201171875
180.0 25.93128232421875
181.0 10.08133291015625
182.0 8.7339501953125
183.0 25.20333779296875
184.0 24.6508732421875
185.0 18.00306201171875
186.0 25.11576728515625
187.0 27.471201171875
188.0 22.91644736328125
189.0 26.2695638671875
190.0 22.27811181640625
191.0 41.81733876953125
192.0 34.5241318359375
193.0 37.46951474609375
194.0 14.50875
195.0 30.018482421875
196.0 28.42969619140625
197.0 32.2237798828125
198.0 33.8906103515625
199.0 35.16577900390625
200.0 32.2345791015625
201.0 31.69750498046875
202.0 39.61581748046875
203.0 37.65130078125
204.0 26.4348916015625
205.0 46.64677587890625
206.0 34.72016884765625
207.0 36.76305322265625
208.0 23.5744634765625
209.0 38.07024521484375
210.0 33.1451234375
211.0 31.08483642578125
212.0 18.3563580078125
213.0 16.66243291015625
214.0 15.10322158203125
215.0 13.07794658203125
216.0 6.16194404296875
217.0 29.19743330078125
218.0 34.4279853515625
219.0 32.25930439453125
220.0 30.65647275390625
221.0 36.67412587890625
222.0 30.9129498046875
223.0 36.7101650390625
224.0 15.4416232421875
225.0 29.520184765625
226.0 15.988505078125
227.0 5.4716818359375
228.0 28.98443759765625
229.0 38.6994720703125
230.0 31.74785361328125
231.0 33.636618359375
232.0 27.436079296875
233.0 38.6115658203125
234.0 26.67652890625
235.0 20.6066166015625
236.0 18.47527890625
237.0 19.07300009765625
238.0 28.4036060546875
239.0 32.58832412109375
240.0 22.421341796875
241.0 22.4500111328125
242.0 33.341003125
243.0 27.35960703125
244.0 31.75292138671875
245.0 15.815193359375
246.0 7.15708408203125
247.0 7.9405865234375
248.0 10.70407099609375
249.0 10.3417107421875
250.0 6.64715927734375
251.0 19.915671875
252.0 18.99876318359375
253.0 21.429730078125
254.0 8.41310517578125
255.0 9.78113701171875
256.0 26.56999873046875
257.0 21.3297439453125
258.0 19.035527734375
259.0 12.39194443359375
260.0 23.516569921875
261.0 18.20867080078125
262.0 27.71990078125
263.0 30.99856552734375
264.0 29.14155576171875
265.0 29.2153998046875
266.0 32.96987060546875
267.0 29.933078125
268.0 19.36609970703125
269.0 28.14768994140625
270.0 25.73302548828125
271.0 36.49891884765625
272.0 31.00664384765625
273.0 23.51998505859375
274.0 17.68255166015625
275.0 30.09134931640625
276.0 33.34280751953125
277.0 31.63499931640625
278.0 9.513765625
279.0 54.55798916015625
280.0 29.03691474609375
281.0 31.55567373046875
282.0 16.37163154296875
283.0 35.92858515625
284.0 32.15217099609375
285.0 25.03331796875
286.0 21.9011818359375
287.0 34.707887109375
288.0 32.39440732421875
289.0 31.77928916015625
290.0 38.92050947265625
291.0 24.92990810546875
292.0 33.36029677734375
293.0 34.8494990234375
294.0 37.1485931640625
295.0 25.36455322265625
296.0 42.77107646484375
297.0 37.1467384765625
298.0 10.41973291015625
299.0 4.6727091796875
300.0 21.6761158203125
301.0 34.89722685546875
302.0 28.76712666015625
303.0 38.204088671875
304.0 33.17964521484375
305.0 38.3447998046875
306.0 37.6003951171875
307.0 35.40364599609375
308.0 34.24514775390625
309.0 37.1478158203125
310.0 36.88418017578125
311.0 41.8817314453125
312.0 29.0927927734375
313.0 29.48659716796875
314.0 39.230605859375
315.0 35.85103154296875
316.0 36.6913580078125
317.0 35.99845947265625
318.0 36.5712466796875
319.0 39.078103515625
320.0 35.3448900390625
321.0 34.7102859375
322.0 24.4462685546875
323.0 37.97156943359375
324.0 34.8563740234375
325.0 40.94953564453125
326.0 38.3178037109375
327.0 40.88925419921875
328.0 34.66374755859375
329.0 39.55918173828125
330.0 34.18827744140625
331.0 37.59456630859375
332.0 14.45425478515625
333.0 38.82299853515625
334.0 26.713986328125
335.0 36.350051953125
336.0 41.57625400390625
337.0 26.73016591796875
338.0 37.10819638671875
339.0 38.83965283203125
340.0 22.3374650390625
341.0 43.02758837890625
342.0 26.9735955078125
343.0 42.840907421875
344.0 37.278644140625
345.0 39.92712353515625
346.0 38.564505078125
347.0 27.1120224609375
348.0 23.20067568359375
349.0 25.81374541015625
350.0 17.44212626953125
351.0 41.26817587890625
352.0 39.7023333984375
353.0 37.2797181640625
354.0 33.0003462890625
355.0 29.68701806640625
356.0 34.7062001953125
357.0 38.153687890625
358.0 33.9521693359375
359.0 37.80324912109375
360.0 29.99432236328125
361.0 35.0903751953125
362.0 25.75786865234375
363.0 27.64371982421875
364.0 34.351814453125
365.0 30.157835546875
366.0 33.60716181640625
367.0 39.1753287109375
368.0 31.00472197265625
369.0 31.13510537109375
370.0 27.83761259765625
371.0 23.97466767578125
372.0 38.5562310546875
373.0 31.86400595703125
374.0 38.67309423828125
375.0 35.41767646484375
376.0 33.32225908203125
377.0 35.03960009765625
378.0 30.42738466796875
379.0 22.136498046875
380.0 42.53326142578125
381.0 31.690451171875
382.0 31.104016796875
383.0 29.37325205078125
384.0 30.1106716796875
385.0 31.1816205078125
386.0 32.474705078125
387.0 30.996436328125
388.0 29.55770263671875
389.0 32.34270546875
390.0 33.7843896484375
391.0 41.47042099609375
392.0 28.24133515625
393.0 31.769663671875
394.0 29.05349189453125
395.0 27.9450181640625
396.0 38.703304296875
397.0 37.5446814453125
398.0 35.00772431640625
399.0 33.95833662109375
400.0 32.167437109375
401.0 34.3587177734375
402.0 32.7716892578125
403.0 22.305735546875
404.0 35.549549609375
405.0 35.9680216796875
406.0 36.808595703125
407.0 27.7458705078125
408.0 41.39763994140625
409.0 38.38838447265625
410.0 40.82191357421875
411.0 34.23874404296875
412.0 37.865848046875
413.0 33.085037109375
414.0 37.8468109375
415.0 37.77670576171875
416.0 38.06094326171875
417.0 42.00952294921875
418.0 25.6440544921875
419.0 44.82690244140625
420.0 40.38705068359375
421.0 22.63875703125
422.0 21.82343671875
423.0 28.34153291015625
424.0 24.79083779296875
425.0 28.02355244140625
426.0 29.21839521484375
427.0 29.80432978515625
428.0 32.2725373046875
429.0 24.62330234375
430.0 28.6621927734375
431.0 21.440932421875
432.0 27.785761328125
433.0 21.36657548828125
434.0 22.18900830078125
435.0 21.3951810546875
436.0 23.231826171875
437.0 27.69227392578125
438.0 28.68943759765625
439.0 34.32751201171875
440.0 27.6761501953125
441.0 36.17394755859375
442.0 30.87305966796875
443.0 31.06271953125
444.0 34.2504328125
445.0 26.871590625
446.0 28.79072998046875
447.0 25.5405779296875
448.0 40.1396025390625
449.0 24.542271484375
450.0 27.27796650390625
451.0 23.3274705078125
452.0 38.5151658203125
453.0 19.062507421875
454.0 34.46929111328125
455.0 29.509690625
456.0 31.83426806640625
457.0 33.54681435546875
458.0 32.5494419921875
459.0 17.89325126953125
460.0 33.777187109375
461.0 18.3858681640625
462.0 43.002361328125
463.0 32.26469150390625
464.0 38.88236572265625
465.0 28.98278603515625
466.0 33.140920703125
467.0 39.31159150390625
468.0 32.4180171875
469.0 37.9042474609375
470.0 32.93723994140625
471.0 26.94578544921875
472.0 27.1514158203125
473.0 32.89071875
474.0 32.6656197265625
475.0 35.04329794921875
476.0 38.823070703125
477.0 23.49403193359375
478.0 28.96382705078125
479.0 29.07315322265625
480.0 31.81207587890625
481.0 33.30635126953125
482.0 33.5329359375
483.0 41.5543109375
484.0 36.0612318359375
485.0 33.27664921875
486.0 41.620305078125
487.0 29.72486865234375
488.0 28.74547353515625
489.0 35.055145703125
490.0 32.84687939453125
491.0 19.37495693359375
492.0 23.881914453125
493.0 21.781097265625
494.0 38.70878662109375
495.0 28.6729775390625
496.0 28.32808916015625
497.0 24.44626259765625
498.0 35.04124140625
499.0 16.9624478515625
500.0 8.17242431640625
501.0 35.16809248046875
502.0 38.21010478515625
503.0 34.47727939453125
504.0 26.8575880859375
505.0 38.881544921875
506.0 29.35065595703125
507.0 35.6384294921875
508.0 27.4494958984375
509.0 37.63540322265625
510.0 36.352144921875
511.0 35.70490439453125
512.0 29.990374609375
513.0 33.3172703125
514.0 25.18851259765625
515.0 22.37550341796875
516.0 28.7518232421875
517.0 23.7924990234375
518.0 4.1811947265625
519.0 5.13193984375
520.0 15.320886328125
521.0 5.735505078125
522.0 6.7883337890625
523.0 3.85851103515625
524.0 11.57580966796875
525.0 2.9957859375
526.0 10.36187666015625
527.0 8.82549208984375
528.0 3.34963818359375
529.0 41.54376943359375
530.0 4.60951826171875
531.0 5.11661904296875
532.0 5.7313177734375
533.0 15.24414853515625
534.0 28.7360603515625
535.0 30.6669517578125
536.0 26.196655859375
537.0 18.15261259765625
538.0 27.0451697265625
539.0 15.2337244140625
540.0 22.207715234375
541.0 19.8216345703125
542.0 16.0178349609375
543.0 4.13661982421875
544.0 8.03806083984375
545.0 11.6740640625
546.0 11.06962919921875
547.0 31.172496875
548.0 34.89972939453125
549.0 34.93612822265625
550.0 37.44769267578125
551.0 36.33045185546875
552.0 22.82274111328125
553.0 24.9649302734375
554.0 32.316189453125
555.0 24.34528837890625
556.0 41.25258896484375
557.0 39.3979927734375
558.0 35.25544716796875
559.0 37.08238544921875
560.0 37.4359259765625
561.0 37.6599005859375
562.0 22.6634626953125
563.0 50.4067228515625
564.0 33.058918359375
565.0 26.33629775390625
566.0 33.579946875
567.0 36.16744267578125
568.0 34.5872427734375
569.0 32.0824080078125
570.0 42.3038421875
571.0 35.07284892578125
572.0 35.4023841796875
573.0 39.43763984375
574.0 33.3735779296875
575.0 27.18012138671875
576.0 34.96773291015625
577.0 22.30675859375
578.0 36.21225205078125
579.0 17.8707787109375
580.0 22.0220068359375
581.0 25.6263490234375
582.0 21.84596123046875
583.0 27.51035234375
584.0 29.05706796875
585.0 34.46300966796875
586.0 36.36492294921875
587.0 27.7509310546875
588.0 24.25330146484375
589.0 32.12278408203125
590.0 33.99406083984375
591.0 33.23235869140625
592.0 38.926241015625
593.0 36.23574208984375
594.0 29.093669140625
595.0 21.86305078125
596.0 35.46741923828125
597.0 22.3912158203125
598.0 25.94609033203125
599.0 18.62437451171875
600.0 11.48467705078125
601.0 19.46356357421875
602.0 17.33013037109375
603.0 10.64927255859375
604.0 5.96255419921875
605.0 2.20389365234375
606.0 8.006761328125
607.0 8.65522158203125
608.0 11.651821875
609.0 6.6770513671875
610.0 11.444426171875
611.0 10.7845314453125
612.0 10.92042587890625
613.0 7.7948736328125
614.0 4.56829423828125
615.0 4.396916015625
616.0 4.77463212890625
617.0 11.05754638671875
618.0 17.16205458984375
619.0 11.80121669921875
620.0 21.27388115234375
621.0 26.91914208984375
622.0 19.636944921875
623.0 25.47109560546875
624.0 32.6239234375
625.0 26.281354296875
626.0 27.9257439453125
627.0 21.74385751953125
628.0 20.8883146484375
629.0 40.26632958984375
630.0 31.31058916015625
631.0 30.8729291015625
632.0 10.6705615234375
633.0 18.9724169921875
634.0 33.1106326171875
635.0 34.63292314453125
636.0 29.04416181640625
637.0 24.5883462890625
638.0 22.876940625
639.0 23.445094140625
640.0 20.94698271484375
641.0 27.321443359375
642.0 25.12248037109375
643.0 25.18374833984375
644.0 27.69285751953125
645.0 27.69295107421875
646.0 30.97641259765625
647.0 29.902684375
648.0 31.23020654296875
649.0 32.988980859375
650.0 41.384723828125
651.0 31.0289818359375
652.0 33.5406373046875
653.0 28.7633509765625
654.0 31.96274765625
655.0 26.9033443359375
656.0 27.08430712890625
657.0 28.563688671875
658.0 27.6477197265625
659.0 23.43612587890625
660.0 27.91011103515625
661.0 26.21186650390625
662.0 29.41159443359375
663.0 27.73003408203125
664.0 33.272719921875
665.0 38.345042578125
666.0 35.82375712890625
667.0 34.90695732421875
668.0 37.42163095703125
669.0 33.02007001953125
670.0 38.78600615234375
671.0 32.38889833984375
672.0 37.66109677734375
673.0 37.16013515625
674.0 25.113362890625
675.0 45.8624150390625
676.0 22.55449345703125
677.0 43.069466796875
678.0 28.6539888671875
679.0 15.72373369140625
680.0 34.81374208984375
681.0 34.3294375
682.0 32.79691630859375
683.0 36.67932734375
684.0 28.05811171875
685.0 30.59973974609375
686.0 32.48465419921875
687.0 37.62626396484375
688.0 28.18817568359375
689.0 29.9886966796875
690.0 34.5264791015625
691.0 24.2806826171875
692.0 36.20054453125
693.0 27.84759140625
694.0 36.96313779296875
695.0 35.35091455078125
696.0 27.35659443359375
697.0 34.00607568359375
698.0 37.744226171875
699.0 16.3733474609375
700.0 29.83522666015625
701.0 20.97407490234375
702.0 24.6253181640625
703.0 37.17414921875
704.0 29.0616681640625
705.0 37.09466435546875
706.0 34.2774646484375
707.0 41.2829314453125
708.0 33.251491796875
709.0 34.88964951171875
710.0 37.339390234375
711.0 28.8651642578125
712.0 43.4670953125
713.0 32.43606806640625
714.0 33.76392626953125
715.0 31.75441025390625
716.0 38.058326953125
717.0 19.6268970703125
718.0 34.97257470703125
719.0 31.62950205078125
720.0 35.8848072265625
721.0 37.452884375
722.0 37.724018359375
723.0 22.8761748046875
724.0 30.64351162109375
725.0 25.6614650390625
726.0 21.00815791015625
727.0 37.06985322265625
728.0 27.0539728515625
729.0 37.49782412109375
730.0 25.24884453125
731.0 28.56467265625
732.0 26.67435830078125
733.0 32.076371484375
734.0 41.2744955078125
735.0 39.8250208984375
736.0 26.874754296875
737.0 30.3116185546875
738.0 32.38834375
739.0 41.88250166015625
740.0 30.452128515625
741.0 38.76785205078125
742.0 30.60980244140625
743.0 43.54307861328125
744.0 39.3683869140625
745.0 27.32086806640625
746.0 48.12832265625
747.0 36.42699873046875
748.0 27.865678125
749.0 27.1231908203125
750.0 27.627583984375
751.0 22.3845685546875
752.0 43.7585638671875
753.0 23.9109916015625
754.0 30.0320435546875
755.0 44.1368181640625
756.0 29.8012951171875
757.0 41.99913759765625
758.0 32.3054802734375
759.0 28.6993291015625
760.0 33.164209375
761.0 32.27968154296875
762.0 32.88829228515625
763.0 37.9610056640625
764.0 30.22960625
765.0 20.3063390625
766.0 39.52677646484375
767.0 34.40549521484375
768.0 33.0278529296875
769.0 31.04151162109375
770.0 36.42312353515625
771.0 24.496829296875
772.0 45.134974609375
773.0 30.57601640625
774.0 25.56272294921875
775.0 22.5812513671875
776.0 42.81012333984375
777.0 27.7056544921875
778.0 33.04446162109375
779.0 35.18162490234375
780.0 30.13330400390625
781.0 33.61067744140625
782.0 38.36858134765625
783.0 35.41818271484375
784.0 22.47930849609375
785.0 45.0674515625
786.0 34.13313505859375
787.0 28.93861435546875
788.0 37.060810546875
789.0 24.0601140625
790.0 16.7253078125
791.0 19.21965224609375
792.0 17.16678671875
793.0 8.44838671875
794.0 3.257876171875
795.0 1.18683359375
796.0 3.98867109375
797.0 11.9653927734375
798.0 3.3343669921875
799.0 10.7060642578125
