0.0 27.87629443359375
1.0 25.27188037109375
2.0 26.942775
3.0 18.346121484375
4.0 33.803463671875
5.0 20.5584103515625
6.0 24.24862939453125
7.0 25.01420947265625
8.0 22.4086
9.0 27.47352919921875
10.0 24.61991513671875
11.0 14.94371630859375
12.0 22.61294169921875
13.0 24.3499
14.0 22.6961076171875
15.0 26.98365712890625
16.0 21.5691712890625
17.0 18.56403173828125
18.0 30.79884560546875
19.0 21.31060478515625
20.0 25.00688828125
21.0 27.33651435546875
22.0 24.0505990234375
23.0 27.421837890625
24.0 23.04462294921875
25.0 27.193398046875
26.0 20.1057642578125
27.0 27.60328232421875
28.0 24.9735880859375
29.0 26.98368251953125
30.0 24.62129443359375
31.0 26.43041572265625
32.0 20.16914716796875
33.0 27.78448837890625
34.0 28.0232447265625
35.0 25.3788498046875
36.0 25.46227158203125
37.0 18.87647724609375
38.0 22.2676654296875
39.0 19.91564873046875
40.0 26.51767490234375
41.0 24.71554658203125
42.0 27.1384353515625
43.0 25.50236708984375
44.0 22.548565234375
45.0 21.992430859375
46.0 23.92790986328125
47.0 24.93637734375
48.0 22.713916015625
49.0 26.852215625
50.0 22.16857880859375
51.0 24.10858974609375
52.0 19.0413798828125
53.0 20.15776748046875
54.0 26.99410185546875
55.0 20.22713251953125
56.0 22.01243779296875
57.0 21.59644443359375
58.0 23.24071904296875
59.0 23.4919619140625
60.0 23.56640732421875
61.0 26.7937833984375
62.0 19.382372265625
63.0 25.407630078125
64.0 22.80546650390625
65.0 16.9361791015625
66.0 18.8784091796875
67.0 21.8531966796875
68.0 16.27584384765625
69.0 23.6076111328125
70.0 20.45561953125
71.0 21.21737802734375
72.0 22.657951171875
73.0 23.9662078125
74.0 14.4666814453125
75.0 22.04046240234375
76.0 23.63249130859375
77.0 18.31612685546875
78.0 14.9180642578125
79.0 7.6400962890625
80.0 19.90798095703125
81.0 24.45682568359375
82.0 25.90709189453125
83.0 22.35759365234375
84.0 22.10568212890625
85.0 25.13412763671875
86.0 20.2167607421875
87.0 19.37333037109375
88.0 11.16825390625
89.0 17.99321162109375
90.0 20.93797529296875
91.0 20.16332109375
92.0 23.20107470703125
93.0 27.568291015625
94.0 19.32443486328125
95.0 23.90390654296875
96.0 25.63927197265625
97.0 26.6633287109375
98.0 22.67424931640625
99.0 25.9879798828125
100.0 20.1613916015625
101.0 25.866116015625
102.0 25.12080283203125
103.0 28.52831357421875
104.0 24.931526953125
105.0 24.3050828125
106.0 19.2572896484375
107.0 20.7502798828125
108.0 23.08842705078125
109.0 18.29353759765625
110.0 30.3807759765625
111.0 23.49479208984375
112.0 25.61527265625
113.0 26.79901064453125
114.0 27.51406953125
115.0 24.38526650390625
116.0 22.73149921875
117.0 23.63222236328125
118.0 26.7482830078125
119.0 23.6110466796875
120.0 26.4641271484375
121.0 23.82725693359375
122.0 26.00684580078125
123.0 24.5560578125
124.0 26.58282421875
125.0 24.175133203125
126.0 25.55480498046875
127.0 24.0557126953125
128.0 28.1910751953125
129.0 23.32130859375
130.0 18.0384783203125
131.0 24.23938115234375
132.0 23.88576640625
133.0 28.8464328125
134.0 22.7804486328125
135.0 28.37751904296875
136.0 26.181305078125
137.0 21.1933212890625
138.0 28.28476123046875
139.0 23.10067685546875
140.0 23.47964267578125
141.0 24.88358173828125
142.0 26.73340986328125
143.0 20.75740400390625
144.0 17.50078818359375
145.0 29.65982548828125
146.0 25.818852734375
147.0 25.66944501953125
148.0 22.22035234375
149.0 23.7108923828125
150.0 18.8555376953125
151.0 26.38816552734375
152.0 24.62225908203125
153.0 26.973723046875
154.0 23.87652421875
155.0 24.99575283203125
156.0 26.2974841796875
157.0 24.39466689453125
158.0 28.16142880859375
159.0 24.66001279296875
160.0 26.274222265625
161.0 23.544582421875
162.0 25.80094345703125
163.0 24.84356943359375
164.0 24.462730859375
165.0 23.73743759765625
166.0 27.390514453125
167.0 23.51945634765625
168.0 23.6738298828125
169.0 21.24374755859375
170.0 18.30682841796875
171.0 24.51329189453125
172.0 21.3246251953125
173.0 25.15065263671875
174.0 24.54262119140625
175.0 25.80675986328125
176.0 24.80768076171875
177.0 25.29788427734375
178.0 19.1232130859375
179.0 28.75818017578125
180.0 15.16767998046875
181.0 31.78752587890625
182.0 27.76263623046875
183.0 26.24957529296875
184.0 24.17131103515625
185.0 25.16716318359375
186.0 27.01702001953125
187.0 24.8816947265625
188.0 23.29417158203125
189.0 28.17625673828125
190.0 28.23899912109375
191.0 24.30597041015625
192.0 24.1534349609375
193.0 27.38128134765625
194.0 23.15530986328125
195.0 24.942698828125
196.0 19.41099287109375
197.0 21.96554609375
198.0 23.08155400390625
199.0 20.16489072265625
200.0 21.00821904296875
201.0 23.55476484375
202.0 21.955009765625
203.0 23.840801953125
204.0 22.68435703125
205.0 19.6549302734375
206.0 19.75128828125
207.0 14.184263671875
208.0 21.42647900390625
209.0 22.2094626953125
210.0 17.33656650390625
211.0 21.38077109375
212.0 18.33720439453125
213.0 16.7965607421875
214.0 21.22161904296875
215.0 22.4440474609375
216.0 19.77451357421875
217.0 24.4434095703125
218.0 21.9225662109375
219.0 24.22525009765625
220.0 19.80716533203125
221.0 22.445355078125
222.0 22.961784765625
223.0 17.82155390625
224.0 15.43572353515625
225.0 19.37843857421875
226.0 14.5445697265625
227.0 20.97377177734375
228.0 20.77262080078125
229.0 21.2051498046875
230.0 18.0984779296875
231.0 19.17573857421875
232.0 21.73269921875
233.0 14.50936220703125
234.0 19.08751318359375
235.0 15.914267578125
236.0 22.3571794921875
237.0 17.5413529296875
238.0 14.61397470703125
239.0 16.7429658203125
240.0 18.66138271484375
241.0 18.96921298828125
242.0 19.61602392578125
243.0 23.52562412109375
244.0 19.34935751953125
245.0 23.2064525390625
246.0 19.02298427734375
247.0 21.6615833984375
248.0 17.7065
249.0 17.7321548828125
250.0 23.9154166015625
251.0 14.49519736328125
252.0 18.997772265625
253.0 17.9983357421875
254.0 17.1363138671875
255.0 19.2218671875
256.0 21.9120703125
257.0 17.67724306640625
258.0 19.820894921875
259.0 20.461875390625
260.0 22.32100830078125
261.0 21.5784033203125
262.0 15.599841796875
263.0 16.61197373046875
264.0 15.85296669921875
265.0 31.04982783203125
266.0 18.84864453125
267.0 20.97000615234375
268.0 20.58273125
269.0 24.14306767578125
270.0 19.09216689453125
271.0 23.0743322265625
272.0 20.206019140625
273.0 19.40406025390625
274.0 23.8021287109375
275.0 17.521622265625
276.0 17.98803916015625
277.0 9.267191015625
278.0 36.032978515625
279.0 21.15783095703125
280.0 23.63163388671875
281.0 21.388836328125
282.0 22.4684072265625
283.0 23.262933203125
284.0 19.613999609375
285.0 23.25233037109375
286.0 22.35965009765625
287.0 22.67051435546875
288.0 7.93660390625
289.0 14.2583408203125
290.0 17.43206240234375
291.0 23.01313935546875
292.0 21.26616064453125
293.0 25.8918275390625
294.0 20.57521083984375
295.0 21.00906533203125
296.0 25.26435595703125
297.0 21.39504658203125
298.0 25.1000482421875
299.0 24.1460201171875
300.0 22.43737626953125
301.0 23.6242658203125
302.0 18.764665234375
303.0 20.75755927734375
304.0 23.46471943359375
305.0 22.549625
306.0 23.3498423828125
307.0 26.00213203125
308.0 25.2460453125
309.0 17.728233203125
310.0 28.90958154296875
311.0 22.18321357421875
312.0 23.85490419921875
313.0 21.549116015625
314.0 25.64978515625
315.0 18.9258880859375
316.0 28.9665876953125
317.0 24.00455205078125
318.0 25.456076953125
319.0 21.24269921875
320.0 27.30179326171875
321.0 26.57774140625
322.0 23.77660419921875
323.0 26.76534140625
324.0 23.86340283203125
325.0 27.00599619140625
326.0 23.7127380859375
327.0 26.823648046875
328.0 23.69877001953125
329.0 26.6768328125
330.0 24.407448828125
331.0 26.785294921875
332.0 23.8609025390625
333.0 25.11231708984375
334.0 22.85515634765625
335.0 25.17852861328125
336.0 22.108673046875
337.0 20.28473427734375
338.0 25.52726474609375
339.0 22.6641044921875
340.0 23.25297802734375
341.0 26.49905341796875
342.0 19.6717412109375
343.0 25.6248236328125
344.0 22.6601201171875
345.0 25.46770791015625
346.0 22.3194625
347.0 21.59347666015625
348.0 25.05263173828125
349.0 22.2340451171875
350.0 24.11546591796875
351.0 24.28857470703125
352.0 20.02595712890625
353.0 25.057983984375
354.0 23.1618982421875
355.0 24.65788740234375
356.0 20.90278017578125
357.0 24.58229091796875
358.0 22.75648818359375
359.0 15.17423037109375
360.0 19.95403486328125
361.0 13.32089892578125
362.0 17.3032384765625
363.0 23.16554140625
364.0 18.3270181640625
365.0 21.818483203125
366.0 21.06245625
367.0 13.37698837890625
368.0 8.3524919921875
369.0 6.66985302734375
370.0 9.7532279296875
371.0 15.6686529296875
372.0 18.1638998046875
373.0 15.95550078125
374.0 13.9667595703125
375.0 16.57950205078125
376.0 15.6832171875
377.0 19.80213671875
378.0 18.5317580078125
379.0 19.78931767578125
380.0 18.19017421875
381.0 20.45750078125
382.0 19.9938966796875
383.0 16.9578310546875
384.0 16.44444853515625
385.0 19.30086953125
386.0 17.45864482421875
387.0 20.289521875
388.0 20.69854013671875
389.0 20.51424677734375
390.0 16.51757158203125
391.0 10.73454541015625
392.0 24.89190078125
393.0 16.57977060546875
394.0 13.75183447265625
395.0 17.5782091796875
396.0 16.53867998046875
397.0 13.0532623046875
398.0 21.59426806640625
399.0 21.5540978515625
400.0 12.965230078125
401.0 19.42013955078125
402.0 25.16599951171875
403.0 12.63854521484375
404.0 16.68904453125
405.0 21.66473759765625
406.0 21.9544265625
407.0 22.2863474609375
408.0 18.716725
409.0 20.79387001953125
410.0 18.157489453125
411.0 24.47502763671875
412.0 22.39330458984375
413.0 16.96276171875
414.0 22.676905859375
415.0 18.4170017578125
416.0 18.082698828125
417.0 19.62761201171875
418.0 23.544459765625
419.0 22.86508818359375
420.0 20.05948642578125
421.0 25.3921818359375
422.0 18.34989931640625
423.0 24.38834443359375
424.0 21.12057998046875
425.0 22.7563583984375
426.0 23.89124091796875
427.0 20.005145703125
428.0 24.24233046875
429.0 21.9180283203125
430.0 23.30427197265625
431.0 22.959416796875
432.0 25.37309345703125
433.0 22.01884052734375
434.0 13.19522802734375
435.0 22.70379208984375
436.0 20.69952724609375
437.0 21.4896296875
438.0 23.8762921875
439.0 20.586677734375
440.0 23.384770703125
441.0 20.40119462890625
442.0 15.51736279296875
443.0 18.13236748046875
444.0 7.71170654296875
445.0 11.1612025390625
446.0 16.5465423828125
447.0 16.69044990234375
448.0 15.82811806640625
449.0 19.09220322265625
450.0 16.8385181640625
451.0 24.09603857421875
452.0 19.19124609375
453.0 17.315783984375
454.0 14.4481552734375
455.0 14.15858603515625
456.0 22.0904021484375
457.0 21.65488583984375
458.0 24.72442734375
459.0 21.97887119140625
460.0 21.3369654296875
461.0 22.2916091796875
462.0 12.97122919921875
463.0 21.99853896484375
464.0 21.6245638671875
465.0 24.2173890625
466.0 21.9692703125
467.0 22.25378447265625
468.0 23.89192626953125
469.0 20.69272685546875
470.0 25.0465890625
471.0 23.164307421875
472.0 19.99934443359375
473.0 19.686367578125
474.0 21.80096474609375
475.0 16.90251787109375
476.0 26.48188466796875
477.0 27.103057421875
478.0 21.90849560546875
479.0 25.9231884765625
480.0 23.4655783203125
481.0 20.33501591796875
482.0 22.351519921875
483.0 21.07865185546875
484.0 20.77344228515625
485.0 25.86286982421875
486.0 22.42836904296875
487.0 25.1662634765625
488.0 19.24714619140625
489.0 22.24441171875
490.0 20.30584443359375
491.0 23.125980078125
492.0 18.694619140625
493.0 20.35688740234375
494.0 20.83716162109375
495.0 20.670294140625
496.0 24.27095595703125
497.0 21.834448828125
498.0 20.42211328125
499.0 23.670334375
500.0 21.1117423828125
501.0 19.0920515625
502.0 18.847660546875
503.0 26.35484453125
504.0 19.71744248046875
505.0 23.55246181640625
506.0 22.3553078125
507.0 0.0
508.0 0.0
509.0 43.71437373046875
510.0 22.05745576171875
511.0 25.22213486328125
512.0 20.53066337890625
513.0 24.4626748046875
514.0 24.69124375
515.0 21.195366796875
516.0 24.73718779296875
517.0 21.7311392578125
518.0 24.55884580078125
519.0 22.48766875
520.0 22.19443330078125
521.0 24.60062646484375
522.0 23.66243310546875
523.0 22.2387591796875
524.0 23.4283716796875
525.0 18.79771240234375
526.0 16.98278369140625
527.0 22.89339296875
528.0 24.09475390625
529.0 19.48656357421875
530.0 21.28205244140625
531.0 20.70973017578125
532.0 22.6426447265625
533.0 23.9580390625
534.0 21.53273369140625
535.0 24.59797353515625
536.0 21.12352705078125
537.0 20.4842966796875
538.0 17.2820982421875
539.0 22.43124169921875
540.0 20.8999162109375
541.0 12.18166943359375
542.0 20.20744951171875
543.0 14.6992244140625
544.0 20.0143052734375
545.0 19.0275931640625
546.0 19.53285400390625
547.0 22.14136455078125
548.0 17.45831962890625
549.0 14.63792509765625
550.0 20.8900701171875
551.0 20.75198056640625
552.0 20.94778125
553.0 16.89340009765625
554.0 13.6450791015625
555.0 14.478827734375
556.0 20.24597578125
557.0 19.81960947265625
558.0 15.994083203125
559.0 18.3869080078125
560.0 21.40408134765625
561.0 14.92271396484375
562.0 20.94627939453125
563.0 19.77246865234375
564.0 21.9775572265625
565.0 17.50305078125
566.0 19.00038251953125
567.0 19.1634681640625
568.0 19.64944521484375
569.0 23.44061513671875
570.0 20.07354140625
571.0 21.7754857421875
572.0 16.87761962890625
573.0 19.3916091796875
574.0 18.99531982421875
575.0 28.20428671875
576.0 23.13286181640625
577.0 18.8224640625
578.0 20.983942578125
579.0 18.873857421875
580.0 23.10288876953125
581.0 21.29058876953125
582.0 18.90049267578125
583.0 15.35054111328125
584.0 14.1502041015625
585.0 7.58120517578125
586.0 13.606792578125
587.0 12.01635087890625
588.0 9.60944306640625
589.0 7.71551171875
590.0 12.19059814453125
591.0 10.92139716796875
592.0 10.98624541015625
593.0 5.668237890625
594.0 9.607950390625
595.0 12.005594921875
596.0 9.83950361328125
597.0 10.75251435546875
598.0 4.7419091796875
599.0 9.07307744140625
600.0 11.28336904296875
601.0 10.31023876953125
602.0 10.43347060546875
603.0 11.3795025390625
604.0 11.32409736328125
605.0 11.34765869140625
606.0 10.56344296875
607.0 11.84292607421875
608.0 11.71261689453125
609.0 11.83463251953125
610.0 12.229584375
611.0 10.32100908203125
612.0 11.647648046875
613.0 10.88341943359375
614.0 10.993138671875
615.0 10.1029583984375
616.0 11.96254931640625
617.0 19.20578876953125
618.0 16.65691953125
619.0 16.68424814453125
620.0 23.6893328125
621.0 19.37257734375
622.0 21.365094921875
623.0 21.78545205078125
624.0 15.78302451171875
625.0 22.89249248046875
626.0 19.49701904296875
627.0 17.9831732421875
628.0 18.78119912109375
629.0 16.08514892578125
630.0 18.71393037109375
631.0 20.96537275390625
632.0 15.62113095703125
633.0 22.65914248046875
634.0 19.951585546875
635.0 12.377966015625
636.0 14.11977626953125
637.0 16.12177109375
638.0 15.29381826171875
639.0 20.985023828125
640.0 11.4825931640625
641.0 12.62093583984375
642.0 13.33219404296875
643.0 15.290838671875
644.0 13.99710185546875
645.0 13.195183203125
646.0 14.385972265625
647.0 17.56416103515625
648.0 12.25787958984375
649.0 0.0
650.0 0.0
651.0 28.42959658203125
652.0 12.08338095703125
653.0 12.72348662109375
654.0 20.4059208984375
655.0 19.29180419921875
656.0 18.6635599609375
657.0 20.92941015625
658.0 22.21569775390625
659.0 19.7474623046875
660.0 21.729861328125
661.0 20.48893037109375
662.0 23.19505458984375
663.0 23.6284205078125
664.0 19.5992185546875
665.0 15.43971728515625
666.0 12.1200146484375
667.0 16.79854169921875
668.0 14.5762427734375
669.0 22.95759990234375
670.0 20.02325908203125
671.0 20.7457265625
672.0 24.02792939453125
673.0 23.92622255859375
674.0 21.71736533203125
675.0 24.11037568359375
676.0 19.48242646484375
677.0 23.58860439453125
678.0 18.39821796875
679.0 13.34739833984375
680.0 13.25642861328125
681.0 11.72142734375
682.0 19.01004853515625
683.0 21.403038671875
684.0 23.8432185546875
685.0 24.7191791015625
686.0 21.89651953125
687.0 23.8022287109375
688.0 23.5861134765625
689.0 22.22606083984375
690.0 19.30748720703125
691.0 27.00608349609375
692.0 24.1194150390625
693.0 20.86548427734375
694.0 21.36536669921875
695.0 23.8237095703125
696.0 19.88863271484375
697.0 24.00876943359375
698.0 19.56936416015625
699.0 21.4121380859375
700.0 23.30834296875
701.0 16.5867130859375
702.0 21.49298251953125
703.0 22.181173828125
704.0 19.1045615234375
705.0 16.38207841796875
706.0 22.05751435546875
707.0 17.03950078125
708.0 14.43275556640625
709.0 23.2932177734375
710.0 23.29830771484375
711.0 17.77587763671875
712.0 22.18577568359375
713.0 19.68692109375
714.0 17.27388984375
715.0 19.0547783203125
716.0 17.22509267578125
717.0 18.91278173828125
718.0 15.75840244140625
719.0 22.9293123046875
720.0 15.73752099609375
721.0 16.2563958984375
722.0 15.85878857421875
723.0 17.02817734375
724.0 19.579892578125
725.0 21.79051943359375
726.0 17.7714708984375
727.0 13.276330859375
728.0 13.97576396484375
729.0 13.79344609375
730.0 15.7654251953125
731.0 13.4771287109375
732.0 12.1323404296875
733.0 15.50767021484375
734.0 22.65893525390625
735.0 19.707986328125
736.0 19.298241015625
737.0 21.6182359375
738.0 22.01587060546875
739.0 20.56165751953125
740.0 20.35094384765625
741.0 15.248740234375
742.0 20.69649921875
743.0 20.78435751953125
744.0 22.69751064453125
745.0 15.2860130859375
746.0 20.61846650390625
747.0 20.7278837890625
748.0 23.53767666015625
749.0 19.8138630859375
750.0 22.47580888671875
751.0 22.63476767578125
752.0 21.58267392578125
753.0 22.43783349609375
754.0 17.658668359375
755.0 23.84107275390625
756.0 22.01473701171875
757.0 19.47367158203125
758.0 22.68123056640625
759.0 20.613680078125
760.0 19.44862802734375
761.0 19.461525390625
762.0 22.25145283203125
763.0 24.8674490234375
764.0 17.85370859375
765.0 15.018005078125
766.0 14.6284080078125
767.0 15.56288359375
768.0 19.14828408203125
769.0 20.53184345703125
770.0 21.46759912109375
771.0 18.97119365234375
772.0 14.96309736328125
773.0 19.17674052734375
774.0 22.698538671875
775.0 19.914973046875
776.0 17.4990724609375
777.0 17.6017876953125
778.0 15.65460546875
779.0 16.68422548828125
780.0 24.43719423828125
781.0 22.59618779296875
782.0 17.04035302734375
783.0 21.60603203125
784.0 17.35429765625
785.0 17.25992001953125
786.0 12.84364169921875
787.0 27.51760244140625
788.0 19.56689951171875
789.0 19.8118173828125
790.0 21.90043359375
791.0 22.0105576171875
792.0 24.37739091796875
793.0 18.37447529296875
794.0 16.3483359375
795.0 25.1262935546875
796.0 22.9237681640625
797.0 15.29695693359375
798.0 23.96627939453125
799.0 24.62692841796875
