0.0 14.8874482421875
1.0 16.991646875
2.0 16.1949822265625
3.0 14.62904697265625
4.0 13.00818623046875
5.0 19.8703716796875
6.0 14.899058984375
7.0 16.15352880859375
8.0 16.86976484375
9.0 11.09210458984375
10.0 20.78572890625
11.0 15.25518798828125
12.0 18.49774375
13.0 15.09820126953125
14.0 17.10245791015625
15.0 17.16003271484375
16.0 15.7223626953125
17.0 17.41856943359375
18.0 17.20850859375
19.0 15.82153193359375
20.0 17.19545595703125
21.0 15.55987109375
22.0 17.07202236328125
23.0 15.77496220703125
24.0 17.74161328125
25.0 15.259440234375
26.0 16.6491904296875
27.0 13.7476525390625
28.0 17.7949609375
29.0 17.18959091796875
30.0 15.01557294921875
31.0 16.7578400390625
32.0 16.60693896484375
33.0 16.86596552734375
34.0 14.79550458984375
35.0 16.26190517578125
36.0 15.01176337890625
37.0 16.944195703125
38.0 15.408094921875
39.0 16.3314248046875
40.0 16.71478017578125
41.0 17.08889423828125
42.0 16.00065703125
43.0 17.003133984375
44.0 15.67707060546875
45.0 17.2846138671875
46.0 15.6224693359375
47.0 14.2606677734375
48.0 15.3557912109375
49.0 17.5422775390625
50.0 16.5574650390625
51.0 16.7783986328125
52.0 14.7106798828125
53.0 16.6274306640625
54.0 17.1271787109375
55.0 15.79235107421875
56.0 16.97208447265625
57.0 16.8524275390625
58.0 15.3525826171875
59.0 15.45958583984375
60.0 16.7573904296875
61.0 15.2152267578125
62.0 10.7395478515625
63.0 18.3196060546875
64.0 20.09761611328125
65.0 15.0925982421875
66.0 16.43507939453125
67.0 16.300290625
68.0 14.2977587890625
69.0 16.563653515625
70.0 15.554340625
71.0 16.42842041015625
72.0 14.76705146484375
73.0 16.25054150390625
74.0 16.22850595703125
75.0 11.18140166015625
76.0 19.5113107421875
77.0 15.8522326171875
78.0 14.18820849609375
79.0 16.61792470703125
80.0 16.25456962890625
81.0 14.80681240234375
82.0 16.57898759765625
83.0 16.54019619140625
84.0 14.2991216796875
85.0 16.04330400390625
86.0 15.7849244140625
87.0 13.63331806640625
88.0 16.13757138671875
89.0 16.33134033203125
90.0 16.3413927734375
91.0 14.85075380859375
92.0 15.62739091796875
93.0 16.14001357421875
94.0 14.50976181640625
95.0 15.52159970703125
96.0 14.55851865234375
97.0 12.95517705078125
98.0 14.32367548828125
99.0 10.85689599609375
100.0 20.178469140625
101.0 15.11802666015625
102.0 13.006671484375
103.0 14.13864130859375
104.0 15.3755884765625
105.0 13.1579521484375
106.0 14.97331279296875
107.0 14.8092681640625
108.0 12.9476900390625
109.0 15.97808955078125
110.0 16.12748134765625
111.0 14.07295029296875
112.0 15.9164408203125
113.0 13.4985900390625
114.0 15.56579296875
115.0 14.172037109375
116.0 15.90236396484375
117.0 15.480798828125
118.0 14.57285791015625
119.0 15.88174208984375
120.0 15.74669375
121.0 14.321293359375
122.0 15.68916748046875
123.0 13.508547265625
124.0 13.64096494140625
125.0 14.5699951171875
126.0 16.17523759765625
127.0 14.52597001953125
128.0 14.2371583984375
129.0 13.694937109375
130.0 14.4054123046875
131.0 15.72159697265625
132.0 12.1138125
133.0 13.7239404296875
134.0 15.64482705078125
135.0 16.23924443359375
136.0 12.42135732421875
137.0 14.027040625
138.0 14.427189453125
139.0 15.07302294921875
140.0 15.8939048828125
141.0 14.53675458984375
142.0 16.3408224609375
143.0 16.25876826171875
144.0 14.676653125
145.0 15.5589240234375
146.0 16.37054912109375
147.0 14.80950654296875
148.0 15.020096875
149.0 16.61922275390625
150.0 14.62265068359375
151.0 15.77758203125
152.0 16.06994970703125
153.0 12.564770703125
154.0 16.94733994140625
155.0 16.74826611328125
156.0 15.3542482421875
157.0 14.65726923828125
158.0 14.82787919921875
159.0 17.0479328125
160.0 16.06574443359375
161.0 14.77088046875
162.0 16.04050498046875
163.0 14.03547158203125
164.0 15.64515576171875
165.0 14.50973740234375
166.0 14.722583203125
167.0 16.89894931640625
168.0 14.140191015625
169.0 16.45104443359375
170.0 14.89289150390625
171.0 16.395062109375
172.0 15.13000458984375
173.0 14.824823046875
174.0 16.03130966796875
175.0 16.3060880859375
176.0 14.654598828125
177.0 15.55797724609375
178.0 15.5859826171875
179.0 14.59116552734375
180.0 15.70663154296875
181.0 16.1115830078125
182.0 14.7725267578125
183.0 15.51479560546875
184.0 14.54189130859375
185.0 16.25964091796875
186.0 15.826764453125
187.0 16.85632705078125
188.0 14.67652236328125
189.0 16.0616916015625
190.0 16.3977009765625
191.0 14.850292578125
192.0 16.3770779296875
193.0 14.65830498046875
194.0 11.00071787109375
195.0 18.2446130859375
196.0 15.48614140625
197.0 16.460258203125
198.0 15.16654736328125
199.0 13.01568681640625
200.0 18.4159162109375
201.0 14.2054
202.0 16.23857431640625
203.0 16.589618359375
204.0 14.68375693359375
205.0 15.5861771484375
206.0 15.9376373046875
207.0 14.45260263671875
208.0 16.33678203125
209.0 16.293637890625
210.0 14.990488671875
211.0 14.35205869140625
212.0 16.28841845703125
213.0 16.205571875
214.0 14.099271875
215.0 16.13311728515625
216.0 15.7678267578125
217.0 13.81723984375
218.0 11.5236662109375
219.0 17.2215203125
220.0 15.4132708984375
221.0 15.25567431640625
222.0 14.697273828125
223.0 15.9767099609375
224.0 16.7222552734375
225.0 13.944510546875
226.0 15.3782330078125
227.0 15.006880078125
228.0 14.59202861328125
229.0 16.4662205078125
230.0 16.07386552734375
231.0 16.036817578125
232.0 13.7352703125
233.0 16.35983212890625
234.0 15.06697490234375
235.0 14.4168591796875
236.0 15.59766708984375
237.0 15.186551171875
238.0 14.75139560546875
239.0 15.3369591796875
240.0 14.3755099609375
241.0 15.85880615234375
242.0 13.63122216796875
243.0 11.00134453125
244.0 18.11733486328125
245.0 14.20766025390625
246.0 15.66755537109375
247.0 13.418870703125
248.0 13.2467517578125
249.0 16.18142294921875
250.0 15.7076072265625
251.0 15.09596826171875
252.0 14.94615400390625
253.0 14.34920830078125
254.0 15.16547353515625
255.0 14.74630927734375
256.0 15.99759296875
257.0 13.12413564453125
258.0 13.4481513671875
259.0 15.84616494140625
260.0 13.61961787109375
261.0 16.00618271484375
262.0 14.603874609375
263.0 12.4139244140625
264.0 14.06181162109375
265.0 15.82242666015625
266.0 15.54053466796875
267.0 16.40599033203125
268.0 14.53274306640625
269.0 16.18422841796875
270.0 16.864792578125
271.0 10.01185498046875
272.0 20.5344720703125
273.0 14.486934765625
274.0 16.4981552734375
275.0 16.55352529296875
276.0 10.32000947265625
277.0 20.726817578125
278.0 15.89657392578125
279.0 14.37527119140625
280.0 16.4775708984375
281.0 13.6952794921875
282.0 12.41026513671875
283.0 11.948237890625
284.0 14.77526845703125
285.0 11.15459267578125
286.0 20.8603970703125
287.0 14.52893349609375
288.0 16.24345009765625
289.0 15.72891123046875
290.0 13.71051611328125
291.0 17.9214904296875
292.0 16.454245703125
293.0 14.9329904296875
294.0 15.92495537109375
295.0 16.0174587890625
296.0 15.15061318359375
297.0 14.63195
298.0 16.55967958984375
299.0 16.7562328125
300.0 14.070040234375
301.0 16.4748349609375
302.0 11.00354541015625
303.0 19.18039931640625
304.0 16.139939453125
305.0 14.97860380859375
306.0 15.604688671875
307.0 16.06478955078125
308.0 16.457422265625
309.0 14.334032421875
310.0 16.22389384765625
311.0 16.167377734375
312.0 13.696380859375
313.0 15.52879853515625
314.0 14.7394974609375
315.0 16.29480849609375
316.0 16.64022880859375
317.0 15.052746875
318.0 15.853530078125
319.0 14.60988212890625
320.0 16.17911904296875
321.0 16.2673068359375
322.0 14.78623232421875
323.0 16.39828828125
324.0 14.717321875
325.0 14.88894453125
326.0 15.6312634765625
327.0 15.74844423828125
328.0 14.83311103515625
329.0 16.1815876953125
330.0 15.78067412109375
331.0 16.16041884765625
332.0 12.5210728515625
333.0 15.7263291015625
334.0 15.47844052734375
335.0 14.77126748046875
336.0 13.3347580078125
337.0 14.9117890625
338.0 16.04649560546875
339.0 14.14911318359375
340.0 16.18758486328125
341.0 15.3666583984375
342.0 14.51139609375
343.0 14.80390302734375
344.0 15.024470703125
345.0 11.93053857421875
346.0 0.0
347.0 0.0
348.0 35.63150107421875
349.0 16.27087080078125
350.0 14.4054720703125
351.0 16.23278349609375
352.0 16.25856923828125
353.0 16.905801171875
354.0 14.2801982421875
355.0 14.99272587890625
356.0 16.35656572265625
357.0 15.4180439453125
358.0 14.268337890625
359.0 16.05927822265625
360.0 15.31525732421875
361.0 14.3755578125
362.0 14.691977734375
363.0 12.6854828125
364.0 17.017274609375
365.0 14.58515517578125
366.0 16.880841015625
367.0 16.53766044921875
368.0 14.597781640625
369.0 16.25688876953125
370.0 16.33879443359375
371.0 14.85340859375
372.0 16.72975419921875
373.0 14.66977392578125
374.0 14.9300416015625
375.0 15.90546103515625
376.0 11.478544921875
377.0 20.15460966796875
378.0 14.39365927734375
379.0 15.6952314453125
380.0 14.519903125
381.0 16.63910537109375
382.0 16.9601783203125
383.0 14.6578177734375
384.0 13.42591669921875
385.0 16.74330703125
386.0 15.93453544921875
387.0 14.48297353515625
388.0 16.34495517578125
389.0 16.05190908203125
390.0 14.3669302734375
391.0 16.58791953125
392.0 16.7267296875
393.0 14.6964251953125
394.0 16.620265234375
395.0 12.98455693359375
396.0 18.677001171875
397.0 16.3106060546875
398.0 16.09435341796875
399.0 15.2353521484375
400.0 15.9558015625
401.0 16.8759240234375
402.0 13.88944013671875
403.0 16.08867705078125
404.0 16.68709365234375
405.0 15.08089501953125
406.0 16.93907314453125
407.0 16.41846943359375
408.0 15.217725
409.0 16.45382392578125
410.0 16.58931533203125
411.0 15.05328134765625
412.0 15.937351171875
413.0 16.549935546875
414.0 15.57267001953125
415.0 16.34926484375
416.0 16.72380498046875
417.0 14.26282861328125
418.0 16.736787890625
419.0 16.44449951171875
420.0 14.66295947265625
421.0 16.51842783203125
422.0 16.4680052734375
423.0 15.202211328125
424.0 17.45893642578125
425.0 11.29347158203125
426.0 20.05140966796875
427.0 14.8688080078125
428.0 15.96886875
429.0 16.28116005859375
430.0 15.7069421875
431.0 14.87963310546875
432.0 16.07657236328125
433.0 16.79631162109375
434.0 14.39820166015625
435.0 16.819830859375
436.0 16.08098017578125
437.0 15.1353037109375
438.0 16.543923046875
439.0 16.336069921875
440.0 11.16097529296875
441.0 19.34810380859375
442.0 16.77589248046875
443.0 16.29944599609375
444.0 14.8178267578125
445.0 16.56301455078125
446.0 16.78345703125
447.0 14.7299060546875
448.0 16.3770986328125
449.0 15.71439052734375
450.0 14.40178798828125
451.0 16.29987998046875
452.0 16.40013642578125
453.0 14.84351611328125
454.0 16.18537587890625
455.0 15.668558984375
456.0 15.4451060546875
457.0 12.1710482421875
458.0 14.45696337890625
459.0 15.87775380859375
460.0 13.08048203125
461.0 15.92081328125
462.0 15.632469140625
463.0 14.58387880859375
464.0 15.95394990234375
465.0 16.190907421875
466.0 14.5041390625
467.0 16.61049208984375
468.0 16.127191796875
469.0 11.601175
470.0 18.8155716796875
471.0 16.5166896484375
472.0 16.353890234375
473.0 14.60521865234375
474.0 15.179627734375
475.0 16.4421328125
476.0 16.30083232421875
477.0 14.235549609375
478.0 16.026626953125
479.0 15.59294111328125
480.0 14.917736328125
481.0 15.6483595703125
482.0 16.6548453125
483.0 15.094665234375
484.0 16.08392802734375
485.0 16.09195029296875
486.0 14.39679140625
487.0 15.7574986328125
488.0 15.44468046875
489.0 15.69182314453125
490.0 14.17006953125
491.0 11.8664494140625
492.0 13.746368359375
493.0 20.97521044921875
494.0 16.2248724609375
495.0 14.46847666015625
496.0 16.2767162109375
497.0 16.9952994140625
498.0 14.33902080078125
499.0 16.0184791015625
500.0 16.7384130859375
501.0 14.60743818359375
502.0 16.99354482421875
503.0 12.9201287109375
504.0 18.12026884765625
505.0 14.2312748046875
506.0 15.8279365234375
507.0 15.3183443359375
508.0 10.8151435546875
509.0 19.17795244140625
510.0 15.8507109375
511.0 15.88141142578125
512.0 16.1496294921875
513.0 15.05264775390625
514.0 16.68321748046875
515.0 16.26040703125
516.0 15.32116484375
517.0 16.43446884765625
518.0 15.5966
519.0 15.3652974609375
520.0 14.3670853515625
521.0 16.06128818359375
522.0 16.1887876953125
523.0 14.59961689453125
524.0 11.29482265625
525.0 13.99524306640625
526.0 16.56432451171875
527.0 14.81146767578125
528.0 13.41381337890625
529.0 14.62511689453125
530.0 16.67666826171875
531.0 15.29210234375
532.0 14.9285890625
533.0 14.94518154296875
534.0 16.190932421875
535.0 15.19155263671875
536.0 16.6461998046875
537.0 14.474421875
538.0 16.55777099609375
539.0 16.37306591796875
540.0 16.55859375
541.0 15.22823505859375
542.0 16.85691474609375
543.0 16.46520205078125
544.0 14.70732333984375
545.0 15.8342353515625
546.0 13.7370462890625
547.0 14.40778056640625
548.0 16.17089111328125
549.0 15.99480029296875
550.0 15.93794423828125
551.0 14.35727744140625
552.0 16.4005220703125
553.0 16.21633896484375
554.0 14.75344609375
555.0 16.58558671875
556.0 16.10264345703125
557.0 14.86013515625
558.0 16.70085703125
559.0 16.15348662109375
560.0 14.16622470703125
561.0 16.86757080078125
562.0 16.4272505859375
563.0 13.083184765625
564.0 16.28593017578125
565.0 12.33845244140625
566.0 18.6883251953125
567.0 14.64511025390625
568.0 16.28770537109375
569.0 15.07568212890625
570.0 14.43620341796875
571.0 16.5536919921875
572.0 14.3191794921875
573.0 16.0103263671875
574.0 14.36497548828125
575.0 14.29589833984375
576.0 16.6035060546875
577.0 14.09756962890625
578.0 15.76972197265625
579.0 13.45470068359375
580.0 14.3271625
581.0 15.3156986328125
582.0 14.6241837890625
583.0 13.9720509765625
584.0 14.60872373046875
585.0 13.9898953125
586.0 16.12971162109375
587.0 16.10113408203125
588.0 15.11732763671875
589.0 12.99876240234375
590.0 14.5383044921875
591.0 16.01891591796875
592.0 14.972690234375
593.0 16.52802236328125
594.0 14.7323748046875
595.0 13.20401455078125
596.0 16.56964970703125
597.0 16.4052955078125
598.0 14.6748478515625
599.0 13.2059576171875
600.0 19.350726953125
601.0 14.78121943359375
602.0 15.95133056640625
603.0 15.44006572265625
604.0 14.94535634765625
605.0 16.71951748046875
606.0 15.88202138671875
607.0 6.26318037109375
608.0 0.2018849609375
609.0 40.5762427734375
610.0 14.83395771484375
611.0 16.652901953125
612.0 16.29816484375
613.0 12.0336607421875
614.0 19.11351240234375
615.0 16.146836328125
616.0 16.11047705078125
617.0 14.81457041015625
618.0 12.04768935546875
619.0 17.48187109375
620.0 15.962678515625
621.0 16.14303779296875
622.0 14.72296572265625
623.0 16.4484087890625
624.0 16.72098408203125
625.0 16.34251796875
626.0 11.1929228515625
627.0 19.86738896484375
628.0 15.80441728515625
629.0 14.530016796875
630.0 14.90091474609375
631.0 15.29717470703125
632.0 13.70566689453125
633.0 16.73944111328125
634.0 14.40847685546875
635.0 15.0498025390625
636.0 15.51818330078125
637.0 15.431861328125
638.0 14.8966369140625
639.0 16.50170810546875
640.0 15.22041328125
641.0 16.84268125
642.0 16.4835431640625
643.0 14.45774306640625
644.0 14.8616283203125
645.0 16.37376025390625
646.0 16.13523837890625
647.0 14.5827521484375
648.0 13.38906640625
649.0 17.996122265625
650.0 16.7710095703125
651.0 16.60448896484375
652.0 14.450424609375
653.0 16.994699609375
654.0 14.35861494140625
655.0 15.13967978515625
656.0 16.5415046875
657.0 14.339121875
658.0 14.47803076171875
659.0 14.30715888671875
660.0 16.39438603515625
661.0 16.33171123046875
662.0 14.665541015625
663.0 17.50521943359375
664.0 14.51650673828125
665.0 15.73317275390625
666.0 16.51214072265625
667.0 15.5113662109375
668.0 14.45724287109375
669.0 14.574257421875
670.0 13.08841865234375
671.0 15.04010146484375
672.0 15.7329236328125
673.0 11.4971703125
674.0 20.733166796875
675.0 15.8100271484375
676.0 14.61704189453125
677.0 16.35964775390625
678.0 13.1709166015625
679.0 14.13149208984375
680.0 13.9797115234375
681.0 14.569131640625
682.0 16.4009849609375
683.0 15.882528515625
684.0 14.65696162109375
685.0 15.58922119140625
686.0 12.90330048828125
687.0 17.8303060546875
688.0 13.98550390625
689.0 12.96988037109375
690.0 15.43069873046875
691.0 16.34235341796875
692.0 15.06615234375
693.0 16.32589833984375
694.0 13.73993515625
695.0 11.69638310546875
696.0 15.5902109375
697.0 14.30074208984375
698.0 14.3709810546875
699.0 14.56503681640625
700.0 14.077975390625
701.0 16.46461806640625
702.0 15.229137109375
703.0 15.66554443359375
704.0 15.080031640625
705.0 15.46711162109375
706.0 16.134554296875
707.0 14.96876015625
708.0 15.153657421875
709.0 13.90776640625
710.0 14.90233642578125
711.0 16.10239541015625
712.0 13.17330078125
713.0 15.63666259765625
714.0 13.837566015625
715.0 11.40202431640625
716.0 15.902301171875
717.0 15.34752890625
718.0 14.05751494140625
719.0 13.78022685546875
720.0 16.22225478515625
721.0 16.33602021484375
722.0 13.28127607421875
723.0 14.4812001953125
724.0 13.8547404296875
725.0 13.45308828125
726.0 15.85848603515625
727.0 14.42023212890625
728.0 14.62358154296875
729.0 14.6161953125
730.0 14.70781923828125
731.0 16.72282802734375
732.0 16.27384677734375
733.0 16.28503935546875
734.0 11.57214375
735.0 10.9910841796875
736.0 10.71967490234375
737.0 15.43432431640625
738.0 13.5517302734375
739.0 14.04505517578125
740.0 12.35240986328125
741.0 15.99272109375
742.0 15.4562828125
743.0 15.06429609375
744.0 15.59510068359375
745.0 10.16204541015625
746.0 10.25335
747.0 15.59691298828125
748.0 15.207502734375
749.0 14.478701953125
750.0 11.4438228515625
751.0 15.41315927734375
752.0 16.204288671875
753.0 14.623811328125
754.0 15.8039533203125
755.0 15.6058462890625
756.0 14.9333587890625
757.0 16.464892578125
758.0 15.874746484375
759.0 12.65718115234375
760.0 12.4452181640625
761.0 15.89493076171875
762.0 15.763604296875
763.0 14.04657333984375
764.0 15.9779916015625
765.0 14.88435302734375
766.0 13.38880654296875
767.0 15.58974970703125
768.0 15.00906806640625
769.0 12.29236513671875
770.0 11.06975166015625
771.0 17.41296875
772.0 16.31712744140625
773.0 14.06017314453125
774.0 14.949277734375
775.0 14.4230833984375
776.0 15.85018076171875
777.0 13.556254296875
778.0 15.84041533203125
779.0 13.6125009765625
780.0 13.590658203125
781.0 11.3987279296875
782.0 15.41602158203125
783.0 14.30997216796875
784.0 14.5429484375
785.0 10.57967666015625
786.0 17.89253623046875
787.0 11.39338291015625
788.0 19.00149423828125
789.0 15.37488857421875
790.0 12.3593228515625
791.0 13.9736505859375
792.0 15.436025390625
793.0 14.82088046875
794.0 15.529066796875
795.0 15.1867525390625
796.0 15.38571328125
797.0 13.93453076171875
798.0 16.45477431640625
799.0 15.40953564453125
