0.0 16.92751357421875
1.0 16.12167744140625
2.0 17.11043935546875
3.0 17.55639169921875
4.0 17.879770703125
5.0 16.08134580078125
6.0 17.31470849609375
7.0 18.03049326171875
8.0 13.9225900390625
9.0 14.9073763671875
10.0 12.7366404296875
11.0 16.28264033203125
12.0 10.28213291015625
13.0 9.10468310546875
14.0 13.92845595703125
15.0 9.74761611328125
16.0 10.631477734375
17.0 13.40069931640625
18.0 10.30396904296875
19.0 11.8947908203125
20.0 12.80257197265625
21.0 13.213596484375
22.0 13.37381220703125
23.0 12.5136927734375
24.0 13.57157578125
25.0 13.65174013671875
26.0 12.60135478515625
27.0 11.89833994140625
28.0 11.00351884765625
29.0 12.6416005859375
30.0 13.9537248046875
31.0 9.7417134765625
32.0 5.7814263671875
33.0 6.28800107421875
34.0 5.78483642578125
35.0 10.391326953125
36.0 9.96674306640625
37.0 2.200246484375
38.0 1.38225908203125
39.0 9.39478974609375
40.0 11.096390625
41.0 9.04121962890625
42.0 8.85772900390625
43.0 3.68533330078125
44.0 3.41138271484375
45.0 4.94252529296875
46.0 2.29578076171875
47.0 5.298454296875
48.0 8.9917291015625
49.0 6.5473814453125
50.0 0.0
51.0 0.0
52.0 0.0
53.0 0.0
54.0 0.0
55.0 1.439446484375
56.0 26.206251953125
57.0 1.26829248046875
58.0 0.39285673828125
59.0 4.678544140625
60.0 2.08699697265625
61.0 3.19404169921875
62.0 0.121494921875
63.0 2.04148623046875
64.0 1.473658203125
65.0 0.373532421875
66.0 0.18798330078125
67.0 0.44519306640625
68.0 3.24285244140625
69.0 1.13730224609375
70.0 2.8881880859375
71.0 5.04701513671875
72.0 0.9832765625
73.0 10.8182341796875
74.0 13.10304716796875
75.0 8.47426953125
76.0 7.25125029296875
77.0 7.9263021484375
78.0 7.16991337890625
79.0 9.56763818359375
80.0 8.40223232421875
81.0 10.462685546875
82.0 9.917603125
83.0 7.07448330078125
84.0 13.16093876953125
85.0 13.22671826171875
86.0 7.092330859375
87.0 7.6532017578125
88.0 9.1405228515625
89.0 9.51953076171875
90.0 10.4608248046875
91.0 10.12663388671875
92.0 9.18120068359375
93.0 8.39819736328125
94.0 8.8809458984375
95.0 9.41949091796875
96.0 9.428494921875
97.0 10.14706455078125
98.0 9.23258916015625
99.0 11.4699310546875
100.0 9.03939208984375
101.0 9.793562890625
102.0 10.3859166015625
103.0 5.90920693359375
104.0 5.8736673828125
105.0 1.3517935546875
106.0 6.71040341796875
107.0 5.815574609375
108.0 0.4583892578125
109.0 2.078978515625
110.0 8.223296875
111.0 6.06182109375
112.0 10.18505439453125
113.0 6.14434091796875
114.0 7.8368373046875
115.0 12.30866669921875
116.0 16.56036728515625
117.0 11.7934427734375
118.0 6.06861298828125
119.0 14.22547822265625
120.0 5.52191484375
121.0 0.25983427734375
122.0 0.39482880859375
123.0 10.795155078125
124.0 11.29085869140625
125.0 4.08479033203125
126.0 6.92209033203125
127.0 2.8045513671875
128.0 2.99081904296875
129.0 6.45503505859375
130.0 2.71584287109375
131.0 4.89125859375
132.0 1.110936328125
133.0 5.95820087890625
134.0 2.54847685546875
135.0 1.2170646484375
136.0 0.34569541015625
137.0 10.3639146484375
138.0 5.06325498046875
139.0 12.12641611328125
140.0 1.42677001953125
141.0 1.2815150390625
142.0 8.34345029296875
143.0 15.77203564453125
144.0 6.52432294921875
145.0 14.50714560546875
146.0 14.25951357421875
147.0 10.372562890625
148.0 15.403278125
149.0 13.1937435546875
150.0 9.870452734375
151.0 10.67372666015625
152.0 10.9326287109375
153.0 11.25447783203125
154.0 10.68353623046875
155.0 10.20625478515625
156.0 11.5089107421875
157.0 3.85358994140625
158.0 0.2125361328125
159.0 10.7647111328125
160.0 9.657069140625
161.0 10.691301171875
162.0 9.6880765625
163.0 10.37722470703125
164.0 11.4985642578125
165.0 10.4547255859375
166.0 11.60739677734375
167.0 10.65800927734375
168.0 11.2839642578125
169.0 11.63319794921875
170.0 12.74422705078125
171.0 10.92285458984375
172.0 13.74932353515625
173.0 11.24402783203125
174.0 11.8255005859375
175.0 12.9109484375
176.0 14.8067796875
177.0 12.53596650390625
178.0 12.86421123046875
179.0 12.49007646484375
180.0 13.78872060546875
181.0 13.7359802734375
182.0 17.661650390625
183.0 16.05580185546875
184.0 14.913234765625
185.0 14.86122021484375
186.0 14.182641015625
187.0 11.6957916015625
188.0 17.7171580078125
189.0 17.76810380859375
190.0 18.057328515625
191.0 17.1981294921875
192.0 13.226823046875
193.0 11.70669677734375
194.0 19.42737412109375
195.0 17.36638251953125
196.0 15.1804083984375
197.0 15.76760244140625
198.0 15.8399953125
199.0 13.8696888671875
200.0 16.8116921875
201.0 20.25867333984375
202.0 17.4492203125
203.0 15.464614453125
204.0 15.41785
205.0 18.26028203125
206.0 15.96374228515625
207.0 15.27484677734375
208.0 2.8843615234375
209.0 17.3323984375
210.0 18.95659169921875
211.0 18.42448232421875
212.0 19.4556833984375
213.0 19.2028337890625
214.0 10.2023380859375
215.0 14.90257197265625
216.0 16.74299384765625
217.0 20.75548212890625
218.0 17.40267001953125
219.0 16.33693310546875
220.0 20.38209921875
221.0 16.628895703125
222.0 18.7381498046875
223.0 19.3283095703125
224.0 18.531442578125
225.0 20.00117822265625
226.0 19.860587890625
227.0 17.31783662109375
228.0 19.93301552734375
229.0 17.28079169921875
230.0 19.4488875
231.0 19.56103662109375
232.0 12.65928720703125
233.0 15.458778515625
234.0 19.807933203125
235.0 17.67102373046875
236.0 17.25870009765625
237.0 15.89578330078125
238.0 15.38507158203125
239.0 11.50455888671875
240.0 24.80891025390625
241.0 19.13148154296875
242.0 17.9441240234375
243.0 19.0685953125
244.0 16.44603955078125
245.0 16.9248693359375
246.0 18.2290546875
247.0 17.966833203125
248.0 21.33822548828125
249.0 19.560148828125
250.0 19.05801650390625
251.0 20.063125390625
252.0 18.59339892578125
253.0 16.556449609375
254.0 11.86833271484375
255.0 15.30413623046875
256.0 19.03717607421875
257.0 8.522355078125
258.0 6.07346259765625
259.0 11.82184326171875
260.0 12.98980439453125
261.0 17.1349
262.0 16.72857412109375
263.0 20.5390265625
264.0 16.4482650390625
265.0 14.5181794921875
266.0 18.03281865234375
267.0 16.284284375
268.0 14.33260185546875
269.0 12.69636357421875
270.0 18.26541650390625
271.0 18.46445205078125
272.0 19.57015322265625
273.0 17.13231025390625
274.0 12.62118984375
275.0 16.0999447265625
276.0 12.71776171875
277.0 13.81167470703125
278.0 14.35393818359375
279.0 13.647856640625
280.0 10.0072462890625
281.0 11.82243876953125
282.0 12.73739228515625
283.0 13.60302099609375
284.0 12.1204515625
285.0 13.675294921875
286.0 0.0
287.0 0.0
288.0 28.9325171875
289.0 17.4457142578125
290.0 17.86306923828125
291.0 21.08822138671875
292.0 17.68820322265625
293.0 20.2539662109375
294.0 19.08430771484375
295.0 16.82323828125
296.0 20.78182001953125
297.0 19.0797271484375
298.0 20.76755224609375
299.0 18.345672265625
300.0 16.76525966796875
301.0 19.8175529296875
302.0 17.2011349609375
303.0 19.66208310546875
304.0 13.98544912109375
305.0 14.6457185546875
306.0 15.8786375
307.0 14.76584072265625
308.0 14.88068173828125
309.0 11.78288896484375
310.0 14.07369091796875
311.0 16.5870314453125
312.0 14.48206875
313.0 14.7836310546875
314.0 16.73747568359375
315.0 17.47489150390625
316.0 18.425662109375
317.0 14.99244189453125
318.0 18.64763837890625
319.0 20.318189453125
320.0 20.3090693359375
321.0 18.973037109375
322.0 19.85398974609375
323.0 18.37288388671875
324.0 20.904953515625
325.0 20.48958857421875
326.0 14.2879087890625
327.0 18.102790625
328.0 19.33166455078125
329.0 17.02356083984375
330.0 19.9359435546875
331.0 17.66173447265625
332.0 19.34351240234375
333.0 16.38550859375
334.0 17.149628125
335.0 19.24237548828125
336.0 20.2982185546875
337.0 17.85571279296875
338.0 18.89541357421875
339.0 12.07454560546875
340.0 25.43996767578125
341.0 18.6440322265625
342.0 17.58053681640625
343.0 15.51543056640625
344.0 20.52074072265625
345.0 19.590795703125
346.0 18.04435673828125
347.0 18.1371185546875
348.0 18.10321005859375
349.0 18.63844833984375
350.0 18.80407587890625
351.0 16.272986328125
352.0 13.110536328125
353.0 15.92143154296875
354.0 13.6661923828125
355.0 20.05403330078125
356.0 15.9890537109375
357.0 16.69965732421875
358.0 11.59268779296875
359.0 17.1254931640625
360.0 17.76242109375
361.0 6.63596015625
362.0 10.5323869140625
363.0 0.4160154296875
364.0 17.8664220703125
365.0 17.2263681640625
366.0 17.041312109375
367.0 17.600112109375
368.0 16.47079501953125
369.0 0.0
370.0 0.0
371.0 30.17605009765625
372.0 8.4719171875
373.0 7.980123046875
374.0 0.0
375.0 0.0
376.0 0.0
377.0 0.0
378.0 0.0
379.0 0.0
380.0 0.0
381.0 16.64373056640625
382.0 33.8055240234375
383.0 30.16623759765625
384.0 29.71335673828125
385.0 21.77683583984375
386.0 25.9577142578125
387.0 27.55815908203125
388.0 17.10016982421875
389.0 23.47324453125
390.0 23.8812994140625
391.0 17.86529755859375
392.0 16.98605341796875
393.0 22.78858212890625
394.0 34.69619169921875
395.0 30.059554296875
396.0 22.9130974609375
397.0 38.16592646484375
398.0 33.35697861328125
399.0 20.22645283203125
400.0 22.4380845703125
401.0 24.01636728515625
402.0 28.76652294921875
403.0 16.910652734375
404.0 32.90738515625
405.0 33.60218037109375
406.0 32.08218779296875
407.0 26.39011865234375
408.0 21.65288955078125
409.0 18.2563251953125
410.0 43.5353505859375
411.0 23.21809521484375
412.0 26.31413740234375
413.0 7.08844765625
414.0 29.04683837890625
415.0 31.13668330078125
416.0 34.35969541015625
417.0 34.4926498046875
418.0 36.82494931640625
419.0 37.06706259765625
420.0 39.61971787109375
421.0 30.02369404296875
422.0 31.02584833984375
423.0 37.57070419921875
424.0 32.16945771484375
425.0 21.82661845703125
426.0 31.42492998046875
427.0 31.56256455078125
428.0 32.607840625
429.0 29.66151376953125
430.0 23.10481533203125
431.0 33.56257060546875
432.0 26.5489423828125
433.0 25.845066015625
434.0 31.38929306640625
435.0 24.40740791015625
436.0 22.70163330078125
437.0 19.1106833984375
438.0 13.36422119140625
439.0 10.65335361328125
440.0 11.43292783203125
441.0 0.608764453125
442.0 14.59392880859375
443.0 8.6849865234375
444.0 7.6416486328125
445.0 10.0789904296875
446.0 0.014857421875
447.0 14.421409765625
448.0 19.3423408203125
449.0 16.57441162109375
450.0 22.6181201171875
451.0 16.924538671875
452.0 18.74044560546875
453.0 26.46899453125
454.0 15.59773935546875
455.0 31.80333525390625
456.0 15.4258755859375
457.0 8.45034658203125
458.0 16.47977431640625
459.0 17.8391982421875
460.0 25.86897548828125
461.0 26.0740791015625
462.0 29.5127205078125
463.0 8.7246634765625
464.0 11.035344921875
465.0 35.940301953125
466.0 31.70295576171875
467.0 21.7554541015625
468.0 44.821490625
469.0 36.97471318359375
470.0 36.86823525390625
471.0 36.82054453125
472.0 27.94925146484375
473.0 41.96269931640625
474.0 18.7544861328125
475.0 9.44516025390625
476.0 2.7760783203125
477.0 2.0656046875
478.0 9.21299111328125
479.0 36.4485447265625
480.0 11.96175244140625
481.0 25.33008056640625
482.0 41.10491552734375
483.0 27.98780703125
484.0 15.51649169921875
485.0 6.23589326171875
486.0 3.8994216796875
487.0 0.0927849609375
488.0 0.16694609375
489.0 0.0529826171875
490.0 0.63681015625
491.0 0.6145396484375
492.0 0.922665625
493.0 0.37006708984375
494.0 0.3128890625
495.0 9.74487060546875
496.0 4.67524189453125
497.0 0.0
498.0 0.0
499.0 0.16633603515625
500.0 0.17701728515625
501.0 0.51916904296875
502.0 0.49075673828125
503.0 0.08309951171875
504.0 0.86431865234375
505.0 0.072837890625
506.0 2.299036328125
507.0 1.1625267578125
508.0 5.5942673828125
509.0 2.49268466796875
510.0 7.40843251953125
511.0 4.55495380859375
512.0 12.8676990234375
513.0 5.3229806640625
514.0 7.5289564453125
515.0 5.7131873046875
516.0 0.1346701171875
517.0 11.08485361328125
518.0 9.77397900390625
519.0 8.74736318359375
520.0 0.73117998046875
521.0 0.0
522.0 0.0
523.0 0.0
524.0 0.0
525.0 0.0
526.0 0.0
527.0 0.0
528.0 0.0
529.0 0.0
530.0 0.0
531.0 0.0
532.0 0.0
533.0 0.0
534.0 0.0
535.0 0.0
536.0 0.0
537.0 0.0
538.0 0.0
539.0 0.0
540.0 0.0
541.0 0.0
542.0 0.0
543.0 0.0
544.0 0.0
545.0 0.0
546.0 0.0
547.0 0.0
548.0 0.8153115234375
549.0 0.67296201171875
550.0 0.3855515625
551.0 0.7212439453125
552.0 0.68456337890625
553.0 0.661936328125
554.0 0.91821259765625
555.0 0.58520263671875
556.0 0.828793359375
557.0 0.9922755859375
558.0 0.6956939453125
559.0 0.6567712890625
560.0 0.6863435546875
561.0 0.9072330078125
562.0 0.780981640625
563.0 0.3727689453125
564.0 0.94061201171875
565.0 0.39605712890625
566.0 0.8710021484375
567.0 0.83400419921875
568.0 0.7234875
569.0 0.59437919921875
570.0 0.40723427734375
571.0 0.5310515625
572.0 1.2371484375
573.0 0.77254853515625
574.0 1.0450064453125
575.0 0.77440341796875
576.0 1.28181328125
577.0 1.13349931640625
578.0 0.95935244140625
579.0 2.52658232421875
580.0 7.8938935546875
581.0 13.08585693359375
582.0 7.7133474609375
583.0 11.53408828125
584.0 4.86287998046875
585.0 6.8672703125
586.0 0.9055708984375
587.0 1.293052734375
588.0 34.43952373046875
589.0 30.2094734375
590.0 6.29557275390625
591.0 8.75041982421875
592.0 20.11013876953125
593.0 12.78016494140625
594.0 1.2760119140625
595.0 1.6666357421875
596.0 8.1980744140625
597.0 2.08775859375
598.0 1.5175462890625
599.0 3.0070947265625
600.0 28.15204111328125
601.0 5.66934140625
602.0 1.0857599609375
603.0 15.0730296875
604.0 37.41740703125
605.0 29.01881455078125
606.0 22.51067177734375
607.0 23.8351662109375
608.0 35.427482421875
609.0 13.19593046875
610.0 17.70698369140625
611.0 23.49829365234375
612.0 16.71838837890625
613.0 8.99435283203125
614.0 5.71010634765625
615.0 0.64935185546875
616.0 12.11441279296875
617.0 11.0290748046875
618.0 10.735439453125
619.0 8.6640353515625
620.0 5.86201171875
621.0 0.51286884765625
622.0 6.7837677734375
623.0 0.83396142578125
624.0 1.8135359375
625.0 0.43902001953125
626.0 9.0263369140625
627.0 8.95348564453125
628.0 27.914507421875
629.0 16.07338623046875
630.0 10.693243359375
631.0 26.17312431640625
632.0 35.45668173828125
633.0 39.03754052734375
634.0 25.04555458984375
635.0 22.43857041015625
636.0 2.2796140625
637.0 1.29645859375
638.0 7.06063623046875
639.0 15.25052841796875
640.0 21.3046544921875
641.0 23.00194765625
642.0 17.45078203125
643.0 18.1358541015625
644.0 22.9654931640625
645.0 29.50391787109375
646.0 5.62751787109375
647.0 35.2168884765625
648.0 2.2907705078125
649.0 18.32204462890625
650.0 2.5504388671875
651.0 4.05438740234375
652.0 19.03652880859375
653.0 18.40707626953125
654.0 14.95768837890625
655.0 10.25767548828125
656.0 29.41436708984375
657.0 23.652695703125
658.0 31.62123603515625
659.0 37.408966015625
660.0 36.7059580078125
661.0 21.5050490234375
662.0 34.0526265625
663.0 16.86918544921875
664.0 21.447771484375
665.0 52.501735546875
666.0 39.72184375
667.0 44.34661484375
668.0 43.28424365234375
669.0 41.98450849609375
670.0 36.545665234375
671.0 37.40452900390625
672.0 41.94484970703125
673.0 42.89214541015625
674.0 40.1574021484375
675.0 12.06382509765625
676.0 7.18307275390625
677.0 3.94652470703125
678.0 11.12226806640625
679.0 8.83783974609375
680.0 6.60661318359375
681.0 3.5821046875
682.0 2.13483349609375
683.0 8.626713671875
684.0 34.22349599609375
685.0 37.8873337890625
686.0 43.00289482421875
687.0 23.18056474609375
688.0 4.99702333984375
689.0 7.9594375
690.0 6.62231767578125
691.0 8.6516953125
692.0 5.32444990234375
693.0 6.89126953125
694.0 4.9987927734375
695.0 7.8920125
696.0 6.22144423828125
697.0 4.2071951171875
698.0 5.16259384765625
699.0 7.8576904296875
700.0 5.5067994140625
701.0 7.0836416015625
702.0 7.157872265625
703.0 10.01439560546875
704.0 6.216654296875
705.0 10.53463408203125
706.0 8.49574931640625
707.0 4.77034951171875
708.0 11.30194794921875
709.0 12.5220169921875
710.0 13.12544736328125
711.0 13.8297619140625
712.0 11.9405830078125
713.0 11.464763671875
714.0 5.37642646484375
715.0 3.627898828125
716.0 6.4052556640625
717.0 5.09506298828125
718.0 1.27793740234375
719.0 1.018663671875
720.0 0.2623041015625
721.0 0.67587158203125
722.0 0.38798662109375
723.0 0.39549794921875
724.0 0.250765234375
725.0 0.0833435546875
726.0 0.177192578125
727.0 0.08316796875
728.0 0.09384921875
729.0 0.13552099609375
730.0 0.19802861328125
731.0 0.08316806640625
732.0 0.32339482421875
733.0 0.198028515625
734.0 0.28137216796875
735.0 0.24291826171875
736.0 0.4102814453125
737.0 0.18986357421875
738.0 0.542785546875
739.0 1.8528138671875
740.0 5.4497716796875
741.0 8.52596708984375
742.0 34.38504521484375
743.0 35.08382861328125
744.0 33.03325576171875
745.0 26.86915458984375
746.0 39.945883984375
747.0 3.76688955078125
748.0 5.09978740234375
749.0 30.76285654296875
750.0 39.3460068359375
751.0 43.71144501953125
752.0 29.31158408203125
753.0 20.00169609375
754.0 11.0974970703125
755.0 31.52196806640625
756.0 34.28897431640625
757.0 25.3613939453125
758.0 15.33060390625
759.0 37.53201376953125
760.0 22.87523740234375
761.0 33.00067080078125
762.0 35.50777080078125
763.0 34.48251826171875
764.0 18.4302009765625
765.0 38.48378583984375
766.0 31.94495
767.0 30.8699951171875
768.0 23.67451455078125
769.0 24.13561552734375
770.0 22.317800390625
771.0 16.86269580078125
772.0 23.7514076171875
773.0 17.08239013671875
774.0 7.891739453125
775.0 25.64194638671875
776.0 14.61241884765625
777.0 36.10867646484375
778.0 33.721183984375
779.0 15.21248935546875
780.0 20.10360185546875
781.0 12.918727734375
782.0 4.51953291015625
783.0 1.96350068359375
784.0 2.05837587890625
785.0 5.26734052734375
786.0 16.22054111328125
787.0 1.1096529296875
788.0 0.8434654296875
789.0 15.17954169921875
790.0 5.3809205078125
791.0 12.4186392578125
792.0 1.3165443359375
793.0 2.09939248046875
794.0 0.260919140625
795.0 2.75706923828125
796.0 1.77954736328125
797.0 11.5940228515625
798.0 29.257159375
799.0 27.888156640625
