0.0 11.64444052734375
1.0 11.63556123046875
2.0 13.37733779296875
3.0 15.23751865234375
4.0 15.232377734375
5.0 13.97466279296875
6.0 14.6794703125
7.0 0.0758337890625
8.0 0.2185134765625
9.0 4.93182822265625
10.0 11.07658583984375
11.0 9.2506861328125
12.0 11.211548046875
13.0 6.51554130859375
14.0 7.30373837890625
15.0 13.12451806640625
16.0 6.75391318359375
17.0 7.178082421875
18.0 13.11292919921875
19.0 12.68257587890625
20.0 14.1945619140625
21.0 12.638875
22.0 15.38313505859375
23.0 13.872504296875
24.0 12.96542109375
25.0 14.1514427734375
26.0 13.45858232421875
27.0 16.35480458984375
28.0 9.8404654296875
29.0 15.3892423828125
30.0 13.03275576171875
31.0 13.89490859375
32.0 11.45678232421875
33.0 17.47685654296875
34.0 12.8571384765625
35.0 13.3112775390625
36.0 13.096035546875
37.0 12.89428564453125
38.0 14.48315
39.0 12.447133203125
40.0 9.15810712890625
41.0 16.16986826171875
42.0 14.16043603515625
43.0 13.37903095703125
44.0 11.479248046875
45.0 14.523192578125
46.0 11.3450982421875
47.0 16.3690369140625
48.0 11.75852216796875
49.0 14.29496044921875
50.0 12.73099140625
51.0 13.77164755859375
52.0 13.4148076171875
53.0 13.963086328125
54.0 8.971929296875
55.0 16.86586533203125
56.0 12.285580859375
57.0 13.16113212890625
58.0 11.94076455078125
59.0 7.50804248046875
60.0 15.2410701171875
61.0 13.8428876953125
62.0 12.89368056640625
63.0 14.166898828125
64.0 15.49869375
65.0 13.612586328125
66.0 12.48542333984375
67.0 14.00938955078125
68.0 14.340869140625
69.0 10.3123150390625
70.0 15.41087314453125
71.0 12.0127431640625
72.0 12.43274326171875
73.0 9.0360236328125
74.0 11.1153876953125
75.0 11.29456513671875
76.0 12.27297626953125
77.0 11.90813828125
78.0 14.1731216796875
79.0 12.08905673828125
80.0 14.4768837890625
81.0 15.73612890625
82.0 12.79524189453125
83.0 12.62054541015625
84.0 13.60944873046875
85.0 11.18562509765625
86.0 9.68157802734375
87.0 13.14527802734375
88.0 9.8120818359375
89.0 17.097083203125
90.0 12.41164267578125
91.0 12.2564857421875
92.0 12.70175771484375
93.0 10.26861181640625
94.0 11.41439609375
95.0 10.72129443359375
96.0 12.6122013671875
97.0 13.99117607421875
98.0 12.752653515625
99.0 13.49195322265625
100.0 12.61448642578125
101.0 12.4671859375
102.0 12.37291904296875
103.0 11.83235341796875
104.0 11.0397794921875
105.0 12.00113857421875
106.0 12.51368359375
107.0 12.8213197265625
108.0 11.9238291015625
109.0 13.78875576171875
110.0 12.159237890625
111.0 13.5558109375
112.0 16.1973484375
113.0 14.04316171875
114.0 15.13572509765625
115.0 12.30101943359375
116.0 13.4305416015625
117.0 12.92070146484375
118.0 13.6501580078125
119.0 12.19934130859375
120.0 14.334739453125
121.0 14.22492578125
122.0 14.21308134765625
123.0 13.06751640625
124.0 15.2537857421875
125.0 14.09626748046875
126.0 15.180758203125
127.0 16.0966701171875
128.0 12.9581650390625
129.0 13.95265322265625
130.0 13.30580634765625
131.0 13.5316970703125
132.0 15.80379931640625
133.0 12.80702314453125
134.0 13.316491015625
135.0 11.82783271484375
136.0 13.1584990234375
137.0 12.3734234375
138.0 10.22517275390625
139.0 15.96237412109375
140.0 13.38385537109375
141.0 13.778612109375
142.0 11.977251953125
143.0 13.01449541015625
144.0 12.53435859375
145.0 13.96208603515625
146.0 13.32490068359375
147.0 12.45750283203125
148.0 11.7975115234375
149.0 9.8401943359375
150.0 13.32083232421875
151.0 10.590164453125
152.0 12.320058984375
153.0 15.6102560546875
154.0 11.76316005859375
155.0 14.7940044921875
156.0 15.7333337890625
157.0 16.03240537109375
158.0 10.93257373046875
159.0 12.9311845703125
160.0 12.426731640625
161.0 12.582402734375
162.0 12.59538046875
163.0 12.947105859375
164.0 15.0026609375
165.0 13.72937939453125
166.0 13.70655029296875
167.0 15.9288208984375
168.0 15.87844755859375
169.0 11.0665640625
170.0 14.43413056640625
171.0 15.3165693359375
172.0 10.95238759765625
173.0 15.257298828125
174.0 12.33044296875
175.0 10.98452939453125
176.0 13.69093408203125
177.0 11.83083818359375
178.0 13.82056181640625
179.0 12.4472564453125
180.0 12.083491015625
181.0 9.520640234375
182.0 11.92341953125
183.0 9.10411357421875
184.0 8.466221484375
185.0 9.34645654296875
186.0 9.25665673828125
187.0 6.25376083984375
188.0 13.91745361328125
189.0 10.979216796875
190.0 9.81354794921875
191.0 8.73006865234375
192.0 10.09706494140625
193.0 10.41451650390625
194.0 9.86304794921875
195.0 10.42764951171875
196.0 8.88496708984375
197.0 10.583627734375
198.0 9.3918279296875
199.0 9.00690224609375
200.0 11.8872212890625
201.0 12.66353896484375
202.0 11.18467412109375
203.0 13.12413505859375
204.0 11.93495751953125
205.0 12.3044896484375
206.0 12.35374853515625
207.0 9.93039775390625
208.0 9.136749609375
209.0 8.61137275390625
210.0 11.9149775390625
211.0 9.491807421875
212.0 15.8688748046875
213.0 13.0036115234375
214.0 10.378118359375
215.0 10.3509791015625
216.0 8.1238369140625
217.0 9.1924892578125
218.0 9.28872138671875
219.0 10.70830986328125
220.0 12.1886025390625
221.0 8.99701484375
222.0 18.47408603515625
223.0 12.04148828125
224.0 11.65248056640625
225.0 10.2181302734375
226.0 11.76145224609375
227.0 10.1250826171875
228.0 12.95032392578125
229.0 11.5561716796875
230.0 13.46654580078125
231.0 10.91243408203125
232.0 12.66203876953125
233.0 10.23213916015625
234.0 9.672658203125
235.0 7.38804443359375
236.0 11.359186328125
237.0 10.35716552734375
238.0 6.15923828125
239.0 7.09299169921875
240.0 13.46797744140625
241.0 11.44454619140625
242.0 10.94003203125
243.0 9.2158228515625
244.0 10.37694033203125
245.0 12.52744033203125
246.0 11.99730341796875
247.0 10.37872744140625
248.0 10.08743828125
249.0 13.67871142578125
250.0 11.9022568359375
251.0 12.67253828125
252.0 11.3549267578125
253.0 12.51081220703125
254.0 11.1032953125
255.0 7.74663095703125
256.0 10.68844248046875
257.0 9.2810748046875
258.0 10.460584765625
259.0 10.32301064453125
260.0 9.186701171875
261.0 10.33277001953125
262.0 9.04513583984375
263.0 9.76016396484375
264.0 8.9997037109375
265.0 10.2551654296875
266.0 11.9588630859375
267.0 12.6971330078125
268.0 13.165472265625
269.0 13.70030107421875
270.0 11.23706435546875
271.0 11.61828447265625
272.0 8.9043970703125
273.0 12.25194189453125
274.0 7.99499892578125
275.0 7.66838359375
276.0 9.056440625
277.0 11.94675947265625
278.0 12.24793701171875
279.0 12.7961826171875
280.0 15.59370234375
281.0 14.20558564453125
282.0 7.294026171875
283.0 10.2009720703125
284.0 11.49195107421875
285.0 12.28925146484375
286.0 10.682571484375
287.0 13.50367880859375
288.0 11.37037880859375
289.0 10.327822265625
290.0 6.9649513671875
291.0 13.27839013671875
292.0 10.04527451171875
293.0 9.91300478515625
294.0 12.364691015625
295.0 8.2591181640625
296.0 10.02376083984375
297.0 11.9066779296875
298.0 9.5035587890625
299.0 9.51297109375
300.0 12.4410009765625
301.0 9.05608349609375
302.0 11.98160537109375
303.0 12.0789689453125
304.0 11.10120712890625
305.0 10.02301845703125
306.0 12.98358193359375
307.0 12.20021376953125
308.0 14.5810421875
309.0 12.31613330078125
310.0 11.78142080078125
311.0 12.46086015625
312.0 12.35485556640625
313.0 12.63578916015625
314.0 15.4319056640625
315.0 14.7188771484375
316.0 14.8536240234375
317.0 11.34321494140625
318.0 7.49355927734375
319.0 9.25222509765625
320.0 9.1037083984375
321.0 10.12975126953125
322.0 10.64083720703125
323.0 10.56278251953125
324.0 9.68766279296875
325.0 10.239710546875
326.0 8.0143796875
327.0 8.547876171875
328.0 7.82899931640625
329.0 10.240605078125
330.0 9.94104697265625
331.0 12.5903796875
332.0 9.754339453125
333.0 9.57227314453125
334.0 9.8856892578125
335.0 10.88942626953125
336.0 12.48782138671875
337.0 7.77137841796875
338.0 15.05055390625
339.0 9.8307078125
340.0 11.58720908203125
341.0 11.50988828125
342.0 9.8000900390625
343.0 11.5650052734375
344.0 11.2931607421875
345.0 13.4118298828125
346.0 8.170791796875
347.0 13.044625
348.0 8.43782958984375
349.0 14.247158203125
350.0 12.9282125
351.0 8.326920703125
352.0 11.7717408203125
353.0 7.32183486328125
354.0 7.938487890625
355.0 9.13793486328125
356.0 4.80114375
357.0 9.05335439453125
358.0 9.35045703125
359.0 1.96436123046875
360.0 5.0248197265625
361.0 7.59815078125
362.0 0.83413681640625
363.0 10.660615234375
364.0 10.77089521484375
365.0 10.804546875
366.0 11.65578994140625
367.0 8.7093484375
368.0 5.25012509765625
369.0 8.3956751953125
370.0 7.39745361328125
371.0 10.77305400390625
372.0 9.246905859375
373.0 11.9798298828125
374.0 5.6377361328125
375.0 8.77843408203125
376.0 8.53591162109375
377.0 12.7250060546875
378.0 13.5907486328125
379.0 11.883705078125
380.0 10.87885537109375
381.0 6.37489521484375
382.0 8.41744912109375
383.0 13.21234658203125
384.0 12.9773373046875
385.0 16.38013232421875
386.0 9.797443359375
387.0 9.2600822265625
388.0 14.99858466796875
389.0 11.75902939453125
390.0 7.026512109375
391.0 15.0441921875
392.0 10.65514892578125
393.0 0.6468197265625
394.0 3.26901015625
395.0 8.61001845703125
396.0 13.7547453125
397.0 7.39573046875
398.0 11.1754279296875
399.0 4.91356669921875
400.0 3.18235361328125
401.0 6.457524609375
402.0 4.2558763671875
403.0 12.89347158203125
404.0 10.93367900390625
405.0 8.95608544921875
406.0 17.8148796875
407.0 12.67889833984375
408.0 11.8315033203125
409.0 11.6157951171875
410.0 9.20834951171875
411.0 7.75898662109375
412.0 11.67282998046875
413.0 12.16533779296875
414.0 12.01312353515625
415.0 10.86989150390625
416.0 9.45050908203125
417.0 3.38494482421875
418.0 7.54228935546875
419.0 11.4469234375
420.0 0.13223564453125
421.0 16.176965625
422.0 13.95383505859375
423.0 12.89775498046875
424.0 12.6040904296875
425.0 13.4540828125
426.0 12.16563056640625
427.0 13.66191025390625
428.0 12.23373955078125
429.0 10.9073640625
430.0 10.7146787109375
431.0 12.3709462890625
432.0 12.67252666015625
433.0 12.53429912109375
434.0 14.01660927734375
435.0 8.039284375
436.0 12.31035146484375
437.0 12.44006171875
438.0 7.79671240234375
439.0 5.13799423828125
440.0 15.675808984375
441.0 10.7028349609375
442.0 7.50871376953125
443.0 6.27834609375
444.0 3.0278875
445.0 6.5070923828125
446.0 8.88531767578125
447.0 7.7335650390625
448.0 10.7952919921875
449.0 6.48394990234375
450.0 0.70771875
451.0 2.7568484375
452.0 3.25579482421875
453.0 3.81662177734375
454.0 1.17560009765625
455.0 0.240801171875
456.0 3.4181365234375
457.0 5.93087783203125
458.0 0.4380798828125
459.0 7.2307201171875
460.0 8.70114560546875
461.0 8.3483748046875
462.0 9.36891474609375
463.0 7.1816119140625
464.0 10.8348748046875
465.0 7.09854560546875
466.0 2.71282509765625
467.0 2.2490462890625
468.0 9.4096314453125
469.0 9.88127119140625
470.0 10.0389845703125
471.0 9.656098828125
472.0 9.0451849609375
473.0 10.71625498046875
474.0 10.46415205078125
475.0 10.58097666015625
476.0 8.414820703125
477.0 7.60776416015625
478.0 9.0272859375
479.0 9.82264404296875
480.0 13.89521748046875
481.0 12.34291044921875
482.0 15.1542603515625
483.0 11.509555078125
484.0 11.24714931640625
485.0 12.383740234375
486.0 12.61854619140625
487.0 10.965733984375
488.0 9.291134765625
489.0 10.13689130859375
490.0 14.0407818359375
491.0 12.6198205078125
492.0 15.27158583984375
493.0 15.16569306640625
494.0 13.67280625
495.0 16.28004404296875
496.0 15.12753662109375
497.0 11.3573953125
498.0 15.6315830078125
499.0 15.72830458984375
500.0 15.6569576171875
501.0 12.18602373046875
502.0 13.89992822265625
503.0 14.71461044921875
504.0 14.26209873046875
505.0 8.28920537109375
506.0 6.91146630859375
507.0 12.13604599609375
508.0 12.03138154296875
509.0 8.3375244140625
510.0 15.0769802734375
511.0 8.9674115234375
512.0 14.190387109375
513.0 13.0205359375
514.0 12.6741763671875
515.0 9.0010873046875
516.0 10.31051591796875
517.0 11.69733662109375
518.0 9.01302734375
519.0 10.509262109375
520.0 13.54810361328125
521.0 9.13056142578125
522.0 18.37424736328125
523.0 15.82786044921875
524.0 10.15104541015625
525.0 12.97402607421875
526.0 14.179053125
527.0 12.65857880859375
528.0 13.29888662109375
529.0 12.80356201171875
530.0 14.68723125
531.0 12.635282421875
532.0 14.0592111328125
533.0 9.87161787109375
534.0 12.8237888671875
535.0 9.5438462890625
536.0 9.7348673828125
537.0 12.19794599609375
538.0 12.9053017578125
539.0 13.429421484375
540.0 14.92483671875
541.0 12.64001748046875
542.0 10.35194580078125
543.0 6.00802275390625
544.0 14.26241142578125
545.0 4.97222294921875
546.0 0.25666708984375
547.0 0.31482783203125
548.0 11.57840634765625
549.0 9.52189052734375
550.0 15.14112470703125
551.0 3.605485546875
552.0 10.5112044921875
553.0 9.7715177734375
554.0 15.443443359375
555.0 12.14921318359375
556.0 15.1221828125
557.0 15.98529296875
558.0 13.2762419921875
559.0 8.62195654296875
560.0 5.43672763671875
561.0 11.24155751953125
562.0 8.88763193359375
563.0 13.539041796875
564.0 11.345825
565.0 11.12091416015625
566.0 14.2262208984375
567.0 13.94006416015625
568.0 12.9407912109375
569.0 9.05540849609375
570.0 9.391960546875
571.0 21.95361220703125
572.0 17.34751630859375
573.0 6.6741904296875
574.0 6.82832158203125
575.0 12.99681748046875
576.0 11.0396638671875
577.0 17.01170234375
578.0 3.51651103515625
579.0 0.5770078125
580.0 0.237494140625
581.0 2.48646318359375
582.0 2.616790234375
583.0 2.3927015625
584.0 0.38815615234375
585.0 2.51501904296875
586.0 8.14416171875
587.0 13.5770755859375
588.0 10.54036259765625
589.0 10.74197685546875
590.0 4.63752470703125
591.0 2.35019423828125
592.0 10.27191552734375
593.0 9.07630380859375
594.0 8.9879859375
595.0 4.83505419921875
596.0 3.97830546875
597.0 4.1944849609375
598.0 3.8357314453125
599.0 0.8140029296875
600.0 0.3008041015625
601.0 6.125820703125
602.0 6.1012888671875
603.0 10.799792578125
604.0 4.60181318359375
605.0 5.4574544921875
606.0 8.06807373046875
607.0 6.78901982421875
608.0 5.80138857421875
609.0 1.8438271484375
610.0 0.1074740234375
611.0 3.157812890625
612.0 2.63651923828125
613.0 2.30473134765625
614.0 0.239185546875
615.0 0.12483984375
616.0 0.23934931640625
617.0 0.2076568359375
618.0 3.254530859375
619.0 2.66463876953125
620.0 8.58580078125
621.0 8.763951171875
622.0 7.9725173828125
623.0 12.33190947265625
624.0 10.0909427734375
625.0 11.1794091796875
626.0 9.94636376953125
627.0 15.633279296875
628.0 15.793099609375
629.0 12.75012626953125
630.0 8.75409677734375
631.0 9.7256119140625
632.0 10.3714365234375
633.0 8.848089453125
634.0 9.440205859375
635.0 12.953780078125
636.0 16.285721484375
637.0 14.80094775390625
638.0 12.46040693359375
639.0 15.60101181640625
640.0 16.0004923828125
641.0 13.8699478515625
642.0 13.996934765625
643.0 10.73097734375
644.0 9.95095634765625
645.0 10.72084560546875
646.0 13.75800185546875
647.0 12.3691642578125
648.0 10.7863431640625
649.0 10.56939501953125
650.0 9.3702162109375
651.0 11.57790009765625
652.0 10.8397203125
653.0 10.9188130859375
654.0 8.97613935546875
655.0 10.71668427734375
656.0 10.7521076171875
657.0 9.95899482421875
658.0 10.15697314453125
659.0 11.69639013671875
660.0 12.76313779296875
661.0 12.4229615234375
662.0 11.00632265625
663.0 11.34042890625
664.0 10.38523662109375
665.0 9.00734404296875
666.0 8.8684818359375
667.0 8.27612099609375
668.0 7.751251171875
669.0 12.51484072265625
670.0 10.739211328125
671.0 9.561313671875
672.0 9.0410384765625
673.0 9.72931904296875
674.0 10.252158203125
675.0 7.95474521484375
676.0 7.48198154296875
677.0 8.523619140625
678.0 8.312934375
679.0 6.4129142578125
680.0 13.37237841796875
681.0 10.3113763671875
682.0 6.82716669921875
683.0 3.89682607421875
684.0 4.23460615234375
685.0 4.19744365234375
686.0 2.45917216796875
687.0 0.80556455078125
688.0 4.87120322265625
689.0 6.23972607421875
690.0 7.95067802734375
691.0 14.90080908203125
692.0 12.43410078125
693.0 13.4265333984375
694.0 10.8500150390625
695.0 12.27264541015625
696.0 10.80893310546875
697.0 10.6179177734375
698.0 9.160882421875
699.0 8.9593443359375
700.0 9.51158486328125
701.0 8.385363671875
702.0 10.4569107421875
703.0 10.48282265625
704.0 9.59305546875
705.0 7.1391314453125
706.0 9.16899052734375
707.0 7.74765283203125
708.0 9.572491796875
709.0 10.53319091796875
710.0 9.022353125
711.0 10.83793076171875
712.0 11.17610595703125
713.0 13.966358984375
714.0 9.19616669921875
715.0 11.2638162109375
716.0 10.14348408203125
717.0 8.1421564453125
718.0 11.64326953125
719.0 9.1760609375
720.0 12.1001787109375
721.0 9.09647880859375
722.0 11.520125
723.0 13.1900115234375
724.0 10.67497333984375
725.0 10.3228130859375
726.0 12.47127724609375
727.0 11.431913671875
728.0 3.747458984375
729.0 0.10650302734375
730.0 0.21496162109375
731.0 6.42044921875
732.0 6.46221279296875
733.0 0.32465146484375
734.0 1.816404296875
735.0 3.1873384765625
736.0 6.88678798828125
737.0 10.76608388671875
738.0 7.127956640625
739.0 9.680759765625
740.0 8.72109921875
741.0 3.3808224609375
742.0 3.51063271484375
743.0 3.31652431640625
744.0 0.0376279296875
745.0 0.33214560546875
746.0 0.23752421875
747.0 6.22259189453125
748.0 10.4891337890625
749.0 7.25526357421875
750.0 12.02078271484375
751.0 0.2151693359375
752.0 0.6903173828125
753.0 0.21587265625
754.0 0.31972861328125
755.0 3.69866982421875
756.0 6.7195865234375
757.0 5.357783984375
758.0 9.70845390625
759.0 0.12226826171875
760.0 0.347159375
761.0 9.31453916015625
762.0 4.50290322265625
763.0 2.56836884765625
764.0 6.86496904296875
765.0 3.3336630859375
766.0 0.238333984375
767.0 1.199213671875
768.0 2.978599609375
769.0 13.81571826171875
770.0 3.3562046875
771.0 13.94273798828125
772.0 10.69070595703125
773.0 11.11887607421875
774.0 10.59791279296875
775.0 11.44135419921875
776.0 9.67904970703125
777.0 11.4394611328125
778.0 9.40053662109375
779.0 12.59834638671875
780.0 10.36516787109375
781.0 13.77860625
782.0 9.82703134765625
783.0 11.50633466796875
784.0 6.4361623046875
785.0 8.9274451171875
786.0 5.06237529296875
787.0 11.23437685546875
788.0 13.32373359375
789.0 5.12773935546875
790.0 9.27512236328125
791.0 13.3842912109375
792.0 7.41240576171875
793.0 11.09894716796875
794.0 9.884628125
795.0 9.0284974609375
796.0 11.6611908203125
797.0 10.7988671875
798.0 7.56236796875
799.0 8.64159091796875
