0.0 10.30680068359375
1.0 11.02911875
2.0 12.63280615234375
3.0 13.60460048828125
4.0 12.55527841796875
5.0 14.47499892578125
6.0 11.68264365234375
7.0 11.69714716796875
8.0 10.19520185546875
9.0 6.52244853515625
10.0 11.84816416015625
11.0 12.284794140625
12.0 12.07242568359375
13.0 12.271303125
14.0 17.4670353515625
15.0 14.6624509765625
16.0 12.46974775390625
17.0 11.829036328125
18.0 12.6036060546875
19.0 12.94513837890625
20.0 11.85789130859375
21.0 9.22677802734375
22.0 8.97277880859375
23.0 12.1444728515625
24.0 12.872434765625
25.0 14.1900494140625
26.0 12.37551611328125
27.0 11.1269552734375
28.0 16.92708994140625
29.0 11.35019052734375
30.0 14.2730537109375
31.0 12.6094544921875
32.0 10.35664052734375
33.0 12.53143486328125
34.0 13.7159693359375
35.0 12.40338623046875
36.0 11.703560546875
37.0 11.45995009765625
38.0 11.33243193359375
39.0 6.9354150390625
40.0 13.3162904296875
41.0 5.7807095703125
42.0 12.923224609375
43.0 9.57557099609375
44.0 8.24663076171875
45.0 6.65317275390625
46.0 6.49776298828125
47.0 8.60190595703125
48.0 7.7685822265625
49.0 3.74817958984375
50.0 7.53339990234375
51.0 10.84543203125
52.0 0.8911341796875
53.0 0.4154490234375
54.0 0.27055556640625
55.0 0.29700546875
56.0 0.31686328125
57.0 4.41459580078125
58.0 5.9622373046875
59.0 1.32550185546875
60.0 6.14929248046875
61.0 5.8543169921875
62.0 4.10034697265625
63.0 0.63022451171875
64.0 1.534683203125
65.0 0.0
66.0 0.0
67.0 0.08316806640625
68.0 0.052001953125
69.0 0.0623322265625
70.0 0.07283779296875
71.0 0.01033017578125
72.0 0.0
73.0 0.0
74.0 0.0
75.0 0.0
76.0 0.0
77.0 0.0
78.0 0.09332265625
79.0 0.26644423828125
80.0 3.7946490234375
81.0 14.2059958984375
82.0 9.75517392578125
83.0 2.44785107421875
84.0 0.659547265625
85.0 1.732898046875
86.0 4.995876171875
87.0 5.4021158203125
88.0 6.3955373046875
89.0 8.02595400390625
90.0 4.58140029296875
91.0 1.5883166015625
92.0 0.12752685546875
93.0 0.1168826171875
94.0 0.293937109375
95.0 0.18769833984375
96.0 0.1773681640625
97.0 3.70565029296875
98.0 0.0
99.0 0.0
100.0 2.76435068359375
101.0 6.36740126953125
102.0 2.00375361328125
103.0 3.67577353515625
104.0 13.38238154296875
105.0 0.75506962890625
106.0 1.52294931640625
107.0 25.76469345703125
108.0 20.71117783203125
109.0 19.73590693359375
110.0 33.57881044921875
111.0 10.94926435546875
112.0 4.3711701171875
113.0 2.15041357421875
114.0 10.18616396484375
115.0 11.38746279296875
116.0 20.511058984375
117.0 1.881844140625
118.0 0.2920533203125
119.0 10.6269951171875
120.0 31.12084609375
121.0 7.51435068359375
122.0 7.585334765625
123.0 7.798973046875
124.0 4.3796037109375
125.0 1.47211103515625
126.0 0.45131708984375
127.0 10.009393359375
128.0 18.35353857421875
129.0 0.91831826171875
130.0 0.3960572265625
131.0 1.964462890625
132.0 0.35697880859375
133.0 1.6273041015625
134.0 1.290737109375
135.0 0.50220107421875
136.0 3.68376162109375
137.0 7.42208310546875
138.0 8.21942998046875
139.0 5.90732265625
140.0 0.96895595703125
141.0 5.81217958984375
142.0 0.0
143.0 0.0
144.0 7.08372568359375
145.0 0.5914626953125
146.0 4.76904951171875
147.0 3.273138671875
148.0 50.24100556640625
149.0 10.3959076171875
150.0 8.78620546875
151.0 1.42472666015625
152.0 0.762689453125
153.0 0.70859521484375
154.0 1.42804716796875
155.0 2.9720078125
156.0 6.605727734375
157.0 3.0885078125
158.0 2.065446484375
159.0 5.5722806640625
160.0 0.543159765625
161.0 1.0009994140625
162.0 1.0445861328125
163.0 0.1773681640625
164.0 0.85514833984375
165.0 0.39640810546875
166.0 0.04149619140625
167.0 0.1355208984375
168.0 0.0
169.0 0.0
170.0 0.0
171.0 0.0
172.0 0.0
173.0 0.0
174.0 0.0
175.0 0.0
176.0 0.0
177.0 0.0
178.0 0.0
179.0 0.0
180.0 0.0
181.0 0.0
182.0 0.0
183.0 0.0
184.0 1.09589140625
185.0 0.027315625
186.0 0.01033017578125
187.0 0.0
188.0 0.0
189.0 0.0
190.0 0.0103302734375
191.0 0.0625076171875
192.0 0.0625076171875
193.0 0.0
194.0 0.0
195.0 0.0
196.0 0.0
197.0 0.0
198.0 0.0
199.0 0.0
200.0 0.0
201.0 0.0
202.0 0.0
203.0 0.0
204.0 0.0
205.0 0.0
206.0 0.0
207.0 0.0
208.0 0.0
209.0 0.0
210.0 0.0
211.0 0.0
212.0 0.0
213.0 0.0
214.0 0.0
215.0 0.0
216.0 0.0
217.0 0.0
218.0 0.0
219.0 0.0
220.0 0.0
221.0 0.8681419921875
222.0 5.3803626953125
223.0 4.92931630859375
224.0 2.49248232421875
225.0 4.9352013671875
226.0 5.5373705078125
227.0 14.207862890625
228.0 10.087651171875
229.0 13.2372544921875
230.0 22.17676796875
231.0 6.43905419921875
232.0 5.25093857421875
233.0 5.06407685546875
234.0 5.17784345703125
235.0 23.72928037109375
236.0 28.1454912109375
237.0 34.730415234375
238.0 36.082833984375
239.0 25.2478931640625
240.0 28.39585078125
241.0 23.63953291015625
242.0 35.59727568359375
243.0 30.763418359375
244.0 17.10689033203125
245.0 22.78696279296875
246.0 9.10725869140625
247.0 9.30269814453125
248.0 1.339491015625
249.0 9.20773134765625
250.0 21.14957421875
251.0 28.470780859375
252.0 15.2478142578125
253.0 12.49103232421875
254.0 15.059835546875
255.0 10.558651953125
256.0 11.85623173828125
257.0 6.8064376953125
258.0 4.5835232421875
259.0 2.46092919921875
260.0 0.3879708984375
261.0 0.90156181640625
262.0 15.9672119140625
263.0 2.68172509765625
264.0 16.6185490234375
265.0 1.4238705078125
266.0 0.20745595703125
267.0 1.17142998046875
268.0 24.8408681640625
269.0 24.7055212890625
270.0 15.65487626953125
271.0 13.39594189453125
272.0 10.98711923828125
273.0 0.2838654296875
274.0 0.0
275.0 0.0
276.0 0.0
277.0 0.0
278.0 0.0
279.0 0.0
280.0 0.0
281.0 0.0
282.0 0.0
283.0 0.0
284.0 0.0
285.0 0.0
286.0 0.0
287.0 0.0
288.0 0.0
289.0 0.0
290.0 0.0
291.0 0.0
292.0 0.0
293.0 0.0
294.0 0.0
295.0 0.0
296.0 0.0
297.0 0.0
298.0 0.0
299.0 0.0
300.0 0.0
301.0 0.0
302.0 0.0
303.0 0.0
304.0 0.0
305.0 0.0
306.0 0.0
307.0 7.51266650390625
308.0 13.171671875
309.0 13.187191796875
310.0 10.22408310546875
311.0 8.73168310546875
312.0 9.319399609375
313.0 9.6667916015625
314.0 8.8251748046875
315.0 7.88793232421875
316.0 7.569358203125
317.0 10.75372919921875
318.0 8.370948828125
319.0 15.33944326171875
320.0 11.721433984375
321.0 11.78852490234375
322.0 12.45984228515625
323.0 12.53958740234375
324.0 12.03862431640625
325.0 11.558815234375
326.0 13.58348857421875
327.0 11.90081171875
328.0 12.80113056640625
329.0 11.656835546875
330.0 8.30244365234375
331.0 14.57491748046875
332.0 12.316178515625
333.0 12.48634287109375
334.0 12.12254248046875
335.0 12.63745771484375
336.0 11.3886392578125
337.0 11.66920615234375
338.0 10.198209765625
339.0 11.60969091796875
340.0 10.7905865234375
341.0 9.29387939453125
342.0 9.8008423828125
343.0 9.39298232421875
344.0 8.97620791015625
345.0 13.8394529296875
346.0 10.55858076171875
347.0 11.063267578125
348.0 9.255887109375
349.0 8.117099609375
350.0 12.48646064453125
351.0 9.8253041015625
352.0 10.2495486328125
353.0 11.03976962890625
354.0 11.6512103515625
355.0 5.946004296875
356.0 15.1010623046875
357.0 11.3636267578125
358.0 8.55355078125
359.0 10.30122998046875
360.0 10.49463818359375
361.0 12.24129404296875
362.0 10.54460869140625
363.0 8.57698349609375
364.0 8.376315234375
365.0 8.29829814453125
366.0 8.98010478515625
367.0 10.26611865234375
368.0 9.32900595703125
369.0 9.7708974609375
370.0 9.43733369140625
371.0 10.65921298828125
372.0 10.85826845703125
373.0 10.55462470703125
374.0 9.779066015625
375.0 10.4824283203125
376.0 10.41279033203125
377.0 10.00733720703125
378.0 7.69021064453125
379.0 8.4407669921875
380.0 7.5117955078125
381.0 9.85248125
382.0 9.42159951171875
383.0 8.43921865234375
384.0 7.280531640625
385.0 6.68603232421875
386.0 6.726208203125
387.0 5.817378515625
388.0 7.075315625
389.0 6.907490625
390.0 6.85873916015625
391.0 4.79148955078125
392.0 10.5305212890625
393.0 7.569444921875
394.0 7.295430078125
395.0 7.46822138671875
396.0 7.2909638671875
397.0 9.433959765625
398.0 8.3361462890625
399.0 6.197890234375
400.0 7.2295314453125
401.0 6.8243677734375
402.0 6.5441609375
403.0 7.42618349609375
404.0 6.2651556640625
405.0 12.43817041015625
406.0 11.4642619140625
407.0 11.04160849609375
408.0 11.26735712890625
409.0 10.20722119140625
410.0 7.3499197265625
411.0 10.3867697265625
412.0 12.15215205078125
413.0 9.29111884765625
414.0 12.43439140625
415.0 6.99170966796875
416.0 0.0
417.0 0.0
418.0 21.95003681640625
419.0 11.29226083984375
420.0 12.04203203125
421.0 11.94512041015625
422.0 12.4176552734375
423.0 13.39626376953125
424.0 10.05303056640625
425.0 9.91165771484375
426.0 10.99165927734375
427.0 10.73422529296875
428.0 11.006015625
429.0 11.9876923828125
430.0 9.47221845703125
431.0 8.65301455078125
432.0 10.0059498046875
433.0 6.74943935546875
434.0 7.4768923828125
435.0 7.80664609375
436.0 7.45360068359375
437.0 6.86885341796875
438.0 6.24529033203125
439.0 6.17736962890625
440.0 6.971446484375
441.0 7.53442421875
442.0 6.9719822265625
443.0 7.80030224609375
444.0 7.51358349609375
445.0 7.5111703125
446.0 7.6939546875
447.0 7.097123046875
448.0 8.2515923828125
449.0 7.48982939453125
450.0 8.51999931640625
451.0 7.80910791015625
452.0 7.07240380859375
453.0 8.595180859375
454.0 8.2615822265625
455.0 8.13034755859375
456.0 7.830924609375
457.0 8.2133115234375
458.0 4.961734765625
459.0 1.847701953125
460.0 5.39782177734375
461.0 6.4310703125
462.0 7.84154677734375
463.0 7.75260087890625
464.0 7.84634326171875
465.0 8.349650390625
466.0 6.9278337890625
467.0 7.19460908203125
468.0 5.23201171875
469.0 8.60892978515625
470.0 6.76597734375
471.0 5.27646728515625
472.0 10.153513671875
473.0 1.12062568359375
474.0 4.95830849609375
475.0 8.119375
476.0 8.84500458984375
477.0 8.22785732421875
478.0 7.77668017578125
479.0 10.47171220703125
480.0 9.77313427734375
481.0 9.29173876953125
482.0 8.43779775390625
483.0 9.00333798828125
484.0 8.9496171875
485.0 7.8829203125
486.0 9.415512890625
487.0 9.70284130859375
488.0 9.671956640625
489.0 10.35125869140625
490.0 11.09992890625
491.0 9.3360060546875
492.0 10.44226259765625
493.0 10.091290234375
494.0 10.78937548828125
495.0 11.18611767578125
496.0 13.10005869140625
497.0 11.88608056640625
498.0 13.4893720703125
499.0 13.61023251953125
500.0 12.953316015625
501.0 11.4698677734375
502.0 12.76994921875
503.0 0.0
504.0 0.0
505.0 29.6973966796875
506.0 11.76968193359375
507.0 10.01136357421875
508.0 13.010052734375
509.0 12.41424931640625
510.0 12.47073212890625
511.0 10.30285849609375
512.0 13.227827734375
513.0 13.86112763671875
514.0 12.0637080078125
515.0 10.481825390625
516.0 11.44181953125
517.0 11.78578583984375
518.0 11.4376123046875
519.0 9.78411064453125
520.0 11.1513908203125
521.0 12.6207068359375
522.0 11.84221171875
523.0 9.342711328125
524.0 9.40673203125
525.0 10.91972919921875
526.0 9.821675390625
527.0 8.5625076171875
528.0 9.096151171875
529.0 10.4242517578125
530.0 9.9088681640625
531.0 8.636951953125
532.0 8.1331958984375
533.0 8.1594181640625
534.0 10.850028515625
535.0 8.32972021484375
536.0 9.59962353515625
537.0 8.175264453125
538.0 13.26267744140625
539.0 6.03209111328125
540.0 9.7144861328125
541.0 12.8120791015625
542.0 10.01420458984375
543.0 10.77513056640625
544.0 6.91996376953125
545.0 8.19364453125
546.0 10.548884765625
547.0 11.3997912109375
548.0 11.0832794921875
549.0 0.0
550.0 0.0
551.0 30.54330126953125
552.0 12.12448134765625
553.0 12.27131806640625
554.0 13.0955248046875
555.0 11.770601953125
556.0 12.670266015625
557.0 12.95028857421875
558.0 11.01362421875
559.0 12.05731689453125
560.0 9.64649111328125
561.0 10.29731796875
562.0 11.552395703125
563.0 12.5929494140625
564.0 10.6723439453125
565.0 11.2836279296875
566.0 9.19176259765625
567.0 11.02146923828125
568.0 8.74002998046875
569.0 8.1635271484375
570.0 7.6635576171875
571.0 7.7789681640625
572.0 9.14513798828125
573.0 10.4779587890625
574.0 10.26398427734375
575.0 12.18080458984375
576.0 11.9958439453125
577.0 10.5351916015625
578.0 6.32582919921875
579.0 14.8698580078125
580.0 7.85707197265625
581.0 14.58140654296875
582.0 12.9888697265625
583.0 12.05231572265625
584.0 9.26428603515625
585.0 13.99183818359375
586.0 11.82129287109375
587.0 13.4332341796875
588.0 14.185247265625
589.0 10.76878623046875
590.0 8.25666220703125
591.0 9.5366302734375
592.0 9.23916767578125
593.0 10.11168974609375
594.0 9.13671572265625
595.0 9.34379287109375
596.0 13.57220048828125
597.0 13.044153125
598.0 11.89032548828125
599.0 10.97945390625
600.0 11.43791455078125
601.0 10.11595390625
602.0 13.65779365234375
603.0 10.0201232421875
604.0 11.5504453125
605.0 6.699457421875
606.0 14.273397265625
607.0 12.14890166015625
608.0 7.7197291015625
609.0 11.0330240234375
610.0 5.67492705078125
611.0 11.91714736328125
612.0 9.89013251953125
613.0 11.404284375
614.0 12.160194921875
615.0 9.568665625
616.0 9.02947021484375
617.0 12.85427734375
618.0 11.65549189453125
619.0 12.65122216796875
620.0 11.33935537109375
621.0 12.5618373046875
622.0 11.4543880859375
623.0 9.789992578125
624.0 11.41376083984375
625.0 9.54764580078125
626.0 10.02813203125
627.0 9.49651103515625
628.0 14.53527138671875
629.0 12.6984625
630.0 10.648494140625
631.0 7.8565861328125
632.0 7.37159501953125
633.0 7.96521279296875
634.0 6.34964169921875
635.0 7.24875
636.0 6.87603857421875
637.0 6.7804908203125
638.0 6.91275458984375
639.0 5.9477654296875
640.0 6.1107875
641.0 1.573415625
642.0 4.1996439453125
643.0 7.360374609375
644.0 6.877531640625
645.0 6.88476279296875
646.0 7.29887890625
647.0 7.1449173828125
648.0 6.470125
649.0 6.88363583984375
650.0 6.4463740234375
651.0 7.2977435546875
652.0 6.07078642578125
653.0 6.2079568359375
654.0 6.73575439453125
655.0 7.55033818359375
656.0 6.81654189453125
657.0 7.3970646484375
658.0 8.6759447265625
659.0 8.26547294921875
660.0 8.270051171875
661.0 6.73825751953125
662.0 6.89319404296875
663.0 9.49825888671875
664.0 6.3447302734375
665.0 6.83332919921875
666.0 8.3155
667.0 8.08680703125
668.0 7.91757294921875
669.0 5.543994921875
670.0 10.28148564453125
671.0 8.8786134765625
672.0 8.96463671875
673.0 7.37348349609375
674.0 7.890366015625
675.0 8.19662373046875
676.0 7.31860126953125
677.0 8.41339658203125
678.0 8.2604125
679.0 6.67052734375
680.0 9.9399125
681.0 7.534928515625
682.0 5.4268205078125
683.0 6.657937890625
684.0 5.5280322265625
685.0 9.4005345703125
686.0 3.01277646484375
687.0 7.83266044921875
688.0 5.96501767578125
689.0 9.58185302734375
690.0 7.492100390625
691.0 7.788580078125
692.0 7.55669580078125
693.0 6.7072798828125
694.0 6.0892435546875
695.0 9.6033025390625
696.0 7.9109779296875
697.0 6.6720603515625
698.0 8.1321447265625
699.0 7.30265224609375
700.0 8.49111083984375
701.0 7.94402919921875
702.0 6.69170361328125
703.0 7.197172265625
704.0 6.98284130859375
705.0 8.07769677734375
706.0 7.43899619140625
707.0 8.25846796875
708.0 5.50872626953125
709.0 11.1562150390625
710.0 8.82382294921875
711.0 8.08130712890625
712.0 6.99889892578125
713.0 6.202209765625
714.0 7.6596732421875
715.0 7.081115625
716.0 7.30269111328125
717.0 6.88100703125
718.0 5.95294794921875
719.0 7.1798326171875
720.0 6.8383498046875
721.0 6.95456708984375
722.0 6.92885078125
723.0 7.47861083984375
724.0 6.7172080078125
725.0 7.6193849609375
726.0 9.143450390625
727.0 10.40216845703125
728.0 7.51270419921875
729.0 3.87577001953125
730.0 6.76954130859375
731.0 4.6817576171875
732.0 7.6933599609375
733.0 7.51541171875
734.0 8.0265533203125
735.0 8.51561875
736.0 7.74890185546875
737.0 7.23502568359375
738.0 4.77832705078125
739.0 9.5110388671875
740.0 8.1699841796875
741.0 9.90889228515625
742.0 9.39192626953125
743.0 8.2166009765625
744.0 7.7000650390625
745.0 6.9474423828125
746.0 11.2608732421875
747.0 11.91503994140625
748.0 9.257074609375
749.0 8.1541580078125
750.0 7.89317001953125
751.0 8.44202158203125
752.0 7.8826205078125
753.0 8.92497080078125
754.0 8.18415634765625
755.0 8.43493603515625
756.0 8.39092099609375
757.0 6.038104296875
758.0 9.75525556640625
759.0 9.1814154296875
760.0 9.02799462890625
761.0 8.8009193359375
762.0 7.05909638671875
763.0 8.387565625
764.0 5.79272724609375
765.0 7.38181025390625
766.0 10.89155537109375
767.0 6.536592578125
768.0 10.05747197265625
769.0 7.790023828125
770.0 5.1777908203125
771.0 5.1009576171875
772.0 6.33376796875
773.0 4.1890865234375
774.0 6.3991427734375
775.0 7.44250107421875
776.0 6.65736025390625
777.0 8.23757294921875
778.0 8.3403974609375
779.0 8.401946875
780.0 5.60647353515625
781.0 6.16954501953125
782.0 3.825805078125
783.0 3.789043359375
784.0 8.53319599609375
785.0 7.537617578125
786.0 11.34191650390625
787.0 11.48332275390625
788.0 9.725589453125
789.0 11.76010537109375
790.0 8.7947447265625
791.0 7.09870625
792.0 6.66724677734375
793.0 9.2768412109375
794.0 7.03527919921875
795.0 7.824576171875
796.0 0.0
797.0 0.0
798.0 21.6865599609375
799.0 14.37989306640625
