0.0 3.63672001953125
1.0 7.52321708984375
2.0 6.55429599609375
3.0 9.85839365234375
4.0 4.36575400390625
5.0 6.84439404296875
6.0 7.06883408203125
7.0 3.79941220703125
8.0 6.16579619140625
9.0 8.65229931640625
10.0 5.2428998046875
11.0 4.450506640625
12.0 4.493640234375
13.0 10.222842578125
14.0 6.72141728515625
15.0 6.2684640625
16.0 5.6473427734375
17.0 6.65161591796875
18.0 8.255094140625
19.0 6.80405595703125
20.0 5.8093220703125
21.0 7.64675166015625
22.0 9.49785224609375
23.0 8.9636154296875
24.0 6.79612919921875
25.0 4.22866396484375
26.0 3.39602314453125
27.0 6.09361826171875
28.0 6.57192431640625
29.0 5.59596875
30.0 4.33378525390625
31.0 5.66565419921875
32.0 5.47581494140625
33.0 3.28337119140625
34.0 5.565715234375
35.0 5.64533447265625
36.0 5.87906435546875
37.0 8.15009912109375
38.0 5.3421078125
39.0 5.999622265625
40.0 4.244894140625
41.0 7.149584765625
42.0 4.94366181640625
43.0 4.32862822265625
44.0 6.54380546875
45.0 4.94624755859375
46.0 5.48717080078125
47.0 10.2735462890625
48.0 7.138830078125
49.0 6.58824765625
50.0 6.7551078125
51.0 4.62719326171875
52.0 5.64497275390625
53.0 4.7553515625
54.0 4.36958740234375
55.0 4.778307421875
56.0 4.48555390625
57.0 4.7404396484375
58.0 8.7502322265625
59.0 8.20978740234375
60.0 7.67146171875
61.0 10.2168986328125
62.0 4.54883662109375
63.0 11.5319240234375
64.0 3.64159111328125
65.0 5.22278583984375
66.0 6.73866357421875
67.0 6.45337841796875
68.0 5.94665556640625
69.0 5.57158212890625
70.0 7.73148466796875
71.0 8.2277818359375
72.0 5.804813671875
73.0 5.06169013671875
74.0 6.2173439453125
75.0 7.5340408203125
76.0 10.28856748046875
77.0 0.0
78.0 0.0
79.0 0.0
80.0 0.4016642578125
81.0 26.68864384765625
82.0 8.9443201171875
83.0 8.074458203125
84.0 5.5105681640625
85.0 6.25960087890625
86.0 7.10347607421875
87.0 6.26281572265625
88.0 6.144713671875
89.0 6.49172236328125
90.0 8.4558314453125
91.0 6.590250390625
92.0 6.210801953125
93.0 6.8167876953125
94.0 7.524210546875
95.0 8.91013330078125
96.0 7.54147158203125
97.0 9.70621123046875
98.0 7.04770498046875
99.0 5.72136455078125
100.0 5.7219482421875
101.0 5.60295458984375
102.0 5.7217419921875
103.0 5.477237890625
104.0 5.70916904296875
105.0 5.66094697265625
106.0 4.30141455078125
107.0 6.36616806640625
108.0 5.029707421875
109.0 5.965118359375
110.0 5.94077724609375
111.0 3.2349107421875
112.0 1.63881630859375
113.0 5.35997080078125
114.0 3.77840400390625
115.0 5.570848046875
116.0 3.9936423828125
117.0 3.1208365234375
118.0 5.41982109375
119.0 5.31637197265625
120.0 5.18812509765625
121.0 4.61920166015625
122.0 4.8515203125
123.0 4.5108884765625
124.0 5.54162763671875
125.0 4.37414306640625
126.0 5.61696630859375
127.0 4.1755716796875
128.0 7.197821875
129.0 7.02685810546875
130.0 6.51022587890625
131.0 6.90714267578125
132.0 7.3158732421875
133.0 6.64068525390625
134.0 6.700548046875
135.0 6.962392578125
136.0 4.92444951171875
137.0 8.2123115234375
138.0 6.97375498046875
139.0 6.887625
140.0 8.14781943359375
141.0 9.31243115234375
142.0 9.24429140625
143.0 7.89772763671875
144.0 13.1547166015625
145.0 16.2255515625
146.0 10.6482591796875
147.0 9.9843435546875
148.0 7.7931669921875
149.0 11.10112646484375
150.0 11.0013220703125
151.0 9.99284150390625
152.0 11.06904326171875
153.0 10.640115625
154.0 14.07925029296875
155.0 9.93198564453125
156.0 15.33481953125
157.0 10.7551689453125
158.0 8.256326171875
159.0 6.89548994140625
160.0 10.360838671875
161.0 12.26490947265625
162.0 9.32329453125
163.0 8.33877841796875
164.0 10.736209765625
165.0 9.03291875
166.0 7.4397236328125
167.0 5.8162859375
168.0 10.3064431640625
169.0 11.01824111328125
170.0 8.53610166015625
171.0 5.884851953125
172.0 0.0431775390625
173.0 0.3951798828125
174.0 8.019448828125
175.0 4.939418359375
176.0 8.9086900390625
177.0 9.58463369140625
178.0 8.23823037109375
179.0 12.95671318359375
180.0 8.69798466796875
181.0 9.2836326171875
182.0 8.995559375
183.0 8.83657890625
184.0 7.79114677734375
185.0 6.8603224609375
186.0 6.4978267578125
187.0 10.1015966796875
188.0 11.07747451171875
189.0 10.184459765625
190.0 6.86386240234375
191.0 7.55844443359375
192.0 8.6831318359375
193.0 8.46209775390625
194.0 9.214074609375
195.0 6.61931513671875
196.0 6.5725322265625
197.0 8.88619072265625
198.0 11.02565947265625
199.0 8.0447326171875
200.0 6.4117423828125
201.0 6.16717265625
202.0 5.8985142578125
203.0 9.26507998046875
204.0 8.37306904296875
205.0 9.19674208984375
206.0 8.22265625
207.0 8.24023583984375
208.0 6.2064763671875
209.0 7.64703564453125
210.0 10.6825541015625
211.0 6.562327734375
212.0 7.8967400390625
213.0 7.310398828125
214.0 8.16860947265625
215.0 6.31454345703125
216.0 6.81141083984375
217.0 5.63794931640625
218.0 7.38994833984375
219.0 12.41003515625
220.0 4.07160361328125
221.0 5.08759306640625
222.0 3.33782646484375
223.0 4.464865625
224.0 4.4417857421875
225.0 4.46681611328125
226.0 3.89245869140625
227.0 5.39359482421875
228.0 10.76040439453125
229.0 7.59107841796875
230.0 5.0187744140625
231.0 4.8372591796875
232.0 0.2702818359375
233.0 1.56168271484375
234.0 7.4507271484375
235.0 8.74259150390625
236.0 7.07480556640625
237.0 4.64032939453125
238.0 6.98315166015625
239.0 5.640426171875
240.0 4.13151728515625
241.0 9.34786611328125
242.0 7.67007841796875
243.0 5.548503515625
244.0 5.2573779296875
245.0 6.67235009765625
246.0 5.17179482421875
247.0 5.41669208984375
248.0 7.51285556640625
249.0 8.4944109375
250.0 6.28474287109375
251.0 8.834734375
252.0 9.86475576171875
253.0 8.57112900390625
254.0 6.8158189453125
255.0 5.643083203125
256.0 7.78836923828125
257.0 7.206266015625
258.0 9.508083203125
259.0 8.62252119140625
260.0 7.52624453125
261.0 10.977361328125
262.0 6.9398953125
263.0 9.70817275390625
264.0 11.084508984375
265.0 7.53297236328125
266.0 7.968216015625
267.0 2.026803125
268.0 0.1771927734375
269.0 4.1437486328125
270.0 9.88200908203125
271.0 10.90543720703125
272.0 9.936169921875
273.0 6.45973466796875
274.0 10.6497720703125
275.0 11.7200833984375
276.0 14.3291990234375
277.0 10.825422265625
278.0 10.0082328125
279.0 7.5891130859375
280.0 8.791258203125
281.0 9.43908271484375
282.0 10.2715326171875
283.0 7.81711552734375
284.0 10.11790126953125
285.0 8.26181787109375
286.0 9.64341572265625
287.0 7.6683681640625
288.0 6.9231626953125
289.0 7.362774609375
290.0 9.10923857421875
291.0 9.862859765625
292.0 8.4839287109375
293.0 6.796963671875
294.0 6.96821943359375
295.0 6.363341796875
296.0 5.9818984375
297.0 6.192575390625
298.0 2.7544892578125
299.0 5.801603125
300.0 5.0996662109375
301.0 5.65582744140625
302.0 5.2370259765625
303.0 6.39278623046875
304.0 3.4838078125
305.0 6.08841845703125
306.0 4.51165986328125
307.0 4.5577251953125
308.0 5.26965224609375
309.0 4.40246904296875
310.0 4.85355009765625
311.0 4.5895736328125
312.0 6.109659765625
313.0 5.4754857421875
314.0 4.576797265625
315.0 4.41025361328125
316.0 4.85976162109375
317.0 5.208745703125
318.0 5.47998603515625
319.0 4.49834931640625
320.0 5.3691375
321.0 4.47700625
322.0 5.543455859375
323.0 5.65490234375
324.0 4.80913310546875
325.0 4.49137041015625
326.0 5.01176240234375
327.0 3.98884365234375
328.0 6.1667779296875
329.0 3.15319248046875
330.0 5.64504345703125
331.0 6.13124521484375
332.0 10.43721494140625
333.0 8.202336328125
334.0 12.12080830078125
335.0 10.0151453125
336.0 7.77633935546875
337.0 4.2543615234375
338.0 4.88160859375
339.0 4.83787958984375
340.0 7.80509560546875
341.0 7.73389638671875
342.0 6.08729970703125
343.0 6.3285740234375
344.0 5.8958125
345.0 8.65832236328125
346.0 7.6750791015625
347.0 8.71817060546875
348.0 4.0476951171875
349.0 4.5271736328125
350.0 8.2274337890625
351.0 5.7913328125
352.0 4.8298455078125
353.0 4.82826259765625
354.0 4.40621513671875
355.0 5.28720498046875
356.0 7.03486142578125
357.0 5.58484931640625
358.0 8.6149599609375
359.0 6.94717451171875
360.0 7.94538662109375
361.0 7.66551298828125
362.0 5.8817939453125
363.0 4.81959404296875
364.0 4.43770849609375
365.0 4.56572470703125
366.0 5.1338130859375
367.0 5.727501953125
368.0 4.7582322265625
369.0 4.24053486328125
370.0 3.9035544921875
371.0 9.28959833984375
372.0 7.13019375
373.0 6.5907861328125
374.0 8.46603466796875
375.0 10.858465234375
376.0 14.3542376953125
377.0 8.71177099609375
378.0 10.97554560546875
379.0 8.57858955078125
380.0 9.1221482421875
381.0 6.8947966796875
382.0 6.02165146484375
383.0 5.724684765625
384.0 7.922328125
385.0 6.539216015625
386.0 5.923082421875
387.0 3.6606564453125
388.0 13.420298046875
389.0 6.54080439453125
390.0 7.3828599609375
391.0 8.35208984375
392.0 13.10902470703125
393.0 7.87594638671875
394.0 11.0829462890625
395.0 11.44532841796875
396.0 7.1102560546875
397.0 6.6561517578125
398.0 7.89846416015625
399.0 9.25807939453125
400.0 5.80685
401.0 6.6386607421875
402.0 6.8247837890625
403.0 8.14739013671875
404.0 6.71567392578125
405.0 8.194807421875
406.0 8.05250576171875
407.0 7.2237517578125
408.0 5.54410908203125
409.0 3.9722302734375
410.0 7.68626298828125
411.0 6.06768896484375
412.0 6.32971572265625
413.0 6.5733115234375
414.0 6.239669140625
415.0 9.5084427734375
416.0 13.69523603515625
417.0 10.20617646484375
418.0 3.211747265625
419.0 7.0669443359375
420.0 8.114298046875
421.0 10.76384951171875
422.0 8.728653125
423.0 7.90099453125
424.0 12.527969140625
425.0 11.9698912109375
426.0 10.44674560546875
427.0 4.8491978515625
428.0 5.10738876953125
429.0 15.581277734375
430.0 11.9744796875
431.0 8.66826494140625
432.0 11.8612419921875
433.0 8.23266142578125
434.0 11.5242958984375
435.0 7.93759951171875
436.0 19.51180791015625
437.0 13.18239111328125
438.0 6.3378689453125
439.0 6.55925830078125
440.0 7.63772041015625
441.0 7.79288896484375
442.0 9.36911044921875
443.0 12.08588583984375
444.0 9.4799833984375
445.0 13.49678720703125
446.0 13.3543736328125
447.0 14.59812880859375
448.0 10.1358166015625
449.0 8.62842197265625
450.0 5.646293359375
451.0 6.76919658203125
452.0 11.71416201171875
453.0 6.7417166015625
454.0 9.70853408203125
455.0 8.317951171875
456.0 9.54381005859375
457.0 9.63039296875
458.0 7.39729990234375
459.0 9.7837625
460.0 4.67129091796875
461.0 6.1548466796875
462.0 9.6794279296875
463.0 6.8291630859375
464.0 11.973403515625
465.0 8.42504345703125
466.0 3.4113294921875
467.0 4.6084173828125
468.0 4.9396625
469.0 5.112933203125
470.0 4.22319677734375
471.0 3.44652685546875
472.0 4.90453935546875
473.0 6.54777509765625
474.0 5.77226923828125
475.0 5.29992763671875
476.0 4.16581904296875
477.0 4.165197265625
478.0 4.2208857421875
479.0 4.649339453125
480.0 4.566096875
481.0 4.3755462890625
482.0 4.1399802734375
483.0 4.88591796875
484.0 5.5763068359375
485.0 5.1869142578125
486.0 4.38133837890625
487.0 4.321732421875
488.0 3.80568720703125
489.0 4.28388046875
490.0 4.6580341796875
491.0 4.6860212890625
492.0 5.34203662109375
493.0 4.92434931640625
494.0 4.15090185546875
495.0 5.58383515625
496.0 4.55940869140625
497.0 4.48598076171875
498.0 4.44226630859375
499.0 4.4528078125
500.0 5.35504072265625
501.0 4.12412802734375
502.0 5.52116025390625
503.0 5.8869087890625
504.0 5.43611201171875
505.0 6.52272470703125
506.0 5.95428076171875
507.0 4.87401220703125
508.0 9.50558642578125
509.0 10.0249451171875
510.0 7.03009638671875
511.0 8.25381728515625
512.0 4.428348046875
513.0 6.648090234375
514.0 5.842678125
515.0 12.20983623046875
516.0 11.13333916015625
517.0 7.611178125
518.0 9.99797578125
519.0 14.40642900390625
520.0 6.6978994140625
521.0 4.08927451171875
522.0 7.38870341796875
523.0 6.6034548828125
524.0 8.1125283203125
525.0 10.2393623046875
526.0 8.9435291015625
527.0 7.61984482421875
528.0 3.88421279296875
529.0 7.3478640625
530.0 9.1394068359375
531.0 8.02514970703125
532.0 5.32630908203125
533.0 4.533258203125
534.0 7.50274404296875
535.0 2.346505078125
536.0 10.1744953125
537.0 5.0300130859375
538.0 4.80552001953125
539.0 7.49381240234375
540.0 4.22123388671875
541.0 5.730825
542.0 1.3157154296875
543.0 4.01868125
544.0 6.7033869140625
545.0 11.051768359375
546.0 7.86242080078125
547.0 8.64085087890625
548.0 10.6574076171875
549.0 11.041009765625
550.0 6.49151513671875
551.0 8.80869814453125
552.0 8.20788603515625
553.0 7.6582306640625
554.0 6.7968005859375
555.0 6.60764130859375
556.0 5.61592216796875
557.0 9.20140087890625
558.0 2.780109375
559.0 5.94139052734375
560.0 3.62903251953125
561.0 7.53184755859375
562.0 10.0103630859375
563.0 7.29481689453125
564.0 10.857237109375
565.0 6.94801123046875
566.0 5.62850029296875
567.0 7.66236201171875
568.0 5.8967640625
569.0 4.97859755859375
570.0 5.8140634765625
571.0 6.0260736328125
572.0 8.108677734375
573.0 5.97414912109375
574.0 7.8122421875
575.0 5.71891806640625
576.0 11.19293154296875
577.0 2.23101650390625
578.0 5.36545908203125
579.0 10.9036015625
580.0 11.29461884765625
581.0 6.3550224609375
582.0 5.64634208984375
583.0 6.4705513671875
584.0 7.50297490234375
585.0 5.21820654296875
586.0 5.7100025390625
587.0 6.22370078125
588.0 4.92196162109375
589.0 6.225312109375
590.0 5.42488466796875
591.0 7.37185869140625
592.0 4.838501171875
593.0 6.6270578125
594.0 8.38002333984375
595.0 9.047699609375
596.0 10.90114482421875
597.0 9.516587890625
598.0 6.62745498046875
599.0 5.22319658203125
600.0 7.95433037109375
601.0 5.5330453125
602.0 5.3044716796875
603.0 10.8304732421875
604.0 8.01598251953125
605.0 12.1425271484375
606.0 7.53974970703125
607.0 7.07661630859375
608.0 7.385230078125
609.0 9.19026728515625
610.0 6.24975859375
611.0 8.69422841796875
612.0 5.40689541015625
613.0 5.3237837890625
614.0 3.445224609375
615.0 7.66824833984375
616.0 10.24294482421875
617.0 14.8926013671875
618.0 8.7547900390625
619.0 7.99921552734375
620.0 4.88838349609375
621.0 5.903453515625
622.0 2.11886484375
623.0 4.14118046875
624.0 3.770307421875
625.0 2.134361328125
626.0 3.4673765625
627.0 2.56366533203125
628.0 2.8463384765625
629.0 4.02602626953125
630.0 3.57641162109375
631.0 3.68651220703125
632.0 3.182384375
633.0 1.954471484375
634.0 0.82871064453125
635.0 1.761772265625
636.0 8.84021875
637.0 7.27333828125
638.0 6.07405947265625
639.0 6.20157783203125
640.0 5.67126435546875
641.0 4.2608154296875
642.0 1.551721484375
643.0 2.94922412109375
644.0 2.85227275390625
645.0 2.86006005859375
646.0 0.21148056640625
647.0 3.481503515625
648.0 4.98075712890625
649.0 5.137846875
650.0 5.62102900390625
651.0 4.0475923828125
652.0 3.0130650390625
653.0 5.73778515625
654.0 4.29251796875
655.0 6.80576357421875
656.0 1.27544228515625
657.0 3.010465234375
658.0 5.12443720703125
659.0 4.93024052734375
660.0 6.13903154296875
661.0 5.513129296875
662.0 5.353539453125
663.0 4.83738603515625
664.0 5.7190203125
665.0 5.0523205078125
666.0 6.035626171875
667.0 5.38262880859375
668.0 5.3039501953125
669.0 3.32208583984375
670.0 5.92315224609375
671.0 5.591088671875
672.0 4.59286396484375
673.0 5.447999609375
674.0 5.40275166015625
675.0 2.71034130859375
676.0 4.866445703125
677.0 5.850915234375
678.0 1.13726142578125
679.0 3.1126626953125
680.0 5.2896689453125
681.0 3.394898046875
682.0 6.13772001953125
683.0 4.88022783203125
684.0 4.6044248046875
685.0 9.54291650390625
686.0 9.3583267578125
687.0 3.14785087890625
688.0 0.04167177734375
689.0 0.353858984375
690.0 0.0
691.0 0.0
692.0 0.0
693.0 0.0
694.0 0.0
695.0 0.0
696.0 0.0
697.0 0.0
698.0 0.0
699.0 0.13264462890625
700.0 2.30976689453125
701.0 5.85831357421875
702.0 5.1317716796875
703.0 4.2006458984375
704.0 4.51058056640625
705.0 6.00144814453125
706.0 4.76478310546875
707.0 5.58756806640625
708.0 6.2984328125
709.0 5.295084375
710.0 6.5580697265625
711.0 6.07330380859375
712.0 5.7064865234375
713.0 6.74454423828125
714.0 4.68011513671875
715.0 4.0961828125
716.0 3.87795751953125
717.0 3.239515625
718.0 2.42496689453125
719.0 2.02382958984375
720.0 2.94911875
721.0 0.80729521484375
722.0 4.83065869140625
723.0 2.9761560546875
724.0 3.8613662109375
725.0 2.49817939453125
726.0 1.82280322265625
727.0 4.1403998046875
728.0 5.02871630859375
729.0 4.80203310546875
730.0 5.49429228515625
731.0 5.34935693359375
732.0 4.60063916015625
733.0 5.622367578125
734.0 5.83918837890625
735.0 5.9216283203125
736.0 5.4487220703125
737.0 5.44743125
738.0 3.20643740234375
739.0 4.2741642578125
740.0 4.03264619140625
741.0 4.5147919921875
742.0 5.42127724609375
743.0 6.0688455078125
744.0 5.8896982421875
745.0 6.205870703125
746.0 5.99036171875
747.0 5.35017578125
748.0 6.2411080078125
749.0 6.4184029296875
750.0 6.2737080078125
751.0 6.872303515625
752.0 7.76318056640625
753.0 10.75049208984375
754.0 14.383155859375
755.0 13.27957802734375
756.0 5.29123818359375
757.0 5.13321162109375
758.0 8.91236484375
759.0 5.7974509765625
760.0 5.9680904296875
761.0 6.0627576171875
762.0 5.72387958984375
763.0 4.5352177734375
764.0 4.19863818359375
765.0 4.275939453125
766.0 6.00321494140625
767.0 4.09540546875
768.0 5.83350556640625
769.0 4.8115439453125
770.0 6.16919404296875
771.0 4.72244794921875
772.0 4.6065873046875
773.0 3.96343740234375
774.0 5.839905078125
775.0 5.2841390625
776.0 5.537847265625
777.0 4.24850908203125
778.0 5.80334541015625
779.0 4.46970546875
780.0 5.54120908203125
781.0 4.663522265625
782.0 6.10716484375
783.0 5.3047072265625
784.0 3.8446271484375
785.0 5.227283203125
786.0 5.278450390625
787.0 5.5187677734375
788.0 4.51054755859375
789.0 5.2062806640625
790.0 5.3379921875
791.0 5.39951884765625
792.0 4.77598447265625
793.0 5.30430556640625
794.0 5.18840556640625
795.0 3.9730232421875
796.0 5.78117529296875
797.0 5.3657875
798.0 8.4454330078125
799.0 8.73917880859375
