0.0 8.20983994140625
1.0 10.4854451171875
2.0 8.9812640625
3.0 8.87457568359375
4.0 6.32969736328125
5.0 10.5481755859375
6.0 10.56101240234375
7.0 11.24120537109375
8.0 10.24678505859375
9.0 8.60757294921875
10.0 9.54358076171875
11.0 10.61001533203125
12.0 10.34852470703125
13.0 10.60613271484375
14.0 12.19702880859375
15.0 10.567312109375
16.0 2.02502919921875
17.0 0.3702041015625
18.0 0.74089482421875
19.0 0.26277177734375
20.0 4.159040625
21.0 10.5612986328125
22.0 10.4524390625
23.0 12.2633564453125
24.0 8.07854384765625
25.0 15.26261005859375
26.0 10.24155654296875
27.0 10.74071455078125
28.0 10.48088857421875
29.0 7.77449765625
30.0 10.67956650390625
31.0 9.495168359375
32.0 8.46895087890625
33.0 5.5581490234375
34.0 11.0371798828125
35.0 8.8358625
36.0 7.98884716796875
37.0 9.96766201171875
38.0 11.5788541015625
39.0 10.9898119140625
40.0 10.3844177734375
41.0 11.38891806640625
42.0 10.4485646484375
43.0 9.45682001953125
44.0 9.5813546875
45.0 11.6656271484375
46.0 12.53791875
47.0 13.12472919921875
48.0 11.9316384765625
49.0 11.87207607421875
50.0 12.30002548828125
51.0 10.5051509765625
52.0 12.04089375
53.0 13.22352236328125
54.0 13.33860673828125
55.0 11.66570810546875
56.0 11.26256513671875
57.0 10.4120283203125
58.0 10.5917294921875
59.0 12.06450615234375
60.0 11.3559083984375
61.0 11.26197255859375
62.0 11.27126630859375
63.0 11.1761421875
64.0 3.86462998046875
65.0 13.10471865234375
66.0 12.24800087890625
67.0 13.07351162109375
68.0 9.90394765625
69.0 12.24157490234375
70.0 12.7361298828125
71.0 12.524702734375
72.0 10.699912109375
73.0 12.25870546875
74.0 11.99190234375
75.0 10.44620966796875
76.0 12.1338591796875
77.0 11.75564404296875
78.0 12.5229884765625
79.0 5.0288705078125
80.0 0.30059736328125
81.0 0.8406484375
82.0 7.4202125
83.0 12.0979556640625
84.0 12.93096728515625
85.0 11.8895712890625
86.0 2.5410953125
87.0 0.34410244140625
88.0 1.28891396484375
89.0 3.2278173828125
90.0 11.69990302734375
91.0 10.03716171875
92.0 7.39475908203125
93.0 8.26247099609375
94.0 14.9073736328125
95.0 11.39949482421875
96.0 12.44499775390625
97.0 10.96354228515625
98.0 9.7252796875
99.0 10.94005517578125
100.0 11.65556708984375
101.0 8.469073046875
102.0 8.1509412109375
103.0 11.7523482421875
104.0 11.56518505859375
105.0 11.5080861328125
106.0 10.0610744140625
107.0 11.73238193359375
108.0 10.81569140625
109.0 12.269673828125
110.0 8.78043623046875
111.0 11.5101638671875
112.0 12.2918587890625
113.0 10.7373625
114.0 11.950240625
115.0 12.1580033203125
116.0 12.9329494140625
117.0 10.60142568359375
118.0 12.4007404296875
119.0 12.9387369140625
120.0 10.4954400390625
121.0 11.389843359375
122.0 11.055548046875
123.0 9.8764291015625
124.0 9.3226275390625
125.0 10.13731923828125
126.0 11.61183447265625
127.0 12.2240732421875
128.0 11.44809619140625
129.0 12.33435517578125
130.0 11.275060546875
131.0 10.72625380859375
132.0 11.014526953125
133.0 11.4405400390625
134.0 12.57453359375
135.0 11.6265796875
136.0 12.87023779296875
137.0 11.58201787109375
138.0 9.169428515625
139.0 12.10773154296875
140.0 11.032778515625
141.0 11.87156533203125
142.0 10.308152734375
143.0 11.41008740234375
144.0 11.78983232421875
145.0 10.42902998046875
146.0 8.69729267578125
147.0 10.50984677734375
148.0 10.98013955078125
149.0 10.4779041015625
150.0 9.451944921875
151.0 9.75531552734375
152.0 10.41363212890625
153.0 8.474980078125
154.0 9.12202724609375
155.0 5.63595927734375
156.0 6.252030859375
157.0 10.188297265625
158.0 12.19047939453125
159.0 10.30571806640625
160.0 8.758710546875
161.0 11.69290966796875
162.0 10.62781611328125
163.0 11.57284140625
164.0 11.7749345703125
165.0 10.33175830078125
166.0 10.08502421875
167.0 11.85453310546875
168.0 10.5593107421875
169.0 11.65534189453125
170.0 11.03677060546875
171.0 9.57465927734375
172.0 9.0306564453125
173.0 6.12558408203125
174.0 10.647808984375
175.0 7.794546875
176.0 8.78785830078125
177.0 6.14146240234375
178.0 9.8109130859375
179.0 11.2273734375
180.0 10.0509638671875
181.0 8.93039267578125
182.0 7.56842890625
183.0 8.3872439453125
184.0 10.6551373046875
185.0 9.83392177734375
186.0 6.34150126953125
187.0 6.5691833984375
188.0 10.7060369140625
189.0 7.68407841796875
190.0 9.48940830078125
191.0 9.28248583984375
192.0 8.7730845703125
193.0 9.40256474609375
194.0 5.66379853515625
195.0 8.5296287109375
196.0 11.03111220703125
197.0 9.9339373046875
198.0 9.7662884765625
199.0 7.25352734375
200.0 9.2091587890625
201.0 9.956508984375
202.0 10.749690625
203.0 11.2669978515625
204.0 9.24570869140625
205.0 11.12925986328125
206.0 10.48752705078125
207.0 8.6758080078125
208.0 10.18522255859375
209.0 9.9532107421875
210.0 10.74570361328125
211.0 10.446166015625
212.0 9.1802951171875
213.0 10.5898958984375
214.0 11.307885546875
215.0 11.0814984375
216.0 10.33856796875
217.0 11.9004361328125
218.0 9.48175205078125
219.0 9.84898193359375
220.0 9.30823232421875
221.0 8.7069134765625
222.0 8.323234765625
223.0 9.2252328125
224.0 8.22074755859375
225.0 7.3563611328125
226.0 10.4064748046875
227.0 7.9179681640625
228.0 5.2621396484375
229.0 2.83360087890625
230.0 9.4175134765625
231.0 10.40093623046875
232.0 9.61923037109375
233.0 11.6019072265625
234.0 11.42044541015625
235.0 11.64848583984375
236.0 9.26177021484375
237.0 11.5875982421875
238.0 9.721545703125
239.0 11.2593318359375
240.0 7.58735791015625
241.0 8.4359052734375
242.0 9.9512462890625
243.0 11.431403515625
244.0 10.25453134765625
245.0 10.99165537109375
246.0 11.28608740234375
247.0 12.08295517578125
248.0 10.74566025390625
249.0 7.2851291015625
250.0 13.19994130859375
251.0 12.03689873046875
252.0 11.255078125
253.0 10.652572265625
254.0 11.0922259765625
255.0 11.293807421875
256.0 9.89129423828125
257.0 8.3265958984375
258.0 11.7993345703125
259.0 12.85543837890625
260.0 12.9013994140625
261.0 9.690175
262.0 6.471159765625
263.0 12.95219931640625
264.0 12.25619169921875
265.0 12.83991953125
266.0 10.29209892578125
267.0 10.4965701171875
268.0 9.96216796875
269.0 9.797813671875
270.0 4.394437109375
271.0 5.8425833984375
272.0 12.23549814453125
273.0 12.267645703125
274.0 12.26637998046875
275.0 10.6310224609375
276.0 11.1876623046875
277.0 13.44347158203125
278.0 10.16021171875
279.0 12.22637392578125
280.0 12.408435546875
281.0 11.9946068359375
282.0 8.98597529296875
283.0 12.321159375
284.0 11.98543505859375
285.0 10.6557564453125
286.0 12.3201666015625
287.0 12.1043525390625
288.0 11.3192646484375
289.0 11.0949404296875
290.0 7.06628349609375
291.0 10.38882578125
292.0 12.5054591796875
293.0 11.18627041015625
294.0 6.95275693359375
295.0 11.5427400390625
296.0 10.36418154296875
297.0 10.801666015625
298.0 11.08747841796875
299.0 11.9479619140625
300.0 8.86799326171875
301.0 10.35959091796875
302.0 9.22979365234375
303.0 9.1355806640625
304.0 8.8128294921875
305.0 5.59437802734375
306.0 5.17562587890625
307.0 3.1703765625
308.0 3.12839072265625
309.0 3.5645296875
310.0 7.1238587890625
311.0 10.110766796875
312.0 7.27248505859375
313.0 2.02213291015625
314.0 0.2177892578125
315.0 0.062880859375
316.0 0.10382841796875
317.0 0.0934982421875
318.0 0.13517001953125
319.0 0.37416826171875
320.0 1.702063671875
321.0 1.880303125
322.0 2.7651169921875
323.0 0.9955431640625
324.0 1.9502021484375
325.0 1.82038369140625
326.0 6.878815625
327.0 10.885796484375
328.0 10.3244302734375
329.0 10.6517962890625
330.0 3.4478193359375
331.0 0.286378125
332.0 0.1364560546875
333.0 5.44645546875
334.0 12.2358259765625
335.0 9.022344921875
336.0 0.6768037109375
337.0 3.07264912109375
338.0 9.360077734375
339.0 10.4391390625
340.0 12.05792021484375
341.0 11.39275966796875
342.0 10.36069853515625
343.0 11.2469904296875
344.0 11.72718671875
345.0 6.32173076171875
346.0 1.86768349609375
347.0 0.19868291015625
348.0 0.375045703125
349.0 4.3936486328125
350.0 8.46326611328125
351.0 6.4937041015625
352.0 9.99797958984375
353.0 10.277468359375
354.0 7.3216869140625
355.0 11.3176171875
356.0 12.34552099609375
357.0 12.6457185546875
358.0 11.8187712890625
359.0 11.52834716796875
360.0 9.66897841796875
361.0 13.032280859375
362.0 11.5142740234375
363.0 12.71676171875
364.0 12.38957646484375
365.0 11.33746513671875
366.0 9.82483759765625
367.0 4.89524208984375
368.0 12.07089775390625
369.0 9.55119267578125
370.0 11.7632322265625
371.0 9.8965666015625
372.0 14.01274970703125
373.0 1.5178240234375
374.0 0.291000390625
375.0 13.30674853515625
376.0 11.11638203125
377.0 11.2468150390625
378.0 11.2139865234375
379.0 11.81028134765625
380.0 10.4240630859375
381.0 11.88780419921875
382.0 5.81256044921875
383.0 10.80469111328125
384.0 12.12095810546875
385.0 3.87834423828125
386.0 5.0149765625
387.0 9.8137017578125
388.0 2.00762900390625
389.0 4.46204541015625
390.0 10.14637216796875
391.0 0.4376357421875
392.0 2.66638095703125
393.0 11.4263767578125
394.0 9.83423544921875
395.0 9.5209462890625
396.0 11.168096484375
397.0 11.10020966796875
398.0 7.16384326171875
399.0 11.24422197265625
400.0 11.32365771484375
401.0 9.96442958984375
402.0 8.7940005859375
403.0 10.03656474609375
404.0 8.98779443359375
405.0 9.64952353515625
406.0 8.7589337890625
407.0 10.47453486328125
408.0 9.74463740234375
409.0 8.80137626953125
410.0 9.4037884765625
411.0 4.40107958984375
412.0 0.3125380859375
413.0 0.1770171875
414.0 3.75364521484375
415.0 9.76573837890625
416.0 10.063535546875
417.0 7.54869345703125
418.0 10.14774501953125
419.0 10.38588642578125
420.0 10.769530859375
421.0 9.46657275390625
422.0 8.3055048828125
423.0 8.5644955078125
424.0 9.47058759765625
425.0 9.20256650390625
426.0 7.337998828125
427.0 9.80894482421875
428.0 10.524690234375
429.0 9.243673828125
430.0 9.72649296875
431.0 6.7360173828125
432.0 11.11541630859375
433.0 11.235650390625
434.0 10.3298482421875
435.0 9.718539453125
436.0 9.02527080078125
437.0 9.7145224609375
438.0 10.3956958984375
439.0 9.3908236328125
440.0 7.1732076171875
441.0 7.2786623046875
442.0 5.86943359375
443.0 6.262183203125
444.0 9.16408505859375
445.0 10.59165947265625
446.0 8.82342236328125
447.0 11.16879814453125
448.0 8.7269623046875
449.0 11.8648369140625
450.0 11.6942833984375
451.0 9.85835263671875
452.0 9.99626748046875
453.0 10.041599609375
454.0 9.5393546875
455.0 10.0921130859375
456.0 11.8753642578125
457.0 10.7983462890625
458.0 9.52602939453125
459.0 11.35566591796875
460.0 9.278783984375
461.0 11.9384537109375
462.0 10.92952119140625
463.0 8.414796875
464.0 9.97663134765625
465.0 9.2425279296875
466.0 10.32358505859375
467.0 9.7673138671875
468.0 9.96762255859375
469.0 11.54441591796875
470.0 8.22681611328125
471.0 7.4639986328125
472.0 8.121395703125
473.0 9.09522421875
474.0 9.53043994140625
475.0 8.2300880859375
476.0 7.9254017578125
477.0 7.13611611328125
478.0 7.5584212890625
479.0 5.56976015625
480.0 8.7333083984375
481.0 8.18018564453125
482.0 9.452253515625
483.0 6.89271630859375
484.0 10.96286240234375
485.0 8.48537978515625
486.0 7.6676279296875
487.0 9.38843515625
488.0 9.1400984375
489.0 8.96120029296875
490.0 8.69291220703125
491.0 5.60679443359375
492.0 9.62775380859375
493.0 8.86559140625
494.0 9.25871318359375
495.0 9.3911189453125
496.0 10.723289453125
497.0 9.8465267578125
498.0 9.707290234375
499.0 7.5894427734375
500.0 10.37197841796875
501.0 6.7571984375
502.0 9.46896201171875
503.0 9.50521708984375
504.0 11.6423822265625
505.0 4.2742623046875
506.0 2.671263671875
507.0 7.24875439453125
508.0 8.06084208984375
509.0 7.7304849609375
510.0 10.59817216796875
511.0 10.80119501953125
512.0 11.50639765625
513.0 9.874212890625
514.0 10.1390578125
515.0 11.98556865234375
516.0 10.6911205078125
517.0 11.157161328125
518.0 10.39791748046875
519.0 8.93537197265625
520.0 6.65653232421875
521.0 8.16458271484375
522.0 8.03691796875
523.0 9.48919345703125
524.0 8.805981640625
525.0 7.759876953125
526.0 9.22204638671875
527.0 10.88043525390625
528.0 10.68293837890625
529.0 9.10540107421875
530.0 9.11886435546875
531.0 9.39060966796875
532.0 10.12934912109375
533.0 10.00993935546875
534.0 8.58208017578125
535.0 9.15866201171875
536.0 9.6364140625
537.0 10.9016396484375
538.0 10.1987765625
539.0 10.7893978515625
540.0 10.3552802734375
541.0 10.689441796875
542.0 9.574123046875
543.0 9.5902177734375
544.0 9.28185048828125
545.0 11.19614599609375
546.0 6.84686376953125
547.0 9.40660107421875
548.0 10.01621884765625
549.0 10.244821875
550.0 9.88897216796875
551.0 11.2572255859375
552.0 10.69712802734375
553.0 8.71037890625
554.0 11.048204296875
555.0 9.67714501953125
556.0 10.23400576171875
557.0 9.64145908203125
558.0 10.41406708984375
559.0 9.8319140625
560.0 12.1887498046875
561.0 7.907915625
562.0 12.32839345703125
563.0 8.22752666015625
564.0 10.0021326171875
565.0 10.2714251953125
566.0 10.5279302734375
567.0 9.4584115234375
568.0 10.54939189453125
569.0 12.44567177734375
570.0 9.6141654296875
571.0 8.84855439453125
572.0 10.2121666015625
573.0 7.72651201171875
574.0 9.63512841796875
575.0 8.931670703125
576.0 7.03156923828125
577.0 10.0877232421875
578.0 10.111083984375
579.0 9.77909619140625
580.0 6.7443953125
581.0 8.32966484375
582.0 8.4159400390625
583.0 8.24863935546875
584.0 9.4552953125
585.0 8.713259375
586.0 10.56528056640625
587.0 10.6366787109375
588.0 9.93339248046875
589.0 9.3386412109375
590.0 10.699832421875
591.0 7.36021796875
592.0 10.07799208984375
593.0 9.8549318359375
594.0 10.26324755859375
595.0 8.8617291015625
596.0 10.25074296875
597.0 10.64834765625
598.0 11.72703818359375
599.0 8.573651171875
600.0 7.79533779296875
601.0 9.73344072265625
602.0 9.77319990234375
603.0 9.9485931640625
604.0 8.33943232421875
605.0 9.33216513671875
606.0 9.25572041015625
607.0 9.18770224609375
608.0 9.38749130859375
609.0 9.8172521484375
610.0 11.8726255859375
611.0 8.6527751953125
612.0 7.88640517578125
613.0 8.731365234375
614.0 8.92048896484375
615.0 10.0582376953125
616.0 10.197482421875
617.0 11.224257421875
618.0 10.5858931640625
619.0 6.84213828125
620.0 11.5745966796875
621.0 9.765737109375
622.0 10.40868134765625
623.0 10.981658203125
624.0 11.45075869140625
625.0 8.85039501953125
626.0 6.2512537109375
627.0 6.800108984375
628.0 8.53067734375
629.0 7.41106171875
630.0 6.79988955078125
631.0 6.55894169921875
632.0 11.07933505859375
633.0 8.9509041015625
634.0 10.13378330078125
635.0 9.9484400390625
636.0 10.64520732421875
637.0 10.49895546875
638.0 11.3820912109375
639.0 7.60099306640625
640.0 11.383269140625
641.0 7.1463451171875
642.0 12.27281416015625
643.0 6.5653515625
644.0 6.93946123046875
645.0 7.66088798828125
646.0 8.2310712890625
647.0 8.85873525390625
648.0 0.747069140625
649.0 1.6206798828125
650.0 2.38769130859375
651.0 1.788775390625
652.0 3.50149921875
653.0 5.74749755859375
654.0 3.5212578125
655.0 3.7118982421875
656.0 5.65437880859375
657.0 4.32500205078125
658.0 4.95174150390625
659.0 7.49899267578125
660.0 7.69082568359375
661.0 7.73690341796875
662.0 6.6655837890625
663.0 3.38436083984375
664.0 6.5229791015625
665.0 7.23989013671875
666.0 8.87475888671875
667.0 8.03015146484375
668.0 8.89276337890625
669.0 8.518802734375
670.0 8.76289375
671.0 7.7262646484375
672.0 7.6738203125
673.0 8.922333203125
674.0 10.5389732421875
675.0 2.8016240234375
676.0 8.406397265625
677.0 7.48682568359375
678.0 5.180741796875
679.0 4.789675390625
680.0 6.08696357421875
681.0 5.0265142578125
682.0 1.353221484375
683.0 9.2424810546875
684.0 3.524667578125
685.0 3.97800146484375
686.0 3.9808333984375
687.0 6.75067705078125
688.0 5.74233271484375
689.0 6.42306748046875
690.0 7.8900501953125
691.0 7.45298291015625
692.0 1.96194365234375
693.0 1.71503583984375
694.0 2.3289298828125
695.0 5.3234365234375
696.0 1.89295078125
697.0 4.85215302734375
698.0 8.5310373046875
699.0 7.88313408203125
700.0 4.3781349609375
701.0 7.6533607421875
702.0 7.3938439453125
703.0 6.13664375
704.0 4.6788333984375
705.0 10.38829521484375
706.0 8.09574853515625
707.0 6.372275390625
708.0 10.38746240234375
709.0 9.29168837890625
710.0 11.59135537109375
711.0 9.6702205078125
712.0 10.0548810546875
713.0 9.348618359375
714.0 10.0082865234375
715.0 10.69638134765625
716.0 10.545857421875
717.0 8.92462373046875
718.0 8.7548513671875
719.0 11.1227427734375
720.0 10.33564619140625
721.0 9.6050501953125
722.0 9.5015216796875
723.0 7.673399609375
724.0 8.549794921875
725.0 9.58367763671875
726.0 10.42901796875
727.0 10.37313955078125
728.0 10.53567265625
729.0 10.10574482421875
730.0 11.28431259765625
731.0 10.991843359375
732.0 9.46050732421875
733.0 9.8810966796875
734.0 10.19362509765625
735.0 9.80799208984375
736.0 10.90884541015625
737.0 10.3131259765625
738.0 10.240859375
739.0 11.2837927734375
740.0 8.511645703125
741.0 11.662151171875
742.0 11.3570046875
743.0 10.88491259765625
744.0 9.7542708984375
745.0 9.688964453125
746.0 10.90163388671875
747.0 10.070912890625
748.0 8.473240625
749.0 13.3022650390625
750.0 9.70268193359375
751.0 10.4549208984375
752.0 9.58066591796875
753.0 7.837339453125
754.0 6.40354150390625
755.0 4.5050876953125
756.0 4.33581923828125
757.0 3.101738671875
758.0 6.7094087890625
759.0 6.26623388671875
760.0 8.29690673828125
761.0 6.99873505859375
762.0 8.79933779296875
763.0 3.6586310546875
764.0 4.9546611328125
765.0 9.450759765625
766.0 6.50979296875
767.0 12.3069009765625
768.0 11.1060220703125
769.0 11.23982841796875
770.0 8.66485888671875
771.0 13.550871875
772.0 8.04791328125
773.0 12.70848134765625
774.0 10.86760625
775.0 10.4083734375
776.0 11.71804345703125
777.0 8.05086337890625
778.0 10.42898681640625
779.0 9.98553681640625
780.0 11.3632068359375
781.0 11.33842451171875
782.0 12.217647265625
783.0 12.08020458984375
784.0 10.84952333984375
785.0 12.59778515625
786.0 11.547285546875
787.0 5.1732015625
788.0 7.8576759765625
789.0 8.06891376953125
790.0 8.55154755859375
791.0 9.678908203125
792.0 5.22971455078125
793.0 7.550714453125
794.0 6.15559765625
795.0 3.9167767578125
796.0 3.74885087890625
797.0 3.555425390625
798.0 2.892020703125
799.0 4.4396767578125
