0.0 12.36264365234375
1.0 10.6157755859375
2.0 14.43608544921875
3.0 17.73076181640625
4.0 16.1189634765625
5.0 17.44403896484375
6.0 18.1199005859375
7.0 15.8936123046875
8.0 18.20964990234375
9.0 18.4041423828125
10.0 13.57969521484375
11.0 19.31245546875
12.0 19.8159646484375
13.0 17.4647158203125
14.0 17.39422529296875
15.0 18.9932013671875
16.0 17.14941298828125
17.0 18.0834935546875
18.0 18.1555697265625
19.0 18.34371884765625
20.0 19.282349609375
21.0 16.63554326171875
22.0 18.6250169921875
23.0 20.01348505859375
24.0 18.52640537109375
25.0 16.24698779296875
26.0 16.29932890625
27.0 11.64991474609375
28.0 13.564080859375
29.0 16.4080888671875
30.0 16.43797578125
31.0 20.339957421875
32.0 20.38334931640625
33.0 17.63176982421875
34.0 21.13171845703125
35.0 14.3689166015625
36.0 19.719841796875
37.0 20.51967138671875
38.0 14.9604697265625
39.0 13.8695787109375
40.0 12.898062109375
41.0 12.24553515625
42.0 14.4217060546875
43.0 14.632221484375
44.0 15.4209345703125
45.0 11.56531171875
46.0 16.44015556640625
47.0 19.6198212890625
48.0 17.645987890625
49.0 17.40560986328125
50.0 15.28484453125
51.0 14.389510546875
52.0 13.6640392578125
53.0 13.097487890625
54.0 14.094528515625
55.0 15.4951853515625
56.0 15.15014736328125
57.0 13.47009677734375
58.0 16.0149138671875
59.0 15.74382265625
60.0 17.4697353515625
61.0 12.39640185546875
62.0 12.70408330078125
63.0 15.01603193359375
64.0 13.368608984375
65.0 14.8568453125
66.0 14.9093318359375
67.0 12.53763359375
68.0 13.844782421875
69.0 13.44483916015625
70.0 13.34502880859375
71.0 17.29444619140625
72.0 17.18845185546875
73.0 13.2853734375
74.0 17.861226953125
75.0 16.7687986328125
76.0 16.79312001953125
77.0 19.720590625
78.0 20.51864111328125
79.0 16.6834251953125
80.0 19.289448046875
81.0 21.7290375
82.0 18.78920888671875
83.0 19.80929443359375
84.0 20.21502705078125
85.0 18.1469640625
86.0 14.58050927734375
87.0 18.9295318359375
88.0 20.38677685546875
89.0 15.8450744140625
90.0 19.44701650390625
91.0 20.0034095703125
92.0 19.332441796875
93.0 20.64115498046875
94.0 19.0086421875
95.0 20.93251513671875
96.0 17.99153095703125
97.0 18.0715599609375
98.0 18.80991943359375
99.0 21.46974912109375
100.0 18.95603671875
101.0 18.49085107421875
102.0 20.051573828125
103.0 17.70719140625
104.0 14.82626796875
105.0 23.38368515625
106.0 17.0340830078125
107.0 19.64902666015625
108.0 19.20430341796875
109.0 17.93620234375
110.0 18.46960908203125
111.0 18.02046259765625
112.0 17.35921806640625
113.0 18.6238478515625
114.0 17.20232158203125
115.0 20.6134244140625
116.0 23.03197890625
117.0 19.46910888671875
118.0 21.1361615234375
119.0 19.98194873046875
120.0 20.50851123046875
121.0 20.90102099609375
122.0 18.293055078125
123.0 20.92073486328125
124.0 18.32578720703125
125.0 16.50851533203125
126.0 18.234746875
127.0 17.48659599609375
128.0 20.1352310546875
129.0 18.0481958984375
130.0 12.23950068359375
131.0 23.84408896484375
132.0 21.20046962890625
133.0 18.4058935546875
134.0 20.77650283203125
135.0 17.19884462890625
136.0 10.62885576171875
137.0 7.02386103515625
138.0 6.377436328125
139.0 6.77135986328125
140.0 8.14120908203125
141.0 9.13151708984375
142.0 8.6103880859375
143.0 10.7153712890625
144.0 9.10369443359375
145.0 11.9676533203125
146.0 11.7893876953125
147.0 11.1261509765625
148.0 12.3911638671875
149.0 9.32237978515625
150.0 10.29551982421875
151.0 8.344752734375
152.0 10.397767578125
153.0 11.27325283203125
154.0 10.22981279296875
155.0 9.66610625
156.0 11.45404228515625
157.0 7.02219951171875
158.0 10.0713142578125
159.0 6.679834375
160.0 10.87422470703125
161.0 8.40325625
162.0 5.75014853515625
163.0 8.41680625
164.0 5.31096435546875
165.0 4.8652626953125
166.0 11.2545228515625
167.0 11.856521875
168.0 12.24708505859375
169.0 11.2268638671875
170.0 12.923607421875
171.0 12.82609296875
172.0 11.2264451171875
173.0 10.99849189453125
174.0 11.6134099609375
175.0 13.65506669921875
176.0 5.37158662109375
177.0 12.94867060546875
178.0 17.94462861328125
179.0 18.5523919921875
180.0 14.20217236328125
181.0 15.968734765625
182.0 17.4275994140625
183.0 18.18361494140625
184.0 18.5145333984375
185.0 15.116084375
186.0 22.161835546875
187.0 18.56903037109375
188.0 18.44686220703125
189.0 17.070543359375
190.0 16.478342578125
191.0 16.27664130859375
192.0 18.40234111328125
193.0 13.6472955078125
194.0 16.8342611328125
195.0 12.30364296875
196.0 14.60776494140625
197.0 11.358476171875
198.0 12.44605693359375
199.0 10.937541015625
200.0 14.749773046875
201.0 18.53497568359375
202.0 17.85077255859375
203.0 14.61269931640625
204.0 19.5082013671875
205.0 17.06396982421875
206.0 18.95797724609375
207.0 18.9123833984375
208.0 16.03726708984375
209.0 17.1024484375
210.0 16.08873837890625
211.0 18.9766595703125
212.0 14.61992666015625
213.0 15.4617296875
214.0 9.96513525390625
215.0 12.78014345703125
216.0 12.8126724609375
217.0 16.15305029296875
218.0 10.777847265625
219.0 9.7494302734375
220.0 9.30803046875
221.0 10.25501865234375
222.0 9.41578603515625
223.0 10.99148330078125
224.0 10.8271251953125
225.0 9.9258615234375
226.0 10.60269755859375
227.0 9.87501435546875
228.0 11.6195625
229.0 11.48995419921875
230.0 11.74687373046875
231.0 9.91866982421875
232.0 10.8468197265625
233.0 11.18269638671875
234.0 15.7756310546875
235.0 11.89527578125
236.0 11.70645732421875
237.0 11.35653271484375
238.0 11.18759677734375
239.0 10.60867734375
240.0 9.4317791015625
241.0 12.19223681640625
242.0 14.51881025390625
243.0 10.47029599609375
244.0 11.30705263671875
245.0 11.26308369140625
246.0 16.662628125
247.0 14.86203056640625
248.0 13.98221962890625
249.0 12.27604482421875
250.0 12.9936087890625
251.0 12.635448046875
252.0 9.33620390625
253.0 8.61287333984375
254.0 10.8507935546875
255.0 9.77465283203125
256.0 10.069591015625
257.0 11.26044873046875
258.0 10.4446873046875
259.0 9.87022431640625
260.0 11.513468359375
261.0 16.89630810546875
262.0 16.23869599609375
263.0 15.15413232421875
264.0 16.136764453125
265.0 16.32583447265625
266.0 18.34129189453125
267.0 16.07570966796875
268.0 16.41872880859375
269.0 19.38181162109375
270.0 16.0749599609375
271.0 18.27390458984375
272.0 15.79217578125
273.0 20.14785361328125
274.0 20.810982421875
275.0 16.4536142578125
276.0 11.60397431640625
277.0 8.79795244140625
278.0 11.08352939453125
279.0 11.64476220703125
280.0 11.239538671875
281.0 14.03011357421875
282.0 16.2513650390625
283.0 17.8872484375
284.0 12.5780244140625
285.0 19.98310732421875
286.0 14.59571875
287.0 14.7409583984375
288.0 13.68643037109375
289.0 16.2259623046875
290.0 13.34079775390625
291.0 17.974348828125
292.0 15.6636544921875
293.0 17.86354501953125
294.0 16.06841259765625
295.0 17.7401107421875
296.0 16.34358466796875
297.0 16.35522265625
298.0 15.157058203125
299.0 15.99991181640625
300.0 14.45106435546875
301.0 13.73820693359375
302.0 12.101230859375
303.0 13.8420044921875
304.0 12.54535947265625
305.0 16.44013359375
306.0 14.35378349609375
307.0 15.83365703125
308.0 18.2259509765625
309.0 15.67800693359375
310.0 18.172717578125
311.0 11.73659423828125
312.0 23.27811630859375
313.0 17.590387109375
314.0 18.33329189453125
315.0 8.00296025390625
316.0 15.09535390625
317.0 13.270840234375
318.0 18.344736328125
319.0 21.7899498046875
320.0 15.92545107421875
321.0 19.35632705078125
322.0 15.78826611328125
323.0 13.07126826171875
324.0 13.51555556640625
325.0 10.56873984375
326.0 6.37415400390625
327.0 8.61186435546875
328.0 9.4844330078125
329.0 10.48891875
330.0 9.8386958984375
331.0 9.82637080078125
332.0 11.07355029296875
333.0 16.53592978515625
334.0 14.85084716796875
335.0 16.71901357421875
336.0 18.15848583984375
337.0 15.7284908203125
338.0 12.7677875
339.0 10.28091953125
340.0 10.63046767578125
341.0 17.63291904296875
342.0 16.74997275390625
343.0 16.55618076171875
344.0 17.07973388671875
345.0 17.40964482421875
346.0 15.23855908203125
347.0 16.5338470703125
348.0 10.17405126953125
349.0 20.22441923828125
350.0 16.08590478515625
351.0 13.1930990234375
352.0 11.40080009765625
353.0 17.2188181640625
354.0 12.11082548828125
355.0 15.0588142578125
356.0 16.941364453125
357.0 11.45033095703125
358.0 9.831660546875
359.0 17.10331181640625
360.0 15.67374697265625
361.0 18.091208984375
362.0 14.32544931640625
363.0 15.83583349609375
364.0 13.87376201171875
365.0 23.94455849609375
366.0 18.0449251953125
367.0 19.47821552734375
368.0 18.6422994140625
369.0 17.179701953125
370.0 16.9922833984375
371.0 18.21665126953125
372.0 12.441909375
373.0 15.59022001953125
374.0 18.00481328125
375.0 8.7448947265625
376.0 9.78626318359375
377.0 16.4634708984375
378.0 15.32950947265625
379.0 18.16942177734375
380.0 15.48028359375
381.0 15.079471484375
382.0 14.84257724609375
383.0 15.38402841796875
384.0 12.63899638671875
385.0 16.27784853515625
386.0 16.0113484375
387.0 17.35214775390625
388.0 15.52242578125
389.0 16.26977197265625
390.0 17.96406845703125
391.0 16.443716796875
392.0 17.3474298828125
393.0 16.58918115234375
394.0 18.03273525390625
395.0 19.21734521484375
396.0 18.15084091796875
397.0 18.4364478515625
398.0 17.021606640625
399.0 14.5536271484375
400.0 17.34069189453125
401.0 17.96280546875
402.0 13.018699609375
403.0 15.03709560546875
404.0 11.56560107421875
405.0 14.01399619140625
406.0 18.5037919921875
407.0 15.0380541015625
408.0 15.56315087890625
409.0 14.7207634765625
410.0 18.42466416015625
411.0 18.08595546875
412.0 13.3797619140625
413.0 12.05820703125
414.0 15.68955849609375
415.0 11.34967060546875
416.0 14.4812625
417.0 18.79125859375
418.0 14.6772220703125
419.0 11.40030302734375
420.0 12.8227701171875
421.0 12.63747802734375
422.0 14.6998490234375
423.0 12.7957037109375
424.0 10.90119453125
425.0 12.50047763671875
426.0 14.29593603515625
427.0 13.81780966796875
428.0 11.66272978515625
429.0 12.11695732421875
430.0 15.01958515625
431.0 13.4030193359375
432.0 13.62814267578125
433.0 11.71123876953125
434.0 12.378562109375
435.0 8.12651220703125
436.0 0.4989599609375
437.0 0.33208232421875
438.0 2.77474228515625
439.0 11.1070888671875
440.0 4.6542212890625
441.0 4.39450322265625
442.0 3.17967880859375
443.0 5.0405501953125
444.0 9.769131640625
445.0 12.32972177734375
446.0 4.632053515625
447.0 14.6558224609375
448.0 15.9200041015625
449.0 10.52007646484375
450.0 7.9927556640625
451.0 16.76164072265625
452.0 16.072799609375
453.0 11.739714453125
454.0 12.73880712890625
455.0 2.46725205078125
456.0 13.334770703125
457.0 7.19190185546875
458.0 14.3174767578125
459.0 10.22143330078125
460.0 9.15591103515625
461.0 12.94916552734375
462.0 13.50321640625
463.0 15.365586328125
464.0 7.1316294921875
465.0 13.194739453125
466.0 9.759946484375
467.0 12.88186796875
468.0 10.83988427734375
469.0 9.26571982421875
470.0 13.778298046875
471.0 13.69125107421875
472.0 11.82580048828125
473.0 15.19907880859375
474.0 12.74912490234375
475.0 11.3334193359375
476.0 14.86509375
477.0 12.578098046875
478.0 14.88166640625
479.0 15.69164375
480.0 18.5901138671875
481.0 15.03868740234375
482.0 15.6470359375
483.0 12.22994755859375
484.0 16.04348583984375
485.0 13.71701513671875
486.0 15.40239365234375
487.0 14.42318154296875
488.0 13.15033994140625
489.0 14.96210126953125
490.0 13.4724994140625
491.0 15.51539384765625
492.0 13.93565322265625
493.0 14.00862294921875
494.0 13.4596626953125
495.0 12.6553255859375
496.0 8.987225
497.0 15.81456416015625
498.0 10.2010328125
499.0 11.02383525390625
500.0 9.9464482421875
501.0 11.15882685546875
502.0 9.19471298828125
503.0 10.12574599609375
504.0 10.7046771484375
505.0 10.86127041015625
506.0 9.83437041015625
507.0 15.28764560546875
508.0 10.185381640625
509.0 9.73393662109375
510.0 13.33000966796875
511.0 11.7031015625
512.0 8.7392580078125
513.0 11.5865595703125
514.0 8.66675966796875
515.0 7.02969345703125
516.0 7.75452451171875
517.0 8.4664654296875
518.0 3.11728623046875
519.0 2.00990927734375
520.0 4.18154326171875
521.0 5.6097630859375
522.0 8.93272314453125
523.0 7.41804912109375
524.0 4.88243662109375
525.0 7.78510302734375
526.0 11.480180859375
527.0 10.98600224609375
528.0 11.4041701171875
529.0 8.28123125
530.0 8.116020703125
531.0 7.49313974609375
532.0 6.544951171875
533.0 10.8364220703125
534.0 8.2384427734375
535.0 6.15867275390625
536.0 6.44008466796875
537.0 6.9936669921875
538.0 6.53650712890625
539.0 4.92876005859375
540.0 10.5091416015625
541.0 14.25760419921875
542.0 9.67025107421875
543.0 16.69772509765625
544.0 15.36662685546875
545.0 10.52324521484375
546.0 10.19321416015625
547.0 11.122528125
548.0 6.365369140625
549.0 9.01418154296875
550.0 12.374732421875
551.0 11.0737970703125
552.0 14.78452177734375
553.0 9.94920625
554.0 7.9440595703125
555.0 6.8982427734375
556.0 12.7224728515625
557.0 12.20875556640625
558.0 13.03328525390625
559.0 15.97463095703125
560.0 11.90953759765625
561.0 12.6228330078125
562.0 11.1074763671875
563.0 12.21877470703125
564.0 11.48737421875
565.0 10.30741005859375
566.0 0.0
567.0 0.0
568.0 30.141980078125
569.0 20.56172509765625
570.0 18.26181953125
571.0 28.37161416015625
572.0 29.704706640625
573.0 31.76139248046875
574.0 15.53861015625
575.0 25.83926474609375
576.0 20.51444951171875
577.0 27.09052421875
578.0 28.79745068359375
579.0 21.365178515625
580.0 5.472215625
581.0 5.29697548828125
582.0 6.909601953125
583.0 5.14460791015625
584.0 4.1274732421875
585.0 3.7192322265625
586.0 2.20006357421875
587.0 2.0709763671875
588.0 3.21744521484375
589.0 1.55731279296875
590.0 2.15974609375
591.0 1.10299111328125
592.0 9.5290765625
593.0 10.92969677734375
594.0 6.74005146484375
595.0 0.3050693359375
596.0 2.1986236328125
597.0 6.30145146484375
598.0 3.74600029296875
599.0 5.6585791015625
600.0 2.8857583984375
601.0 3.11323701171875
602.0 1.09446181640625
603.0 5.86597939453125
604.0 6.224420703125
605.0 1.57914423828125
606.0 17.50435498046875
607.0 13.91039833984375
608.0 16.259186328125
609.0 3.47515166015625
610.0 15.18645419921875
611.0 13.3766853515625
612.0 7.92990322265625
613.0 6.0342404296875
614.0 1.5722896484375
615.0 2.33490576171875
616.0 1.24532216796875
617.0 0.56909208984375
618.0 1.195296484375
619.0 2.94046328125
620.0 3.7005708984375
621.0 8.35068955078125
622.0 2.27361474609375
623.0 0.59194912109375
624.0 2.2615740234375
625.0 2.34745791015625
626.0 8.68503173828125
627.0 12.9739947265625
628.0 13.307657421875
629.0 11.9545568359375
630.0 13.74014453125
631.0 8.93168505859375
632.0 3.002778125
633.0 18.46354677734375
634.0 3.0143814453125
635.0 17.80418564453125
636.0 14.42314619140625
637.0 11.425691015625
638.0 19.46186572265625
639.0 26.77458359375
640.0 26.13293076171875
641.0 34.252091796875
642.0 20.4839025390625
643.0 12.80163662109375
644.0 9.17431845703125
645.0 10.31545107421875
646.0 14.22168896484375
647.0 25.85014345703125
648.0 19.635272265625
649.0 19.8669029296875
650.0 20.44508310546875
651.0 5.57829580078125
652.0 5.593098046875
653.0 14.5858255859375
654.0 7.2979708984375
655.0 16.33525625
656.0 12.033510546875
657.0 9.82472119140625
658.0 9.9940134765625
659.0 15.4337322265625
660.0 13.686015625
661.0 8.89507236328125
662.0 12.64121845703125
663.0 11.89950439453125
664.0 12.3738248046875
665.0 8.64037890625
666.0 8.580725390625
667.0 9.3724265625
668.0 15.02986982421875
669.0 8.15646396484375
670.0 11.45484580078125
671.0 13.4889158203125
672.0 5.40598916015625
673.0 12.22609462890625
674.0 11.81520498046875
675.0 11.62321044921875
676.0 14.345565625
677.0 8.01235380859375
678.0 12.4524384765625
679.0 12.91453076171875
680.0 3.75479150390625
681.0 11.60285068359375
682.0 14.8693283203125
683.0 13.079778515625
684.0 6.8506060546875
685.0 6.54216328125
686.0 11.370141796875
687.0 0.770523828125
688.0 5.51295498046875
689.0 5.6102208984375
690.0 3.62017587890625
691.0 0.4876919921875
692.0 0.02355673828125
693.0 0.28102109375
694.0 2.02612197265625
695.0 2.931763671875
696.0 3.81840517578125
697.0 1.48250576171875
698.0 1.7016580078125
699.0 5.18091728515625
700.0 5.4548470703125
701.0 1.0246001953125
702.0 2.2438048828125
703.0 0.02083583984375
704.0 0.0208359375
705.0 0.0
706.0 0.0
707.0 0.0
708.0 0.0
709.0 0.0
710.0 0.0
711.0 0.0
712.0 0.0
713.0 0.0
714.0 0.0
715.0 0.0
716.0 0.0
717.0 0.0
718.0 0.0
719.0 0.0
720.0 0.0
721.0 0.0
722.0 0.0
723.0 0.0
724.0 0.0
725.0 0.0
726.0 0.0
727.0 0.0
728.0 0.0
729.0 0.0
730.0 0.0
731.0 0.0
732.0 0.0
733.0 0.0
734.0 0.0
735.0 0.0
736.0 0.0
737.0 0.0
738.0 0.0
739.0 0.0
740.0 0.0
741.0 0.0
742.0 0.0
743.0 0.0
744.0 0.0
745.0 0.0
746.0 0.0
747.0 0.0
748.0 0.0
749.0 0.0
750.0 0.43550615234375
751.0 0.96318984375
752.0 2.468720703125
753.0 0.96709404296875
754.0 0.95845048828125
755.0 0.68428505859375
756.0 0.388323828125
757.0 0.47904970703125
758.0 0.67707822265625
759.0 0.91965693359375
760.0 1.17914248046875
761.0 0.82859892578125
762.0 0.2295001953125
763.0 0.55593505859375
764.0 0.08997705078125
765.0 0.0416716796875
766.0 0.3174419921875
767.0 4.16272978515625
768.0 1.45557841796875
769.0 0.294176953125
770.0 0.63470458984375
771.0 1.22403671875
772.0 0.93168662109375
773.0 4.7325515625
774.0 0.1043548828125
775.0 0.02083583984375
776.0 0.0
777.0 0.0
778.0 0.0
779.0 0.0
780.0 0.0
781.0 0.0
782.0 0.0
783.0 0.0
784.0 0.0
785.0 0.0
786.0 1.77087412109375
787.0 0.13499453125
788.0 0.95950322265625
789.0 0.125015234375
790.0 1.87522890625
791.0 5.52024697265625
792.0 2.04896708984375
793.0 3.11507041015625
794.0 0.60220322265625
795.0 1.059862890625
796.0 1.4979015625
797.0 0.96516591796875
798.0 0.30822021484375
799.0 0.0
