0.0 23.01196083984375
1.0 21.73323681640625
2.0 20.818113671875
3.0 19.92808115234375
4.0 13.50511083984375
5.0 19.26389755859375
6.0 14.49022109375
7.0 17.34968525390625
8.0 11.86432568359375
9.0 22.38371533203125
10.0 19.43353076171875
11.0 20.794010546875
12.0 12.82711396484375
13.0 20.85529443359375
14.0 11.2919037109375
15.0 16.90825341796875
16.0 15.8939642578125
17.0 17.0297994140625
18.0 13.63099619140625
19.0 10.50492998046875
20.0 23.77041083984375
21.0 23.2780638671875
22.0 18.5153755859375
23.0 20.07587880859375
24.0 19.86326279296875
25.0 20.0068771484375
26.0 14.174469140625
27.0 10.97665751953125
28.0 18.97119765625
29.0 18.97153564453125
30.0 24.69090400390625
31.0 21.27602373046875
32.0 18.174692578125
33.0 20.08203076171875
34.0 18.3093734375
35.0 21.4926546875
36.0 20.95021796875
37.0 21.689422265625
38.0 24.43583447265625
39.0 22.77493955078125
40.0 21.8420833984375
41.0 23.18747373046875
42.0 14.246423046875
43.0 14.48008896484375
44.0 20.7632802734375
45.0 25.94024072265625
46.0 21.944948828125
47.0 26.66774013671875
48.0 20.61457275390625
49.0 15.439572265625
50.0 25.05102607421875
51.0 15.09608037109375
52.0 13.23490185546875
53.0 13.11892578125
54.0 21.3982330078125
55.0 15.05356982421875
56.0 22.650826171875
57.0 17.59246708984375
58.0 17.73090927734375
59.0 21.45645263671875
60.0 12.10844326171875
61.0 20.46663212890625
62.0 12.71007353515625
63.0 17.088505859375
64.0 22.945036328125
65.0 16.9320076171875
66.0 16.5606234375
67.0 21.3340201171875
68.0 16.9096455078125
69.0 16.5770830078125
70.0 13.5637828125
71.0 13.647542578125
72.0 21.8702873046875
73.0 20.277742578125
74.0 16.50816787109375
75.0 23.41474091796875
76.0 16.6413806640625
77.0 19.4614712890625
78.0 13.2781044921875
79.0 16.6572515625
80.0 14.3179537109375
81.0 17.7702330078125
82.0 15.3770984375
83.0 17.14662587890625
84.0 18.08083017578125
85.0 15.230833203125
86.0 18.6393029296875
87.0 13.48693876953125
88.0 14.70845537109375
89.0 13.34155244140625
90.0 10.462033984375
91.0 12.87557646484375
92.0 11.51915634765625
93.0 11.9670337890625
94.0 13.53265634765625
95.0 10.554480859375
96.0 10.91643076171875
97.0 14.9115947265625
98.0 12.83556845703125
99.0 12.70633388671875
100.0 13.4758876953125
101.0 13.16647529296875
102.0 11.261628515625
103.0 15.9170779296875
104.0 16.5263865234375
105.0 14.0562125
106.0 17.8113048828125
107.0 20.94518505859375
108.0 15.2768060546875
109.0 9.1714310546875
110.0 12.37850224609375
111.0 11.790674609375
112.0 10.68395126953125
113.0 11.29215732421875
114.0 13.2740537109375
115.0 11.638787890625
116.0 13.17141328125
117.0 11.12927587890625
118.0 12.0584630859375
119.0 10.75294072265625
120.0 10.11587568359375
121.0 11.61700654296875
122.0 12.0162287109375
123.0 12.62071669921875
124.0 12.45947607421875
125.0 13.76223857421875
126.0 14.58181396484375
127.0 13.127693359375
128.0 11.12175986328125
129.0 14.9732560546875
130.0 13.07645810546875
131.0 13.75217734375
132.0 13.46966103515625
133.0 13.85768515625
134.0 13.48742705078125
135.0 11.3342181640625
136.0 7.4361177734375
137.0 15.67366787109375
138.0 18.40569912109375
139.0 16.77942490234375
140.0 17.9305373046875
141.0 19.545857421875
142.0 15.618688671875
143.0 18.87949951171875
144.0 16.418033203125
145.0 15.132938671875
146.0 17.3191994140625
147.0 22.6824970703125
148.0 16.9294046875
149.0 16.23493466796875
150.0 15.8136373046875
151.0 19.74569365234375
152.0 17.1832494140625
153.0 22.9950453125
154.0 18.811016015625
155.0 19.92220751953125
156.0 13.1628556640625
157.0 26.39440283203125
158.0 20.31421162109375
159.0 10.22094072265625
160.0 22.59968603515625
161.0 15.82259912109375
162.0 21.0000640625
163.0 17.3886857421875
164.0 19.96923896484375
165.0 19.25930966796875
166.0 14.95436865234375
167.0 18.82093896484375
168.0 19.1058361328125
169.0 18.7215544921875
170.0 21.72663271484375
171.0 18.2249080078125
172.0 18.64416298828125
173.0 20.751348828125
174.0 22.81116953125
175.0 22.03919462890625
176.0 21.51818603515625
177.0 19.16353876953125
178.0 21.165357421875
179.0 24.04478212890625
180.0 21.0501642578125
181.0 16.2163400390625
182.0 21.92907978515625
183.0 15.05367216796875
184.0 19.3160265625
185.0 15.06515341796875
186.0 23.2218337890625
187.0 22.156394921875
188.0 17.03720556640625
189.0 22.953936328125
190.0 21.50355478515625
191.0 21.44278388671875
192.0 21.50774853515625
193.0 11.01635966796875
194.0 22.569242578125
195.0 23.39659111328125
196.0 19.887178125
197.0 21.05284189453125
198.0 16.83587861328125
199.0 23.54832236328125
200.0 20.69817744140625
201.0 23.2240505859375
202.0 0.0
203.0 0.0
204.0 41.8541845703125
205.0 23.27937236328125
206.0 20.27709189453125
207.0 20.20430078125
208.0 20.73400244140625
209.0 23.100665625
210.0 19.72514228515625
211.0 16.2053482421875
212.0 21.68618662109375
213.0 18.882901171875
214.0 21.355013671875
215.0 25.4859921875
216.0 20.7523056640625
217.0 19.8530955078125
218.0 17.3062927734375
219.0 19.49464521484375
220.0 21.7119068359375
221.0 22.301248046875
222.0 20.49720712890625
223.0 19.38431142578125
224.0 19.1591380859375
225.0 18.4495478515625
226.0 21.0001478515625
227.0 22.6451982421875
228.0 20.93761142578125
229.0 20.64590419921875
230.0 22.6797328125
231.0 21.64768017578125
232.0 21.320151171875
233.0 22.7475314453125
234.0 22.23367744140625
235.0 20.2302423828125
236.0 24.5700462890625
237.0 20.63315927734375
238.0 24.02344794921875
239.0 22.1558224609375
240.0 19.97488125
241.0 23.08786845703125
242.0 15.6946306640625
243.0 20.72542734375
244.0 19.18095244140625
245.0 17.69428798828125
246.0 22.06784912109375
247.0 23.3832716796875
248.0 23.46635537109375
249.0 21.651587109375
250.0 23.32380859375
251.0 22.935355078125
252.0 24.3267158203125
253.0 23.54455146484375
254.0 21.57266396484375
255.0 19.79632294921875
256.0 23.9959486328125
257.0 26.196034765625
258.0 21.12483447265625
259.0 25.14985947265625
260.0 18.6769119140625
261.0 19.82250576171875
262.0 15.123580859375
263.0 16.7616078125
264.0 21.19711396484375
265.0 23.37554365234375
266.0 17.4115400390625
267.0 23.30745576171875
268.0 21.66593212890625
269.0 21.15418251953125
270.0 23.97102861328125
271.0 19.3163611328125
272.0 19.1199115234375
273.0 23.3982263671875
274.0 22.87684619140625
275.0 22.59701845703125
276.0 17.9852052734375
277.0 21.6670380859375
278.0 21.90380107421875
279.0 21.3456830078125
280.0 24.75842158203125
281.0 19.3878208984375
282.0 24.4063912109375
283.0 20.39943271484375
284.0 24.5271736328125
285.0 22.68164619140625
286.0 14.75805517578125
287.0 15.74584365234375
288.0 23.38372021484375
289.0 14.05339169921875
290.0 19.99749501953125
291.0 17.27979365234375
292.0 19.53376845703125
293.0 10.92154560546875
294.0 21.01168037109375
295.0 13.25750830078125
296.0 14.542178125
297.0 15.2222814453125
298.0 8.7650349609375
299.0 15.30439208984375
300.0 12.4290181640625
301.0 13.8106583984375
302.0 16.7459865234375
303.0 11.60200029296875
304.0 11.580334375
305.0 12.6803095703125
306.0 14.8381177734375
307.0 13.78261123046875
308.0 13.5009990234375
309.0 8.2041064453125
310.0 16.9657982421875
311.0 9.5206337890625
312.0 12.31335703125
313.0 11.4944955078125
314.0 12.51187490234375
315.0 10.99603232421875
316.0 9.9562580078125
317.0 15.66532509765625
318.0 15.4541966796875
319.0 15.426612109375
320.0 13.09236240234375
321.0 13.256951171875
322.0 11.10062236328125
323.0 12.45637431640625
324.0 14.340943359375
325.0 17.33252109375
326.0 14.134591015625
327.0 11.56871552734375
328.0 15.93408125
329.0 14.5879025390625
330.0 14.54339228515625
331.0 18.01933642578125
332.0 16.05996171875
333.0 18.3346595703125
334.0 17.862572265625
335.0 13.6680392578125
336.0 18.66500712890625
337.0 18.36822236328125
338.0 15.4508599609375
339.0 19.2078568359375
340.0 21.7475341796875
341.0 18.0520845703125
342.0 19.4517005859375
343.0 11.33525205078125
344.0 18.46208408203125
345.0 19.83020234375
346.0 17.24070439453125
347.0 21.7836083984375
348.0 15.06746005859375
349.0 18.812277734375
350.0 21.794876171875
351.0 18.89649912109375
352.0 20.1952849609375
353.0 11.9657220703125
354.0 21.02045419921875
355.0 12.229843359375
356.0 12.7004078125
357.0 15.64353974609375
358.0 12.9622109375
359.0 12.340248046875
360.0 11.22896318359375
361.0 9.91674921875
362.0 15.9622173828125
363.0 12.7339189453125
364.0 16.04499951171875
365.0 22.3010974609375
366.0 22.29619306640625
367.0 21.65359873046875
368.0 20.840028515625
369.0 13.2973255859375
370.0 16.82456640625
371.0 16.442399609375
372.0 19.000534375
373.0 11.5765529296875
374.0 15.2940439453125
375.0 15.9382263671875
376.0 10.57694873046875
377.0 15.78326171875
378.0 22.570112890625
379.0 18.91967587890625
380.0 21.83816591796875
381.0 17.1073408203125
382.0 15.3630703125
383.0 19.377330078125
384.0 16.1108814453125
385.0 17.50717138671875
386.0 19.29924326171875
387.0 24.4166208984375
388.0 22.88451220703125
389.0 24.59502890625
390.0 20.64552470703125
391.0 24.46158271484375
392.0 22.5289908203125
393.0 20.74613662109375
394.0 21.6205982421875
395.0 21.41962919921875
396.0 20.273400390625
397.0 20.7786498046875
398.0 22.21013994140625
399.0 22.09487509765625
400.0 21.0291404296875
401.0 18.1211275390625
402.0 23.0790220703125
403.0 19.4509203125
404.0 24.30605302734375
405.0 20.922903125
406.0 22.99318291015625
407.0 21.8304349609375
408.0 24.91326943359375
409.0 26.03689951171875
410.0 21.90553466796875
411.0 20.6597626953125
412.0 21.506518359375
413.0 25.35502353515625
414.0 24.88182119140625
415.0 22.4693296875
416.0 21.27840244140625
417.0 24.24174970703125
418.0 22.66303837890625
419.0 19.12963486328125
420.0 11.74847607421875
421.0 12.24864638671875
422.0 15.4015529296875
423.0 13.4929015625
424.0 17.188383203125
425.0 20.0061115234375
426.0 4.18553408203125
427.0 0.48550537109375
428.0 35.23888837890625
429.0 20.7417634765625
430.0 20.4696365234375
431.0 16.672269921875
432.0 21.6409810546875
433.0 20.28999248046875
434.0 13.34606005859375
435.0 22.90416357421875
436.0 18.881865234375
437.0 19.5776048828125
438.0 16.5061537109375
439.0 13.0213951171875
440.0 20.5089109375
441.0 21.6621849609375
442.0 21.360742578125
443.0 24.0380974609375
444.0 14.5962302734375
445.0 13.74083056640625
446.0 21.3399064453125
447.0 19.7888537109375
448.0 18.78646240234375
449.0 15.27194892578125
450.0 18.50327333984375
451.0 17.15932802734375
452.0 20.80322265625
453.0 20.2606400390625
454.0 22.63702109375
455.0 21.3588330078125
456.0 14.74530888671875
457.0 23.4480392578125
458.0 23.46879072265625
459.0 22.2508498046875
460.0 4.291616796875
461.0 36.53633125
462.0 18.8669966796875
463.0 18.2939681640625
464.0 14.7045732421875
465.0 18.41042783203125
466.0 25.224776171875
467.0 17.82612724609375
468.0 19.62753173828125
469.0 22.1340267578125
470.0 15.8108759765625
471.0 21.73141455078125
472.0 20.2562630859375
473.0 10.32035712890625
474.0 16.08565458984375
475.0 19.80046591796875
476.0 21.13322841796875
477.0 12.3276056640625
478.0 18.0593818359375
479.0 15.46663681640625
480.0 17.994777734375
481.0 14.00752568359375
482.0 22.48041103515625
483.0 19.61254833984375
484.0 10.97829228515625
485.0 23.19170478515625
486.0 23.659550390625
487.0 20.1988865234375
488.0 20.4937009765625
489.0 15.86953310546875
490.0 19.60614267578125
491.0 21.34595595703125
492.0 18.65167509765625
493.0 16.46328916015625
494.0 17.37861826171875
495.0 12.63261474609375
496.0 16.79000302734375
497.0 15.343635546875
498.0 16.32927451171875
499.0 12.67731025390625
500.0 13.915309765625
501.0 17.6562150390625
502.0 18.9653646484375
503.0 15.20140009765625
504.0 20.7086791015625
505.0 18.83252353515625
506.0 14.77245751953125
507.0 14.5011162109375
508.0 0.0
509.0 0.0
510.0 36.58985859375
511.0 18.88846298828125
512.0 23.297575390625
513.0 22.9327068359375
514.0 20.26150859375
515.0 19.96201591796875
516.0 14.624608203125
517.0 19.42097705078125
518.0 22.13971220703125
519.0 24.29200126953125
520.0 18.0995755859375
521.0 17.100422265625
522.0 20.05160361328125
523.0 20.929416796875
524.0 12.057379296875
525.0 28.41703310546875
526.0 17.19045517578125
527.0 17.69539091796875
528.0 22.99207646484375
529.0 18.5766884765625
530.0 20.37072626953125
531.0 16.17184375
532.0 12.32202255859375
533.0 14.67304521484375
534.0 13.35533037109375
535.0 10.22600517578125
536.0 19.29352373046875
537.0 15.48648623046875
538.0 10.18460322265625
539.0 16.02810615234375
540.0 19.4002095703125
541.0 19.010040625
542.0 16.0158052734375
543.0 16.9199880859375
544.0 21.9485521484375
545.0 15.62577822265625
546.0 22.11109111328125
547.0 16.52106923828125
548.0 13.41780693359375
549.0 14.5487279296875
550.0 14.28265859375
551.0 4.20092861328125
552.0 34.8355048828125
553.0 21.88668154296875
554.0 20.6449474609375
555.0 18.99979609375
556.0 16.1397126953125
557.0 20.93166494140625
558.0 14.92107939453125
559.0 12.18988857421875
560.0 11.2642560546875
561.0 15.33117021484375
562.0 13.5930041015625
563.0 13.16895751953125
564.0 13.34780576171875
565.0 16.50498330078125
566.0 19.48522294921875
567.0 20.3494791015625
568.0 18.86368916015625
569.0 17.5636046875
570.0 20.21110810546875
571.0 0.157826171875
572.0 42.6814947265625
573.0 20.9337453125
574.0 19.62075908203125
575.0 16.90303916015625
576.0 18.36718369140625
577.0 22.60270302734375
578.0 17.0912587890625
579.0 16.6949912109375
580.0 14.00304619140625
581.0 22.9308796875
582.0 17.87379111328125
583.0 15.6856689453125
584.0 14.5390109375
585.0 15.41080654296875
586.0 10.92501435546875
587.0 10.52699130859375
588.0 10.1975623046875
589.0 10.6404107421875
590.0 11.98434169921875
591.0 12.72634541015625
592.0 13.39591982421875
593.0 13.80190927734375
594.0 14.57279267578125
595.0 12.002789453125
596.0 13.7317125
597.0 12.9566009765625
598.0 12.054154296875
599.0 8.51873291015625
600.0 14.126339453125
601.0 13.21672060546875
602.0 17.1268693359375
603.0 17.49354501953125
604.0 15.1994248046875
605.0 19.54341484375
606.0 19.1310109375
607.0 15.57783671875
608.0 20.68694697265625
609.0 21.5229224609375
610.0 20.958095703125
611.0 20.78732060546875
612.0 22.1884171875
613.0 18.5685001953125
614.0 17.40382978515625
615.0 19.6956783203125
616.0 20.015219921875
617.0 19.95951953125
618.0 19.78222119140625
619.0 14.832540234375
620.0 19.32313994140625
621.0 18.12571767578125
622.0 20.7752673828125
623.0 21.75394404296875
624.0 19.81944072265625
625.0 22.017191796875
626.0 21.34105830078125
627.0 18.083229296875
628.0 23.81755693359375
629.0 20.91590419921875
630.0 22.6613443359375
631.0 21.18986533203125
632.0 18.96891162109375
633.0 21.24977880859375
634.0 13.7669056640625
635.0 19.3817765625
636.0 15.91325556640625
637.0 25.05198955078125
638.0 15.48996318359375
639.0 12.832612109375
640.0 12.1177287109375
641.0 13.57950595703125
642.0 18.404929296875
643.0 16.24526611328125
644.0 16.89127177734375
645.0 17.39954267578125
646.0 15.43207958984375
647.0 18.02278818359375
648.0 16.96836484375
649.0 12.19310517578125
650.0 17.92470791015625
651.0 20.58833740234375
652.0 21.21490595703125
653.0 18.80460712890625
654.0 13.80641337890625
655.0 14.02735859375
656.0 15.1162408203125
657.0 17.22063681640625
658.0 12.14652890625
659.0 18.584050390625
660.0 20.63387275390625
661.0 18.3423603515625
662.0 17.95925126953125
663.0 21.28635244140625
664.0 18.818191796875
665.0 17.9262044921875
666.0 15.19808310546875
667.0 16.69556357421875
668.0 19.25265302734375
669.0 15.2490490234375
670.0 15.7961841796875
671.0 16.569157421875
672.0 20.4894716796875
673.0 21.52466982421875
674.0 22.64453779296875
675.0 16.15400546875
676.0 14.22069873046875
677.0 14.82961416015625
678.0 17.66944990234375
679.0 23.99421494140625
680.0 17.4627705078125
681.0 20.03248212890625
682.0 18.13958798828125
683.0 15.7446189453125
684.0 16.48259658203125
685.0 18.474885546875
686.0 15.7362775390625
687.0 13.0002701171875
688.0 13.59450927734375
689.0 20.5845517578125
690.0 22.61511923828125
691.0 19.72059482421875
692.0 21.4869185546875
693.0 19.351966796875
694.0 14.1429439453125
695.0 19.50696796875
696.0 21.47288955078125
697.0 20.076182421875
698.0 15.88722041015625
699.0 15.067116796875
700.0 14.0505556640625
701.0 11.70111796875
702.0 15.2220099609375
703.0 15.121902734375
704.0 14.81605576171875
705.0 14.77899521484375
706.0 13.12655048828125
707.0 10.2473611328125
708.0 20.3373431640625
709.0 17.59149287109375
710.0 13.14594814453125
711.0 15.0762044921875
712.0 15.7903955078125
713.0 12.6469560546875
714.0 18.32275703125
715.0 15.42017978515625
716.0 13.8714953125
717.0 15.96741142578125
718.0 19.94118564453125
719.0 17.49646181640625
720.0 14.24333447265625
721.0 16.19296728515625
722.0 15.162901171875
723.0 0.0
724.0 0.0
725.0 32.8955740234375
726.0 14.39459638671875
727.0 11.92097001953125
728.0 15.46736552734375
729.0 18.37675478515625
730.0 19.75231904296875
731.0 15.2839357421875
732.0 13.61914609375
733.0 11.46782548828125
734.0 17.7374130859375
735.0 19.9254330078125
736.0 22.00423408203125
737.0 17.46738779296875
738.0 14.10763251953125
739.0 20.612859765625
740.0 19.23011083984375
741.0 20.151753515625
742.0 21.55032353515625
743.0 23.82882353515625
744.0 22.051164453125
745.0 25.66107763671875
746.0 23.1170201171875
747.0 24.82793603515625
748.0 23.74666279296875
749.0 22.951999609375
750.0 22.23050244140625
751.0 22.30136728515625
752.0 20.56352822265625
753.0 24.47035498046875
754.0 21.90795126953125
755.0 13.38172041015625
756.0 34.62639912109375
757.0 24.7142515625
758.0 19.03740283203125
759.0 21.99431982421875
760.0 20.26196044921875
761.0 10.5563662109375
762.0 13.10184990234375
763.0 22.86112177734375
764.0 20.80393681640625
765.0 23.97718486328125
766.0 24.20947861328125
767.0 20.63765498046875
768.0 18.47226416015625
769.0 12.717932421875
770.0 21.81583427734375
771.0 22.0830189453125
772.0 21.5758173828125
773.0 20.92503037109375
774.0 21.959495703125
775.0 17.9896884765625
776.0 18.94324599609375
777.0 22.740185546875
778.0 21.69310146484375
779.0 20.26135126953125
780.0 18.89727353515625
781.0 13.355413671875
782.0 15.329924609375
783.0 16.6753248046875
784.0 21.344576171875
785.0 23.322429296875
786.0 24.96906015625
787.0 18.77530361328125
788.0 22.42229794921875
789.0 21.6382962890625
790.0 15.9493044921875
791.0 15.77340751953125
792.0 15.2394986328125
793.0 20.57690234375
794.0 19.7512166015625
795.0 19.8412916015625
796.0 18.49977861328125
797.0 21.81188037109375
798.0 14.877341796875
799.0 17.55794541015625
