0.0 11.67590087890625
1.0 12.19315791015625
2.0 12.90040078125
3.0 10.58248037109375
4.0 8.2160216796875
5.0 11.71266005859375
6.0 13.56015078125
7.0 14.56450947265625
8.0 12.93139404296875
9.0 4.702183984375
10.0 7.4162767578125
11.0 15.720436328125
12.0 14.03236806640625
13.0 12.632360546875
14.0 14.2162044921875
15.0 14.4176900390625
16.0 13.29662451171875
17.0 14.58945146484375
18.0 15.0076654296875
19.0 14.1464435546875
20.0 13.261901171875
21.0 15.89135009765625
22.0 13.86708994140625
23.0 12.84786064453125
24.0 11.6903
25.0 13.65083828125
26.0 15.138325
27.0 9.24943662109375
28.0 16.8992625
29.0 12.54082646484375
30.0 10.65891162109375
31.0 10.300869921875
32.0 13.52709697265625
33.0 14.51040458984375
34.0 15.07369599609375
35.0 12.46842861328125
36.0 15.55043828125
37.0 14.2843017578125
38.0 13.46623193359375
39.0 13.70389140625
40.0 16.00836845703125
41.0 16.0906408203125
42.0 14.70235439453125
43.0 14.56952041015625
44.0 13.63076435546875
45.0 12.137054296875
46.0 12.46456337890625
47.0 10.7020134765625
48.0 10.76502099609375
49.0 12.69969814453125
50.0 13.4033216796875
51.0 13.1676974609375
52.0 15.73057353515625
53.0 13.0409783203125
54.0 12.9373552734375
55.0 14.22877626953125
56.0 14.66639599609375
57.0 15.68651416015625
58.0 13.94758759765625
59.0 15.07474677734375
60.0 11.10780126953125
61.0 13.84695419921875
62.0 12.929402734375
63.0 13.14813408203125
64.0 13.14539912109375
65.0 12.769649609375
66.0 11.38924404296875
67.0 13.48218388671875
68.0 13.28405751953125
69.0 13.7470611328125
70.0 10.89170673828125
71.0 12.28241201171875
72.0 13.97875751953125
73.0 12.02229169921875
74.0 11.3627701171875
75.0 8.8274791015625
76.0 13.3415375
77.0 13.341909765625
78.0 11.21001845703125
79.0 12.40823583984375
80.0 13.403258203125
81.0 11.66117431640625
82.0 12.70325615234375
83.0 13.583433203125
84.0 11.41079208984375
85.0 12.50596533203125
86.0 11.6388619140625
87.0 11.36033203125
88.0 11.97308369140625
89.0 10.847124609375
90.0 12.59804873046875
91.0 11.06596279296875
92.0 8.7543021484375
93.0 7.86703076171875
94.0 7.53577548828125
95.0 8.15262890625
96.0 9.3935076171875
97.0 8.59370205078125
98.0 7.80191181640625
99.0 7.64494228515625
100.0 7.3945560546875
101.0 7.98532958984375
102.0 5.642267578125
103.0 7.15663359375
104.0 8.97274931640625
105.0 8.45348486328125
106.0 7.9927544921875
107.0 7.50036240234375
108.0 7.8462283203125
109.0 7.45240166015625
110.0 7.9129111328125
111.0 7.5428009765625
112.0 8.1925158203125
113.0 8.274646875
114.0 7.65732265625
115.0 10.51441845703125
116.0 12.6980162109375
117.0 12.3292693359375
118.0 11.44739248046875
119.0 10.562846484375
120.0 12.267784765625
121.0 10.4560869140625
122.0 12.7408162109375
123.0 9.50591171875
124.0 12.2575244140625
125.0 11.38770439453125
126.0 11.96732802734375
127.0 10.9648447265625
128.0 10.7828986328125
129.0 11.868069921875
130.0 12.5535208984375
131.0 10.6084943359375
132.0 13.422419140625
133.0 9.82024755859375
134.0 14.77488056640625
135.0 12.07730478515625
136.0 8.49063955078125
137.0 10.67966376953125
138.0 10.8759052734375
139.0 7.95875712890625
140.0 8.00304892578125
141.0 8.5039302734375
142.0 9.96069423828125
143.0 11.55105283203125
144.0 10.7199154296875
145.0 10.92671650390625
146.0 10.28448935546875
147.0 10.91406630859375
148.0 13.12775693359375
149.0 9.177496875
150.0 10.238397265625
151.0 11.63389345703125
152.0 13.6317724609375
153.0 11.0052298828125
154.0 15.1841427734375
155.0 10.6313775390625
156.0 12.38044501953125
157.0 11.789971484375
158.0 14.6803119140625
159.0 9.66647421875
160.0 10.9961041015625
161.0 12.55113837890625
162.0 15.147959375
163.0 14.2507794921875
164.0 11.09026630859375
165.0 16.93233935546875
166.0 14.79344130859375
167.0 11.59241591796875
168.0 11.90725439453125
169.0 14.52263671875
170.0 11.13925673828125
171.0 11.55866923828125
172.0 12.046108984375
173.0 13.4694201171875
174.0 14.59920654296875
175.0 11.61165703125
176.0 14.92067578125
177.0 12.7192703125
178.0 14.28525068359375
179.0 9.78206826171875
180.0 12.2981115234375
181.0 11.32624580078125
182.0 13.63693759765625
183.0 12.0094681640625
184.0 12.3118013671875
185.0 11.94513134765625
186.0 12.70300546875
187.0 12.59237490234375
188.0 11.4805580078125
189.0 13.6317037109375
190.0 7.386902734375
191.0 15.490121875
192.0 16.57533115234375
193.0 12.71064052734375
194.0 13.49401513671875
195.0 13.79716767578125
196.0 12.99707900390625
197.0 15.23552451171875
198.0 12.654666015625
199.0 11.60891513671875
200.0 10.270965234375
201.0 8.217359375
202.0 11.66246376953125
203.0 7.80087138671875
204.0 12.299636328125
205.0 11.8425138671875
206.0 13.22943251953125
207.0 13.685065625
208.0 14.04252265625
209.0 12.43236943359375
210.0 10.44102216796875
211.0 9.91848193359375
212.0 14.06613701171875
213.0 11.69883916015625
214.0 11.47264306640625
215.0 12.2003822265625
216.0 13.40196962890625
217.0 12.56471025390625
218.0 11.0728296875
219.0 11.42370263671875
220.0 13.96934296875
221.0 13.8475685546875
222.0 11.52398369140625
223.0 14.2742689453125
224.0 11.1918625
225.0 9.2022470703125
226.0 8.0838
227.0 16.76751015625
228.0 12.7606845703125
229.0 14.8024171875
230.0 9.11030029296875
231.0 11.00152939453125
232.0 9.4286171875
233.0 15.69326005859375
234.0 13.05711630859375
235.0 10.0154619140625
236.0 13.1297869140625
237.0 8.645305078125
238.0 9.52727275390625
239.0 10.3082900390625
240.0 7.0072755859375
241.0 13.55145986328125
242.0 10.02783515625
243.0 8.95492275390625
244.0 10.88746259765625
245.0 9.7483537109375
246.0 9.64658310546875
247.0 10.14918466796875
248.0 11.25288984375
249.0 11.26016591796875
250.0 10.32281650390625
251.0 16.4156068359375
252.0 12.2299763671875
253.0 10.98362021484375
254.0 11.78199033203125
255.0 10.04290439453125
256.0 9.30111015625
257.0 8.234183984375
258.0 9.14294716796875
259.0 10.42702021484375
260.0 12.9349015625
261.0 10.17915830078125
262.0 14.508095703125
263.0 9.99572861328125
264.0 12.37381123046875
265.0 9.8848603515625
266.0 10.614523046875
267.0 10.72102080078125
268.0 10.04412666015625
269.0 11.59042626953125
270.0 12.1893447265625
271.0 13.39395458984375
272.0 11.935925
273.0 13.0518509765625
274.0 11.12222275390625
275.0 10.39495556640625
276.0 10.39459130859375
277.0 9.36721923828125
278.0 10.164166796875
279.0 15.54783837890625
280.0 12.3075068359375
281.0 12.66186494140625
282.0 12.19860361328125
283.0 13.3130271484375
284.0 12.3346453125
285.0 13.95633232421875
286.0 10.30744853515625
287.0 10.9354412109375
288.0 10.16763662109375
289.0 9.74016787109375
290.0 10.12191416015625
291.0 9.77876259765625
292.0 10.612119921875
293.0 12.65625830078125
294.0 12.76806064453125
295.0 10.5775466796875
296.0 9.06987998046875
297.0 8.36010341796875
298.0 6.1283365234375
299.0 10.9899173828125
300.0 8.22169697265625
301.0 7.6511564453125
302.0 8.9668107421875
303.0 9.9739158203125
304.0 9.5094462890625
305.0 7.78042822265625
306.0 10.06004892578125
307.0 8.59190048828125
308.0 10.406834375
309.0 8.4610828125
310.0 9.11942314453125
311.0 8.319376171875
312.0 8.9708361328125
313.0 10.8462751953125
314.0 10.12686494140625
315.0 9.864730078125
316.0 6.92888818359375
317.0 10.2795974609375
318.0 9.09226728515625
319.0 10.170634375
320.0 10.05137578125
321.0 10.433588671875
322.0 10.1143951171875
323.0 11.9270142578125
324.0 12.750344921875
325.0 9.9765916015625
326.0 9.1058353515625
327.0 10.0135423828125
328.0 11.74983642578125
329.0 11.37422890625
330.0 11.30836943359375
331.0 12.3335630859375
332.0 14.22824296875
333.0 12.7814642578125
334.0 8.926684375
335.0 12.0900822265625
336.0 11.5728556640625
337.0 9.2006251953125
338.0 11.51481728515625
339.0 10.611601953125
340.0 12.09445087890625
341.0 12.53723896484375
342.0 12.0443533203125
343.0 13.44864775390625
344.0 12.40034423828125
345.0 11.73974970703125
346.0 10.19036015625
347.0 12.3571763671875
348.0 11.22265302734375
349.0 7.71794150390625
350.0 14.320942578125
351.0 12.16686298828125
352.0 15.74635888671875
353.0 11.075205078125
354.0 13.2927814453125
355.0 1.98459521484375
356.0 10.0665771484375
357.0 10.29546845703125
358.0 12.90167490234375
359.0 11.84064580078125
360.0 12.91694736328125
361.0 10.45289013671875
362.0 10.67066484375
363.0 9.365187890625
364.0 9.3653474609375
365.0 0.0
366.0 0.0
367.0 25.146317578125
368.0 11.7632572265625
369.0 10.04460556640625
370.0 13.766386328125
371.0 14.54791376953125
372.0 13.8177083984375
373.0 9.43633740234375
374.0 7.95131044921875
375.0 9.3672181640625
376.0 10.065987890625
377.0 13.9074625
378.0 10.15760556640625
379.0 10.08295205078125
380.0 10.482434375
381.0 13.1617796875
382.0 12.20650078125
383.0 11.73824775390625
384.0 10.99205146484375
385.0 9.7529169921875
386.0 9.1502314453125
387.0 8.03015380859375
388.0 9.07531162109375
389.0 9.46200947265625
390.0 11.08057509765625
391.0 11.858134765625
392.0 9.2339857421875
393.0 8.79134296875
394.0 9.12916435546875
395.0 9.735460546875
396.0 9.627330859375
397.0 9.48546162109375
398.0 9.07193740234375
399.0 9.90227041015625
400.0 9.81470341796875
401.0 10.0778333984375
402.0 8.5271716796875
403.0 7.80800205078125
404.0 12.9799630859375
405.0 11.799144140625
406.0 11.0961087890625
407.0 13.1828375
408.0 9.194077734375
409.0 10.0659171875
410.0 9.71318955078125
411.0 9.06485927734375
412.0 12.86022890625
413.0 10.12708642578125
414.0 15.06829189453125
415.0 9.47164140625
416.0 11.376218359375
417.0 13.9646205078125
418.0 9.31887265625
419.0 10.6315248046875
420.0 8.87155751953125
421.0 2.388010546875
422.0 13.48142783203125
423.0 12.70790556640625
424.0 12.6327767578125
425.0 12.65387255859375
426.0 6.03517119140625
427.0 10.8257140625
428.0 10.5118431640625
429.0 4.910314453125
430.0 8.55766279296875
431.0 11.124413671875
432.0 12.43944052734375
433.0 9.21120439453125
434.0 14.11054677734375
435.0 8.9685412109375
436.0 12.07315654296875
437.0 12.30805068359375
438.0 12.69094580078125
439.0 7.9235703125
440.0 7.1401548828125
441.0 10.56391328125
442.0 12.34825068359375
443.0 11.81789228515625
444.0 11.99180615234375
445.0 12.10639326171875
446.0 9.90969619140625
447.0 11.85986181640625
448.0 12.46000595703125
449.0 8.1419630859375
450.0 9.21182177734375
451.0 8.72703564453125
452.0 11.07270439453125
453.0 12.63797158203125
454.0 10.59506982421875
455.0 10.92011025390625
456.0 9.2602720703125
457.0 13.27149736328125
458.0 8.29376904296875
459.0 7.1608640625
460.0 7.14084140625
461.0 6.87499033203125
462.0 7.76257158203125
463.0 7.94883203125
464.0 7.9315123046875
465.0 7.94527041015625
466.0 6.943870703125
467.0 8.37096103515625
468.0 9.35951728515625
469.0 7.30389853515625
470.0 8.43565849609375
471.0 7.7732892578125
472.0 7.6925234375
473.0 7.61717734375
474.0 6.50485791015625
475.0 7.86602353515625
476.0 8.47307158203125
477.0 8.244346484375
478.0 9.9633576171875
479.0 8.68646982421875
480.0 7.40594150390625
481.0 7.2529484375
482.0 8.22798720703125
483.0 8.26047373046875
484.0 8.6798662109375
485.0 9.3731451171875
486.0 8.6160291015625
487.0 8.62580634765625
488.0 12.203383984375
489.0 11.9267435546875
490.0 9.07370986328125
491.0 8.94015
492.0 12.7588703125
493.0 12.99694462890625
494.0 10.99792041015625
495.0 11.6189890625
496.0 9.48137744140625
497.0 8.75842685546875
498.0 10.5890349609375
499.0 8.28666630859375
500.0 7.681147265625
501.0 8.15297548828125
502.0 10.71056669921875
503.0 10.8788076171875
504.0 12.22771181640625
505.0 10.1431576171875
506.0 11.72746435546875
507.0 11.899015234375
508.0 10.19827822265625
509.0 12.52644375
510.0 9.00245673828125
511.0 7.62435947265625
512.0 7.92770458984375
513.0 8.61726806640625
514.0 11.48741240234375
515.0 9.8294421875
516.0 8.0946876953125
517.0 9.574344921875
518.0 12.167243359375
519.0 12.098139453125
520.0 9.91821611328125
521.0 9.54620654296875
522.0 9.23362587890625
523.0 1.15522939453125
524.0 7.5282154296875
525.0 11.752556640625
526.0 10.58614453125
527.0 12.4837939453125
528.0 11.18682099609375
529.0 10.9348767578125
530.0 8.82597138671875
531.0 9.25371201171875
532.0 7.61663154296875
533.0 8.44572890625
534.0 9.26217783203125
535.0 8.8447642578125
536.0 9.621617578125
537.0 12.402216796875
538.0 12.02474921875
539.0 12.92537060546875
540.0 9.31529091796875
541.0 8.323624609375
542.0 8.63879990234375
543.0 9.609915234375
544.0 9.852317578125
545.0 10.17699853515625
546.0 8.86376650390625
547.0 9.96880009765625
548.0 10.67413857421875
549.0 10.81517841796875
550.0 8.47613740234375
551.0 8.942742578125
552.0 9.22319345703125
553.0 10.40969033203125
554.0 9.65816552734375
555.0 8.15485224609375
556.0 8.325246484375
557.0 8.4821958984375
558.0 8.1280453125
559.0 8.37048466796875
560.0 8.72628486328125
561.0 8.25545
562.0 9.9626728515625
563.0 10.9231228515625
564.0 12.4374353515625
565.0 11.19066181640625
566.0 10.014233203125
567.0 11.50631953125
568.0 13.46345
569.0 12.0768806640625
570.0 8.662280078125
571.0 9.463142578125
572.0 9.88264658203125
573.0 11.9055783203125
574.0 8.81944423828125
575.0 11.362060546875
576.0 8.70298994140625
577.0 8.53961044921875
578.0 8.51340322265625
579.0 9.60771982421875
580.0 10.92783046875
581.0 9.2144220703125
582.0 9.1994119140625
583.0 9.09787451171875
584.0 13.75460673828125
585.0 12.1881603515625
586.0 10.566019921875
587.0 13.8716208984375
588.0 11.72134267578125
589.0 11.93290205078125
590.0 14.23003544921875
591.0 9.577667578125
592.0 10.06238203125
593.0 9.23223505859375
594.0 12.2921150390625
595.0 12.3155896484375
596.0 10.0830220703125
597.0 15.4716025390625
598.0 14.15043486328125
599.0 15.1559328125
600.0 14.397933203125
601.0 10.6163873046875
602.0 11.36163349609375
603.0 11.75812314453125
604.0 13.08277021484375
605.0 13.5227947265625
606.0 11.21972900390625
607.0 15.4619396484375
608.0 12.5801244140625
609.0 11.79167138671875
610.0 14.0022208984375
611.0 10.9576677734375
612.0 10.26783583984375
613.0 9.55159716796875
614.0 9.564421875
615.0 9.06965703125
616.0 8.29079189453125
617.0 8.92154560546875
618.0 9.4011228515625
619.0 6.71168935546875
620.0 7.64837822265625
621.0 9.26665341796875
622.0 10.37908349609375
623.0 10.06491328125
624.0 8.71537900390625
625.0 10.94388779296875
626.0 8.9294228515625
627.0 13.6760265625
628.0 12.57943759765625
629.0 12.97756025390625
630.0 13.59923662109375
631.0 10.92430185546875
632.0 10.3288541015625
633.0 11.6107515625
634.0 8.65142236328125
635.0 6.59419638671875
636.0 11.4417234375
637.0 10.18301748046875
638.0 8.9415716796875
639.0 11.0144900390625
640.0 10.8952357421875
641.0 11.644315234375
642.0 7.10375166015625
643.0 10.09594736328125
644.0 8.3532470703125
645.0 10.73349052734375
646.0 13.10493759765625
647.0 10.4239654296875
648.0 11.43324716796875
649.0 9.01047958984375
650.0 10.69981630859375
651.0 11.4255744140625
652.0 12.6043302734375
653.0 11.5713431640625
654.0 10.683360546875
655.0 8.41779072265625
656.0 9.91886376953125
657.0 9.7835306640625
658.0 10.4368234375
659.0 8.885543359375
660.0 9.94212177734375
661.0 9.5214337890625
662.0 9.63813330078125
663.0 10.83851494140625
664.0 9.58630556640625
665.0 9.23500947265625
666.0 11.065439453125
667.0 9.108362109375
668.0 7.65611767578125
669.0 9.12775859375
670.0 11.16825986328125
671.0 8.95784140625
672.0 7.58929677734375
673.0 9.43842626953125
674.0 10.957318359375
675.0 8.7980265625
676.0 9.22370341796875
677.0 8.0513482421875
678.0 8.58528896484375
679.0 9.12410478515625
680.0 10.154088671875
681.0 10.8188201171875
682.0 11.93345419921875
683.0 11.34898359375
684.0 12.7304537109375
685.0 7.55340380859375
686.0 8.802903125
687.0 13.348692578125
688.0 12.14059423828125
689.0 11.452125390625
690.0 14.6919287109375
691.0 12.21906396484375
692.0 11.818962890625
693.0 12.2835029296875
694.0 12.306792578125
695.0 8.8840279296875
696.0 11.02479873046875
697.0 9.7456189453125
698.0 12.19457099609375
699.0 12.4806306640625
700.0 13.004220703125
701.0 11.66869267578125
702.0 13.2750552734375
703.0 13.23142236328125
704.0 11.50324599609375
705.0 11.71458369140625
706.0 13.13442236328125
707.0 12.082180078125
708.0 13.0375220703125
709.0 12.52198427734375
710.0 13.678134375
711.0 12.09057724609375
712.0 11.26127607421875
713.0 12.44700126953125
714.0 13.0307228515625
715.0 13.007531640625
716.0 14.2302353515625
717.0 8.8670705078125
718.0 10.8530966796875
719.0 13.829061328125
720.0 11.53191982421875
721.0 11.77255087890625
722.0 7.48147353515625
723.0 11.91243046875
724.0 11.153784375
725.0 12.00046572265625
726.0 13.01494384765625
727.0 14.031108203125
728.0 13.48906376953125
729.0 10.13988515625
730.0 13.604481640625
731.0 9.14389326171875
732.0 10.08078173828125
733.0 13.0965927734375
734.0 12.4772048828125
735.0 13.49102431640625
736.0 14.124732421875
737.0 13.678005078125
738.0 13.4935841796875
739.0 15.10856787109375
740.0 15.02445458984375
741.0 13.01388193359375
742.0 12.28170009765625
743.0 11.77708046875
744.0 12.96817705078125
745.0 8.58643828125
746.0 13.43583583984375
747.0 13.6245318359375
748.0 14.76309765625
749.0 12.724867578125
750.0 11.77872197265625
751.0 13.344653515625
752.0 12.77547294921875
753.0 14.37299365234375
754.0 12.3330923828125
755.0 13.201577734375
756.0 11.43964140625
757.0 13.700703515625
758.0 12.75551806640625
759.0 10.23114013671875
760.0 13.67364970703125
761.0 13.25688037109375
762.0 11.84752744140625
763.0 9.45861181640625
764.0 14.50084951171875
765.0 9.156727734375
766.0 12.03609326171875
767.0 8.7974736328125
768.0 11.79733212890625
769.0 11.31300546875
770.0 9.68471494140625
771.0 10.392683203125
772.0 10.53952578125
773.0 11.11006806640625
774.0 9.178183203125
775.0 13.16260595703125
776.0 12.18051064453125
777.0 12.3314998046875
778.0 11.9671171875
779.0 12.37000634765625
780.0 12.73110634765625
781.0 14.48238828125
782.0 12.99495322265625
783.0 9.24708779296875
784.0 8.7459693359375
785.0 7.22706171875
786.0 8.4550751953125
787.0 7.4650720703125
788.0 8.3760521484375
789.0 8.25999169921875
790.0 10.09941884765625
791.0 11.4617923828125
792.0 9.9340072265625
793.0 10.558409375
794.0 10.4023419921875
795.0 10.8261439453125
796.0 9.507494140625
797.0 10.56196015625
798.0 9.7740541015625
799.0 9.81207255859375
