0.0 0.0
1.0 0.0
2.0 2.807707421875
3.0 1.71854580078125
4.0 2.18482919921875
5.0 6.7715072265625
6.0 7.16948134765625
7.0 8.157476953125
8.0 5.78575654296875
9.0 0.34957294921875
10.0 0.385726953125
11.0 1.4545591796875
12.0 8.50421904296875
13.0 0.479576171875
14.0 3.64208984375
15.0 0.7509689453125
16.0 1.09481357421875
17.0 4.29564345703125
18.0 3.239340234375
19.0 1.77370595703125
20.0 9.80384423828125
21.0 3.94234853515625
22.0 7.6213890625
23.0 0.94619208984375
24.0 0.12501533203125
25.0 27.92572021484375
26.0 29.36521845703125
27.0 20.88819951171875
28.0 43.7244583984375
29.0 7.40991162109375
30.0 18.1159630859375
31.0 34.02470517578125
32.0 15.26179150390625
33.0 9.51806572265625
34.0 2.9590966796875
35.0 18.81174287109375
36.0 25.99191435546875
37.0 21.7238634765625
38.0 31.66788935546875
39.0 23.29320361328125
40.0 18.170762890625
41.0 6.4239265625
42.0 9.3081537109375
43.0 15.8662466796875
44.0 15.14268935546875
45.0 13.71426630859375
46.0 4.8734908203125
47.0 12.23846494140625
48.0 15.1378796875
49.0 6.61545537109375
50.0 4.749166796875
51.0 15.78608232421875
52.0 18.2657634765625
53.0 11.0483755859375
54.0 2.55428232421875
55.0 3.4730580078125
56.0 5.23807109375
57.0 0.76024638671875
58.0 0.3908767578125
59.0 0.0
60.0 0.0
61.0 0.21903994140625
62.0 0.26071162109375
63.0 0.21886455078125
64.0 0.654312109375
65.0 0.3201212890625
66.0 1.85553076171875
67.0 5.96803984375
68.0 9.9023650390625
69.0 3.10959775390625
70.0 8.5871140625
71.0 2.4845716796875
72.0 0.92675771484375
73.0 2.83149462890625
74.0 7.58672880859375
75.0 13.07202119140625
76.0 11.74601767578125
77.0 12.11794033203125
78.0 15.176422265625
79.0 16.06677802734375
80.0 14.28274541015625
81.0 16.13474013671875
82.0 17.02192822265625
83.0 11.4692330078125
84.0 10.2844517578125
85.0 16.33478046875
86.0 15.3397404296875
87.0 15.39680830078125
88.0 15.00876953125
89.0 13.95031123046875
90.0 17.55434228515625
91.0 13.5282869140625
92.0 18.63011884765625
93.0 17.676322265625
94.0 17.37209453125
95.0 17.12301455078125
96.0 11.55256376953125
97.0 13.18193095703125
98.0 13.73308720703125
99.0 7.35338134765625
100.0 11.10366328125
101.0 16.018117578125
102.0 10.70627548828125
103.0 15.0828630859375
104.0 11.3115615234375
105.0 16.47324462890625
106.0 9.88802138671875
107.0 8.7474994140625
108.0 12.87951435546875
109.0 12.1758462890625
110.0 11.35055341796875
111.0 11.5523427734375
112.0 10.902611328125
113.0 12.552898046875
114.0 6.921536328125
115.0 9.7046767578125
116.0 11.4060138671875
117.0 9.73450908203125
118.0 10.39281103515625
119.0 13.73221904296875
120.0 12.816621875
121.0 12.11802724609375
122.0 17.01958095703125
123.0 15.43375859375
124.0 13.36076962890625
125.0 15.18162587890625
126.0 17.3694861328125
127.0 13.96299638671875
128.0 15.53810361328125
129.0 16.15686962890625
130.0 10.044409765625
131.0 5.66603896484375
132.0 10.528904296875
133.0 8.4639294921875
134.0 18.20609990234375
135.0 9.90425908203125
136.0 14.5947548828125
137.0 6.93480126953125
138.0 11.4923498046875
139.0 10.75119814453125
140.0 14.00382646484375
141.0 10.074518359375
142.0 11.75383837890625
143.0 13.02883359375
144.0 13.9538611328125
145.0 12.41909716796875
146.0 10.9717212890625
147.0 11.467223828125
148.0 5.84177587890625
149.0 17.99562734375
150.0 2.35676669921875
151.0 17.0353482421875
152.0 9.9620517578125
153.0 11.763823828125
154.0 14.23823193359375
155.0 13.56819091796875
156.0 12.59404267578125
157.0 14.81836962890625
158.0 11.83914013671875
159.0 10.552372265625
160.0 10.7899322265625
161.0 7.45708017578125
162.0 7.388808203125
163.0 11.4860916015625
164.0 13.1474818359375
165.0 14.2014388671875
166.0 9.91730771484375
167.0 12.46865341796875
168.0 12.760515234375
169.0 11.8801544921875
170.0 11.98019365234375
171.0 13.628758984375
172.0 9.990803125
173.0 4.22957314453125
174.0 12.996084375
175.0 10.0041978515625
176.0 13.063911328125
177.0 11.04241953125
178.0 3.62194716796875
179.0 6.50673759765625
180.0 1.0803375
181.0 14.02046025390625
182.0 14.5211134765625
183.0 14.0773908203125
184.0 5.27762548828125
185.0 8.00756171875
186.0 22.42073876953125
187.0 9.89959970703125
188.0 18.03383994140625
189.0 13.32756884765625
190.0 10.20526142578125
191.0 8.52994423828125
192.0 6.9131201171875
193.0 8.30500888671875
194.0 10.96329658203125
195.0 11.3700720703125
196.0 17.001169921875
197.0 14.75046015625
198.0 15.45048232421875
199.0 8.9899904296875
200.0 8.58283955078125
201.0 17.16959921875
202.0 8.40821298828125
203.0 9.74033046875
204.0 5.94658447265625
205.0 3.554463671875
206.0 7.9833556640625
207.0 4.09734833984375
208.0 10.79796455078125
209.0 8.707843359375
210.0 6.393778125
211.0 7.492122265625
212.0 6.79565751953125
213.0 3.85897509765625
214.0 5.12794697265625
215.0 1.94539423828125
216.0 1.258635546875
217.0 0.71778974609375
218.0 3.9656373046875
219.0 0.0
220.0 0.0
221.0 0.0
222.0 0.0
223.0 0.0
224.0 0.0
225.0 0.0
226.0 0.0
227.0 0.0
228.0 0.0
229.0 0.0
230.0 0.0
231.0 0.0
232.0 0.0
233.0 0.0
234.0 0.0
235.0 0.0
236.0 0.0
237.0 0.0
238.0 0.0
239.0 0.0
240.0 0.0
241.0 0.0
242.0 0.0
243.0 0.0
244.0 0.0
245.0 0.0
246.0 0.0
247.0 0.09384921875
248.0 0.31183623046875
249.0 0.6314083984375
250.0 0.41948720703125
251.0 0.38537607421875
252.0 0.44748896484375
253.0 0.37526494140625
254.0 0.47926396484375
255.0 0.3460380859375
256.0 0.77992333984375
257.0 0.353262890625
258.0 0.52487548828125
259.0 0.50658798828125
260.0 0.78045654296875
261.0 0.6882095703125
262.0 0.84583203125
263.0 1.50891162109375
264.0 1.05256171875
265.0 3.65924501953125
266.0 3.91647890625
267.0 1.54091044921875
268.0 0.0493025390625
269.0 0.0664376953125
270.0 0.45252900390625
271.0 0.709866015625
272.0 1.0863833984375
273.0 1.59271064453125
274.0 0.50171083984375
275.0 0.93421708984375
276.0 0.967103515625
277.0 0.125702734375
278.0 0.0831681640625
279.0 1.7438337890625
280.0 1.82524677734375
281.0 0.77544033203125
282.0 0.65792099609375
283.0 8.1534638671875
284.0 4.82663876953125
285.0 3.55596787109375
286.0 3.18329775390625
287.0 4.55614453125
288.0 8.04456806640625
289.0 12.412859765625
290.0 12.8218625
291.0 5.4634849609375
292.0 1.03633671875
293.0 4.38998603515625
294.0 4.82869736328125
295.0 3.6366201171875
296.0 1.80294736328125
297.0 7.9799880859375
298.0 9.7005005859375
299.0 7.75289912109375
300.0 4.811476171875
301.0 4.25162724609375
302.0 9.3734259765625
303.0 9.8687720703125
304.0 6.6795544921875
305.0 3.5284576171875
306.0 0.6679763671875
307.0 5.57713115234375
308.0 0.438675390625
309.0 0.2510771484375
310.0 0.0
311.0 0.0
312.0 0.4272232421875
313.0 1.9816056640625
314.0 0.0
315.0 0.0
316.0 0.0
317.0 0.0
318.0 0.0
319.0 0.0
320.0 0.0
321.0 0.0
322.0 0.0
323.0 0.0
324.0 0.0
325.0 0.0
326.0 0.0
327.0 0.0
328.0 0.0
329.0 0.0
330.0 0.03116611328125
331.0 2.66682958984375
332.0 2.65152265625
333.0 0.4667052734375
334.0 0.71713046875
335.0 0.76637421875
336.0 0.854446484375
337.0 0.52107236328125
338.0 0.9064482421875
339.0 0.90679931640625
340.0 0.89767841796875
341.0 5.24992119140625
342.0 0.471800390625
343.0 1.34992177734375
344.0 0.60794873046875
345.0 0.5524138671875
346.0 0.8229294921875
347.0 0.55241396484375
348.0 0.906613671875
349.0 1.2639681640625
350.0 0.7779361328125
351.0 3.5480974609375
352.0 13.30608837890625
353.0 9.2872314453125
354.0 3.4321939453125
355.0 7.678047265625
356.0 3.64033037109375
357.0 11.52874287109375
358.0 7.29173193359375
359.0 6.665513671875
360.0 10.0618427734375
361.0 7.3818400390625
362.0 6.50053359375
363.0 3.1737845703125
364.0 6.8486353515625
365.0 8.91725673828125
366.0 11.2976423828125
367.0 10.91030546875
368.0 7.48809326171875
369.0 7.98489482421875
370.0 9.47723779296875
371.0 7.473085546875
372.0 8.471962890625
373.0 5.12499072265625
374.0 4.677737890625
375.0 7.3830548828125
376.0 11.27093193359375
377.0 12.8734892578125
378.0 7.173559765625
379.0 12.2299267578125
380.0 2.18038212890625
381.0 7.98609638671875
382.0 8.07358759765625
383.0 10.81378896484375
384.0 2.51443076171875
385.0 7.45466611328125
386.0 5.82595087890625
387.0 11.51814912109375
388.0 10.70540869140625
389.0 11.95897412109375
390.0 11.3146328125
391.0 6.074078515625
392.0 6.82434638671875
393.0 5.04808583984375
394.0 6.50022578125
395.0 4.29848681640625
396.0 3.51893525390625
397.0 8.09621767578125
398.0 9.6817072265625
399.0 8.50340810546875
400.0 10.3857708984375
401.0 8.09223701171875
402.0 8.208551953125
403.0 4.08243408203125
404.0 11.45123115234375
405.0 18.15577021484375
406.0 19.63288125
407.0 20.0383501953125
408.0 20.4796134765625
409.0 13.1150365234375
410.0 7.13938330078125
411.0 12.2445408203125
412.0 12.7428474609375
413.0 10.3093263671875
414.0 13.6907318359375
415.0 12.769347265625
416.0 10.94135830078125
417.0 13.047626953125
418.0 12.32042744140625
419.0 10.20393662109375
420.0 5.1851490234375
421.0 8.25930146484375
422.0 7.900869140625
423.0 6.3277041015625
424.0 3.567733203125
425.0 2.4415322265625
426.0 4.13419833984375
427.0 4.2746564453125
428.0 1.851642578125
429.0 0.15640341796875
430.0 0.0414962890625
431.0 0.04132080078125
432.0 0.13381279296875
433.0 0.0636892578125
434.0 0.59443662109375
435.0 0.06233212890625
436.0 0.03116611328125
437.0 0.08217802734375
438.0 2.625998046875
439.0 0.74531533203125
440.0 3.55819462890625
441.0 1.3148294921875
442.0 8.2111283203125
443.0 6.50850009765625
444.0 0.0
445.0 0.0
446.0 0.0
447.0 0.0
448.0 0.0
449.0 0.0
450.0 0.0
451.0 0.0
452.0 0.0
453.0 0.0
454.0 0.03610546875
455.0 31.595621875
456.0 3.98285107421875
457.0 4.27714375
458.0 2.993542578125
459.0 1.67702490234375
460.0 1.67200224609375
461.0 1.07464853515625
462.0 6.2266078125
463.0 1.0250302734375
464.0 5.73454921875
465.0 5.29806162109375
466.0 1.135821875
467.0 2.76274462890625
468.0 1.8736376953125
469.0 12.82934248046875
470.0 11.6083423828125
471.0 11.50264013671875
472.0 3.4666541015625
473.0 3.34282119140625
474.0 9.50870771484375
475.0 11.3415771484375
476.0 12.846824609375
477.0 7.75700703125
478.0 0.0
479.0 0.0
480.0 0.274853125
481.0 0.5219498046875
482.0 0.0
483.0 0.0
484.0 0.0
485.0 0.0
486.0 0.0
487.0 0.0
488.0 0.0
489.0 0.0
490.0 0.0
491.0 0.0
492.0 0.0
493.0 0.0
494.0 0.0
495.0 0.0
496.0 0.0
497.0 0.0
498.0 0.0
499.0 0.0
500.0 0.0
501.0 0.0
502.0 0.0
503.0 0.0
504.0 0.0
505.0 0.0
506.0 0.0
507.0 0.0
508.0 0.0
509.0 0.0
510.0 0.0
511.0 0.0
512.0 1.1867037109375
513.0 2.179718359375
514.0 10.78550634765625
515.0 0.76606337890625
516.0 0.52321884765625
517.0 0.92498427734375
518.0 0.6457134765625
519.0 5.22576630859375
520.0 17.40730009765625
521.0 21.3825865234375
522.0 28.99512666015625
523.0 17.55072861328125
524.0 29.76222900390625
525.0 22.67088173828125
526.0 20.528347265625
527.0 18.59315712890625
528.0 15.837634375
529.0 21.60358876953125
530.0 21.4150224609375
531.0 20.6090052734375
532.0 20.34731865234375
533.0 20.02377890625
534.0 19.58668330078125
535.0 15.31326455078125
536.0 23.5586974609375
537.0 20.19085224609375
538.0 15.664387109375
539.0 11.32430654296875
540.0 13.1382169921875
541.0 9.75092158203125
542.0 8.98097490234375
543.0 12.45434013671875
544.0 10.24989462890625
545.0 8.8673283203125
546.0 5.298021875
547.0 6.41964111328125
548.0 10.22527763671875
549.0 12.1637048828125
550.0 14.47864267578125
551.0 11.58850517578125
552.0 10.83907646484375
553.0 10.460283203125
554.0 11.60360439453125
555.0 9.3740685546875
556.0 9.82214794921875
557.0 14.28933701171875
558.0 15.0290453125
559.0 13.6624001953125
560.0 14.8948064453125
561.0 22.91987294921875
562.0 11.2649060546875
563.0 14.32998447265625
564.0 10.13591630859375
565.0 8.42326298828125
566.0 5.86227685546875
567.0 6.7705123046875
568.0 11.2021015625
569.0 21.488433984375
570.0 18.00562939453125
571.0 17.095570703125
572.0 1.74976796875
573.0 1.92041015625
574.0 8.87632607421875
575.0 7.97889609375
576.0 7.31090771484375
577.0 8.34788662109375
578.0 5.30709755859375
579.0 3.627343359375
580.0 3.9967294921875
581.0 6.85986123046875
582.0 4.13791455078125
583.0 8.66531689453125
584.0 2.07373486328125
585.0 5.18648486328125
586.0 10.3281404296875
587.0 11.15335087890625
588.0 6.8158712890625
589.0 3.687058984375
590.0 4.7236927734375
591.0 5.87884013671875
592.0 4.67448984375
593.0 2.7673419921875
594.0 6.7715958984375
595.0 8.43546865234375
596.0 6.33018173828125
597.0 6.30570673828125
598.0 7.2427072265625
599.0 6.47418203125
600.0 6.32111728515625
601.0 8.71371025390625
602.0 7.19014560546875
603.0 6.36481728515625
604.0 0.11470966796875
605.0 0.15635673828125
606.0 2.51420556640625
607.0 6.79884560546875
608.0 6.1277982421875
609.0 4.9374798828125
610.0 7.1442798828125
611.0 4.72493369140625
612.0 7.8314349609375
613.0 3.78938095703125
614.0 0.205272265625
615.0 0.01033017578125
616.0 2.290191796875
617.0 0.0
618.0 0.0
619.0 0.8350142578125
620.0 0.0
621.0 0.0
622.0 0.0208359375
623.0 0.0
624.0 0.0
625.0 0.0
626.0 0.0
627.0 0.0
628.0 0.0
629.0 0.0
630.0 0.0
631.0 0.0
632.0 0.0
633.0 0.0
634.0 0.0
635.0 0.0
636.0 0.0
637.0 0.0
638.0 0.0
639.0 0.0
640.0 0.0
641.0 0.0
642.0 0.0
643.0 0.0
644.0 0.0
645.0 0.0
646.0 0.0
647.0 0.0
648.0 0.0
649.0 0.0
650.0 0.0
651.0 0.0
652.0 0.0
653.0 0.0
654.0 0.0
655.0 0.0
656.0 0.0
657.0 0.0
658.0 0.0
659.0 0.0
660.0 0.0
661.0 0.0
662.0 0.0
663.0 0.0
664.0 0.0
665.0 0.0
666.0 0.0
667.0 0.0
668.0 0.0
669.0 0.0
670.0 0.0
671.0 0.6133421875
672.0 0.46942138671875
673.0 1.9591326171875
674.0 2.09993408203125
675.0 1.7498865234375
676.0 1.4958728515625
677.0 0.7819294921875
678.0 0.58960537109375
679.0 1.2143369140625
680.0 1.06622646484375
681.0 2.24751240234375
682.0 1.50123203125
683.0 1.25616748046875
684.0 0.5784009765625
685.0 1.0360685546875
686.0 3.34821640625
687.0 2.34445380859375
688.0 0.46909130859375
689.0 5.607012890625
690.0 14.80271142578125
691.0 15.8011154296875
692.0 11.21684833984375
693.0 12.47497353515625
694.0 10.75850009765625
695.0 11.38602490234375
696.0 13.37132490234375
697.0 7.93533447265625
698.0 7.600939453125
699.0 11.37348984375
700.0 14.3409345703125
701.0 12.47223525390625
702.0 14.10805517578125
703.0 13.38041513671875
704.0 12.82993330078125
705.0 2.65013720703125
706.0 4.9673296875
707.0 2.92591728515625
708.0 4.08208212890625
709.0 14.09783876953125
710.0 9.41564541015625
711.0 5.17430322265625
712.0 2.88217451171875
713.0 4.2227587890625
714.0 9.3162828125
715.0 11.99720654296875
716.0 10.48592060546875
717.0 12.0926455078125
718.0 5.57239267578125
719.0 0.948982421875
720.0 3.02972119140625
721.0 12.418703125
722.0 14.54811181640625
723.0 11.8876708984375
724.0 17.5618951171875
725.0 7.568270703125
726.0 11.06108154296875
727.0 16.6855076171875
728.0 9.6377251953125
729.0 8.79048525390625
730.0 6.9575634765625
731.0 2.5001298828125
732.0 13.02144482421875
733.0 6.5150193359375
734.0 7.94964189453125
735.0 8.1174181640625
736.0 9.80824052734375
737.0 11.84908798828125
738.0 12.16262529296875
739.0 10.80162099609375
740.0 9.392897265625
741.0 6.32558046875
742.0 6.51119990234375
743.0 4.4641576171875
744.0 1.05540078125
745.0 7.03778212890625
746.0 6.1155908203125
747.0 3.1832505859375
748.0 0.6770783203125
749.0 0.71660859375
750.0 0.8469595703125
751.0 1.10588076171875
752.0 1.214782421875
753.0 1.25564619140625
754.0 5.5971779296875
755.0 1.1963705078125
756.0 1.87315556640625
757.0 3.7677744140625
758.0 3.64996337890625
759.0 3.6052169921875
760.0 4.67984755859375
761.0 4.278683203125
762.0 3.6906271484375
763.0 1.44203623046875
764.0 5.49566650390625
765.0 9.602312890625
766.0 6.60067412109375
767.0 0.8233421875
768.0 1.02253740234375
769.0 1.1240845703125
770.0 1.14632412109375
771.0 0.69018564453125
772.0 0.33112333984375
773.0 0.40691376953125
774.0 0.0208359375
775.0 0.07283779296875
776.0 0.19767763671875
777.0 0.20870966796875
778.0 0.16703798828125
779.0 0.36524208984375
780.0 0.19785302734375
781.0 0.08334345703125
782.0 0.04167177734375
783.0 0.0625076171875
784.0 0.0416716796875
785.0 0.0
786.0 0.0
787.0 0.0625076171875
788.0 0.01033017578125
789.0 0.0
790.0 0.0
791.0 0.0
792.0 0.0
793.0 0.0
794.0 0.0
795.0 0.0
796.0 0.0
797.0 0.0
798.0 0.0
799.0 0.0
