0.0 11.67275732421875
1.0 25.010197265625
2.0 20.4905078125
3.0 22.34873330078125
4.0 20.4434998046875
5.0 17.62752314453125
6.0 18.99779189453125
7.0 22.40095830078125
8.0 12.72345302734375
9.0 17.26676083984375
10.0 16.09426005859375
11.0 21.81400068359375
12.0 13.9193482421875
13.0 19.7648255859375
14.0 11.1823068359375
15.0 9.47675673828125
16.0 14.60317373046875
17.0 14.609890625
18.0 3.453378515625
19.0 5.85797119140625
20.0 0.05217744140625
21.0 1.56339267578125
22.0 0.0833435546875
23.0 1.4585115234375
24.0 0.0
25.0 0.0
26.0 0.42212109375
27.0 12.8734904296875
28.0 17.39365478515625
29.0 7.95607021484375
30.0 1.99892021484375
31.0 7.4194708984375
32.0 6.13903720703125
33.0 9.00411025390625
34.0 15.93089228515625
35.0 5.820319140625
36.0 12.2029986328125
37.0 15.22349375
38.0 14.32345390625
39.0 14.31671259765625
40.0 10.6751849609375
41.0 9.77121044921875
42.0 9.94363134765625
43.0 5.7678697265625
44.0 9.2470701171875
45.0 14.9948140625
46.0 13.7257755859375
47.0 11.1026095703125
48.0 15.17551103515625
49.0 7.51916552734375
50.0 11.78183232421875
51.0 7.27385556640625
52.0 11.933794921875
53.0 16.66164169921875
54.0 7.75886240234375
55.0 19.8515138671875
56.0 18.10472412109375
57.0 19.00276181640625
58.0 23.9798947265625
59.0 14.31117822265625
60.0 16.2059259765625
61.0 10.2795279296875
62.0 5.03141142578125
63.0 11.9537189453125
64.0 9.873680078125
65.0 13.27618408203125
66.0 20.76038720703125
67.0 19.781801953125
68.0 15.720631640625
69.0 18.44595693359375
70.0 16.56226103515625
71.0 16.42134306640625
72.0 11.55710029296875
73.0 16.73394541015625
74.0 16.0113896484375
75.0 20.28671279296875
76.0 13.7489671875
77.0 15.299158984375
78.0 15.166895703125
79.0 15.07712412109375
80.0 14.913119140625
81.0 12.2188396484375
82.0 12.214065234375
83.0 15.3864380859375
84.0 16.0677994140625
85.0 18.22616123046875
86.0 13.28049716796875
87.0 16.2585021484375
88.0 18.3414599609375
89.0 12.4291173828125
90.0 20.3701943359375
91.0 14.55355751953125
92.0 15.217230078125
93.0 19.7856234375
94.0 14.698461328125
95.0 13.35965068359375
96.0 14.38140146484375
97.0 12.6973642578125
98.0 12.289443359375
99.0 13.03647021484375
100.0 13.7515576171875
101.0 10.7775181640625
102.0 18.2498396484375
103.0 13.953249609375
104.0 16.8976109375
105.0 24.32419052734375
106.0 20.167879296875
107.0 13.35570087890625
108.0 12.26644189453125
109.0 20.12838671875
110.0 25.26403876953125
111.0 23.0653158203125
112.0 19.9626810546875
113.0 23.53337939453125
114.0 21.52899306640625
115.0 21.16786259765625
116.0 22.4062828125
117.0 23.63270283203125
118.0 17.136633203125
119.0 21.8691291015625
120.0 20.152958984375
121.0 20.95780341796875
122.0 17.5378890625
123.0 15.346798046875
124.0 22.863171875
125.0 5.19058642578125
126.0 34.821444140625
127.0 19.994184375
128.0 22.34801787109375
129.0 27.394128515625
130.0 15.92931865234375
131.0 29.87337275390625
132.0 22.1855685546875
133.0 25.22108759765625
134.0 22.676810546875
135.0 22.66200771484375
136.0 11.51474853515625
137.0 22.9111765625
138.0 22.34855341796875
139.0 21.6323474609375
140.0 22.351903515625
141.0 17.06940390625
142.0 25.43896396484375
143.0 25.66352333984375
144.0 24.86357958984375
145.0 27.471575390625
146.0 24.3235890625
147.0 23.6717736328125
148.0 24.8648466796875
149.0 25.34510361328125
150.0 24.8124720703125
151.0 22.29101494140625
152.0 25.02933232421875
153.0 15.75354521484375
154.0 25.8257689453125
155.0 20.73347705078125
156.0 16.57942685546875
157.0 23.12611669921875
158.0 22.695014453125
159.0 15.89749326171875
160.0 20.47996162109375
161.0 12.46717421875
162.0 9.741896484375
163.0 14.35491455078125
164.0 17.62931826171875
165.0 18.99513505859375
166.0 16.193911328125
167.0 15.72556240234375
168.0 16.3741326171875
169.0 15.5024720703125
170.0 17.2089041015625
171.0 9.4879
172.0 18.246872265625
173.0 20.8008888671875
174.0 14.13087060546875
175.0 8.7529916015625
176.0 16.7752974609375
177.0 8.29020712890625
178.0 1.4065048828125
179.0 6.83207412109375
180.0 10.06406572265625
181.0 11.4365279296875
182.0 7.39985009765625
183.0 4.6436978515625
184.0 0.0
185.0 0.0
186.0 0.68421337890625
187.0 0.0
188.0 0.0
189.0 0.0
190.0 0.0
191.0 0.0
192.0 0.0
193.0 0.0
194.0 0.0
195.0 0.0
196.0 0.0
197.0 0.0
198.0 0.0
199.0 0.0
200.0 0.0
201.0 0.0
202.0 0.0
203.0 0.0
204.0 0.0
205.0 0.0
206.0 0.0
207.0 0.0
208.0 0.0
209.0 0.0
210.0 0.0
211.0 0.0
212.0 0.0
213.0 0.0
214.0 0.0
215.0 0.0
216.0 0.0
217.0 0.0
218.0 0.0
219.0 0.09384912109375
220.0 0.489730859375
221.0 0.73886513671875
222.0 0.3234134765625
223.0 1.32892978515625
224.0 1.869240234375
225.0 0.41608720703125
226.0 0.57399013671875
227.0 0.655541015625
228.0 0.77794677734375
229.0 0.7414921875
230.0 0.75044248046875
231.0 0.74675107421875
232.0 0.13728212890625
233.0 0.354736328125
234.0 2.0002517578125
235.0 0.8411673828125
236.0 0.62540927734375
237.0 1.8343083984375
238.0 0.7295734375
239.0 0.354520703125
240.0 0.67672724609375
241.0 1.27894990234375
242.0 1.12715498046875
243.0 0.92763525390625
244.0 7.1982337890625
245.0 11.0443669921875
246.0 0.1429353515625
247.0 0.156005859375
248.0 0.26018525390625
249.0 0.4266966796875
250.0 2.0814033203125
251.0 0.7962287109375
252.0 11.54790615234375
253.0 14.87559140625
254.0 1.64003984375
255.0 2.73201474609375
256.0 7.653562890625
257.0 1.4951064453125
258.0 1.01999189453125
259.0 7.46232275390625
260.0 22.2643361328125
261.0 31.8329859375
262.0 18.06128935546875
263.0 19.06440078125
264.0 12.38708037109375
265.0 11.6837083984375
266.0 1.50794208984375
267.0 1.5271947265625
268.0 0.76890380859375
269.0 0.566987109375
270.0 0.50164521484375
271.0 2.1100271484375
272.0 1.86227822265625
273.0 0.1962560546875
274.0 0.52284482421875
275.0 0.0414962890625
276.0 0.135169921875
277.0 0.4685439453125
278.0 0.3542099609375
279.0 0.0936736328125
280.0 0.25340087890625
281.0 0.693491015625
282.0 0.4690705078125
283.0 0.354168359375
284.0 0.09389072265625
285.0 0.28084560546875
286.0 0.27086630859375
287.0 0.186996484375
288.0 0.052001953125
289.0 0.14602646484375
290.0 0.406562890625
291.0 0.0
292.0 0.0
293.0 1.15252666015625
294.0 2.0970763671875
295.0 0.0
296.0 0.0
297.0 0.0
298.0 0.0
299.0 0.0
300.0 0.0
301.0 0.0
302.0 0.0
303.0 0.0
304.0 0.0
305.0 0.0
306.0 0.0
307.0 0.0
308.0 0.0
309.0 0.0
310.0 0.0
311.0 0.0
312.0 0.0
313.0 0.0
314.0 0.0
315.0 0.0
316.0 0.0
317.0 0.0
318.0 0.0
319.0 0.0
320.0 0.0
321.0 0.0
322.0 0.0
323.0 0.0
324.0 0.0
325.0 0.0
326.0 0.0
327.0 0.0
328.0 0.0
329.0 0.0
330.0 0.70929716796875
331.0 0.1355208984375
332.0 0.17719267578125
333.0 0.35333251953125
334.0 0.71970126953125
335.0 0.59177900390625
336.0 1.44078564453125
337.0 6.02125478515625
338.0 14.06145185546875
339.0 7.37424892578125
340.0 1.39772734375
341.0 1.9937283203125
342.0 14.1996318359375
343.0 2.549697265625
344.0 6.41911845703125
345.0 1.21523525390625
346.0 2.08460712890625
347.0 1.8199607421875
348.0 11.7925984375
349.0 14.29297470703125
350.0 9.05724287109375
351.0 1.29423740234375
352.0 2.13884384765625
353.0 0.28844775390625
354.0 0.0625076171875
355.0 0.510917578125
356.0 0.51039130859375
357.0 6.53097763671875
358.0 6.17863984375
359.0 17.90132978515625
360.0 4.84264404296875
361.0 0.2134341796875
362.0 0.71529609375
363.0 0.42025263671875
364.0 0.67795556640625
365.0 1.67815234375
366.0 3.48039384765625
367.0 6.34095
368.0 7.60151904296875
369.0 18.197766796875
370.0 14.22090986328125
371.0 37.1327943359375
372.0 22.50033896484375
373.0 22.64910009765625
374.0 24.7600146484375
375.0 5.53450869140625
376.0 9.56708779296875
377.0 0.20011025390625
378.0 0.788746875
379.0 1.7009130859375
380.0 0.0
381.0 0.0
382.0 0.172498828125
383.0 42.521295703125
384.0 14.5708314453125
385.0 0.0
386.0 0.0
387.0 1.19168125
388.0 0.60459140625
389.0 3.11715693359375
390.0 28.89435771484375
391.0 19.6992296875
392.0 7.2153037109375
393.0 21.5449103515625
394.0 15.10782998046875
395.0 5.55743076171875
396.0 0.3487734375
397.0 0.15618134765625
398.0 5.3112251953125
399.0 0.477073828125
400.0 6.4909302734375
401.0 25.22962138671875
402.0 25.71303388671875
403.0 12.964585546875
404.0 8.5553392578125
405.0 21.165233203125
406.0 17.0152078125
407.0 7.18952373046875
408.0 0.48399814453125
409.0 4.24609033203125
410.0 3.32814365234375
411.0 7.04974228515625
412.0 28.1520681640625
413.0 26.6177810546875
414.0 20.5512125
415.0 20.04854765625
416.0 8.728696875
417.0 1.34420087890625
418.0 4.69152802734375
419.0 26.5318357421875
420.0 3.22452685546875
421.0 16.89174677734375
422.0 24.796591796875
423.0 17.78888935546875
424.0 22.9454474609375
425.0 6.19425478515625
426.0 1.4827330078125
427.0 0.74112666015625
428.0 1.04226826171875
429.0 10.47895439453125
430.0 14.31694951171875
431.0 17.06577958984375
432.0 24.52952470703125
433.0 30.358781640625
434.0 16.879240234375
435.0 11.271365234375
436.0 0.4692458984375
437.0 0.688461328125
438.0 3.58360458984375
439.0 2.63629384765625
440.0 2.93757666015625
441.0 11.51909951171875
442.0 17.44319853515625
443.0 35.77582109375
444.0 24.17526494140625
445.0 14.491734375
446.0 6.360402734375
447.0 30.6167556640625
448.0 1.6456111328125
449.0 14.62681474609375
450.0 21.6708794921875
451.0 6.581997265625
452.0 7.04645673828125
453.0 2.5159068359375
454.0 2.8273849609375
455.0 10.3514091796875
456.0 0.47943193359375
457.0 0.58322919921875
458.0 9.984587109375
459.0 15.9686345703125
460.0 18.77573095703125
461.0 17.3196607421875
462.0 21.24111728515625
463.0 27.4686236328125
464.0 14.97654658203125
465.0 14.786289453125
466.0 17.52048427734375
467.0 14.23663076171875
468.0 13.94085048828125
469.0 15.7389591796875
470.0 12.668237890625
471.0 4.23759208984375
472.0 0.65659326171875
473.0 2.22016142578125
474.0 0.42964072265625
475.0 4.7733509765625
476.0 0.0
477.0 0.0
478.0 0.01033017578125
479.0 0.0
480.0 0.0
481.0 0.0
482.0 0.0
483.0 0.0
484.0 0.0
485.0 0.0
486.0 0.0
487.0 0.0
488.0 0.0
489.0 0.0
490.0 0.0
491.0 0.0
492.0 0.0
493.0 0.0
494.0 0.0
495.0 0.0
496.0 0.0
497.0 0.0
498.0 0.0
499.0 0.0
500.0 0.0
501.0 0.0
502.0 0.0
503.0 0.0
504.0 0.0
505.0 0.0
506.0 0.0
507.0 0.0
508.0 0.0
509.0 0.0
510.0 0.0
511.0 0.0
512.0 0.0
513.0 0.0
514.0 0.0
515.0 0.0
516.0 0.0
517.0 0.0
518.0 0.0
519.0 0.0
520.0 0.0
521.0 0.0
522.0 0.0
523.0 0.0
524.0 0.0
525.0 0.0
526.0 0.0
527.0 0.0
528.0 0.0
529.0 0.0
530.0 0.0
531.0 0.0
532.0 0.0
533.0 0.0
534.0 0.0
535.0 0.0
536.0 0.0
537.0 0.0
538.0 0.0
539.0 0.0
540.0 0.0
541.0 0.0
542.0 0.0
543.0 0.0
544.0 0.0
545.0 0.0
546.0 0.0
547.0 0.0
548.0 0.0
549.0 0.0
550.0 0.0
551.0 0.0
552.0 0.0
553.0 0.0
554.0 0.0
555.0 0.0
556.0 0.0
557.0 0.0
558.0 0.0
559.0 0.0
560.0 0.0
561.0 0.0
562.0 0.0
563.0 0.0
564.0 0.0
565.0 0.0
566.0 0.0
567.0 0.0
568.0 0.0
569.0 0.32084921875
570.0 0.636197265625
571.0 0.54945322265625
572.0 0.35629326171875
573.0 1.22596240234375
574.0 0.4182544921875
575.0 0.125604296875
576.0 0.3647154296875
577.0 0.1982041015625
578.0 1.4662326171875
579.0 0.5312576171875
580.0 0.86542919921875
581.0 0.5841021484375
582.0 1.31786943359375
583.0 0.96286943359375
584.0 1.17507548828125
585.0 0.61593271484375
586.0 0.4685439453125
587.0 0.63505556640625
588.0 0.80896904296875
589.0 0.56731259765625
590.0 0.97826044921875
591.0 0.95560185546875
592.0 1.189421875
593.0 0.53244697265625
594.0 0.88208857421875
595.0 1.40213896484375
596.0 0.5480478515625
597.0 0.59391025390625
598.0 0.80209365234375
599.0 1.50567841796875
600.0 13.073674609375
601.0 21.512534375
602.0 33.00240986328125
603.0 40.3742884765625
604.0 11.52464482421875
605.0 16.38084072265625
606.0 22.21042490234375
607.0 21.70826640625
608.0 24.34188994140625
609.0 17.09600703125
610.0 29.099008984375
611.0 25.9914107421875
612.0 14.52258681640625
613.0 23.3983521484375
614.0 18.36129599609375
615.0 22.36012314453125
616.0 18.52456943359375
617.0 19.15224462890625
618.0 38.67721357421875
619.0 23.5743728515625
620.0 36.51652578125
621.0 14.33012734375
622.0 28.3741396484375
623.0 20.75164013671875
624.0 18.18698642578125
625.0 18.0172126953125
626.0 21.37138994140625
627.0 9.8478607421875
628.0 15.2406173828125
629.0 2.3116521484375
630.0 1.4759060546875
631.0 1.8972931640625
632.0 7.60555263671875
633.0 5.3770828125
634.0 0.0
635.0 0.0
636.0 0.0625076171875
637.0 0.08334345703125
638.0 0.0208359375
639.0 0.0
640.0 0.0
641.0 0.0
642.0 0.0
643.0 0.0
644.0 0.0
645.0 0.0
646.0 0.0
647.0 0.0
648.0 0.0
649.0 0.0
650.0 0.0
651.0 0.0
652.0 0.0
653.0 0.0
654.0 0.0
655.0 0.0
656.0 0.0
657.0 0.0
658.0 0.0
659.0 0.0
660.0 0.0
661.0 0.0
662.0 0.0
663.0 0.0
664.0 0.0
665.0 0.0
666.0 0.0
667.0 0.0414962890625
668.0 0.37504580078125
669.0 0.2395248046875
670.0 0.16668701171875
671.0 0.18699638671875
672.0 3.2006296875
673.0 4.899901171875
674.0 1.7037984375
675.0 1.38112900390625
676.0 0.14247587890625
677.0 0.7898052734375
678.0 1.5301060546875
679.0 1.5727125
680.0 0.1460265625
681.0 0.19785302734375
682.0 0.23899833984375
683.0 0.182490625
684.0 0.15998525390625
685.0 0.78143310546875
686.0 2.8866892578125
687.0 4.40793232421875
688.0 6.215268359375
689.0 4.58889736328125
690.0 4.431684375
691.0 4.24157255859375
692.0 3.6203732421875
693.0 5.01669306640625
694.0 0.6154181640625
695.0 0.30115498046875
696.0 0.15583037109375
697.0 0.24005126953125
698.0 0.44239814453125
699.0 0.94239794921875
700.0 0.19715107421875
701.0 0.50040888671875
702.0 1.48324912109375
703.0 8.400026171875
704.0 1.5143033203125
705.0 3.12181611328125
706.0 6.18939248046875
707.0 3.04210546875
708.0 4.07662158203125
709.0 3.16350927734375
710.0 3.2188791015625
711.0 0.2959142578125
712.0 0.3565873046875
713.0 1.24777509765625
714.0 1.4841556640625
715.0 2.837933203125
716.0 12.99749541015625
717.0 4.39785107421875
718.0 8.12254755859375
719.0 5.15737236328125
720.0 1.8026171875
721.0 1.0304068359375
722.0 4.1664708984375
723.0 0.70131572265625
724.0 0.822882421875
725.0 0.15728115234375
726.0 0.15583037109375
727.0 0.32269296875
728.0 1.0778533203125
729.0 0.0
730.0 0.0
731.0 0.489204296875
732.0 0.21903974609375
733.0 1.5716171875
734.0 7.968477734375
735.0 11.85407138671875
736.0 12.36887548828125
737.0 12.60217822265625
738.0 11.4684482421875
739.0 12.56388408203125
740.0 8.64013291015625
741.0 3.51619384765625
742.0 0.5422591796875
743.0 0.1969681640625
744.0 0.12502314453125
745.0 2.5588212890625
746.0 4.83750048828125
747.0 10.61468779296875
748.0 13.55492109375
749.0 11.170019921875
750.0 9.7773205078125
751.0 10.23833232421875
752.0 5.570967578125
753.0 0.63681025390625
754.0 0.1013826171875
755.0 0.13779130859375
756.0 0.24950390625
757.0 0.13534541015625
758.0 1.79373603515625
759.0 0.2868685546875
760.0 0.12501533203125
761.0 0.15600576171875
762.0 0.3023833984375
763.0 4.9392349609375
764.0 2.74762412109375
765.0 4.527651171875
766.0 3.55088564453125
767.0 9.56025224609375
768.0 12.3182017578125
769.0 12.44544501953125
770.0 8.921196484375
771.0 4.62852373046875
772.0 0.87545771484375
773.0 0.0
774.0 0.0
775.0 0.0
776.0 0.0
777.0 0.0
778.0 0.0
779.0 0.0
780.0 0.0
781.0 0.0
782.0 0.0
783.0 0.0
784.0 0.0
785.0 0.0
786.0 0.0
787.0 0.0
788.0 0.0
789.0 0.0
790.0 0.0
791.0 0.0
792.0 0.0
793.0 0.0
794.0 0.0
795.0 0.0
796.0 0.0
797.0 0.0
798.0 0.0
799.0 0.0
