0.0 49.91634921875
1.0 30.7803763671875
2.0 36.628245703125
3.0 49.05248408203125
4.0 50.51402578125
5.0 50.15204853515625
6.0 49.1443640625
7.0 48.19457119140625
8.0 41.932820703125
9.0 51.649978515625
10.0 37.90743779296875
11.0 14.83649423828125
12.0 23.98644892578125
13.0 51.50136484375
14.0 43.70236796875
15.0 44.94586455078125
16.0 46.01873193359375
17.0 51.1641869140625
18.0 53.39243896484375
19.0 51.740821875
20.0 49.97102265625
21.0 38.00557578125
22.0 36.18941591796875
23.0 44.22698974609375
24.0 51.3202953125
25.0 48.13693232421875
26.0 35.85288740234375
27.0 48.209705078125
28.0 49.9302373046875
29.0 50.80751630859375
30.0 49.845110546875
31.0 43.19731904296875
32.0 22.03297763671875
33.0 39.9735529296875
34.0 38.382181640625
35.0 50.81079013671875
36.0 47.90214150390625
37.0 33.2103654296875
38.0 48.739695703125
39.0 51.376297265625
40.0 45.7703458984375
41.0 43.919775390625
42.0 1.58592666015625
43.0 37.39278896484375
44.0 20.19981796875
45.0 41.3327548828125
46.0 50.060444140625
47.0 49.9791626953125
48.0 50.27678642578125
49.0 39.15244091796875
50.0 52.6044646484375
51.0 49.09302197265625
52.0 33.01880908203125
53.0 36.2055474609375
54.0 40.08406025390625
55.0 45.16317724609375
56.0 43.16662939453125
57.0 51.0282212890625
58.0 51.865496875
59.0 38.09710341796875
60.0 35.521253125
61.0 55.2761056640625
62.0 39.5790171875
63.0 33.87694130859375
64.0 48.457723828125
65.0 56.92697939453125
66.0 47.4563111328125
67.0 59.95747109375
68.0 54.26153369140625
69.0 53.81035693359375
70.0 54.199407421875
71.0 47.05664619140625
72.0 46.4690083984375
73.0 34.18612705078125
74.0 44.68276396484375
75.0 49.48088837890625
76.0 37.97369169921875
77.0 57.2266275390625
78.0 40.47867705078125
79.0 56.08284462890625
80.0 43.43789326171875
81.0 58.01347919921875
82.0 49.325754296875
83.0 34.77475673828125
84.0 34.6929025390625
85.0 67.04770400390625
86.0 55.39199384765625
87.0 55.94530712890625
88.0 55.311983984375
89.0 55.8572912109375
90.0 54.83024697265625
91.0 41.738807421875
92.0 50.7371873046875
93.0 38.00951396484375
94.0 48.26507451171875
95.0 53.34799873046875
96.0 44.78468193359375
97.0 58.68435263671875
98.0 54.0798138671875
99.0 54.82301689453125
100.0 43.27737099609375
101.0 60.79156669921875
102.0 53.75270576171875
103.0 37.200025390625
104.0 46.57598515625
105.0 38.62847802734375
106.0 62.1956068359375
107.0 51.72392421875
108.0 54.33136396484375
109.0 54.28346767578125
110.0 53.8003080078125
111.0 38.56750537109375
112.0 63.746716015625
113.0 43.0149376953125
114.0 21.459377734375
115.0 46.62171650390625
116.0 58.1776830078125
117.0 41.3282025390625
118.0 66.83490283203125
119.0 56.9939583984375
120.0 53.208121484375
121.0 45.47941552734375
122.0 51.84611513671875
123.0 50.1267640625
124.0 30.650358203125
125.0 46.52751630859375
126.0 53.06613583984375
127.0 52.28412734375
128.0 54.14817080078125
129.0 51.64707685546875
130.0 56.68022177734375
131.0 41.7748185546875
132.0 52.09026357421875
133.0 51.32963037109375
134.0 32.68425595703125
135.0 48.2582076171875
136.0 54.208892578125
137.0 52.079563671875
138.0 39.2154708984375
139.0 41.2155185546875
140.0 43.56762900390625
141.0 36.74674326171875
142.0 43.4369673828125
143.0 41.0174275390625
144.0 26.58273037109375
145.0 24.74151572265625
146.0 54.56346630859375
147.0 54.70468525390625
148.0 44.90284140625
149.0 46.86222373046875
150.0 47.97401748046875
151.0 38.2434970703125
152.0 46.67200830078125
153.0 49.5373142578125
154.0 37.50742607421875
155.0 34.9599255859375
156.0 49.00304345703125
157.0 47.38139658203125
158.0 51.66901484375
159.0 37.72146376953125
160.0 62.80051865234375
161.0 45.6334908203125
162.0 48.5813953125
163.0 49.9197357421875
164.0 45.20580048828125
165.0 30.0372744140625
166.0 46.1081556640625
167.0 36.4287255859375
168.0 40.57931923828125
169.0 49.9991484375
170.0 54.371519140625
171.0 34.4287416015625
172.0 47.3522515625
173.0 41.71121650390625
174.0 46.58271123046875
175.0 33.611012890625
176.0 28.64953388671875
177.0 45.91020078125
178.0 44.70995029296875
179.0 49.6108580078125
180.0 40.788144921875
181.0 41.8443771484375
182.0 52.51146591796875
183.0 43.45751982421875
184.0 46.70534970703125
185.0 27.94063076171875
186.0 32.60901435546875
187.0 55.26907021484375
188.0 45.579823828125
189.0 49.8781439453125
190.0 47.82285615234375
191.0 40.24688857421875
192.0 49.7338107421875
193.0 50.61349462890625
194.0 50.18249501953125
195.0 39.429991015625
196.0 27.60696767578125
197.0 49.18157041015625
198.0 43.08725859375
199.0 54.49185712890625
200.0 43.57794033203125
201.0 42.35260732421875
202.0 52.94725849609375
203.0 41.80161591796875
204.0 69.65803427734375
205.0 47.72815810546875
206.0 29.4623849609375
207.0 42.91085146484375
208.0 47.41399716796875
209.0 52.333380859375
210.0 52.52555078125
211.0 38.61394716796875
212.0 46.04390439453125
213.0 21.19852578125
214.0 60.78347568359375
215.0 38.66886396484375
216.0 36.3194958984375
217.0 39.379440234375
218.0 39.41300224609375
219.0 42.6378021484375
220.0 47.56865498046875
221.0 45.00996875
222.0 32.87715126953125
223.0 55.2836580078125
224.0 41.46451015625
225.0 48.65946123046875
226.0 31.4252890625
227.0 33.874581640625
228.0 49.4403861328125
229.0 45.75836728515625
230.0 48.71790400390625
231.0 44.2981283203125
232.0 46.30253056640625
233.0 50.00146650390625
234.0 52.21660654296875
235.0 48.14741025390625
236.0 33.3507615234375
237.0 42.11562490234375
238.0 51.12682724609375
239.0 45.0479703125
240.0 47.45102646484375
241.0 45.43546591796875
242.0 41.44141328125
243.0 53.90859482421875
244.0 47.84977978515625
245.0 45.86397275390625
246.0 45.33098583984375
247.0 25.8945638671875
248.0 45.61573369140625
249.0 52.087346484375
250.0 47.24349189453125
251.0 41.7545552734375
252.0 47.496051171875
253.0 49.04217744140625
254.0 45.35676982421875
255.0 53.53376396484375
256.0 47.20561328125
257.0 29.53403720703125
258.0 45.1919416015625
259.0 48.27273779296875
260.0 48.6044837890625
261.0 39.8734443359375
262.0 50.85801640625
263.0 43.41015068359375
264.0 39.7562404296875
265.0 50.32970419921875
266.0 55.90675751953125
267.0 23.56213642578125
268.0 42.6844673828125
269.0 42.73663408203125
270.0 42.7897392578125
271.0 30.0307677734375
272.0 49.28806630859375
273.0 28.99404501953125
274.0 42.3787765625
275.0 49.4284107421875
276.0 54.01131455078125
277.0 34.05210751953125
278.0 36.9712138671875
279.0 47.13294375
280.0 23.968554296875
281.0 47.573846484375
282.0 37.03703818359375
283.0 41.46569033203125
284.0 38.3502990234375
285.0 39.33864453125
286.0 45.10838544921875
287.0 45.6001517578125
288.0 31.617959375
289.0 45.37831171875
290.0 46.817449609375
291.0 39.2530982421875
292.0 45.28515107421875
293.0 52.7377853515625
294.0 50.72533525390625
295.0 43.24401884765625
296.0 37.449111328125
297.0 50.9922146484375
298.0 24.547984375
299.0 40.28650185546875
300.0 19.522038671875
301.0 55.10064541015625
302.0 45.1184193359375
303.0 51.534684375
304.0 53.60330966796875
305.0 23.85282578125
306.0 55.15204677734375
307.0 45.42089453125
308.0 21.36936513671875
309.0 33.37718681640625
310.0 51.6994341796875
311.0 30.35324130859375
312.0 40.6269216796875
313.0 49.589318359375
314.0 41.32112646484375
315.0 49.9904205078125
316.0 33.09284501953125
317.0 43.03215439453125
318.0 29.592867578125
319.0 23.88923232421875
320.0 29.86757451171875
321.0 21.8710392578125
322.0 28.95587822265625
323.0 35.85837529296875
324.0 37.020740234375
325.0 22.723025
326.0 40.433051953125
327.0 59.5421107421875
328.0 35.74032177734375
329.0 30.5849345703125
330.0 39.4041140625
331.0 29.17975166015625
332.0 40.606258203125
333.0 47.87681181640625
334.0 43.8615533203125
335.0 46.2952662109375
336.0 50.305592578125
337.0 41.458620703125
338.0 41.9647283203125
339.0 23.1630671875
340.0 51.892364453125
341.0 39.11229912109375
342.0 32.2229935546875
343.0 30.762335546875
344.0 50.02381591796875
345.0 47.9012931640625
346.0 39.62003203125
347.0 62.5287021484375
348.0 17.792434375
349.0 40.7016109375
350.0 32.32117998046875
351.0 15.86401923828125
352.0 58.21316796875
353.0 51.2471474609375
354.0 50.39859228515625
355.0 15.21853056640625
356.0 52.9333830078125
357.0 46.40743388671875
358.0 48.5433123046875
359.0 26.944445703125
360.0 32.26484189453125
361.0 49.777205078125
362.0 43.03305029296875
363.0 54.2079740234375
364.0 42.89138525390625
365.0 41.2821234375
366.0 41.8127552734375
367.0 50.42998115234375
368.0 49.324011328125
369.0 45.01875869140625
370.0 33.54233408203125
371.0 22.69354619140625
372.0 47.74222412109375
373.0 33.9376109375
374.0 53.23772158203125
375.0 47.2783173828125
376.0 45.1302876953125
377.0 40.49206796875
378.0 48.23718662109375
379.0 51.86350341796875
380.0 30.65225361328125
381.0 42.29883369140625
382.0 44.0811728515625
383.0 52.979505859375
384.0 53.09407294921875
385.0 51.56213916015625
386.0 51.375196875
387.0 50.7561029296875
388.0 50.4916353515625
389.0 52.81544189453125
390.0 38.64404912109375
391.0 36.36438310546875
392.0 52.3817115234375
393.0 49.00157138671875
394.0 51.58922578125
395.0 52.02376572265625
396.0 36.14570263671875
397.0 56.52844287109375
398.0 53.67229921875
399.0 42.70173173828125
400.0 42.55830302734375
401.0 31.37514384765625
402.0 44.815495703125
403.0 48.7277619140625
404.0 52.8809296875
405.0 31.14987353515625
406.0 65.91437978515626
407.0 53.38888369140625
408.0 54.00249482421875
409.0 44.1283669921875
410.0 40.91911748046875
411.0 34.66950546875
412.0 36.7709884765625
413.0 52.82261943359375
414.0 56.13484921875
415.0 52.66605556640625
416.0 44.71545703125
417.0 54.64155185546875
418.0 51.74933798828125
419.0 50.47956220703125
420.0 49.952671875
421.0 27.64714638671875
422.0 20.82466953125
423.0 55.7263869140625
424.0 71.0225908203125
425.0 53.137998046875
426.0 46.86916328125
427.0 51.262648828125
428.0 47.899632421875
429.0 47.01795673828125
430.0 51.96393291015625
431.0 28.92943828125
432.0 33.93221455078125
433.0 17.2841033203125
434.0 78.7280859375
435.0 46.32772607421875
436.0 46.4855853515625
437.0 49.50319150390625
438.0 40.07725556640625
439.0 50.7370447265625
440.0 48.42483505859375
441.0 33.115738671875
442.0 30.5532861328125
443.0 50.96002021484375
444.0 36.95360859375
445.0 52.07993359375
446.0 51.11693427734375
447.0 50.71989091796875
448.0 53.02693974609375
449.0 53.12952373046875
450.0 50.58774306640625
451.0 37.20973369140625
452.0 32.43432607421875
453.0 36.3877724609375
454.0 51.4660216796875
455.0 51.27347451171875
456.0 47.41482373046875
457.0 34.70262099609375
458.0 63.83890322265625
459.0 52.19338408203125
460.0 46.372274609375
461.0 43.316578515625
462.0 31.78692236328125
463.0 37.4470130859375
464.0 48.31630986328125
465.0 34.408316015625
466.0 73.26327958984375
467.0 35.76652880859375
468.0 57.04082119140625
469.0 48.45177890625
470.0 28.2381625
471.0 29.23717998046875
472.0 23.106226953125
473.0 27.059254296875
474.0 34.47904677734375
475.0 41.61442744140625
476.0 33.50881025390625
477.0 34.7294103515625
478.0 29.72724873046875
479.0 30.31937373046875
480.0 19.240713671875
481.0 39.86457568359375
482.0 36.0952669921875
483.0 31.99680400390625
484.0 47.13406806640625
485.0 48.80865625
486.0 44.6568970703125
487.0 47.669562109375
488.0 39.39782685546875
489.0 32.23479541015625
490.0 27.54206875
491.0 23.79356298828125
492.0 28.11573759765625
493.0 29.73325087890625
494.0 43.24499658203125
495.0 37.502215234375
496.0 48.422754296875
497.0 50.31193681640625
498.0 52.25177978515625
499.0 53.29425283203125
500.0 46.30361474609375
501.0 40.85103486328125
502.0 39.2627626953125
503.0 30.59062021484375
504.0 44.74567841796875
505.0 49.79924716796875
506.0 44.2694375
507.0 52.46052099609375
508.0 42.100810546875
509.0 51.61188251953125
510.0 47.558121875
511.0 46.88962294921875
512.0 43.34836689453125
513.0 21.24444990234375
514.0 50.18566123046875
515.0 51.6774021484375
516.0 50.37086826171875
517.0 50.297075390625
518.0 47.45706259765625
519.0 44.5980748046875
520.0 50.1591083984375
521.0 43.5634916015625
522.0 49.184959765625
523.0 41.087099609375
524.0 29.00601884765625
525.0 26.91401630859375
526.0 61.31112431640625
527.0 47.44596904296875
528.0 51.34987119140625
529.0 45.57408369140625
530.0 44.353472265625
531.0 25.81850439453125
532.0 53.77917431640625
533.0 38.03854580078125
534.0 29.57791533203125
535.0 40.29652119140625
536.0 39.200944140625
537.0 43.49046123046875
538.0 46.064494921875
539.0 38.9838591796875
540.0 35.034643359375
541.0 43.28958349609375
542.0 23.8141162109375
543.0 52.9601705078125
544.0 27.25118583984375
545.0 39.40503564453125
546.0 45.40597216796875
547.0 33.57361787109375
548.0 48.196587890625
549.0 44.60834501953125
550.0 46.2948984375
551.0 43.26393916015625
552.0 45.870380078125
553.0 40.17496728515625
554.0 27.591044140625
555.0 43.54019384765625
556.0 32.7095220703125
557.0 42.757634765625
558.0 39.52172919921875
559.0 37.25886298828125
560.0 34.00244970703125
561.0 42.39859853515625
562.0 38.6613111328125
563.0 36.505602734375
564.0 21.0429396484375
565.0 29.358955078125
566.0 49.05781259765625
567.0 37.35632392578125
568.0 38.09930947265625
569.0 41.62646328125
570.0 43.99634765625
571.0 32.33128837890625
572.0 38.5604322265625
573.0 31.21898759765625
574.0 31.80083154296875
575.0 25.89620654296875
576.0 38.6577841796875
577.0 42.1904626953125
578.0 43.56804619140625
579.0 33.39773798828125
580.0 39.25468515625
581.0 30.6882203125
582.0 49.81103857421875
583.0 38.446276171875
584.0 35.90869873046875
585.0 32.2499802734375
586.0 25.03967041015625
587.0 54.56166650390625
588.0 45.3370345703125
589.0 34.557215625
590.0 49.74010927734375
591.0 40.3253578125
592.0 44.3912912109375
593.0 43.89088408203125
594.0 43.11355625
595.0 23.75272568359375
596.0 23.05138779296875
597.0 59.6619712890625
598.0 47.33563046875
599.0 45.922964453125
600.0 55.535416015625
601.0 44.743814453125
602.0 51.57323740234375
603.0 50.3440009765625
604.0 49.134998046875
605.0 36.299948046875
606.0 31.52361201171875
607.0 58.07546611328125
608.0 52.5264259765625
609.0 51.53563388671875
610.0 51.8083931640625
611.0 44.87934189453125
612.0 50.85615234375
613.0 50.22649306640625
614.0 51.65334091796875
615.0 37.2462298828125
616.0 39.34881474609375
617.0 28.559984765625
618.0 66.449655859375
619.0 49.03110029296875
620.0 44.59428291015625
621.0 43.12655478515625
622.0 49.49621279296875
623.0 50.2764330078125
624.0 51.499304296875
625.0 44.2911642578125
626.0 31.166855078125
627.0 43.62617099609375
628.0 49.0838232421875
629.0 49.03093466796875
630.0 43.847635546875
631.0 26.6402431640625
632.0 41.7704095703125
633.0 24.224500390625
634.0 67.01619580078125
635.0 42.58916171875
636.0 28.57919169921875
637.0 24.57864345703125
638.0 42.6530357421875
639.0 41.66117431640625
640.0 50.14660224609375
641.0 40.425623828125
642.0 37.13713984375
643.0 57.31354697265625
644.0 50.5946361328125
645.0 40.9580279296875
646.0 43.80017705078125
647.0 44.693650390625
648.0 26.80190830078125
649.0 67.4673560546875
650.0 49.870968359375
651.0 42.26794853515625
652.0 44.540150390625
653.0 49.3672166015625
654.0 48.96684111328125
655.0 43.7715193359375
656.0 35.4924109375
657.0 30.1150302734375
658.0 28.23092490234375
659.0 40.72785771484375
660.0 51.54777529296875
661.0 42.91640966796875
662.0 32.71372255859375
663.0 71.1438412109375
664.0 48.45990625
665.0 30.927014453125
666.0 58.99562470703125
667.0 28.30774228515625
668.0 43.2615818359375
669.0 50.7535828125
670.0 51.40804453125
671.0 46.23445283203125
672.0 45.295671875
673.0 47.90552392578125
674.0 51.36641865234375
675.0 49.94219609375
676.0 39.0091427734375
677.0 39.6725521484375
678.0 44.3648017578125
679.0 32.80560830078125
680.0 66.06139384765625
681.0 47.32993798828125
682.0 50.7679080078125
683.0 50.884502734375
684.0 50.32342060546875
685.0 49.54406083984375
686.0 48.91273125
687.0 30.3179275390625
688.0 48.38426162109375
689.0 40.06568232421875
690.0 46.876471875
691.0 41.68493056640625
692.0 45.32448515625
693.0 49.246017578125
694.0 44.436219921875
695.0 49.2138880859375
696.0 50.46904638671875
697.0 31.85234609375
698.0 28.87268447265625
699.0 62.93520205078125
700.0 40.3318458984375
701.0 49.057242578125
702.0 43.867605859375
703.0 36.95410751953125
704.0 55.79608310546875
705.0 53.071666796875
706.0 43.3566333984375
707.0 38.68590595703125
708.0 29.5633486328125
709.0 45.671375
710.0 47.68106923828125
711.0 39.5564052734375
712.0 46.63809404296875
713.0 55.57525859375
714.0 46.70842783203125
715.0 45.26814873046875
716.0 55.28087158203125
717.0 50.6090544921875
718.0 28.90588759765625
719.0 44.82985126953125
720.0 43.51248251953125
721.0 37.87032265625
722.0 34.32331865234375
723.0 64.58665517578125
724.0 47.88340458984375
725.0 48.50758828125
726.0 49.2105095703125
727.0 49.9294341796875
728.0 37.64852900390625
729.0 31.80176904296875
730.0 49.05208369140625
731.0 42.9216205078125
732.0 47.58983154296875
733.0 47.447450390625
734.0 47.1399208984375
735.0 48.8567189453125
736.0 48.93769052734375
737.0 50.5752880859375
738.0 37.69783515625
739.0 22.0938740234375
740.0 64.251991015625
741.0 43.2381013671875
742.0 45.44128623046875
743.0 35.3691255859375
744.0 60.1997376953125
745.0 45.524212109375
746.0 45.123948046875
747.0 42.9102798828125
748.0 44.69883623046875
749.0 35.90905556640625
750.0 34.934346875
751.0 50.989426171875
752.0 42.769702734375
753.0 51.0560435546875
754.0 19.94972548828125
755.0 27.23807041015625
756.0 55.85435576171875
757.0 50.85497470703125
758.0 27.605408203125
759.0 30.04893427734375
760.0 20.67137109375
761.0 53.34578671875
762.0 38.206286328125
763.0 61.6762064453125
764.0 48.20016982421875
765.0 47.1849435546875
766.0 50.52386923828125
767.0 50.2202947265625
768.0 49.32116865234375
769.0 29.6048671875
770.0 43.18493994140625
771.0 43.94489326171875
772.0 50.290598046875
773.0 37.57583837890625
774.0 61.718394140625
775.0 35.11386484375
776.0 48.10955615234375
777.0 48.01330615234375
778.0 48.97404130859375
779.0 38.1261005859375
780.0 40.59974306640625
781.0 40.44199541015625
782.0 47.58654375
783.0 49.660882421875
784.0 50.321139453125
785.0 49.48678359375
786.0 35.7798068359375
787.0 47.266734375
788.0 44.30187978515625
789.0 36.40975341796875
790.0 38.13625654296875
791.0 35.96123779296875
792.0 47.52825625
793.0 45.65400380859375
794.0 41.4986666015625
795.0 42.7021294921875
796.0 49.051428515625
797.0 31.70036982421875
798.0 25.1036146484375
799.0 34.97665087890625
