0.0 15.00572724609375
1.0 11.77029423828125
2.0 19.74271181640625
3.0 33.16653994140625
4.0 35.33956796875
5.0 23.0182365234375
6.0 29.2414828125
7.0 12.996037109375
8.0 7.56782001953125
9.0 3.11287880859375
10.0 15.9985337890625
11.0 25.70788134765625
12.0 19.558241796875
13.0 21.28643291015625
14.0 9.36140048828125
15.0 22.28823818359375
16.0 16.05248203125
17.0 18.018008984375
18.0 4.78921181640625
19.0 13.24902587890625
20.0 27.71572265625
21.0 29.55349716796875
22.0 38.1783267578125
23.0 35.66290234375
24.0 13.3043521484375
25.0 23.615691015625
26.0 29.59888271484375
27.0 30.00083681640625
28.0 29.93063291015625
29.0 3.31385654296875
30.0 14.3703189453125
31.0 8.58464140625
32.0 1.24865302734375
33.0 0.0
34.0 0.0
35.0 26.81802392578125
36.0 0.58583974609375
37.0 2.1382216796875
38.0 0.7089462890625
39.0 1.44787490234375
40.0 4.27856494140625
41.0 2.455414453125
42.0 24.4331265625
43.0 15.56766005859375
44.0 20.420331640625
45.0 10.80760673828125
46.0 8.13210712890625
47.0 3.29189296875
48.0 1.313362109375
49.0 1.72539560546875
50.0 9.1562541015625
51.0 14.66666337890625
52.0 9.153155078125
53.0 12.3601728515625
54.0 14.1153150390625
55.0 26.195469921875
56.0 4.82562998046875
57.0 20.25169208984375
58.0 22.7702400390625
59.0 2.5595146484375
60.0 1.7295533203125
61.0 17.72152490234375
62.0 7.850763671875
63.0 23.5928814453125
64.0 27.29120283203125
65.0 23.84623984375
66.0 27.6180794921875
67.0 14.65594521484375
68.0 20.62526767578125
69.0 9.572425390625
70.0 3.19736396484375
71.0 1.52520830078125
72.0 15.66629150390625
73.0 18.81271640625
74.0 20.39099287109375
75.0 13.5005513671875
76.0 21.34629052734375
77.0 19.5616435546875
78.0 28.2653865234375
79.0 3.258536328125
80.0 1.13295478515625
81.0 2.5447845703125
82.0 5.519721484375
83.0 13.1905994140625
84.0 22.41882587890625
85.0 19.3306009765625
86.0 28.0571119140625
87.0 16.86981865234375
88.0 4.5591302734375
89.0 1.1029671875
90.0 1.05609033203125
91.0 3.06846083984375
92.0 17.94636064453125
93.0 23.79201337890625
94.0 19.73460654296875
95.0 22.0982234375
96.0 22.8399958984375
97.0 18.06179248046875
98.0 2.41357861328125
99.0 4.62263505859375
100.0 18.77767333984375
101.0 5.7414615234375
102.0 24.66397001953125
103.0 16.304012109375
104.0 20.04398134765625
105.0 18.13424833984375
106.0 20.64635849609375
107.0 13.9253111328125
108.0 3.3640505859375
109.0 1.45938876953125
110.0 0.8284935546875
111.0 0.76483681640625
112.0 8.5584333984375
113.0 15.15402236328125
114.0 16.823830859375
115.0 11.3738751953125
116.0 8.66490390625
117.0 3.030878125
118.0 0.23030654296875
119.0 4.0535828125
120.0 4.69334189453125
121.0 6.40370908203125
122.0 9.08101396484375
123.0 8.40422353515625
124.0 9.0982525390625
125.0 3.51972919921875
126.0 12.0390568359375
127.0 7.53666484375
128.0 8.65968798828125
129.0 3.64078037109375
130.0 13.32851953125
131.0 17.6198576171875
132.0 16.43582373046875
133.0 28.735958984375
134.0 15.43307109375
135.0 13.13524169921875
136.0 20.5080013671875
137.0 25.356541015625
138.0 18.3243376953125
139.0 17.93393603515625
140.0 14.26508701171875
141.0 14.40171708984375
142.0 6.96358037109375
143.0 12.33347578125
144.0 13.16820537109375
145.0 8.78398505859375
146.0 20.13867373046875
147.0 30.96310927734375
148.0 28.52825166015625
149.0 27.42621435546875
150.0 15.6549005859375
151.0 10.70283388671875
152.0 15.241806640625
153.0 16.8251935546875
154.0 11.00573466796875
155.0 7.6808166015625
156.0 26.42170810546875
157.0 12.77750654296875
158.0 5.86493359375
159.0 21.49961640625
160.0 4.6590884765625
161.0 14.93605244140625
162.0 14.0791861328125
163.0 18.01438291015625
164.0 33.71007548828125
165.0 20.79190869140625
166.0 21.21482294921875
167.0 23.5426861328125
168.0 27.2526693359375
169.0 11.011646875
170.0 13.83121103515625
171.0 9.19724931640625
172.0 7.7959515625
173.0 18.44404033203125
174.0 23.66757119140625
175.0 18.283995703125
176.0 10.96870791015625
177.0 0.13499443359375
178.0 14.1552123046875
179.0 22.621721484375
180.0 23.8905634765625
181.0 17.51139013671875
182.0 10.70234443359375
183.0 19.8330068359375
184.0 2.45496591796875
185.0 0.89664462890625
186.0 0.36436455078125
187.0 4.94582373046875
188.0 17.06772080078125
189.0 11.967474609375
190.0 3.0698404296875
191.0 10.47415185546875
192.0 15.9727724609375
193.0 16.92786650390625
194.0 8.77337724609375
195.0 12.13867734375
196.0 23.37115146484375
197.0 12.43242119140625
198.0 19.6460779296875
199.0 15.73050712890625
200.0 8.4994048828125
201.0 2.00598720703125
202.0 8.7787705078125
203.0 7.50198779296875
204.0 6.20137373046875
205.0 0.0103302734375
206.0 0.38590244140625
207.0 8.0230634765625
208.0 7.4936521484375
209.0 0.022461328125
210.0 1.4084396484375
211.0 2.796569921875
212.0 14.01639677734375
213.0 7.54189169921875
214.0 17.55682373046875
215.0 10.7721080078125
216.0 24.84204091796875
217.0 13.56835380859375
218.0 9.738495703125
219.0 17.63930224609375
220.0 22.82790986328125
221.0 28.08128984375
222.0 20.468057421875
223.0 4.52132177734375
224.0 11.6745376953125
225.0 19.2360275390625
226.0 31.64701025390625
227.0 22.79573134765625
228.0 25.33801728515625
229.0 19.39292822265625
230.0 16.03788486328125
231.0 18.413558203125
232.0 16.46620830078125
233.0 18.813561328125
234.0 9.5056619140625
235.0 5.241928125
236.0 0.29111962890625
237.0 12.85376845703125
238.0 4.784676171875
239.0 3.50518291015625
240.0 0.89113466796875
241.0 2.42998251953125
242.0 1.95335634765625
243.0 7.17939599609375
244.0 1.095979296875
245.0 4.1098044921875
246.0 7.1170021484375
247.0 3.76368134765625
248.0 4.710775390625
249.0 2.144224609375
250.0 1.95254375
251.0 1.53873212890625
252.0 13.0757607421875
253.0 21.31986796875
254.0 14.4083162109375
255.0 29.94915224609375
256.0 11.4132587890625
257.0 25.35120439453125
258.0 1.6872033203125
259.0 1.08450224609375
260.0 5.4500931640625
261.0 11.6761205078125
262.0 6.53026806640625
263.0 9.6519896484375
264.0 11.05438974609375
265.0 13.339935546875
266.0 13.62204453125
267.0 27.590868359375
268.0 9.2478796875
269.0 3.10132216796875
270.0 8.991496484375
271.0 21.1411287109375
272.0 18.23566640625
273.0 21.32528505859375
274.0 18.12496123046875
275.0 6.8358009765625
276.0 19.42330361328125
277.0 2.14956279296875
278.0 0.6623150390625
279.0 4.173534375
280.0 10.27855537109375
281.0 20.9746529296875
282.0 17.34635576171875
283.0 17.14514404296875
284.0 13.53481044921875
285.0 14.8978861328125
286.0 0.0
287.0 0.0
288.0 0.0
289.0 0.0
290.0 0.0
291.0 0.0
292.0 0.0
293.0 0.0
294.0 0.0
295.0 3.70647470703125
296.0 0.52124794921875
297.0 0.36471552734375
298.0 0.38054658203125
299.0 0.4063873046875
300.0 0.4583892578125
301.0 0.56202197265625
302.0 0.3232396484375
303.0 0.604416015625
304.0 0.40638740234375
305.0 0.48973076171875
306.0 0.46819306640625
307.0 0.666748046875
308.0 0.4062119140625
309.0 0.60388671875
310.0 0.354563671875
311.0 0.42687236328125
312.0 0.38555146484375
313.0 0.5000609375
314.0 0.3125380859375
315.0 0.59391025390625
316.0 0.67284970703125
317.0 0.4725970703125
318.0 0.51021591796875
319.0 0.23987578125
320.0 0.8908162109375
321.0 0.42166845703125
322.0 0.78154814453125
323.0 0.39561142578125
324.0 0.457090625
325.0 0.41834697265625
326.0 0.64626318359375
327.0 0.4272232421875
328.0 0.5728990234375
329.0 0.416717578125
330.0 0.2811966796875
331.0 0.62005283203125
332.0 0.26520859375
333.0 0.416717578125
334.0 0.43755341796875
335.0 0.56934921875
336.0 0.76759560546875
337.0 0.329749609375
338.0 0.59391025390625
339.0 0.59338369140625
340.0 5.71849892578125
341.0 12.20130029296875
342.0 11.22374306640625
343.0 13.41273173828125
344.0 8.23473408203125
345.0 17.32674208984375
346.0 14.0587603515625
347.0 16.98107109375
348.0 2.2224728515625
349.0 0.0
350.0 0.0
351.0 0.0
352.0 0.0
353.0 0.0
354.0 0.0
355.0 0.0
356.0 0.0
357.0 0.0
358.0 0.608521484375
359.0 2.649046875
360.0 3.30590830078125
361.0 1.51384736328125
362.0 0.061212109375
363.0 1.75131083984375
364.0 0.45856474609375
365.0 0.57360068359375
366.0 0.63452060546875
367.0 0.5404990234375
368.0 0.44002421875
369.0 0.95584130859375
370.0 0.33563203125
371.0 0.437553515625
372.0 0.55241396484375
373.0 0.56169990234375
374.0 0.42774111328125
375.0 0.3748703125
376.0 0.489730859375
377.0 0.2293701171875
378.0 0.57360068359375
379.0 0.32304384765625
380.0 0.46889501953125
381.0 0.37487021484375
382.0 5.01480107421875
383.0 8.2011337890625
384.0 5.7062453125
385.0 10.10088349609375
386.0 12.22107841796875
387.0 9.3250763671875
388.0 27.03464111328125
389.0 21.0831615234375
390.0 18.98926943359375
391.0 16.0423431640625
392.0 19.84361171875
393.0 13.21741005859375
394.0 7.5841064453125
395.0 10.31073154296875
396.0 16.68693603515625
397.0 10.5667974609375
398.0 18.11836064453125
399.0 23.0466474609375
400.0 16.90974033203125
401.0 25.51348349609375
402.0 20.97821982421875
403.0 14.686736328125
404.0 18.28056357421875
405.0 18.63671025390625
406.0 17.92715947265625
407.0 19.07776767578125
408.0 24.0409041015625
409.0 17.7207669921875
410.0 3.11979736328125
411.0 1.2210921875
412.0 1.05440517578125
413.0 5.821961328125
414.0 6.404715625
415.0 6.57057509765625
416.0 0.3081708984375
417.0 0.27016455078125
418.0 0.60242412109375
419.0 0.7080255859375
420.0 0.1571634765625
421.0 10.445676171875
422.0 21.2209390625
423.0 3.0288802734375
424.0 13.73713642578125
425.0 17.1434650390625
426.0 24.41262939453125
427.0 11.16321328125
428.0 9.86885078125
429.0 18.583241796875
430.0 16.6040900390625
431.0 17.25786796875
432.0 9.26990302734375
433.0 10.717125
434.0 0.0
435.0 0.0
436.0 28.01572685546875
437.0 8.514127734375
438.0 10.5606765625
439.0 13.74689326171875
440.0 7.015252734375
441.0 7.595375
442.0 24.873875390625
443.0 25.7733330078125
444.0 7.69580908203125
445.0 24.7275904296875
446.0 18.71338564453125
447.0 27.311787109375
448.0 18.1177767578125
449.0 15.758323046875
450.0 13.10398173828125
451.0 18.846658203125
452.0 20.57957138671875
453.0 24.9464220703125
454.0 6.571421875
455.0 22.25312001953125
456.0 11.72193662109375
457.0 24.97052421875
458.0 23.8021830078125
459.0 22.28708603515625
460.0 3.0942173828125
461.0 29.8747765625
462.0 23.8960134765625
463.0 18.99994169921875
464.0 20.4420130859375
465.0 15.18579091796875
466.0 8.17358984375
467.0 18.065651953125
468.0 23.05358125
469.0 22.7445193359375
470.0 20.5398044921875
471.0 18.7741640625
472.0 13.0278390625
473.0 21.22162880859375
474.0 27.40585166015625
475.0 27.30655009765625
476.0 3.33444248046875
477.0 15.40946298828125
478.0 23.54499482421875
479.0 21.9267544921875
480.0 12.40340390625
481.0 9.64683173828125
482.0 16.05700107421875
483.0 35.25169736328125
484.0 27.5896181640625
485.0 17.45717978515625
486.0 10.0114916015625
487.0 11.4609623046875
488.0 21.36491826171875
489.0 27.44258828125
490.0 22.48029765625
491.0 32.40232578125
492.0 19.67254609375
493.0 17.97150498046875
494.0 17.7269953125
495.0 18.36023291015625
496.0 16.50965712890625
497.0 8.2206654296875
498.0 7.298287109375
499.0 19.8339986328125
500.0 24.3294138671875
501.0 10.3203595703125
502.0 21.07113173828125
503.0 25.53624482421875
504.0 26.0915416015625
505.0 25.89909501953125
506.0 23.98714189453125
507.0 21.40821982421875
508.0 23.18108173828125
509.0 21.0537349609375
510.0 36.47773720703125
511.0 23.77376220703125
512.0 19.9364953125
513.0 41.06601337890625
514.0 29.58883369140625
515.0 27.7054822265625
516.0 30.93202216796875
517.0 27.16384755859375
518.0 28.2932513671875
519.0 30.05327841796875
520.0 29.77404599609375
521.0 25.65893857421875
522.0 22.15440283203125
523.0 13.023445703125
524.0 14.24439013671875
525.0 18.19352177734375
526.0 21.223611328125
527.0 15.0077326171875
528.0 1.866353125
529.0 15.61177646484375
530.0 19.9401970703125
531.0 17.39918701171875
532.0 14.4333568359375
533.0 5.21769375
534.0 19.09054384765625
535.0 17.37648984375
536.0 13.69704375
537.0 5.82779111328125
538.0 9.42275009765625
539.0 11.81881005859375
540.0 24.44761435546875
541.0 9.3443822265625
542.0 10.6332009765625
543.0 5.376204296875
544.0 0.63519013671875
545.0 10.7383951171875
546.0 3.16419462890625
547.0 8.6489837890625
548.0 9.58953515625
549.0 19.22108447265625
550.0 7.42933212890625
551.0 12.99538134765625
552.0 16.06231923828125
553.0 17.70795673828125
554.0 19.38366025390625
555.0 11.58665146484375
556.0 9.93328623046875
557.0 8.69050810546875
558.0 6.31850322265625
559.0 14.490665625
560.0 12.853359375
561.0 11.33208134765625
562.0 5.2357427734375
563.0 17.0525203125
564.0 12.33788388671875
565.0 8.62666796875
566.0 7.93281484375
567.0 2.15905751953125
568.0 1.9081498046875
569.0 8.51464228515625
570.0 22.8182796875
571.0 7.33242822265625
572.0 8.89571513671875
573.0 17.2751720703125
574.0 31.577262890625
575.0 25.79303154296875
576.0 25.31700654296875
577.0 15.30182177734375
578.0 8.49105498046875
579.0 19.04951181640625
580.0 16.26180400390625
581.0 24.06092421875
582.0 15.99068740234375
583.0 10.49704677734375
584.0 13.66203115234375
585.0 18.89014521484375
586.0 10.599574609375
587.0 8.56316875
588.0 11.188800390625
589.0 10.54265537109375
590.0 13.2730947265625
591.0 14.645975
592.0 5.2530806640625
593.0 5.20113740234375
594.0 12.50112880859375
595.0 10.542163671875
596.0 16.50845
597.0 18.54868623046875
598.0 2.36749326171875
599.0 1.58369658203125
600.0 3.651548046875
601.0 0.62490087890625
602.0 5.99300166015625
603.0 11.7994349609375
604.0 8.4520083984375
605.0 11.01913525390625
606.0 5.10978701171875
607.0 2.37691201171875
608.0 3.03217314453125
609.0 2.1727400390625
610.0 2.84804541015625
611.0 7.1120392578125
612.0 4.8414208984375
613.0 5.21651650390625
614.0 2.576620703125
615.0 1.17871865234375
616.0 4.685469921875
617.0 4.0449724609375
618.0 0.64904296875
619.0 0.1985419921875
620.0 0.418211328125
621.0 9.57857919921875
622.0 9.27812958984375
623.0 10.99301240234375
624.0 13.46500419921875
625.0 5.71241943359375
626.0 9.2772599609375
627.0 10.75322783203125
628.0 14.61140712890625
629.0 15.1189447265625
630.0 20.49450146484375
631.0 13.7989712890625
632.0 17.9405689453125
633.0 18.7893869140625
634.0 13.114993359375
635.0 27.83246591796875
636.0 7.56445341796875
637.0 7.65854990234375
638.0 12.813848828125
639.0 6.67796875
640.0 9.05767548828125
641.0 2.6607923828125
642.0 0.61492158203125
643.0 0.281723046875
644.0 0.894714453125
645.0 2.12539853515625
646.0 9.50806005859375
647.0 4.889711328125
648.0 0.10554560546875
649.0 0.9171296875
650.0 0.19820400390625
651.0 0.687759375
652.0 0.0831681640625
653.0 0.07266240234375
654.0 0.1556548828125
655.0 0.27104189453125
656.0 3.02845654296875
657.0 8.36325830078125
658.0 2.184083203125
659.0 8.7699873046875
660.0 4.82895068359375
661.0 0.89559169921875
662.0 9.45446826171875
663.0 8.5581787109375
664.0 12.147820703125
665.0 6.621558984375
666.0 0.80299482421875
667.0 12.1768103515625
668.0 11.267740234375
669.0 17.85509189453125
670.0 18.77114990234375
671.0 20.27695185546875
672.0 16.170304296875
673.0 4.41292333984375
674.0 9.61437666015625
675.0 12.70233720703125
676.0 11.87607998046875
677.0 2.80592958984375
678.0 0.8022689453125
679.0 6.59919326171875
680.0 5.2642216796875
681.0 7.53596865234375
682.0 7.7926501953125
683.0 13.33098642578125
684.0 13.41637666015625
685.0 17.06494208984375
686.0 13.8197962890625
687.0 10.909096484375
688.0 4.77487958984375
689.0 1.306319921875
690.0 0.0
691.0 0.0
692.0 3.99262421875
693.0 1.86111259765625
694.0 11.204091015625
695.0 7.147273046875
696.0 9.68536572265625
697.0 0.01779736328125
698.0 0.0
699.0 0.0
700.0 0.0
701.0 0.0
702.0 0.0
703.0 0.0
704.0 1.4606169921875
705.0 3.3540544921875
706.0 11.6549140625
707.0 8.1822322265625
708.0 8.515171875
709.0 6.320824609375
710.0 4.6813712890625
711.0 0.11823671875
712.0 1.8969537109375
713.0 4.84810234375
714.0 0.24005126953125
715.0 0.6445083984375
716.0 4.62032314453125
717.0 2.09567255859375
718.0 4.08926474609375
719.0 13.27959892578125
720.0 7.5980130859375
721.0 12.17479365234375
722.0 24.0786748046875
723.0 17.90234345703125
724.0 20.331166015625
725.0 15.2589720703125
726.0 9.800961328125
727.0 20.2849046875
728.0 7.9338931640625
729.0 20.49763271484375
730.0 7.8426779296875
731.0 8.2431435546875
732.0 7.78347880859375
733.0 3.65842890625
734.0 9.20097119140625
735.0 17.51677421875
736.0 19.1469599609375
737.0 24.91686669921875
738.0 17.5564533203125
739.0 22.40225322265625
740.0 15.24486904296875
741.0 10.21458505859375
742.0 19.7364751953125
743.0 14.44273720703125
744.0 19.58663525390625
745.0 13.25654267578125
746.0 17.24898037109375
747.0 16.1545607421875
748.0 15.013375
749.0 19.40298984375
750.0 17.6646943359375
751.0 20.741987109375
752.0 20.97494111328125
753.0 19.41846201171875
754.0 16.39136279296875
755.0 5.31036865234375
756.0 6.431658203125
757.0 14.02021162109375
758.0 24.64634970703125
759.0 23.6125611328125
760.0 9.06825234375
761.0 21.24522001953125
762.0 9.3591314453125
763.0 7.83449931640625
764.0 16.420859765625
765.0 21.22482939453125
766.0 13.04438330078125
767.0 12.91470498046875
768.0 12.73347451171875
769.0 18.79194384765625
770.0 15.94819638671875
771.0 6.0557859375
772.0 24.7890037109375
773.0 14.90351630859375
774.0 24.92259970703125
775.0 15.68562587890625
776.0 13.2250001953125
777.0 21.8279779296875
778.0 15.9186908203125
779.0 17.76829951171875
780.0 21.6512845703125
781.0 27.41427607421875
782.0 6.44835107421875
783.0 23.0113484375
784.0 23.520103515625
785.0 22.7169701171875
786.0 9.61603173828125
787.0 10.99964775390625
788.0 22.8473837890625
789.0 19.57299453125
790.0 19.26611796875
791.0 9.63713212890625
792.0 17.90264345703125
793.0 18.370884375
794.0 15.25171845703125
795.0 23.9969494140625
796.0 21.23536962890625
797.0 14.14598369140625
798.0 5.4920169921875
799.0 8.821081640625
