0.0 14.03464853515625
1.0 13.44209794921875
2.0 13.6017484375
3.0 11.98430654296875
4.0 13.04641123046875
5.0 13.34763759765625
6.0 13.99642265625
7.0 11.3558111328125
8.0 12.9901400390625
9.0 12.9151654296875
10.0 11.4301708984375
11.0 13.03736630859375
12.0 13.169614453125
13.0 13.199562109375
14.0 12.0519578125
15.0 13.57880380859375
16.0 14.18847548828125
17.0 10.41395654296875
18.0 13.297091796875
19.0 13.4913220703125
20.0 13.8496408203125
21.0 12.138841796875
22.0 13.9592556640625
23.0 13.4597982421875
24.0 13.58519326171875
25.0 12.44670302734375
26.0 13.47266826171875
27.0 13.0684453125
28.0 12.5811794921875
29.0 13.7964310546875
30.0 12.63926376953125
31.0 12.768857421875
32.0 12.0225013671875
33.0 12.1626857421875
34.0 13.72314375
35.0 13.0470875
36.0 12.2468361328125
37.0 13.413859765625
38.0 13.8483921875
39.0 13.8170828125
40.0 11.0795732421875
41.0 12.5944634765625
42.0 13.35896650390625
43.0 12.1935119140625
44.0 13.86354716796875
45.0 13.9572
46.0 13.2278931640625
47.0 11.0279951171875
48.0 12.23902587890625
49.0 12.71796201171875
50.0 13.9978548828125
51.0 12.54586884765625
52.0 12.87832392578125
53.0 13.675877734375
54.0 13.326725
55.0 11.82455087890625
56.0 13.59636259765625
57.0 14.53587685546875
58.0 13.0023291015625
59.0 14.06421884765625
60.0 14.17356181640625
61.0 12.21074892578125
62.0 12.70669111328125
63.0 14.0137947265625
64.0 14.42106513671875
65.0 12.85095048828125
66.0 14.12528212890625
67.0 13.096255859375
68.0 13.634201171875
69.0 11.87528154296875
70.0 13.68792578125
71.0 12.71315185546875
72.0 12.5484451171875
73.0 14.0074474609375
74.0 13.50964775390625
75.0 14.22789501953125
76.0 12.89542509765625
77.0 14.04542900390625
78.0 14.127008203125
79.0 12.75347216796875
80.0 14.0934931640625
81.0 13.79739345703125
82.0 13.55340751953125
83.0 11.07882412109375
84.0 12.72024462890625
85.0 14.02983818359375
86.0 14.3223330078125
87.0 13.07696572265625
88.0 13.31408681640625
89.0 13.733010546875
90.0 13.65440234375
91.0 12.78415078125
92.0 13.76759365234375
93.0 14.1115853515625
94.0 12.898384375
95.0 14.22633935546875
96.0 14.3555748046875
97.0 14.323990625
98.0 13.493094140625
99.0 14.24179443359375
100.0 14.71984619140625
101.0 13.42424775390625
102.0 13.23002470703125
103.0 14.426374609375
104.0 14.0068556640625
105.0 11.939587890625
106.0 14.2720876953125
107.0 14.3488916015625
108.0 14.7196755859375
109.0 13.3640482421875
110.0 14.0444583984375
111.0 13.59511904296875
112.0 12.61452412109375
113.0 13.88818623046875
114.0 12.9799599609375
115.0 13.46841611328125
116.0 12.02571953125
117.0 14.21651103515625
118.0 13.32889560546875
119.0 13.39634638671875
120.0 12.5284642578125
121.0 14.00765205078125
122.0 13.81064638671875
123.0 12.6680568359375
124.0 11.27002021484375
125.0 13.09746240234375
126.0 13.142965234375
127.0 11.062734375
128.0 13.43313525390625
129.0 13.4931205078125
130.0 14.460330078125
131.0 12.27571923828125
132.0 13.5554046875
133.0 14.07454853515625
134.0 14.485757421875
135.0 11.6953287109375
136.0 13.75657177734375
137.0 13.6244021484375
138.0 13.467812109375
139.0 9.22268662109375
140.0 12.21808818359375
141.0 10.2790990234375
142.0 8.611090625
143.0 10.64989921875
144.0 12.42066162109375
145.0 12.0099515625
146.0 10.89955498046875
147.0 8.35509638671875
148.0 11.72905712890625
149.0 11.43381943359375
150.0 11.32412744140625
151.0 7.14610810546875
152.0 7.93991474609375
153.0 9.65095751953125
154.0 10.3804759765625
155.0 8.73724267578125
156.0 11.1104576171875
157.0 11.95738427734375
158.0 13.25919072265625
159.0 11.51366748046875
160.0 12.61008330078125
161.0 12.05670654296875
162.0 9.95871533203125
163.0 7.3276830078125
164.0 10.6601998046875
165.0 12.45203916015625
166.0 13.4580689453125
167.0 11.72290888671875
168.0 12.956978125
169.0 13.05492841796875
170.0 14.50801611328125
171.0 12.359885546875
172.0 14.03788896484375
173.0 11.877587109375
174.0 14.30000791015625
175.0 13.80056044921875
176.0 14.33940615234375
177.0 12.27309150390625
178.0 12.9677513671875
179.0 11.72652724609375
180.0 9.65739892578125
181.0 17.83167001953125
182.0 13.29509814453125
183.0 11.88041748046875
184.0 13.8430560546875
185.0 12.981753125
186.0 14.494461328125
187.0 12.57038388671875
188.0 14.0495025390625
189.0 13.167966796875
190.0 12.26289833984375
191.0 13.29454072265625
192.0 13.97730234375
193.0 10.6402427734375
194.0 10.08124326171875
195.0 12.6512009765625
196.0 13.17634619140625
197.0 12.44041875
198.0 13.8313109375
199.0 14.21147646484375
200.0 12.5878365234375
201.0 13.227566796875
202.0 14.180213671875
203.0 12.15279755859375
204.0 8.85203359375
205.0 0.0
206.0 0.0
207.0 28.01756220703125
208.0 10.809909765625
209.0 11.55567197265625
210.0 10.82571474609375
211.0 14.03713046875
212.0 14.22823857421875
213.0 11.76640810546875
214.0 8.94145576171875
215.0 12.0969416015625
216.0 11.0453390625
217.0 11.23085576171875
218.0 9.1961337890625
219.0 8.36066162109375
220.0 5.53387275390625
221.0 11.124364453125
222.0 11.31435419921875
223.0 10.33126083984375
224.0 9.6296072265625
225.0 8.25935947265625
226.0 11.7994189453125
227.0 12.2173056640625
228.0 9.581156640625
229.0 11.08569169921875
230.0 10.5755166015625
231.0 10.29949501953125
232.0 9.38873984375
233.0 11.46130908203125
234.0 10.600309375
235.0 11.62168203125
236.0 12.30103515625
237.0 8.59874345703125
238.0 12.81463740234375
239.0 10.63436884765625
240.0 9.21520478515625
241.0 9.926994921875
242.0 12.92779970703125
243.0 12.3932181640625
244.0 10.3898599609375
245.0 9.8600705078125
246.0 12.69372783203125
247.0 12.58102431640625
248.0 11.96637587890625
249.0 10.96402509765625
250.0 12.6540998046875
251.0 12.7207880859375
252.0 13.6785078125
253.0 11.76267509765625
254.0 13.70119462890625
255.0 12.73045478515625
256.0 11.28685283203125
257.0 11.27639052734375
258.0 12.45241591796875
259.0 8.77207861328125
260.0 8.65608720703125
261.0 10.5297193359375
262.0 13.051066015625
263.0 13.852425
264.0 11.8324197265625
265.0 12.94132314453125
266.0 12.98429345703125
267.0 12.01340537109375
268.0 13.30012041015625
269.0 12.89813671875
270.0 12.75574140625
271.0 11.0846666015625
272.0 12.79344833984375
273.0 13.26755185546875
274.0 8.94912763671875
275.0 11.67805234375
276.0 13.4582541015625
277.0 13.355920703125
278.0 12.16415400390625
279.0 13.22844541015625
280.0 12.8718126953125
281.0 13.33045419921875
282.0 11.965587890625
283.0 13.43835576171875
284.0 13.30313544921875
285.0 10.87727900390625
286.0 13.51963740234375
287.0 13.39967666015625
288.0 13.59311376953125
289.0 12.460010546875
290.0 13.75883193359375
291.0 13.67503623046875
292.0 12.833367578125
293.0 11.71415673828125
294.0 12.18656767578125
295.0 14.641651953125
296.0 13.5975484375
297.0 12.66266162109375
298.0 13.9662078125
299.0 13.04431083984375
300.0 11.86432216796875
301.0 13.74513310546875
302.0 11.6564431640625
303.0 12.2857669921875
304.0 12.348587109375
305.0 13.709592578125
306.0 13.18823447265625
307.0 12.84693779296875
308.0 11.5359623046875
309.0 13.42018896484375
310.0 13.07271083984375
311.0 13.31478994140625
312.0 9.29643388671875
313.0 12.70551103515625
314.0 7.94335458984375
315.0 12.11670009765625
316.0 8.09627841796875
317.0 12.61894501953125
318.0 13.04617138671875
319.0 10.39331376953125
320.0 14.10771015625
321.0 11.622487109375
322.0 10.6277462890625
323.0 12.65745283203125
324.0 8.491765234375
325.0 7.72848310546875
326.0 8.21771875
327.0 10.87666376953125
328.0 13.0978998046875
329.0 12.09208330078125
330.0 11.43298623046875
331.0 11.49658759765625
332.0 12.33478134765625
333.0 11.51608212890625
334.0 13.0639236328125
335.0 12.8319373046875
336.0 9.3333720703125
337.0 11.7789576171875
338.0 13.2982908203125
339.0 13.1239693359375
340.0 10.400209765625
341.0 9.2376619140625
342.0 9.93843154296875
343.0 9.79661474609375
344.0 13.4823689453125
345.0 12.9586400390625
346.0 11.7285021484375
347.0 13.3250703125
348.0 12.15941708984375
349.0 10.7833673828125
350.0 10.474589453125
351.0 11.767046484375
352.0 10.83322880859375
353.0 11.879954296875
354.0 12.3569544921875
355.0 9.98697490234375
356.0 6.7055072265625
357.0 6.51040185546875
358.0 4.56163037109375
359.0 2.0523849609375
360.0 1.01659755859375
361.0 5.0012376953125
362.0 3.74755625
363.0 7.964511328125
364.0 5.93534501953125
365.0 4.85975791015625
366.0 3.95586787109375
367.0 1.00954140625
368.0 0.87930087890625
369.0 1.83765576171875
370.0 1.189688671875
371.0 0.99095205078125
372.0 0.9427484375
373.0 1.140833203125
374.0 0.420980078125
375.0 0.8068708984375
376.0 1.06474091796875
377.0 0.87767099609375
378.0 0.745244921875
379.0 0.56513427734375
380.0 0.61351787109375
381.0 2.08278837890625
382.0 9.19189638671875
383.0 8.2181984375
384.0 8.64976083984375
385.0 8.54103349609375
386.0 7.4064734375
387.0 8.22321083984375
388.0 8.6607619140625
389.0 8.8090734375
390.0 8.6561921875
391.0 10.5937859375
392.0 11.851310546875
393.0 12.124470703125
394.0 10.83503544921875
395.0 11.86402197265625
396.0 9.45864970703125
397.0 15.9720857421875
398.0 12.3317130859375
399.0 9.59979111328125
400.0 7.478154296875
401.0 15.70331572265625
402.0 13.19233330078125
403.0 12.91587099609375
404.0 11.8617751953125
405.0 13.2461546875
406.0 13.00641591796875
407.0 12.20692197265625
408.0 11.75981259765625
409.0 13.35567333984375
410.0 9.147865625
411.0 16.21511337890625
412.0 12.062851171875
413.0 11.7132693359375
414.0 10.204244921875
415.0 11.84864384765625
416.0 13.56657724609375
417.0 11.45462236328125
418.0 13.12533310546875
419.0 13.20186884765625
420.0 13.40105166015625
421.0 12.5502677734375
422.0 13.8594310546875
423.0 14.5529751953125
424.0 13.61760361328125
425.0 13.5657515625
426.0 11.83455322265625
427.0 13.2145994140625
428.0 13.85101875
429.0 11.3345259765625
430.0 7.6637416015625
431.0 12.1699423828125
432.0 13.17674736328125
433.0 12.94425888671875
434.0 9.99309482421875
435.0 12.30543642578125
436.0 12.82333388671875
437.0 13.0250537109375
438.0 10.85299345703125
439.0 13.12511064453125
440.0 12.9487376953125
441.0 11.2100517578125
442.0 0.57802919921875
443.0 0.19324931640625
444.0 0.40384658203125
445.0 1.082219140625
446.0 0.6062728515625
447.0 1.00666279296875
448.0 0.38986748046875
449.0 1.0541955078125
450.0 1.24115322265625
451.0 0.64241708984375
452.0 0.95178330078125
453.0 0.81711923828125
454.0 1.4706751953125
455.0 0.980805859375
456.0 1.0528259765625
457.0 0.7789765625
458.0 1.54560380859375
459.0 0.70274072265625
460.0 0.97566318359375
461.0 1.14538486328125
462.0 1.4909056640625
463.0 1.43593076171875
464.0 1.44567275390625
465.0 2.7232349609375
466.0 7.80204609375
467.0 9.1104697265625
468.0 8.461972265625
469.0 8.66121787109375
470.0 9.55982841796875
471.0 7.9305125
472.0 9.46234951171875
473.0 10.884062109375
474.0 11.8271845703125
475.0 9.67342001953125
476.0 12.3801123046875
477.0 11.99370478515625
478.0 12.1111654296875
479.0 11.50458017578125
480.0 13.19759091796875
481.0 11.61270517578125
482.0 13.22774345703125
483.0 11.806962890625
484.0 12.83711474609375
485.0 12.7359140625
486.0 12.6666916015625
487.0 12.34866611328125
488.0 9.90303603515625
489.0 12.0701966796875
490.0 12.09124013671875
491.0 11.31304921875
492.0 12.504747265625
493.0 13.28363818359375
494.0 13.95109443359375
495.0 11.72514375
496.0 11.15201015625
497.0 11.99357421875
498.0 11.86738486328125
499.0 12.9886357421875
500.0 11.08551279296875
501.0 12.8117810546875
502.0 13.66829453125
503.0 13.40988642578125
504.0 14.4130447265625
505.0 14.1053314453125
506.0 12.62690283203125
507.0 13.5694056640625
508.0 14.122639453125
509.0 11.9914626953125
510.0 10.68254921875
511.0 14.1630701171875
512.0 13.06320625
513.0 12.10446142578125
514.0 9.173187890625
515.0 12.66190849609375
516.0 14.8988333984375
517.0 12.94959599609375
518.0 12.7467736328125
519.0 13.92311416015625
520.0 13.8247287109375
521.0 12.0042986328125
522.0 12.4077115234375
523.0 9.61853984375
524.0 8.78085927734375
525.0 7.47371689453125
526.0 10.375639453125
527.0 13.57722880859375
528.0 14.07075693359375
529.0 12.59184375
530.0 14.7981990234375
531.0 14.5778423828125
532.0 3.0655171875
533.0 1.4344958984375
534.0 32.38765419921875
535.0 12.2030736328125
536.0 12.790912890625
537.0 10.62727021484375
538.0 9.074663671875
539.0 9.0425890625
540.0 13.57329326171875
541.0 12.7604974609375
542.0 10.72328701171875
543.0 11.830070703125
544.0 12.81451572265625
545.0 12.90101953125
546.0 12.29237880859375
547.0 13.2331623046875
548.0 11.4287421875
549.0 13.13531494140625
550.0 10.4290955078125
551.0 10.45855419921875
552.0 11.684302734375
553.0 10.2068986328125
554.0 7.79674482421875
555.0 6.50586806640625
556.0 13.6896126953125
557.0 8.71010625
558.0 9.32205126953125
559.0 12.6478681640625
560.0 8.55715400390625
561.0 8.3512578125
562.0 7.5923779296875
563.0 7.601765234375
564.0 10.5855271484375
565.0 10.5852451171875
566.0 10.5503625
567.0 9.91867919921875
568.0 11.66056259765625
569.0 9.03705419921875
570.0 11.13923544921875
571.0 9.9286841796875
572.0 7.7147841796875
573.0 10.19250419921875
574.0 10.7809439453125
575.0 7.39940263671875
576.0 14.38970322265625
577.0 10.24972470703125
578.0 12.29059912109375
579.0 10.80142734375
580.0 13.02934853515625
581.0 11.00522578125
582.0 12.5428087890625
583.0 12.3625142578125
584.0 11.54586279296875
585.0 9.65596103515625
586.0 13.0640185546875
587.0 9.07847900390625
588.0 12.56812255859375
589.0 12.0374947265625
590.0 14.041750390625
591.0 8.1947095703125
592.0 15.965732421875
593.0 9.90834453125
594.0 8.081244140625
595.0 12.38129052734375
596.0 9.8825408203125
597.0 9.80316787109375
598.0 7.67121162109375
599.0 7.315175390625
600.0 9.84373857421875
601.0 11.5169232421875
602.0 10.71633203125
603.0 12.7809171875
604.0 12.41336904296875
605.0 10.87551064453125
606.0 12.7441224609375
607.0 11.10756826171875
608.0 10.14097314453125
609.0 7.848571484375
610.0 8.43726787109375
611.0 9.3989884765625
612.0 12.55751474609375
613.0 11.63882607421875
614.0 12.87023056640625
615.0 12.8730248046875
616.0 9.63913857421875
617.0 12.33701611328125
618.0 10.8220806640625
619.0 12.85020048828125
620.0 10.72218896484375
621.0 11.12631806640625
622.0 9.97624677734375
623.0 11.99068974609375
624.0 11.2264841796875
625.0 10.71329697265625
626.0 9.11846826171875
627.0 12.83754443359375
628.0 13.36363310546875
629.0 11.9417576171875
630.0 13.65240966796875
631.0 13.9831009765625
632.0 11.77440244140625
633.0 14.11136279296875
634.0 12.59380703125
635.0 12.3191033203125
636.0 10.57914384765625
637.0 13.92679365234375
638.0 13.31325107421875
639.0 13.07514404296875
640.0 12.228669921875
641.0 13.44332373046875
642.0 12.7920650390625
643.0 13.66865625
644.0 12.02802431640625
645.0 14.0904724609375
646.0 0.56342216796875
647.0 2.91498310546875
648.0 14.50723349609375
649.0 13.59146640625
650.0 13.0683111328125
651.0 14.306330078125
652.0 14.48431796875
653.0 10.6510015625
654.0 14.5573185546875
655.0 11.193806640625
656.0 13.83607607421875
657.0 11.51335263671875
658.0 13.07046064453125
659.0 12.55093193359375
660.0 11.633759375
661.0 12.226205859375
662.0 13.2708677734375
663.0 11.0221619140625
664.0 10.48782744140625
665.0 11.204745703125
666.0 8.70303603515625
667.0 13.01873623046875
668.0 13.79720908203125
669.0 14.2339318359375
670.0 12.8772021484375
671.0 12.44598662109375
672.0 14.13434423828125
673.0 14.04871435546875
674.0 15.1969509765625
675.0 12.9724876953125
676.0 14.66491728515625
677.0 11.58700869140625
678.0 12.97348037109375
679.0 14.05216376953125
680.0 13.13526630859375
681.0 8.8673677734375
682.0 15.3768484375
683.0 9.95103349609375
684.0 10.01084296875
685.0 9.4088806640625
686.0 11.57395498046875
687.0 11.01159765625
688.0 11.8650271484375
689.0 9.8213482421875
690.0 11.6945169921875
691.0 10.82715546875
692.0 12.7990138671875
693.0 11.0853166015625
694.0 8.842462109375
695.0 10.4211982421875
696.0 10.99427314453125
697.0 10.67128583984375
698.0 12.60106494140625
699.0 13.51263740234375
700.0 11.38472958984375
701.0 12.468267578125
702.0 14.6408837890625
703.0 12.823749609375
704.0 13.49625048828125
705.0 14.14437529296875
706.0 13.8571947265625
707.0 12.901951953125
708.0 11.30421953125
709.0 11.2195318359375
710.0 13.70841005859375
711.0 15.18334736328125
712.0 13.327705859375
713.0 11.66131162109375
714.0 11.24342939453125
715.0 10.57165927734375
716.0 13.5003365234375
717.0 13.2238849609375
718.0 13.32833896484375
719.0 11.4925021484375
720.0 12.07264296875
721.0 12.711947265625
722.0 0.0
723.0 0.0
724.0 28.50402470703125
725.0 12.12674560546875
726.0 12.318618359375
727.0 12.21940693359375
728.0 12.02557470703125
729.0 13.52255302734375
730.0 13.526909765625
731.0 12.0810103515625
732.0 12.0105853515625
733.0 8.0899486328125
734.0 8.2769970703125
735.0 8.68870712890625
736.0 10.73723037109375
737.0 11.5411490234375
738.0 7.62881787109375
739.0 10.174094921875
740.0 9.75221083984375
741.0 10.63791591796875
742.0 8.9742732421875
743.0 11.665505859375
744.0 12.52475546875
745.0 12.3204080078125
746.0 10.04768291015625
747.0 12.3369900390625
748.0 13.96027421875
749.0 14.00653251953125
750.0 14.74759736328125
751.0 14.41670439453125
752.0 14.6565474609375
753.0 14.55254013671875
754.0 9.9211962890625
755.0 10.96019111328125
756.0 12.37060048828125
757.0 13.075231640625
758.0 12.20847587890625
759.0 8.91093017578125
760.0 10.25711044921875
761.0 12.2334525390625
762.0 11.08145634765625
763.0 13.7061041015625
764.0 13.7353765625
765.0 10.6965802734375
766.0 13.6817677734375
767.0 12.81393720703125
768.0 14.18996064453125
769.0 12.86575478515625
770.0 13.25697978515625
771.0 12.3711380859375
772.0 11.82868017578125
773.0 12.00006552734375
774.0 12.96790830078125
775.0 12.97054697265625
776.0 13.87844541015625
777.0 11.8483046875
778.0 12.26703134765625
779.0 13.7354384765625
780.0 14.51676337890625
781.0 12.31727412109375
782.0 12.29797490234375
783.0 13.16850751953125
784.0 9.507775390625
785.0 11.94691787109375
786.0 10.27765908203125
787.0 3.12559296875
788.0 9.3475900390625
789.0 11.0294279296875
790.0 11.1131544921875
791.0 12.4698642578125
792.0 11.88816005859375
793.0 11.44155283203125
794.0 10.4005443359375
795.0 11.886416015625
796.0 10.33730908203125
797.0 11.44775859375
798.0 10.09721328125
799.0 11.7260830078125
