0.0 17.5765513671875
1.0 22.7134109375
2.0 18.703225390625
3.0 26.0449515625
4.0 17.75658662109375
5.0 24.32524130859375
6.0 21.41313203125
7.0 20.1410919921875
8.0 29.86701865234375
9.0 23.9363435546875
10.0 28.4033017578125
11.0 26.59928388671875
12.0 25.430302734375
13.0 20.30876142578125
14.0 24.7513236328125
15.0 21.19032578125
16.0 20.49946240234375
17.0 11.80743662109375
18.0 11.82285
19.0 12.85788828125
20.0 14.9525521484375
21.0 12.030390234375
22.0 13.0986541015625
23.0 12.23416513671875
24.0 8.44644873046875
25.0 7.42544345703125
26.0 9.52500859375
27.0 12.093915625
28.0 6.82714013671875
29.0 13.09283310546875
30.0 11.9686326171875
31.0 3.2341138671875
32.0 4.7488837890625
33.0 7.5129453125
34.0 9.81420810546875
35.0 9.04691025390625
36.0 10.46936845703125
37.0 9.90477490234375
38.0 7.1412927734375
39.0 6.9598138671875
40.0 7.78277646484375
41.0 10.10219951171875
42.0 12.1974083984375
43.0 10.19010498046875
44.0 9.3366884765625
45.0 11.3006630859375
46.0 13.976051171875
47.0 9.0097884765625
48.0 14.4443912109375
49.0 15.01027509765625
50.0 11.6158740234375
51.0 8.863178515625
52.0 8.60657685546875
53.0 8.57378984375
54.0 5.59170927734375
55.0 4.37333740234375
56.0 11.71062412109375
57.0 15.25424599609375
58.0 9.98672470703125
59.0 12.68343291015625
60.0 14.352988671875
61.0 14.09247158203125
62.0 14.032834765625
63.0 10.03047724609375
64.0 16.71610341796875
65.0 15.69831826171875
66.0 11.30553720703125
67.0 11.70453505859375
68.0 11.98570771484375
69.0 12.4518599609375
70.0 15.52710078125
71.0 6.72485947265625
72.0 13.95395400390625
73.0 11.70244267578125
74.0 4.1241443359375
75.0 5.85573759765625
76.0 6.02127783203125
77.0 6.50512099609375
78.0 0.2773630859375
79.0 1.44946630859375
80.0 0.5374521484375
81.0 2.94559755859375
82.0 1.94924560546875
83.0 1.2329841796875
84.0 1.48944248046875
85.0 0.963710546875
86.0 0.0
87.0 0.0
88.0 0.0208359375
89.0 0.0208359375
90.0 0.02083583984375
91.0 5.2108560546875
92.0 1.3601203125
93.0 2.81278662109375
94.0 0.89129814453125
95.0 0.722726171875
96.0 4.491096484375
97.0 5.29255673828125
98.0 5.95201376953125
99.0 4.6010759765625
100.0 9.94414677734375
101.0 3.62702255859375
102.0 6.8094658203125
103.0 3.2170158203125
104.0 4.15629638671875
105.0 2.9742431640625
106.0 6.61374482421875
107.0 2.89771123046875
108.0 5.25282890625
109.0 7.15401865234375
110.0 4.87983037109375
111.0 1.569169921875
112.0 0.1278365234375
113.0 0.3225173828125
114.0 0.13534560546875
115.0 4.1046396484375
116.0 3.5745451171875
117.0 2.7963859375
118.0 0.11242685546875
119.0 3.0380033203125
120.0 10.14440029296875
121.0 7.5035689453125
122.0 14.61387138671875
123.0 10.55072080078125
124.0 7.319957421875
125.0 4.6181666015625
126.0 0.77092744140625
127.0 0.4692458984375
128.0 1.6556625
129.0 2.681523046875
130.0 2.5931865234375
131.0 1.86963193359375
132.0 0.0327138671875
133.0 0.03116611328125
134.0 0.04167177734375
135.0 0.07266240234375
136.0 0.093673828125
137.0 0.509374609375
138.0 0.333688671875
139.0 2.1218677734375
140.0 2.0738412109375
141.0 0.0
142.0 0.0
143.0 0.13137724609375
144.0 0.46112919921875
145.0 0.20853427734375
146.0 0.36418916015625
147.0 0.10382841796875
148.0 1.0864728515625
149.0 0.0
150.0 0.0
151.0 0.261262890625
152.0 0.05200205078125
153.0 0.21903994140625
154.0 1.1756775390625
155.0 0.557888671875
156.0 0.5957609375
157.0 0.6640201171875
158.0 1.17538447265625
159.0 0.51056669921875
160.0 0.37574765625
161.0 0.6024857421875
162.0 0.0
163.0 0.0
164.0 0.0
165.0 0.0
166.0 0.0
167.0 0.0
168.0 0.0
169.0 0.0
170.0 0.0
171.0 0.0
172.0 0.0
173.0 0.0
174.0 0.0
175.0 0.0
176.0 0.33184072265625
177.0 0.61486005859375
178.0 0.0
179.0 0.0
180.0 0.2085341796875
181.0 1.30103388671875
182.0 1.109832421875
183.0 1.482907421875
184.0 1.25816552734375
185.0 1.49365224609375
186.0 0.9488220703125
187.0 0.74991611328125
188.0 1.8599240234375
189.0 1.510512109375
190.0 0.8147677734375
191.0 0.69598388671875
192.0 2.24445615234375
193.0 5.77885576171875
194.0 4.96220712890625
195.0 2.60153916015625
196.0 1.7499248046875
197.0 0.0103302734375
198.0 0.11415859375
199.0 0.1456755859375
200.0 0.14602666015625
201.0 0.1143341796875
202.0 0.12483974609375
203.0 0.7976486328125
204.0 2.63781435546875
205.0 0.302032421875
206.0 0.03116611328125
207.0 0.0726623046875
208.0 1.2187345703125
209.0 2.05407724609375
210.0 0.71822353515625
211.0 0.76966611328125
212.0 0.01229345703125
213.0 4.65435634765625
214.0 1.70146337890625
215.0 1.48039990234375
216.0 0.0
217.0 0.0
218.0 0.32554189453125
219.0 0.03116611328125
220.0 0.07283779296875
221.0 0.0
222.0 0.0
223.0 0.0
224.0 0.0
225.0 0.0
226.0 0.0
227.0 0.0
228.0 0.0
229.0 0.0
230.0 0.0
231.0 0.0
232.0 0.0
233.0 0.0
234.0 0.0
235.0 0.0
236.0 0.0
237.0 0.0
238.0 0.0
239.0 0.0
240.0 0.0
241.0 0.0
242.0 0.0
243.0 0.0
244.0 0.0
245.0 0.0
246.0 0.0
247.0 0.0
248.0 0.33533359375
249.0 0.79937900390625
250.0 0.45189580078125
251.0 0.39032021484375
252.0 0.61246494140625
253.0 0.845283203125
254.0 0.63734091796875
255.0 0.0
256.0 0.0
257.0 0.30752998046875
258.0 0.4716505859375
259.0 0.63636826171875
260.0 0.192552734375
261.0 0.33442724609375
262.0 0.6009583984375
263.0 0.79959306640625
264.0 0.51686826171875
265.0 0.78031064453125
266.0 0.7278626953125
267.0 0.6966984375
268.0 1.1334318359375
269.0 0.8909810546875
270.0 0.78213515625
271.0 1.17972841796875
272.0 0.65861005859375
273.0 0.3455470703125
274.0 0.14278017578125
275.0 1.69946396484375
276.0 2.015560546875
277.0 0.80152255859375
278.0 1.11880986328125
279.0 1.0356486328125
280.0 0.71002265625
281.0 0.4395056640625
282.0 0.17719267578125
283.0 0.55198291015625
284.0 0.69026591796875
285.0 2.455094921875
286.0 1.2144001953125
287.0 1.21888896484375
288.0 0.93393857421875
289.0 0.8679728515625
290.0 0.7421171875
291.0 0.03813017578125
292.0 0.96987216796875
293.0 0.96712587890625
294.0 1.07419462890625
295.0 1.30448974609375
296.0 1.48960595703125
297.0 1.2761287109375
298.0 1.079506640625
299.0 1.19216162109375
300.0 0.80727216796875
301.0 1.3154720703125
302.0 1.1599375
303.0 0.648812109375
304.0 0.722776171875
305.0 1.06236962890625
306.0 1.50231630859375
307.0 1.528839453125
308.0 1.062765625
309.0 1.44791357421875
310.0 2.25902568359375
311.0 2.2219998046875
312.0 1.57540556640625
313.0 1.2289076171875
314.0 1.42880546875
315.0 1.5362615234375
316.0 1.40028037109375
317.0 1.5341046875
318.0 1.2784703125
319.0 0.61659462890625
320.0 0.6592912109375
321.0 0.60755087890625
322.0 0.7509521484375
323.0 0.779336328125
324.0 0.71453642578125
325.0 0.52047958984375
326.0 0.982337109375
327.0 1.0153626953125
328.0 0.8244677734375
329.0 0.7601669921875
330.0 0.0626412109375
331.0 1.24982294921875
332.0 1.3422880859375
333.0 1.01555419921875
334.0 1.2255666015625
335.0 1.1507533203125
336.0 0.5770763671875
337.0 1.05941298828125
338.0 1.066425
339.0 0.8351962890625
340.0 0.30521318359375
341.0 1.7764828125
342.0 1.272980859375
343.0 1.12388349609375
344.0 1.21218037109375
345.0 0.73215849609375
346.0 1.25421806640625
347.0 0.8283716796875
348.0 0.7129259765625
349.0 0.48256728515625
350.0 0.55518466796875
351.0 0.6991642578125
352.0 0.0
353.0 0.0
354.0 1.46526103515625
355.0 1.00877978515625
356.0 0.5961056640625
357.0 1.765080859375
358.0 0.98585224609375
359.0 0.45740439453125
360.0 1.53069052734375
361.0 1.2777314453125
362.0 1.46496806640625
363.0 1.53776875
364.0 1.14563779296875
365.0 1.70032958984375
366.0 0.97984658203125
367.0 1.433059375
368.0 1.60424033203125
369.0 1.11215615234375
370.0 1.1089853515625
371.0 1.4915064453125
372.0 1.61095654296875
373.0 2.1032302734375
374.0 2.8695951171875
375.0 0.0
376.0 0.0
377.0 0.072837890625
378.0 0.0208359375
379.0 0.0103302734375
380.0 0.01033017578125
381.0 0.01033017578125
382.0 0.01033017578125
383.0 0.03116611328125
384.0 0.0208359375
385.0 0.0208359375
386.0 0.0414962890625
387.0 0.15583037109375
388.0 0.20835869140625
389.0 0.0
390.0 0.0
391.0 0.0
392.0 0.0
393.0 0.0
394.0 0.0
395.0 0.0
396.0 0.0
397.0 0.0
398.0 0.0
399.0 0.0
400.0 0.0
401.0 0.0
402.0 0.0
403.0 0.0
404.0 0.0
405.0 0.0
406.0 0.0
407.0 0.0
408.0 0.0
409.0 0.0
410.0 0.0
411.0 0.0
412.0 0.0
413.0 0.0
414.0 0.0
415.0 0.0
416.0 0.0
417.0 0.0
418.0 0.0
419.0 0.0
420.0 0.0
421.0 0.0
422.0 0.0
423.0 0.0
424.0 0.0
425.0 0.0
426.0 0.0
427.0 0.0
428.0 0.0
429.0 0.0
430.0 0.0
431.0 0.0
432.0 0.0
433.0 0.0
434.0 0.0
435.0 0.0
436.0 1.55203330078125
437.0 2.477241015625
438.0 0.381165625
439.0 4.2132400390625
440.0 4.34927470703125
441.0 4.68891435546875
442.0 3.2952146484375
443.0 2.31232783203125
444.0 2.09868857421875
445.0 4.50794775390625
446.0 4.15226748046875
447.0 3.5113986328125
448.0 3.16487548828125
449.0 4.30514814453125
450.0 0.0
451.0 0.0
452.0 0.0
453.0 0.22954560546875
454.0 0.0
455.0 0.0
456.0 0.03116611328125
457.0 0.248451171875
458.0 0.1764908203125
459.0 0.4047228515625
460.0 0.85600673828125
461.0 1.84624990234375
462.0 1.77769462890625
463.0 1.8507626953125
464.0 1.53058203125
465.0 1.43628232421875
466.0 0.69931796875
467.0 0.312187109375
468.0 1.50166015625
469.0 0.1319380859375
470.0 0.256571875
471.0 0.293736328125
472.0 0.21868896484375
473.0 0.2856705078125
474.0 0.84601513671875
475.0 0.13561796875
476.0 0.72630205078125
477.0 0.0
478.0 0.0
479.0 0.2790287109375
480.0 0.21688388671875
481.0 0.03513916015625
482.0 0.579426171875
483.0 1.6431689453125
484.0 2.019786328125
485.0 1.28616728515625
486.0 2.29343505859375
487.0 2.88865771484375
488.0 4.08368408203125
489.0 2.85695390625
490.0 4.2298623046875
491.0 2.7258935546875
492.0 0.39017978515625
493.0 0.01033017578125
494.0 0.04167177734375
495.0 0.0
496.0 0.0
497.0 0.0
498.0 0.0
499.0 0.0
500.0 0.0
501.0 0.02083583984375
502.0 1.66896396484375
503.0 1.08510390625
504.0 0.93360146484375
505.0 0.74231787109375
506.0 0.97581455078125
507.0 0.86716787109375
508.0 1.2634986328125
509.0 0.9925541015625
510.0 0.8568439453125
511.0 0.82974560546875
512.0 0.7382322265625
513.0 0.82947861328125
514.0 0.97691953125
515.0 0.7260533203125
516.0 0.93579892578125
517.0 0.84238154296875
518.0 1.5401763671875
519.0 0.464824609375
520.0 0.55700478515625
521.0 0.8894875
522.0 0.0
523.0 0.0
524.0 0.06681484375
525.0 0.0206603515625
526.0 0.425442578125
527.0 0.77672109375
528.0 1.44612490234375
529.0 0.8426537109375
530.0 0.93695263671875
531.0 0.73915576171875
532.0 0.59561474609375
533.0 1.34962978515625
534.0 1.07390693359375
535.0 0.897500390625
536.0 0.85952314453125
537.0 0.931996484375
538.0 0.20827353515625
539.0 0.25891689453125
540.0 0.0
541.0 0.0
542.0 0.0
543.0 0.0
544.0 0.0
545.0 0.0
546.0 0.30322900390625
547.0 0.7688267578125
548.0 0.0
549.0 0.0
550.0 0.8335080078125
551.0 1.39086904296875
552.0 1.40631064453125
553.0 1.27229287109375
554.0 1.17480400390625
555.0 1.24817109375
556.0 1.41327001953125
557.0 2.15971904296875
558.0 0.63970654296875
559.0 1.214666015625
560.0 1.55981591796875
561.0 1.929941015625
562.0 1.1960640625
563.0 0.469340234375
564.0 1.78603427734375
565.0 0.78183583984375
566.0 1.9320265625
567.0 1.7237994140625
568.0 1.2739103515625
569.0 0.80061474609375
570.0 1.4894154296875
571.0 1.55536015625
572.0 1.572644921875
573.0 1.30582900390625
574.0 1.32543251953125
575.0 0.38746025390625
576.0 0.144973828125
577.0 1.00085224609375
578.0 2.22251298828125
579.0 2.09199736328125
580.0 1.8232859375
581.0 1.721711328125
582.0 1.36546337890625
583.0 1.31748046875
584.0 1.4515431640625
585.0 1.5184740234375
586.0 1.4777205078125
587.0 1.30654697265625
588.0 0.8612705078125
589.0 1.481492578125
590.0 1.13632900390625
591.0 0.8859310546875
592.0 1.5527755859375
593.0 1.668228515625
594.0 0.85670654296875
595.0 1.18154423828125
596.0 1.1729857421875
597.0 0.9374857421875
598.0 0.40558203125
599.0 0.96320546875
600.0 1.01443330078125
601.0 0.47798837890625
602.0 0.74745810546875
603.0 0.60124150390625
604.0 0.37418603515625
605.0 0.59792939453125
606.0 1.10837333984375
607.0 1.105332421875
608.0 0.9740955078125
609.0 0.68463642578125
610.0 1.57317265625
611.0 1.12479736328125
612.0 0.780485546875
613.0 0.8236990234375
614.0 1.2762578125
615.0 1.2663416015625
616.0 0.89163701171875
617.0 0.799609765625
618.0 1.00783779296875
619.0 1.14677353515625
620.0 0.99678984375
621.0 1.159409765625
622.0 1.44425693359375
623.0 1.48940751953125
624.0 2.07026982421875
625.0 1.7450283203125
626.0 2.3198869140625
627.0 2.3526111328125
628.0 1.0683208984375
629.0 2.798363671875
630.0 2.38372470703125
631.0 2.25878056640625
632.0 2.06948515625
633.0 1.84389267578125
634.0 2.3431306640625
635.0 2.07585791015625
636.0 2.37706875
637.0 2.0397751953125
638.0 2.0864669921875
639.0 2.1133171875
640.0 2.10538310546875
641.0 1.6916427734375
642.0 2.626876171875
643.0 1.680740625
644.0 2.1523041015625
645.0 0.44865302734375
646.0 0.08799306640625
647.0 1.81140537109375
648.0 1.6411015625
649.0 0.800347265625
650.0 1.4193322265625
651.0 2.39143369140625
652.0 1.87299423828125
653.0 1.99092509765625
654.0 0.165905078125
655.0 0.96384921875
656.0 0.88465
657.0 0.7399865234375
658.0 0.75679013671875
659.0 1.31894599609375
660.0 2.105456640625
661.0 1.77869189453125
662.0 1.60475791015625
663.0 1.84623896484375
664.0 1.53236259765625
665.0 1.921339453125
666.0 0.85064521484375
667.0 1.21400341796875
668.0 1.75469638671875
669.0 1.45347275390625
670.0 1.5601962890625
671.0 1.64232197265625
672.0 1.89142470703125
673.0 1.2332248046875
674.0 1.918889453125
675.0 1.34623984375
676.0 1.0405041015625
677.0 2.1095236328125
678.0 1.68780322265625
679.0 1.6614990234375
680.0 0.0
681.0 0.0
682.0 1.82830107421875
683.0 2.53731064453125
684.0 2.281502734375
685.0 1.8568333984375
686.0 1.80631064453125
687.0 1.88725908203125
688.0 2.23169873046875
689.0 2.53578095703125
690.0 2.6856955078125
691.0 2.3795546875
692.0 2.32332109375
693.0 2.1642205078125
694.0 2.4782068359375
695.0 2.56593642578125
696.0 3.135428515625
697.0 2.843219140625
698.0 2.7495041015625
699.0 2.778994140625
700.0 2.82511337890625
701.0 2.959887890625
702.0 2.03949677734375
703.0 2.594384765625
704.0 2.45270634765625
705.0 1.88346123046875
706.0 2.73868837890625
707.0 2.5546294921875
708.0 2.84960556640625
709.0 2.57405478515625
710.0 2.5322900390625
711.0 2.64073037109375
712.0 1.531842578125
713.0 0.62152021484375
714.0 1.52340029296875
715.0 3.2925228515625
716.0 2.7368068359375
717.0 2.688062890625
718.0 2.583078515625
719.0 1.889537890625
720.0 1.75441630859375
721.0 1.129957421875
722.0 0.68819169921875
723.0 0.40392431640625
724.0 0.271574609375
725.0 0.0
726.0 0.0
727.0 0.0
728.0 0.0
729.0 0.0
730.0 0.0
731.0 0.0
732.0 0.0
733.0 0.0
734.0 0.0
735.0 0.0
736.0 0.0
737.0 0.0
738.0 0.0
739.0 0.0
740.0 0.0
741.0 0.9438849609375
742.0 1.48265517578125
743.0 2.1856033203125
744.0 2.01152763671875
745.0 2.2061185546875
746.0 2.18856240234375
747.0 2.2780015625
748.0 2.00993583984375
749.0 2.27991298828125
750.0 2.15189892578125
751.0 2.48323359375
752.0 2.37162685546875
753.0 2.4631822265625
754.0 2.47182734375
755.0 0.99289482421875
756.0 1.629779296875
757.0 2.8021171875
758.0 2.16318486328125
759.0 2.0577865234375
760.0 2.37242744140625
761.0 2.535757421875
762.0 2.14068857421875
763.0 2.5402619140625
764.0 2.710130859375
765.0 2.3938021484375
766.0 2.16666328125
767.0 2.39206259765625
768.0 2.60256279296875
769.0 2.52138359375
770.0 2.13651611328125
771.0 2.16873544921875
772.0 2.4201740234375
773.0 2.37498046875
774.0 2.39795556640625
775.0 2.0841943359375
776.0 2.48096181640625
777.0 2.686030078125
778.0 2.614083984375
779.0 1.7154244140625
780.0 1.36196552734375
781.0 2.24879921875
782.0 2.9255376953125
783.0 2.32923916015625
784.0 2.50197509765625
785.0 2.6591978515625
786.0 2.50368134765625
787.0 2.4659037109375
788.0 2.4458890625
789.0 2.658979296875
790.0 0.9765974609375
791.0 2.77958232421875
792.0 2.02275
793.0 1.54038125
794.0 1.15548115234375
795.0 2.28489287109375
796.0 0.77535634765625
797.0 2.638858984375
798.0 2.4191498046875
799.0 2.38686982421875
