0.0 10.223887890625
1.0 8.65647724609375
2.0 12.09436591796875
3.0 10.003655859375
4.0 10.0239890625
5.0 9.48988916015625
6.0 8.53476748046875
7.0 9.6089189453125
8.0 9.867902734375
9.0 9.0200419921875
10.0 10.375954296875
11.0 8.158052734375
12.0 8.7146544921875
13.0 9.9913017578125
14.0 11.00043125
15.0 9.677862109375
16.0 10.12852607421875
17.0 11.21582236328125
18.0 12.26372470703125
19.0 12.217604296875
20.0 14.56484306640625
21.0 12.37823857421875
22.0 11.75403916015625
23.0 11.2271439453125
24.0 10.874994921875
25.0 11.3107015625
26.0 10.24259072265625
27.0 11.3558966796875
28.0 11.66457431640625
29.0 11.6946466796875
30.0 11.23517080078125
31.0 12.73514375
32.0 12.45003486328125
33.0 12.8856830078125
34.0 11.68831044921875
35.0 9.88961923828125
36.0 10.46650888671875
37.0 9.88706484375
38.0 11.58743310546875
39.0 11.95870615234375
40.0 10.32028291015625
41.0 10.85950244140625
42.0 10.81399384765625
43.0 11.52242021484375
44.0 0.0
45.0 0.0
46.0 0.0
47.0 0.0
48.0 21.95451201171875
49.0 5.89946337890625
50.0 4.7201904296875
51.0 11.6621982421875
52.0 10.313505078125
53.0 7.34866669921875
54.0 7.4219150390625
55.0 9.0622966796875
56.0 8.6720052734375
57.0 9.92311953125
58.0 7.95834892578125
59.0 7.84566552734375
60.0 10.49821787109375
61.0 9.33387158203125
62.0 12.519134375
63.0 12.95315283203125
64.0 11.1321392578125
65.0 11.20255419921875
66.0 8.30741064453125
67.0 7.34260029296875
68.0 9.76831357421875
69.0 8.32883095703125
70.0 10.53887177734375
71.0 9.304183984375
72.0 6.56192177734375
73.0 8.24695634765625
74.0 11.604966015625
75.0 12.723109375
76.0 8.8418923828125
77.0 12.1656412109375
78.0 9.71361787109375
79.0 10.45922734375
80.0 13.10225869140625
81.0 13.9569205078125
82.0 14.526869921875
83.0 12.0634109375
84.0 11.32034189453125
85.0 15.81822236328125
86.0 12.97500654296875
87.0 11.38820185546875
88.0 11.59498935546875
89.0 10.75436220703125
90.0 13.8244185546875
91.0 13.06617021484375
92.0 13.37252412109375
93.0 9.327205078125
94.0 10.8739009765625
95.0 12.1767302734375
96.0 13.355176171875
97.0 10.11708125
98.0 9.1860029296875
99.0 21.21554013671875
100.0 11.95455234375
101.0 12.7607599609375
102.0 12.3398216796875
103.0 12.4852775390625
104.0 12.097183984375
105.0 12.5634853515625
106.0 10.2232576171875
107.0 12.68933525390625
108.0 10.79906748046875
109.0 13.96924267578125
110.0 12.4133517578125
111.0 12.7552142578125
112.0 10.704048046875
113.0 11.1329205078125
114.0 11.5281029296875
115.0 11.13636064453125
116.0 13.51756923828125
117.0 12.05750703125
118.0 11.07339814453125
119.0 11.37642783203125
120.0 11.42375927734375
121.0 8.33355244140625
122.0 9.05870615234375
123.0 10.38036064453125
124.0 9.072530859375
125.0 12.55717392578125
126.0 9.01551884765625
127.0 15.4291884765625
128.0 13.53125302734375
129.0 9.94174873046875
130.0 8.65870517578125
131.0 11.080298046875
132.0 8.8944755859375
133.0 9.0710259765625
134.0 7.7212525390625
135.0 8.1348416015625
136.0 9.0012751953125
137.0 7.9365107421875
138.0 8.5190640625
139.0 9.4857595703125
140.0 9.48416689453125
141.0 9.2314158203125
142.0 9.34927548828125
143.0 8.91092998046875
144.0 12.27610087890625
145.0 11.73644013671875
146.0 10.635175390625
147.0 8.8167138671875
148.0 7.2596990234375
149.0 8.25862783203125
150.0 8.2696923828125
151.0 8.57370078125
152.0 7.99378720703125
153.0 7.54090048828125
154.0 8.12693017578125
155.0 8.0844521484375
156.0 8.1568888671875
157.0 8.0500373046875
158.0 7.40363720703125
159.0 8.72983115234375
160.0 7.99751494140625
161.0 9.01592880859375
162.0 7.4707392578125
163.0 6.75391494140625
164.0 8.3157765625
165.0 8.80443359375
166.0 8.09398544921875
167.0 9.74011357421875
168.0 7.44905
169.0 8.205090625
170.0 8.82673828125
171.0 9.67459501953125
172.0 9.8569892578125
173.0 8.12753203125
174.0 8.995922265625
175.0 8.8372359375
176.0 9.07911591796875
177.0 8.08296669921875
178.0 8.7882935546875
179.0 8.91628251953125
180.0 9.45210888671875
181.0 9.9607873046875
182.0 9.97200888671875
183.0 11.61877158203125
184.0 12.60695908203125
185.0 12.52073828125
186.0 10.783516015625
187.0 13.55027353515625
188.0 9.52259326171875
189.0 10.20565986328125
190.0 8.67233310546875
191.0 9.75611650390625
192.0 9.6897345703125
193.0 10.65989453125
194.0 9.3800271484375
195.0 12.08287578125
196.0 9.71185625
197.0 11.4152623046875
198.0 8.3286134765625
199.0 7.230912890625
200.0 16.298076953125
201.0 11.6201673828125
202.0 10.05729365234375
203.0 13.33216669921875
204.0 11.408809375
205.0 12.18780537109375
206.0 14.31074150390625
207.0 13.0650150390625
208.0 14.14227783203125
209.0 13.109173046875
210.0 12.068503125
211.0 13.019892578125
212.0 14.0562890625
213.0 11.2863966796875
214.0 14.71540732421875
215.0 15.99189921875
216.0 10.860276171875
217.0 10.21112646484375
218.0 11.62408271484375
219.0 10.07694482421875
220.0 12.17965703125
221.0 12.04026650390625
222.0 10.89533759765625
223.0 10.989591796875
224.0 10.23805048828125
225.0 11.15467275390625
226.0 14.3847365234375
227.0 12.01027138671875
228.0 12.68639619140625
229.0 12.16465537109375
230.0 11.08764580078125
231.0 10.8106826171875
232.0 10.84267099609375
233.0 4.88956845703125
234.0 9.08399013671875
235.0 11.97939130859375
236.0 9.79704951171875
237.0 15.359582421875
238.0 17.19115185546875
239.0 11.0547857421875
240.0 10.07159248046875
241.0 11.17884013671875
242.0 9.27881943359375
243.0 11.02701953125
244.0 12.1273740234375
245.0 9.770570703125
246.0 9.16613525390625
247.0 8.7011755859375
248.0 13.58162578125
249.0 8.7095939453125
250.0 11.38128056640625
251.0 9.80692197265625
252.0 7.63694130859375
253.0 10.87119853515625
254.0 7.63595849609375
255.0 13.80664755859375
256.0 10.69233212890625
257.0 11.6797017578125
258.0 10.2310552734375
259.0 12.58604248046875
260.0 9.2375978515625
261.0 11.0762904296875
262.0 9.13454326171875
263.0 10.2615599609375
264.0 10.0977232421875
265.0 10.19429267578125
266.0 11.78834638671875
267.0 12.893555859375
268.0 13.889428125
269.0 14.3624119140625
270.0 12.0143017578125
271.0 11.88130009765625
272.0 11.39894873046875
273.0 17.43601123046875
274.0 11.26226787109375
275.0 11.39181728515625
276.0 13.170857421875
277.0 11.5351880859375
278.0 11.67204345703125
279.0 14.41227041015625
280.0 12.22553974609375
281.0 11.36144169921875
282.0 13.05104541015625
283.0 11.305351953125
284.0 9.1126232421875
285.0 10.702550390625
286.0 10.72294130859375
287.0 10.39038564453125
288.0 11.72939912109375
289.0 10.240644921875
290.0 11.2678482421875
291.0 10.65389716796875
292.0 9.72552275390625
293.0 9.03962587890625
294.0 8.2051943359375
295.0 9.62997109375
296.0 9.60031064453125
297.0 11.13383291015625
298.0 11.6192044921875
299.0 13.70491005859375
300.0 11.93640791015625
301.0 10.43378330078125
302.0 12.8840126953125
303.0 10.110198046875
304.0 10.71376171875
305.0 12.1137474609375
306.0 11.20404970703125
307.0 11.4726681640625
308.0 10.3347365234375
309.0 10.9301798828125
310.0 10.52428173828125
311.0 13.45487353515625
312.0 13.56846630859375
313.0 11.053825390625
314.0 10.2201544921875
315.0 13.54149921875
316.0 14.00238740234375
317.0 11.98144619140625
318.0 11.55578603515625
319.0 13.53119345703125
320.0 10.7056693359375
321.0 11.85973154296875
322.0 12.25960498046875
323.0 12.21046630859375
324.0 11.0468373046875
325.0 12.7160826171875
326.0 11.67090390625
327.0 11.9755818359375
328.0 11.47496572265625
329.0 13.65983857421875
330.0 10.52422138671875
331.0 8.73198935546875
332.0 6.31375322265625
333.0 13.848758984375
334.0 9.87501708984375
335.0 10.83230400390625
336.0 10.37994892578125
337.0 7.44102978515625
338.0 14.92759072265625
339.0 11.1626279296875
340.0 9.4356033203125
341.0 9.8340783203125
342.0 10.3654091796875
343.0 10.45767421875
344.0 8.26056572265625
345.0 9.49150263671875
346.0 11.21052919921875
347.0 9.56812060546875
348.0 8.7105048828125
349.0 12.03030322265625
350.0 9.63574462890625
351.0 9.35712001953125
352.0 9.3250587890625
353.0 10.226486328125
354.0 13.4298427734375
355.0 11.960343359375
356.0 12.15036708984375
357.0 12.3621740234375
358.0 10.9271607421875
359.0 11.30045107421875
360.0 11.1993587890625
361.0 7.8814759765625
362.0 12.47170576171875
363.0 8.94231220703125
364.0 9.03176044921875
365.0 9.297215625
366.0 9.1311306640625
367.0 7.543561328125
368.0 8.45742265625
369.0 7.78926728515625
370.0 9.70473271484375
371.0 8.045998046875
372.0 8.00162060546875
373.0 6.67108857421875
374.0 8.44354814453125
375.0 8.0726857421875
376.0 7.3090236328125
377.0 9.81329599609375
378.0 11.58970771484375
379.0 8.89845322265625
380.0 7.49425537109375
381.0 11.34657568359375
382.0 11.99335126953125
383.0 8.027462890625
384.0 10.2151505859375
385.0 9.42180869140625
386.0 8.4272072265625
387.0 10.75587880859375
388.0 6.2073603515625
389.0 11.69961279296875
390.0 11.48464345703125
391.0 11.14568203125
392.0 12.01666337890625
393.0 9.83791376953125
394.0 9.40143310546875
395.0 8.808019921875
396.0 8.58333427734375
397.0 6.47976015625
398.0 7.17883837890625
399.0 6.5166603515625
400.0 4.7516392578125
401.0 1.788143359375
402.0 3.61093759765625
403.0 6.51728310546875
404.0 5.3863173828125
405.0 6.44768310546875
406.0 6.29526796875
407.0 6.88343037109375
408.0 7.43230693359375
409.0 8.3843015625
410.0 4.7684095703125
411.0 5.386953125
412.0 7.50426220703125
413.0 5.4618685546875
414.0 5.27671220703125
415.0 6.579581640625
416.0 7.32835498046875
417.0 7.57536376953125
418.0 7.40394716796875
419.0 6.7423357421875
420.0 7.95671455078125
421.0 8.820916796875
422.0 8.22796513671875
423.0 7.28708828125
424.0 5.98839892578125
425.0 8.16679892578125
426.0 6.87369609375
427.0 7.20601611328125
428.0 8.07323359375
429.0 8.89461357421875
430.0 7.40682861328125
431.0 8.6810099609375
432.0 9.934744921875
433.0 8.192169921875
434.0 8.6227544921875
435.0 7.45789189453125
436.0 8.3625611328125
437.0 9.50186279296875
438.0 10.73808955078125
439.0 9.74248388671875
440.0 8.37050302734375
441.0 8.581601171875
442.0 9.351396875
443.0 8.4053869140625
444.0 9.47493681640625
445.0 10.3634921875
446.0 11.55037998046875
447.0 9.40110537109375
448.0 9.6263546875
449.0 9.959840625
450.0 13.22389619140625
451.0 12.46247763671875
452.0 11.67689208984375
453.0 9.50347392578125
454.0 8.92127724609375
455.0 9.132594921875
456.0 8.41334248046875
457.0 10.26930791015625
458.0 9.1449119140625
459.0 12.03451845703125
460.0 12.4661693359375
461.0 10.08468857421875
462.0 10.83212822265625
463.0 10.55034404296875
464.0 9.3157994140625
465.0 11.091569921875
466.0 10.098058984375
467.0 13.30520654296875
468.0 10.6495421875
469.0 9.2319384765625
470.0 8.6278169921875
471.0 10.0430134765625
472.0 8.80234150390625
473.0 9.24498623046875
474.0 6.05434990234375
475.0 9.2654865234375
476.0 10.83679814453125
477.0 13.22446025390625
478.0 10.53453505859375
479.0 11.82365166015625
480.0 16.55482158203125
481.0 11.357519140625
482.0 9.2953197265625
483.0 9.86658369140625
484.0 8.84587001953125
485.0 8.87944326171875
486.0 6.914607421875
487.0 10.71352509765625
488.0 10.57272607421875
489.0 9.68173603515625
490.0 8.39864189453125
491.0 9.39827841796875
492.0 8.2218037109375
493.0 9.6511712890625
494.0 11.392955078125
495.0 9.54555283203125
496.0 6.48640498046875
497.0 11.2805748046875
498.0 9.18962216796875
499.0 7.89080009765625
500.0 7.83663623046875
501.0 7.92567841796875
502.0 9.680701171875
503.0 9.8581533203125
504.0 9.89125068359375
505.0 8.40581328125
506.0 8.22705029296875
507.0 7.49308193359375
508.0 7.60770107421875
509.0 8.55638564453125
510.0 8.6065478515625
511.0 8.20859814453125
512.0 8.20046796875
513.0 9.5317173828125
514.0 11.57661640625
515.0 11.10972099609375
516.0 10.09460751953125
517.0 9.3412548828125
518.0 8.288546484375
519.0 7.64427080078125
520.0 7.45637109375
521.0 9.2750224609375
522.0 10.6423419921875
523.0 11.54549951171875
524.0 11.77075126953125
525.0 10.705203125
526.0 8.97091796875
527.0 7.73547685546875
528.0 8.68704453125
529.0 6.00220947265625
530.0 6.99290224609375
531.0 7.33162626953125
532.0 7.79846259765625
533.0 9.00034658203125
534.0 7.74924326171875
535.0 10.3871572265625
536.0 9.697825390625
537.0 9.559260546875
538.0 9.6834302734375
539.0 6.60198056640625
540.0 8.38156650390625
541.0 9.81013486328125
542.0 10.8821390625
543.0 4.55403896484375
544.0 3.169815234375
545.0 7.88726650390625
546.0 14.0662865234375
547.0 7.7889810546875
548.0 7.1103224609375
549.0 5.26912373046875
550.0 4.3589248046875
551.0 7.75897822265625
552.0 2.05391416015625
553.0 9.40221630859375
554.0 14.6631251953125
555.0 11.3739181640625
556.0 13.4127736328125
557.0 11.520583203125
558.0 9.96227119140625
559.0 11.72209541015625
560.0 9.9711052734375
561.0 10.40508427734375
562.0 6.12850234375
563.0 12.371366796875
564.0 10.559126953125
565.0 10.426840234375
566.0 9.906218359375
567.0 7.90319111328125
568.0 11.658388671875
569.0 9.7342818359375
570.0 11.03913310546875
571.0 9.86472177734375
572.0 10.46156748046875
573.0 12.24093515625
574.0 11.55956435546875
575.0 10.709102734375
576.0 10.501980859375
577.0 8.05495166015625
578.0 10.8528609375
579.0 15.24710234375
580.0 15.050955078125
581.0 14.0245904296875
582.0 13.019385546875
583.0 14.94731025390625
584.0 10.61818173828125
585.0 14.228872265625
586.0 9.097536328125
587.0 15.151779296875
588.0 16.31967587890625
589.0 8.44453662109375
590.0 14.98074189453125
591.0 11.6819111328125
592.0 11.0673890625
593.0 16.02398486328125
594.0 14.0614802734375
595.0 15.30239443359375
596.0 14.93680068359375
597.0 11.92623291015625
598.0 10.99184609375
599.0 13.985021875
600.0 9.85825634765625
601.0 10.83708681640625
602.0 10.713881640625
603.0 12.22088447265625
604.0 15.34236015625
605.0 13.614191015625
606.0 11.5971908203125
607.0 11.31828876953125
608.0 12.20064580078125
609.0 11.9332955078125
610.0 11.95975498046875
611.0 0.0
612.0 0.0
613.0 30.2810974609375
614.0 12.77245986328125
615.0 13.49612763671875
616.0 10.76418369140625
617.0 10.8420771484375
618.0 12.59826845703125
619.0 11.36046904296875
620.0 11.99415517578125
621.0 9.46411982421875
622.0 10.5118044921875
623.0 11.5602607421875
624.0 13.04540693359375
625.0 10.23957080078125
626.0 11.4970580078125
627.0 10.5781494140625
628.0 11.90165556640625
629.0 9.70288203125
630.0 11.9391970703125
631.0 10.02906123046875
632.0 8.997903515625
633.0 8.7798060546875
634.0 8.17422578125
635.0 9.37800166015625
636.0 7.0447916015625
637.0 4.3027419921875
638.0 7.4972361328125
639.0 8.1100509765625
640.0 7.93312734375
641.0 7.50952587890625
642.0 4.116341796875
643.0 0.33117275390625
644.0 2.41997490234375
645.0 8.05390341796875
646.0 9.9180607421875
647.0 9.4176220703125
648.0 7.112230859375
649.0 0.2437484375
650.0 1.2562185546875
651.0 7.95884462890625
652.0 9.20286279296875
653.0 8.40337568359375
654.0 8.4839828125
655.0 9.62694443359375
656.0 11.2020607421875
657.0 12.27289833984375
658.0 10.99202666015625
659.0 11.933887890625
660.0 11.15518310546875
661.0 10.27070673828125
662.0 9.26465048828125
663.0 11.05148935546875
664.0 10.14113154296875
665.0 10.59427138671875
666.0 10.60094326171875
667.0 9.6347955078125
668.0 10.1314115234375
669.0 9.53269052734375
670.0 10.67740849609375
671.0 10.049425
672.0 9.512316796875
673.0 10.00939931640625
674.0 9.42810390625
675.0 10.02136298828125
676.0 10.87082197265625
677.0 9.66785556640625
678.0 9.14552041015625
679.0 10.3744171875
680.0 11.3537322265625
681.0 10.79677548828125
682.0 8.78733623046875
683.0 9.23012900390625
684.0 9.5254720703125
685.0 7.7907091796875
686.0 7.45272099609375
687.0 6.9987880859375
688.0 7.88255
689.0 7.8118900390625
690.0 6.9994513671875
691.0 6.22399130859375
692.0 6.17724755859375
693.0 6.0065787109375
694.0 7.16230732421875
695.0 5.70873798828125
696.0 5.57183642578125
697.0 7.3771779296875
698.0 1.36749833984375
699.0 1.6568908203125
700.0 0.1455001953125
701.0 0.53776435546875
702.0 3.629860546875
703.0 0.16902216796875
704.0 7.2165427734375
705.0 8.726378515625
706.0 3.5273337890625
707.0 0.75194404296875
708.0 6.3277666015625
709.0 7.3224990234375
710.0 5.51290078125
711.0 8.6641701171875
712.0 8.50863212890625
713.0 9.677743359375
714.0 11.107754296875
715.0 8.20954150390625
716.0 7.49151318359375
717.0 6.7092861328125
718.0 10.95070498046875
719.0 8.40136796875
720.0 12.53185634765625
721.0 11.1837044921875
722.0 9.0745501953125
723.0 10.519854296875
724.0 9.66409501953125
725.0 9.89045009765625
726.0 11.70079423828125
727.0 11.2403603515625
728.0 9.25925
729.0 8.40553798828125
730.0 8.08221904296875
731.0 7.911037109375
732.0 9.6263275390625
733.0 9.0313009765625
734.0 10.1889791015625
735.0 9.01055263671875
736.0 11.941026953125
737.0 9.64599404296875
738.0 10.038194921875
739.0 13.6047322265625
740.0 11.38906845703125
741.0 9.62793447265625
742.0 10.47981962890625
743.0 10.0968935546875
744.0 9.19009453125
745.0 10.65711669921875
746.0 9.47956826171875
747.0 11.8237708984375
748.0 13.31530712890625
749.0 10.47332421875
750.0 11.1281609375
751.0 8.78636318359375
752.0 12.5702423828125
753.0 11.69983984375
754.0 13.62878876953125
755.0 11.20785498046875
756.0 12.51356669921875
757.0 13.71287470703125
758.0 12.61180712890625
759.0 11.847191015625
760.0 7.39673681640625
761.0 14.61426220703125
762.0 6.6390259765625
763.0 12.06471904296875
764.0 9.0967326171875
765.0 9.45654013671875
766.0 9.5722009765625
767.0 6.911369921875
768.0 9.83631015625
769.0 7.325305078125
770.0 7.7888251953125
771.0 8.89513037109375
772.0 8.7648798828125
773.0 8.6712015625
774.0 11.3331775390625
775.0 9.3188373046875
776.0 11.40359365234375
777.0 9.0353021484375
778.0 11.10396533203125
779.0 12.07199453125
780.0 10.1777220703125
781.0 8.96248916015625
782.0 13.179049609375
783.0 12.55873125
784.0 11.0058181640625
785.0 8.28477158203125
786.0 9.7271744140625
787.0 9.44336083984375
788.0 9.49912822265625
789.0 11.64976142578125
790.0 9.01648681640625
791.0 6.30680615234375
792.0 1.27267333984375
793.0 12.5475443359375
794.0 12.880711328125
795.0 10.264483203125
796.0 9.35820595703125
797.0 9.7083939453125
798.0 12.28111376953125
799.0 9.5597126953125
