0.0 15.457916796875
1.0 17.03872431640625
2.0 15.34432529296875
3.0 15.345594921875
4.0 15.0723376953125
5.0 13.69204052734375
6.0 10.47217333984375
7.0 17.52351591796875
8.0 14.31523125
9.0 11.93479716796875
10.0 12.63402119140625
11.0 11.3956720703125
12.0 10.40841064453125
13.0 11.3237705078125
14.0 12.19112490234375
15.0 12.0891091796875
16.0 10.05881318359375
17.0 12.1818845703125
18.0 11.636845703125
19.0 8.87501826171875
20.0 13.01442587890625
21.0 12.02041630859375
22.0 12.45642236328125
23.0 12.463776171875
24.0 12.94964716796875
25.0 13.94821005859375
26.0 12.34395478515625
27.0 12.2243607421875
28.0 9.6300048828125
29.0 12.45438408203125
30.0 12.553428125
31.0 12.74076904296875
32.0 11.80582939453125
33.0 12.446290625
34.0 11.89193330078125
35.0 12.34089130859375
36.0 11.34564052734375
37.0 12.98698955078125
38.0 11.1706462890625
39.0 13.23874453125
40.0 8.780108203125
41.0 11.7278359375
42.0 15.41274111328125
43.0 16.0528787109375
44.0 13.5156033203125
45.0 13.21570625
46.0 14.10940078125
47.0 14.55992998046875
48.0 10.54708603515625
49.0 13.79103359375
50.0 12.2928443359375
51.0 12.15334716796875
52.0 12.2131390625
53.0 12.994594921875
54.0 12.22788876953125
55.0 12.0383541015625
56.0 12.02835654296875
57.0 7.668765625
58.0 11.47626220703125
59.0 8.843029296875
60.0 10.904387109375
61.0 11.33502109375
62.0 11.61758916015625
63.0 11.6938087890625
64.0 13.95205244140625
65.0 10.99310185546875
66.0 12.0640369140625
67.0 11.2855392578125
68.0 9.6650783203125
69.0 12.13999521484375
70.0 10.73325458984375
71.0 10.67128369140625
72.0 12.3457697265625
73.0 13.13341806640625
74.0 11.24717939453125
75.0 11.38342041015625
76.0 12.062548046875
77.0 10.92341416015625
78.0 11.23273701171875
79.0 9.30934638671875
80.0 11.37953798828125
81.0 6.88241083984375
82.0 11.04697685546875
83.0 9.0492970703125
84.0 9.411715625
85.0 9.570959765625
86.0 10.0929955078125
87.0 9.97758251953125
88.0 9.60423154296875
89.0 9.936405078125
90.0 8.564198828125
91.0 5.63444287109375
92.0 5.99846220703125
93.0 7.4735943359375
94.0 10.0367181640625
95.0 10.27963994140625
96.0 9.65768671875
97.0 10.795268359375
98.0 7.3656103515625
99.0 7.40739921875
100.0 8.93883701171875
101.0 6.70947822265625
102.0 9.991107421875
103.0 9.5736892578125
104.0 8.7886595703125
105.0 8.5976478515625
106.0 11.139858984375
107.0 10.64351494140625
108.0 11.407387109375
109.0 10.5308720703125
110.0 11.03652060546875
111.0 11.32705615234375
112.0 11.48875869140625
113.0 8.8312478515625
114.0 9.0083646484375
115.0 0.69507333984375
116.0 10.7541330078125
117.0 7.1306296875
118.0 6.5038380859375
119.0 6.332871875
120.0 9.7726166015625
121.0 10.62088369140625
122.0 8.15054443359375
123.0 10.976526953125
124.0 11.39301240234375
125.0 7.89403369140625
126.0 13.7345751953125
127.0 8.935678125
128.0 11.4047056640625
129.0 12.41296416015625
130.0 10.48909970703125
131.0 10.82028603515625
132.0 11.57489345703125
133.0 10.91994296875
134.0 0.8981931640625
135.0 3.085453515625
136.0 1.29343701171875
137.0 2.48539453125
138.0 2.003894921875
139.0 1.9800708984375
140.0 4.20466240234375
141.0 9.88941669921875
142.0 1.19617529296875
143.0 1.510458203125
144.0 1.54955283203125
145.0 1.3369482421875
146.0 1.23729130859375
147.0 1.85142841796875
148.0 0.57081396484375
149.0 1.4597501953125
150.0 1.986912890625
151.0 0.65222236328125
152.0 1.07190712890625
153.0 1.77122490234375
154.0 2.03928388671875
155.0 2.31243125
156.0 5.138166015625
157.0 8.45619970703125
158.0 12.670955078125
159.0 11.9025423828125
160.0 11.15019052734375
161.0 8.27282802734375
162.0 6.91907353515625
163.0 8.8381345703125
164.0 9.0365220703125
165.0 8.92309384765625
166.0 8.81575556640625
167.0 10.3948111328125
168.0 10.81707919921875
169.0 13.471914453125
170.0 9.155162890625
171.0 9.591339453125
172.0 10.9365955078125
173.0 11.01344384765625
174.0 9.84371650390625
175.0 10.87975927734375
176.0 14.17133828125
177.0 11.78713974609375
178.0 9.257544921875
179.0 10.490053515625
180.0 10.024277734375
181.0 9.44546220703125
182.0 10.5778341796875
183.0 11.04850615234375
184.0 11.22156796875
185.0 10.53918388671875
186.0 14.91243330078125
187.0 13.1323685546875
188.0 12.37839794921875
189.0 14.68145078125
190.0 15.6964560546875
191.0 15.603815625
192.0 16.5025130859375
193.0 12.92972333984375
194.0 13.058463671875
195.0 12.6746708984375
196.0 15.98673544921875
197.0 13.83373408203125
198.0 10.9164361328125
199.0 10.6654177734375
200.0 10.65313056640625
201.0 10.68620234375
202.0 12.23165283203125
203.0 11.52127294921875
204.0 12.1029814453125
205.0 12.354111328125
206.0 10.87811357421875
207.0 12.3751259765625
208.0 12.30281396484375
209.0 12.277758203125
210.0 12.3361302734375
211.0 12.82348369140625
212.0 12.56454931640625
213.0 15.27929130859375
214.0 13.26498125
215.0 15.8490365234375
216.0 12.63510693359375
217.0 15.36969931640625
218.0 14.03186513671875
219.0 13.0078734375
220.0 10.9029359375
221.0 10.07795478515625
222.0 11.1227453125
223.0 9.78346064453125
224.0 11.89869482421875
225.0 11.4534095703125
226.0 14.5708806640625
227.0 10.738175390625
228.0 11.273677734375
229.0 11.07727587890625
230.0 11.17193974609375
231.0 9.95003251953125
232.0 10.565880078125
233.0 10.67460166015625
234.0 11.49999638671875
235.0 10.19132890625
236.0 8.09513046875
237.0 12.50749306640625
238.0 10.34972841796875
239.0 10.24058193359375
240.0 11.5934443359375
241.0 10.64667666015625
242.0 11.8093419921875
243.0 11.0320763671875
244.0 9.8785064453125
245.0 11.948702734375
246.0 11.14921396484375
247.0 11.2582373046875
248.0 10.81405
249.0 9.25577158203125
250.0 8.544546484375
251.0 13.21489755859375
252.0 11.66772822265625
253.0 12.0621888671875
254.0 13.0007228515625
255.0 10.33941884765625
256.0 9.67072763671875
257.0 9.95389375
258.0 10.90228798828125
259.0 10.489890625
260.0 9.281208203125
261.0 9.83653896484375
262.0 7.51710595703125
263.0 13.37157138671875
264.0 10.1914923828125
265.0 11.989683203125
266.0 11.54301484375
267.0 10.66156142578125
268.0 11.1359265625
269.0 6.57222021484375
270.0 13.219003515625
271.0 10.80608671875
272.0 11.417368359375
273.0 10.1934529296875
274.0 13.3078787109375
275.0 11.9500033203125
276.0 11.736486328125
277.0 11.30983681640625
278.0 10.5150134765625
279.0 11.55061357421875
280.0 10.669998828125
281.0 11.3793916015625
282.0 11.988904296875
283.0 9.3901326171875
284.0 11.86554921875
285.0 9.77185244140625
286.0 11.448976171875
287.0 9.72270263671875
288.0 10.5329419921875
289.0 10.28720791015625
290.0 12.39236845703125
291.0 12.5018044921875
292.0 11.69706572265625
293.0 10.89685087890625
294.0 11.13289091796875
295.0 11.086644921875
296.0 4.5641001953125
297.0 10.7873716796875
298.0 11.97313095703125
299.0 9.7758615234375
300.0 9.272404296875
301.0 12.4730314453125
302.0 13.13258603515625
303.0 7.39963349609375
304.0 16.36478173828125
305.0 13.3576689453125
306.0 14.77037666015625
307.0 13.853096875
308.0 15.5892603515625
309.0 15.0522314453125
310.0 10.83391708984375
311.0 13.4993232421875
312.0 13.67823798828125
313.0 14.5828818359375
314.0 11.28028720703125
315.0 12.32722919921875
316.0 14.17460390625
317.0 12.88855771484375
318.0 15.05251943359375
319.0 12.91722265625
320.0 15.5021279296875
321.0 14.2235529296875
322.0 15.01170732421875
323.0 16.420746484375
324.0 14.70949345703125
325.0 16.44227314453125
326.0 15.8166107421875
327.0 14.88382626953125
328.0 15.27049443359375
329.0 15.9627453125
330.0 14.28463505859375
331.0 12.82062958984375
332.0 15.91078115234375
333.0 16.8664283203125
334.0 13.31543212890625
335.0 15.5893123046875
336.0 11.8417451171875
337.0 14.6187515625
338.0 12.39055517578125
339.0 14.435760546875
340.0 9.5903125
341.0 12.1301498046875
342.0 9.76939375
343.0 11.10030078125
344.0 14.55283193359375
345.0 10.08724111328125
346.0 14.97891533203125
347.0 10.985687890625
348.0 13.95674482421875
349.0 10.2498712890625
350.0 9.375210546875
351.0 13.9353251953125
352.0 11.09943447265625
353.0 11.34451748046875
354.0 14.63985126953125
355.0 12.61939541015625
356.0 14.97586337890625
357.0 11.8204912109375
358.0 0.0
359.0 0.0
360.0 30.649574609375
361.0 13.900141796875
362.0 12.40607021484375
363.0 11.60736337890625
364.0 12.95891005859375
365.0 14.06476689453125
366.0 12.0263384765625
367.0 11.566377734375
368.0 10.94582119140625
369.0 12.23182841796875
370.0 11.09160009765625
371.0 12.09213720703125
372.0 11.21023076171875
373.0 13.52392578125
374.0 11.21352353515625
375.0 13.508123046875
376.0 12.393928125
377.0 11.19261376953125
378.0 7.83498720703125
379.0 10.5913857421875
380.0 12.380146484375
381.0 11.26132333984375
382.0 4.4860609375
383.0 0.7883759765625
384.0 1.59543603515625
385.0 2.17702314453125
386.0 2.08452783203125
387.0 3.0839767578125
388.0 9.21299404296875
389.0 12.10704873046875
390.0 10.80204873046875
391.0 13.42376787109375
392.0 12.98184052734375
393.0 11.906773046875
394.0 11.1733248046875
395.0 12.30757255859375
396.0 11.2550056640625
397.0 12.6548751953125
398.0 10.30756826171875
399.0 12.7244615234375
400.0 12.304683984375
401.0 10.73523720703125
402.0 12.5967705078125
403.0 13.19584033203125
404.0 11.73412158203125
405.0 12.22106474609375
406.0 13.8252552734375
407.0 14.087221875
408.0 13.05301953125
409.0 14.0613248046875
410.0 13.7352533203125
411.0 13.21646572265625
412.0 13.15052001953125
413.0 13.6299625
414.0 11.5587349609375
415.0 13.69311640625
416.0 14.2652767578125
417.0 11.863365234375
418.0 13.2287681640625
419.0 12.814378125
420.0 13.32339130859375
421.0 12.26438388671875
422.0 12.9185408203125
423.0 13.38479189453125
424.0 13.307996484375
425.0 6.472778515625
426.0 13.0270130859375
427.0 13.8538720703125
428.0 13.55128662109375
429.0 12.4220876953125
430.0 12.57208525390625
431.0 13.14490224609375
432.0 12.88770537109375
433.0 12.01696337890625
434.0 12.88001474609375
435.0 12.1333109375
436.0 11.8758349609375
437.0 13.38824189453125
438.0 7.44284423828125
439.0 10.32430849609375
440.0 7.33986318359375
441.0 12.27219521484375
442.0 8.3986390625
443.0 4.6126033203125
444.0 8.09768125
445.0 0.36364111328125
446.0 5.187628515625
447.0 15.20438212890625
448.0 8.8865431640625
449.0 7.3957232421875
450.0 11.1619173828125
451.0 10.17115068359375
452.0 12.81404697265625
453.0 12.23330703125
454.0 11.848925390625
455.0 13.7531107421875
456.0 11.52958818359375
457.0 11.69738876953125
458.0 11.3346849609375
459.0 11.0011037109375
460.0 10.99309404296875
461.0 10.3802208984375
462.0 11.39954462890625
463.0 6.8159603515625
464.0 11.59553603515625
465.0 11.0859697265625
466.0 13.0975189453125
467.0 12.40488037109375
468.0 12.4442947265625
469.0 12.8160408203125
470.0 11.07145654296875
471.0 8.20292119140625
472.0 10.24846044921875
473.0 11.7630421875
474.0 6.45878095703125
475.0 10.1404248046875
476.0 14.873902734375
477.0 2.7715265625
478.0 0.496959765625
479.0 36.265316796875
480.0 13.99204619140625
481.0 14.05367099609375
482.0 12.2295130859375
483.0 11.6980234375
484.0 12.2735142578125
485.0 11.860221875
486.0 12.68029990234375
487.0 12.571804296875
488.0 13.2797923828125
489.0 10.54278154296875
490.0 10.72496142578125
491.0 11.27915322265625
492.0 11.27963984375
493.0 10.10556455078125
494.0 3.815383984375
495.0 0.18552685546875
496.0 0.17476318359375
497.0 3.04342294921875
498.0 10.31028125
499.0 11.84291376953125
500.0 11.52473125
501.0 11.561893359375
502.0 10.16052587890625
503.0 11.4571154296875
504.0 12.460271875
505.0 5.575498046875
506.0 7.087189453125
507.0 8.32273193359375
508.0 11.56476728515625
509.0 9.63416455078125
510.0 8.54952080078125
511.0 13.80687919921875
512.0 12.86425400390625
513.0 14.20763701171875
514.0 9.6609146484375
515.0 11.39483623046875
516.0 14.55122666015625
517.0 12.69564765625
518.0 15.44060546875
519.0 13.30202529296875
520.0 7.5097375
521.0 9.468710546875
522.0 14.50991123046875
523.0 12.9724287109375
524.0 12.75068369140625
525.0 10.15717021484375
526.0 5.16476513671875
527.0 10.92314033203125
528.0 10.56242958984375
529.0 13.7978607421875
530.0 4.44081259765625
531.0 0.0
532.0 0.0
533.0 28.45915478515625
534.0 13.54586806640625
535.0 9.7795986328125
536.0 10.467055078125
537.0 9.85317890625
538.0 15.58421640625
539.0 14.0666119140625
540.0 12.3767984375
541.0 8.660099609375
542.0 13.02311259765625
543.0 9.29298466796875
544.0 11.96312578125
545.0 15.38564501953125
546.0 7.34033095703125
547.0 12.5565498046875
548.0 13.65535078125
549.0 12.98897470703125
550.0 15.22876875
551.0 9.97017568359375
552.0 14.132145703125
553.0 15.35866650390625
554.0 13.454462890625
555.0 13.52706484375
556.0 12.99337421875
557.0 13.6248591796875
558.0 12.9140705078125
559.0 14.6636009765625
560.0 14.35978037109375
561.0 8.40535576171875
562.0 14.31256875
563.0 14.4667353515625
564.0 13.16031044921875
565.0 15.276798828125
566.0 11.50004619140625
567.0 15.69354033203125
568.0 14.18973232421875
569.0 15.6862345703125
570.0 15.43571171875
571.0 9.8144625
572.0 16.14899609375
573.0 12.66041435546875
574.0 12.395587890625
575.0 12.9102345703125
576.0 10.1694453125
577.0 15.09539443359375
578.0 11.87734814453125
579.0 15.54946181640625
580.0 10.13005576171875
581.0 14.99693876953125
582.0 12.89287666015625
583.0 16.37117197265625
584.0 15.45424775390625
585.0 12.23226572265625
586.0 12.96078515625
587.0 5.437115625
588.0 14.1067294921875
589.0 14.113248046875
590.0 12.64463193359375
591.0 6.0915021484375
592.0 5.2586533203125
593.0 14.2895732421875
594.0 15.003869140625
595.0 13.70995419921875
596.0 12.9709708984375
597.0 7.748881640625
598.0 8.17734208984375
599.0 12.96969580078125
600.0 12.52145966796875
601.0 8.0587751953125
602.0 6.24115380859375
603.0 13.3266615234375
604.0 13.78763173828125
605.0 11.8712482421875
606.0 4.59284033203125
607.0 9.04470244140625
608.0 13.7269685546875
609.0 11.29616865234375
610.0 7.184624609375
611.0 9.659839453125
612.0 14.3339873046875
613.0 12.7291919921875
614.0 10.02552666015625
615.0 11.94931630859375
616.0 14.3819431640625
617.0 11.88535166015625
618.0 10.73173740234375
619.0 10.036790234375
620.0 12.25237998046875
621.0 13.8269689453125
622.0 8.2177958984375
623.0 13.917436328125
624.0 14.1164693359375
625.0 4.14059375
626.0 8.36277158203125
627.0 7.26698154296875
628.0 12.68225673828125
629.0 8.5667267578125
630.0 9.2930150390625
631.0 12.7571119140625
632.0 12.991208984375
633.0 14.5897423828125
634.0 8.060858203125
635.0 3.638566015625
636.0 5.15404013671875
637.0 10.60551611328125
638.0 15.3902599609375
639.0 12.014347265625
640.0 11.09240263671875
641.0 10.68991455078125
642.0 13.203390234375
643.0 12.5618619140625
644.0 13.25448701171875
645.0 4.67848720703125
646.0 9.50616962890625
647.0 11.23747236328125
648.0 13.81964931640625
649.0 15.93528857421875
650.0 12.37903505859375
651.0 0.89352470703125
652.0 10.8058509765625
653.0 11.48651064453125
654.0 10.1522826171875
655.0 11.3516015625
656.0 13.29631181640625
657.0 8.4176865234375
658.0 17.9114484375
659.0 13.020138671875
660.0 3.05364169921875
661.0 7.6632552734375
662.0 14.45604765625
663.0 9.19730361328125
664.0 8.42559404296875
665.0 8.14739228515625
666.0 13.58258056640625
667.0 12.00085458984375
668.0 7.1448099609375
669.0 10.7440373046875
670.0 2.8908345703125
671.0 9.8243533203125
672.0 9.45325556640625
673.0 7.77858818359375
674.0 10.9708029296875
675.0 5.26043671875
676.0 0.5758431640625
677.0 0.57940732421875
678.0 1.18459501953125
679.0 4.542596484375
680.0 2.449684375
681.0 6.8353341796875
682.0 9.0862251953125
683.0 6.2999947265625
684.0 10.23455625
685.0 11.7924294921875
686.0 5.616862890625
687.0 6.92798447265625
688.0 6.37202119140625
689.0 12.86603525390625
690.0 11.3754916015625
691.0 11.43803525390625
692.0 13.1787896484375
693.0 13.31984658203125
694.0 12.4708654296875
695.0 13.47164462890625
696.0 7.8992701171875
697.0 10.4220306640625
698.0 12.6264673828125
699.0 11.95039140625
700.0 12.2403787109375
701.0 8.2176611328125
702.0 11.10179970703125
703.0 11.313490625
704.0 12.56163623046875
705.0 7.6906576171875
706.0 7.3556986328125
707.0 12.60117392578125
708.0 9.65798662109375
709.0 12.2616443359375
710.0 11.47842041015625
711.0 5.69369130859375
712.0 11.82043154296875
713.0 10.4186287109375
714.0 13.5352609375
715.0 12.2454759765625
716.0 17.0180890625
717.0 6.59300546875
718.0 14.548236328125
719.0 13.0966201171875
720.0 14.90543505859375
721.0 15.77537138671875
722.0 8.53559052734375
723.0 13.4626486328125
724.0 11.38239833984375
725.0 12.7340197265625
726.0 13.87192021484375
727.0 10.181619140625
728.0 13.81630537109375
729.0 12.45676650390625
730.0 11.57247265625
731.0 11.46083173828125
732.0 13.76688505859375
733.0 8.3850583984375
734.0 10.55858623046875
735.0 9.46576630859375
736.0 9.18347578125
737.0 4.98269296875
738.0 7.7104814453125
739.0 13.51958720703125
740.0 12.41612197265625
741.0 12.19108876953125
742.0 11.2108921875
743.0 8.8890759765625
744.0 13.16487841796875
745.0 10.393198046875
746.0 11.4546646484375
747.0 6.457184375
748.0 13.16544443359375
749.0 12.78571865234375
750.0 11.72240048828125
751.0 14.89172724609375
752.0 14.8018814453125
753.0 9.1188015625
754.0 13.03044873046875
755.0 12.9929875
756.0 13.179568359375
757.0 11.40102548828125
758.0 9.60946025390625
759.0 11.54166005859375
760.0 9.482891015625
761.0 4.7885388671875
762.0 9.894706640625
763.0 6.05139130859375
764.0 12.143324609375
765.0 10.238462890625
766.0 12.8477462890625
767.0 12.372745703125
768.0 10.07372548828125
769.0 13.70811044921875
770.0 11.827521484375
771.0 13.53854755859375
772.0 12.1516474609375
773.0 5.83275361328125
774.0 13.57534150390625
775.0 12.85760537109375
776.0 12.18339169921875
777.0 11.29427421875
778.0 11.709196875
779.0 6.86035947265625
780.0 12.80131953125
781.0 11.5684771484375
782.0 13.03756318359375
783.0 11.7415849609375
784.0 5.99567529296875
785.0 10.42902978515625
786.0 10.78331953125
787.0 11.5474615234375
788.0 11.2480962890625
789.0 8.18272431640625
790.0 10.6138669921875
791.0 12.475944921875
792.0 11.841348046875
793.0 11.10039423828125
794.0 5.2327873046875
795.0 11.242275
796.0 11.95779013671875
797.0 8.1147701171875
798.0 12.932387890625
799.0 7.0781953125
