0.0 15.0896587890625
1.0 18.231808203125
2.0 11.15451435546875
3.0 10.9408453125
4.0 9.1394943359375
5.0 7.2137640625
6.0 7.7445205078125
7.0 5.8271119140625
8.0 15.32171591796875
9.0 17.8443544921875
10.0 17.6456408203125
11.0 17.0076498046875
12.0 18.19874091796875
13.0 15.0743607421875
14.0 10.58523212890625
15.0 9.09389609375
16.0 18.150603125
17.0 15.917626953125
18.0 2.1182626953125
19.0 15.468048046875
20.0 18.9438318359375
21.0 14.57785263671875
22.0 18.2012658203125
23.0 20.67192216796875
24.0 17.39662431640625
25.0 8.29324716796875
26.0 20.81298212890625
27.0 20.2867767578125
28.0 17.27555791015625
29.0 20.54784150390625
30.0 13.89326640625
31.0 7.882502734375
32.0 10.09850146484375
33.0 16.23002666015625
34.0 10.0437017578125
35.0 20.2275033203125
36.0 16.09901220703125
37.0 16.04662060546875
38.0 25.03133447265625
39.0 19.91102158203125
40.0 23.27378828125
41.0 21.0652607421875
42.0 17.2038693359375
43.0 18.53967763671875
44.0 20.058655859375
45.0 19.2387359375
46.0 22.5339439453125
47.0 13.33947529296875
48.0 12.2038353515625
49.0 20.32821279296875
50.0 21.53918427734375
51.0 20.86308369140625
52.0 17.3394658203125
53.0 22.69370205078125
54.0 20.21069775390625
55.0 21.5184232421875
56.0 20.62193798828125
57.0 21.01654736328125
58.0 23.2592294921875
59.0 23.781994921875
60.0 21.60558193359375
61.0 23.421008203125
62.0 20.5586275390625
63.0 22.65105927734375
64.0 20.68793408203125
65.0 23.19711982421875
66.0 23.56091259765625
67.0 21.00318046875
68.0 24.17823525390625
69.0 19.227755078125
70.0 24.0054490234375
71.0 23.97721669921875
72.0 21.4037412109375
73.0 21.32353037109375
74.0 20.27909892578125
75.0 23.2268251953125
76.0 20.88456328125
77.0 19.64254990234375
78.0 18.316633203125
79.0 18.70473056640625
80.0 22.5271353515625
81.0 20.982256640625
82.0 23.59474091796875
83.0 23.72065546875
84.0 21.740690625
85.0 22.16662314453125
86.0 21.510030078125
87.0 24.37579755859375
88.0 19.86743974609375
89.0 23.4661974609375
90.0 24.5459994140625
91.0 21.4414482421875
92.0 24.0188603515625
93.0 22.97186865234375
94.0 21.71516513671875
95.0 23.71963095703125
96.0 23.38753466796875
97.0 21.73929873046875
98.0 22.032265625
99.0 21.906216015625
100.0 24.04989482421875
101.0 23.67304306640625
102.0 20.45117421875
103.0 23.715822265625
104.0 19.91368154296875
105.0 22.679736328125
106.0 19.96677275390625
107.0 24.110366796875
108.0 21.71326416015625
109.0 24.05340556640625
110.0 21.83374130859375
111.0 23.31635224609375
112.0 22.55049423828125
113.0 18.579733203125
114.0 18.60055078125
115.0 24.72120380859375
116.0 23.1769763671875
117.0 19.6557576171875
118.0 21.3204888671875
119.0 22.6289091796875
120.0 20.94534609375
121.0 20.0071291015625
122.0 23.0172197265625
123.0 21.94744267578125
124.0 22.24501298828125
125.0 21.24572958984375
126.0 20.86534248046875
127.0 23.72497978515625
128.0 23.64397373046875
129.0 21.655594140625
130.0 23.81524912109375
131.0 17.370738671875
132.0 7.31384443359375
133.0 14.79796357421875
134.0 21.3317064453125
135.0 16.0399439453125
136.0 24.8129427734375
137.0 19.43718759765625
138.0 23.79953515625
139.0 21.4604607421875
140.0 22.965891796875
141.0 21.79910693359375
142.0 24.26041044921875
143.0 24.18679150390625
144.0 21.1820619140625
145.0 24.5873830078125
146.0 22.2354544921875
147.0 24.81146923828125
148.0 23.50375966796875
149.0 23.251803515625
150.0 22.7580759765625
151.0 25.210754296875
152.0 24.97820048828125
153.0 22.54253369140625
154.0 25.52117919921875
155.0 22.3284830078125
156.0 24.15137978515625
157.0 22.08611767578125
158.0 23.5827462890625
159.0 20.8469095703125
160.0 18.6947171875
161.0 23.28028203125
162.0 18.77696572265625
163.0 18.79790458984375
164.0 25.24449814453125
165.0 23.31467001953125
166.0 25.2177955078125
167.0 22.28595859375
168.0 23.2547703125
169.0 20.92767314453125
170.0 24.8626109375
171.0 22.396040625
172.0 25.58590302734375
173.0 22.822809765625
174.0 23.00122861328125
175.0 22.63936640625
176.0 16.20316845703125
177.0 16.5376712890625
178.0 19.44210537109375
179.0 12.66484462890625
180.0 20.9350751953125
181.0 14.55600146484375
182.0 15.82484873046875
183.0 24.845878515625
184.0 20.1042509765625
185.0 20.5477314453125
186.0 9.88220478515625
187.0 13.83929765625
188.0 5.50729814453125
189.0 0.39623251953125
190.0 0.25020595703125
191.0 7.001084375
192.0 9.56875947265625
193.0 18.1113986328125
194.0 16.4409423828125
195.0 21.01082724609375
196.0 15.54701474609375
197.0 21.11795634765625
198.0 16.6707740234375
199.0 21.41134794921875
200.0 22.54794306640625
201.0 20.0158939453125
202.0 23.51807353515625
203.0 18.5199685546875
204.0 16.9233720703125
205.0 18.60523681640625
206.0 22.8255634765625
207.0 23.62762236328125
208.0 21.29575908203125
209.0 24.2019798828125
210.0 18.10829619140625
211.0 19.99532255859375
212.0 21.3276365234375
213.0 20.28396826171875
214.0 23.0282712890625
215.0 20.04714130859375
216.0 21.7398220703125
217.0 17.38175947265625
218.0 22.5817759765625
219.0 23.29240673828125
220.0 22.00607275390625
221.0 16.68014453125
222.0 32.17204765625
223.0 15.52274638671875
224.0 5.4830244140625
225.0 5.8228607421875
226.0 5.07022841796875
227.0 10.3033408203125
228.0 13.97131171875
229.0 11.7377375
230.0 15.30249326171875
231.0 1.9256716796875
232.0 12.6786630859375
233.0 11.76220078125
234.0 12.034373828125
235.0 9.91371708984375
236.0 10.1356880859375
237.0 18.2524166015625
238.0 22.57259619140625
239.0 16.22266591796875
240.0 20.9139728515625
241.0 18.16063798828125
242.0 17.48209140625
243.0 20.7403365234375
244.0 22.59699111328125
245.0 20.64000166015625
246.0 21.97794619140625
247.0 17.77236923828125
248.0 23.2830650390625
249.0 17.5645205078125
250.0 20.09479658203125
251.0 14.7961107421875
252.0 5.01483486328125
253.0 37.7967126953125
254.0 17.1778607421875
255.0 17.418759375
256.0 21.3980462890625
257.0 22.9105765625
258.0 22.37135185546875
259.0 24.712823828125
260.0 17.36686982421875
261.0 27.121792578125
262.0 18.4140681640625
263.0 19.16671806640625
264.0 23.17139033203125
265.0 22.9040451171875
266.0 20.27343681640625
267.0 22.5456876953125
268.0 20.39361044921875
269.0 20.05976318359375
270.0 14.10896005859375
271.0 28.38820615234375
272.0 20.737909375
273.0 23.31570478515625
274.0 19.49872431640625
275.0 23.084878515625
276.0 21.6624705078125
277.0 6.00600009765625
278.0 8.8046384765625
279.0 8.1048916015625
280.0 13.06644306640625
281.0 4.1624013671875
282.0 1.8104375
283.0 5.81968310546875
284.0 11.76906328125
285.0 14.5203935546875
286.0 13.62102763671875
287.0 20.9200392578125
288.0 20.0302611328125
289.0 3.2238416015625
290.0 0.90685654296875
291.0 2.336862109375
292.0 15.6271650390625
293.0 20.24338017578125
294.0 9.9396763671875
295.0 17.094026171875
296.0 17.118323828125
297.0 23.66545859375
298.0 22.5859369140625
299.0 17.34568916015625
300.0 21.84920712890625
301.0 18.81132998046875
302.0 22.771973828125
303.0 22.35080283203125
304.0 24.82321083984375
305.0 21.72873583984375
306.0 24.4325814453125
307.0 24.55071875
308.0 22.792946484375
309.0 23.161787109375
310.0 17.58479560546875
311.0 25.20766865234375
312.0 7.68067705078125
313.0 37.40906435546875
314.0 24.86220185546875
315.0 20.0530107421875
316.0 24.373058984375
317.0 25.0005259765625
318.0 22.53183486328125
319.0 24.6993908203125
320.0 21.61346533203125
321.0 24.24039775390625
322.0 22.174428125
323.0 24.45375439453125
324.0 25.1826015625
325.0 21.86328662109375
326.0 22.25157880859375
327.0 23.1365166015625
328.0 24.167776953125
329.0 22.2319986328125
330.0 24.80846015625
331.0 20.0996701171875
332.0 20.26979423828125
333.0 21.09472060546875
334.0 20.473183203125
335.0 23.69548173828125
336.0 23.29755283203125
337.0 21.26589794921875
338.0 24.92059638671875
339.0 22.55816533203125
340.0 24.9549568359375
341.0 21.49953408203125
342.0 24.16814013671875
343.0 21.89472451171875
344.0 24.36657353515625
345.0 24.40443681640625
346.0 21.49121513671875
347.0 20.31032470703125
348.0 21.25903623046875
349.0 24.86629140625
350.0 21.6019111328125
351.0 23.9985443359375
352.0 24.34585595703125
353.0 20.55839375
354.0 16.5574291015625
355.0 22.1585611328125
356.0 21.46588671875
357.0 23.89112529296875
358.0 23.46385029296875
359.0 21.10835244140625
360.0 22.3339064453125
361.0 24.95121630859375
362.0 22.19877509765625
363.0 17.5834455078125
364.0 22.3213169921875
365.0 20.568606640625
366.0 24.0245642578125
367.0 16.772118359375
368.0 21.80009609375
369.0 29.99274677734375
370.0 22.08075400390625
371.0 24.22080751953125
372.0 24.25430556640625
373.0 21.23170263671875
374.0 24.22266376953125
375.0 20.57095771484375
376.0 21.71599033203125
377.0 22.55250859375
378.0 23.40241435546875
379.0 25.13566708984375
380.0 21.98271220703125
381.0 24.55003037109375
382.0 21.37774013671875
383.0 21.59333671875
384.0 24.7900896484375
385.0 23.698733203125
386.0 22.1292865234375
387.0 24.7962330078125
388.0 21.413644140625
389.0 23.86490927734375
390.0 25.1900685546875
391.0 15.9875427734375
392.0 24.6207244140625
393.0 22.80641015625
394.0 23.69725791015625
395.0 22.46211572265625
396.0 23.9726994140625
397.0 25.2443794921875
398.0 20.57792900390625
399.0 18.85866171875
400.0 24.1140751953125
401.0 23.8946833984375
402.0 21.16179267578125
403.0 23.70065986328125
404.0 20.32855732421875
405.0 23.35473876953125
406.0 21.8790373046875
407.0 22.60230791015625
408.0 20.69212001953125
409.0 21.3552173828125
410.0 23.78864892578125
411.0 24.321925
412.0 19.685675
413.0 20.11582041015625
414.0 19.02117265625
415.0 25.2482236328125
416.0 23.5537798828125
417.0 21.55647900390625
418.0 22.7992439453125
419.0 22.781668359375
420.0 21.5038837890625
421.0 24.54208720703125
422.0 21.6157935546875
423.0 22.5118322265625
424.0 13.67497412109375
425.0 11.86247431640625
426.0 24.63670986328125
427.0 23.84018046875
428.0 23.81174765625
429.0 21.6664484375
430.0 23.027428125
431.0 24.9222693359375
432.0 24.7543505859375
433.0 20.9810201171875
434.0 20.5972525390625
435.0 22.722130859375
436.0 22.0790755859375
437.0 14.3091267578125
438.0 30.36512236328125
439.0 15.79669150390625
440.0 13.5048865234375
441.0 18.41004580078125
442.0 18.40422109375
443.0 17.07736171875
444.0 14.288781640625
445.0 21.41693408203125
446.0 20.54942958984375
447.0 18.238108984375
448.0 17.19330068359375
449.0 9.54449912109375
450.0 15.2549744140625
451.0 19.2599361328125
452.0 11.0993169921875
453.0 24.04179833984375
454.0 18.27014599609375
455.0 16.0928328125
456.0 17.5104890625
457.0 20.51989482421875
458.0 23.03427783203125
459.0 23.09098671875
460.0 21.71684033203125
461.0 16.6769265625
462.0 20.28341201171875
463.0 22.02400205078125
464.0 14.07032666015625
465.0 21.137425390625
466.0 21.47533203125
467.0 23.31303271484375
468.0 21.429441796875
469.0 23.34617802734375
470.0 2.15943759765625
471.0 36.69922734375
472.0 24.39930302734375
473.0 21.8515673828125
474.0 22.27291162109375
475.0 20.78103466796875
476.0 23.43246982421875
477.0 22.7541212890625
478.0 21.35271875
479.0 19.66289658203125
480.0 23.45678681640625
481.0 20.1520998046875
482.0 22.60706513671875
483.0 21.12766904296875
484.0 19.2932837890625
485.0 20.8744470703125
486.0 21.93555361328125
487.0 22.71480771484375
488.0 20.75483837890625
489.0 22.37259853515625
490.0 22.11890439453125
491.0 21.20135732421875
492.0 18.8033130859375
493.0 15.923109375
494.0 16.907500390625
495.0 15.629998828125
496.0 19.86811455078125
497.0 20.76107294921875
498.0 22.56724892578125
499.0 21.19413857421875
500.0 21.322935546875
501.0 22.11821376953125
502.0 20.92005498046875
503.0 24.092626953125
504.0 21.28663330078125
505.0 22.07884228515625
506.0 17.638944921875
507.0 20.96094365234375
508.0 22.50977158203125
509.0 21.7036853515625
510.0 21.1316728515625
511.0 22.5118875
512.0 20.16340849609375
513.0 23.2248822265625
514.0 23.45444521484375
515.0 21.74282822265625
516.0 23.61461318359375
517.0 21.2898998046875
518.0 24.0458935546875
519.0 21.6900052734375
520.0 22.74621923828125
521.0 19.894734765625
522.0 17.06972587890625
523.0 24.7246015625
524.0 20.4109443359375
525.0 23.7919578125
526.0 20.2538154296875
527.0 19.12563095703125
528.0 20.57661455078125
529.0 21.1233869140625
530.0 21.59073583984375
531.0 14.1847451171875
532.0 24.268737890625
533.0 17.71701640625
534.0 20.48523671875
535.0 3.169886328125
536.0 20.202067578125
537.0 20.8210216796875
538.0 21.601303515625
539.0 21.4352548828125
540.0 20.20510498046875
541.0 20.96734619140625
542.0 24.10061640625
543.0 21.46231201171875
544.0 22.35452919921875
545.0 23.60913359375
546.0 18.3563015625
547.0 23.14615634765625
548.0 21.94250546875
549.0 24.77471474609375
550.0 22.01332607421875
551.0 24.70962412109375
552.0 22.79904609375
553.0 18.015773828125
554.0 24.26638447265625
555.0 21.44236787109375
556.0 23.47717314453125
557.0 23.58420107421875
558.0 21.64052568359375
559.0 24.35435546875
560.0 21.7850716796875
561.0 22.1604216796875
562.0 21.4997103515625
563.0 22.02208740234375
564.0 21.98065126953125
565.0 24.14678935546875
566.0 21.23710615234375
567.0 23.1081763671875
568.0 24.6054302734375
569.0 22.1716177734375
570.0 24.418991015625
571.0 21.832051953125
572.0 24.6014970703125
573.0 22.57706162109375
574.0 25.33365361328125
575.0 21.77948212890625
576.0 24.6307244140625
577.0 23.35137119140625
578.0 20.82510419921875
579.0 13.44910390625
580.0 20.31278486328125
581.0 20.30488544921875
582.0 22.52422607421875
583.0 21.17376259765625
584.0 23.27577724609375
585.0 20.55806220703125
586.0 23.50625068359375
587.0 23.0264681640625
588.0 20.7498482421875
589.0 20.158583203125
590.0 22.7303115234375
591.0 19.03076845703125
592.0 21.65089541015625
593.0 23.989315234375
594.0 24.07642421875
595.0 21.279490234375
596.0 22.53560185546875
597.0 21.1849369140625
598.0 24.649791796875
599.0 23.0831326171875
600.0 23.9931751953125
601.0 24.180822265625
602.0 20.12683486328125
603.0 24.0640345703125
604.0 22.4084677734375
605.0 25.21973291015625
606.0 21.19340380859375
607.0 22.6547056640625
608.0 22.07137412109375
609.0 20.341249609375
610.0 22.32492529296875
611.0 19.117594140625
612.0 27.19195712890625
613.0 21.167399609375
614.0 25.4101212890625
615.0 24.35228994140625
616.0 21.18259033203125
617.0 25.0833087890625
618.0 22.031243359375
619.0 23.57614384765625
620.0 23.1621869140625
621.0 22.29895556640625
622.0 21.987257421875
623.0 24.8753845703125
624.0 24.03214560546875
625.0 22.628692578125
626.0 22.42500732421875
627.0 21.74272392578125
628.0 23.95248037109375
629.0 21.21013935546875
630.0 19.59584052734375
631.0 16.7447681640625
632.0 21.41108876953125
633.0 23.6243916015625
634.0 19.50717802734375
635.0 19.254724609375
636.0 21.49587255859375
637.0 24.23579833984375
638.0 22.38475576171875
639.0 23.60992998046875
640.0 16.401472265625
641.0 27.96414208984375
642.0 23.439822265625
643.0 21.56606328125
644.0 24.1669810546875
645.0 21.9345669921875
646.0 25.0170169921875
647.0 24.4239904296875
648.0 21.02938720703125
649.0 21.0578771484375
650.0 21.19821640625
651.0 21.88561630859375
652.0 24.68889091796875
653.0 21.7102908203125
654.0 24.38983330078125
655.0 21.2914115234375
656.0 23.572526171875
657.0 24.94680009765625
658.0 21.7552763671875
659.0 21.3343029296875
660.0 20.79838359375
661.0 22.0468615234375
662.0 24.1543943359375
663.0 23.65173935546875
664.0 21.889101953125
665.0 24.55622236328125
666.0 21.31739404296875
667.0 19.2800685546875
668.0 17.87497353515625
669.0 23.4025966796875
670.0 21.56512001953125
671.0 19.3848478515625
672.0 28.8653029296875
673.0 22.01931748046875
674.0 22.5739833984375
675.0 22.08227080078125
676.0 24.21953154296875
677.0 19.8748134765625
678.0 27.59387607421875
679.0 22.5979216796875
680.0 24.81283359375
681.0 22.73112705078125
682.0 24.78493984375
683.0 16.35518212890625
684.0 28.6068556640625
685.0 23.1358361328125
686.0 21.59823720703125
687.0 21.34914609375
688.0 9.93816064453125
689.0 28.22470068359375
690.0 28.72989580078125
691.0 19.83937119140625
692.0 23.32741640625
693.0 21.89786357421875
694.0 25.20505166015625
695.0 21.42716611328125
696.0 24.2617896484375
697.0 23.68669541015625
698.0 20.9622220703125
699.0 24.62342353515625
700.0 10.7453212890625
701.0 25.3866642578125
702.0 21.726895703125
703.0 23.23209287109375
704.0 21.992998046875
705.0 23.48632900390625
706.0 21.51314951171875
707.0 20.42240458984375
708.0 24.7241888671875
709.0 22.14683388671875
710.0 25.55764853515625
711.0 21.68301533203125
712.0 22.24111123046875
713.0 25.3129107421875
714.0 23.19330478515625
715.0 21.36338896484375
716.0 22.907549609375
717.0 25.1576556640625
718.0 22.64253505859375
719.0 25.36042978515625
720.0 22.6426111328125
721.0 24.69635751953125
722.0 20.4279408203125
723.0 22.48677705078125
724.0 22.92787421875
725.0 22.8488423828125
726.0 25.60038779296875
727.0 26.0189072265625
728.0 21.805804296875
729.0 23.36801240234375
730.0 22.04138662109375
731.0 22.48103955078125
732.0 18.06671015625
733.0 28.45530029296875
734.0 25.68799892578125
735.0 19.86640478515625
736.0 20.3421787109375
737.0 20.74977998046875
738.0 9.28803603515625
739.0 13.7844458984375
740.0 14.91421259765625
741.0 13.018751953125
742.0 10.90530205078125
743.0 17.252790234375
744.0 14.91382861328125
745.0 9.267105859375
746.0 5.71446953125
747.0 13.294271875
748.0 4.46719599609375
749.0 0.05200205078125
750.0 15.68219521484375
751.0 7.41271298828125
752.0 12.72744111328125
753.0 5.8786158203125
754.0 5.88381923828125
755.0 13.6971044921875
756.0 19.53162822265625
757.0 4.01783515625
758.0 20.89701123046875
759.0 6.31677783203125
760.0 4.9469140625
761.0 0.441034765625
762.0 11.61122470703125
763.0 12.6026640625
764.0 1.0888685546875
765.0 1.24034892578125
766.0 2.55491083984375
767.0 1.6050927734375
768.0 3.2604599609375
769.0 1.7415916015625
770.0 1.05153876953125
771.0 0.5549759765625
772.0 0.93778994140625
773.0 2.765145703125
774.0 16.51669541015625
775.0 18.15880078125
776.0 15.2758248046875
777.0 14.4934568359375
778.0 22.89177822265625
779.0 22.15529765625
780.0 20.83889345703125
781.0 23.5613724609375
782.0 20.4729515625
783.0 22.83861083984375
784.0 21.69634365234375
785.0 21.40533837890625
786.0 25.48837685546875
787.0 25.3601548828125
788.0 23.27209140625
789.0 25.131823046875
790.0 23.01056591796875
791.0 17.363682421875
792.0 30.27917646484375
793.0 22.8327595703125
794.0 23.47861064453125
795.0 26.2847447265625
796.0 23.00265859375
797.0 24.6218515625
798.0 21.9405654296875
799.0 23.69410859375
