0.0 27.9954685546875
1.0 26.11248154296875
2.0 26.999437109375
3.0 19.03714462890625
4.0 31.5083654296875
5.0 27.03045283203125
6.0 23.37002646484375
7.0 27.3618296875
8.0 22.8710904296875
9.0 26.17531865234375
10.0 26.47552041015625
11.0 25.343351171875
12.0 26.1201669921875
13.0 20.64417060546875
14.0 25.7343734375
15.0 23.10603759765625
16.0 25.2844673828125
17.0 23.1445322265625
18.0 24.65067783203125
19.0 24.77824658203125
20.0 22.32745859375
21.0 26.56326201171875
22.0 22.87073330078125
23.0 26.11024814453125
24.0 20.9407650390625
25.0 22.539176171875
26.0 19.76487255859375
27.0 24.24969794921875
28.0 20.51527294921875
29.0 23.3178384765625
30.0 22.15716044921875
31.0 22.50297978515625
32.0 21.79386591796875
33.0 15.56110390625
34.0 30.88886220703125
35.0 24.2069966796875
36.0 26.06674189453125
37.0 22.955362890625
38.0 22.20564521484375
39.0 25.849564453125
40.0 25.90093076171875
41.0 23.93460693359375
42.0 24.839528125
43.0 22.11183154296875
44.0 24.74680166015625
45.0 23.6115341796875
46.0 26.7844857421875
47.0 24.3995734375
48.0 25.92727890625
49.0 24.22062685546875
50.0 26.53094873046875
51.0 25.12016298828125
52.0 27.16359892578125
53.0 22.38637578125
54.0 26.98202314453125
55.0 25.6290552734375
56.0 25.18157255859375
57.0 27.5327984375
58.0 25.54068642578125
59.0 24.8629111328125
60.0 27.1328439453125
61.0 25.452030078125
62.0 27.67287119140625
63.0 25.2706451171875
64.0 25.103519921875
65.0 23.07573642578125
66.0 25.73270791015625
67.0 24.8627607421875
68.0 27.2490607421875
69.0 24.52780361328125
70.0 27.76736865234375
71.0 25.4034158203125
72.0 25.8057640625
73.0 24.55300380859375
74.0 27.40674091796875
75.0 20.38950234375
76.0 24.7189884765625
77.0 23.995886328125
78.0 25.9708916015625
79.0 19.66547705078125
80.0 25.89947548828125
81.0 24.0575833984375
82.0 24.02260068359375
83.0 20.04440048828125
84.0 17.82830048828125
85.0 27.4291216796875
86.0 22.04973603515625
87.0 24.95546455078125
88.0 25.116396875
89.0 18.1425412109375
90.0 22.48972666015625
91.0 23.119103515625
92.0 22.9658380859375
93.0 26.64435078125
94.0 22.20800751953125
95.0 25.5026671875
96.0 24.10606669921875
97.0 25.99541435546875
98.0 21.4656169921875
99.0 22.88393701171875
100.0 20.27259794921875
101.0 25.541033984375
102.0 22.594968359375
103.0 21.53523125
104.0 23.40051708984375
105.0 21.95250673828125
106.0 25.230662109375
107.0 24.6189486328125
108.0 20.2808611328125
109.0 19.76556015625
110.0 21.48994697265625
111.0 25.5915390625
112.0 22.79224365234375
113.0 26.09297646484375
114.0 19.43630537109375
115.0 23.39042451171875
116.0 25.83738291015625
117.0 22.6850951171875
118.0 23.62465576171875
119.0 21.85578818359375
120.0 25.21275068359375
121.0 22.9412669921875
122.0 25.19161298828125
123.0 22.31655498046875
124.0 22.4357166015625
125.0 20.24955419921875
126.0 22.55383466796875
127.0 22.1451404296875
128.0 24.21336337890625
129.0 22.62447080078125
130.0 25.078887890625
131.0 22.45000341796875
132.0 21.79835009765625
133.0 20.2408123046875
134.0 23.97106298828125
135.0 24.11408017578125
136.0 23.12014267578125
137.0 25.10699013671875
138.0 21.818
139.0 27.63587041015625
140.0 20.87056455078125
141.0 26.12830712890625
142.0 25.1127998046875
143.0 26.2420494140625
144.0 23.40228173828125
145.0 25.59135537109375
146.0 23.8654302734375
147.0 21.377071875
148.0 24.50453798828125
149.0 19.18638046875
150.0 20.66396669921875
151.0 21.9059310546875
152.0 25.71480361328125
153.0 28.51027490234375
154.0 20.1616470703125
155.0 32.86569365234375
156.0 24.268513671875
157.0 27.00299970703125
158.0 21.656253515625
159.0 20.55828486328125
160.0 24.4599021484375
161.0 21.0349640625
162.0 24.99313984375
163.0 19.5979017578125
164.0 20.2419154296875
165.0 22.31805810546875
166.0 23.07971123046875
167.0 23.83892177734375
168.0 25.89884853515625
169.0 21.9659318359375
170.0 24.3751615234375
171.0 19.73829384765625
172.0 25.59350908203125
173.0 23.0992421875
174.0 26.3666302734375
175.0 23.981601171875
176.0 25.67730478515625
177.0 22.0672375
178.0 23.70093583984375
179.0 25.10028447265625
180.0 22.08406865234375
181.0 25.13331572265625
182.0 22.52491904296875
183.0 24.16702890625
184.0 24.65775576171875
185.0 26.54621171875
186.0 24.13006630859375
187.0 26.95638154296875
188.0 24.7344109375
189.0 27.2688658203125
190.0 22.70559716796875
191.0 21.1814669921875
192.0 25.120095703125
193.0 23.0857271484375
194.0 20.07077861328125
195.0 28.28058740234375
196.0 22.78808310546875
197.0 22.9415837890625
198.0 24.80437939453125
199.0 25.84933037109375
200.0 22.9589646484375
201.0 24.87265546875
202.0 20.64601396484375
203.0 23.2757923828125
204.0 25.26079384765625
205.0 22.822950390625
206.0 26.42979150390625
207.0 24.340780078125
208.0 24.390352734375
209.0 23.68268056640625
210.0 27.0200365234375
211.0 24.68599970703125
212.0 25.87781787109375
213.0 23.96031435546875
214.0 25.53799814453125
215.0 24.11035263671875
216.0 26.06414267578125
217.0 24.29608896484375
218.0 24.8400587890625
219.0 28.31638857421875
220.0 23.86051201171875
221.0 27.0348685546875
222.0 24.49106787109375
223.0 26.00193388671875
224.0 16.75115166015625
225.0 30.75620439453125
226.0 25.861715234375
227.0 19.67401953125
228.0 25.1154419921875
229.0 24.06095078125
230.0 27.55518232421875
231.0 25.1660064453125
232.0 25.53117861328125
233.0 22.00909443359375
234.0 23.93148779296875
235.0 24.32671337890625
236.0 27.21318935546875
237.0 24.1912685546875
238.0 28.03228076171875
239.0 25.0867078125
240.0 27.1020791015625
241.0 24.39146025390625
242.0 24.278986328125
243.0 24.55716064453125
244.0 25.61999970703125
245.0 27.63665322265625
246.0 25.85889384765625
247.0 26.1981806640625
248.0 23.86764609375
249.0 24.0142806640625
250.0 21.015710546875
251.0 26.77369501953125
252.0 22.58172529296875
253.0 25.023646875
254.0 24.15196611328125
255.0 27.315524609375
256.0 22.05575732421875
257.0 28.76127880859375
258.0 25.94705615234375
259.0 26.358973828125
260.0 25.13360439453125
261.0 21.0635126953125
262.0 30.77049931640625
263.0 16.32850400390625
264.0 32.71554013671875
265.0 24.8128400390625
266.0 25.8307892578125
267.0 23.2840603515625
268.0 26.72445009765625
269.0 25.1032693359375
270.0 17.598320703125
271.0 26.7215765625
272.0 24.07504814453125
273.0 25.70850224609375
274.0 23.2782666015625
275.0 24.98599296875
276.0 23.87955546875
277.0 22.5152412109375
278.0 24.2723490234375
279.0 25.600693359375
280.0 26.7835111328125
281.0 22.660156640625
282.0 26.01455908203125
283.0 22.8721166015625
284.0 24.58193544921875
285.0 22.26147822265625
286.0 19.081357421875
287.0 30.82111064453125
288.0 25.84233095703125
289.0 22.15286298828125
290.0 23.798534375
291.0 27.05701328125
292.0 23.310360546875
293.0 24.3975814453125
294.0 27.75571181640625
295.0 24.391390625
296.0 21.9437888671875
297.0 25.59404443359375
298.0 22.565163671875
299.0 24.7732859375
300.0 22.5507189453125
301.0 23.37594716796875
302.0 22.51397431640625
303.0 25.61393251953125
304.0 22.88264833984375
305.0 26.50258505859375
306.0 25.5511853515625
307.0 22.280607421875
308.0 25.480049609375
309.0 22.47962626953125
310.0 24.7721865234375
311.0 22.8989095703125
312.0 26.05799443359375
313.0 22.5398884765625
314.0 24.72042080078125
315.0 25.0417884765625
316.0 23.630162890625
317.0 25.4843173828125
318.0 22.6005810546875
319.0 24.47983408203125
320.0 22.16785478515625
321.0 24.82280029296875
322.0 19.94807548828125
323.0 26.17703505859375
324.0 24.86609482421875
325.0 25.41814345703125
326.0 25.59248818359375
327.0 23.012759765625
328.0 24.5897837890625
329.0 21.8796123046875
330.0 20.28348154296875
331.0 22.10202890625
332.0 25.57681279296875
333.0 24.6056109375
334.0 28.36802783203125
335.0 25.60648955078125
336.0 28.57061884765625
337.0 26.49168994140625
338.0 29.48278095703125
339.0 25.42711650390625
340.0 27.9519669921875
341.0 22.69463193359375
342.0 21.68171328125
343.0 20.06604765625
344.0 21.9673060546875
345.0 24.00793369140625
346.0 23.53901689453125
347.0 22.8941462890625
348.0 24.6367263671875
349.0 25.19863720703125
350.0 24.6542701171875
351.0 25.2899634765625
352.0 23.55046708984375
353.0 25.38259716796875
354.0 26.5283076171875
355.0 23.2302630859375
356.0 24.94991484375
357.0 24.522658203125
358.0 28.22427822265625
359.0 24.1160134765625
360.0 27.35695556640625
361.0 23.5839935546875
362.0 27.52218857421875
363.0 23.826162890625
364.0 26.53806806640625
365.0 24.500777734375
366.0 26.08535498046875
367.0 22.566119140625
368.0 26.9567275390625
369.0 24.73864365234375
370.0 18.7112484375
371.0 33.1954619140625
372.0 25.085146875
373.0 24.11843916015625
374.0 24.3475421875
375.0 26.56386884765625
376.0 25.46806103515625
377.0 26.1642107421875
378.0 23.195637109375
379.0 26.362036328125
380.0 22.97692587890625
381.0 27.17086650390625
382.0 26.11577802734375
383.0 25.4687984375
384.0 28.3730619140625
385.0 24.47916455078125
386.0 27.2071115234375
387.0 22.22200361328125
388.0 23.76322587890625
389.0 23.26199453125
390.0 25.33320986328125
391.0 24.57098447265625
392.0 28.732414453125
393.0 25.4667826171875
394.0 27.972340234375
395.0 24.3547748046875
396.0 27.6344306640625
397.0 23.98783916015625
398.0 17.96169375
399.0 24.48661953125
400.0 24.99983193359375
401.0 22.6890142578125
402.0 22.63798583984375
403.0 20.49993662109375
404.0 27.954383984375
405.0 23.9135544921875
406.0 28.6395853515625
407.0 24.35794287109375
408.0 28.09287099609375
409.0 26.0768759765625
410.0 27.02313310546875
411.0 23.29537685546875
412.0 25.70960458984375
413.0 18.15156376953125
414.0 32.2334595703125
415.0 27.9103794921875
416.0 23.4257115234375
417.0 27.36288203125
418.0 22.194882421875
419.0 26.97190087890625
420.0 23.9474765625
421.0 24.22883994140625
422.0 25.93812373046875
423.0 23.35196162109375
424.0 26.9330673828125
425.0 25.52737890625
426.0 26.73708125
427.0 26.920576953125
428.0 24.05042900390625
429.0 27.02555634765625
430.0 24.759490625
431.0 26.93141220703125
432.0 22.047952734375
433.0 24.52965546875
434.0 28.2334501953125
435.0 25.5572328125
436.0 25.54145517578125
437.0 22.82136259765625
438.0 26.62477158203125
439.0 22.954120703125
440.0 24.67271396484375
441.0 19.9692005859375
442.0 24.78235751953125
443.0 23.89941787109375
444.0 25.75224833984375
445.0 21.76896279296875
446.0 18.21395234375
447.0 22.76907490234375
448.0 21.46598095703125
449.0 23.05330693359375
450.0 25.66891044921875
451.0 22.49093662109375
452.0 25.36927216796875
453.0 19.94432216796875
454.0 24.1530220703125
455.0 23.21206513671875
456.0 25.86548271484375
457.0 21.9289345703125
458.0 23.9013732421875
459.0 24.584212109375
460.0 22.1932041015625
461.0 25.64020986328125
462.0 23.4102890625
463.0 26.1085537109375
464.0 22.72970537109375
465.0 24.4460869140625
466.0 22.65558505859375
467.0 25.787170703125
468.0 24.97723857421875
469.0 22.15744345703125
470.0 21.3802724609375
471.0 22.303865234375
472.0 25.26468544921875
473.0 22.35576044921875
474.0 24.68830185546875
475.0 22.78057548828125
476.0 19.8833328125
477.0 21.70101337890625
478.0 19.74886298828125
479.0 25.18700048828125
480.0 22.81123505859375
481.0 24.8654181640625
482.0 21.6298208984375
483.0 21.28939248046875
484.0 25.6128255859375
485.0 22.27364521484375
486.0 25.31063564453125
487.0 24.63328544921875
488.0 26.08951005859375
489.0 20.98512412109375
490.0 26.11317529296875
491.0 24.58369169921875
492.0 23.30055712890625
493.0 23.51761943359375
494.0 18.632619140625
495.0 25.2095669921875
496.0 20.68337841796875
497.0 25.30184853515625
498.0 24.40235
499.0 26.9647068359375
500.0 26.33738330078125
501.0 22.60731591796875
502.0 26.45653095703125
503.0 23.73911240234375
504.0 22.023065234375
505.0 21.06858291015625
506.0 25.524582421875
507.0 22.210666015625
508.0 25.7066626953125
509.0 22.378950390625
510.0 17.35660185546875
511.0 32.89014404296875
512.0 22.419957421875
513.0 26.4946625
514.0 23.2256595703125
515.0 21.782123828125
516.0 23.16198466796875
517.0 26.44614619140625
518.0 21.09292841796875
519.0 24.7398615234375
520.0 22.49226787109375
521.0 23.72475185546875
522.0 21.94705712890625
523.0 25.9447751953125
524.0 25.9072509765625
525.0 22.128832421875
526.0 23.35116123046875
527.0 23.061148828125
528.0 25.48044384765625
529.0 21.68758046875
530.0 23.67093369140625
531.0 20.14478798828125
532.0 24.30011630859375
533.0 23.61052373046875
534.0 22.5974486328125
535.0 22.62298779296875
536.0 21.541841015625
537.0 24.21796181640625
538.0 22.55146748046875
539.0 23.33916318359375
540.0 24.21756591796875
541.0 20.26741611328125
542.0 24.5596056640625
543.0 20.5087822265625
544.0 23.39092626953125
545.0 22.242733203125
546.0 25.3696591796875
547.0 23.5798126953125
548.0 22.75276669921875
549.0 22.22643759765625
550.0 24.54000859375
551.0 25.18276484375
552.0 21.844946875
553.0 24.79052890625
554.0 23.74146513671875
555.0 25.458656640625
556.0 23.589729296875
557.0 26.254584765625
558.0 23.8482828125
559.0 26.82426357421875
560.0 23.09105341796875
561.0 25.08670771484375
562.0 21.64237744140625
563.0 22.794180078125
564.0 22.676613671875
565.0 22.09367353515625
566.0 24.70619814453125
567.0 20.7413705078125
568.0 20.7193525390625
569.0 23.9377248046875
570.0 22.43087353515625
571.0 23.5658435546875
572.0 20.12620224609375
573.0 24.70613359375
574.0 21.09076435546875
575.0 25.72670986328125
576.0 24.84580380859375
577.0 22.12270322265625
578.0 24.55106787109375
579.0 20.86957119140625
580.0 24.45232724609375
581.0 21.9979
582.0 24.76856142578125
583.0 21.016345703125
584.0 22.59192822265625
585.0 25.72670947265625
586.0 22.07918896484375
587.0 24.77802666015625
588.0 21.43952177734375
589.0 25.09853427734375
590.0 22.90669921875
591.0 25.16301103515625
592.0 22.91611025390625
593.0 27.0338853515625
594.0 21.97524560546875
595.0 26.34645302734375
596.0 25.32855341796875
597.0 22.030646484375
598.0 25.993005859375
599.0 21.528115234375
600.0 24.5628712890625
601.0 23.69610263671875
602.0 25.33547734375
603.0 22.91249677734375
604.0 23.85796708984375
605.0 23.6766771484375
606.0 26.6472501953125
607.0 23.9954744140625
608.0 25.1811833984375
609.0 23.19066865234375
610.0 25.776024609375
611.0 23.79184599609375
612.0 25.81836884765625
613.0 23.60580595703125
614.0 25.15770634765625
615.0 24.27215
616.0 26.7501171875
617.0 23.69719716796875
618.0 25.4866251953125
619.0 25.7043390625
620.0 22.41912744140625
621.0 26.993984765625
622.0 21.14350478515625
623.0 29.282654296875
624.0 23.833944140625
625.0 25.6115828125
626.0 22.82811962890625
627.0 26.1953681640625
628.0 22.872819140625
629.0 23.61953359375
630.0 25.699521484375
631.0 23.20202919921875
632.0 26.65285029296875
633.0 24.268814453125
634.0 24.76127734375
635.0 15.18599248046875
636.0 27.04968935546875
637.0 25.8570865234375
638.0 22.05790263671875
639.0 21.247965234375
640.0 23.26902734375
641.0 25.59957900390625
642.0 23.08116044921875
643.0 24.922125
644.0 22.35031357421875
645.0 23.6378333984375
646.0 24.01144873046875
647.0 26.10104501953125
648.0 24.5072693359375
649.0 23.42211435546875
650.0 25.6858046875
651.0 22.71543125
652.0 24.8425595703125
653.0 23.29258583984375
654.0 26.05766484375
655.0 23.57696689453125
656.0 25.836208203125
657.0 23.61816533203125
658.0 23.4775138671875
659.0 23.95107978515625
660.0 24.23049716796875
661.0 26.056416015625
662.0 21.85290732421875
663.0 22.50763544921875
664.0 19.7143291015625
665.0 26.106531640625
666.0 25.3074544921875
667.0 27.20281923828125
668.0 25.106080078125
669.0 26.66768515625
670.0 24.32619228515625
671.0 21.6765115234375
672.0 20.86023798828125
673.0 22.84081171875
674.0 24.14506103515625
675.0 24.96966669921875
676.0 20.40663896484375
677.0 23.66648828125
678.0 21.45859677734375
679.0 21.64312783203125
680.0 26.12120224609375
681.0 25.77604765625
682.0 22.45830009765625
683.0 24.45035634765625
684.0 21.69104736328125
685.0 25.02003798828125
686.0 23.367502734375
687.0 25.633063671875
688.0 23.090798046875
689.0 24.12048525390625
690.0 22.38666923828125
691.0 26.12503603515625
692.0 22.75843525390625
693.0 26.49208798828125
694.0 22.40140615234375
695.0 23.30122724609375
696.0 25.00563935546875
697.0 23.09346650390625
698.0 25.2139966796875
699.0 22.5866142578125
700.0 23.85266513671875
701.0 25.05189482421875
702.0 23.16899267578125
703.0 23.23495029296875
704.0 23.78379462890625
705.0 21.47153896484375
706.0 22.80747783203125
707.0 24.14049873046875
708.0 27.0779640625
709.0 24.07881904296875
710.0 26.69438955078125
711.0 24.383376171875
712.0 26.9358166015625
713.0 25.37282548828125
714.0 25.3080751953125
715.0 23.29674677734375
716.0 26.158751953125
717.0 26.44721904296875
718.0 23.09419326171875
719.0 26.31322294921875
720.0 23.2447896484375
721.0 26.33676708984375
722.0 23.847459375
723.0 25.4177015625
724.0 22.378439453125
725.0 24.455569140625
726.0 22.57241103515625
727.0 27.32776259765625
728.0 25.42709716796875
729.0 22.5483732421875
730.0 26.81403369140625
731.0 23.8821927734375
732.0 25.591404296875
733.0 23.39365166015625
734.0 25.2883701171875
735.0 21.37213251953125
736.0 23.3886662109375
737.0 22.656049609375
738.0 25.79408212890625
739.0 25.0143169921875
740.0 22.99641357421875
741.0 26.1567396484375
742.0 23.7091767578125
743.0 27.80025419921875
744.0 21.43462685546875
745.0 25.76770380859375
746.0 23.8585568359375
747.0 27.54864052734375
748.0 23.528514453125
749.0 25.79163974609375
750.0 23.65447939453125
751.0 22.7577935546875
752.0 25.8779810546875
753.0 22.33892255859375
754.0 22.7422244140625
755.0 20.2673931640625
756.0 20.51246484375
757.0 20.3263841796875
758.0 21.48614384765625
759.0 26.36781875
760.0 23.449901171875
761.0 24.7814498046875
762.0 24.4541078125
763.0 18.439276953125
764.0 28.64204970703125
765.0 25.17726787109375
766.0 22.27296474609375
767.0 24.73564951171875
768.0 23.33036240234375
769.0 23.89642998046875
770.0 25.3870291015625
771.0 22.60412373046875
772.0 25.14066650390625
773.0 22.3822666015625
774.0 23.4647125
775.0 22.196166015625
776.0 23.119053515625
777.0 26.7378435546875
778.0 22.4440474609375
779.0 26.76801044921875
780.0 22.858880859375
781.0 23.42516708984375
782.0 22.48446201171875
783.0 25.3685560546875
784.0 20.91194072265625
785.0 25.02280146484375
786.0 22.52572734375
787.0 18.63160009765625
788.0 24.74446474609375
789.0 22.8852603515625
790.0 25.12718544921875
791.0 22.4145541015625
792.0 23.57877841796875
793.0 21.34094541015625
794.0 24.61709423828125
795.0 24.82903759765625
796.0 15.79315146484375
797.0 20.41371083984375
798.0 22.87309658203125
799.0 24.71453134765625
