0.0 3.9872189453125
1.0 3.10384150390625
2.0 4.03162607421875
3.0 3.88700302734375
4.0 2.052084765625
5.0 2.6721251953125
6.0 3.8368333984375
7.0 4.06607734375
8.0 5.20092958984375
9.0 0.0
10.0 0.0
11.0 0.0
12.0 0.0
13.0 19.12112705078125
14.0 4.06098193359375
15.0 3.6610404296875
16.0 2.37213212890625
17.0 2.1749802734375
18.0 4.1171845703125
19.0 2.84842939453125
20.0 3.99083974609375
21.0 4.45898271484375
22.0 4.70305380859375
23.0 4.6983166015625
24.0 4.3942748046875
25.0 4.6233318359375
26.0 4.288479296875
27.0 4.19336708984375
28.0 3.62029169921875
29.0 5.11472353515625
30.0 5.1052017578125
31.0 5.12020439453125
32.0 4.97307314453125
33.0 5.23606201171875
34.0 5.3587875
35.0 4.829180859375
36.0 5.29440048828125
37.0 5.30174267578125
38.0 5.56227109375
39.0 5.25782568359375
40.0 5.482159375
41.0 4.46361962890625
42.0 6.04693505859375
43.0 5.49286728515625
44.0 5.7778513671875
45.0 5.3947029296875
46.0 5.90228525390625
47.0 5.5354037109375
48.0 4.24576826171875
49.0 4.97414765625
50.0 5.421467578125
51.0 5.78235341796875
52.0 4.94434296875
53.0 5.3147884765625
54.0 4.76162216796875
55.0 3.74527783203125
56.0 1.99337138671875
57.0 2.81394462890625
58.0 4.93403212890625
59.0 4.6665693359375
60.0 3.7876220703125
61.0 4.16122001953125
62.0 5.10676640625
63.0 4.8763412109375
64.0 3.94614228515625
65.0 4.5643099609375
66.0 2.90234375
67.0 2.97181796875
68.0 5.49492529296875
69.0 5.311790625
70.0 5.18491796875
71.0 2.785571875
72.0 4.31489931640625
73.0 4.7414876953125
74.0 4.76114775390625
75.0 4.36851826171875
76.0 4.028071484375
77.0 4.57564462890625
78.0 4.42445966796875
79.0 3.945951953125
80.0 4.892540625
81.0 5.56852099609375
82.0 5.48895166015625
83.0 5.38200625
84.0 5.1187013671875
85.0 5.5026818359375
86.0 5.4394404296875
87.0 3.96662158203125
88.0 5.84137802734375
89.0 5.1014134765625
90.0 4.55360546875
91.0 6.091626171875
92.0 4.7412455078125
93.0 3.97152626953125
94.0 4.35603681640625
95.0 4.75552763671875
96.0 4.50332578125
97.0 4.699732421875
98.0 4.58391865234375
99.0 4.47390009765625
100.0 5.22130478515625
101.0 4.8723509765625
102.0 5.1079501953125
103.0 5.3849072265625
104.0 5.16002041015625
105.0 5.2800712890625
106.0 4.94476494140625
107.0 4.9279587890625
108.0 3.8115994140625
109.0 4.93430234375
110.0 5.00867763671875
111.0 4.92434150390625
112.0 3.618491796875
113.0 4.68635849609375
114.0 4.496490625
115.0 4.3453966796875
116.0 5.54581474609375
117.0 5.16508720703125
118.0 5.08770791015625
119.0 5.21180419921875
120.0 4.7715087890625
121.0 6.5369552734375
122.0 4.759343359375
123.0 4.68845869140625
124.0 4.39134677734375
125.0 4.80378505859375
126.0 5.49988154296875
127.0 5.12255361328125
128.0 5.15621376953125
129.0 5.5469375
130.0 3.30970849609375
131.0 5.0270986328125
132.0 5.28520537109375
133.0 5.0213236328125
134.0 4.891538671875
135.0 5.5389662109375
136.0 5.94007578125
137.0 4.9186869140625
138.0 5.8749189453125
139.0 4.69203564453125
140.0 2.91257333984375
141.0 5.19980322265625
142.0 5.29333408203125
143.0 5.61106650390625
144.0 5.32295205078125
145.0 8.1440005859375
146.0 3.08148642578125
147.0 3.301329296875
148.0 6.74006298828125
149.0 4.7434171875
150.0 8.1995884765625
151.0 7.3159533203125
152.0 6.1801201171875
153.0 6.905008203125
154.0 5.03971669921875
155.0 5.318903515625
156.0 1.8483916015625
157.0 3.95169326171875
158.0 9.02291611328125
159.0 8.080623828125
160.0 5.7214564453125
161.0 5.3126794921875
162.0 5.09335048828125
163.0 6.64815615234375
164.0 5.1305857421875
165.0 4.8159759765625
166.0 5.21590087890625
167.0 4.31329892578125
168.0 4.52145849609375
169.0 4.7496333984375
170.0 6.73388134765625
171.0 5.44095341796875
172.0 6.35592900390625
173.0 6.58712587890625
174.0 7.96615498046875
175.0 5.34155419921875
176.0 8.0758916015625
177.0 4.04805849609375
178.0 4.19116953125
179.0 4.25445126953125
180.0 5.4844564453125
181.0 4.2453431640625
182.0 4.604403515625
183.0 5.00985693359375
184.0 4.23502177734375
185.0 4.48425712890625
186.0 4.8237033203125
187.0 3.58982333984375
188.0 3.80260693359375
189.0 4.87860859375
190.0 4.06194189453125
191.0 5.21483798828125
192.0 4.34788701171875
193.0 4.40982529296875
194.0 5.48765908203125
195.0 5.35284033203125
196.0 3.88269189453125
197.0 6.2550181640625
198.0 5.339362109375
199.0 5.632803515625
200.0 3.88467109375
201.0 6.23643330078125
202.0 4.71591279296875
203.0 5.58889404296875
204.0 4.3409908203125
205.0 6.22671630859375
206.0 5.3298427734375
207.0 4.3822408203125
208.0 5.60777939453125
209.0 5.1768431640625
210.0 5.44392470703125
211.0 5.26484443359375
212.0 5.305971875
213.0 5.5912048828125
214.0 5.40513916015625
215.0 5.0689306640625
216.0 4.1543822265625
217.0 5.69580107421875
218.0 5.44088896484375
219.0 5.05419033203125
220.0 5.1106478515625
221.0 4.8220150390625
222.0 5.19146171875
223.0 5.2279150390625
224.0 5.3131046875
225.0 5.5556578125
226.0 5.384262890625
227.0 5.4069669921875
228.0 4.88576171875
229.0 5.4103478515625
230.0 4.91358671875
231.0 0.5109205078125
232.0 0.10328857421875
233.0 0.45857802734375
234.0 3.4373171875
235.0 5.21186357421875
236.0 5.50922177734375
237.0 5.49191044921875
238.0 4.1995328125
239.0 5.99975537109375
240.0 0.261665625
241.0 4.00530771484375
242.0 3.421394140625
243.0 4.54970263671875
244.0 4.99451455078125
245.0 6.15920908203125
246.0 7.43845048828125
247.0 6.2389095703125
248.0 4.685923046875
249.0 4.953928515625
250.0 6.36350458984375
251.0 5.8861072265625
252.0 7.44426220703125
253.0 6.24318603515625
254.0 5.2797103515625
255.0 4.63295947265625
256.0 4.980213671875
257.0 6.33573955078125
258.0 4.8528314453125
259.0 5.03392265625
260.0 5.20652421875
261.0 4.91669658203125
262.0 4.79021259765625
263.0 4.96549013671875
264.0 5.33058447265625
265.0 5.6489546875
266.0 5.33356435546875
267.0 5.26182861328125
268.0 5.361187890625
269.0 5.515991015625
270.0 5.0031671875
271.0 5.47891904296875
272.0 5.6104072265625
273.0 5.96102900390625
274.0 5.7282673828125
275.0 5.24858916015625
276.0 5.58169111328125
277.0 5.0392658203125
278.0 5.2134779296875
279.0 4.7955455078125
280.0 4.52924189453125
281.0 4.50134267578125
282.0 5.61591201171875
283.0 5.522478125
284.0 5.55883896484375
285.0 5.2293193359375
286.0 4.6954046875
287.0 5.38059609375
288.0 5.35189052734375
289.0 4.79182548828125
290.0 5.8257861328125
291.0 5.47558818359375
292.0 4.75285185546875
293.0 5.44574755859375
294.0 5.5453482421875
295.0 5.40384228515625
296.0 5.08418349609375
297.0 4.72692880859375
298.0 5.18530693359375
299.0 5.276135546875
300.0 1.73199111328125
301.0 2.29448134765625
302.0 4.86990673828125
303.0 4.53823525390625
304.0 5.59340888671875
305.0 5.173391015625
306.0 5.1239794921875
307.0 5.27419296875
308.0 5.8224619140625
309.0 4.987307421875
310.0 4.768240625
311.0 5.47477216796875
312.0 5.05422314453125
313.0 5.08971396484375
314.0 5.1889296875
315.0 4.61110263671875
316.0 3.87067080078125
317.0 5.23185693359375
318.0 0.92102080078125
319.0 3.736740625
320.0 4.3975830078125
321.0 3.93863583984375
322.0 4.88263203125
323.0 4.1057162109375
324.0 4.794791015625
325.0 3.88899287109375
326.0 7.34790361328125
327.0 7.3094251953125
328.0 8.4892443359375
329.0 3.66218046875
330.0 2.8225451171875
331.0 3.84267158203125
332.0 5.31245703125
333.0 5.0915291015625
334.0 7.79502900390625
335.0 5.831793359375
336.0 4.506141796875
337.0 5.5088484375
338.0 7.83745947265625
339.0 5.069990625
340.0 5.36268173828125
341.0 5.42464140625
342.0 7.01163173828125
343.0 4.7669818359375
344.0 6.4430197265625
345.0 5.1000345703125
346.0 5.27773173828125
347.0 5.2321841796875
348.0 3.39057470703125
349.0 3.71150986328125
350.0 5.21593369140625
351.0 4.7362798828125
352.0 5.30268876953125
353.0 5.1376685546875
354.0 5.03987265625
355.0 5.17192158203125
356.0 5.29291943359375
357.0 5.53175947265625
358.0 5.5662689453125
359.0 4.693168359375
360.0 4.1375615234375
361.0 3.94988955078125
362.0 4.9085556640625
363.0 3.65128154296875
364.0 3.27842685546875
365.0 4.96186748046875
366.0 3.415621875
367.0 2.47898642578125
368.0 4.92140556640625
369.0 3.73321865234375
370.0 3.77853671875
371.0 3.70400419921875
372.0 4.34455908203125
373.0 4.999198828125
374.0 5.18887392578125
375.0 4.92031728515625
376.0 4.669337109375
377.0 4.678824609375
378.0 5.41598720703125
379.0 4.77253154296875
380.0 4.84302431640625
381.0 5.14952978515625
382.0 5.36541357421875
383.0 4.5082337890625
384.0 4.92966328125
385.0 5.64099619140625
386.0 5.07922158203125
387.0 5.03032373046875
388.0 5.23126845703125
389.0 5.17211923828125
390.0 4.99939833984375
391.0 4.05809638671875
392.0 4.16993828125
393.0 4.03943857421875
394.0 3.84316240234375
395.0 5.74675771484375
396.0 4.52099052734375
397.0 4.65558408203125
398.0 4.6906265625
399.0 4.62142412109375
400.0 4.557463671875
401.0 4.063449609375
402.0 5.751212890625
403.0 5.271488671875
404.0 3.98622705078125
405.0 4.59008046875
406.0 4.40702392578125
407.0 3.61000634765625
408.0 3.63641962890625
409.0 2.25853134765625
410.0 2.616475
411.0 2.92369228515625
412.0 1.8132615234375
413.0 1.919306640625
414.0 4.79716484375
415.0 6.3372181640625
416.0 5.099369140625
417.0 5.616165234375
418.0 5.60494599609375
419.0 6.17263984375
420.0 3.791440234375
421.0 3.8596310546875
422.0 5.10529677734375
423.0 4.58640380859375
424.0 5.493983203125
425.0 6.41199111328125
426.0 7.0958078125
427.0 5.1776203125
428.0 5.80308623046875
429.0 6.54264970703125
430.0 6.43638154296875
431.0 6.2428115234375
432.0 5.51274111328125
433.0 5.62646865234375
434.0 5.97744775390625
435.0 6.5165185546875
436.0 6.11727685546875
437.0 5.7257845703125
438.0 6.38684599609375
439.0 8.61663173828125
440.0 8.35740029296875
441.0 9.3727845703125
442.0 7.0169763671875
443.0 5.6534251953125
444.0 4.30371669921875
445.0 5.18993583984375
446.0 4.7588443359375
447.0 4.90239638671875
448.0 5.488643359375
449.0 6.85850107421875
450.0 4.13582890625
451.0 5.53649638671875
452.0 5.5184962890625
453.0 4.83787373046875
454.0 5.40652802734375
455.0 2.59326337890625
456.0 0.72943115234375
457.0 3.15490146484375
458.0 2.05276904296875
459.0 2.229166796875
460.0 3.71021142578125
461.0 2.7094595703125
462.0 4.1486443359375
463.0 4.77457451171875
464.0 4.02979013671875
465.0 5.706510546875
466.0 5.50702998046875
467.0 5.348941796875
468.0 5.7502951171875
469.0 5.191794921875
470.0 5.42173681640625
471.0 4.79712060546875
472.0 5.22865537109375
473.0 7.819615625
474.0 6.058837109375
475.0 10.28455751953125
476.0 8.4304083984375
477.0 8.64459384765625
478.0 8.28664921875
479.0 9.17798076171875
480.0 7.4776544921875
481.0 3.72719169921875
482.0 1.94316474609375
483.0 4.5172828125
484.0 6.733141796875
485.0 5.60979951171875
486.0 6.90170390625
487.0 3.8618466796875
488.0 5.9661837890625
489.0 5.8176279296875
490.0 5.69480478515625
491.0 5.67399677734375
492.0 5.592941796875
493.0 5.30536865234375
494.0 5.67693291015625
495.0 6.07685859375
496.0 6.909106640625
497.0 5.89816171875
498.0 6.3034255859375
499.0 5.63484482421875
500.0 6.23704990234375
501.0 7.83273095703125
502.0 4.144690625
503.0 6.8433220703125
504.0 6.4491271484375
505.0 7.36373408203125
506.0 7.2269849609375
507.0 7.4369294921875
508.0 8.58522060546875
509.0 5.89093828125
510.0 5.31475068359375
511.0 5.4516904296875
512.0 5.31798486328125
513.0 2.9977845703125
514.0 4.52359658203125
515.0 4.75861005859375
516.0 5.25325810546875
517.0 5.07487822265625
518.0 5.373575390625
519.0 4.6606927734375
520.0 5.4098224609375
521.0 5.40895927734375
522.0 5.16175302734375
523.0 5.406126171875
524.0 5.6315935546875
525.0 5.4530962890625
526.0 5.5536787109375
527.0 5.08240185546875
528.0 5.212884765625
529.0 5.35441435546875
530.0 5.42722177734375
531.0 5.5826212890625
532.0 5.64494384765625
533.0 5.8504294921875
534.0 4.56458076171875
535.0 4.85242216796875
536.0 5.92531953125
537.0 5.49308330078125
538.0 5.7262048828125
539.0 4.83348583984375
540.0 5.759678125
541.0 5.44262841796875
542.0 8.67416142578125
543.0 6.9517154296875
544.0 7.93267666015625
545.0 11.04503037109375
546.0 7.867630859375
547.0 5.841348828125
548.0 5.40576015625
549.0 6.32248994140625
550.0 8.34149130859375
551.0 5.60341943359375
552.0 6.41377294921875
553.0 5.56775908203125
554.0 8.117208203125
555.0 9.607007421875
556.0 5.4080017578125
557.0 10.44263447265625
558.0 5.23088203125
559.0 7.969761328125
560.0 7.83592978515625
561.0 9.2535701171875
562.0 4.94192841796875
563.0 5.61057197265625
564.0 5.4426974609375
565.0 5.10472236328125
566.0 5.63619296875
567.0 5.54793681640625
568.0 5.5716072265625
569.0 5.20620849609375
570.0 4.6363265625
571.0 5.18492451171875
572.0 5.268580078125
573.0 4.96158544921875
574.0 1.3551662109375
575.0 2.2704244140625
576.0 3.87250732421875
577.0 5.44366416015625
578.0 4.90790498046875
579.0 2.06745966796875
580.0 0.13514169921875
581.0 4.330479296875
582.0 3.6929765625
583.0 8.7817279296875
584.0 6.7020103515625
585.0 7.1409638671875
586.0 5.61631513671875
587.0 9.61060361328125
588.0 7.97896484375
589.0 6.4256990234375
590.0 4.54152578125
591.0 6.10982109375
592.0 3.6853087890625
593.0 6.26585029296875
594.0 5.1400041015625
595.0 5.5580841796875
596.0 3.14234755859375
597.0 6.006519921875
598.0 3.5651482421875
599.0 2.35272978515625
600.0 3.910519921875
601.0 5.20445986328125
602.0 5.01017763671875
603.0 5.76456015625
604.0 6.04035283203125
605.0 6.63032744140625
606.0 6.0301537109375
607.0 4.53328232421875
608.0 5.14869873046875
609.0 3.99976923828125
610.0 5.17928076171875
611.0 4.9181857421875
612.0 5.0218669921875
613.0 5.1621994140625
614.0 4.38048125
615.0 4.75076806640625
616.0 5.8051048828125
617.0 6.49233193359375
618.0 6.3090375
619.0 6.56317509765625
620.0 6.167840234375
621.0 7.11868828125
622.0 7.4150111328125
623.0 6.8862693359375
624.0 5.784317578125
625.0 6.31057412109375
626.0 4.9647017578125
627.0 7.45463466796875
628.0 7.80720029296875
629.0 6.3443765625
630.0 6.80577392578125
631.0 7.6448763671875
632.0 6.672853515625
633.0 6.07302607421875
634.0 6.47334736328125
635.0 7.46095224609375
636.0 6.19889248046875
637.0 6.782482421875
638.0 6.28142578125
639.0 5.53905859375
640.0 6.541873828125
641.0 5.16080859375
642.0 5.715229296875
643.0 5.9929572265625
644.0 5.6923806640625
645.0 6.21701689453125
646.0 5.712426171875
647.0 7.42767587890625
648.0 7.0654162109375
649.0 9.68528271484375
650.0 7.24816533203125
651.0 6.1377736328125
652.0 5.191494140625
653.0 5.48556376953125
654.0 4.4761734375
655.0 4.30708203125
656.0 5.16791494140625
657.0 5.16452919921875
658.0 5.57627763671875
659.0 5.2843552734375
660.0 4.8511189453125
661.0 4.52677470703125
662.0 4.74064833984375
663.0 6.4856931640625
664.0 6.135013671875
665.0 7.7025759765625
666.0 6.373674609375
667.0 6.85881396484375
668.0 4.8396234375
669.0 5.7423818359375
670.0 6.39162978515625
671.0 7.34582255859375
672.0 4.66964296875
673.0 4.5001806640625
674.0 4.561764453125
675.0 4.37356318359375
676.0 4.468613671875
677.0 4.9636779296875
678.0 7.3214248046875
679.0 8.4247046875
680.0 7.09011826171875
681.0 7.66622470703125
682.0 6.8862314453125
683.0 5.14787880859375
684.0 4.54475302734375
685.0 5.1636857421875
686.0 5.00407294921875
687.0 5.2632234375
688.0 5.3482224609375
689.0 6.0758939453125
690.0 8.0415900390625
691.0 5.5245390625
692.0 7.73311796875
693.0 7.5536203125
694.0 5.43486416015625
695.0 5.6282689453125
696.0 5.38216298828125
697.0 5.21485478515625
698.0 4.40573818359375
699.0 3.3155255859375
700.0 3.8677017578125
701.0 1.91349921875
702.0 5.9324791015625
703.0 5.50436015625
704.0 5.73823173828125
705.0 5.31588876953125
706.0 5.26304931640625
707.0 4.55590380859375
708.0 5.366108203125
709.0 5.18865029296875
710.0 4.75932265625
711.0 4.52243037109375
712.0 5.1944693359375
713.0 5.08913955078125
714.0 4.99128486328125
715.0 4.70410341796875
716.0 4.88763076171875
717.0 5.051287890625
718.0 4.882198828125
719.0 4.85375673828125
720.0 4.91108134765625
721.0 5.09220712890625
722.0 3.1899513671875
723.0 4.8937845703125
724.0 7.45493232421875
725.0 7.94540126953125
726.0 4.9519521484375
727.0 7.33313818359375
728.0 7.176404296875
729.0 6.0337611328125
730.0 6.664135546875
731.0 5.03400791015625
732.0 4.8344544921875
733.0 6.0438935546875
734.0 6.965255078125
735.0 6.83166728515625
736.0 7.10093759765625
737.0 7.99984677734375
738.0 8.72270087890625
739.0 7.77379033203125
740.0 8.42934716796875
741.0 7.36321181640625
742.0 7.51576650390625
743.0 7.1259443359375
744.0 7.4380912109375
745.0 7.87797705078125
746.0 5.0982880859375
747.0 8.37287919921875
748.0 5.408853125
749.0 7.85914873046875
750.0 7.1288962890625
751.0 4.76843271484375
752.0 4.39304140625
753.0 4.3875630859375
754.0 5.2269818359375
755.0 4.952676171875
756.0 4.81047626953125
757.0 4.5894447265625
758.0 5.0497208984375
759.0 4.93255576171875
760.0 5.142759375
761.0 5.2359197265625
762.0 5.5707296875
763.0 5.269640625
764.0 5.10964599609375
765.0 4.62022265625
766.0 5.150853515625
767.0 5.17514951171875
768.0 5.15059794921875
769.0 5.211721875
770.0 5.33643076171875
771.0 5.52440654296875
772.0 4.82408330078125
773.0 5.1219841796875
774.0 5.14740205078125
775.0 5.08993359375
776.0 5.2876224609375
777.0 4.14652822265625
778.0 5.7704361328125
779.0 6.80332646484375
780.0 7.144251171875
781.0 7.9548197265625
782.0 7.307402734375
783.0 7.1070712890625
784.0 6.71323515625
785.0 5.70371484375
786.0 8.24838525390625
787.0 7.22103779296875
788.0 7.3276955078125
789.0 4.78786669921875
790.0 4.8070595703125
791.0 4.82072294921875
792.0 4.02785693359375
793.0 5.7208169921875
794.0 4.2749876953125
795.0 3.19297001953125
796.0 4.43902216796875
797.0 5.6731685546875
798.0 6.50160087890625
799.0 9.285345703125
