0.0 24.53526396484375
1.0 25.51204833984375
2.0 25.24982744140625
3.0 24.11391357421875
4.0 23.786691796875
5.0 20.4543455078125
6.0 23.660548046875
7.0 18.99779384765625
8.0 22.25109619140625
9.0 23.73492314453125
10.0 24.36343330078125
11.0 17.83761748046875
12.0 21.65085498046875
13.0 23.135843359375
14.0 22.006624609375
15.0 27.274184375
16.0 24.46050732421875
17.0 26.19448603515625
18.0 21.1942423828125
19.0 23.5294400390625
20.0 20.82003203125
21.0 27.522796875
22.0 24.1970548828125
23.0 22.18601953125
24.0 18.70033037109375
25.0 27.681169921875
26.0 24.9361498046875
27.0 23.27860087890625
28.0 23.77377724609375
29.0 23.0840556640625
30.0 23.717454296875
31.0 20.1268763671875
32.0 26.699236328125
33.0 24.233153515625
34.0 8.25845634765625
35.0 11.484120703125
36.0 26.63683828125
37.0 23.382076171875
38.0 21.8561998046875
39.0 23.641464453125
40.0 26.6242748046875
41.0 18.97725380859375
42.0 6.729650390625
43.0 17.881290625
44.0 19.8191064453125
45.0 16.63317666015625
46.0 25.918723046875
47.0 5.78287255859375
48.0 8.050951171875
49.0 25.93771611328125
50.0 23.4057072265625
51.0 19.0460513671875
52.0 13.22934462890625
53.0 16.76497021484375
54.0 14.50863955078125
55.0 23.769386328125
56.0 23.45065712890625
57.0 0.0
58.0 0.0
59.0 0.0
60.0 28.5340568359375
61.0 19.91205908203125
62.0 13.0069447265625
63.0 4.57994814453125
64.0 9.86078173828125
65.0 4.4895953125
66.0 11.79786416015625
67.0 21.226299609375
68.0 5.26362021484375
69.0 12.7736537109375
70.0 25.47313330078125
71.0 23.8220380859375
72.0 12.9517666015625
73.0 6.821319921875
74.0 15.2405798828125
75.0 24.25646806640625
76.0 20.47481943359375
77.0 25.74546689453125
78.0 1.71001142578125
79.0 4.03604052734375
80.0 6.7245828125
81.0 12.8447884765625
82.0 22.36026533203125
83.0 24.01106708984375
84.0 23.3412880859375
85.0 22.7050375
86.0 22.59109677734375
87.0 25.14387880859375
88.0 23.8138703125
89.0 22.16636708984375
90.0 18.26572470703125
91.0 19.65403740234375
92.0 21.9854591796875
93.0 23.18843603515625
94.0 15.37310634765625
95.0 30.8013490234375
96.0 22.2056328125
97.0 25.53890283203125
98.0 23.1224759765625
99.0 25.92094052734375
100.0 24.10082470703125
101.0 26.23161513671875
102.0 24.28474423828125
103.0 21.352725
104.0 25.329768359375
105.0 23.78190703125
106.0 24.6492765625
107.0 20.0118501953125
108.0 22.16114111328125
109.0 23.2731025390625
110.0 26.91238798828125
111.0 24.32701513671875
112.0 23.64248974609375
113.0 23.5335333984375
114.0 24.562331640625
115.0 22.82885966796875
116.0 20.84350966796875
117.0 17.32791357421875
118.0 22.06337041015625
119.0 21.068494921875
120.0 22.52375380859375
121.0 21.675583984375
122.0 23.33068095703125
123.0 18.4903501953125
124.0 19.81394482421875
125.0 21.52177158203125
126.0 21.520721875
127.0 25.18235673828125
128.0 22.5817162109375
129.0 19.75101044921875
130.0 23.35243134765625
131.0 17.1172646484375
132.0 23.60038349609375
133.0 20.9245203125
134.0 21.41067421875
135.0 19.44775419921875
136.0 7.5083357421875
137.0 4.0895904296875
138.0 18.2091498046875
139.0 22.60456015625
140.0 17.83009404296875
141.0 15.753710546875
142.0 18.03049208984375
143.0 14.14526357421875
144.0 15.60939833984375
145.0 20.89039091796875
146.0 24.2378046875
147.0 24.5373150390625
148.0 22.15044111328125
149.0 23.24967392578125
150.0 20.1449865234375
151.0 25.41171103515625
152.0 22.80578173828125
153.0 25.84557919921875
154.0 21.7017537109375
155.0 15.74065185546875
156.0 14.97666787109375
157.0 14.76371064453125
158.0 14.29050126953125
159.0 15.71274287109375
160.0 17.23321259765625
161.0 19.5359833984375
162.0 24.3041984375
163.0 24.08823876953125
164.0 26.2085865234375
165.0 23.27153125
166.0 22.8818396484375
167.0 22.39683935546875
168.0 21.950982421875
169.0 16.592575
170.0 14.330484765625
171.0 16.6253361328125
172.0 15.86325166015625
173.0 22.66859140625
174.0 22.6922791015625
175.0 22.1828560546875
176.0 22.82138330078125
177.0 23.13411220703125
178.0 26.91058095703125
179.0 23.5245921875
180.0 25.99677763671875
181.0 23.75851298828125
182.0 27.174833984375
183.0 24.48681318359375
184.0 26.57666201171875
185.0 21.2329666015625
186.0 19.29934658203125
187.0 23.74272216796875
188.0 23.62062265625
189.0 16.48728037109375
190.0 18.1805216796875
191.0 23.8328009765625
192.0 23.05187998046875
193.0 26.95686044921875
194.0 23.8361943359375
195.0 26.91507900390625
196.0 24.2235251953125
197.0 27.1728111328125
198.0 24.28037236328125
199.0 26.68720703125
200.0 24.06279365234375
201.0 26.8053708984375
202.0 23.65764013671875
203.0 26.6462470703125
204.0 24.7708265625
205.0 23.3879751953125
206.0 25.665934375
207.0 24.08636904296875
208.0 26.726033203125
209.0 24.0787509765625
210.0 26.16203583984375
211.0 23.31502939453125
212.0 23.826557421875
213.0 19.8009546875
214.0 19.65884013671875
215.0 21.156420703125
216.0 26.31230185546875
217.0 25.9228025390625
218.0 24.64095537109375
219.0 22.51447236328125
220.0 22.3082921875
221.0 22.9028490234375
222.0 26.18643408203125
223.0 24.08659091796875
224.0 25.29620771484375
225.0 23.53579951171875
226.0 25.588346484375
227.0 25.878122265625
228.0 17.944865234375
229.0 28.01239873046875
230.0 26.3032578125
231.0 23.08515390625
232.0 26.45593603515625
233.0 24.8926849609375
234.0 23.840599609375
235.0 26.3242970703125
236.0 24.0063966796875
237.0 26.08841328125
238.0 23.6512470703125
239.0 23.83924443359375
240.0 25.0773455078125
241.0 26.642650390625
242.0 24.21530419921875
243.0 26.62078681640625
244.0 23.7829322265625
245.0 25.49478662109375
246.0 23.31302470703125
247.0 26.7919990234375
248.0 23.78688486328125
249.0 24.72620341796875
250.0 24.41569091796875
251.0 25.1075236328125
252.0 24.2729796875
253.0 26.729230078125
254.0 23.97393681640625
255.0 24.80942353515625
256.0 25.1657287109375
257.0 22.3943884765625
258.0 25.115301171875
259.0 23.69877763671875
260.0 26.49834013671875
261.0 20.32683388671875
262.0 23.7395478515625
263.0 23.83874482421875
264.0 26.40606015625
265.0 24.00621611328125
266.0 27.0213953125
267.0 23.2092939453125
268.0 17.987641015625
269.0 26.11258662109375
270.0 25.13503388671875
271.0 22.2542978515625
272.0 23.6892146484375
273.0 21.6174228515625
274.0 23.88902431640625
275.0 24.78739404296875
276.0 23.7502421875
277.0 25.77356015625
278.0 25.1361943359375
279.0 23.75321640625
280.0 27.27720771484375
281.0 23.9986224609375
282.0 26.08341953125
283.0 21.34456826171875
284.0 23.52124033203125
285.0 26.62817392578125
286.0 23.58557666015625
287.0 27.2191779296875
288.0 21.5690203125
289.0 24.69122255859375
290.0 23.291759375
291.0 26.1722041015625
292.0 23.6863603515625
293.0 25.83669306640625
294.0 23.70800634765625
295.0 25.826602734375
296.0 23.85562802734375
297.0 26.55525810546875
298.0 26.64888779296875
299.0 23.706783984375
300.0 26.526429296875
301.0 23.77136103515625
302.0 26.3775375
303.0 23.30932744140625
304.0 25.967569140625
305.0 21.55016328125
306.0 26.16633740234375
307.0 22.86202607421875
308.0 26.31808486328125
309.0 23.58032060546875
310.0 27.3021765625
311.0 24.6609591796875
312.0 23.876692578125
313.0 26.0220107421875
314.0 24.738730859375
315.0 23.41229443359375
316.0 23.6558185546875
317.0 26.6215599609375
318.0 24.07462822265625
319.0 26.02217841796875
320.0 25.98688388671875
321.0 23.77394736328125
322.0 26.496165625
323.0 23.36948291015625
324.0 25.3246216796875
325.0 21.91525810546875
326.0 25.186515234375
327.0 22.567704296875
328.0 25.5741634765625
329.0 23.84115712890625
330.0 26.0868212890625
331.0 21.54981767578125
332.0 21.42514921875
333.0 26.94185419921875
334.0 23.25811865234375
335.0 22.19029150390625
336.0 22.24946787109375
337.0 24.7660287109375
338.0 23.49976123046875
339.0 26.3873244140625
340.0 21.89845703125
341.0 26.65514140625
342.0 18.76553916015625
343.0 11.8352298828125
344.0 20.56746728515625
345.0 17.6502408203125
346.0 13.96552685546875
347.0 17.9549759765625
348.0 18.61405380859375
349.0 16.1370931640625
350.0 19.008776171875
351.0 22.1298892578125
352.0 24.7104951171875
353.0 23.49829697265625
354.0 25.8260263671875
355.0 22.1455611328125
356.0 25.62583291015625
357.0 26.13800419921875
358.0 23.315573828125
359.0 16.2816390625
360.0 25.78505595703125
361.0 25.31919677734375
362.0 19.7950771484375
363.0 25.6686029296875
364.0 23.10485390625
365.0 24.79321044921875
366.0 23.5230744140625
367.0 24.51048095703125
368.0 24.07528564453125
369.0 26.0774400390625
370.0 23.4175736328125
371.0 27.00350029296875
372.0 24.140280078125
373.0 25.95403251953125
374.0 22.68617685546875
375.0 26.319406640625
376.0 24.2281609375
377.0 26.61356298828125
378.0 23.85100810546875
379.0 26.20414375
380.0 23.88316708984375
381.0 26.3736802734375
382.0 19.92278955078125
383.0 24.16290869140625
384.0 8.26005439453125
385.0 22.79635263671875
386.0 23.62896064453125
387.0 24.625628125
388.0 22.4731119140625
389.0 26.68864189453125
390.0 23.62957099609375
391.0 24.323926953125
392.0 23.63101318359375
393.0 26.517229296875
394.0 23.39278837890625
395.0 26.46662001953125
396.0 23.63071015625
397.0 24.10083564453125
398.0 23.8281228515625
399.0 25.659053515625
400.0 23.7874015625
401.0 26.6134765625
402.0 24.0240060546875
403.0 26.62179736328125
404.0 22.45553955078125
405.0 25.2937837890625
406.0 20.4501333984375
407.0 26.28647119140625
408.0 23.396025390625
409.0 26.83164912109375
410.0 23.81118720703125
411.0 25.36187587890625
412.0 24.19527880859375
413.0 26.56635400390625
414.0 23.57899189453125
415.0 26.8031392578125
416.0 23.8892884765625
417.0 25.03644287109375
418.0 23.792466015625
419.0 27.16211943359375
420.0 23.87771162109375
421.0 27.0344658203125
422.0 24.24470234375
423.0 27.01065703125
424.0 24.42809833984375
425.0 24.31546064453125
426.0 25.96547216796875
427.0 23.377755859375
428.0 26.43674091796875
429.0 22.9241697265625
430.0 26.37207890625
431.0 23.55730458984375
432.0 26.26245126953125
433.0 21.932532421875
434.0 19.31429482421875
435.0 32.12783779296875
436.0 24.06170322265625
437.0 26.5573994140625
438.0 23.67161767578125
439.0 26.0689341796875
440.0 23.98780048828125
441.0 24.7036505859375
442.0 23.970287890625
443.0 26.32440224609375
444.0 24.083051171875
445.0 25.18803095703125
446.0 24.4196423828125
447.0 26.9448900390625
448.0 26.30731005859375
449.0 22.91051787109375
450.0 23.6736623046875
451.0 26.81768388671875
452.0 22.27257978515625
453.0 26.38141240234375
454.0 22.0095619140625
455.0 26.2632349609375
456.0 23.19674296875
457.0 24.8548703125
458.0 24.32319755859375
459.0 26.27192568359375
460.0 23.68947841796875
461.0 26.48657900390625
462.0 26.4912099609375
463.0 23.60066611328125
464.0 26.43291171875
465.0 12.0880158203125
466.0 31.04364609375
467.0 22.3130501953125
468.0 26.980168359375
469.0 23.92405986328125
470.0 27.04333837890625
471.0 23.99028779296875
472.0 25.67916513671875
473.0 23.30973974609375
474.0 24.55056552734375
475.0 24.73928486328125
476.0 26.3931833984375
477.0 23.02946328125
478.0 22.602907421875
479.0 21.193335546875
480.0 21.02473603515625
481.0 27.2145935546875
482.0 23.80150009765625
483.0 25.78796796875
484.0 18.51486357421875
485.0 15.32449140625
486.0 24.12966181640625
487.0 26.28357841796875
488.0 18.07786640625
489.0 9.74446845703125
490.0 19.93820927734375
491.0 20.17673759765625
492.0 26.41411044921875
493.0 26.57043212890625
494.0 22.3126767578125
495.0 25.29814462890625
496.0 23.30360107421875
497.0 22.7388119140625
498.0 26.4640630859375
499.0 23.97432607421875
500.0 24.911249609375
501.0 22.0826845703125
502.0 24.2444578125
503.0 22.388906640625
504.0 26.1860875
505.0 19.1723423828125
506.0 26.289505078125
507.0 23.5215095703125
508.0 26.2208068359375
509.0 19.5155958984375
510.0 4.966711328125
511.0 37.97911826171875
512.0 22.11966455078125
513.0 12.48817744140625
514.0 26.16973193359375
515.0 23.55065302734375
516.0 25.15906337890625
517.0 21.53546474609375
518.0 21.81062646484375
519.0 26.2810912109375
520.0 21.1514646484375
521.0 26.24560673828125
522.0 23.7915771484375
523.0 23.51576298828125
524.0 24.26599423828125
525.0 23.948017578125
526.0 23.58558154296875
527.0 26.43602236328125
528.0 22.44182265625
529.0 21.8908998046875
530.0 23.4327939453125
531.0 26.60003515625
532.0 23.11706845703125
533.0 25.604570703125
534.0 24.039359375
535.0 25.133048046875
536.0 26.72845341796875
537.0 21.7288966796875
538.0 26.85360849609375
539.0 22.5700576171875
540.0 26.4864875
541.0 23.96599560546875
542.0 26.5068470703125
543.0 21.11852353515625
544.0 26.683246484375
545.0 23.04312705078125
546.0 26.885269140625
547.0 14.8810759765625
548.0 33.53638896484375
549.0 24.0130267578125
550.0 26.22493125
551.0 22.98817529296875
552.0 26.82485419921875
553.0 23.45685283203125
554.0 16.62672236328125
555.0 29.41082353515625
556.0 18.16934609375
557.0 30.5702111328125
558.0 24.79367548828125
559.0 23.2935994140625
560.0 25.00351162109375
561.0 21.81167265625
562.0 23.6323345703125
563.0 25.98420498046875
564.0 23.63660068359375
565.0 25.76341455078125
566.0 24.1021017578125
567.0 26.57173193359375
568.0 22.78714560546875
569.0 24.39460615234375
570.0 23.05676865234375
571.0 26.6540150390625
572.0 23.3129525390625
573.0 25.4809693359375
574.0 19.6669005859375
575.0 21.66300419921875
576.0 22.3937228515625
577.0 16.34326904296875
578.0 27.48120107421875
579.0 22.51560693359375
580.0 24.067608984375
581.0 24.8204025390625
582.0 22.888792578125
583.0 25.27550888671875
584.0 22.22377783203125
585.0 22.46116171875
586.0 17.97438134765625
587.0 17.44892880859375
588.0 38.42463291015625
589.0 26.48315390625
590.0 22.38171630859375
591.0 24.26575546875
592.0 24.659658984375
593.0 26.4146279296875
594.0 24.9031033203125
595.0 22.70452763671875
596.0 25.1474845703125
597.0 21.43574052734375
598.0 26.37892568359375
599.0 22.412107421875
600.0 25.6887328125
601.0 21.6035583984375
602.0 23.87170703125
603.0 21.97194384765625
604.0 20.337705078125
605.0 19.873512890625
606.0 23.93773095703125
607.0 22.05001953125
608.0 20.06214482421875
609.0 26.372945703125
610.0 22.81577744140625
611.0 25.24163681640625
612.0 22.83153037109375
613.0 24.862190234375
614.0 20.87910380859375
615.0 20.8502015625
616.0 20.8773607421875
617.0 24.859612109375
618.0 20.73294892578125
619.0 20.30885107421875
620.0 21.87440615234375
621.0 25.26643740234375
622.0 23.38075087890625
623.0 26.06463720703125
624.0 23.35192626953125
625.0 26.76667578125
626.0 23.991596875
627.0 26.6678146484375
628.0 24.3746423828125
629.0 26.0659654296875
630.0 20.430795703125
631.0 23.69574208984375
632.0 22.98566328125
633.0 26.68334208984375
634.0 25.15903076171875
635.0 23.40882109375
636.0 24.11641875
637.0 23.445290625
638.0 26.27675703125
639.0 23.1940212890625
640.0 26.66193876953125
641.0 16.25954541015625
642.0 20.50295712890625
643.0 22.74039541015625
644.0 22.67699189453125
645.0 24.1372796875
646.0 22.85999912109375
647.0 26.42616396484375
648.0 22.69305029296875
649.0 24.47855107421875
650.0 21.02166142578125
651.0 25.1222943359375
652.0 23.01133408203125
653.0 24.03500419921875
654.0 25.99998203125
655.0 21.82155234375
656.0 23.678935546875
657.0 26.84793125
658.0 24.31333486328125
659.0 27.10356376953125
660.0 24.72093603515625
661.0 27.5143013671875
662.0 23.11354541015625
663.0 22.955923046875
664.0 22.9918681640625
665.0 25.884546875
666.0 24.0625572265625
667.0 21.9590388671875
668.0 25.39441123046875
669.0 23.23275302734375
670.0 27.9640765625
671.0 26.42133662109375
672.0 17.97826025390625
673.0 29.383191796875
674.0 21.75622626953125
675.0 27.358878515625
676.0 31.42655234375
677.0 28.8517291015625
678.0 31.01067724609375
679.0 24.990608203125
680.0 26.638633203125
681.0 25.483649609375
682.0 30.26155771484375
683.0 22.02841005859375
684.0 27.7937626953125
685.0 8.48273828125
686.0 44.46790556640625
687.0 19.6054412109375
688.0 29.253598046875
689.0 25.818214453125
690.0 27.8784171875
691.0 25.01209501953125
692.0 25.92277861328125
693.0 27.60576787109375
694.0 19.46940166015625
695.0 26.25549814453125
696.0 19.38256171875
697.0 25.74429833984375
698.0 18.94986240234375
699.0 20.25891552734375
700.0 18.31526240234375
701.0 16.011390625
702.0 19.43470185546875
703.0 20.4559171875
704.0 22.16520068359375
705.0 24.2934861328125
706.0 21.99740341796875
707.0 16.15047509765625
708.0 23.04474365234375
709.0 24.56260810546875
710.0 24.33950478515625
711.0 20.905458984375
712.0 22.3161708984375
713.0 14.37943330078125
714.0 25.58106806640625
715.0 20.79018115234375
716.0 23.14712919921875
717.0 22.123416015625
718.0 23.09821708984375
719.0 22.1298572265625
720.0 24.21302724609375
721.0 23.30672724609375
722.0 22.40484453125
723.0 22.325809375
724.0 18.1455494140625
725.0 21.117890234375
726.0 18.8262259765625
727.0 21.20332314453125
728.0 24.1275232421875
729.0 9.2233197265625
730.0 35.09113603515625
731.0 19.06964541015625
732.0 22.18310537109375
733.0 24.82501103515625
734.0 20.50642265625
735.0 24.85837001953125
736.0 23.6804
737.0 26.276299609375
738.0 24.08484677734375
739.0 25.77052822265625
740.0 24.0589140625
741.0 25.356488671875
742.0 24.15118994140625
743.0 26.9689986328125
744.0 24.31831728515625
745.0 26.86611220703125
746.0 23.06332822265625
747.0 27.07569716796875
748.0 25.15793681640625
749.0 23.2965041015625
750.0 27.04434033203125
751.0 23.4844609375
752.0 27.10567919921875
753.0 23.67987021484375
754.0 26.8108009765625
755.0 24.58767529296875
756.0 27.3049375
757.0 24.627958984375
758.0 27.04456845703125
759.0 24.38533486328125
760.0 27.14174677734375
761.0 24.33148740234375
762.0 26.747340234375
763.0 17.6882283203125
764.0 30.43273017578125
765.0 26.9428115234375
766.0 24.438541796875
767.0 24.76652216796875
768.0 26.4461322265625
769.0 24.38786259765625
770.0 27.5110072265625
771.0 24.63085556640625
772.0 26.6444494140625
773.0 23.84980244140625
774.0 24.92251162109375
775.0 27.50094833984375
776.0 22.87086181640625
777.0 21.06186787109375
778.0 30.7709224609375
779.0 24.7140201171875
780.0 26.535444921875
781.0 22.1505220703125
782.0 26.2238263671875
783.0 23.116420703125
784.0 23.30821220703125
785.0 24.67377197265625
786.0 24.23823125
787.0 25.19940244140625
788.0 24.03395146484375
789.0 26.604165625
790.0 24.24052216796875
791.0 26.642617578125
792.0 24.27108828125
793.0 25.75128525390625
794.0 24.23569404296875
795.0 25.0868416015625
796.0 22.09663408203125
797.0 22.79315693359375
798.0 26.40181162109375
799.0 24.0251896484375
