0.0 4.9868384765625
1.0 4.79279990234375
2.0 3.06340048828125
3.0 3.24961650390625
4.0 3.68472587890625
5.0 3.8564849609375
6.0 3.50164560546875
7.0 4.1098283203125
8.0 4.12204140625
9.0 4.1459349609375
10.0 4.2658580078125
11.0 4.81838916015625
12.0 4.88296787109375
13.0 4.35870322265625
14.0 5.3201224609375
15.0 5.60152822265625
16.0 5.82497724609375
17.0 5.43437158203125
18.0 5.07512958984375
19.0 4.630005078125
20.0 3.58753935546875
21.0 4.71004462890625
22.0 4.38061923828125
23.0 5.21238623046875
24.0 3.4637310546875
25.0 4.63566279296875
26.0 4.41642021484375
27.0 4.01609990234375
28.0 3.9189548828125
29.0 3.31757705078125
30.0 3.54212890625
31.0 4.91762578125
32.0 4.9433611328125
33.0 5.216895703125
34.0 5.33852314453125
35.0 6.06634462890625
36.0 5.94002734375
37.0 4.78455654296875
38.0 4.84343212890625
39.0 1.388634375
40.0 3.76077021484375
41.0 4.073786328125
42.0 3.52025322265625
43.0 3.0253552734375
44.0 5.04134814453125
45.0 5.690348046875
46.0 5.34700537109375
47.0 5.0339423828125
48.0 4.67585546875
49.0 4.4541072265625
50.0 4.0394
51.0 4.76390224609375
52.0 3.87668330078125
53.0 4.8492509765625
54.0 5.045816015625
55.0 4.9012732421875
56.0 5.3313224609375
57.0 4.69127412109375
58.0 5.048765234375
59.0 5.3661806640625
60.0 5.23033173828125
61.0 5.81746357421875
62.0 5.12819560546875
63.0 2.2636490234375
64.0 2.70248251953125
65.0 4.0230861328125
66.0 4.69285263671875
67.0 3.46699052734375
68.0 3.42323935546875
69.0 3.9040224609375
70.0 3.42354033203125
71.0 3.7395294921875
72.0 3.15432275390625
73.0 3.620587109375
74.0 3.5881142578125
75.0 4.4117873046875
76.0 3.9655423828125
77.0 4.146780859375
78.0 3.50080849609375
79.0 3.82682626953125
80.0 3.8463173828125
81.0 4.09274072265625
82.0 3.75055
83.0 3.950669921875
84.0 5.55957265625
85.0 4.02647373046875
86.0 2.69961171875
87.0 3.8615552734375
88.0 4.6792228515625
89.0 4.42812802734375
90.0 1.05489033203125
91.0 2.182934375
92.0 1.50036943359375
93.0 1.50497177734375
94.0 1.2669666015625
95.0 1.77043544921875
96.0 1.24559033203125
97.0 4.0770083984375
98.0 4.6685318359375
99.0 4.280244921875
100.0 4.57597490234375
101.0 5.11039814453125
102.0 4.73790439453125
103.0 4.17127197265625
104.0 3.8696595703125
105.0 4.1561140625
106.0 3.65874892578125
107.0 3.9559486328125
108.0 4.28876787109375
109.0 4.6743701171875
110.0 4.26188251953125
111.0 4.1337197265625
112.0 4.64706513671875
113.0 4.99933818359375
114.0 4.3592830078125
115.0 4.33262919921875
116.0 4.60528740234375
117.0 4.6208435546875
118.0 4.2409685546875
119.0 4.3897052734375
120.0 4.1353322265625
121.0 4.8359947265625
122.0 3.0132796875
123.0 3.56209951171875
124.0 3.8973814453125
125.0 4.196502734375
126.0 4.00495244140625
127.0 4.1952849609375
128.0 2.91435029296875
129.0 1.25311845703125
130.0 0.7865423828125
131.0 2.28849609375
132.0 3.43250888671875
133.0 1.77197509765625
134.0 1.464884375
135.0 1.5856044921875
136.0 1.75226904296875
137.0 1.4968833984375
138.0 1.81560107421875
139.0 3.62569453125
140.0 2.23516044921875
141.0 1.98438232421875
142.0 1.35393017578125
143.0 1.6211224609375
144.0 3.63137890625
145.0 5.25686259765625
146.0 5.2874943359375
147.0 4.6846845703125
148.0 4.5648296875
149.0 4.475933203125
150.0 4.934161328125
151.0 4.98637685546875
152.0 5.42521884765625
153.0 4.918709375
154.0 6.11411123046875
155.0 5.38471591796875
156.0 4.68490439453125
157.0 4.98857861328125
158.0 3.9608869140625
159.0 5.78407177734375
160.0 4.1987505859375
161.0 3.8080630859375
162.0 3.73999541015625
163.0 4.49542734375
164.0 4.5716783203125
165.0 5.57994013671875
166.0 5.3978046875
167.0 1.68451103515625
168.0 2.10896298828125
169.0 1.52951806640625
170.0 3.92873466796875
171.0 3.4001201171875
172.0 3.47233857421875
173.0 4.009918359375
174.0 4.34227958984375
175.0 6.16438857421875
176.0 5.69503203125
177.0 5.6413234375
178.0 6.00871669921875
179.0 4.70718759765625
180.0 4.235203515625
181.0 5.0645298828125
182.0 5.22815068359375
183.0 6.3424501953125
184.0 5.51658427734375
185.0 4.40397666015625
186.0 1.79048154296875
187.0 3.24176494140625
188.0 1.92515869140625
189.0 4.68515625
190.0 4.23017431640625
191.0 4.7481619140625
192.0 1.48936240234375
193.0 3.56441787109375
194.0 4.8384564453125
195.0 5.036584375
196.0 5.80340087890625
197.0 4.2384017578125
198.0 5.00768671875
199.0 5.5498708984375
200.0 4.66594150390625
201.0 5.02594560546875
202.0 5.30234140625
203.0 4.4757748046875
204.0 5.49562353515625
205.0 4.02903837890625
206.0 4.7070998046875
207.0 5.5605185546875
208.0 4.51922314453125
209.0 4.89957646484375
210.0 5.32803359375
211.0 4.5542125
212.0 4.46248779296875
213.0 4.75770771484375
214.0 5.00616640625
215.0 5.02685927734375
216.0 5.09928056640625
217.0 4.55579755859375
218.0 4.941703515625
219.0 3.49977587890625
220.0 0.93489130859375
221.0 2.16139130859375
222.0 0.78951533203125
223.0 2.8130716796875
224.0 4.49207685546875
225.0 4.18512568359375
226.0 4.017704296875
227.0 4.591834765625
228.0 4.1602150390625
229.0 3.941247265625
230.0 3.87995517578125
231.0 3.19982373046875
232.0 3.7229951171875
233.0 4.941415234375
234.0 4.876484765625
235.0 4.7719384765625
236.0 4.70310419921875
237.0 5.03397216796875
238.0 4.9666796875
239.0 5.29781728515625
240.0 7.4964068359375
241.0 6.92596455078125
242.0 6.68986318359375
243.0 5.87294365234375
244.0 5.37163330078125
245.0 5.30993486328125
246.0 5.7925427734375
247.0 5.87015869140625
248.0 6.0672501953125
249.0 5.76293544921875
250.0 5.62727509765625
251.0 4.1102126953125
252.0 5.14413583984375
253.0 5.1929267578125
254.0 5.42864482421875
255.0 6.9826505859375
256.0 7.0579333984375
257.0 7.42458876953125
258.0 6.0228353515625
259.0 4.8816103515625
260.0 4.390261328125
261.0 5.08341142578125
262.0 4.00546669921875
263.0 4.94203642578125
264.0 4.10647236328125
265.0 4.60734296875
266.0 5.03916318359375
267.0 5.30799365234375
268.0 5.8788564453125
269.0 6.0827349609375
270.0 4.3158427734375
271.0 6.1724642578125
272.0 5.85285244140625
273.0 5.9849126953125
274.0 7.24706240234375
275.0 5.9450787109375
276.0 5.66754296875
277.0 5.37217265625
278.0 2.735272265625
279.0 4.457021484375
280.0 5.314035546875
281.0 5.25565234375
282.0 4.78919404296875
283.0 5.12923896484375
284.0 5.46822041015625
285.0 5.20930966796875
286.0 6.32403310546875
287.0 5.62204482421875
288.0 5.08204765625
289.0 4.9390927734375
290.0 4.97236982421875
291.0 4.95735556640625
292.0 5.9057419921875
293.0 5.30267236328125
294.0 6.54932841796875
295.0 7.1990798828125
296.0 6.73175986328125
297.0 6.22425927734375
298.0 5.254687890625
299.0 5.57600888671875
300.0 7.05098837890625
301.0 6.24546396484375
302.0 5.42136806640625
303.0 6.44766376953125
304.0 5.8999697265625
305.0 6.42967568359375
306.0 5.52384580078125
307.0 5.65377333984375
308.0 5.3162478515625
309.0 5.27885859375
310.0 6.0044654296875
311.0 5.12633115234375
312.0 4.755098828125
313.0 5.56196806640625
314.0 6.0102908203125
315.0 6.2546984375
316.0 5.427126953125
317.0 4.7004390625
318.0 4.93097685546875
319.0 3.85495732421875
320.0 5.1650814453125
321.0 4.339648046875
322.0 4.46134677734375
323.0 4.6605896484375
324.0 5.28794482421875
325.0 4.97466611328125
326.0 5.31243662109375
327.0 5.13478505859375
328.0 4.3622041015625
329.0 5.11010302734375
330.0 4.67944345703125
331.0 5.5155376953125
332.0 4.94792724609375
333.0 5.433103125
334.0 5.212739453125
335.0 4.965350390625
336.0 5.1337171875
337.0 4.91039013671875
338.0 4.68070234375
339.0 5.6923986328125
340.0 5.86517294921875
341.0 4.67196171875
342.0 4.778584765625
343.0 5.2255099609375
344.0 4.472068359375
345.0 4.9518154296875
346.0 5.4629544921875
347.0 5.484649609375
348.0 5.0483537109375
349.0 5.1894560546875
350.0 4.27661962890625
351.0 4.52912958984375
352.0 5.034653515625
353.0 4.8854439453125
354.0 5.4575478515625
355.0 5.8048263671875
356.0 5.72033271484375
357.0 5.7216392578125
358.0 5.92073857421875
359.0 5.52557265625
360.0 5.42035751953125
361.0 4.802162109375
362.0 4.934320703125
363.0 4.99059697265625
364.0 4.198741796875
365.0 3.52943330078125
366.0 4.83380205078125
367.0 3.57650380859375
368.0 3.180058984375
369.0 3.749417578125
370.0 3.9630001953125
371.0 4.2689689453125
372.0 3.1786091796875
373.0 4.571482421875
374.0 3.90158583984375
375.0 3.8453734375
376.0 4.30093935546875
377.0 4.64747197265625
378.0 4.994553125
379.0 4.0739236328125
380.0 4.550615625
381.0 3.60293017578125
382.0 3.88651103515625
383.0 3.94049609375
384.0 5.3709296875
385.0 5.17016103515625
386.0 4.77559150390625
387.0 4.21269267578125
388.0 4.31403212890625
389.0 3.71409287109375
390.0 5.4869826171875
391.0 4.74566806640625
392.0 4.7504494140625
393.0 4.4651052734375
394.0 3.77139716796875
395.0 4.51477861328125
396.0 3.93461572265625
397.0 4.2037625
398.0 4.14957158203125
399.0 3.9459181640625
400.0 3.98604990234375
401.0 4.0682923828125
402.0 4.3654615234375
403.0 4.50281103515625
404.0 4.10660771484375
405.0 4.407586328125
406.0 4.7567390625
407.0 5.20927724609375
408.0 4.48674423828125
409.0 5.0227458984375
410.0 5.4225146484375
411.0 4.86540537109375
412.0 4.586830859375
413.0 4.64279541015625
414.0 4.16173203125
415.0 4.29276494140625
416.0 5.2921630859375
417.0 5.18196142578125
418.0 5.08023642578125
419.0 4.0162236328125
420.0 4.33873115234375
421.0 4.63058212890625
422.0 3.28562861328125
423.0 4.0723267578125
424.0 5.3868412109375
425.0 5.5833341796875
426.0 5.40661171875
427.0 5.74742861328125
428.0 5.9343744140625
429.0 5.5267162109375
430.0 5.9771939453125
431.0 5.1993453125
432.0 5.04220205078125
433.0 4.58325234375
434.0 6.266201171875
435.0 5.61259296875
436.0 4.767737890625
437.0 5.8235162109375
438.0 6.125281640625
439.0 5.5814501953125
440.0 4.13804912109375
441.0 3.6707359375
442.0 3.278053125
443.0 4.066967578125
444.0 5.548640625
445.0 5.85989990234375
446.0 5.39134384765625
447.0 3.97718671875
448.0 2.6020115234375
449.0 5.8581568359375
450.0 6.02474150390625
451.0 5.8239275390625
452.0 5.75175966796875
453.0 5.34488837890625
454.0 6.0200265625
455.0 5.76093251953125
456.0 4.88459951171875
457.0 6.506433984375
458.0 5.73339912109375
459.0 4.94775732421875
460.0 4.5779203125
461.0 4.4775787109375
462.0 5.3601654296875
463.0 5.06846435546875
464.0 5.68511875
465.0 5.69094716796875
466.0 6.32305322265625
467.0 6.66159892578125
468.0 6.2293982421875
469.0 5.62969521484375
470.0 5.8773283203125
471.0 4.52191572265625
472.0 5.65420556640625
473.0 6.7458875
474.0 5.39498310546875
475.0 5.00429951171875
476.0 5.18724150390625
477.0 5.34774326171875
478.0 5.1567328125
479.0 5.09050654296875
480.0 5.91086025390625
481.0 6.224619140625
482.0 5.91461669921875
483.0 5.24372373046875
484.0 5.57761474609375
485.0 5.7943359375
486.0 4.894919921875
487.0 4.5975048828125
488.0 5.037244140625
489.0 3.95260849609375
490.0 4.9076935546875
491.0 5.36960478515625
492.0 4.52810595703125
493.0 5.5294115234375
494.0 5.7836169921875
495.0 4.8431994140625
496.0 5.55847744140625
497.0 5.93772236328125
498.0 6.2053615234375
499.0 5.72212978515625
500.0 6.2957427734375
501.0 5.291516796875
502.0 4.8169869140625
503.0 5.002011328125
504.0 4.16709501953125
505.0 3.9147142578125
506.0 5.72595419921875
507.0 4.88174404296875
508.0 5.90500361328125
509.0 5.64577392578125
510.0 5.8804591796875
511.0 4.7793232421875
512.0 5.47977060546875
513.0 5.256026171875
514.0 5.79888916015625
515.0 5.661326171875
516.0 4.6397111328125
517.0 4.60885537109375
518.0 6.9336419921875
519.0 5.9614162109375
520.0 5.07168818359375
521.0 6.42082685546875
522.0 4.61012275390625
523.0 5.24532958984375
524.0 5.07674482421875
525.0 4.82697021484375
526.0 4.98050673828125
527.0 5.3081203125
528.0 3.70890224609375
529.0 5.60337802734375
530.0 5.1618052734375
531.0 5.549079296875
532.0 5.0154470703125
533.0 4.5755775390625
534.0 4.6853060546875
535.0 5.74606455078125
536.0 6.266789453125
537.0 6.05075166015625
538.0 6.28693984375
539.0 5.07333466796875
540.0 6.56388974609375
541.0 5.93988193359375
542.0 4.91939208984375
543.0 4.5301396484375
544.0 5.45005283203125
545.0 4.70408076171875
546.0 5.33638642578125
547.0 4.5651408203125
548.0 4.879634375
549.0 4.64892607421875
550.0 5.34144296875
551.0 4.99775751953125
552.0 5.12673798828125
553.0 4.50496064453125
554.0 6.0049271484375
555.0 5.896880078125
556.0 6.2833259765625
557.0 5.9892943359375
558.0 5.4500833984375
559.0 5.1406162109375
560.0 5.608940625
561.0 5.18448740234375
562.0 5.1404068359375
563.0 5.7609107421875
564.0 6.18163984375
565.0 5.55298134765625
566.0 4.7267162109375
567.0 5.66444541015625
568.0 5.9067927734375
569.0 5.38841494140625
570.0 4.65351015625
571.0 5.22860576171875
572.0 5.96664462890625
573.0 6.16319365234375
574.0 5.95859140625
575.0 6.1009181640625
576.0 5.8077380859375
577.0 5.0632775390625
578.0 4.79188154296875
579.0 4.79822568359375
580.0 4.18174619140625
581.0 4.79756669921875
582.0 5.34748876953125
583.0 5.2459171875
584.0 5.7475671875
585.0 5.4982326171875
586.0 5.22507275390625
587.0 4.99858837890625
588.0 5.0516490234375
589.0 5.241525
590.0 5.55779921875
591.0 5.64121220703125
592.0 4.6040591796875
593.0 5.348033203125
594.0 4.52048525390625
595.0 4.6240087890625
596.0 5.791354296875
597.0 5.14208046875
598.0 5.4969322265625
599.0 5.303598046875
600.0 4.975702734375
601.0 4.51108349609375
602.0 4.38867509765625
603.0 3.9124216796875
604.0 3.79979130859375
605.0 3.18987314453125
606.0 5.04750126953125
607.0 3.0270615234375
608.0 5.11822568359375
609.0 4.21784072265625
610.0 4.554552734375
611.0 4.64095947265625
612.0 3.85137392578125
613.0 3.23237509765625
614.0 3.44448876953125
615.0 4.872258984375
616.0 5.2712337890625
617.0 4.70274990234375
618.0 5.0221392578125
619.0 4.99894306640625
620.0 3.98440546875
621.0 4.44179853515625
622.0 4.9246037109375
623.0 4.98174501953125
624.0 4.54443984375
625.0 4.28721572265625
626.0 4.79477958984375
627.0 4.7846263671875
628.0 4.71864052734375
629.0 3.984457421875
630.0 5.28962490234375
631.0 4.90247109375
632.0 4.17243818359375
633.0 3.2359234375
634.0 5.4396478515625
635.0 4.52157041015625
636.0 5.2747310546875
637.0 4.2611966796875
638.0 4.44854619140625
639.0 6.24182109375
640.0 5.49992216796875
641.0 4.549144140625
642.0 4.801102734375
643.0 5.39474697265625
644.0 5.6174068359375
645.0 5.7704958984375
646.0 5.32792109375
647.0 4.03828388671875
648.0 4.12088486328125
649.0 5.231875
650.0 5.51284775390625
651.0 4.55429912109375
652.0 4.07843798828125
653.0 3.6294798828125
654.0 4.93530283203125
655.0 4.61086796875
656.0 4.7668888671875
657.0 3.93133408203125
658.0 4.30763564453125
659.0 5.4255326171875
660.0 4.04709951171875
661.0 4.7165087890625
662.0 5.053039453125
663.0 4.41142490234375
664.0 5.31255419921875
665.0 5.0961541015625
666.0 5.2020431640625
667.0 3.74881552734375
668.0 2.6284859375
669.0 4.81805234375
670.0 4.80791650390625
671.0 4.73150302734375
672.0 4.5552283203125
673.0 4.9776138671875
674.0 4.42343974609375
675.0 4.81559599609375
676.0 4.9007103515625
677.0 2.7659376953125
678.0 5.7466404296875
679.0 5.0274220703125
680.0 4.25431171875
681.0 4.71732880859375
682.0 3.2682458984375
683.0 1.5497177734375
684.0 3.24138642578125
685.0 5.32838212890625
686.0 4.5168572265625
687.0 4.5201103515625
688.0 4.6668314453125
689.0 4.68452109375
690.0 5.15368271484375
691.0 4.9128654296875
692.0 3.8766314453125
693.0 3.8011431640625
694.0 4.468851171875
695.0 4.8205802734375
696.0 4.89607998046875
697.0 4.35088212890625
698.0 4.79953388671875
699.0 3.26789775390625
700.0 5.01193349609375
701.0 4.950311328125
702.0 4.769709375
703.0 4.47898076171875
704.0 4.65473603515625
705.0 5.05319794921875
706.0 4.46115537109375
707.0 4.716035546875
708.0 5.04418916015625
709.0 4.9155818359375
710.0 4.7245236328125
711.0 3.8266193359375
712.0 5.4921390625
713.0 3.29993466796875
714.0 5.92792294921875
715.0 5.230117578125
716.0 5.0305431640625
717.0 5.15070361328125
718.0 3.70110771484375
719.0 4.02144990234375
720.0 4.88256396484375
721.0 5.35264853515625
722.0 4.92753076171875
723.0 4.8294822265625
724.0 4.8531984375
725.0 4.724380859375
726.0 5.3914419921875
727.0 4.53957841796875
728.0 5.21844775390625
729.0 5.0002037109375
730.0 4.793416015625
731.0 4.63800078125
732.0 5.31302353515625
733.0 4.550984375
734.0 5.45588818359375
735.0 5.94483876953125
736.0 5.4744591796875
737.0 5.2735966796875
738.0 5.919787890625
739.0 4.49136376953125
740.0 3.9728013671875
741.0 5.51340078125
742.0 5.5702599609375
743.0 5.76122451171875
744.0 3.60648095703125
745.0 4.6478826171875
746.0 4.74887607421875
747.0 6.6250431640625
748.0 6.5669875
749.0 7.02428671875
750.0 6.45828251953125
751.0 5.8078833984375
752.0 6.87097626953125
753.0 4.38408876953125
754.0 5.65751748046875
755.0 6.37154130859375
756.0 4.13875537109375
757.0 7.3779451171875
758.0 5.87469677734375
759.0 5.92994912109375
760.0 6.14840068359375
761.0 5.69452236328125
762.0 4.96919501953125
763.0 6.0223728515625
764.0 5.83260859375
765.0 4.86398916015625
766.0 5.489333984375
767.0 6.098410546875
768.0 5.0815337890625
769.0 6.48612119140625
770.0 7.2787283203125
771.0 6.85583037109375
772.0 8.07438251953125
773.0 7.135142578125
774.0 7.56107314453125
775.0 7.39280048828125
776.0 7.1773908203125
777.0 7.2543392578125
778.0 6.2217009765625
779.0 8.6431857421875
780.0 6.2342576171875
781.0 6.3723896484375
782.0 6.007752734375
783.0 5.17210673828125
784.0 4.9370673828125
785.0 7.024257421875
786.0 5.80506904296875
787.0 7.357869140625
788.0 5.8496544921875
789.0 5.3854794921875
790.0 6.2228830078125
791.0 7.5248392578125
792.0 6.73454716796875
793.0 7.54866796875
794.0 6.40704912109375
795.0 6.9721439453125
796.0 6.6798513671875
797.0 4.27982109375
798.0 6.18047958984375
799.0 2.83806103515625
