0.0 9.82721806640625
1.0 4.01590166015625
2.0 14.10621826171875
3.0 10.732957421875
4.0 17.51438388671875
5.0 1.16800458984375
6.0 0.38399423828125
7.0 0.6022044921875
8.0 0.33279267578125
9.0 0.55755537109375
10.0 10.135693359375
11.0 0.0130669921875
12.0 3.09751904296875
13.0 2.15902109375
14.0 1.50582763671875
15.0 0.9973044921875
16.0 1.0189609375
17.0 2.8139935546875
18.0 0.42425634765625
19.0 1.2400822265625
20.0 1.50116142578125
21.0 0.299968359375
22.0 0.6802701171875
23.0 0.062835546875
24.0 0.87317646484375
25.0 1.9803466796875
26.0 5.54780849609375
27.0 2.82158310546875
28.0 4.474080078125
29.0 0.5512962890625
30.0 14.25195400390625
31.0 18.419510546875
32.0 16.95573828125
33.0 13.94993232421875
34.0 14.16552080078125
35.0 17.64704443359375
36.0 18.0179587890625
37.0 15.042551171875
38.0 18.5206939453125
39.0 14.13115068359375
40.0 10.1294392578125
41.0 17.80839423828125
42.0 10.67153798828125
43.0 10.30386708984375
44.0 5.89937177734375
45.0 6.1209716796875
46.0 13.59699306640625
47.0 7.6997900390625
48.0 19.43654013671875
49.0 16.8708388671875
50.0 13.19278994140625
51.0 19.64924560546875
52.0 18.18461328125
53.0 19.60744736328125
54.0 14.889577734375
55.0 17.646812109375
56.0 20.73579267578125
57.0 14.82403193359375
58.0 19.90903203125
59.0 18.10695478515625
60.0 18.9279130859375
61.0 21.25187802734375
62.0 19.4953802734375
63.0 21.4185552734375
64.0 19.25416064453125
65.0 19.008801171875
66.0 24.36455322265625
67.0 24.3220685546875
68.0 20.31489990234375
69.0 22.61170126953125
70.0 21.4823328125
71.0 21.98210087890625
72.0 23.33815322265625
73.0 22.15227626953125
74.0 19.23195517578125
75.0 18.533145703125
76.0 18.44491953125
77.0 18.46460908203125
78.0 20.49699443359375
79.0 20.16044873046875
80.0 19.76690029296875
81.0 19.82094248046875
82.0 21.51476376953125
83.0 20.28572900390625
84.0 17.130847265625
85.0 19.49576220703125
86.0 16.62909638671875
87.0 20.6302193359375
88.0 20.894372265625
89.0 16.1146173828125
90.0 20.43173642578125
91.0 18.4351099609375
92.0 19.12219501953125
93.0 19.64018056640625
94.0 22.3851453125
95.0 21.42978310546875
96.0 23.43292607421875
97.0 22.00370400390625
98.0 19.27740244140625
99.0 20.64116591796875
100.0 20.97204599609375
101.0 23.09167587890625
102.0 21.2268447265625
103.0 20.49387001953125
104.0 23.40875078125
105.0 25.95789951171875
106.0 23.11003447265625
107.0 23.43621416015625
108.0 20.32498115234375
109.0 23.505666796875
110.0 18.458905859375
111.0 21.92363740234375
112.0 21.16397431640625
113.0 18.16274228515625
114.0 13.1265513671875
115.0 4.50342197265625
116.0 7.88919990234375
117.0 5.643102734375
118.0 23.02086728515625
119.0 17.4946306640625
120.0 20.31413193359375
121.0 20.6133359375
122.0 17.93620986328125
123.0 18.9603802734375
124.0 19.8598966796875
125.0 21.28854404296875
126.0 23.60193564453125
127.0 19.574624609375
128.0 21.0548171875
129.0 23.4963064453125
130.0 21.01978212890625
131.0 21.401398828125
132.0 17.6721765625
133.0 20.54944453125
134.0 15.06027978515625
135.0 29.913695703125
136.0 13.90023720703125
137.0 22.09427099609375
138.0 19.764152734375
139.0 23.82627119140625
140.0 21.25577998046875
141.0 18.2968974609375
142.0 19.7976390625
143.0 16.9484564453125
144.0 20.92291875
145.0 20.286037109375
146.0 21.5235328125
147.0 21.1249421875
148.0 20.1794650390625
149.0 24.2415255859375
150.0 20.7131375
151.0 24.27893486328125
152.0 22.23445966796875
153.0 18.712088671875
154.0 20.22115859375
155.0 24.376698828125
156.0 15.943065625
157.0 22.5736294921875
158.0 18.91929013671875
159.0 13.4098568359375
160.0 18.7056734375
161.0 17.41929638671875
162.0 20.71378251953125
163.0 23.2777818359375
164.0 21.524065625
165.0 12.68488115234375
166.0 25.06714580078125
167.0 19.45010302734375
168.0 23.08311708984375
169.0 22.28419267578125
170.0 25.5758265625
171.0 19.67928388671875
172.0 21.265278515625
173.0 22.41120849609375
174.0 19.61755771484375
175.0 21.5929224609375
176.0 16.074284375
177.0 26.7069298828125
178.0 19.80070634765625
179.0 24.4140376953125
180.0 20.63515712890625
181.0 22.56736142578125
182.0 18.6601044921875
183.0 23.93356484375
184.0 22.53731494140625
185.0 14.94616396484375
186.0 31.74710185546875
187.0 18.2807484375
188.0 24.90781923828125
189.0 22.08281044921875
190.0 23.7615666015625
191.0 18.1160796875
192.0 20.3009931640625
193.0 20.25090009765625
194.0 21.221574609375
195.0 19.29809443359375
196.0 20.46015771484375
197.0 25.62871083984375
198.0 22.3986189453125
199.0 19.99133046875
200.0 26.67325556640625
201.0 19.101919140625
202.0 24.50323310546875
203.0 20.20940263671875
204.0 25.1063013671875
205.0 24.81012265625
206.0 21.3279302734375
207.0 19.1725826171875
208.0 21.30363212890625
209.0 21.23781552734375
210.0 23.40525693359375
211.0 17.91745966796875
212.0 15.653187109375
213.0 23.66506552734375
214.0 20.7119796875
215.0 22.4021625
216.0 20.46227802734375
217.0 19.00831376953125
218.0 21.720433203125
219.0 15.74054140625
220.0 26.57775185546875
221.0 19.74713974609375
222.0 23.96630048828125
223.0 18.63929111328125
224.0 25.63928115234375
225.0 24.46011083984375
226.0 18.69166640625
227.0 21.55361259765625
228.0 20.36478828125
229.0 18.81404091796875
230.0 23.9066619140625
231.0 21.02204375
232.0 17.98128837890625
233.0 25.864851953125
234.0 21.29309794921875
235.0 24.87064892578125
236.0 18.689258984375
237.0 19.3158330078125
238.0 16.4997365234375
239.0 24.9750291015625
240.0 18.1111841796875
241.0 19.24709921875
242.0 19.97380556640625
243.0 19.04206845703125
244.0 21.07746240234375
245.0 19.672034765625
246.0 15.94268564453125
247.0 17.76333427734375
248.0 19.18633798828125
249.0 18.884852734375
250.0 14.5354853515625
251.0 14.254733203125
252.0 18.781172265625
253.0 20.08546884765625
254.0 18.35934326171875
255.0 13.24050947265625
256.0 19.57502353515625
257.0 19.92445595703125
258.0 16.26156455078125
259.0 16.01778564453125
260.0 21.681939453125
261.0 18.07460517578125
262.0 19.69558125
263.0 13.25870751953125
264.0 4.14818740234375
265.0 14.87986181640625
266.0 18.54535048828125
267.0 19.37143017578125
268.0 11.165493359375
269.0 18.80174755859375
270.0 15.19805966796875
271.0 15.5927412109375
272.0 13.679906640625
273.0 15.2434939453125
274.0 7.24015556640625
275.0 10.570428515625
276.0 11.933755859375
277.0 0.8419998046875
278.0 11.811794140625
279.0 18.96811767578125
280.0 24.15237421875
281.0 17.98745654296875
282.0 23.279586328125
283.0 18.7255416015625
284.0 20.350567578125
285.0 18.88891171875
286.0 18.03796044921875
287.0 19.44130029296875
288.0 18.92316904296875
289.0 20.26024326171875
290.0 20.47063583984375
291.0 17.6700375
292.0 21.82288544921875
293.0 18.94367412109375
294.0 20.44712841796875
295.0 18.53145849609375
296.0 23.2096353515625
297.0 21.6776216796875
298.0 19.95058173828125
299.0 20.3773283203125
300.0 20.08089091796875
301.0 20.4392376953125
302.0 23.042638671875
303.0 19.0625626953125
304.0 23.59190146484375
305.0 19.89433984375
306.0 18.58302177734375
307.0 26.35176748046875
308.0 21.29226435546875
309.0 24.61933896484375
310.0 25.33868876953125
311.0 19.15419228515625
312.0 21.3625248046875
313.0 20.26538525390625
314.0 15.5710927734375
315.0 19.86279697265625
316.0 20.01367529296875
317.0 23.6693203125
318.0 18.68752451171875
319.0 21.76110556640625
320.0 15.5787798828125
321.0 19.22183408203125
322.0 15.82944951171875
323.0 13.5902517578125
324.0 26.38324462890625
325.0 21.6505345703125
326.0 22.1336328125
327.0 18.859417578125
328.0 25.240668359375
329.0 23.6161068359375
330.0 23.7777412109375
331.0 19.589303515625
332.0 23.0576205078125
333.0 19.52401435546875
334.0 19.811179296875
335.0 18.6141384765625
336.0 19.80797861328125
337.0 21.322154296875
338.0 21.9185880859375
339.0 22.1487482421875
340.0 22.71332021484375
341.0 18.15624345703125
342.0 20.4801576171875
343.0 18.69329453125
344.0 20.927105078125
345.0 21.91573095703125
346.0 17.21368759765625
347.0 18.36547763671875
348.0 18.35866591796875
349.0 17.148388671875
350.0 21.43833828125
351.0 20.33676474609375
352.0 21.920784765625
353.0 19.56155361328125
354.0 19.69250107421875
355.0 21.8331427734375
356.0 23.39644931640625
357.0 23.28376923828125
358.0 17.7842330078125
359.0 20.055793359375
360.0 17.90404619140625
361.0 20.54948642578125
362.0 19.57067763671875
363.0 14.2020859375
364.0 19.878533203125
365.0 19.4797091796875
366.0 16.54593857421875
367.0 12.88925146484375
368.0 0.0
369.0 0.0
370.0 44.88568466796875
371.0 23.47659931640625
372.0 15.54356240234375
373.0 20.5552509765625
374.0 15.91486650390625
375.0 16.3930703125
376.0 17.2362177734375
377.0 15.02339638671875
378.0 17.59990966796875
379.0 14.35559599609375
380.0 3.7929072265625
381.0 9.47688759765625
382.0 4.5325880859375
383.0 2.06185224609375
384.0 1.35538486328125
385.0 1.70049287109375
386.0 9.14070048828125
387.0 12.0183279296875
388.0 15.2092486328125
389.0 17.22198505859375
390.0 17.07221552734375
391.0 19.199623046875
392.0 16.4889658203125
393.0 18.440431640625
394.0 24.89698994140625
395.0 17.91885634765625
396.0 22.0826462890625
397.0 19.53829658203125
398.0 14.25746103515625
399.0 23.434230859375
400.0 17.87311884765625
401.0 16.730080078125
402.0 18.459409375
403.0 17.28609765625
404.0 16.7052189453125
405.0 17.021555078125
406.0 18.2343205078125
407.0 16.06525166015625
408.0 17.44909267578125
409.0 14.696773046875
410.0 15.4755068359375
411.0 19.8510916015625
412.0 20.33691865234375
413.0 20.90302958984375
414.0 12.02887236328125
415.0 18.3326630859375
416.0 17.12474443359375
417.0 15.45763056640625
418.0 21.502660546875
419.0 16.7089701171875
420.0 3.97582890625
421.0 6.6559572265625
422.0 6.37404931640625
423.0 6.14858564453125
424.0 3.589216796875
425.0 4.0740681640625
426.0 14.4658068359375
427.0 14.94974619140625
428.0 10.29296513671875
429.0 12.61487021484375
430.0 4.35085126953125
431.0 7.261621484375
432.0 0.20306201171875
433.0 1.81006484375
434.0 1.21523779296875
435.0 0.04394921875
436.0 1.2401732421875
437.0 2.38597099609375
438.0 1.78119609375
439.0 12.66704462890625
440.0 13.7548244140625
441.0 9.45970263671875
442.0 11.36132314453125
443.0 7.41772841796875
444.0 13.591551953125
445.0 9.868623828125
446.0 9.317075
447.0 8.19151611328125
448.0 11.5381435546875
449.0 11.11913095703125
450.0 16.7158599609375
451.0 16.6111765625
452.0 11.5645421875
453.0 15.3712966796875
454.0 15.63692685546875
455.0 15.1485900390625
456.0 19.27250361328125
457.0 15.448988671875
458.0 10.7428619140625
459.0 14.84678505859375
460.0 17.54259833984375
461.0 18.08062666015625
462.0 17.14633154296875
463.0 19.6806017578125
464.0 18.84233642578125
465.0 19.33305576171875
466.0 15.95069521484375
467.0 19.42765615234375
468.0 17.70519775390625
469.0 18.6634978515625
470.0 19.3918876953125
471.0 16.56081279296875
472.0 21.54813427734375
473.0 22.069942578125
474.0 19.995614453125
475.0 23.76559814453125
476.0 20.2181251953125
477.0 22.3735759765625
478.0 18.1196443359375
479.0 20.36183857421875
480.0 18.1026912109375
481.0 19.38171240234375
482.0 21.82018017578125
483.0 16.5624935546875
484.0 20.3381875
485.0 21.286528125
486.0 21.4677029296875
487.0 21.233775390625
488.0 21.74493994140625
489.0 19.33085634765625
490.0 20.2621826171875
491.0 18.1228990234375
492.0 20.23583544921875
493.0 19.74499169921875
494.0 17.0988900390625
495.0 22.46596484375
496.0 19.59117412109375
497.0 19.9386693359375
498.0 14.778759375
499.0 27.38722763671875
500.0 22.94094716796875
501.0 21.05020107421875
502.0 23.4100125
503.0 19.1252826171875
504.0 18.14959609375
505.0 18.43190927734375
506.0 25.0145505859375
507.0 22.05455673828125
508.0 23.95499423828125
509.0 19.24745791015625
510.0 23.195011328125
511.0 21.21722998046875
512.0 21.46320458984375
513.0 18.51056318359375
514.0 24.81337216796875
515.0 21.39955556640625
516.0 17.35477294921875
517.0 18.63921103515625
518.0 17.7920560546875
519.0 17.25887275390625
520.0 18.5695087890625
521.0 15.6011306640625
522.0 18.22461083984375
523.0 19.14639609375
524.0 15.44744208984375
525.0 16.27169052734375
526.0 15.55373916015625
527.0 18.92478271484375
528.0 16.84620947265625
529.0 8.7032267578125
530.0 28.10690458984375
531.0 18.776759375
532.0 3.25545439453125
533.0 2.23921943359375
534.0 3.4701451171875
535.0 4.64550556640625
536.0 6.74760869140625
537.0 5.3310330078125
538.0 8.7918751953125
539.0 1.647733203125
540.0 4.11036494140625
541.0 3.68931982421875
542.0 10.09055244140625
543.0 15.60489140625
544.0 1.77880927734375
545.0 16.53967216796875
546.0 14.851259375
547.0 3.211935546875
548.0 35.2952625
549.0 20.0820017578125
550.0 16.842534375
551.0 19.864333203125
552.0 19.39516689453125
553.0 16.80039951171875
554.0 18.9547015625
555.0 16.9675734375
556.0 20.1095517578125
557.0 20.27859560546875
558.0 17.4195462890625
559.0 20.4962998046875
560.0 17.292998828125
561.0 20.4017267578125
562.0 20.21607109375
563.0 18.1294966796875
564.0 21.0314498046875
565.0 19.4344208984375
566.0 18.43354443359375
567.0 19.58729072265625
568.0 17.0289005859375
569.0 20.74553828125
570.0 22.274394140625
571.0 17.6365826171875
572.0 22.46944423828125
573.0 16.74984912109375
574.0 19.13447734375
575.0 20.71214990234375
576.0 19.46452607421875
577.0 19.0127078125
578.0 15.92588720703125
579.0 26.1484302734375
580.0 20.81113349609375
581.0 19.2512919921875
582.0 22.01537177734375
583.0 10.685441796875
584.0 27.78368154296875
585.0 20.08617373046875
586.0 18.94930087890625
587.0 16.4600275390625
588.0 24.09660419921875
589.0 21.52687158203125
590.0 14.9994837890625
591.0 20.4730046875
592.0 15.87327041015625
593.0 20.45785751953125
594.0 19.33157744140625
595.0 18.19353330078125
596.0 20.5450140625
597.0 14.764838671875
598.0 22.25093701171875
599.0 15.514534765625
600.0 16.921669140625
601.0 21.198758203125
602.0 23.62578876953125
603.0 25.83515234375
604.0 19.05690224609375
605.0 20.28775498046875
606.0 18.87507109375
607.0 20.87313251953125
608.0 18.409308984375
609.0 17.8722412109375
610.0 24.17666083984375
611.0 18.540916796875
612.0 24.61050126953125
613.0 19.19502001953125
614.0 17.7852376953125
615.0 22.58886298828125
616.0 21.58035263671875
617.0 22.90068935546875
618.0 20.51472744140625
619.0 20.1604296875
620.0 18.10261171875
621.0 17.1716046875
622.0 23.09665048828125
623.0 18.12997197265625
624.0 18.34449111328125
625.0 18.09211474609375
626.0 21.3897298828125
627.0 18.3302197265625
628.0 22.907323046875
629.0 23.095477734375
630.0 19.91633037109375
631.0 16.8383041015625
632.0 23.906563671875
633.0 23.28080634765625
634.0 25.9040583984375
635.0 25.43084599609375
636.0 22.59692021484375
637.0 22.81875625
638.0 23.35021962890625
639.0 23.4932173828125
640.0 18.78053671875
641.0 24.9799337890625
642.0 17.86604150390625
643.0 21.6656595703125
644.0 23.631366796875
645.0 19.64675234375
646.0 18.7402298828125
647.0 19.2300552734375
648.0 24.90491630859375
649.0 20.45654814453125
650.0 11.632230859375
651.0 17.2656720703125
652.0 17.139034375
653.0 19.6003076171875
654.0 21.3505919921875
655.0 23.14623994140625
656.0 21.3083025390625
657.0 19.36661435546875
658.0 22.7532568359375
659.0 21.19609150390625
660.0 15.77866005859375
661.0 20.170630859375
662.0 17.59425986328125
663.0 22.0972125
664.0 17.13681728515625
665.0 24.74204208984375
666.0 22.13644033203125
667.0 20.40520458984375
668.0 20.8433439453125
669.0 20.966676953125
670.0 20.634037109375
671.0 22.51256142578125
672.0 23.120348046875
673.0 18.6540541015625
674.0 21.9754982421875
675.0 20.7852998046875
676.0 17.91434873046875
677.0 20.29684736328125
678.0 22.14048876953125
679.0 23.62622958984375
680.0 18.51674765625
681.0 23.29916904296875
682.0 19.2992953125
683.0 21.83155888671875
684.0 25.14193076171875
685.0 19.66210126953125
686.0 19.77763798828125
687.0 25.90239326171875
688.0 18.5241810546875
689.0 23.28795419921875
690.0 15.46221943359375
691.0 19.55472412109375
692.0 22.28821435546875
693.0 21.36599052734375
694.0 24.7549177734375
695.0 21.2217109375
696.0 23.1166330078125
697.0 20.9384630859375
698.0 16.81355830078125
699.0 18.923249609375
700.0 20.48267978515625
701.0 20.1280671875
702.0 19.04630576171875
703.0 22.55353046875
704.0 19.6126609375
705.0 20.9037
706.0 22.68795673828125
707.0 23.86161416015625
708.0 20.6042267578125
709.0 17.75235673828125
710.0 28.70409970703125
711.0 17.15700224609375
712.0 18.260323046875
713.0 14.720847265625
714.0 18.05763203125
715.0 13.64398642578125
716.0 13.5747802734375
717.0 17.17809765625
718.0 18.35633486328125
719.0 21.68736474609375
720.0 19.84923408203125
721.0 7.23969404296875
722.0 6.87792255859375
723.0 17.0582521484375
724.0 17.0180197265625
725.0 17.575503125
726.0 15.01987294921875
727.0 5.5634279296875
728.0 16.710462890625
729.0 15.6554166015625
730.0 17.68409013671875
731.0 18.24938935546875
732.0 18.14346748046875
733.0 5.98281220703125
734.0 19.27751982421875
735.0 19.6540498046875
736.0 18.6083853515625
737.0 21.24544833984375
738.0 20.2493203125
739.0 14.7604689453125
740.0 21.12109658203125
741.0 12.7038689453125
742.0 18.688843359375
743.0 24.39536513671875
744.0 20.843319140625
745.0 17.84102158203125
746.0 25.555955859375
747.0 21.555376953125
748.0 22.17080654296875
749.0 19.48606611328125
750.0 12.66571044921875
751.0 24.35916328125
752.0 5.7170923828125
753.0 19.48643017578125
754.0 14.41360869140625
755.0 17.06487958984375
756.0 13.072679296875
757.0 11.5706103515625
758.0 15.15875341796875
759.0 12.28374111328125
760.0 15.18384521484375
761.0 13.0129767578125
762.0 8.046204296875
763.0 17.6009482421875
764.0 20.322955859375
765.0 5.8762919921875
766.0 21.75173798828125
767.0 20.12397861328125
768.0 18.61194150390625
769.0 15.70171083984375
770.0 19.8010216796875
771.0 10.4929236328125
772.0 25.1423091796875
773.0 18.84249892578125
774.0 18.36759541015625
775.0 24.53113720703125
776.0 10.44299521484375
777.0 13.5556220703125
778.0 19.474443359375
779.0 15.4320595703125
780.0 13.72758701171875
781.0 22.97342490234375
782.0 17.83921591796875
783.0 6.6390451171875
784.0 14.06737041015625
785.0 14.76201865234375
786.0 10.10404921875
787.0 20.36445
788.0 14.92621376953125
789.0 16.6076921875
790.0 10.09393359375
791.0 26.516054296875
792.0 14.753095703125
793.0 20.26142646484375
794.0 21.1320748046875
795.0 19.58807216796875
796.0 18.57920458984375
797.0 24.8084556640625
798.0 23.898748046875
799.0 19.18002685546875
