0.0 36.81095146484375
1.0 26.1328251953125
2.0 21.09958408203125
3.0 29.929758203125
4.0 21.4002634765625
5.0 30.6181900390625
6.0 22.7783783203125
7.0 18.01387568359375
8.0 18.5718064453125
9.0 26.224121875
10.0 23.0345380859375
11.0 17.72288359375
12.0 25.72973994140625
13.0 8.28897197265625
14.0 11.4780880859375
15.0 12.28614951171875
16.0 20.83479609375
17.0 7.1487232421875
18.0 5.55245244140625
19.0 9.55494345703125
20.0 2.930398046875
21.0 2.4784568359375
22.0 4.4669494140625
23.0 3.52814521484375
24.0 1.00655322265625
25.0 3.01018681640625
26.0 0.0
27.0 0.0
28.0 0.0
29.0 1.03976806640625
30.0 0.17719267578125
31.0 0.11468505859375
32.0 0.1043548828125
33.0 0.77986787109375
34.0 0.0943615234375
35.0 0.0
36.0 0.0
37.0 1.78644560546875
38.0 9.73706943359375
39.0 7.384838671875
40.0 3.62644599609375
41.0 0.408719921875
42.0 1.12706748046875
43.0 0.239159375
44.0 0.3730607421875
45.0 0.825104296875
46.0 0.4482345703125
47.0 0.13534541015625
48.0 0.0831681640625
49.0 0.0724869140625
50.0 0.35298154296875
51.0 0.9596787109375
52.0 0.6865310546875
53.0 0.15618125
54.0 8.60635234375
55.0 4.5190216796875
56.0 7.2198734375
57.0 1.71795458984375
58.0 2.800521484375
59.0 4.29552373046875
60.0 4.8657400390625
61.0 8.47637177734375
62.0 11.00919775390625
63.0 7.59458876953125
64.0 9.17799189453125
65.0 8.86525537109375
66.0 9.934466015625
67.0 19.7825626953125
68.0 10.40591328125
69.0 14.39210595703125
70.0 9.67632666015625
71.0 7.7213349609375
72.0 8.78205400390625
73.0 11.26440263671875
74.0 3.683908984375
75.0 0.535268359375
76.0 0.48990625
77.0 3.38552783203125
78.0 8.8250212890625
79.0 9.73372158203125
80.0 4.507498046875
81.0 1.74405166015625
82.0 3.7770494140625
83.0 3.2240201171875
84.0 4.207833984375
85.0 6.76785166015625
86.0 1.6500728515625
87.0 4.4348494140625
88.0 24.31140400390625
89.0 12.5290212890625
90.0 4.05190380859375
91.0 4.1750564453125
92.0 2.75907041015625
93.0 0.0
94.0 0.0
95.0 1.628005859375
96.0 7.93314755859375
97.0 9.01916103515625
98.0 17.112375390625
99.0 5.4721125
100.0 3.4509013671875
101.0 0.05373720703125
102.0 0.71962734375
103.0 1.302662109375
104.0 3.5365904296875
105.0 2.0204322265625
106.0 9.62107177734375
107.0 16.71848837890625
108.0 20.767611328125
109.0 2.63039296875
110.0 8.214915234375
111.0 19.32980166015625
112.0 4.54479814453125
113.0 0.03397724609375
114.0 0.60685654296875
115.0 0.80370263671875
116.0 5.041780078125
117.0 2.90556328125
118.0 2.3784646484375
119.0 0.6498884765625
120.0 0.72661748046875
121.0 0.58162294921875
122.0 0.50041201171875
123.0 0.23987578125
124.0 2.01717919921875
125.0 0.53477705078125
126.0 3.8224873046875
127.0 4.698030078125
128.0 0.29411123046875
129.0 0.176841796875
130.0 2.0721546875
131.0 3.47549716796875
132.0 1.08944833984375
133.0 3.13974765625
134.0 6.04374833984375
135.0 5.4296380859375
136.0 5.08102626953125
137.0 3.0355484375
138.0 3.814230859375
139.0 9.89654462890625
140.0 9.0413865234375
141.0 9.2163103515625
142.0 5.93690078125
143.0 11.6890955078125
144.0 2.8557048828125
145.0 11.9834123046875
146.0 8.95639609375
147.0 11.09820478515625
148.0 3.9893046875
149.0 1.91880693359375
150.0 0.93295390625
151.0 4.65825537109375
152.0 15.92819228515625
153.0 17.50240263671875
154.0 19.532351171875
155.0 13.68537734375
156.0 8.74167587890625
157.0 23.53423349609375
158.0 20.26934150390625
159.0 19.50491923828125
160.0 16.26933291015625
161.0 7.32191240234375
162.0 4.55420029296875
163.0 8.32926787109375
164.0 3.87755859375
165.0 12.97493291015625
166.0 3.120823828125
167.0 8.77844833984375
168.0 9.62408427734375
169.0 21.90251474609375
170.0 10.26829794921875
171.0 11.47905068359375
172.0 16.528587890625
173.0 14.91151904296875
174.0 10.03596015625
175.0 10.25893583984375
176.0 10.81021748046875
177.0 17.757516015625
178.0 2.28919287109375
179.0 33.10831708984375
180.0 8.27569296875
181.0 8.750875390625
182.0 9.7050994140625
183.0 9.162368359375
184.0 17.24041533203125
185.0 13.6345962890625
186.0 11.0585998046875
187.0 6.584698828125
188.0 4.62212216796875
189.0 3.9548576171875
190.0 16.54037607421875
191.0 3.72420869140625
192.0 7.67216494140625
193.0 2.4073333984375
194.0 9.4266005859375
195.0 9.960539453125
196.0 8.33764814453125
197.0 5.88373232421875
198.0 9.74751259765625
199.0 3.23794296875
200.0 6.31387333984375
201.0 2.13864677734375
202.0 0.0
203.0 0.0
204.0 7.23014453125
205.0 3.4937634765625
206.0 1.94798984375
207.0 12.2021001953125
208.0 17.0493009765625
209.0 10.79529814453125
210.0 7.8067064453125
211.0 6.2642927734375
212.0 0.34437529296875
213.0 0.01033017578125
214.0 1.26867431640625
215.0 1.19862158203125
216.0 0.0
217.0 0.0
218.0 0.40708916015625
219.0 0.01033017578125
220.0 0.0
221.0 0.0
222.0 0.0
223.0 0.0
224.0 0.0
225.0 0.0
226.0 0.0
227.0 0.0
228.0 0.0
229.0 0.0
230.0 0.0
231.0 0.0
232.0 0.0
233.0 0.0
234.0 0.0
235.0 0.0
236.0 0.0
237.0 0.0
238.0 0.0
239.0 0.0
240.0 0.0
241.0 0.0
242.0 0.0
243.0 0.04842275390625
244.0 0.0
245.0 0.0
246.0 0.0
247.0 0.0
248.0 0.49953466796875
249.0 1.37692255859375
250.0 0.0
251.0 0.0
252.0 0.0
253.0 0.0
254.0 0.0
255.0 0.0
256.0 0.0
257.0 0.0
258.0 0.0
259.0 0.0
260.0 0.0
261.0 0.0
262.0 0.0
263.0 0.0
264.0 0.0
265.0 0.0
266.0 0.0
267.0 0.0
268.0 0.0
269.0 0.0
270.0 0.0
271.0 0.0
272.0 0.0
273.0 0.0
274.0 0.0
275.0 0.0
276.0 0.0
277.0 0.0
278.0 0.0
279.0 0.0
280.0 0.0
281.0 0.0
282.0 0.0
283.0 0.0
284.0 0.0
285.0 0.0
286.0 0.0
287.0 0.0
288.0 0.0
289.0 0.0
290.0 0.0
291.0 0.0
292.0 0.0
293.0 0.0
294.0 1.707892578125
295.0 9.16663544921875
296.0 14.55968115234375
297.0 11.05811953125
298.0 4.11753505859375
299.0 2.919570703125
300.0 0.187873828125
301.0 0.0814541015625
302.0 0.16769921875
303.0 0.447090234375
304.0 0.43764482421875
305.0 1.4944232421875
306.0 15.41285703125
307.0 9.01092333984375
308.0 11.41043232421875
309.0 0.0
310.0 0.0
311.0 0.0
312.0 0.0
313.0 0.0
314.0 0.0
315.0 0.0
316.0 0.0
317.0 0.0
318.0 0.0
319.0 0.0
320.0 0.0
321.0 0.0
322.0 0.0
323.0 4.80807265625
324.0 3.58670634765625
325.0 2.71616005859375
326.0 4.31167275390625
327.0 4.21468984375
328.0 1.6526107421875
329.0 6.57190400390625
330.0 6.1424525390625
331.0 1.4855142578125
332.0 2.41833779296875
333.0 9.89858037109375
334.0 10.3621853515625
335.0 11.23225546875
336.0 11.5986173828125
337.0 5.21375849609375
338.0 12.43685224609375
339.0 11.95771337890625
340.0 17.45843369140625
341.0 14.0591255859375
342.0 13.6491427734375
343.0 14.20629599609375
344.0 18.58462919921875
345.0 15.231090234375
346.0 4.23675732421875
347.0 7.45881337890625
348.0 11.909241015625
349.0 8.64636162109375
350.0 9.640008203125
351.0 7.24362255859375
352.0 3.4496572265625
353.0 4.09486884765625
354.0 6.0299154296875
355.0 5.9841748046875
356.0 5.9149625
357.0 4.40063798828125
358.0 5.0803587890625
359.0 7.81188916015625
360.0 8.17725947265625
361.0 11.01074228515625
362.0 13.16169306640625
363.0 8.5146689453125
364.0 7.4591857421875
365.0 4.34164130859375
366.0 4.2424697265625
367.0 4.72059638671875
368.0 8.6078845703125
369.0 9.06564931640625
370.0 8.61585107421875
371.0 6.253316015625
372.0 1.44638349609375
373.0 1.98213662109375
374.0 0.70717255859375
375.0 0.529451171875
376.0 0.389546484375
377.0 0.06186259765625
378.0 0.140258203125
379.0 10.8102828125
380.0 11.52578896484375
381.0 11.7064708984375
382.0 9.90116171875
383.0 7.16810673828125
384.0 4.10353056640625
385.0 0.50905595703125
386.0 3.9954390625
387.0 8.43514921875
388.0 3.42888544921875
389.0 3.917452734375
390.0 5.74867744140625
391.0 3.6069126953125
392.0 5.34196337890625
393.0 3.87722294921875
394.0 3.4168361328125
395.0 4.90658603515625
396.0 2.74410283203125
397.0 3.97593759765625
398.0 0.933609375
399.0 0.61035927734375
400.0 6.70806572265625
401.0 5.67183935546875
402.0 5.62703203125
403.0 7.85548720703125
404.0 6.571481640625
405.0 5.37955595703125
406.0 5.95895341796875
407.0 6.6324283203125
408.0 5.29380224609375
409.0 5.92641826171875
410.0 7.3886431640625
411.0 9.300565234375
412.0 9.60160927734375
413.0 7.87060068359375
414.0 8.63137421875
415.0 6.99003974609375
416.0 5.92265625
417.0 3.09471728515625
418.0 4.934143359375
419.0 6.108350390625
420.0 6.61997841796875
421.0 6.95427119140625
422.0 9.169422265625
423.0 10.095916015625
424.0 9.55467744140625
425.0 10.296949609375
426.0 10.7632677734375
427.0 10.03205439453125
428.0 10.3830447265625
429.0 10.23471396484375
430.0 11.2868982421875
431.0 12.96335908203125
432.0 10.4554328125
433.0 14.01248173828125
434.0 15.37939990234375
435.0 14.22400869140625
436.0 0.0
437.0 0.0
438.0 29.18869052734375
439.0 13.04439599609375
440.0 12.5620791015625
441.0 12.3991447265625
442.0 10.53665869140625
443.0 9.617212890625
444.0 8.3614158203125
445.0 7.73449287109375
446.0 8.20502734375
447.0 7.7218564453125
448.0 4.33262255859375
449.0 5.561481640625
450.0 7.40157861328125
451.0 6.9980326171875
452.0 7.96005830078125
453.0 5.4945259765625
454.0 8.35462421875
455.0 5.243668359375
456.0 7.17118974609375
457.0 10.4330533203125
458.0 8.274272265625
459.0 8.1633150390625
460.0 9.022059375
461.0 12.9087640625
462.0 13.315331640625
463.0 10.92101083984375
464.0 9.20227763671875
465.0 9.809399609375
466.0 8.30884697265625
467.0 8.7881294921875
468.0 11.1128623046875
469.0 8.1687857421875
470.0 7.074076953125
471.0 7.19746064453125
472.0 11.6399994140625
473.0 9.4838001953125
474.0 9.96887607421875
475.0 9.91312626953125
476.0 9.4767580078125
477.0 10.9692291015625
478.0 9.58158759765625
479.0 8.2794916015625
480.0 8.50285625
481.0 9.7553404296875
482.0 7.86018046875
483.0 7.86552763671875
484.0 7.66066845703125
485.0 7.8939419921875
486.0 6.9715302734375
487.0 8.19504150390625
488.0 8.438087109375
489.0 7.8810716796875
490.0 9.04370556640625
491.0 9.26170771484375
492.0 9.52143388671875
493.0 9.62825478515625
494.0 7.90821123046875
495.0 8.85307431640625
496.0 6.5628294921875
497.0 7.71604609375
498.0 8.19431123046875
499.0 8.70318359375
500.0 9.83660283203125
501.0 11.06678447265625
502.0 8.6167490234375
503.0 6.1982216796875
504.0 7.1035478515625
505.0 10.76081044921875
506.0 6.98619326171875
507.0 0.09120009765625
508.0 0.14656982421875
509.0 0.272762890625
510.0 0.1621583984375
511.0 1.25604365234375
512.0 3.80264912109375
513.0 6.31421435546875
514.0 8.1465609375
515.0 9.11169853515625
516.0 10.0637611328125
517.0 10.66452578125
518.0 8.4366595703125
519.0 10.959611328125
520.0 11.78790615234375
521.0 15.08527763671875
522.0 13.101283203125
523.0 14.751077734375
524.0 9.76232705078125
525.0 12.72224755859375
526.0 9.40914951171875
527.0 11.72986357421875
528.0 8.77275322265625
529.0 13.71828125
530.0 14.96399052734375
531.0 13.31008291015625
532.0 12.53272646484375
533.0 15.77702294921875
534.0 13.420253125
535.0 11.558448046875
536.0 11.8593607421875
537.0 11.06043408203125
538.0 12.1915490234375
539.0 12.8865521484375
540.0 9.97810205078125
541.0 10.22791767578125
542.0 15.562533203125
543.0 11.0305724609375
544.0 6.94577138671875
545.0 10.50723740234375
546.0 9.57187431640625
547.0 10.3065279296875
548.0 10.215912890625
549.0 5.31026435546875
550.0 6.393379296875
551.0 7.4551669921875
552.0 9.788772265625
553.0 8.25512451171875
554.0 9.12036025390625
555.0 7.75822509765625
556.0 10.32330390625
557.0 8.2549576171875
558.0 9.74990791015625
559.0 11.435353125
560.0 8.24900966796875
561.0 9.77129873046875
562.0 8.5758671875
563.0 6.66909873046875
564.0 8.02895947265625
565.0 6.0597140625
566.0 6.41061650390625
567.0 8.15679521484375
568.0 7.81610595703125
569.0 5.081795703125
570.0 7.266171875
571.0 7.530407421875
572.0 9.28818994140625
573.0 10.80156044921875
574.0 8.08288310546875
575.0 6.58958466796875
576.0 8.2850271484375
577.0 10.96295458984375
578.0 9.813694140625
579.0 9.45446748046875
580.0 8.39728525390625
581.0 7.4894208984375
582.0 9.4181560546875
583.0 10.75149541015625
584.0 5.91741064453125
585.0 5.87978818359375
586.0 7.22857177734375
587.0 8.15637646484375
588.0 7.5933078125
589.0 6.1335146484375
590.0 6.6587947265625
591.0 5.79014677734375
592.0 3.4494986328125
593.0 4.31797412109375
594.0 4.7467150390625
595.0 4.80492109375
596.0 4.555870703125
597.0 3.92992177734375
598.0 3.32996591796875
599.0 3.3152591796875
600.0 3.97158701171875
601.0 3.9672818359375
602.0 3.66493017578125
603.0 4.13077109375
604.0 4.6293439453125
605.0 5.04981806640625
606.0 4.22580263671875
607.0 3.42723369140625
608.0 2.70455703125
609.0 4.86259609375
610.0 4.5008466796875
611.0 7.232859375
612.0 5.26785537109375
613.0 4.184596875
614.0 3.5713154296875
615.0 4.52875966796875
616.0 6.69977705078125
617.0 5.93494072265625
618.0 3.84772607421875
619.0 3.88605458984375
620.0 6.50827587890625
621.0 5.46822373046875
622.0 5.04909306640625
623.0 5.8570025390625
624.0 4.15242333984375
625.0 5.69842587890625
626.0 3.308641796875
627.0 3.96066142578125
628.0 4.65311484375
629.0 3.25813818359375
630.0 4.37310400390625
631.0 4.2282103515625
632.0 3.781899609375
633.0 3.4107517578125
634.0 3.582844921875
635.0 3.8182615234375
636.0 2.5531404296875
637.0 2.11996416015625
638.0 0.85962578125
639.0 0.49611044921875
640.0 4.3013767578125
641.0 3.8623458984375
642.0 3.48559716796875
643.0 4.19289091796875
644.0 4.4878142578125
645.0 2.6809947265625
646.0 1.7526552734375
647.0 1.90437744140625
648.0 2.2687158203125
649.0 4.6045677734375
650.0 4.2144158203125
651.0 1.8022095703125
652.0 1.76627666015625
653.0 2.23554580078125
654.0 4.131509765625
655.0 3.9103564453125
656.0 3.1992376953125
657.0 3.427613671875
658.0 3.5025056640625
659.0 3.62492431640625
660.0 3.17347412109375
661.0 3.62037529296875
662.0 3.12793515625
663.0 3.31850009765625
664.0 3.01192705078125
665.0 3.376167578125
666.0 3.4222630859375
667.0 3.32331162109375
668.0 3.6180029296875
669.0 3.14357421875
670.0 3.3425298828125
671.0 3.879935546875
672.0 2.13648857421875
673.0 0.38862373046875
674.0 0.8497103515625
675.0 2.19158662109375
676.0 2.01671357421875
677.0 1.78823388671875
678.0 3.395655859375
679.0 3.97713310546875
680.0 3.86274052734375
681.0 4.8590875
682.0 3.7632421875
683.0 3.78619541015625
684.0 3.97731611328125
685.0 3.5771146484375
686.0 2.40094970703125
687.0 0.72008134765625
688.0 2.4413712890625
689.0 6.6823791015625
690.0 5.85180693359375
691.0 5.72986708984375
692.0 6.76316171875
693.0 5.44533857421875
694.0 5.2845134765625
695.0 4.96891591796875
696.0 4.82343427734375
697.0 5.96213369140625
698.0 6.29856279296875
699.0 4.79782939453125
700.0 5.084676953125
701.0 4.59238876953125
702.0 5.42325419921875
703.0 3.74197412109375
704.0 4.1209271484375
705.0 6.22293056640625
706.0 5.71013681640625
707.0 5.768571484375
708.0 5.3572537109375
709.0 6.41743642578125
710.0 5.31001875
711.0 5.90730537109375
712.0 5.24611513671875
713.0 4.792671875
714.0 0.74961201171875
715.0 2.43106455078125
716.0 1.13786494140625
717.0 1.708079296875
718.0 3.1242193359375
719.0 6.904981640625
720.0 6.86062861328125
721.0 8.31301865234375
722.0 8.37350146484375
723.0 5.70760771484375
724.0 7.5755951171875
725.0 7.69682021484375
726.0 6.50865263671875
727.0 6.35216376953125
728.0 5.7837806640625
729.0 5.2594087890625
730.0 4.96240263671875
731.0 5.162330859375
732.0 5.31783486328125
733.0 6.2559591796875
734.0 5.92140302734375
735.0 5.5851591796875
736.0 6.00564619140625
737.0 5.13660595703125
738.0 5.219466015625
739.0 5.21197958984375
740.0 4.034457421875
741.0 3.0100240234375
742.0 3.91446318359375
743.0 4.25905107421875
744.0 3.74878076171875
745.0 3.83461533203125
746.0 3.4055892578125
747.0 2.41294541015625
748.0 2.4065009765625
749.0 4.39381748046875
750.0 3.13149951171875
751.0 2.78685888671875
752.0 3.95171484375
753.0 1.23202548828125
754.0 4.09091904296875
755.0 4.0256576171875
756.0 5.7376244140625
757.0 6.006340234375
758.0 4.82519248046875
759.0 4.7685884765625
760.0 4.67516591796875
761.0 4.23662392578125
762.0 4.1543958984375
763.0 3.73146455078125
764.0 2.36538896484375
765.0 2.9849669921875
766.0 3.6276515625
767.0 4.3809810546875
768.0 2.252714453125
769.0 0.61670380859375
770.0 1.22181298828125
771.0 2.71739619140625
772.0 3.5543796875
773.0 3.70026728515625
774.0 2.9430892578125
775.0 2.9587265625
776.0 3.94385341796875
777.0 3.40539091796875
778.0 4.1315546875
779.0 4.2949904296875
780.0 3.1823650390625
781.0 3.6955701171875
782.0 6.7038181640625
783.0 7.10346982421875
784.0 6.996690625
785.0 5.90645166015625
786.0 6.7472248046875
787.0 7.320919140625
788.0 5.14641396484375
789.0 5.81471220703125
790.0 6.56982763671875
791.0 6.4996673828125
792.0 6.18957578125
793.0 7.946184765625
794.0 7.6187775390625
795.0 7.7080064453125
796.0 7.6822560546875
797.0 6.89059697265625
798.0 6.46658974609375
799.0 8.01798466796875
