0.0 12.98818125
1.0 12.74269912109375
2.0 11.9482439453125
3.0 12.32772568359375
4.0 11.90558525390625
5.0 11.7551029296875
6.0 9.70330595703125
7.0 11.73057294921875
8.0 12.40442529296875
9.0 0.0
10.0 0.0
11.0 33.46998896484375
12.0 11.44224248046875
13.0 13.0274685546875
14.0 12.65090595703125
15.0 12.05438828125
16.0 11.44405625
17.0 13.921738671875
18.0 11.757739453125
19.0 11.3035009765625
20.0 12.3661708984375
21.0 11.55311650390625
22.0 9.95036005859375
23.0 10.97459404296875
24.0 13.62697236328125
25.0 13.40475478515625
26.0 13.655254296875
27.0 11.39118486328125
28.0 12.16823583984375
29.0 12.94138564453125
30.0 13.87060849609375
31.0 12.25724111328125
32.0 11.80307822265625
33.0 13.70941875
34.0 12.2969353515625
35.0 13.24495380859375
36.0 13.36768759765625
37.0 11.40189833984375
38.0 8.03498486328125
39.0 13.0443798828125
40.0 14.9279994140625
41.0 13.76244375
42.0 10.396653515625
43.0 13.717826953125
44.0 13.910334765625
45.0 9.8816033203125
46.0 12.77915185546875
47.0 13.46225859375
48.0 10.68952431640625
49.0 12.7586259765625
50.0 12.00106171875
51.0 13.49324638671875
52.0 14.63171669921875
53.0 13.40016337890625
54.0 10.752489453125
55.0 13.30208408203125
56.0 14.63720986328125
57.0 10.5266427734375
58.0 10.8165826171875
59.0 12.9957626953125
60.0 12.53114423828125
61.0 11.63555009765625
62.0 12.54079619140625
63.0 13.0724697265625
64.0 13.52323134765625
65.0 12.37602255859375
66.0 12.84891357421875
67.0 11.9865962890625
68.0 13.3825490234375
69.0 11.5593982421875
70.0 13.2574962890625
71.0 13.958171875
72.0 12.79434208984375
73.0 12.626337109375
74.0 12.915487890625
75.0 12.809451171875
76.0 13.86730322265625
77.0 11.9690720703125
78.0 12.48762861328125
79.0 10.9016626953125
80.0 14.49413779296875
81.0 10.2955607421875
82.0 10.940203125
83.0 11.957987109375
84.0 14.50487373046875
85.0 9.57193818359375
86.0 7.05311298828125
87.0 11.04454833984375
88.0 13.96486025390625
89.0 14.07405244140625
90.0 12.86532578125
91.0 13.27228349609375
92.0 13.32407470703125
93.0 13.864105859375
94.0 10.8565134765625
95.0 8.56219248046875
96.0 11.44169208984375
97.0 12.9952861328125
98.0 14.29548896484375
99.0 11.66193974609375
100.0 8.510033984375
101.0 9.8597189453125
102.0 7.54309248046875
103.0 8.65508642578125
104.0 10.53283798828125
105.0 9.0253357421875
106.0 8.90338232421875
107.0 7.37887763671875
108.0 8.71296162109375
109.0 8.4936744140625
110.0 8.77203740234375
111.0 8.91376103515625
112.0 9.79115615234375
113.0 11.68072021484375
114.0 11.99368095703125
115.0 12.44120693359375
116.0 11.01333466796875
117.0 13.1079310546875
118.0 12.25444716796875
119.0 10.60018505859375
120.0 13.532849609375
121.0 12.35867080078125
122.0 12.22762578125
123.0 12.01887841796875
124.0 11.50670859375
125.0 10.49874306640625
126.0 11.990675
127.0 11.06136396484375
128.0 9.49238662109375
129.0 10.92738291015625
130.0 11.0064873046875
131.0 10.90585771484375
132.0 6.59243818359375
133.0 8.28616640625
134.0 8.72348544921875
135.0 11.51307099609375
136.0 12.0886318359375
137.0 10.60205380859375
138.0 10.4733376953125
139.0 9.33609453125
140.0 9.64732255859375
141.0 7.399860546875
142.0 8.702206640625
143.0 10.67817314453125
144.0 11.6397048828125
145.0 10.96924453125
146.0 10.4216546875
147.0 10.92300380859375
148.0 10.61115380859375
149.0 8.75139462890625
150.0 9.17011630859375
151.0 9.1201224609375
152.0 8.7701140625
153.0 8.2769345703125
154.0 7.93899658203125
155.0 8.60554892578125
156.0 10.7927908203125
157.0 11.3871748046875
158.0 8.24641884765625
159.0 8.53266640625
160.0 8.5435763671875
161.0 9.50423505859375
162.0 12.00304287109375
163.0 11.3843130859375
164.0 11.99802744140625
165.0 13.1708919921875
166.0 11.8388005859375
167.0 10.6810892578125
168.0 12.5656833984375
169.0 10.94512470703125
170.0 10.22248173828125
171.0 8.2188060546875
172.0 10.63519560546875
173.0 10.51281748046875
174.0 11.11931328125
175.0 11.5362396484375
176.0 12.3002625
177.0 12.16208837890625
178.0 11.6245697265625
179.0 8.8349765625
180.0 2.4338935546875
181.0 10.98732587890625
182.0 8.5719224609375
183.0 10.52258134765625
184.0 10.5585619140625
185.0 11.6507775390625
186.0 10.017751953125
187.0 10.51818544921875
188.0 7.821329296875
189.0 9.83565498046875
190.0 9.59298408203125
191.0 10.86862685546875
192.0 11.31565322265625
193.0 8.812594921875
194.0 6.77546201171875
195.0 11.67611669921875
196.0 12.9037830078125
197.0 8.8887306640625
198.0 8.42618076171875
199.0 8.82997958984375
200.0 8.00942412109375
201.0 8.83728720703125
202.0 8.4784806640625
203.0 12.02974892578125
204.0 12.3433416015625
205.0 11.21600498046875
206.0 10.295717578125
207.0 8.9587486328125
208.0 5.63376962890625
209.0 11.29017939453125
210.0 8.60653544921875
211.0 8.45582705078125
212.0 8.65155029296875
213.0 7.93627470703125
214.0 7.878750390625
215.0 8.57406552734375
216.0 10.70435732421875
217.0 10.24412744140625
218.0 10.72583740234375
219.0 10.23092333984375
220.0 9.4893216796875
221.0 10.233903125
222.0 10.29520234375
223.0 9.50671875
224.0 7.896396875
225.0 8.6868421875
226.0 10.5360900390625
227.0 11.80989609375
228.0 12.297121484375
229.0 13.98112724609375
230.0 13.2076189453125
231.0 13.7493439453125
232.0 11.9990361328125
233.0 13.4209818359375
234.0 14.31431201171875
235.0 12.65768349609375
236.0 5.7860333984375
237.0 21.37942666015625
238.0 12.0668630859375
239.0 10.75364033203125
240.0 9.46401875
241.0 14.412679296875
242.0 12.66650439453125
243.0 13.431946484375
244.0 13.60747705078125
245.0 12.82611396484375
246.0 8.07898916015625
247.0 9.14062734375
248.0 7.305933203125
249.0 13.43044677734375
250.0 11.2047923828125
251.0 13.5976341796875
252.0 10.6974716796875
253.0 1.62526494140625
254.0 11.13064306640625
255.0 8.3036830078125
256.0 9.16174306640625
257.0 9.8301546875
258.0 9.7123162109375
259.0 10.848909375
260.0 9.4562451171875
261.0 10.8642443359375
262.0 10.14290283203125
263.0 10.54317998046875
264.0 9.03243291015625
265.0 10.92826689453125
266.0 10.131078515625
267.0 10.42417734375
268.0 10.60063603515625
269.0 10.1789041015625
270.0 13.414708203125
271.0 12.18104814453125
272.0 10.0193962890625
273.0 8.21903359375
274.0 8.19016064453125
275.0 8.69748017578125
276.0 12.174844921875
277.0 8.3103908203125
278.0 8.39782158203125
279.0 9.06771455078125
280.0 3.5261849609375
281.0 13.101066015625
282.0 11.550012109375
283.0 13.2468208984375
284.0 12.17809814453125
285.0 8.4972658203125
286.0 9.0931474609375
287.0 10.56622998046875
288.0 8.48997236328125
289.0 10.2260740234375
290.0 8.89588994140625
291.0 10.7291767578125
292.0 11.26664873046875
293.0 11.00548525390625
294.0 4.04545830078125
295.0 12.3199658203125
296.0 10.02275146484375
297.0 11.79742353515625
298.0 9.35450126953125
299.0 9.60578173828125
300.0 8.94585576171875
301.0 11.187001171875
302.0 12.1240212890625
303.0 9.834719921875
304.0 11.37617578125
305.0 9.13541328125
306.0 11.07816611328125
307.0 10.8049849609375
308.0 10.95248544921875
309.0 9.12425703125
310.0 12.27338125
311.0 10.32965556640625
312.0 10.7397828125
313.0 8.73295478515625
314.0 9.5519537109375
315.0 9.87066337890625
316.0 8.8129888671875
317.0 9.9832716796875
318.0 9.88420126953125
319.0 11.48158828125
320.0 9.83167724609375
321.0 9.4722310546875
322.0 9.655996484375
323.0 10.981095703125
324.0 9.83561640625
325.0 9.5149283203125
326.0 10.48692978515625
327.0 9.579581640625
328.0 11.75609306640625
329.0 11.21205576171875
330.0 11.43864677734375
331.0 9.62369501953125
332.0 11.206378125
333.0 10.8215947265625
334.0 11.54521640625
335.0 11.5182078125
336.0 12.08380361328125
337.0 10.51644140625
338.0 11.41007138671875
339.0 12.6844349609375
340.0 10.54316787109375
341.0 11.93681806640625
342.0 13.29051513671875
343.0 12.5251591796875
344.0 11.9120279296875
345.0 10.62590361328125
346.0 8.36692646484375
347.0 12.97112314453125
348.0 12.92586943359375
349.0 11.63573876953125
350.0 10.7696091796875
351.0 10.66734580078125
352.0 12.15729892578125
353.0 11.040336328125
354.0 12.37314423828125
355.0 11.8559755859375
356.0 10.54444462890625
357.0 11.09725400390625
358.0 11.12829619140625
359.0 11.5049048828125
360.0 10.03283505859375
361.0 9.02789951171875
362.0 11.14166708984375
363.0 11.29850810546875
364.0 10.2233548828125
365.0 11.16206630859375
366.0 11.6211154296875
367.0 10.53746845703125
368.0 9.7632873046875
369.0 11.79185126953125
370.0 11.17061435546875
371.0 9.0147076171875
372.0 11.64837919921875
373.0 12.3987181640625
374.0 12.34026640625
375.0 11.412587109375
376.0 9.5401927734375
377.0 11.147066015625
378.0 10.9984884765625
379.0 10.82075400390625
380.0 10.1020158203125
381.0 11.76203466796875
382.0 10.9907109375
383.0 10.920714453125
384.0 10.65069736328125
385.0 9.17199189453125
386.0 8.42312177734375
387.0 8.95576123046875
388.0 8.92152861328125
389.0 8.92788623046875
390.0 7.08444716796875
391.0 8.41459453125
392.0 8.739981640625
393.0 8.43990224609375
394.0 8.74864052734375
395.0 9.695109375
396.0 10.7934451171875
397.0 11.2514787109375
398.0 8.8848845703125
399.0 8.56896240234375
400.0 8.523358203125
401.0 9.7091015625
402.0 8.39717294921875
403.0 8.467380078125
404.0 7.2874703125
405.0 8.39183916015625
406.0 8.7548310546875
407.0 7.76244443359375
408.0 7.55388857421875
409.0 9.479292578125
410.0 9.0277234375
411.0 10.73925341796875
412.0 9.67424091796875
413.0 9.00797431640625
414.0 10.729280078125
415.0 9.9698970703125
416.0 11.29553916015625
417.0 8.84788310546875
418.0 10.1538576171875
419.0 10.8278005859375
420.0 11.77940888671875
421.0 10.1287666015625
422.0 8.5384513671875
423.0 9.9610548828125
424.0 11.73782607421875
425.0 9.77301982421875
426.0 10.72868330078125
427.0 11.4590298828125
428.0 10.491346875
429.0 9.1833125
430.0 8.85923525390625
431.0 10.76275947265625
432.0 11.74026875
433.0 11.3010771484375
434.0 9.94630517578125
435.0 10.0645345703125
436.0 10.77828671875
437.0 10.37265224609375
438.0 8.99879931640625
439.0 10.8265890625
440.0 8.03209638671875
441.0 13.30737294921875
442.0 10.40356494140625
443.0 11.28959658203125
444.0 10.7951078125
445.0 9.396326171875
446.0 10.35083486328125
447.0 9.408433203125
448.0 9.08952900390625
449.0 8.4266455078125
450.0 10.604215234375
451.0 10.09230048828125
452.0 7.48356982421875
453.0 8.41979638671875
454.0 8.2592837890625
455.0 8.092508203125
456.0 8.0557044921875
457.0 7.00917802734375
458.0 7.92620390625
459.0 7.77659658203125
460.0 8.47780390625
461.0 8.94838681640625
462.0 8.413153515625
463.0 7.40362216796875
464.0 10.66532998046875
465.0 10.35253115234375
466.0 9.8484140625
467.0 8.74703955078125
468.0 10.0974275390625
469.0 11.451763671875
470.0 12.719209765625
471.0 10.561341796875
472.0 11.68613466796875
473.0 11.815760546875
474.0 10.99630908203125
475.0 10.54586923828125
476.0 12.1975359375
477.0 11.86391337890625
478.0 8.10146552734375
479.0 1.2472810546875
480.0 10.31471884765625
481.0 6.07577900390625
482.0 8.33923984375
483.0 5.41095595703125
484.0 6.42272998046875
485.0 8.01738583984375
486.0 9.604624609375
487.0 11.0328107421875
488.0 10.7909638671875
489.0 9.89396640625
490.0 10.33780791015625
491.0 9.43194169921875
492.0 10.17461044921875
493.0 10.08529384765625
494.0 8.8495708984375
495.0 10.86446630859375
496.0 12.75124677734375
497.0 12.2942193359375
498.0 11.0650419921875
499.0 10.6737669921875
500.0 13.3368318359375
501.0 12.57647998046875
502.0 12.9052529296875
503.0 11.6402380859375
504.0 12.7515818359375
505.0 13.00106943359375
506.0 11.86947216796875
507.0 13.0773533203125
508.0 12.52572412109375
509.0 10.8760357421875
510.0 12.2729529296875
511.0 12.64653828125
512.0 11.87952314453125
513.0 11.09756943359375
514.0 12.68611318359375
515.0 12.90324521484375
516.0 11.284576171875
517.0 12.55592763671875
518.0 12.7114900390625
519.0 11.94064873046875
520.0 13.17077841796875
521.0 12.25680673828125
522.0 12.40029560546875
523.0 10.92068515625
524.0 12.26373486328125
525.0 12.9358626953125
526.0 12.8279318359375
527.0 11.07887451171875
528.0 13.13615791015625
529.0 12.41148388671875
530.0 12.1713126953125
531.0 11.5847587890625
532.0 12.4440771484375
533.0 13.0742857421875
534.0 11.10731025390625
535.0 13.0733701171875
536.0 12.1458765625
537.0 12.7824755859375
538.0 11.089337890625
539.0 12.78062626953125
540.0 12.7449171875
541.0 11.39588564453125
542.0 12.6327701171875
543.0 12.55656142578125
544.0 12.23659765625
545.0 11.21907490234375
546.0 12.34409013671875
547.0 13.099007421875
548.0 13.0827396484375
549.0 11.22739033203125
550.0 12.8967087890625
551.0 11.68282275390625
552.0 10.99708740234375
553.0 12.27202685546875
554.0 12.866462890625
555.0 12.351320703125
556.0 10.6431119140625
557.0 12.42679833984375
558.0 11.894316015625
559.0 12.4756458984375
560.0 11.3175515625
561.0 12.27942060546875
562.0 12.61442109375
563.0 12.445677734375
564.0 11.2205005859375
565.0 11.9958869140625
566.0 12.343886328125
567.0 11.544741015625
568.0 12.50237421875
569.0 12.94219375
570.0 12.49289345703125
571.0 10.79553369140625
572.0 12.92548486328125
573.0 12.086521484375
574.0 10.45339228515625
575.0 12.31774638671875
576.0 12.27075595703125
577.0 11.26804609375
578.0 10.9616921875
579.0 12.38046708984375
580.0 11.89458037109375
581.0 12.09846015625
582.0 10.90991591796875
583.0 12.58815654296875
584.0 13.0906970703125
585.0 11.99795185546875
586.0 13.12239912109375
587.0 12.4451865234375
588.0 12.82714267578125
589.0 10.9377271484375
590.0 12.1813310546875
591.0 12.591603515625
592.0 11.6904080078125
593.0 8.7015484375
594.0 14.744086328125
595.0 9.83034521484375
596.0 10.758148828125
597.0 7.794957421875
598.0 6.5663099609375
599.0 10.7769283203125
600.0 8.14954287109375
601.0 10.02846318359375
602.0 9.21289892578125
603.0 10.062505859375
604.0 9.81544326171875
605.0 8.841351171875
606.0 10.69071103515625
607.0 9.941282421875
608.0 11.26484345703125
609.0 11.0163869140625
610.0 11.606365625
611.0 12.9300826171875
612.0 12.36355234375
613.0 12.1905396484375
614.0 4.42852314453125
615.0 9.868357421875
616.0 10.96079189453125
617.0 0.0
618.0 0.0
619.0 28.94633359375
620.0 11.97496142578125
621.0 12.4390853515625
622.0 12.0008037109375
623.0 11.13832548828125
624.0 12.86071533203125
625.0 12.3644009765625
626.0 11.29971923828125
627.0 11.1110974609375
628.0 11.5537037109375
629.0 11.0287134765625
630.0 11.044425390625
631.0 12.1454482421875
632.0 12.2970529296875
633.0 11.6087443359375
634.0 12.79126845703125
635.0 12.19850419921875
636.0 12.39474072265625
637.0 11.914180078125
638.0 11.50647265625
639.0 12.54542626953125
640.0 11.47525810546875
641.0 10.3212669921875
642.0 11.319630078125
643.0 12.15628427734375
644.0 11.78310673828125
645.0 10.30264755859375
646.0 11.5485126953125
647.0 11.9761654296875
648.0 10.51894794921875
649.0 11.90730185546875
650.0 12.29669150390625
651.0 12.96346650390625
652.0 11.87801337890625
653.0 10.39262490234375
654.0 11.40865205078125
655.0 11.07924189453125
656.0 11.10869658203125
657.0 2.17960166015625
658.0 11.03881005859375
659.0 7.78893935546875
660.0 8.53898759765625
661.0 8.6549015625
662.0 8.393667578125
663.0 7.304566015625
664.0 9.5663671875
665.0 6.8683916015625
666.0 10.5179548828125
667.0 9.4750697265625
668.0 10.76094853515625
669.0 11.44821064453125
670.0 9.20930068359375
671.0 8.24751396484375
672.0 8.8929935546875
673.0 9.0262181640625
674.0 9.37505478515625
675.0 10.82070595703125
676.0 9.81902109375
677.0 0.0
678.0 0.0
679.0 0.6521640625
680.0 28.4410087890625
681.0 10.83074111328125
682.0 11.0343458984375
683.0 9.6581689453125
684.0 10.404456640625
685.0 9.85680546875
686.0 10.11826572265625
687.0 9.7145640625
688.0 8.51432763671875
689.0 9.3680099609375
690.0 9.838450390625
691.0 10.02742275390625
692.0 9.706202734375
693.0 8.62380205078125
694.0 9.08641650390625
695.0 10.399800390625
696.0 9.48396513671875
697.0 9.4291037109375
698.0 8.399108203125
699.0 9.585157421875
700.0 10.5078349609375
701.0 11.4145283203125
702.0 4.1142240234375
703.0 8.927588671875
704.0 9.779828515625
705.0 10.422633203125
706.0 9.0745076171875
707.0 10.02181484375
708.0 8.23176552734375
709.0 8.91015703125
710.0 9.33327783203125
711.0 8.24319658203125
712.0 9.01654189453125
713.0 8.71943095703125
714.0 10.82646962890625
715.0 10.46350166015625
716.0 10.7943875
717.0 10.4088427734375
718.0 7.94413095703125
719.0 5.313230859375
720.0 8.87395888671875
721.0 9.87470078125
722.0 8.9481052734375
723.0 11.61031611328125
724.0 12.26695302734375
725.0 12.632123046875
726.0 11.504028125
727.0 10.5336109375
728.0 10.02611591796875
729.0 9.13229765625
730.0 9.53543623046875
731.0 9.7392458984375
732.0 8.83165615234375
733.0 8.5663908203125
734.0 8.50487099609375
735.0 10.1872294921875
736.0 12.1486298828125
737.0 1.15458427734375
738.0 21.55245615234375
739.0 12.428747265625
740.0 11.2950130859375
741.0 12.575470703125
742.0 10.4422169921875
743.0 8.52428447265625
744.0 11.766127734375
745.0 10.19597265625
746.0 9.10209501953125
747.0 9.69386416015625
748.0 10.39692783203125
749.0 9.86305673828125
750.0 7.7586076171875
751.0 9.2925462890625
752.0 9.988697265625
753.0 11.07377021484375
754.0 10.89113466796875
755.0 9.684926171875
756.0 11.49242822265625
757.0 13.13171328125
758.0 13.4856580078125
759.0 10.60500390625
760.0 9.458694921875
761.0 13.461873828125
762.0 13.99614580078125
763.0 12.41671142578125
764.0 7.77820703125
765.0 8.4317689453125
766.0 10.43333076171875
767.0 8.6355291015625
768.0 7.8721953125
769.0 8.491833203125
770.0 8.9347150390625
771.0 10.7532494140625
772.0 8.56035625
773.0 8.4811255859375
774.0 10.9455013671875
775.0 9.1116078125
776.0 8.71892138671875
777.0 8.3951015625
778.0 8.08622978515625
779.0 9.11240322265625
780.0 9.67579013671875
781.0 10.01522333984375
782.0 10.49510517578125
783.0 9.560012109375
784.0 9.3178943359375
785.0 8.59003583984375
786.0 10.78358642578125
787.0 12.31492294921875
788.0 12.60065693359375
789.0 10.30334794921875
790.0 9.03059873046875
791.0 11.61126904296875
792.0 13.651978125
793.0 11.83349228515625
794.0 13.12747861328125
795.0 12.4910576171875
796.0 13.77928427734375
797.0 13.0647013671875
798.0 13.72301298828125
799.0 12.1065974609375
