1400.05
149	1044	7	313.2	2.1	11.7891	9
148	1035	7	310.5	2.1	12.4141	9
147	1024	11	307.2	3.3	8.49219	9
146	1017	11	305.1	3.3	9.15625	9
145	1010	11	303	3.3	8.41406	9
144	1002	12	300.6	3.6	9.25	9
143	995	12	298.5	3.6	9.09375	9
142	988	12	296.4	3.6	9.51562	9
141	981	12	294.3	3.6	9.125	9
140	974	12	292.2	3.6	9.51562	9
139	967	12	290.1	3.6	7.27344	9
138	960	12	288.001	3.6	9.35938	9
137	953	12	285.901	3.6	9.29688	9
136	946	12	283.801	3.6	9.1875	9
135	939	12	281.701	3.6	8.59375	9
134	932	12	279.601	3.6	9.625	9
133	926	11	277.801	3.3	15.3906	9
132	919	11	275.701	3.3	9.92188	9
131	912	11	273.601	3.3	9.71875	9
130	905	11	271.501	3.3	9.04688	9
129	898	11	269.401	3.3	9.39062	9
128	890	12	267.001	3.6	8.0625	9
127	882	13	264.602	3.9	9.01562	9
126	875	13	262.502	3.9	9.63281	9
125	868	13	260.402	3.9	8.98438	9
124	861	13	258.302	3.9	9.07812	9
123	854	13	256.202	3.9	9.0625	9
122	847	13	254.102	3.9	9.52344	9
121	840	13	252.002	3.9	9.125	9
120	833	13	249.902	3.9	9.17969	9
119	826	13	247.802	3.9	9.46094	9
118	820	12	246.002	3.6	12.2891	9
117	813	12	243.902	3.6	9.70312	9
116	806	12	241.802	3.6	9.52344	9
115	799	12	239.702	3.6	9.16406	9
114	792	12	237.602	3.6	9.26562	9
113	785	12	235.502	3.6	8.64844	9
112	779	11	233.702	3.3	4.15625	9
111	770	13	231.002	3.9	8.50781	9
110	764	12	229.202	3.6	12.5859	9
109	756	13	226.802	3.9	9.42188	9
108	749	13	224.702	3.9	8.83594	9
107	742	13	222.602	3.9	8.86719	9
106	734	14	220.201	4.2	8.60156	9
105	727	14	218.101	4.2	8.98438	9
104	720	14	216.001	4.2	9.11719	9
103	713	14	213.901	4.2	8.92188	9
102	707	13	212.101	3.9	13.4844	9
101	699	14	209.701	4.2	9.53906	9
100	692	14	207.601	4.2	9.63281	9
99	685	14	205.501	4.2	9.46094	9
98	678	14	203.401	4.2	9.63281	9
97	671	14	201.301	4.2	9.65625	9
96	664	14	199.201	4.2	9.89844	9
95	657	14	197.101	4.2	9.65625	9
94	650	14	195.001	4.2	9.64062	9
93	643	14	192.901	4.2	9.60156	9
92	636	14	190.801	4.2	9.19531	9
91	629	14	188.701	4.2	9.99219	9
90	622	14	186.601	4.2	9.54688	9
89	615	14	184.501	4.2	9.28125	9
88	608	14	182.401	4.2	9.57812	9
87	601	14	180.301	4.2	9.69531	9
86	595	13	178.501	3.9	14.1406	9
85	587	14	176.101	4.2	9.04688	9
84	580	14	174.001	4.2	9.07812	9
83	573	14	171.901	4.2	8.64844	9
82	566	14	169.801	4.2	9.22656	9
81	559	14	167.701	4.2	8.70312	9
80	552	14	165.601	4.2	8.85156	9
79	545	14	163.501	4.2	9.27344	9
78	538	14	161.401	4.2	9.75	9
77	531	14	159.301	4.2	8.17969	9
76	523	15	156.901	4.5	8.53125	9
75	516	15	154.801	4.5	9.34375	9
74	509	15	152.701	4.5	9.63281	9
73	502	15	150.601	4.5	9.3125	9
72	495	15	148.501	4.5	11.3672	9
71	487	16	146.101	4.8	9.6875	9
70	480	16	144.001	4.8	9.71875	9
69	473	16	141.901	4.8	9.52344	9
68	466	16	139.801	4.8	9.36719	9
67	459	16	137.701	4.8	9.09375	9
66	452	16	135.601	4.8	9.48438	9
65	445	16	133.501	4.8	9.04688	9
64	438	16	131.401	4.8	9.19531	9
63	431	16	129.301	4.8	9.13281	9
62	424	16	127.201	4.8	8.67188	9
61	405	28	121.5	8.4	9.10156	9
60	398	28	119.4	8.4	9.35938	9
59	391	28	117.3	8.4	9.22656	9
58	384	28	115.2	8.4	9.42969	9
57	377	28	113.1	8.4	8.83594	9
56	369	29	110.7	8.7	7.51562	9
55	360	31	108	9.3	3.34375	9
54	351	33	105.3	9.9	7.46094	9
53	342	35	102.6	10.5	8.16406	9
52	334	36	100.2	10.8	8.14844	9
51	326	37	97.8002	11.1	7.35938	9
50	318	38	95.4002	11.4	8.375	9
49	310	39	93.0002	11.7	8.14062	9
48	302	40	90.6002	12	8.32031	9
47	294	41	88.2001	12.3	8.14062	9
46	286	42	85.8001	12.6	8.29688	9
45	280	41	84.0001	12.3	12.9609	9
44	271	43	81.3001	12.9	8.32031	9
43	263	44	78.9	13.2	8.5	9
42	255	45	76.5	13.5	8.375	9
41	247	46	74.1	13.8	8.67969	9
40	239	47	71.7	14.1	8.17188	9
39	231	48	69.2999	14.4	7.8125	9
38	223	49	66.8999	14.7	8.97656	9
37	216	49	64.7999	14.7	8.85938	9
36	208	50	62.3999	15	6.99219	9
35	199	52	59.6999	15.6	9.07812	9
34	192	52	57.5999	15.6	9.1875	9
33	185	52	55.4999	15.6	9.07812	9
32	178	52	53.3999	15.6	8.86719	9
31	171	52	51.2999	15.6	9.34375	9
30	164	52	49.1999	15.6	9.01562	8
29	159	50	47.6999	15	8.94531	8
28	154	48	46.1999	14.4	9.30469	8
27	149	46	44.6999	13.8	9.6875	8
26	144	44	43.1999	13.2	9.21094	8
25	139	42	41.6999	12.6	9.17969	8
24	134	40	40.1999	12	9.15625	8
23	129	38	38.7	11.4	8.82031	8
22	123	37	36.9	11.1	9.25	8
21	118	35	35.4	10.5	9.21875	8
20	113	33	33.9	9.9	9.16406	8
19	107	32	32.1	9.6	8.83594	8
18	101	31	30.3	9.3	9.07812	8
17	97	28	29.1	8.4	12.6406	8
16	89	29	26.7	8.7	8.20312	8
15	83	28	24.9	8.4	8.26562	8
14	77	27	23.1	8.1	8.47656	8
13	71	26	21.3	7.8	8.625	8
12	65	25	19.5	7.5	8.25781	8
11	59	24	17.7	7.2	8.26562	8
10	54	22	16.2	6.6	12.5156	8
9	44	25	13.2	7.5	7.28906	8
8	40	22	12	6.6	12.6406	8
7	33	22	9.9	6.6	8.23438	8
6	27	21	8.1	6.3	8.14062	8
5	21	20	6.3	6	7.9375	8
4	15	19	4.5	5.7	7.79688	8
3	9	18	2.7	5.4	7.99219	8
2	3	17	0.9	5.1	7.76562	5
1	1	12	0.3	3.6	7.76562	4
0	0	6	0	1.8	7.83594	1

